0,150
1,150
2,149
3,150
4,150
5,150
6,149
7,149
8,149
9,149
10,149
11,149
12,149
13,149
14,149
15,149
16,149
17,149
18,149
19,149
20,149
21,149
22,149
23,149
24,149
25,149
26,149
27,150
28,150
29,150
30,150
31,150
32,150
33,150
34,149
35,150
36,150
37,150
38,150
39,149
40,149
41,149
42,149
43,150
44,150
45,149
46,149
47,149
48,149
49,149
50,149
51,149
52,150
53,150
54,150
55,150
56,150
57,150
58,150
59,150
60,150
61,150
62,150
63,150
64,150
65,150
66,150
67,150
68,150
69,150
70,150
71,150
72,150
73,150
74,150
75,150
76,150
77,150
78,150
79,150
80,150
81,150
82,150
83,150
84,150
85,150
86,151
87,150
88,151
89,151
90,150
91,150
92,150
93,150
94,150
95,151
96,151
97,151
98,151
99,151
100,151
101,151
102,151
103,151
104,151
105,151
106,151
107,151
108,151
109,151
110,151
111,151
112,151
113,151
114,151
115,151
116,151
117,151
118,151
119,151
120,151
121,151
122,151
123,151
124,151
125,151
126,151
127,151
128,151
129,151
130,151
131,151
132,151
133,151
134,151
135,151
136,151
137,151
138,151
139,151
140,151
141,151
142,151
143,151
144,151
145,151
146,151
147,151
148,151
149,151
150,151
151,151
152,151
153,151
154,151
155,151
156,151
157,151
158,151
159,151
160,151
161,151
162,151
163,151
164,150
165,150
166,150
167,150
168,150
169,150
170,151
171,151
172,150
173,150
174,150
175,150
176,150
177,151
178,151
179,151
180,151
181,151
182,151
183,151
184,151
185,150
186,150
187,150
188,150
189,151
190,150
191,151
192,151
193,151
194,151
195,151
196,151
197,151
198,151
199,151
200,151
201,151
202,151
203,151
204,151
205,151
206,151
207,151
208,151
209,151
210,151
211,151
212,151
213,151
214,151
215,151
216,152
217,152
218,152
219,152
220,152
221,152
222,152
223,152
224,152
225,152
226,152
227,152
228,152
229,152
230,152
231,152
232,152
233,152
234,152
235,152
236,152
237,152
238,152
239,152
240,152
241,152
242,152
243,152
244,152
245,152
246,152
247,152
248,152
249,152
250,152
251,152
252,153
253,153
254,153
255,153
256,153
257,153
258,153
259,153
260,153
261,153
262,153
263,153
264,153
265,153
266,153
267,153
268,153
269,153
270,153
271,153
272,153
273,153
274,153
275,153
276,153
277,153
278,153
279,153
280,153
281,153
282,153
283,153
284,153
285,153
286,153
287,153
288,153
289,153
290,153
291,153
292,153
293,153
294,153
295,153
296,153
297,154
298,153
299,153
300,153
301,154
302,154
303,154
304,154
305,154
306,154
307,153
308,153
309,153
310,153
311,154
312,153
313,154
314,153
315,153
316,153
317,153
318,153
319,153
320,153
321,153
322,153
323,153
324,153
325,153
326,153
327,153
328,153
329,153
330,153
331,153
332,153
333,153
334,153
335,153
336,153
337,152
338,152
339,152
340,152
341,152
342,152
343,152
344,152
345,152
346,153
347,153
348,152
349,153
350,153
351,153
352,152
353,153
354,152
355,152
356,152
357,152
358,153
359,152
360,152
361,152
362,152
363,152
364,152
365,153
366,153
367,153
368,153
369,153
370,153
371,153
372,153
373,153
374,153
375,153
376,153
377,152
378,153
379,153
380,152
381,153
382,153
383,153
384,153
385,153
386,153
387,153
388,153
389,153
390,153
391,153
392,153
393,153
394,153
395,153
396,153
397,153
398,153
399,152
400,152
401,152
402,153
403,152
404,153
405,153
406,153
407,153
408,153
409,153
410,153
411,153
412,153
413,153
414,153
415,153
416,153
417,153
418,153
419,153
420,153
421,153
422,153
423,153
424,153
425,153
426,153
427,153
428,153
429,153
430,153
431,153
432,153
433,153
434,153
435,153
436,153
437,153
438,153
439,153
440,153
441,153
442,153
443,153
444,153
445,153
446,153
447,153
448,153
449,153
450,153
451,153
452,153
453,153
454,153
455,153
456,153
457,153
458,153
459,153
460,153
461,153
462,153
463,153
464,153
465,153
466,153
467,153
468,154
469,154
470,154
471,154
472,154
473,153
474,154
475,154
476,154
477,154
478,154
479,154
480,154
481,154
482,154
483,154
484,154
485,154
486,154
487,154
488,153
489,153
490,154
491,154
492,154
493,154
494,154
495,153
496,153
497,154
498,154
499,154
500,154
501,154
502,154
503,154
504,154
505,154
506,154
507,154
508,154
509,154
510,153
511,154
512,154
513,154
514,154
515,154
516,154
517,154
518,154
519,154
520,154
521,154
522,154
523,154
524,154
525,154
526,154
527,154
528,154
529,154
530,154
531,154
532,154
533,154
534,154
535,154
536,154
537,154
538,154
539,154
540,154
541,154
542,154
543,154
544,154
545,154
546,154
547,154
548,154
549,154
550,154
551,154
552,154
553,155
554,154
555,155
556,155
557,155
558,154
559,155
560,155
561,155
562,155
563,155
564,155
565,155
566,155
567,155
568,155
569,155
570,155
571,155
572,155
573,155
574,155
575,155
576,155
577,155
578,155
579,155
580,155
581,155
582,155
583,155
584,155
585,155
586,154
587,154
588,154
589,155
590,155
591,155
592,155
593,155
594,155
595,155
596,155
597,155
598,155
599,155
600,155
601,155
602,155
603,155
604,155
605,155
606,155
607,155
608,155
609,155
610,155
611,155
612,155
613,155
614,155
615,155
616,155
617,155
618,155
619,155
620,155
621,155
622,155
623,155
624,155
625,155
626,155
627,155
628,155
629,155
630,155
631,155
632,155
633,155
634,155
635,155
636,155
637,155
638,155
639,155
640,155
641,155
642,155
643,155
644,155
645,155
646,155
647,155
648,155
649,155
650,155
651,155
652,155
653,155
654,155
655,155
656,155
657,155
658,155
659,155
660,155
661,155
662,155
663,156
664,156
665,155
666,155
667,155
668,155
669,155
670,155
671,155
672,155
673,155
674,155
675,155
676,155
677,155
678,155
679,155
680,155
681,155
682,155
683,155
684,155
685,155
686,155
687,155
688,155
689,155
690,155
691,155
692,155
693,155
694,155
695,155
696,155
697,155
698,155
699,155
700,154
701,154
702,155
703,154
704,155
705,154
706,154
707,154
708,155
709,155
710,155
711,155
712,155
713,155
714,155
715,155
716,155
717,155
718,155
719,155
720,155
721,155
722,155
723,155
724,155
725,155
726,155
727,155
728,155
729,155
730,155
731,155
732,155
733,155
734,155
735,155
736,155
737,155
738,155
739,155
740,155
741,155
742,155
743,155
744,155
745,155
746,155
747,155
748,155
749,155
750,155
751,155
752,155
753,155
754,155
755,155
756,155
757,155
758,155
759,155
760,155
761,155
762,155
763,155
764,155
765,155
766,155
767,155
768,155
769,155
770,155
771,155
772,155
773,155
774,155
775,155
776,155
777,155
778,155
779,155
780,155
781,155
782,155
783,155
784,155
785,155
786,155
787,155
788,155
789,155
790,155
791,156
792,155
793,156
794,156
795,155
796,155
797,155
798,155
799,155
800,155
801,156
802,156
803,156
804,156
805,156
806,156
807,156
808,156
809,156
810,156
811,156
812,156
813,156
814,156
815,156
816,156
817,156
818,156
819,156
820,156
821,156
822,156
823,156
824,156
825,156
826,156
827,156
828,156
829,156
830,155
831,156
832,156
833,156
834,156
835,155
836,155
837,155
838,155
839,155
840,155
841,155
842,155
843,155
844,155
845,155
846,155
847,155
848,155
849,155
850,155
851,155
852,155
853,155
854,155
855,155
856,155
857,155
858,155
859,155
860,155
861,155
862,155
863,155
864,155
865,155
866,155
867,155
868,155
869,155
870,155
871,155
872,155
873,155
874,155
875,155
876,155
877,155
878,155
879,155
880,155
881,155
882,155
883,155
884,155
885,155
886,155
887,155
888,155
889,155
890,154
891,154
892,154
893,155
894,155
895,155
896,155
897,155
898,155
899,155
900,155
901,155
902,155
903,155
904,155
905,155
906,155
907,155
908,155
909,155
910,155
911,155
912,155
913,155
914,155
915,155
916,155
917,155
918,155
919,155
920,155
921,155
922,155
923,155
924,155
925,155
926,155
927,155
928,155
929,155
930,155
931,155
932,155
933,155
934,155
935,155
936,155
937,155
938,155
939,155
940,155
941,155
942,155
943,156
944,156
945,156
946,156
947,156
948,156
949,156
950,155
951,155
952,156
953,155
954,155
955,155
956,155
957,155
958,156
959,156
960,156
961,156
962,156
963,156
964,156
965,155
966,155
967,155
968,155
969,155
970,155
971,155
972,155
973,155
974,155
975,155
976,155
977,155
978,155
979,155
980,155
981,155
982,155
983,155
984,155
985,155
986,155
987,155
988,155
989,155
990,155
991,155
992,155
993,155
994,155
995,155
996,155
997,155
998,155
999,155
1000,155
1001,155
1002,155
1003,155
1004,155
1005,155
1006,155
1007,155
1008,155
1009,155
1010,155
1011,156
1012,155
1013,155
1014,155
1015,155
1016,155
1017,155
1018,155
1019,155
1020,156
1021,156
1022,155
1023,156
1024,155
1025,155
1026,155
1027,155
1028,156
1029,156
1030,155
1031,156
1032,156
1033,156
1034,155
1035,155
1036,155
1037,155
1038,155
1039,155
1040,156
1041,156
1042,156
1043,156
1044,156
1045,156
1046,156
1047,156
1048,156
1049,156
1050,155
1051,156
1052,155
1053,155
1054,155
1055,155
1056,155
1057,155
1058,155
1059,155
1060,156
1061,156
1062,156
1063,156
1064,156
1065,156
1066,156
1067,156
1068,156
1069,156
1070,156
1071,156
1072,156
1073,157
1074,157
1075,157
1076,157
1077,157
1078,157
1079,157
1080,156
1081,156
1082,156
1083,156
1084,156
1085,156
1086,156
1087,156
1088,156
1089,156
1090,156
1091,156
1092,156
1093,156
1094,156
1095,156
1096,156
1097,156
1098,156
1099,156
1100,156
1101,156
1102,156
1103,156
1104,156
1105,156
1106,156
1107,156
1108,156
1109,156
1110,156
1111,156
1112,156
1113,156
1114,156
1115,156
1116,156
1117,156
1118,156
1119,156
1120,156
1121,156
1122,156
1123,156
1124,156
1125,156
1126,156
1127,156
1128,156
1129,156
1130,156
1131,156
1132,156
1133,156
1134,156
1135,156
1136,156
1137,156
1138,156
1139,156
1140,156
1141,156
1142,156
1143,156
1144,156
1145,157
1146,157
1147,157
1148,157
1149,157
1150,157
1151,157
1152,157
1153,157
1154,157
1155,157
1156,158
1157,158
1158,158
1159,157
1160,157
1161,157
1162,157
1163,157
1164,157
1165,157
1166,157
1167,157
1168,157
1169,157
1170,157
1171,157
1172,157
1173,157
1174,157
1175,157
1176,157
1177,157
1178,157
1179,157
1180,157
1181,157
1182,157
1183,157
1184,157
1185,157
1186,157
1187,157
1188,157
1189,157
1190,157
1191,157
1192,157
1193,157
1194,157
1195,157
1196,157
1197,156
1198,156
1199,156
1200,156
1201,156
1202,156
1203,156
1204,156
1205,156
1206,157
1207,157
1208,157
1209,157
1210,157
1211,157
1212,157
1213,157
1214,157
1215,157
1216,157
1217,158
1218,158
1219,158
1220,158
1221,158
1222,158
1223,158
1224,158
1225,158
1226,158
1227,158
1228,158
1229,158
1230,158
1231,158
1232,158
1233,158
1234,158
1235,157
1236,157
1237,158
1238,158
1239,157
1240,157
1241,157
1242,157
1243,157
1244,157
1245,157
1246,157
1247,157
1248,158
1249,157
1250,157
1251,157
1252,157
1253,158
1254,158
1255,158
1256,158
1257,158
1258,158
1259,158
1260,158
1261,158
1262,158
1263,158
1264,158
1265,158
1266,159
1267,159
1268,159
1269,159
1270,159
1271,159
1272,159
1273,159
1274,159
1275,159
1276,159
1277,159
1278,159
1279,159
1280,159
1281,159
1282,159
1283,159
1284,159
1285,159
1286,160
1287,160
1288,160
1289,160
1290,159
1291,159
1292,160
1293,160
1294,160
1295,159
1296,160
1297,160
1298,160
1299,160
1300,160
1301,160
1302,160
1303,160
1304,160
1305,160
1306,160
1307,160
1308,160
1309,160
1310,160
1311,160
1312,160
1313,160
1314,160
1315,160
1316,160
1317,160
1318,160
1319,160
1320,160
1321,160
1322,160
1323,160
1324,160
1325,160
1326,160
1327,160
1328,160
1329,160
1330,160
1331,161
1332,161
1333,161
1334,161
1335,161
1336,161
1337,161
1338,161
1339,161
1340,161
1341,161
1342,161
1343,161
1344,161
1345,161
1346,161
1347,161
1348,161
1349,161
1350,161
1351,161
1352,161
1353,161
1354,161
1355,161
1356,161
1357,161
1358,161
1359,161
1360,161
1361,161
1362,161
1363,160
1364,160
1365,160
1366,160
1367,160
1368,160
1369,160
1370,160
1371,160
1372,161
1373,161
1374,160
1375,161
1376,161
1377,161
1378,161
1379,161
1380,161
1381,161
1382,161
1383,161
1384,161
1385,161
1386,161
1387,161
1388,161
1389,161
1390,161
1391,161
1392,161
1393,161
1394,161
1395,161
1396,161
1397,161
1398,161
1399,161
1400,161
1401,161
1402,161
1403,161
1404,161
1405,161
1406,162
1407,162
1408,161
1409,162
1410,162
1411,162
1412,161
1413,161
1414,161
1415,161
1416,161
1417,161
1418,161
1419,161
1420,161
1421,161
1422,161
1423,161
1424,161
1425,161
1426,161
1427,161
1428,161
1429,161
1430,161
1431,161
1432,161
1433,161
1434,161
1435,161
1436,161
1437,161
1438,161
1439,161
1440,161
1441,161
1442,161
1443,162
1444,162
1445,162
1446,162
1447,162
1448,162
1449,162
1450,162
1451,162
1452,162
1453,162
1454,162
1455,162
1456,162
1457,162
1458,162
1459,162
1460,162
1461,162
1462,162
1463,162
1464,162
1465,162
1466,162
1467,162
1468,162
1469,162
1470,162
1471,162
1472,162
1473,162
1474,162
1475,162
1476,162
1477,162
1478,162
1479,162
1480,162
1481,162
1482,162
1483,162
1484,162
1485,162
1486,162
1487,162
1488,162
1489,162
1490,162
1491,162
1492,162
1493,163
1494,163
1495,163
1496,163
1497,163
1498,163
1499,163
1500,163
1501,163
1502,162
1503,163
1504,162
1505,163
1506,162
1507,163
1508,162
1509,163
1510,163
1511,163
1512,163
1513,163
1514,163
1515,163
1516,163
1517,163
1518,163
1519,163
1520,163
1521,163
1522,163
1523,163
1524,163
1525,163
1526,163
1527,163
1528,163
1529,163
1530,163
1531,163
1532,163
1533,163
1534,163
1535,163
1536,163
1537,163
1538,163
1539,163
1540,163
1541,163
1542,163
1543,163
1544,163
1545,163
1546,163
1547,163
1548,163
1549,163
1550,163
1551,163
1552,163
1553,163
1554,163
1555,163
1556,163
1557,163
1558,163
1559,163
1560,163
1561,163
1562,163
1563,163
1564,163
1565,163
1566,163
1567,163
1568,163
1569,163
1570,162
1571,162
1572,162
1573,162
1574,162
1575,162
1576,162
1577,162
1578,162
1579,162
1580,162
1581,162
1582,162
1583,162
1584,162
1585,162
1586,162
1587,162
1588,162
1589,162
1590,163
1591,163
1592,163
1593,163
1594,163
1595,163
1596,163
1597,163
1598,163
1599,163
1600,163
1601,163
1602,163
1603,163
1604,163
1605,163
1606,163
1607,163
1608,163
1609,163
1610,163
1611,163
1612,163
1613,163
1614,163
1615,163
1616,163
1617,163
1618,163
1619,163
1620,163
1621,163
1622,163
1623,163
1624,163
1625,163
1626,163
1627,163
1628,163
1629,163
1630,163
1631,163
1632,163
1633,163
1634,163
1635,163
1636,163
1637,163
1638,163
1639,163
1640,163
1641,163
1642,163
1643,163
1644,164
1645,164
1646,164
1647,164
1648,164
1649,164
1650,164
1651,164
1652,164
1653,164
1654,164
1655,164
1656,164
1657,164
1658,164
1659,164
1660,164
1661,164
1662,164
1663,164
1664,164
1665,164
1666,164
1667,164
1668,164
1669,164
1670,164
1671,164
1672,164
1673,164
1674,164
1675,164
1676,164
1677,164
1678,164
1679,164
1680,164
1681,163
1682,163
1683,163
1684,163
1685,163
1686,163
1687,163
1688,163
1689,163
1690,163
1691,164
1692,163
1693,164
1694,164
1695,163
1696,163
1697,164
1698,164
1699,164
1700,164
1701,163
1702,163
1703,163
1704,163
1705,163
1706,163
1707,163
1708,163
1709,163
1710,163
1711,163
1712,163
1713,164
1714,164
1715,164
1716,164
1717,164
1718,164
1719,164
1720,164
1721,164
1722,164
1723,164
1724,164
1725,164
1726,164
1727,164
1728,164
1729,164
1730,164
1731,164
1732,164
1733,164
1734,164
1735,164
1736,164
1737,164
1738,164
1739,164
1740,164
1741,164
1742,164
1743,164
1744,164
1745,164
1746,164
1747,164
1748,164
1749,164
1750,164
1751,164
1752,164
1753,164
1754,164
1755,164
1756,164
1757,164
1758,164
1759,164
1760,165
1761,165
1762,165
1763,165
1764,165
1765,165
1766,165
1767,165
1768,165
1769,165
1770,165
1771,166
1772,166
1773,166
1774,166
1775,166
1776,166
1777,166
1778,166
1779,166
1780,166
1781,166
1782,166
1783,166
1784,166
1785,166
1786,166
1787,166
1788,166
1789,166
1790,166
1791,166
1792,166
1793,166
1794,166
1795,166
1796,166
1797,166
1798,166
1799,166
1800,166
1801,166
1802,166
1803,166
1804,166
1805,166
1806,166
1807,166
1808,166
1809,166
1810,166
1811,166
1812,166
1813,166
1814,166
1815,166
1816,166
1817,166
1818,166
1819,166
1820,166
1821,166
1822,166
1823,166
1824,166
1825,166
1826,166
1827,166
1828,166
1829,166
1830,166
1831,166
1832,166
1833,166
1834,166
1835,167
1836,167
1837,167
1838,167
1839,167
1840,167
1841,167
1842,167
1843,167
1844,167
1845,167
1846,167
1847,167
1848,167
1849,167
1850,166
1851,167
1852,167
1853,167
1854,166
1855,167
1856,167
1857,167
1858,167
1859,167
1860,167
1861,167
1862,166
1863,166
1864,166
1865,167
1866,167
1867,167
1868,167
1869,167
1870,167
1871,167
1872,167
1873,167
1874,167
1875,167
1876,167
1877,167
1878,167
1879,167
1880,167
1881,167
1882,167
1883,167
1884,167
1885,167
1886,167
1887,167
1888,167
1889,167
1890,167
1891,167
1892,167
1893,167
1894,167
1895,167
1896,167
1897,167
1898,167
1899,167
1900,167
1901,167
1902,167
1903,167
1904,167
1905,167
1906,167
1907,167
1908,167
1909,167
1910,167
1911,167
1912,167
1913,168
1914,168
1915,168
1916,168
1917,168
1918,168
1919,168
1920,168
1921,168
1922,168
1923,168
1924,168
1925,168
1926,168
1927,168
1928,168
1929,168
1930,168
1931,168
1932,168
1933,168
1934,168
1935,168
1936,168
1937,168
1938,168
1939,168
1940,168
1941,168
1942,168
1943,168
1944,168
1945,168
1946,168
1947,168
1948,168
1949,168
1950,168
1951,168
1952,168
1953,168
1954,168
1955,167
1956,168
1957,167
1958,167
1959,167
1960,167
1961,167
1962,167
1963,167
1964,167
1965,167
1966,168
1967,168
1968,167
1969,167
1970,167
1971,167
1972,167
1973,167
1974,167
1975,167
1976,167
1977,167
1978,167
1979,167
1980,167
1981,167
1982,167
1983,167
1984,167
1985,167
1986,167
1987,167
1988,167
1989,167
1990,167
1991,167
1992,167
1993,167
1994,167
1995,167
1996,167
1997,167
1998,167
1999,167
2000,167
2001,167
2002,167
2003,167
2004,167
2005,167
2006,167
2007,167
2008,167
2009,167
2010,167
2011,167
2012,167
2013,167
2014,167
2015,167
2016,167
2017,167
2018,167
2019,167
2020,167
2021,167
2022,167
2023,167
2024,167
2025,167
2026,167
2027,167
2028,167
2029,167
2030,167
2031,167
2032,167
2033,167
2034,167
2035,167
2036,167
2037,167
2038,167
2039,167
2040,168
2041,168
2042,167
2043,167
2044,167
2045,167
2046,167
2047,167
2048,167
2049,167
2050,167
2051,167
2052,167
2053,167
2054,167
2055,167
2056,168
2057,167
2058,168
2059,168
2060,168
2061,167
2062,167
2063,167
2064,167
2065,167
2066,167
2067,168
2068,168
2069,168
2070,168
2071,168
2072,167
2073,167
2074,167
2075,167
2076,167
2077,167
2078,167
2079,167
2080,167
2081,167
2082,167
2083,167
2084,167
2085,167
2086,167
2087,167
2088,167
2089,167
2090,167
2091,167
2092,167
2093,167
2094,167
2095,167
2096,167
2097,167
2098,167
2099,167
2100,167
2101,167
2102,167
2103,167
2104,167
2105,167
2106,167
2107,167
2108,167
2109,167
2110,167
2111,167
2112,167
2113,167
2114,167
2115,168
2116,168
2117,168
2118,168
2119,168
2120,168
2121,168
2122,168
2123,168
2124,168
2125,168
2126,168
2127,168
2128,168
2129,168
2130,168
2131,168
2132,168
2133,168
2134,168
2135,168
2136,168
2137,168
2138,168
2139,168
2140,168
2141,168
2142,168
2143,168
2144,168
2145,168
2146,168
2147,168
2148,168
2149,168
2150,168
2151,169
2152,169
2153,168
2154,168
2155,168
2156,168
2157,168
2158,168
2159,168
2160,169
2161,169
2162,169
2163,169
2164,169
2165,169
2166,169
2167,169
2168,169
2169,169
2170,169
2171,168
2172,169
2173,169
2174,169
2175,169
2176,169
2177,169
2178,169
2179,169
2180,169
2181,169
2182,169
2183,169
2184,169
2185,169
2186,169
2187,169
2188,169
2189,169
2190,169
2191,169
2192,169
2193,169
2194,169
2195,169
2196,169
2197,169
2198,169
2199,169
2200,169
2201,168
2202,168
2203,169
2204,169
2205,168
2206,168
2207,168
2208,169
2209,169
2210,169
2211,169
2212,169
2213,169
2214,169
2215,169
2216,169
2217,169
2218,169
2219,169
2220,169
2221,169
2222,169
2223,169
2224,169
2225,169
2226,169
2227,169
2228,169
2229,169
2230,169
2231,169
2232,169
2233,169
2234,169
2235,169
2236,169
2237,169
2238,169
2239,169
2240,169
2241,169
2242,169
2243,169
2244,169
2245,169
2246,169
2247,169
2248,169
2249,170
2250,170
2251,170
2252,169
2253,170
2254,170
2255,170
2256,170
2257,169
2258,169
2259,169
2260,169
2261,170
2262,169
2263,170
2264,170
2265,170
2266,170
2267,170
2268,170
2269,170
2270,170
2271,170
2272,170
2273,170
2274,170
2275,170
2276,170
2277,170
2278,170
2279,170
2280,170
2281,170
2282,170
2283,170
2284,170
2285,170
2286,170
2287,170
2288,170
2289,170
2290,170
2291,170
2292,170
2293,170
2294,170
2295,170
2296,170
2297,170
2298,170
2299,170
2300,170
2301,170
2302,170
2303,170
2304,170
2305,170
2306,171
2307,170
2308,170
2309,171
2310,171
2311,171
2312,171
2313,171
2314,171
2315,171
2316,171
2317,171
2318,171
2319,171
2320,171
2321,171
2322,171
2323,171
2324,171
2325,171
2326,171
2327,171
2328,171
2329,171
2330,171
2331,171
2332,171
2333,171
2334,171
2335,171
2336,171
2337,171
2338,171
2339,171
2340,171
2341,171
2342,171
2343,171
2344,172
2345,171
2346,172
2347,172
2348,172
2349,172
2350,172
2351,172
2352,172
2353,172
2354,172
2355,172
2356,172
2357,172
2358,172
2359,172
2360,172
2361,172
2362,172
2363,172
2364,172
2365,172
2366,172
2367,172
2368,172
2369,172
2370,172
2371,172
2372,172
2373,172
2374,172
2375,172
2376,172
2377,172
2378,172
2379,172
2380,172
2381,172
2382,172
2383,172
2384,172
2385,172
2386,172
2387,172
2388,172
2389,173
2390,172
2391,172
2392,172
2393,172
2394,172
2395,172
2396,172
2397,172
2398,172
2399,172
2400,172
2401,172
2402,172
2403,172
2404,172
2405,172
2406,172
2407,172
2408,172
2409,172
2410,172
2411,172
2412,172
2413,172
2414,172
2415,172
2416,172
2417,172
2418,172
2419,172
2420,172
2421,172
2422,172
2423,172
2424,172
2425,172
2426,172
2427,172
2428,172
2429,172
2430,172
2431,172
2432,172
2433,172
2434,172
2435,172
2436,172
2437,172
2438,172
2439,172
2440,172
2441,172
2442,173
2443,173
2444,173
2445,173
2446,173
2447,173
2448,173
2449,173
2450,173
2451,173
2452,173
2453,173
2454,173
2455,173
2456,173
2457,173
2458,173
2459,173
2460,173
2461,173
2462,173
2463,173
2464,173
2465,173
2466,173
2467,173
2468,173
2469,173
2470,173
2471,173
2472,173
2473,173
2474,173
2475,173
2476,173
2477,173
2478,173
2479,173
2480,173
2481,173
2482,173
2483,173
2484,173
2485,173
2486,173
2487,173
2488,173
2489,173
2490,173
2491,173
2492,173
2493,173
2494,173
2495,173
2496,173
2497,173
2498,173
2499,173
2500,173
2501,173
2502,173
2503,173
2504,173
2505,173
2506,173
2507,173
2508,173
2509,173
2510,173
2511,173
2512,173
2513,173
2514,173
2515,173
2516,173
2517,173
2518,173
2519,173
2520,173
2521,173
2522,173
2523,173
2524,173
2525,172
2526,172
2527,173
2528,173
2529,173
2530,173
2531,173
2532,173
2533,173
2534,173
2535,173
2536,173
2537,173
2538,173
2539,173
2540,173
2541,173
2542,173
2543,173
2544,173
2545,173
2546,173
2547,173
2548,173
2549,173
2550,173
2551,173
2552,174
2553,173
2554,174
2555,174
2556,174
2557,174
2558,174
2559,174
2560,174
2561,174
2562,174
2563,174
2564,174
2565,174
2566,174
2567,174
2568,173
2569,173
2570,173
2571,173
2572,173
2573,173
2574,173
2575,173
2576,173
2577,173
2578,173
2579,173
2580,173
2581,174
2582,174
2583,174
2584,173
2585,173
2586,173
2587,174
2588,174
2589,174
2590,174
2591,174
2592,174
2593,174
2594,174
2595,174
2596,174
2597,174
2598,174
2599,174
2600,174
2601,174
2602,174
2603,175
2604,175
2605,175
2606,175
2607,174
2608,174
2609,174
2610,175
2611,174
2612,174
2613,174
2614,174
2615,174
2616,174
2617,174
2618,174
2619,174
2620,174
2621,174
2622,175
2623,175
2624,175
2625,175
2626,175
2627,175
2628,175
2629,175
2630,175
2631,176
2632,176
2633,176
2634,175
2635,175
2636,176
2637,175
2638,176
2639,175
2640,176
2641,176
2642,176
2643,176
2644,176
2645,176
2646,176
2647,176
2648,176
2649,176
2650,176
2651,176
2652,176
2653,176
2654,176
2655,176
2656,176
2657,176
2658,176
2659,176
2660,176
2661,176
2662,176
2663,176
2664,176
2665,176
2666,176
2667,176
2668,176
2669,176
2670,176
2671,176
2672,176
2673,176
2674,176
2675,176
2676,176
2677,176
2678,176
2679,176
2680,176
2681,176
2682,176
2683,176
2684,176
2685,176
2686,176
2687,176
2688,176
2689,176
2690,176
2691,176
2692,176
2693,177
2694,177
2695,177
2696,177
2697,177
2698,177
2699,177
2700,177
2701,177
2702,177
2703,177
2704,177
2705,177
2706,177
2707,177
2708,177
2709,177
2710,178
2711,178
2712,178
2713,178
2714,178
2715,178
2716,178
2717,178
2718,178
2719,178
2720,178
2721,178
2722,178
2723,178
2724,178
2725,178
2726,178
2727,178
2728,178
2729,178
2730,178
2731,178
2732,178
2733,178
2734,178
2735,178
2736,178
2737,178
2738,178
2739,178
2740,178
2741,178
2742,178
2743,179
2744,179
2745,179
2746,179
2747,179
2748,178
2749,179
2750,178
2751,178
2752,178
2753,178
2754,178
2755,178
2756,178
2757,178
2758,178
2759,178
2760,178
2761,178
2762,178
2763,178
2764,178
2765,178
2766,178
2767,178
2768,178
2769,178
2770,178
2771,178
2772,178
2773,178
2774,178
2775,178
2776,178
2777,178
2778,178
2779,178
2780,178
2781,179
2782,179
2783,179
2784,179
2785,179
2786,179
2787,179
2788,179
2789,179
2790,179
2791,179
2792,179
2793,179
2794,179
2795,179
2796,179
2797,179
2798,179
2799,179
2800,179
2801,179
2802,179
2803,179
2804,179
2805,179
2806,179
2807,179
2808,179
2809,179
2810,179
2811,179
2812,179
2813,179
2814,179
2815,179
2816,179
2817,179
2818,179
2819,179
2820,179
2821,179
2822,179
2823,179
2824,180
2825,180
2826,180
2827,180
2828,180
2829,180
2830,180
2831,180
2832,180
2833,180
2834,180
2835,180
2836,180
2837,180
2838,180
2839,180
2840,180
2841,180
2842,180
2843,180
2844,180
2845,180
2846,180
2847,180
2848,180
2849,180
2850,180
2851,180
2852,180
2853,180
2854,180
2855,181
2856,181
2857,181
2858,181
2859,181
2860,181
2861,181
2862,181
2863,181
2864,181
2865,181
2866,181
2867,181
2868,181
2869,181
2870,181
2871,181
2872,181
2873,181
2874,181
2875,181
2876,181
2877,181
2878,181
2879,181
2880,181
2881,181
2882,181
2883,181
2884,181
2885,181
2886,181
2887,181
2888,181
2889,181
2890,181
2891,181
2892,181
2893,181
2894,181
2895,181
2896,181
2897,181
2898,181
2899,181
2900,181
2901,181
2902,181
2903,181
2904,181
2905,181
2906,181
2907,181
2908,181
2909,181
2910,181
2911,182
2912,181
2913,181
2914,181
2915,181
2916,182
2917,182
2918,182
2919,182
2920,182
2921,182
2922,181
2923,181
2924,182
2925,181
2926,181
2927,181
2928,181
2929,181
2930,181
2931,181
2932,181
2933,182
2934,182
2935,182
2936,182
2937,182
2938,182
2939,182
2940,182
2941,182
2942,182
2943,182
2944,182
2945,182
2946,182
2947,182
2948,182
2949,182
2950,182
2951,182
2952,182
2953,182
2954,182
2955,182
2956,182
2957,182
2958,182
2959,182
2960,182
2961,182
2962,182
2963,182
2964,182
2965,182
2966,182
2967,182
2968,182
2969,182
2970,182
2971,182
2972,182
2973,182
2974,182
2975,182
2976,182
2977,182
2978,182
2979,182
2980,182
2981,182
2982,182
2983,182
2984,182
2985,182
2986,182
2987,182
2988,182
2989,181
2990,181
2991,181
2992,181
2993,181
2994,181
2995,181
2996,181
2997,181
2998,181
2999,181
3000,181
3001,181
3002,181
3003,181
3004,181
3005,181
3006,181
3007,181
3008,181
3009,181
3010,181
3011,181
3012,181
3013,181
3014,181
3015,181
3016,181
3017,181
3018,182
3019,182
3020,182
3021,182
3022,182
3023,181
3024,181
3025,181
3026,181
3027,181
3028,181
3029,181
3030,181
3031,181
3032,181
3033,181
3034,181
3035,181
3036,181
3037,181
3038,181
3039,181
3040,181
3041,181
3042,181
3043,181
3044,181
3045,181
3046,181
3047,181
3048,181
3049,181
3050,181
3051,181
3052,181
3053,181
3054,181
3055,181
3056,181
3057,181
3058,181
3059,181
3060,181
3061,181
3062,181
3063,181
3064,180
3065,181
3066,181
3067,181
3068,181
3069,181
3070,181
3071,181
3072,181
3073,181
3074,181
3075,181
3076,181
3077,181
3078,181
3079,181
3080,181
3081,180
3082,180
3083,180
3084,180
3085,180
3086,180
3087,180
3088,180
3089,180
3090,180
3091,180
3092,180
3093,180
3094,180
3095,180
3096,180
3097,180
3098,180
3099,180
3100,180
3101,180
3102,180
3103,180
3104,180
3105,180
3106,180
3107,180
3108,180
3109,180
3110,180
3111,180
3112,180
3113,180
3114,180
3115,180
3116,180
3117,180
3118,180
3119,180
3120,180
3121,180
3122,180
3123,180
3124,180
3125,180
3126,180
3127,181
3128,181
3129,180
3130,180
3131,181
3132,181
3133,181
3134,181
3135,181
3136,181
3137,181
3138,181
3139,181
3140,181
3141,181
3142,181
3143,181
3144,181
3145,181
3146,181
3147,181
3148,181
3149,181
3150,181
3151,182
3152,182
3153,181
3154,181
3155,181
3156,181
3157,181
3158,181
3159,181
3160,181
3161,182
3162,181
3163,181
3164,181
3165,182
3166,182
3167,181
3168,181
3169,181
3170,181
3171,181
3172,181
3173,181
3174,181
3175,181
3176,181
3177,181
3178,181
3179,181
3180,181
3181,181
3182,181
3183,181
3184,181
3185,181
3186,181
3187,181
3188,181
3189,181
3190,181
3191,181
3192,181
3193,181
3194,181
3195,181
3196,181
3197,181
3198,181
3199,181
3200,181
3201,181
3202,181
3203,181
3204,181
3205,181
3206,181
3207,182
3208,182
3209,182
3210,182
3211,182
3212,182
3213,182
3214,182
3215,182
3216,182
3217,182
3218,182
3219,182
3220,182
3221,182
3222,182
3223,182
3224,182
3225,182
3226,182
3227,182
3228,182
3229,182
3230,182
3231,182
3232,182
3233,182
3234,182
3235,182
3236,182
3237,182
3238,182
3239,182
3240,182
3241,182
3242,182
3243,182
3244,182
3245,182
3246,182
3247,182
3248,182
3249,182
3250,182
3251,182
3252,182
3253,182
3254,182
3255,182
3256,182
3257,182
3258,182
3259,182
3260,182
3261,182
3262,182
3263,182
3264,182
3265,182
3266,182
3267,182
3268,182
3269,182
3270,182
3271,182
3272,183
3273,183
3274,182
3275,182
3276,182
3277,182
3278,182
3279,182
3280,182
3281,182
3282,182
3283,182
3284,182
3285,182
3286,182
3287,182
3288,182
3289,182
3290,182
3291,182
3292,182
3293,182
3294,182
3295,182
3296,182
3297,182
3298,182
3299,182
3300,182
3301,182
3302,182
3303,182
3304,182
3305,182
3306,182
3307,182
3308,182
3309,182
3310,183
3311,183
3312,183
3313,183
3314,183
3315,183
3316,183
3317,183
3318,183
3319,183
3320,183
3321,183
3322,182
3323,183
3324,183
3325,183
3326,182
3327,183
3328,183
3329,183
3330,183
3331,183
3332,183
3333,183
3334,183
3335,183
3336,183
3337,183
3338,183
3339,183
3340,184
3341,184
3342,184
3343,184
3344,183
3345,184
3346,183
3347,183
3348,183
3349,183
3350,183
3351,183
3352,184
3353,183
3354,183
3355,183
3356,183
3357,184
3358,184
3359,184
3360,184
3361,184
3362,184
3363,184
3364,184
3365,184
3366,184
3367,184
3368,184
3369,183
3370,183
3371,183
3372,183
3373,183
3374,183
3375,183
3376,183
3377,183
3378,183
3379,183
3380,183
3381,183
3382,183
3383,183
3384,183
3385,183
3386,183
3387,183
3388,183
3389,183
3390,183
3391,183
3392,183
3393,183
3394,183
3395,183
3396,183
3397,183
3398,183
3399,183
3400,183
3401,183
3402,183
3403,183
3404,183
3405,183
3406,183
3407,183
3408,183
3409,183
3410,183
3411,183
3412,183
3413,183
3414,183
3415,183
3416,184
3417,184
3418,184
3419,184
3420,183
3421,184
3422,184
3423,184
3424,184
3425,184
3426,184
3427,184
3428,183
3429,183
3430,184
3431,184
3432,184
3433,184
3434,184
3435,184
3436,184
3437,184
3438,184
3439,184
3440,183
3441,184
3442,183
3443,183
3444,183
3445,183
3446,183
3447,184
3448,184
3449,183
3450,184
3451,184
3452,183
3453,184
3454,184
3455,184
3456,184
3457,184
3458,184
3459,184
3460,184
3461,184
3462,184
3463,184
3464,184
3465,184
3466,184
3467,184
3468,184
3469,184
3470,184
3471,184
3472,185
3473,185
3474,185
3475,185
3476,185
3477,185
3478,185
3479,184
3480,184
3481,184
3482,184
3483,184
3484,184
3485,184
3486,184
3487,184
3488,184
3489,184
3490,184
3491,184
3492,184
3493,184
3494,184
3495,184
3496,184
3497,184
3498,184
3499,184
3500,184
3501,184
3502,184
3503,184
3504,185
3505,185
3506,185
3507,185
3508,185
3509,185
3510,185
3511,185
3512,185
3513,184
3514,185
3515,185
3516,185
3517,185
3518,185
3519,185
3520,185
3521,185
3522,185
3523,185
3524,185
3525,185
3526,185
3527,185
3528,185
3529,185
3530,185
3531,185
3532,185
3533,185
3534,185
3535,185
3536,185
3537,185
3538,185
3539,185
3540,185
3541,185
3542,185
3543,186
3544,186
3545,186
3546,186
3547,186
3548,186
3549,186
3550,186
3551,186
3552,186
3553,186
3554,186
3555,186
3556,186
3557,186
3558,186
3559,186
3560,186
3561,186
3562,186
3563,186
3564,186
3565,187
3566,187
3567,187
3568,187
3569,187
3570,187
3571,187
3572,186
3573,186
3574,187
3575,187
3576,187
3577,187
3578,187
3579,187
3580,187
3581,187
3582,187
3583,187
3584,187
3585,188
3586,187
3587,187
3588,188
3589,188
3590,188
3591,188
3592,188
3593,187
3594,188
3595,188
3596,188
3597,188
3598,188
3599,188
3600,188
3601,188
3602,188
3603,188
3604,187
3605,187
3606,188
3607,188
3608,188
3609,188
3610,188
3611,188
3612,188
3613,188
3614,188
3615,188
3616,188
3617,188
3618,188
3619,188
3620,188
3621,188
3622,188
3623,188
3624,188
3625,188
3626,188
3627,188
3628,188
3629,188
3630,188
3631,188
3632,188
3633,188
3634,189
3635,188
3636,188
3637,188
3638,188
3639,188
3640,188
3641,188
3642,188
3643,189
3644,188
3645,189
3646,189
3647,189
3648,189
3649,189
3650,189
3651,189
3652,189
3653,189
3654,189
3655,189
3656,189
3657,189
3658,189
3659,189
3660,189
3661,189
3662,189
3663,189
3664,189
3665,189
3666,189
3667,189
3668,189
3669,189
3670,189
3671,189
3672,189
3673,189
3674,189
3675,189
3676,189
3677,189
3678,189
3679,189
3680,189
3681,189
3682,189
3683,189
3684,189
3685,189
3686,189
3687,189
3688,189
3689,189
3690,189
3691,189
3692,189
3693,190
3694,189
3695,190
3696,190
3697,190
3698,190
3699,190
3700,190
3701,190
3702,190
3703,190
3704,190
3705,190
3706,190
3707,190
3708,190
3709,190
3710,190
3711,190
3712,190
3713,190
3714,190
3715,190
3716,190
3717,190
3718,190
3719,190
3720,190
3721,190
3722,190
3723,190
3724,190
3725,190
3726,190
3727,190
3728,190
3729,190
3730,190
3731,190
3732,190
3733,190
3734,190
3735,190
3736,190
3737,190
3738,190
3739,190
3740,190
3741,190
3742,190
3743,190
3744,190
3745,190
3746,190
3747,190
3748,190
3749,190
3750,190
3751,190
3752,190
3753,190
3754,190
3755,190
3756,190
3757,190
3758,190
3759,190
3760,190
3761,191
3762,190
3763,191
3764,191
3765,190
3766,190
3767,190
3768,190
3769,190
3770,190
3771,190
3772,190
3773,190
3774,190
3775,191
3776,190
3777,191
3778,191
3779,191
3780,191
3781,191
3782,191
3783,190
3784,190
3785,190
3786,190
3787,191
3788,191
3789,190
3790,190
3791,190
3792,190
3793,190
3794,190
3795,190
3796,190
3797,190
3798,190
3799,190
3800,190
3801,190
3802,190
3803,190
3804,191
3805,190
3806,190
3807,190
3808,190
3809,190
3810,190
3811,190
3812,190
3813,190
3814,190
3815,190
3816,190
3817,190
3818,190
3819,190
3820,191
3821,191
3822,191
3823,191
3824,191
3825,191
3826,191
3827,191
3828,191
3829,191
3830,191
3831,191
3832,191
3833,191
3834,191
3835,191
3836,191
3837,191
3838,191
3839,191
3840,191
3841,191
3842,191
3843,191
3844,191
3845,191
3846,191
3847,191
3848,191
3849,191
3850,191
3851,191
3852,191
3853,191
3854,191
3855,191
3856,192
3857,191
3858,191
3859,191
3860,191
3861,191
3862,191
3863,191
3864,191
3865,191
3866,191
3867,191
3868,191
3869,191
3870,192
3871,192
3872,192
3873,192
3874,192
3875,192
3876,192
3877,192
3878,192
3879,192
3880,191
3881,191
3882,191
3883,191
3884,192
3885,192
3886,191
3887,191
3888,191
3889,191
3890,191
3891,192
3892,191
3893,191
3894,191
3895,191
3896,192
3897,192
3898,192
3899,192
3900,192
3901,192
3902,192
3903,192
3904,192
3905,192
3906,192
3907,192
3908,192
3909,192
3910,192
3911,192
3912,192
3913,192
3914,192
3915,192
3916,192
3917,192
3918,192
3919,192
3920,192
3921,192
3922,192
3923,192
3924,192
3925,192
3926,192
3927,192
3928,192
3929,192
3930,192
3931,192
3932,192
3933,192
3934,192
3935,192
3936,192
3937,192
3938,192
3939,192
3940,192
3941,192
3942,192
3943,192
3944,192
3945,192
3946,192
3947,192
3948,192
3949,192
3950,192
3951,193
3952,193
3953,193
3954,192
3955,193
3956,192
3957,192
3958,193
3959,193
3960,193
3961,193
3962,193
3963,193
3964,193
3965,193
3966,193
3967,193
3968,193
3969,193
3970,193
3971,193
3972,193
3973,193
3974,193
3975,193
3976,193
3977,193
3978,193
3979,193
3980,193
3981,193
3982,193
3983,193
3984,193
3985,193
3986,193
3987,193
3988,193
3989,193
3990,193
3991,193
3992,193
3993,193
3994,193
3995,193
3996,193
3997,193
3998,193
3999,193
4000,193
4001,193
4002,193
4003,193
4004,193
4005,193
4006,193
4007,193
4008,193
4009,193
4010,193
4011,194
4012,194
4013,194
4014,194
4015,194
4016,194
4017,194
4018,194
4019,193
4020,193
4021,193
4022,193
4023,193
4024,193
4025,193
4026,193
4027,193
4028,193
4029,193
4030,193
4031,193
4032,193
4033,193
4034,193
4035,193
4036,193
4037,193
4038,193
4039,193
4040,193
4041,193
4042,193
4043,193
4044,193
4045,193
4046,193
4047,193
4048,193
4049,193
4050,194
4051,194
4052,194
4053,194
4054,194
4055,194
4056,194
4057,194
4058,194
4059,194
4060,194
4061,194
4062,194
4063,194
4064,194
4065,194
4066,194
4067,194
4068,194
4069,194
4070,194
4071,194
4072,194
4073,194
4074,194
4075,194
4076,194
4077,194
4078,194
4079,194
4080,194
4081,194
4082,194
4083,194
4084,194
4085,194
4086,194
4087,194
4088,194
4089,194
4090,194
4091,194
4092,194
4093,194
4094,194
4095,194
4096,194
4097,194
4098,194
4099,194
4100,194
4101,194
4102,193
4103,193
4104,193
4105,193
4106,193
4107,193
4108,193
4109,193
4110,193
4111,193
4112,193
4113,193
4114,193
4115,193
4116,193
4117,193
4118,193
4119,193
4120,193
4121,193
4122,193
4123,193
4124,193
4125,193
4126,193
4127,193
4128,193
4129,193
4130,193
4131,193
4132,193
4133,193
4134,193
4135,193
4136,193
4137,193
4138,193
4139,193
4140,193
4141,193
4142,193
4143,193
4144,193
4145,193
4146,193
4147,193
4148,193
4149,193
4150,193
4151,193
4152,193
4153,193
4154,193
4155,193
4156,193
4157,193
4158,193
4159,193
4160,193
4161,193
4162,193
4163,193
4164,193
4165,193
4166,193
4167,193
4168,193
4169,193
4170,193
4171,193
4172,193
4173,193
4174,193
4175,193
4176,193
4177,193
4178,193
4179,193
4180,193
4181,193
4182,193
4183,193
4184,193
4185,194
4186,193
4187,194
4188,194
4189,193
4190,193
4191,193
4192,193
4193,193
4194,193
4195,193
4196,193
4197,193
4198,193
4199,193
4200,193
4201,193
4202,193
4203,193
4204,193
4205,193
4206,193
4207,193
4208,193
4209,193
4210,193
4211,193
4212,193
4213,193
4214,194
4215,194
4216,193
4217,194
4218,193
4219,194
4220,194
4221,193
4222,193
4223,194
4224,194
4225,194
4226,194
4227,194
4228,194
4229,194
4230,194
4231,194
4232,194
4233,194
4234,194
4235,194
4236,194
4237,194
4238,194
4239,194
4240,194
4241,194
4242,194
4243,194
4244,194
4245,194
4246,194
4247,194
4248,194
4249,194
4250,194
4251,194
4252,194
4253,194
4254,194
4255,194
4256,194
4257,194
4258,194
4259,194
4260,194
4261,194
4262,194
4263,194
4264,194
4265,194
4266,194
4267,194
4268,194
4269,194
4270,194
4271,194
4272,194
4273,194
4274,194
4275,194
4276,194
4277,194
4278,194
4279,194
4280,194
4281,194
4282,194
4283,194
4284,194
4285,194
4286,194
4287,194
4288,194
4289,194
4290,194
4291,194
4292,194
4293,194
4294,194
4295,194
4296,194
4297,194
4298,194
4299,194
4300,194
4301,195
4302,194
4303,195
4304,194
4305,195
4306,195
4307,195
4308,195
4309,195
4310,195
4311,195
4312,195
4313,195
4314,195
4315,195
4316,195
4317,195
4318,195
4319,195
4320,195
4321,195
4322,195
4323,195
4324,195
4325,195
4326,195
4327,195
4328,195
4329,195
4330,195
4331,195
4332,195
4333,195
4334,195
4335,195
4336,195
4337,195
4338,195
4339,195
4340,195
4341,195
4342,195
4343,195
4344,195
4345,195
4346,195
4347,195
4348,195
4349,195
4350,195
4351,195
4352,195
4353,195
4354,195
4355,195
4356,195
4357,195
4358,195
4359,195
4360,195
4361,195
4362,195
4363,195
4364,195
4365,195
4366,196
4367,195
4368,195
4369,196
4370,196
4371,196
4372,196
4373,196
4374,196
4375,196
4376,196
4377,196
4378,196
4379,196
4380,196
4381,196
4382,196
4383,196
4384,196
4385,196
4386,196
4387,196
4388,196
4389,196
4390,196
4391,196
4392,196
4393,196
4394,196
4395,196
4396,196
4397,196
4398,196
4399,196
4400,196
4401,196
4402,196
4403,196
4404,196
4405,196
4406,196
4407,196
4408,196
4409,196
4410,196
4411,196
4412,196
4413,196
4414,196
4415,196
4416,196
4417,196
4418,196
4419,196
4420,196
4421,196
4422,196
4423,196
4424,196
4425,196
4426,196
4427,197
4428,197
4429,197
4430,197
4431,197
4432,197
4433,197
4434,197
4435,197
4436,197
4437,197
4438,197
4439,197
4440,197
4441,197
4442,197
4443,197
4444,197
4445,197
4446,197
4447,197
4448,197
4449,197
4450,197
4451,198
4452,198
4453,198
4454,197
4455,198
4456,198
4457,198
4458,198
4459,198
4460,198
4461,198
4462,198
4463,198
4464,198
4465,198
4466,198
4467,198
4468,198
4469,198
4470,198
4471,198
4472,198
4473,198
4474,198
4475,198
4476,198
4477,198
4478,198
4479,198
4480,198
4481,198
4482,198
4483,198
4484,198
4485,198
4486,198
4487,198
4488,197
4489,197
4490,197
4491,197
4492,198
4493,198
4494,198
4495,198
4496,198
4497,198
4498,198
4499,198
4500,198
4501,198
4502,198
4503,198
4504,198
4505,198
4506,198
4507,198
4508,198
4509,198
4510,198
4511,198
4512,198
4513,198
4514,198
4515,198
4516,198
4517,198
4518,198
4519,198
4520,198
4521,198
4522,198
4523,198
4524,198
4525,198
4526,198
4527,198
4528,198
4529,198
4530,198
4531,198
4532,198
4533,198
4534,198
4535,198
4536,198
4537,198
4538,198
4539,198
4540,198
4541,198
4542,198
4543,199
4544,199
4545,199
4546,199
4547,199
4548,199
4549,199
4550,199
4551,199
4552,199
4553,198
4554,198
4555,198
4556,199
4557,198
4558,198
4559,198
4560,199
4561,199
4562,199
4563,199
4564,199
4565,199
4566,199
4567,199
4568,198
4569,199
4570,199
4571,199
4572,199
4573,199
4574,199
4575,199
4576,199
4577,199
4578,199
4579,199
4580,199
4581,199
4582,199
4583,199
4584,199
4585,199
4586,199
4587,199
4588,199
4589,199
4590,199
4591,199
4592,199
4593,199
4594,199
4595,199
4596,199
4597,199
4598,199
4599,199
4600,199
4601,199
4602,199
4603,199
4604,199
4605,199
4606,199
4607,199
4608,200
4609,200
4610,200
4611,200
4612,200
4613,200
4614,200
4615,200
4616,200
4617,200
4618,200
4619,200
4620,200
4621,200
4622,200
4623,200
4624,200
4625,200
4626,200
4627,200
4628,200
4629,200
4630,200
4631,200
4632,200
4633,200
4634,200
4635,200
4636,200
4637,200
4638,200
4639,200
4640,200
4641,200
4642,200
4643,200
4644,200
4645,200
4646,200
4647,200
4648,200
4649,200
4650,200
4651,200
4652,200
4653,200
4654,200
4655,200
4656,200
4657,200
4658,200
4659,200
4660,200
4661,200
4662,200
4663,200
4664,200
4665,200
4666,200
4667,200
4668,200
4669,199
4670,199
4671,199
4672,199
4673,199
4674,199
4675,199
4676,199
4677,199
4678,199
4679,199
4680,199
4681,199
4682,199
4683,199
4684,199
4685,199
4686,199
4687,199
4688,199
4689,199
4690,199
4691,199
4692,199
4693,199
4694,199
4695,199
4696,199
4697,199
4698,199
4699,199
4700,199
4701,200
4702,200
4703,200
4704,200
4705,199
4706,199
4707,199
4708,199
4709,199
4710,199
4711,199
4712,199
4713,199
4714,200
4715,200
4716,200
4717,199
4718,199
4719,199
4720,199
4721,199
4722,199
4723,199
4724,199
4725,199
4726,199
4727,199
4728,199
4729,199
4730,199
4731,199
4732,199
4733,199
4734,199
4735,199
4736,199
4737,199
4738,199
4739,199
4740,199
4741,199
4742,199
4743,199
4744,199
4745,200
4746,199
4747,199
4748,200
4749,200
4750,200
4751,199
4752,199
4753,199
4754,199
4755,199
4756,199
4757,199
4758,199
4759,200
4760,200
4761,200
4762,200
4763,200
4764,200
4765,200
4766,200
4767,200
4768,200
4769,200
4770,200
4771,200
4772,200
4773,200
4774,200
4775,200
4776,200
4777,200
4778,200
4779,200
4780,200
4781,200
4782,200
4783,200
4784,200
4785,200
4786,200
4787,200
4788,200
4789,200
4790,200
4791,200
4792,200
4793,200
4794,200
4795,200
4796,200
4797,200
4798,200
4799,200
4800,200
4801,200
4802,200
4803,200
4804,200
4805,200
4806,200
4807,200
4808,200
4809,200
4810,200
4811,200
4812,200
4813,200
4814,200
4815,200
4816,200
4817,200
4818,200
4819,200
4820,200
4821,200
4822,200
4823,200
4824,201
4825,201
4826,201
4827,201
4828,201
4829,201
4830,201
4831,201
4832,201
4833,201
4834,201
4835,200
4836,200
4837,200
4838,201
4839,201
4840,200
4841,200
4842,201
4843,200
4844,201
4845,201
4846,201
4847,201
4848,201
4849,201
4850,201
4851,201
4852,201
4853,200
4854,201
4855,201
4856,201
4857,201
4858,200
4859,200
4860,201
4861,201
4862,201
4863,201
4864,201
4865,201
4866,201
4867,201
4868,201
4869,201
4870,201
4871,201
4872,201
4873,201
4874,201
4875,201
4876,200
4877,201
4878,201
4879,200
4880,200
4881,200
4882,200
4883,200
4884,200
4885,200
4886,200
4887,200
4888,200
4889,200
4890,200
4891,200
4892,200
4893,200
4894,200
4895,201
4896,201
4897,201
4898,201
4899,200
4900,201
4901,201
4902,201
4903,201
4904,201
4905,201
4906,201
4907,200
4908,200
4909,200
4910,201
4911,201
4912,201
4913,201
4914,201
4915,201
4916,201
4917,201
4918,201
4919,201
4920,201
4921,201
4922,201
4923,201
4924,201
4925,201
4926,201
4927,201
4928,201
4929,201
4930,201
4931,201
4932,201
4933,201
4934,201
4935,201
4936,201
4937,202
4938,201
4939,201
4940,201
4941,202
4942,201
4943,201
4944,201
4945,201
4946,202
4947,202
4948,202
4949,202
4950,202
4951,201
4952,201
4953,201
4954,202
4955,202
4956,202
4957,202
4958,202
4959,202
4960,202
4961,202
4962,202
4963,202
4964,202
4965,202
4966,202
4967,202
4968,202
4969,202
4970,202
4971,202
4972,202
4973,202
4974,202
4975,202
4976,202
4977,202
4978,202
4979,202
4980,202
4981,202
4982,202
4983,202
4984,202
4985,202
4986,202
4987,202
4988,202
4989,202
4990,202
4991,202
4992,202
4993,202
4994,202
4995,202
4996,202
4997,202
4998,202
4999,202
5000,202
5001,202
5002,202
5003,202
5004,202
5005,202
5006,202
5007,202
5008,202
5009,202
5010,202
5011,202
5012,202
5013,202
5014,202
5015,203
5016,202
5017,202
5018,203
5019,202
5020,203
5021,203
5022,202
5023,203
5024,202
5025,203
5026,203
5027,203
5028,203
5029,203
5030,203
5031,203
5032,203
5033,203
5034,203
5035,203
5036,203
5037,203
5038,203
5039,203
5040,203
5041,203
5042,203
5043,203
5044,203
5045,203
5046,203
5047,203
5048,203
5049,203
5050,203
5051,203
5052,203
5053,203
5054,203
5055,203
5056,203
5057,203
5058,203
5059,203
5060,203
5061,203
5062,203
5063,203
5064,203
5065,203
5066,203
5067,203
5068,203
5069,203
5070,203
5071,203
5072,203
5073,203
5074,203
5075,203
5076,203
5077,203
5078,203
5079,203
5080,203
5081,203
5082,203
5083,203
5084,203
5085,203
5086,203
5087,203
5088,203
5089,203
5090,203
5091,203
5092,203
5093,203
5094,203
5095,203
5096,203
5097,203
5098,203
5099,203
5100,203
5101,203
5102,203
5103,203
5104,203
5105,204
5106,204
5107,204
5108,204
5109,204
5110,204
5111,204
5112,204
5113,204
5114,203
5115,203
5116,203
5117,203
5118,203
5119,203
5120,203
5121,203
5122,203
5123,203
5124,203
5125,203
5126,203
5127,203
5128,203
5129,203
5130,204
5131,204
5132,203
5133,203
5134,204
5135,204
5136,204
5137,204
5138,204
5139,204
5140,204
5141,204
5142,204
5143,204
5144,204
5145,204
5146,204
5147,204
5148,204
5149,204
5150,204
5151,204
5152,204
5153,204
5154,204
5155,204
5156,204
5157,204
5158,204
5159,204
5160,204
5161,205
5162,205
5163,205
5164,205
5165,205
5166,205
5167,205
5168,205
5169,205
5170,205
5171,205
5172,205
5173,205
5174,205
5175,205
5176,205
5177,205
5178,205
5179,205
5180,205
5181,205
5182,205
5183,205
5184,205
5185,205
5186,205
5187,205
5188,205
5189,205
5190,205
5191,205
5192,205
5193,205
5194,204
5195,205
5196,205
5197,205
5198,205
5199,205
5200,205
5201,205
5202,205
5203,205
5204,205
5205,205
5206,205
5207,205
5208,205
5209,205
5210,205
5211,205
5212,205
5213,205
5214,205
5215,205
5216,205
5217,205
5218,205
5219,205
5220,205
5221,205
5222,205
5223,205
5224,205
5225,205
5226,205
5227,206
5228,206
5229,206
5230,206
5231,206
5232,206
5233,206
5234,206
5235,206
5236,206
5237,206
5238,206
5239,206
5240,206
5241,206
5242,206
5243,206
5244,206
5245,206
5246,206
5247,206
5248,206
5249,206
5250,206
5251,206
5252,206
5253,206
5254,206
5255,207
5256,207
5257,207
5258,207
5259,207
5260,207
5261,207
5262,207
5263,207
5264,207
5265,207
5266,207
5267,207
5268,207
5269,207
5270,207
5271,207
5272,207
5273,207
5274,207
5275,207
5276,207
5277,207
5278,207
5279,207
5280,207
5281,207
5282,207
5283,207
5284,207
5285,207
5286,207
5287,207
5288,207
5289,207
5290,207
5291,207
5292,207
5293,207
5294,207
5295,207
5296,207
5297,207
5298,207
5299,207
5300,207
5301,207
5302,207
5303,207
5304,207
5305,207
5306,207
5307,207
5308,207
5309,208
5310,208
5311,208
5312,208
5313,208
5314,208
5315,208
5316,208
5317,208
5318,208
5319,208
5320,208
5321,208
5322,208
5323,208
5324,208
5325,208
5326,208
5327,208
5328,208
5329,208
5330,208
5331,208
5332,208
5333,208
5334,208
5335,208
5336,208
5337,208
5338,208
5339,209
5340,209
5341,209
5342,208
5343,208
5344,208
5345,208
5346,208
5347,208
5348,208
5349,208
5350,209
5351,208
5352,208
5353,209
5354,209
5355,209
5356,209
5357,209
5358,209
5359,209
5360,209
5361,209
5362,209
5363,209
5364,209
5365,209
5366,210
5367,210
5368,210
5369,210
5370,210
5371,210
5372,210
5373,210
5374,210
5375,210
5376,210
5377,210
5378,210
5379,210
5380,210
5381,210
5382,210
5383,210
5384,210
5385,210
5386,210
5387,210
5388,210
5389,210
5390,210
5391,210
5392,210
5393,210
5394,210
5395,209
5396,209
5397,209
5398,209
5399,209
5400,209
5401,209
5402,209
5403,209
5404,209
5405,209
5406,209
5407,209
5408,209
5409,209
5410,209
5411,209
5412,209
5413,209
5414,209
5415,209
5416,209
5417,209
5418,209
5419,209
5420,210
5421,209
5422,209
5423,209
5424,209
5425,209
5426,209
5427,209
5428,209
5429,209
5430,209
5431,209
5432,209
5433,209
5434,209
5435,209
5436,209
5437,209
5438,209
5439,209
5440,210
5441,210
5442,210
5443,210
5444,210
5445,210
5446,210
5447,210
5448,210
5449,210
5450,210
5451,210
5452,210
5453,210
5454,210
5455,210
5456,210
5457,210
5458,210
5459,210
5460,210
5461,210
5462,210
5463,210
5464,211
5465,211
5466,211
5467,211
5468,211
5469,211
5470,211
5471,211
5472,211
5473,211
5474,211
5475,211
5476,211
5477,211
5478,211
5479,211
5480,211
5481,211
5482,211
5483,211
5484,211
5485,211
5486,211
5487,211
5488,211
5489,211
5490,211
5491,211
5492,211
5493,211
5494,211
5495,211
5496,211
5497,211
5498,211
5499,211
5500,211
5501,211
5502,211
5503,211
5504,211
5505,211
5506,211
5507,211
5508,211
5509,211
5510,211
5511,211
5512,211
5513,211
5514,211
5515,210
5516,211
5517,211
5518,211
5519,211
5520,211
5521,211
5522,211
5523,211
5524,211
5525,211
5526,211
5527,211
5528,211
5529,211
5530,211
5531,211
5532,211
5533,211
5534,211
5535,211
5536,211
5537,210
5538,210
5539,210
5540,210
5541,210
5542,210
5543,210
5544,210
5545,210
5546,210
5547,210
5548,210
5549,210
5550,210
5551,210
5552,210
5553,210
5554,210
5555,210
5556,210
5557,210
5558,210
5559,210
5560,210
5561,210
5562,210
5563,210
5564,210
5565,210
5566,210
5567,210
5568,210
5569,210
5570,210
5571,210
5572,210
5573,210
5574,210
5575,210
5576,211
5577,210
5578,210
5579,211
5580,211
5581,211
5582,211
5583,210
5584,210
5585,210
5586,210
5587,210
5588,211
5589,210
5590,210
5591,211
5592,211
5593,211
5594,211
5595,211
5596,211
5597,211
5598,211
5599,211
5600,211
5601,211
5602,211
5603,211
5604,211
5605,211
5606,211
5607,211
5608,211
5609,211
5610,212
5611,211
5612,211
5613,211
5614,211
5615,211
5616,212
5617,212
5618,211
5619,212
5620,212
5621,212
5622,212
5623,212
5624,212
5625,212
5626,212
5627,212
5628,212
5629,212
5630,212
5631,212
5632,212
5633,212
5634,212
5635,212
5636,212
5637,212
5638,212
5639,212
5640,212
5641,212
5642,212
5643,212
5644,212
5645,212
5646,212
5647,212
5648,213
5649,213
5650,213
5651,213
5652,213
5653,213
5654,213
5655,213
5656,213
5657,213
5658,213
5659,213
5660,213
5661,213
5662,213
5663,213
5664,213
5665,213
5666,213
5667,213
5668,213
5669,213
5670,213
5671,213
5672,213
5673,213
5674,213
5675,213
5676,213
5677,213
5678,213
5679,213
5680,213
5681,213
5682,213
5683,213
5684,213
5685,213
5686,213
5687,213
5688,213
5689,213
5690,213
5691,214
5692,213
5693,214
5694,214
5695,214
5696,214
5697,214
5698,214
5699,214
5700,214
5701,214
5702,214
5703,214
5704,214
5705,214
5706,213
5707,213
5708,213
5709,213
5710,213
5711,213
5712,213
5713,213
5714,213
5715,213
5716,213
5717,213
5718,213
5719,213
5720,213
5721,213
5722,213
5723,213
5724,213
5725,213
5726,213
5727,213
5728,214
5729,213
5730,213
5731,213
5732,213
5733,213
5734,213
5735,213
5736,213
5737,213
5738,213
5739,213
5740,213
5741,213
5742,213
5743,213
5744,213
5745,213
5746,213
5747,213
5748,213
5749,213
5750,213
5751,213
5752,214
5753,213
5754,214
5755,214
5756,214
5757,213
5758,213
5759,213
5760,213
5761,213
5762,213
5763,213
5764,214
5765,213
5766,214
5767,214
5768,213
5769,213
5770,213
5771,213
5772,213
5773,213
5774,213
5775,213
5776,213
5777,213
5778,213
5779,213
5780,213
5781,213
5782,213
5783,213
5784,213
5785,213
5786,213
5787,213
5788,213
5789,214
5790,214
5791,214
5792,213
5793,214
5794,214
5795,214
5796,214
5797,214
5798,214
5799,214
5800,214
5801,214
5802,214
5803,214
5804,214
5805,214
5806,214
5807,214
5808,214
5809,214
5810,214
5811,214
5812,214
5813,214
5814,213
5815,213
5816,214
5817,214
5818,214
5819,214
5820,214
5821,214
5822,214
5823,213
5824,213
5825,213
5826,213
5827,213
5828,213
5829,213
5830,213
5831,213
5832,213
5833,213
5834,213
5835,213
5836,213
5837,213
5838,213
5839,214
5840,214
5841,214
5842,214
5843,214
5844,214
5845,214
5846,214
5847,214
5848,214
5849,214
5850,214
5851,214
5852,214
5853,214
5854,214
5855,214
5856,214
5857,214
5858,214
5859,214
5860,214
5861,214
5862,214
5863,214
5864,214
5865,214
5866,214
5867,214
5868,214
5869,214
5870,214
5871,214
5872,214
5873,214
5874,214
5875,214
5876,214
5877,214
5878,214
5879,214
5880,215
5881,215
5882,215
5883,215
5884,215
5885,215
5886,215
5887,215
5888,215
5889,215
5890,215
5891,215
5892,215
5893,215
5894,215
5895,215
5896,215
5897,216
5898,216
5899,216
5900,216
5901,216
5902,216
5903,216
5904,216
5905,216
5906,216
5907,215
5908,215
5909,216
5910,216
5911,216
5912,216
5913,216
5914,216
5915,216
5916,216
5917,216
5918,216
5919,216
5920,216
5921,216
5922,216
5923,216
5924,216
5925,216
5926,216
5927,216
5928,216
5929,216
5930,216
5931,216
5932,216
5933,216
5934,216
5935,216
5936,216
5937,216
5938,216
5939,216
5940,216
5941,216
5942,216
5943,216
5944,216
5945,216
5946,216
5947,216
5948,216
5949,216
5950,216
5951,216
5952,216
5953,216
5954,216
5955,216
5956,216
5957,216
5958,216
5959,216
5960,216
5961,216
5962,216
5963,216
5964,216
5965,216
5966,216
5967,216
5968,216
5969,216
5970,217
5971,216
5972,217
5973,217
5974,216
5975,217
5976,217
5977,217
5978,217
5979,217
5980,217
5981,217
5982,217
5983,217
5984,217
5985,217
5986,217
5987,217
5988,217
5989,217
5990,217
5991,217
5992,217
5993,217
5994,217
5995,217
5996,217
5997,217
5998,217
5999,217
6000,217
6001,217
6002,217
6003,217
6004,217
6005,217
6006,217
6007,217
6008,217
6009,217
6010,217
6011,217
6012,217
6013,217
6014,217
6015,217
6016,217
6017,217
6018,216
6019,216
6020,217
6021,217
6022,216
6023,217
6024,217
6025,217
6026,217
6027,217
6028,217
6029,217
6030,217
6031,217
6032,217
6033,216
6034,217
6035,217
6036,217
6037,217
6038,217
6039,217
6040,217
6041,217
6042,217
6043,217
6044,217
6045,217
6046,217
6047,218
6048,218
6049,217
6050,218
6051,218
6052,218
6053,218
6054,218
6055,218
6056,218
6057,218
6058,218
6059,218
6060,218
6061,218
6062,218
6063,218
6064,218
6065,218
6066,218
6067,218
6068,218
6069,218
6070,218
6071,218
6072,218
6073,218
6074,218
6075,218
6076,218
6077,218
6078,218
6079,218
6080,219
6081,219
6082,219
6083,219
6084,219
6085,219
6086,219
6087,219
6088,219
6089,219
6090,219
6091,219
6092,219
6093,219
6094,219
6095,219
6096,219
6097,219
6098,219
6099,219
6100,219
6101,219
6102,219
6103,219
6104,219
6105,219
6106,219
6107,219
6108,219
6109,219
6110,219
6111,219
6112,219
6113,219
6114,219
6115,219
6116,219
6117,219
6118,219
6119,219
6120,219
6121,219
6122,219
6123,219
6124,219
6125,219
6126,220
6127,220
6128,219
6129,220
6130,220
6131,220
6132,220
6133,219
6134,219
6135,219
6136,219
6137,219
6138,219
6139,219
6140,219
6141,219
6142,219
6143,219
6144,220
6145,219
6146,219
6147,219
6148,219
6149,220
6150,219
6151,219
6152,219
6153,219
6154,219
6155,219
6156,219
6157,219
6158,220
6159,220
6160,220
6161,220
6162,220
6163,220
6164,220
6165,220
6166,220
6167,220
6168,220
6169,220
6170,220
6171,220
6172,220
6173,220
6174,220
6175,220
6176,220
6177,220
6178,220
6179,220
6180,220
6181,220
6182,220
6183,220
6184,220
6185,220
6186,220
6187,220
6188,220
6189,220
6190,220
6191,220
6192,220
6193,220
6194,220
6195,220
6196,220
6197,220
6198,220
6199,220
6200,220
6201,220
6202,220
6203,220
6204,220
6205,220
6206,220
6207,220
6208,220
6209,220
6210,220
6211,220
6212,220
6213,220
6214,220
6215,220
6216,220
6217,220
6218,220
6219,220
6220,220
6221,220
6222,220
6223,220
6224,220
6225,220
6226,220
6227,220
6228,220
6229,220
6230,220
6231,220
6232,220
6233,220
6234,220
6235,220
6236,220
6237,220
6238,220
6239,220
6240,220
6241,220
6242,220
6243,220
6244,220
6245,220
6246,220
6247,220
6248,220
6249,220
6250,220
6251,220
6252,220
6253,220
6254,220
6255,220
6256,220
6257,220
6258,220
6259,220
6260,220
6261,220
6262,220
6263,220
6264,220
6265,220
6266,220
6267,220
6268,220
6269,220
6270,220
6271,220
6272,220
6273,220
6274,221
6275,221
6276,221
6277,221
6278,221
6279,221
6280,221
6281,221
6282,221
6283,221
6284,221
6285,221
6286,221
6287,221
6288,221
6289,221
6290,221
6291,221
6292,221
6293,221
6294,221
6295,221
6296,221
6297,221
6298,221
6299,221
6300,221
6301,221
6302,221
6303,221
6304,221
6305,221
6306,221
6307,221
6308,221
6309,221
6310,221
6311,221
6312,221
6313,221
6314,221
6315,221
6316,221
6317,221
6318,221
6319,221
6320,221
6321,221
6322,221
6323,221
6324,221
6325,221
6326,221
6327,221
6328,221
6329,221
6330,221
6331,221
6332,221
6333,221
6334,221
6335,221
6336,221
6337,221
6338,221
6339,221
6340,221
6341,221
6342,221
6343,221
6344,221
6345,221
6346,221
6347,221
6348,221
6349,221
6350,221
6351,221
6352,221
6353,221
6354,221
6355,221
6356,221
6357,221
6358,221
6359,221
6360,221
6361,221
6362,221
6363,222
6364,222
6365,222
6366,222
6367,222
6368,222
6369,222
6370,222
6371,222
6372,222
6373,222
6374,222
6375,222
6376,222
6377,222
6378,222
6379,222
6380,222
6381,222
6382,222
6383,222
6384,222
6385,222
6386,222
6387,222
6388,222
6389,222
6390,222
6391,222
6392,222
6393,222
6394,222
6395,222
6396,222
6397,222
6398,222
6399,223
6400,222
6401,223
6402,223
6403,223
6404,223
6405,222
6406,222
6407,223
6408,223
6409,223
6410,223
6411,223
6412,223
6413,223
6414,223
6415,223
6416,223
6417,223
6418,223
6419,223
6420,223
6421,223
6422,223
6423,223
6424,223
6425,223
6426,223
6427,223
6428,223
6429,223
6430,223
6431,223
6432,223
6433,223
6434,223
6435,223
6436,223
6437,223
6438,223
6439,223
6440,223
6441,223
6442,223
6443,223
6444,223
6445,223
6446,223
6447,223
6448,223
6449,223
6450,223
6451,223
6452,223
6453,223
6454,223
6455,223
6456,223
6457,223
6458,223
6459,223
6460,223
6461,223
6462,223
6463,223
6464,223
6465,223
6466,223
6467,223
6468,223
6469,222
6470,222
6471,222
6472,222
6473,222
6474,222
6475,222
6476,223
6477,223
6478,223
6479,223
6480,223
6481,223
6482,223
6483,222
6484,222
6485,222
6486,222
6487,222
6488,222
6489,222
6490,222
6491,222
6492,222
6493,222
6494,222
6495,222
6496,222
6497,222
6498,222
6499,222
6500,222
6501,222
6502,222
6503,222
6504,222
6505,222
6506,222
6507,222
6508,222
6509,222
6510,222
6511,222
6512,222
6513,222
6514,222
6515,222
6516,222
6517,222
6518,222
6519,222
6520,222
6521,222
6522,222
6523,222
6524,222
6525,222
6526,222
6527,222
6528,222
6529,222
6530,222
6531,222
6532,222
6533,222
6534,222
6535,222
6536,222
6537,222
6538,222
6539,222
6540,222
6541,222
6542,222
6543,222
6544,222
6545,222
6546,222
6547,222
6548,222
6549,222
6550,222
6551,222
6552,222
6553,222
6554,222
6555,222
6556,222
6557,222
6558,222
6559,222
6560,222
6561,222
6562,222
6563,222
6564,222
6565,222
6566,222
6567,222
6568,222
6569,222
6570,222
6571,222
6572,222
6573,222
6574,222
6575,222
6576,222
6577,222
6578,222
6579,222
6580,223
6581,223
6582,223
6583,223
6584,222
6585,222
6586,222
6587,222
6588,222
6589,222
6590,222
6591,222
6592,222
6593,222
6594,222
6595,222
6596,222
6597,222
6598,222
6599,222
6600,222
6601,222
6602,222
6603,222
6604,222
6605,222
6606,222
6607,222
6608,222
6609,222
6610,222
6611,222
6612,222
6613,222
6614,222
6615,222
6616,222
6617,222
6618,222
6619,222
6620,222
6621,222
6622,222
6623,222
6624,222
6625,222
6626,222
6627,222
6628,222
6629,222
6630,222
6631,222
6632,222
6633,222
6634,222
6635,222
6636,222
6637,222
6638,222
6639,222
6640,222
6641,222
6642,222
6643,222
6644,222
6645,222
6646,222
6647,222
6648,222
6649,222
6650,222
6651,222
6652,222
6653,222
6654,222
6655,222
6656,222
6657,222
6658,222
6659,222
6660,222
6661,222
6662,222
6663,222
6664,222
6665,222
6666,222
6667,222
6668,222
6669,222
6670,222
6671,222
6672,222
6673,222
6674,222
6675,222
6676,222
6677,222
6678,222
6679,222
6680,222
6681,222
6682,222
6683,222
6684,222
6685,222
6686,222
6687,222
6688,222
6689,222
6690,222
6691,222
6692,222
6693,222
6694,222
6695,222
6696,221
6697,222
6698,222
6699,222
6700,221
6701,222
6702,221
6703,222
6704,221
6705,221
6706,221
6707,221
6708,221
6709,222
6710,221
6711,222
6712,221
6713,221
6714,221
6715,221
6716,221
6717,221
6718,221
6719,221
6720,221
6721,221
6722,221
6723,221
6724,221
6725,221
6726,221
6727,221
6728,222
6729,222
6730,222
6731,221
6732,221
6733,221
6734,221
6735,221
6736,221
6737,221
6738,222
6739,222
6740,221
6741,221
6742,222
6743,222
6744,222
6745,222
6746,221
6747,221
6748,221
6749,221
6750,221
6751,221
6752,221
6753,221
6754,221
6755,221
6756,221
6757,221
6758,221
6759,221
6760,221
6761,221
6762,221
6763,221
6764,221
6765,221
6766,221
6767,221
6768,221
6769,221
6770,221
6771,221
6772,221
6773,221
6774,221
6775,221
6776,221
6777,221
6778,221
6779,221
6780,221
6781,221
6782,221
6783,221
6784,221
6785,221
6786,221
6787,221
6788,221
6789,221
6790,221
6791,221
6792,221
6793,221
6794,221
6795,221
6796,221
6797,221
6798,221
6799,222
6800,222
6801,222
6802,221
6803,221
6804,221
6805,221
6806,221
6807,222
6808,222
6809,222
6810,222
6811,222
6812,222
6813,222
6814,222
6815,222
6816,222
6817,222
6818,222
6819,222
6820,222
6821,222
6822,222
6823,222
6824,222
6825,222
6826,222
6827,222
6828,222
6829,222
6830,222
6831,222
6832,222
6833,222
6834,222
6835,222
6836,222
6837,222
6838,222
6839,222
6840,222
6841,222
6842,222
6843,222
6844,222
6845,222
6846,222
6847,222
6848,222
6849,222
6850,222
6851,222
6852,222
6853,222
6854,222
6855,223
6856,223
6857,223
6858,223
6859,223
6860,223
6861,223
6862,223
6863,223
6864,223
6865,223
6866,223
6867,223
6868,223
6869,223
6870,223
6871,223
6872,223
6873,223
6874,223
6875,223
6876,223
6877,223
6878,223
6879,223
6880,223
6881,223
6882,224
6883,223
6884,223
6885,223
6886,223
6887,223
6888,223
6889,223
6890,223
6891,223
6892,223
6893,224
6894,224
6895,223
6896,224
6897,224
6898,224
6899,224
6900,224
6901,224
6902,224
6903,224
6904,223
6905,223
6906,223
6907,223
6908,223
6909,223
6910,223
6911,223
6912,223
6913,224
6914,224
6915,224
6916,223
6917,223
6918,224
6919,224
6920,224
6921,224
6922,224
6923,224
6924,224
6925,224
6926,224
6927,224
6928,224
6929,224
6930,224
6931,224
6932,224
6933,224
6934,224
6935,224
6936,224
6937,224
6938,224
6939,224
6940,224
6941,224
6942,224
6943,224
6944,224
6945,224
6946,224
6947,224
6948,224
6949,224
6950,224
6951,224
6952,224
6953,224
6954,224
6955,224
6956,224
6957,224
6958,224
6959,224
6960,224
6961,224
6962,224
6963,224
6964,224
6965,224
6966,225
6967,225
6968,225
6969,225
6970,225
6971,225
6972,225
6973,225
6974,225
6975,225
6976,225
6977,225
6978,225
6979,225
6980,225
6981,225
6982,225
6983,225
6984,225
6985,225
6986,225
6987,225
6988,225
6989,225
6990,225
6991,225
6992,225
6993,225
6994,225
6995,225
6996,225
6997,225
6998,225
6999,225
7000,225
7001,225
7002,225
7003,225
7004,225
7005,225
7006,225
7007,225
7008,225
7009,225
7010,225
7011,225
7012,225
7013,225
7014,225
7015,225
7016,225
7017,225
7018,225
7019,226
7020,226
7021,226
7022,225
7023,225
7024,225
7025,225
7026,225
7027,225
7028,225
7029,225
7030,226
7031,226
7032,226
7033,226
7034,226
7035,226
7036,226
7037,226
7038,226
7039,226
7040,226
7041,226
7042,226
7043,226
7044,226
7045,226
7046,226
7047,226
7048,226
7049,226
7050,226
7051,226
7052,226
7053,226
7054,226
7055,226
7056,226
7057,226
7058,226
7059,226
7060,226
7061,226
7062,226
7063,226
7064,226
7065,226
7066,226
7067,226
7068,226
7069,226
7070,226
7071,226
7072,226
7073,226
7074,226
7075,226
7076,226
7077,226
7078,226
7079,226
7080,226
7081,226
7082,226
7083,226
7084,226
7085,226
7086,226
7087,226
7088,226
7089,226
7090,226
7091,226
7092,226
7093,226
7094,226
7095,226
7096,226
7097,226
7098,226
7099,226
7100,225
7101,225
7102,226
7103,226
7104,226
7105,226
7106,226
7107,226
7108,226
7109,226
7110,226
7111,226
7112,226
7113,226
7114,226
7115,226
7116,226
7117,226
7118,226
7119,226
7120,226
7121,226
7122,226
7123,226
7124,226
7125,226
7126,226
7127,226
7128,226
7129,226
7130,226
7131,226
7132,226
7133,226
7134,226
7135,226
7136,226
7137,226
7138,226
7139,226
7140,226
7141,227
7142,226
7143,226
7144,227
7145,227
7146,227
7147,227
7148,227
7149,227
7150,227
7151,227
7152,227
7153,227
7154,227
7155,227
7156,227
7157,227
7158,227
7159,227
7160,227
7161,227
7162,227
7163,227
7164,227
7165,227
7166,227
7167,227
7168,227
7169,227
7170,227
7171,227
7172,227
7173,227
7174,227
7175,227
7176,227
7177,227
7178,227
7179,228
7180,228
7181,228
7182,228
7183,228
7184,228
7185,228
7186,228
7187,228
7188,228
7189,228
7190,228
7191,228
7192,228
7193,228
7194,228
7195,228
7196,228
7197,228
7198,228
7199,228
7200,228
7201,228
7202,228
7203,228
7204,228
7205,228
7206,228
7207,228
7208,228
7209,228
7210,228
7211,228
7212,228
7213,228
7214,228
7215,228
7216,228
7217,228
7218,228
7219,228
7220,228
7221,228
7222,228
7223,228
7224,228
7225,228
7226,228
7227,228
7228,228
7229,228
7230,228
7231,228
7232,228
7233,228
7234,228
7235,228
7236,228
7237,228
7238,228
7239,228
7240,228
7241,228
7242,228
7243,228
7244,228
7245,228
7246,228
7247,228
7248,228
7249,228
7250,228
7251,228
7252,228
7253,228
7254,228
7255,228
7256,228
7257,228
7258,228
7259,228
7260,228
7261,228
7262,228
7263,228
7264,228
7265,228
7266,228
7267,228
7268,228
7269,228
7270,228
7271,228
7272,228
7273,228
7274,228
7275,228
7276,228
7277,228
7278,228
7279,228
7280,228
7281,228
7282,228
7283,228
7284,228
7285,228
7286,228
7287,228
7288,228
7289,228
7290,228
7291,228
7292,228
7293,228
7294,228
7295,228
7296,228
7297,228
7298,228
7299,228
7300,228
7301,228
7302,228
7303,228
7304,228
7305,228
7306,228
7307,228
7308,228
7309,228
7310,228
7311,228
7312,228
7313,228
7314,228
7315,228
7316,228
7317,228
7318,228
7319,228
7320,228
7321,228
7322,228
7323,228
7324,228
7325,228
7326,228
7327,228
7328,228
7329,228
7330,228
7331,228
7332,228
7333,228
7334,228
7335,228
7336,228
7337,228
7338,228
7339,228
7340,228
7341,228
7342,228
7343,228
7344,228
7345,228
7346,228
7347,228
7348,228
7349,228
7350,228
7351,228
7352,228
7353,228
7354,228
7355,228
7356,228
7357,228
7358,228
7359,228
7360,228
7361,228
7362,228
7363,228
7364,228
7365,228
7366,228
7367,228
7368,228
7369,229
7370,228
7371,229
7372,229
7373,228
7374,228
7375,228
7376,229
7377,229
7378,229
7379,229
7380,229
7381,229
7382,229
7383,229
7384,229
7385,229
7386,229
7387,229
7388,229
7389,229
7390,229
7391,229
7392,229
7393,229
7394,229
7395,230
7396,230
7397,230
7398,230
7399,230
7400,230
7401,230
7402,230
7403,230
7404,230
7405,230
7406,230
7407,230
7408,230
7409,230
7410,230
7411,230
7412,230
7413,230
7414,230
7415,230
7416,230
7417,230
7418,230
7419,230
7420,230
7421,230
7422,230
7423,230
7424,230
7425,230
7426,230
7427,230
7428,230
7429,230
7430,230
7431,230
7432,230
7433,230
7434,230
7435,230
7436,230
7437,230
7438,230
7439,230
7440,230
7441,230
7442,230
7443,230
7444,230
7445,230
7446,230
7447,230
7448,230
7449,230
7450,230
7451,230
7452,230
7453,230
7454,230
7455,230
7456,230
7457,230
7458,230
7459,230
7460,230
7461,230
7462,230
7463,230
7464,230
7465,230
7466,230
7467,230
7468,230
7469,230
7470,230
7471,230
7472,230
7473,230
7474,230
7475,230
7476,229
7477,229
7478,230
7479,229
7480,229
7481,229
7482,229
7483,230
7484,230
7485,229
7486,229
7487,229
7488,229
7489,229
7490,229
7491,229
7492,229
7493,229
7494,229
7495,229
7496,229
7497,229
7498,229
7499,229
7500,229
7501,229
7502,229
7503,229
7504,229
7505,229
7506,229
7507,229
7508,229
7509,229
7510,229
7511,229
7512,229
7513,229
7514,229
7515,229
7516,229
7517,229
7518,229
7519,229
7520,229
7521,229
7522,229
7523,229
7524,229
7525,229
7526,229
7527,229
7528,229
7529,228
7530,228
7531,228
7532,228
7533,228
7534,229
7535,229
7536,229
7537,229
7538,229
7539,229
7540,229
7541,229
7542,229
7543,229
7544,229
7545,229
7546,229
7547,229
7548,229
7549,229
7550,229
7551,229
7552,229
7553,229
7554,229
7555,229
7556,229
7557,229
7558,229
7559,229
7560,229
7561,229
7562,229
7563,229
7564,229
7565,229
7566,229
7567,229
7568,229
7569,229
7570,229
7571,229
7572,229
7573,229
7574,230
7575,229
7576,229
7577,229
7578,230
7579,230
7580,230
7581,230
7582,230
7583,230
7584,230
7585,230
7586,230
7587,230
7588,230
7589,230
7590,230
7591,230
7592,230
7593,230
7594,230
7595,230
7596,230
7597,230
7598,230
7599,230
7600,230
7601,230
7602,230
7603,230
7604,230
7605,230
7606,230
7607,230
7608,231
7609,230
7610,230
7611,230
7612,230
7613,230
7614,230
7615,230
7616,230
7617,230
7618,230
7619,230
7620,230
7621,230
7622,230
7623,230
7624,230
7625,230
7626,230
7627,230
7628,230
7629,230
7630,230
7631,230
7632,230
7633,230
7634,230
7635,230
7636,230
7637,230
7638,230
7639,230
7640,230
7641,230
7642,230
7643,230
7644,230
7645,230
7646,230
7647,230
7648,230
7649,230
7650,231
7651,230
7652,230
7653,230
7654,230
7655,230
7656,230
7657,230
7658,230
7659,230
7660,230
7661,230
7662,230
7663,230
7664,230
7665,230
7666,230
7667,230
7668,230
7669,230
7670,230
7671,230
7672,230
7673,230
7674,230
7675,230
7676,230
7677,230
7678,230
7679,230
7680,230
7681,230
7682,230
7683,230
7684,230
7685,230
7686,230
7687,230
7688,230
7689,230
7690,230
7691,230
7692,230
7693,230
7694,230
7695,230
7696,230
7697,230
7698,230
7699,230
7700,230
7701,230
7702,230
7703,230
7704,230
7705,230
7706,230
7707,230
7708,230
7709,230
7710,230
7711,230
7712,230
7713,230
7714,230
7715,230
7716,230
7717,230
7718,230
7719,230
7720,230
7721,230
7722,230
7723,230
7724,230
7725,230
7726,230
7727,230
7728,230
7729,231
7730,231
7731,231
7732,231
7733,231
7734,231
7735,231
7736,231
7737,230
7738,231
7739,231
7740,231
7741,231
7742,231
7743,231
7744,231
7745,231
7746,231
7747,231
7748,231
7749,231
7750,231
7751,230
7752,231
7753,230
7754,230
7755,230
7756,230
7757,230
7758,230
7759,230
7760,230
7761,230
7762,230
7763,230
7764,230
7765,230
7766,230
7767,231
7768,231
7769,231
7770,231
7771,231
7772,231
7773,231
7774,231
7775,231
7776,231
7777,231
7778,231
7779,231
7780,231
7781,231
7782,231
7783,231
7784,231
7785,231
7786,231
7787,231
7788,231
7789,231
7790,231
7791,231
7792,231
7793,231
7794,231
7795,231
7796,231
7797,231
7798,231
7799,231
7800,231
7801,231
7802,231
7803,231
7804,231
7805,231
7806,231
7807,231
7808,231
7809,231
7810,231
7811,231
7812,231
7813,230
7814,231
7815,231
7816,231
7817,231
7818,231
7819,230
7820,230
7821,230
7822,230
7823,231
7824,230
7825,230
7826,231
7827,231
7828,231
7829,231
7830,231
7831,231
7832,231
7833,231
7834,231
7835,231
7836,231
7837,231
7838,231
7839,231
7840,231
7841,231
7842,231
7843,231
7844,231
7845,231
7846,231
7847,231
7848,231
7849,231
7850,231
7851,231
7852,231
7853,231
7854,231
7855,231
7856,231
7857,231
7858,231
7859,231
7860,231
7861,231
7862,231
7863,231
7864,231
7865,231
7866,231
7867,231
7868,231
7869,231
7870,231
7871,231
7872,231
7873,231
7874,231
7875,231
7876,231
7877,231
7878,231
7879,231
7880,231
7881,231
7882,231
7883,231
7884,231
7885,231
7886,231
7887,231
7888,231
7889,231
7890,232
7891,232
7892,232
7893,232
7894,232
7895,231
7896,231
7897,231
7898,231
7899,231
7900,232
7901,232
7902,232
7903,232
7904,232
7905,232
7906,232
7907,232
7908,232
7909,232
7910,232
7911,232
7912,232
7913,232
7914,232
7915,232
7916,232
7917,232
7918,232
7919,232
7920,232
7921,232
7922,232
7923,232
7924,232
7925,232
7926,232
7927,232
7928,232
7929,232
7930,233
7931,233
7932,233
7933,233
7934,233
7935,233
7936,233
7937,233
7938,233
7939,233
7940,233
7941,232
7942,232
7943,232
7944,232
7945,233
7946,233
7947,233
7948,233
7949,233
7950,233
7951,233
7952,233
7953,233
7954,233
7955,233
7956,233
7957,233
7958,233
7959,233
7960,233
7961,233
7962,233
7963,233
7964,233
7965,233
7966,233
7967,233
7968,233
7969,233
7970,233
7971,233
7972,233
7973,233
7974,234
7975,234
7976,234
7977,234
7978,234
7979,234
7980,234
7981,234
7982,234
7983,234
7984,234
7985,234
7986,234
7987,234
7988,234
7989,234
7990,234
7991,234
7992,234
7993,234
7994,234
7995,234
7996,234
7997,234
7998,234
7999,234
8000,234
8001,234
8002,234
8003,234
8004,234
8005,234
8006,234
8007,234
8008,234
8009,234
8010,234
8011,234
8012,234
8013,234
8014,234
8015,234
8016,234
8017,234
8018,234
8019,234
8020,234
8021,234
8022,234
8023,234
8024,234
8025,234
8026,234
8027,234
8028,234
8029,234
8030,234
8031,234
8032,234
8033,234
8034,234
8035,234
8036,234
8037,234
8038,234
8039,234
8040,234
8041,234
8042,234
8043,234
8044,234
8045,234
8046,234
8047,234
8048,234
8049,234
8050,234
8051,234
8052,234
8053,234
8054,234
8055,234
8056,234
8057,234
8058,234
8059,234
8060,234
8061,234
8062,234
8063,234
8064,234
8065,234
8066,234
8067,234
8068,234
8069,234
8070,234
8071,234
8072,234
8073,234
8074,234
8075,234
8076,234
8077,234
8078,234
8079,234
8080,234
8081,234
8082,234
8083,234
8084,234
8085,234
8086,234
8087,234
8088,234
8089,234
8090,234
8091,234
8092,234
8093,234
8094,234
8095,234
8096,234
8097,234
8098,234
8099,234
8100,234
8101,234
8102,234
8103,234
8104,234
8105,234
8106,234
8107,234
8108,234
8109,234
8110,234
8111,234
8112,234
8113,234
8114,234
8115,234
8116,234
8117,234
8118,234
8119,234
8120,234
8121,234
8122,234
8123,234
8124,234
8125,234
8126,234
8127,234
8128,234
8129,234
8130,234
8131,234
8132,234
8133,234
8134,234
8135,234
8136,234
8137,234
8138,234
8139,234
8140,234
8141,234
8142,233
8143,234
8144,234
8145,234
8146,234
8147,234
8148,234
8149,234
8150,234
8151,234
8152,234
8153,234
8154,234
8155,234
8156,234
8157,234
8158,234
8159,234
8160,234
8161,234
8162,234
8163,234
8164,234
8165,234
8166,234
8167,234
8168,234
8169,234
8170,234
8171,234
8172,234
8173,234
8174,234
8175,234
8176,234
8177,234
8178,234
8179,234
8180,234
8181,234
8182,234
8183,234
8184,234
8185,234
8186,234
8187,234
8188,234
8189,234
8190,234
8191,234
8192,234
8193,234
8194,234
8195,234
8196,234
8197,234
8198,234
8199,234
8200,234
8201,234
8202,234
8203,234
8204,234
8205,234
8206,234
8207,234
8208,234
8209,234
8210,234
8211,234
8212,234
8213,234
8214,234
8215,234
8216,234
8217,234
8218,234
8219,234
8220,234
8221,234
8222,234
8223,234
8224,234
8225,235
8226,235
8227,234
8228,234
8229,234
8230,234
8231,234
8232,234
8233,234
8234,234
8235,234
8236,234
8237,234
8238,234
8239,234
8240,234
8241,234
8242,234
8243,234
8244,234
8245,234
8246,234
8247,234
8248,235
8249,235
8250,235
8251,235
8252,235
8253,235
8254,235
8255,235
8256,235
8257,235
8258,235
8259,235
8260,235
8261,235
8262,235
8263,235
8264,235
8265,235
8266,235
8267,235
8268,236
8269,235
8270,235
8271,235
8272,235
8273,235
8274,235
8275,235
8276,235
8277,235
8278,235
8279,235
8280,235
8281,235
8282,235
8283,235
8284,235
8285,235
8286,235
8287,235
8288,235
8289,235
8290,235
8291,235
8292,235
8293,235
8294,235
8295,235
8296,235
8297,235
8298,235
8299,236
8300,236
8301,236
8302,236
8303,236
8304,236
8305,236
8306,235
8307,235
8308,235
8309,235
8310,235
8311,235
8312,235
8313,235
8314,235
8315,235
8316,235
8317,235
8318,235
8319,235
8320,235
8321,235
8322,235
8323,235
8324,235
8325,235
8326,235
8327,235
8328,235
8329,236
8330,235
8331,235
8332,235
8333,235
8334,236
8335,236
8336,236
8337,236
8338,236
8339,236
8340,236
8341,236
8342,236
8343,236
8344,236
8345,236
8346,236
8347,236
8348,236
8349,236
8350,236
8351,236
8352,236
8353,236
8354,236
8355,236
8356,236
8357,236
8358,236
8359,237
8360,237
8361,237
8362,237
8363,237
8364,237
8365,237
8366,237
8367,237
8368,237
8369,237
8370,237
8371,237
8372,237
8373,237
8374,237
8375,237
8376,237
8377,237
8378,237
8379,237
8380,238
8381,238
8382,238
8383,238
8384,238
8385,237
8386,238
8387,238
8388,238
8389,238
8390,237
8391,237
8392,237
8393,237
8394,238
8395,237
8396,237
8397,237
8398,238
8399,237
8400,238
8401,237
8402,238
8403,237
8404,238
8405,237
8406,237
8407,237
8408,238
8409,238
8410,238
8411,238
8412,238
8413,238
8414,238
8415,238
8416,238
8417,238
8418,238
8419,238
8420,238
8421,238
8422,238
8423,238
8424,238
8425,238
8426,238
8427,238
8428,238
8429,238
8430,238
8431,238
8432,238
8433,238
8434,238
8435,238
8436,238
8437,238
8438,238
8439,238
8440,237
8441,238
8442,238
8443,238
8444,238
8445,238
8446,238
8447,238
8448,238
8449,238
8450,238
8451,238
8452,238
8453,238
8454,238
8455,238
8456,238
8457,238
8458,238
8459,238
8460,238
8461,238
8462,238
8463,238
8464,238
8465,238
8466,237
8467,237
8468,238
8469,237
8470,237
8471,237
8472,237
8473,237
8474,237
8475,237
8476,238
8477,238
8478,238
8479,238
8480,238
8481,238
8482,238
8483,237
8484,238
8485,238
8486,238
8487,238
8488,238
8489,238
8490,238
8491,238
8492,237
8493,238
8494,238
8495,237
8496,237
8497,237
8498,237
8499,237
8500,237
8501,237
8502,237
8503,237
8504,237
8505,237
8506,237
8507,237
8508,237
8509,237
8510,237
8511,237
8512,237
8513,237
8514,237
8515,237
8516,237
8517,237
8518,237
8519,237
8520,237
8521,237
8522,237
8523,237
8524,238
8525,237
8526,238
8527,237
8528,237
8529,237
8530,237
8531,237
8532,237
8533,237
8534,237
8535,237
8536,237
8537,237
8538,237
8539,237
8540,237
8541,237
8542,237
8543,237
8544,237
8545,237
8546,237
8547,237
8548,237
8549,237
8550,237
8551,237
8552,237
8553,237
8554,237
8555,237
8556,237
8557,237
8558,237
8559,237
8560,237
8561,237
8562,237
8563,237
8564,237
8565,237
8566,237
8567,237
8568,237
8569,237
8570,237
8571,237
8572,237
8573,237
8574,237
8575,237
8576,237
8577,237
8578,237
8579,237
8580,237
8581,237
8582,237
8583,237
8584,237
8585,237
8586,237
8587,237
8588,237
8589,237
8590,237
8591,237
8592,237
8593,238
8594,238
8595,238
8596,238
8597,237
8598,237
8599,237
8600,237
8601,237
8602,237
8603,237
8604,237
8605,237
8606,237
8607,237
8608,237
8609,237
8610,237
8611,237
8612,237
8613,237
8614,237
8615,237
8616,237
8617,237
8618,237
8619,237
8620,237
8621,237
8622,238
8623,237
8624,238
8625,237
8626,237
8627,237
8628,237
8629,237
8630,238
8631,238
8632,238
8633,237
8634,237
8635,238
8636,237
8637,238
8638,238
8639,238
8640,238
8641,237
8642,237
8643,238
8644,238
8645,237
8646,237
8647,237
8648,237
8649,237
8650,237
8651,237
8652,237
8653,237
8654,237
8655,237
8656,237
8657,238
8658,238
8659,238
8660,238
8661,238
8662,238
8663,237
8664,237
8665,237
8666,238
8667,238
8668,237
8669,237
8670,237
8671,237
8672,237
8673,237
8674,237
8675,237
8676,237
8677,237
8678,237
8679,237
8680,237
8681,237
8682,238
8683,238
8684,238
8685,238
8686,238
8687,237
8688,237
8689,237
8690,237
8691,238
8692,238
8693,238
8694,238
8695,238
8696,238
8697,238
8698,238
8699,238
8700,238
8701,238
8702,238
8703,238
8704,238
8705,238
8706,238
8707,238
8708,238
8709,238
8710,238
8711,238
8712,238
8713,238
8714,238
8715,238
8716,238
8717,238
8718,238
8719,238
8720,238
8721,238
8722,238
8723,238
8724,238
8725,238
8726,239
8727,239
8728,239
8729,239
8730,239
8731,239
8732,239
8733,239
8734,239
8735,239
8736,239
8737,239
8738,239
8739,239
8740,239
8741,239
8742,239
8743,239
8744,239
8745,239
8746,239
8747,239
8748,239
8749,239
8750,239
8751,238
8752,238
8753,238
8754,238
8755,239
8756,238
8757,239
8758,238
8759,238
8760,238
8761,238
8762,238
8763,238
8764,238
8765,239
8766,238
8767,239
8768,239
8769,239
8770,239
8771,239
8772,239
8773,239
8774,239
8775,239
8776,239
8777,239
8778,239
8779,239
8780,239
8781,239
8782,239
8783,239
8784,239
8785,239
8786,239
8787,239
8788,239
8789,239
8790,239
8791,239
8792,239
8793,239
8794,239
8795,239
8796,239
8797,239
8798,239
8799,239
8800,239
8801,239
8802,238
8803,239
8804,239
8805,239
8806,239
8807,239
8808,239
8809,239
8810,239
8811,239
8812,239
8813,239
8814,239
8815,239
8816,239
8817,239
8818,239
8819,239
8820,238
8821,238
8822,238
8823,238
8824,238
8825,238
8826,238
8827,239
8828,238
8829,238
8830,238
8831,238
8832,238
8833,238
8834,238
8835,238
8836,238
8837,238
8838,238
8839,238
8840,238
8841,238
8842,238
8843,238
8844,238
8845,238
8846,238
8847,238
8848,238
8849,238
8850,238
8851,238
8852,238
8853,238
8854,238
8855,238
8856,238
8857,238
8858,238
8859,238
8860,238
8861,238
8862,238
8863,238
8864,238
8865,238
8866,238
8867,238
8868,238
8869,238
8870,238
8871,238
8872,238
8873,238
8874,238
8875,238
8876,238
8877,238
8878,238
8879,238
8880,238
8881,238
8882,238
8883,238
8884,238
8885,238
8886,238
8887,238
8888,238
8889,238
8890,238
8891,238
8892,238
8893,238
8894,238
8895,238
8896,238
8897,238
8898,238
8899,238
8900,238
8901,238
8902,238
8903,238
8904,238
8905,238
8906,238
8907,238
8908,238
8909,238
8910,238
8911,238
8912,238
8913,238
8914,238
8915,238
8916,238
8917,238
8918,238
8919,238
8920,238
8921,238
8922,238
8923,238
8924,238
8925,238
8926,238
8927,238
8928,238
8929,238
8930,239
8931,239
8932,238
8933,239
8934,239
8935,239
8936,239
8937,239
8938,239
8939,239
8940,239
8941,239
8942,239
8943,239
8944,239
8945,239
8946,239
8947,239
8948,239
8949,239
8950,239
8951,239
8952,239
8953,239
8954,239
8955,239
8956,239
8957,239
8958,239
8959,239
8960,239
8961,239
8962,239
8963,239
8964,239
8965,239
8966,239
8967,239
8968,239
8969,239
8970,239
8971,239
8972,239
8973,239
8974,239
8975,239
8976,239
8977,239
8978,239
8979,239
8980,240
8981,239
8982,240
8983,240
8984,240
8985,240
8986,240
8987,240
8988,239
8989,239
8990,239
8991,239
8992,240
8993,240
8994,240
8995,240
8996,240
8997,239
8998,239
8999,239
9000,239
9001,239
9002,240
9003,239
9004,239
9005,239
9006,239
9007,239
9008,239
9009,239
9010,239
9011,239
9012,239
9013,239
9014,239
9015,239
9016,239
9017,239
9018,239
9019,239
9020,239
9021,239
9022,239
9023,239
9024,239
9025,239
9026,239
9027,239
9028,239
9029,239
9030,239
9031,239
9032,239
9033,239
9034,239
9035,239
9036,239
9037,239
9038,239
9039,239
9040,239
9041,238
9042,239
9043,239
9044,239
9045,239
9046,239
9047,239
9048,239
9049,239
9050,239
9051,239
9052,239
9053,239
9054,239
9055,239
9056,239
9057,239
9058,239
9059,239
9060,239
9061,239
9062,239
9063,239
9064,239
9065,239
9066,239
9067,239
9068,238
9069,239
9070,238
9071,239
9072,239
9073,239
9074,239
9075,239
9076,239
9077,239
9078,239
9079,239
9080,239
9081,239
9082,239
9083,239
9084,239
9085,239
9086,239
9087,239
9088,239
9089,239
9090,239
9091,239
9092,239
9093,239
9094,239
9095,239
9096,239
9097,239
9098,239
9099,239
9100,239
9101,239
9102,239
9103,239
9104,239
9105,239
9106,239
9107,239
9108,239
9109,239
9110,239
9111,239
9112,239
9113,239
9114,239
9115,239
9116,239
9117,239
9118,239
9119,239
9120,239
9121,239
9122,239
9123,240
9124,240
9125,240
9126,240
9127,240
9128,240
9129,239
9130,240
9131,240
9132,240
9133,240
9134,239
9135,239
9136,239
9137,240
9138,240
9139,240
9140,239
9141,239
9142,239
9143,239
9144,239
9145,239
9146,238
9147,239
9148,238
9149,238
9150,238
9151,239
9152,239
9153,239
9154,239
9155,239
9156,239
9157,239
9158,239
9159,239
9160,239
9161,238
9162,238
9163,239
9164,239
9165,238
9166,238
9167,238
9168,238
9169,238
9170,238
9171,239
9172,239
9173,239
9174,239
9175,238
9176,238
9177,238
9178,239
9179,238
9180,238
9181,239
9182,239
9183,239
9184,239
9185,239
9186,238
9187,239
9188,239
9189,239
9190,239
9191,239
9192,239
9193,239
9194,239
9195,239
9196,239
9197,239
9198,239
9199,238
9200,239
9201,239
9202,239
9203,239
9204,238
9205,238
9206,238
9207,238
9208,238
9209,238
9210,238
9211,239
9212,238
9213,238
9214,238
9215,238
9216,238
9217,238
9218,238
9219,238
9220,238
9221,238
9222,238
9223,238
9224,238
9225,238
9226,238
9227,238
9228,238
9229,238
9230,238
9231,238
9232,238
9233,238
9234,238
9235,238
9236,238
9237,238
9238,238
9239,238
9240,238
9241,238
9242,238
9243,238
9244,238
9245,238
9246,238
9247,238
9248,238
9249,238
9250,238
9251,238
9252,238
9253,238
9254,238
9255,238
9256,237
9257,238
9258,238
9259,238
9260,238
9261,238
9262,238
9263,238
9264,238
9265,238
9266,238
9267,238
9268,238
9269,238
9270,238
9271,238
9272,238
9273,238
9274,238
9275,238
9276,238
9277,238
9278,238
9279,239
9280,238
9281,239
9282,238
9283,239
9284,239
9285,239
9286,239
9287,239
9288,239
9289,239
9290,239
9291,239
9292,239
9293,239
9294,239
9295,239
9296,239
9297,239
9298,239
9299,239
9300,239
9301,239
9302,239
9303,239
9304,239
9305,239
9306,239
9307,239
9308,239
9309,239
9310,239
9311,239
9312,240
9313,239
9314,239
9315,240
9316,240
9317,240
9318,240
9319,240
9320,240
9321,240
9322,240
9323,240
9324,240
9325,240
9326,240
9327,240
9328,240
9329,240
9330,240
9331,240
9332,240
9333,240
9334,240
9335,240
9336,240
9337,240
9338,240
9339,240
9340,241
9341,241
9342,241
9343,241
9344,240
9345,241
9346,241
9347,241
9348,241
9349,241
9350,241
9351,241
9352,241
9353,241
9354,241
9355,241
9356,241
9357,241
9358,241
9359,241
9360,241
9361,241
9362,241
9363,241
9364,241
9365,241
9366,241
9367,241
9368,241
9369,241
9370,241
9371,241
9372,241
9373,241
9374,241
9375,241
9376,241
9377,241
9378,241
9379,241
9380,241
9381,241
9382,241
9383,241
9384,241
9385,241
9386,241
9387,241
9388,241
9389,241
9390,241
9391,241
9392,241
9393,241
9394,241
9395,242
9396,242
9397,242
9398,241
9399,241
9400,241
9401,241
9402,241
9403,241
9404,241
9405,242
9406,241
9407,241
9408,241
9409,241
9410,241
9411,241
9412,241
9413,241
9414,241
9415,241
9416,241
9417,241
9418,241
9419,242
9420,242
9421,242
9422,242
9423,242
9424,242
9425,242
9426,242
9427,242
9428,242
9429,241
9430,241
9431,241
9432,241
9433,241
9434,241
9435,241
9436,241
9437,241
9438,241
9439,241
9440,241
9441,241
9442,241
9443,241
9444,241
9445,241
9446,242
9447,242
9448,241
9449,241
9450,241
9451,241
9452,241
9453,241
9454,241
9455,241
9456,241
9457,241
9458,241
9459,241
9460,241
9461,241
9462,241
9463,241
9464,241
9465,241
9466,241
9467,241
9468,241
9469,241
9470,241
9471,241
9472,241
9473,241
9474,241
9475,241
9476,241
9477,241
9478,241
9479,241
9480,241
9481,241
9482,241
9483,241
9484,241
9485,241
9486,241
9487,241
9488,241
9489,241
9490,241
9491,241
9492,241
9493,241
9494,241
9495,241
9496,241
9497,241
9498,241
9499,241
9500,241
9501,241
9502,241
9503,241
9504,241
9505,241
9506,241
9507,241
9508,241
9509,241
9510,241
9511,241
9512,241
9513,241
9514,241
9515,241
9516,241
9517,241
9518,241
9519,241
9520,242
9521,241
9522,241
9523,241
9524,241
9525,241
9526,241
9527,242
9528,242
9529,242
9530,242
9531,242
9532,242
9533,242
9534,242
9535,242
9536,242
9537,242
9538,242
9539,242
9540,242
9541,242
9542,242
9543,242
9544,242
9545,242
9546,242
9547,242
9548,242
9549,242
9550,242
9551,242
9552,242
9553,242
9554,242
9555,243
9556,243
9557,243
9558,243
9559,242
9560,243
9561,243
9562,242
9563,243
9564,243
9565,243
9566,243
9567,243
9568,243
9569,243
9570,243
9571,242
9572,242
9573,242
9574,242
9575,242
9576,243
9577,243
9578,243
9579,243
9580,243
9581,243
9582,243
9583,243
9584,243
9585,243
9586,243
9587,243
9588,243
9589,243
9590,243
9591,243
9592,243
9593,243
9594,243
9595,243
9596,243
9597,243
9598,243
9599,243
9600,243
9601,243
9602,243
9603,243
9604,243
9605,243
9606,243
9607,243
9608,243
9609,243
9610,243
9611,243
9612,243
9613,243
9614,243
9615,243
9616,243
9617,243
9618,243
9619,243
9620,243
9621,244
9622,243
9623,243
9624,243
9625,243
9626,243
9627,243
9628,243
9629,243
9630,243
9631,243
9632,243
9633,243
9634,243
9635,243
9636,243
9637,243
9638,243
9639,243
9640,243
9641,243
9642,243
9643,243
9644,243
9645,243
9646,243
9647,243
9648,243
9649,243
9650,243
9651,243
9652,243
9653,243
9654,243
9655,243
9656,243
9657,243
9658,243
9659,243
9660,243
9661,243
9662,243
9663,243
9664,243
9665,243
9666,243
9667,243
9668,243
9669,242
9670,242
9671,242
9672,242
9673,242
9674,242
9675,242
9676,243
9677,242
9678,243
9679,242
9680,243
9681,242
9682,242
9683,242
9684,242
9685,243
9686,243
9687,243
9688,243
9689,243
9690,242
9691,242
9692,242
9693,242
9694,242
9695,242
9696,242
9697,242
9698,242
9699,242
9700,242
9701,242
9702,242
9703,242
9704,242
9705,242
9706,242
9707,242
9708,242
9709,242
9710,242
9711,242
9712,242
9713,242
9714,242
9715,242
9716,242
9717,242
9718,242
9719,242
9720,242
9721,242
9722,242
9723,242
9724,242
9725,242
9726,242
9727,242
9728,242
9729,242
9730,242
9731,242
9732,242
9733,242
9734,242
9735,243
9736,242
9737,242
9738,242
9739,242
9740,242
9741,242
9742,242
9743,242
9744,242
9745,242
9746,242
9747,242
9748,242
9749,242
9750,242
9751,242
9752,242
9753,242
9754,242
9755,242
9756,242
9757,242
9758,242
9759,242
9760,242
9761,242
9762,242
9763,242
9764,242
9765,242
9766,242
9767,242
9768,242
9769,242
9770,242
9771,242
9772,243
9773,243
9774,242
9775,243
9776,243
9777,243
9778,243
9779,243
9780,243
9781,243
9782,243
9783,243
9784,243
9785,243
9786,243
9787,243
9788,243
9789,243
9790,243
9791,243
9792,243
9793,243
9794,243
9795,244
9796,243
9797,244
9798,243
9799,244
9800,244
9801,244
9802,244
9803,244
9804,244
9805,244
9806,244
9807,244
9808,244
9809,244
9810,244
9811,244
9812,244
9813,244
9814,244
9815,244
9816,244
9817,244
9818,244
9819,244
9820,244
9821,244
9822,243
9823,243
9824,243
9825,243
9826,243
9827,243
9828,243
9829,244
9830,244
9831,244
9832,244
9833,243
9834,243
9835,243
9836,243
9837,244
9838,244
9839,243
9840,244
9841,244
9842,244
9843,244
9844,244
9845,244
9846,244
9847,244
9848,244
9849,244
9850,244
9851,244
9852,244
9853,244
9854,244
9855,244
9856,244
9857,244
9858,245
9859,245
9860,245
9861,245
9862,245
9863,245
9864,245
9865,245
9866,245
9867,245
9868,245
9869,245
9870,245
9871,245
9872,245
9873,245
9874,245
9875,245
9876,245
9877,245
9878,245
9879,245
9880,245
9881,245
9882,245
9883,245
9884,245
9885,245
9886,245
9887,245
9888,245
9889,245
9890,245
9891,245
9892,245
9893,245
9894,245
9895,245
9896,245
9897,245
9898,245
9899,245
9900,245
9901,245
9902,245
9903,245
9904,245
9905,245
9906,245
9907,245
9908,245
9909,245
9910,245
9911,245
9912,245
9913,246
9914,246
9915,246
9916,246
9917,246
9918,246
9919,246
9920,246
9921,246
9922,246
9923,246
9924,246
9925,246
9926,246
9927,246
9928,246
9929,246
9930,246
9931,246
9932,246
9933,246
9934,246
9935,246
9936,246
9937,246
9938,246
9939,246
9940,246
9941,246
9942,246
9943,246
9944,246
9945,246
9946,246
9947,247
9948,247
9949,246
9950,246
9951,246
9952,247
9953,246
9954,246
9955,246
9956,246
9957,246
9958,246
9959,246
9960,247
9961,247
9962,247
9963,247
9964,247
9965,247
9966,247
9967,247
9968,247
9969,247
9970,247
9971,247
9972,247
9973,247
9974,247
9975,247
9976,247
9977,247
9978,247
9979,247
9980,247
9981,247
9982,247
9983,247
9984,247
9985,247
9986,247
9987,247
9988,247
9989,247
9990,247
9991,247
9992,247
9993,247
9994,247
9995,247
9996,247
9997,247
9998,247
9999,247
