0,149
1,150
2,150
3,150
4,150
5,150
6,150
7,150
8,150
9,150
10,150
11,149
12,149
13,149
14,149
15,149
16,149
17,149
18,149
19,149
20,149
21,149
22,149
23,149
24,149
25,149
26,149
27,149
28,149
29,150
30,150
31,150
32,150
33,150
34,150
35,150
36,150
37,150
38,150
39,150
40,150
41,150
42,150
43,150
44,150
45,150
46,150
47,150
48,150
49,150
50,150
51,150
52,150
53,150
54,150
55,150
56,150
57,150
58,150
59,150
60,150
61,150
62,150
63,150
64,150
65,150
66,150
67,150
68,150
69,150
70,150
71,150
72,150
73,150
74,150
75,150
76,150
77,150
78,150
79,150
80,150
81,150
82,150
83,150
84,150
85,150
86,150
87,150
88,150
89,150
90,150
91,150
92,150
93,150
94,150
95,150
96,150
97,150
98,150
99,150
100,150
101,150
102,150
103,150
104,150
105,150
106,150
107,150
108,150
109,150
110,150
111,150
112,150
113,150
114,150
115,150
116,150
117,150
118,150
119,150
120,150
121,150
122,150
123,150
124,150
125,150
126,150
127,150
128,150
129,150
130,150
131,150
132,150
133,150
134,150
135,150
136,150
137,150
138,150
139,150
140,150
141,150
142,150
143,150
144,150
145,150
146,150
147,150
148,150
149,150
150,150
151,150
152,150
153,150
154,150
155,150
156,149
157,150
158,150
159,150
160,150
161,150
162,150
163,150
164,150
165,150
166,150
167,150
168,150
169,150
170,150
171,150
172,150
173,150
174,150
175,150
176,150
177,150
178,150
179,150
180,150
181,150
182,150
183,150
184,150
185,150
186,150
187,149
188,149
189,150
190,150
191,150
192,150
193,150
194,150
195,150
196,150
197,150
198,150
199,150
200,150
201,150
202,150
203,150
204,150
205,150
206,150
207,150
208,150
209,150
210,150
211,150
212,150
213,151
214,151
215,151
216,151
217,151
218,151
219,151
220,151
221,151
222,151
223,151
224,151
225,151
226,151
227,151
228,151
229,151
230,151
231,151
232,151
233,151
234,151
235,151
236,151
237,151
238,151
239,150
240,151
241,151
242,151
243,151
244,151
245,151
246,151
247,151
248,151
249,151
250,151
251,151
252,151
253,151
254,151
255,151
256,151
257,151
258,151
259,151
260,151
261,151
262,151
263,151
264,151
265,151
266,151
267,151
268,151
269,151
270,151
271,151
272,151
273,151
274,151
275,151
276,151
277,151
278,151
279,151
280,151
281,151
282,151
283,151
284,151
285,151
286,151
287,151
288,151
289,151
290,151
291,151
292,151
293,151
294,151
295,151
296,151
297,151
298,151
299,151
300,151
301,151
302,151
303,151
304,151
305,151
306,151
307,151
308,151
309,151
310,151
311,151
312,151
313,151
314,151
315,151
316,151
317,151
318,151
319,151
320,151
321,151
322,151
323,151
324,151
325,151
326,151
327,151
328,151
329,151
330,151
331,151
332,151
333,151
334,151
335,151
336,151
337,151
338,151
339,151
340,151
341,151
342,151
343,151
344,151
345,151
346,151
347,151
348,151
349,151
350,151
351,151
352,151
353,151
354,151
355,151
356,151
357,151
358,151
359,151
360,151
361,151
362,151
363,151
364,151
365,151
366,151
367,152
368,151
369,151
370,151
371,151
372,151
373,151
374,151
375,151
376,151
377,151
378,151
379,151
380,151
381,151
382,151
383,152
384,152
385,152
386,152
387,152
388,152
389,152
390,152
391,152
392,152
393,152
394,152
395,152
396,152
397,152
398,152
399,152
400,152
401,152
402,152
403,151
404,152
405,152
406,152
407,152
408,152
409,152
410,152
411,152
412,152
413,152
414,152
415,152
416,152
417,151
418,151
419,151
420,152
421,151
422,152
423,152
424,152
425,152
426,152
427,152
428,152
429,152
430,152
431,152
432,152
433,152
434,152
435,152
436,152
437,152
438,152
439,152
440,151
441,151
442,151
443,152
444,152
445,152
446,152
447,152
448,152
449,152
450,152
451,152
452,152
453,152
454,152
455,152
456,152
457,152
458,152
459,152
460,152
461,152
462,152
463,152
464,152
465,152
466,152
467,152
468,152
469,152
470,152
471,152
472,152
473,152
474,152
475,152
476,152
477,152
478,152
479,152
480,152
481,152
482,152
483,152
484,152
485,152
486,153
487,153
488,153
489,153
490,153
491,153
492,153
493,153
494,153
495,153
496,153
497,153
498,153
499,153
500,153
501,153
502,153
503,153
504,153
505,153
506,153
507,153
508,153
509,153
510,153
511,153
512,153
513,154
514,154
515,154
516,154
517,154
518,154
519,154
520,154
521,154
522,154
523,154
524,154
525,154
526,154
527,154
528,154
529,154
530,154
531,154
532,154
533,154
534,154
535,154
536,154
537,154
538,155
539,155
540,155
541,154
542,155
543,155
544,155
545,155
546,155
547,154
548,154
549,154
550,154
551,154
552,154
553,154
554,154
555,154
556,154
557,154
558,154
559,154
560,154
561,154
562,154
563,154
564,154
565,154
566,154
567,154
568,154
569,154
570,154
571,154
572,154
573,154
574,154
575,154
576,154
577,154
578,154
579,154
580,154
581,155
582,154
583,154
584,154
585,154
586,154
587,154
588,155
589,155
590,154
591,154
592,154
593,154
594,154
595,154
596,154
597,154
598,154
599,154
600,154
601,155
602,155
603,155
604,155
605,155
606,155
607,155
608,155
609,155
610,155
611,155
612,155
613,155
614,155
615,155
616,155
617,155
618,155
619,155
620,155
621,156
622,156
623,156
624,156
625,156
626,156
627,156
628,156
629,156
630,156
631,156
632,156
633,156
634,156
635,156
636,156
637,156
638,156
639,156
640,156
641,155
642,155
643,155
644,155
645,155
646,155
647,155
648,155
649,155
650,155
651,156
652,155
653,155
654,156
655,156
656,156
657,156
658,156
659,156
660,156
661,156
662,156
663,156
664,155
665,156
666,156
667,156
668,156
669,156
670,156
671,156
672,156
673,156
674,155
675,156
676,156
677,156
678,156
679,156
680,156
681,156
682,156
683,156
684,156
685,156
686,156
687,156
688,156
689,156
690,156
691,156
692,156
693,156
694,156
695,156
696,156
697,156
698,156
699,156
700,156
701,155
702,156
703,156
704,156
705,156
706,156
707,156
708,156
709,156
710,156
711,156
712,156
713,156
714,156
715,156
716,156
717,156
718,156
719,156
720,156
721,156
722,156
723,156
724,156
725,156
726,156
727,156
728,157
729,157
730,157
731,157
732,157
733,157
734,157
735,157
736,157
737,157
738,157
739,157
740,157
741,157
742,157
743,157
744,157
745,157
746,157
747,157
748,157
749,157
750,157
751,157
752,157
753,157
754,157
755,157
756,157
757,157
758,157
759,157
760,157
761,157
762,157
763,157
764,157
765,157
766,157
767,157
768,157
769,157
770,157
771,157
772,157
773,157
774,157
775,157
776,157
777,157
778,157
779,157
780,157
781,157
782,157
783,157
784,157
785,157
786,157
787,157
788,157
789,157
790,157
791,157
792,157
793,157
794,157
795,157
796,157
797,157
798,157
799,157
800,157
801,157
802,157
803,157
804,157
805,157
806,157
807,157
808,157
809,157
810,157
811,157
812,157
813,157
814,157
815,157
816,157
817,157
818,157
819,157
820,157
821,157
822,157
823,157
824,157
825,157
826,157
827,157
828,157
829,157
830,157
831,157
832,157
833,157
834,157
835,157
836,157
837,157
838,157
839,157
840,157
841,157
842,157
843,157
844,157
845,157
846,157
847,157
848,157
849,157
850,157
851,157
852,157
853,157
854,157
855,157
856,157
857,157
858,157
859,157
860,157
861,157
862,157
863,157
864,157
865,157
866,157
867,157
868,157
869,157
870,157
871,157
872,157
873,157
874,157
875,157
876,157
877,157
878,157
879,157
880,157
881,157
882,157
883,157
884,157
885,157
886,157
887,157
888,157
889,157
890,157
891,157
892,157
893,157
894,157
895,157
896,157
897,157
898,157
899,157
900,157
901,157
902,157
903,157
904,157
905,157
906,157
907,157
908,157
909,157
910,157
911,157
912,157
913,157
914,157
915,157
916,157
917,157
918,157
919,157
920,157
921,157
922,157
923,156
924,156
925,156
926,156
927,156
928,156
929,156
930,156
931,156
932,156
933,156
934,156
935,157
936,156
937,157
938,156
939,156
940,157
941,157
942,157
943,157
944,156
945,156
946,157
947,157
948,157
949,157
950,157
951,157
952,157
953,157
954,157
955,157
956,157
957,157
958,157
959,157
960,157
961,157
962,157
963,157
964,157
965,157
966,157
967,157
968,157
969,157
970,157
971,157
972,157
973,158
974,158
975,158
976,158
977,158
978,158
979,158
980,159
981,158
982,158
983,159
984,159
985,159
986,159
987,159
988,159
989,159
990,159
991,159
992,159
993,159
994,159
995,159
996,159
997,159
998,159
999,159
1000,159
1001,159
1002,159
1003,159
1004,159
1005,160
1006,159
1007,159
1008,160
1009,160
1010,160
1011,160
1012,160
1013,160
1014,160
1015,160
1016,160
1017,160
1018,160
1019,160
1020,160
1021,160
1022,160
1023,160
1024,160
1025,160
1026,160
1027,160
1028,160
1029,160
1030,160
1031,160
1032,160
1033,160
1034,159
1035,159
1036,159
1037,160
1038,160
1039,160
1040,160
1041,160
1042,160
1043,160
1044,160
1045,160
1046,160
1047,160
1048,160
1049,160
1050,160
1051,160
1052,160
1053,160
1054,160
1055,160
1056,160
1057,160
1058,160
1059,160
1060,160
1061,160
1062,160
1063,160
1064,160
1065,160
1066,160
1067,160
1068,160
1069,160
1070,160
1071,160
1072,160
1073,160
1074,160
1075,159
1076,159
1077,159
1078,159
1079,159
1080,159
1081,159
1082,159
1083,159
1084,159
1085,159
1086,159
1087,159
1088,159
1089,159
1090,159
1091,160
1092,159
1093,159
1094,159
1095,159
1096,159
1097,159
1098,159
1099,159
1100,159
1101,159
1102,159
1103,159
1104,159
1105,160
1106,160
1107,160
1108,160
1109,160
1110,159
1111,159
1112,159
1113,159
1114,159
1115,160
1116,160
1117,159
1118,159
1119,160
1120,159
1121,159
1122,160
1123,160
1124,160
1125,160
1126,159
1127,159
1128,159
1129,159
1130,160
1131,159
1132,160
1133,160
1134,160
1135,159
1136,160
1137,160
1138,160
1139,160
1140,160
1141,160
1142,160
1143,159
1144,160
1145,159
1146,159
1147,159
1148,159
1149,159
1150,159
1151,159
1152,159
1153,159
1154,159
1155,159
1156,159
1157,160
1158,160
1159,160
1160,160
1161,159
1162,160
1163,160
1164,160
1165,160
1166,160
1167,160
1168,160
1169,160
1170,160
1171,160
1172,160
1173,160
1174,160
1175,160
1176,160
1177,160
1178,160
1179,160
1180,160
1181,160
1182,160
1183,160
1184,160
1185,160
1186,160
1187,160
1188,160
1189,160
1190,160
1191,160
1192,160
1193,160
1194,160
1195,160
1196,160
1197,160
1198,160
1199,160
1200,160
1201,160
1202,160
1203,160
1204,160
1205,160
1206,160
1207,160
1208,160
1209,160
1210,160
1211,160
1212,160
1213,160
1214,160
1215,160
1216,160
1217,160
1218,160
1219,160
1220,160
1221,160
1222,160
1223,160
1224,160
1225,160
1226,160
1227,160
1228,160
1229,161
1230,161
1231,161
1232,161
1233,161
1234,161
1235,161
1236,161
1237,161
1238,161
1239,161
1240,161
1241,161
1242,161
1243,161
1244,161
1245,161
1246,161
1247,161
1248,161
1249,161
1250,161
1251,161
1252,161
1253,161
1254,161
1255,162
1256,162
1257,162
1258,162
1259,162
1260,162
1261,162
1262,162
1263,162
1264,162
1265,162
1266,162
1267,162
1268,162
1269,162
1270,163
1271,163
1272,163
1273,163
1274,163
1275,163
1276,163
1277,163
1278,163
1279,163
1280,163
1281,163
1282,163
1283,163
1284,162
1285,162
1286,163
1287,163
1288,163
1289,163
1290,163
1291,163
1292,163
1293,163
1294,163
1295,163
1296,163
1297,163
1298,163
1299,163
1300,163
1301,163
1302,163
1303,163
1304,163
1305,163
1306,163
1307,163
1308,163
1309,163
1310,163
1311,163
1312,163
1313,163
1314,163
1315,163
1316,163
1317,163
1318,163
1319,163
1320,163
1321,163
1322,163
1323,163
1324,163
1325,163
1326,163
1327,163
1328,163
1329,163
1330,163
1331,163
1332,164
1333,164
1334,163
1335,163
1336,163
1337,163
1338,163
1339,163
1340,163
1341,163
1342,163
1343,163
1344,163
1345,163
1346,163
1347,163
1348,163
1349,163
1350,163
1351,163
1352,163
1353,163
1354,163
1355,163
1356,163
1357,163
1358,163
1359,163
1360,163
1361,163
1362,163
1363,163
1364,163
1365,163
1366,163
1367,163
1368,163
1369,163
1370,163
1371,163
1372,163
1373,163
1374,163
1375,163
1376,163
1377,163
1378,163
1379,163
1380,163
1381,163
1382,163
1383,163
1384,163
1385,163
1386,163
1387,163
1388,163
1389,163
1390,163
1391,163
1392,163
1393,163
1394,163
1395,163
1396,163
1397,163
1398,163
1399,163
1400,163
1401,163
1402,163
1403,163
1404,163
1405,163
1406,163
1407,163
1408,163
1409,163
1410,163
1411,163
1412,163
1413,163
1414,163
1415,163
1416,163
1417,163
1418,163
1419,163
1420,163
1421,163
1422,163
1423,163
1424,163
1425,163
1426,163
1427,163
1428,163
1429,163
1430,163
1431,163
1432,163
1433,163
1434,163
1435,163
1436,163
1437,163
1438,163
1439,163
1440,163
1441,163
1442,163
1443,163
1444,163
1445,163
1446,163
1447,163
1448,163
1449,163
1450,163
1451,163
1452,163
1453,163
1454,163
1455,163
1456,163
1457,163
1458,163
1459,163
1460,163
1461,163
1462,163
1463,163
1464,163
1465,163
1466,163
1467,163
1468,163
1469,163
1470,163
1471,163
1472,163
1473,163
1474,163
1475,163
1476,163
1477,163
1478,163
1479,163
1480,163
1481,163
1482,163
1483,163
1484,163
1485,163
1486,163
1487,163
1488,163
1489,163
1490,163
1491,163
1492,163
1493,163
1494,163
1495,163
1496,163
1497,163
1498,163
1499,163
1500,163
1501,163
1502,163
1503,163
1504,163
1505,163
1506,163
1507,163
1508,163
1509,163
1510,163
1511,163
1512,163
1513,163
1514,163
1515,163
1516,163
1517,163
1518,163
1519,163
1520,162
1521,163
1522,163
1523,163
1524,163
1525,162
1526,162
1527,162
1528,162
1529,162
1530,162
1531,162
1532,162
1533,162
1534,162
1535,162
1536,162
1537,162
1538,162
1539,162
1540,162
1541,162
1542,162
1543,162
1544,162
1545,162
1546,162
1547,162
1548,162
1549,162
1550,162
1551,162
1552,162
1553,162
1554,162
1555,162
1556,162
1557,162
1558,162
1559,162
1560,162
1561,162
1562,162
1563,162
1564,162
1565,162
1566,162
1567,162
1568,162
1569,162
1570,162
1571,162
1572,163
1573,163
1574,163
1575,163
1576,163
1577,163
1578,163
1579,163
1580,163
1581,163
1582,163
1583,163
1584,163
1585,163
1586,163
1587,163
1588,163
1589,163
1590,163
1591,163
1592,163
1593,163
1594,163
1595,163
1596,163
1597,163
1598,163
1599,163
1600,163
1601,163
1602,163
1603,163
1604,163
1605,164
1606,164
1607,164
1608,164
1609,164
1610,164
1611,164
1612,164
1613,164
1614,164
1615,164
1616,164
1617,164
1618,164
1619,164
1620,164
1621,164
1622,164
1623,164
1624,164
1625,164
1626,164
1627,164
1628,164
1629,164
1630,164
1631,164
1632,164
1633,164
1634,164
1635,164
1636,164
1637,164
1638,164
1639,164
1640,164
1641,164
1642,164
1643,164
1644,164
1645,164
1646,164
1647,164
1648,164
1649,164
1650,164
1651,164
1652,164
1653,164
1654,164
1655,164
1656,164
1657,164
1658,164
1659,164
1660,164
1661,164
1662,164
1663,164
1664,164
1665,164
1666,164
1667,164
1668,164
1669,164
1670,164
1671,164
1672,164
1673,164
1674,164
1675,164
1676,164
1677,164
1678,164
1679,164
1680,164
1681,164
1682,164
1683,164
1684,164
1685,164
1686,164
1687,164
1688,164
1689,165
1690,164
1691,164
1692,164
1693,164
1694,164
1695,164
1696,164
1697,164
1698,164
1699,164
1700,164
1701,164
1702,164
1703,164
1704,164
1705,164
1706,164
1707,164
1708,164
1709,164
1710,165
1711,164
1712,164
1713,164
1714,164
1715,164
1716,164
1717,164
1718,164
1719,164
1720,164
1721,165
1722,164
1723,164
1724,165
1725,164
1726,164
1727,164
1728,164
1729,164
1730,164
1731,164
1732,164
1733,164
1734,164
1735,164
1736,164
1737,165
1738,165
1739,165
1740,165
1741,165
1742,165
1743,165
1744,165
1745,165
1746,165
1747,165
1748,165
1749,165
1750,165
1751,165
1752,166
1753,165
1754,165
1755,165
1756,165
1757,165
1758,165
1759,165
1760,165
1761,165
1762,165
1763,165
1764,165
1765,165
1766,165
1767,165
1768,165
1769,165
1770,165
1771,165
1772,165
1773,165
1774,165
1775,165
1776,165
1777,164
1778,165
1779,165
1780,165
1781,165
1782,165
1783,165
1784,165
1785,165
1786,165
1787,165
1788,165
1789,165
1790,166
1791,165
1792,166
1793,166
1794,166
1795,165
1796,165
1797,165
1798,165
1799,165
1800,166
1801,166
1802,166
1803,166
1804,166
1805,166
1806,167
1807,167
1808,167
1809,167
1810,167
1811,167
1812,166
1813,166
1814,167
1815,167
1816,167
1817,167
1818,166
1819,166
1820,167
1821,167
1822,167
1823,167
1824,167
1825,167
1826,167
1827,167
1828,167
1829,167
1830,167
1831,167
1832,167
1833,167
1834,167
1835,167
1836,167
1837,167
1838,167
1839,167
1840,167
1841,167
1842,167
1843,167
1844,167
1845,167
1846,167
1847,167
1848,167
1849,167
1850,167
1851,167
1852,167
1853,167
1854,167
1855,167
1856,167
1857,167
1858,167
1859,167
1860,167
1861,167
1862,167
1863,167
1864,167
1865,167
1866,167
1867,167
1868,167
1869,167
1870,167
1871,167
1872,167
1873,167
1874,167
1875,167
1876,167
1877,167
1878,167
1879,167
1880,167
1881,167
1882,167
1883,167
1884,167
1885,167
1886,167
1887,168
1888,168
1889,168
1890,168
1891,168
1892,168
1893,168
1894,168
1895,168
1896,168
1897,168
1898,168
1899,168
1900,168
1901,168
1902,168
1903,168
1904,168
1905,168
1906,168
1907,168
1908,168
1909,168
1910,168
1911,167
1912,167
1913,167
1914,167
1915,167
1916,168
1917,168
1918,168
1919,168
1920,168
1921,168
1922,168
1923,168
1924,168
1925,168
1926,168
1927,168
1928,168
1929,168
1930,168
1931,168
1932,168
1933,168
1934,168
1935,168
1936,168
1937,169
1938,169
1939,169
1940,169
1941,169
1942,169
1943,169
1944,169
1945,169
1946,169
1947,169
1948,169
1949,169
1950,169
1951,170
1952,170
1953,169
1954,169
1955,169
1956,169
1957,169
1958,169
1959,169
1960,170
1961,169
1962,170
1963,169
1964,169
1965,169
1966,170
1967,169
1968,169
1969,169
1970,169
1971,169
1972,169
1973,169
1974,169
1975,169
1976,169
1977,169
1978,169
1979,169
1980,169
1981,169
1982,170
1983,170
1984,169
1985,170
1986,170
1987,170
1988,170
1989,170
1990,170
1991,170
1992,170
1993,170
1994,170
1995,170
1996,170
1997,170
1998,170
1999,170
2000,170
2001,170
2002,170
2003,170
2004,170
2005,170
2006,170
2007,170
2008,170
2009,170
2010,170
2011,170
2012,171
2013,171
2014,171
2015,171
2016,171
2017,171
2018,171
2019,171
2020,171
2021,171
2022,171
2023,171
2024,171
2025,171
2026,171
2027,171
2028,171
2029,171
2030,171
2031,171
2032,171
2033,171
2034,171
2035,171
2036,171
2037,171
2038,171
2039,171
2040,171
2041,171
2042,171
2043,171
2044,171
2045,171
2046,171
2047,171
2048,171
2049,171
2050,171
2051,171
2052,171
2053,172
2054,172
2055,172
2056,172
2057,172
2058,172
2059,172
2060,172
2061,172
2062,172
2063,172
2064,172
2065,172
2066,172
2067,172
2068,172
2069,172
2070,172
2071,172
2072,172
2073,172
2074,172
2075,172
2076,172
2077,172
2078,172
2079,172
2080,172
2081,172
2082,172
2083,172
2084,172
2085,172
2086,172
2087,172
2088,172
2089,172
2090,172
2091,172
2092,172
2093,172
2094,172
2095,172
2096,172
2097,172
2098,172
2099,172
2100,172
2101,172
2102,172
2103,172
2104,172
2105,172
2106,172
2107,172
2108,173
2109,172
2110,172
2111,172
2112,172
2113,172
2114,172
2115,172
2116,172
2117,172
2118,172
2119,172
2120,172
2121,172
2122,172
2123,172
2124,172
2125,172
2126,172
2127,172
2128,172
2129,172
2130,172
2131,172
2132,172
2133,172
2134,172
2135,172
2136,172
2137,172
2138,173
2139,173
2140,173
2141,173
2142,173
2143,173
2144,173
2145,173
2146,173
2147,173
2148,173
2149,173
2150,173
2151,173
2152,173
2153,173
2154,173
2155,173
2156,173
2157,173
2158,173
2159,173
2160,173
2161,173
2162,173
2163,173
2164,173
2165,173
2166,173
2167,173
2168,173
2169,173
2170,173
2171,173
2172,174
2173,173
2174,173
2175,174
2176,173
2177,173
2178,173
2179,174
2180,174
2181,174
2182,174
2183,174
2184,174
2185,174
2186,174
2187,174
2188,174
2189,174
2190,174
2191,174
2192,174
2193,174
2194,174
2195,174
2196,174
2197,174
2198,174
2199,174
2200,174
2201,174
2202,174
2203,174
2204,174
2205,174
2206,174
2207,174
2208,174
2209,174
2210,174
2211,174
2212,174
2213,174
2214,174
2215,174
2216,174
2217,174
2218,174
2219,174
2220,174
2221,174
2222,174
2223,174
2224,174
2225,173
2226,173
2227,173
2228,174
2229,173
2230,173
2231,173
2232,173
2233,173
2234,173
2235,173
2236,173
2237,173
2238,174
2239,174
2240,173
2241,173
2242,173
2243,173
2244,173
2245,173
2246,173
2247,173
2248,173
2249,173
2250,173
2251,173
2252,174
2253,173
2254,174
2255,174
2256,174
2257,174
2258,174
2259,174
2260,174
2261,174
2262,174
2263,174
2264,174
2265,174
2266,174
2267,174
2268,175
2269,175
2270,174
2271,175
2272,175
2273,175
2274,175
2275,175
2276,175
2277,175
2278,175
2279,175
2280,175
2281,175
2282,175
2283,175
2284,175
2285,175
2286,175
2287,175
2288,175
2289,175
2290,176
2291,176
2292,176
2293,176
2294,176
2295,176
2296,175
2297,176
2298,176
2299,176
2300,176
2301,176
2302,176
2303,176
2304,176
2305,176
2306,176
2307,176
2308,175
2309,176
2310,176
2311,176
2312,176
2313,176
2314,176
2315,176
2316,176
2317,176
2318,176
2319,176
2320,176
2321,176
2322,176
2323,176
2324,176
2325,176
2326,176
2327,176
2328,176
2329,176
2330,176
2331,176
2332,176
2333,176
2334,176
2335,176
2336,176
2337,176
2338,176
2339,176
2340,176
2341,176
2342,176
2343,176
2344,176
2345,176
2346,176
2347,176
2348,176
2349,176
2350,176
2351,176
2352,176
2353,176
2354,176
2355,176
2356,176
2357,175
2358,176
2359,176
2360,175
2361,175
2362,176
2363,176
2364,176
2365,176
2366,176
2367,175
2368,175
2369,176
2370,176
2371,176
2372,176
2373,176
2374,176
2375,175
2376,176
2377,176
2378,176
2379,176
2380,176
2381,176
2382,175
2383,176
2384,176
2385,176
2386,176
2387,176
2388,176
2389,176
2390,176
2391,176
2392,176
2393,176
2394,176
2395,176
2396,176
2397,176
2398,176
2399,176
2400,176
2401,176
2402,176
2403,176
2404,176
2405,176
2406,176
2407,176
2408,176
2409,176
2410,176
2411,176
2412,176
2413,176
2414,176
2415,176
2416,176
2417,176
2418,176
2419,176
2420,176
2421,176
2422,176
2423,176
2424,176
2425,176
2426,176
2427,176
2428,176
2429,176
2430,176
2431,176
2432,176
2433,176
2434,176
2435,176
2436,177
2437,176
2438,176
2439,176
2440,176
2441,176
2442,176
2443,176
2444,176
2445,176
2446,176
2447,176
2448,176
2449,176
2450,176
2451,176
2452,176
2453,176
2454,176
2455,176
2456,176
2457,176
2458,176
2459,176
2460,176
2461,176
2462,176
2463,176
2464,176
2465,176
2466,176
2467,176
2468,176
2469,175
2470,175
2471,176
2472,176
2473,175
2474,175
2475,175
2476,175
2477,175
2478,175
2479,176
2480,176
2481,175
2482,175
2483,175
2484,175
2485,176
2486,176
2487,176
2488,175
2489,175
2490,175
2491,175
2492,175
2493,175
2494,175
2495,175
2496,175
2497,175
2498,175
2499,175
2500,175
2501,175
2502,175
2503,175
2504,175
2505,175
2506,175
2507,175
2508,175
2509,175
2510,175
2511,175
2512,175
2513,175
2514,175
2515,175
2516,175
2517,175
2518,174
2519,174
2520,175
2521,174
2522,174
2523,174
2524,175
2525,174
2526,174
2527,174
2528,175
2529,175
2530,175
2531,175
2532,175
2533,175
2534,175
2535,175
2536,175
2537,175
2538,175
2539,175
2540,175
2541,175
2542,175
2543,175
2544,176
2545,176
2546,175
2547,176
2548,176
2549,176
2550,176
2551,176
2552,176
2553,176
2554,176
2555,176
2556,176
2557,176
2558,176
2559,176
2560,176
2561,176
2562,176
2563,176
2564,175
2565,176
2566,176
2567,176
2568,176
2569,176
2570,176
2571,175
2572,175
2573,175
2574,175
2575,175
2576,174
2577,174
2578,174
2579,174
2580,174
2581,174
2582,174
2583,174
2584,174
2585,174
2586,174
2587,175
2588,175
2589,175
2590,175
2591,175
2592,175
2593,175
2594,175
2595,175
2596,175
2597,175
2598,175
2599,175
2600,175
2601,175
2602,175
2603,176
2604,176
2605,176
2606,176
2607,176
2608,176
2609,176
2610,176
2611,176
2612,176
2613,176
2614,176
2615,175
2616,176
2617,176
2618,176
2619,176
2620,176
2621,176
2622,176
2623,176
2624,176
2625,176
2626,176
2627,176
2628,176
2629,176
2630,176
2631,176
2632,176
2633,176
2634,176
2635,176
2636,176
2637,175
2638,175
2639,175
2640,176
2641,176
2642,176
2643,176
2644,176
2645,176
2646,176
2647,176
2648,176
2649,176
2650,176
2651,175
2652,175
2653,175
2654,175
2655,175
2656,175
2657,176
2658,176
2659,176
2660,176
2661,176
2662,176
2663,176
2664,176
2665,176
2666,176
2667,177
2668,177
2669,177
2670,177
2671,177
2672,177
2673,177
2674,177
2675,177
2676,177
2677,177
2678,177
2679,177
2680,177
2681,177
2682,177
2683,177
2684,177
2685,177
2686,177
2687,177
2688,177
2689,177
2690,177
2691,177
2692,177
2693,177
2694,177
2695,177
2696,177
2697,177
2698,177
2699,177
2700,177
2701,177
2702,177
2703,177
2704,177
2705,177
2706,177
2707,177
2708,177
2709,177
2710,177
2711,177
2712,177
2713,177
2714,177
2715,177
2716,177
2717,177
2718,177
2719,177
2720,177
2721,177
2722,177
2723,177
2724,177
2725,177
2726,177
2727,177
2728,177
2729,177
2730,177
2731,177
2732,177
2733,177
2734,177
2735,177
2736,177
2737,177
2738,177
2739,176
2740,176
2741,176
2742,176
2743,176
2744,176
2745,176
2746,176
2747,176
2748,176
2749,176
2750,176
2751,176
2752,176
2753,176
2754,176
2755,176
2756,176
2757,176
2758,176
2759,176
2760,176
2761,176
2762,176
2763,176
2764,176
2765,176
2766,176
2767,176
2768,177
2769,177
2770,177
2771,177
2772,177
2773,177
2774,177
2775,177
2776,177
2777,177
2778,177
2779,177
2780,177
2781,177
2782,177
2783,177
2784,177
2785,177
2786,177
2787,177
2788,177
2789,177
2790,177
2791,177
2792,177
2793,177
2794,177
2795,177
2796,177
2797,177
2798,177
2799,177
2800,177
2801,177
2802,177
2803,178
2804,177
2805,177
2806,177
2807,177
2808,177
2809,178
2810,178
2811,178
2812,178
2813,178
2814,178
2815,178
2816,178
2817,177
2818,177
2819,177
2820,177
2821,177
2822,177
2823,177
2824,177
2825,177
2826,177
2827,177
2828,177
2829,177
2830,177
2831,177
2832,177
2833,177
2834,177
2835,177
2836,177
2837,177
2838,177
2839,177
2840,177
2841,177
2842,177
2843,177
2844,177
2845,177
2846,177
2847,177
2848,177
2849,177
2850,177
2851,177
2852,177
2853,177
2854,177
2855,177
2856,177
2857,177
2858,177
2859,177
2860,177
2861,177
2862,177
2863,177
2864,177
2865,177
2866,177
2867,177
2868,178
2869,177
2870,177
2871,178
2872,178
2873,178
2874,178
2875,178
2876,178
2877,178
2878,178
2879,178
2880,178
2881,177
2882,177
2883,177
2884,177
2885,177
2886,177
2887,177
2888,177
2889,177
2890,177
2891,177
2892,177
2893,177
2894,177
2895,177
2896,177
2897,177
2898,177
2899,177
2900,177
2901,177
2902,177
2903,177
2904,177
2905,177
2906,177
2907,177
2908,177
2909,177
2910,177
2911,177
2912,177
2913,177
2914,177
2915,177
2916,177
2917,177
2918,177
2919,177
2920,177
2921,177
2922,177
2923,177
2924,177
2925,177
2926,177
2927,177
2928,177
2929,177
2930,177
2931,177
2932,177
2933,177
2934,177
2935,177
2936,177
2937,177
2938,177
2939,177
2940,177
2941,177
2942,178
2943,178
2944,178
2945,178
2946,178
2947,178
2948,178
2949,178
2950,178
2951,178
2952,178
2953,178
2954,178
2955,178
2956,178
2957,178
2958,178
2959,178
2960,178
2961,178
2962,178
2963,178
2964,178
2965,178
2966,178
2967,178
2968,178
2969,178
2970,178
2971,178
2972,178
2973,178
2974,178
2975,178
2976,178
2977,178
2978,178
2979,178
2980,178
2981,178
2982,178
2983,178
2984,178
2985,178
2986,178
2987,178
2988,178
2989,178
2990,178
2991,178
2992,178
2993,178
2994,178
2995,179
2996,179
2997,179
2998,179
2999,179
3000,179
3001,179
3002,179
3003,179
3004,179
3005,179
3006,179
3007,178
3008,178
3009,178
3010,178
3011,178
3012,178
3013,178
3014,178
3015,178
3016,178
3017,178
3018,178
3019,178
3020,178
3021,178
3022,178
3023,178
3024,178
3025,178
3026,178
3027,179
3028,178
3029,179
3030,179
3031,178
3032,179
3033,179
3034,178
3035,178
3036,178
3037,178
3038,179
3039,179
3040,178
3041,179
3042,179
3043,178
3044,178
3045,178
3046,178
3047,178
3048,179
3049,178
3050,178
3051,178
3052,178
3053,179
3054,178
3055,179
3056,178
3057,179
3058,179
3059,179
3060,178
3061,178
3062,179
3063,178
3064,178
3065,178
3066,178
3067,179
3068,179
3069,179
3070,179
3071,179
3072,179
3073,179
3074,179
3075,179
3076,179
3077,179
3078,179
3079,179
3080,179
3081,179
3082,179
3083,179
3084,179
3085,179
3086,179
3087,179
3088,179
3089,179
3090,179
3091,179
3092,180
3093,180
3094,179
3095,179
3096,180
3097,179
3098,180
3099,180
3100,180
3101,180
3102,179
3103,180
3104,180
3105,180
3106,180
3107,180
3108,180
3109,180
3110,180
3111,180
3112,180
3113,180
3114,180
3115,180
3116,180
3117,180
3118,180
3119,180
3120,180
3121,180
3122,180
3123,180
3124,180
3125,180
3126,180
3127,180
3128,180
3129,180
3130,180
3131,180
3132,180
3133,180
3134,180
3135,180
3136,180
3137,180
3138,180
3139,180
3140,180
3141,180
3142,180
3143,180
3144,180
3145,180
3146,180
3147,180
3148,180
3149,180
3150,180
3151,180
3152,180
3153,180
3154,180
3155,180
3156,180
3157,180
3158,180
3159,180
3160,181
3161,181
3162,181
3163,181
3164,181
3165,181
3166,181
3167,181
3168,181
3169,181
3170,181
3171,181
3172,181
3173,181
3174,181
3175,181
3176,181
3177,181
3178,181
3179,181
3180,181
3181,181
3182,181
3183,181
3184,181
3185,181
3186,181
3187,181
3188,181
3189,181
3190,181
3191,181
3192,181
3193,181
3194,181
3195,181
3196,181
3197,181
3198,181
3199,181
3200,181
3201,181
3202,181
3203,181
3204,181
3205,181
3206,181
3207,181
3208,181
3209,181
3210,181
3211,181
3212,181
3213,181
3214,181
3215,181
3216,182
3217,182
3218,182
3219,181
3220,181
3221,181
3222,181
3223,181
3224,181
3225,181
3226,181
3227,181
3228,181
3229,181
3230,181
3231,181
3232,181
3233,181
3234,182
3235,182
3236,182
3237,182
3238,182
3239,182
3240,182
3241,182
3242,182
3243,182
3244,182
3245,182
3246,182
3247,182
3248,182
3249,182
3250,182
3251,182
3252,182
3253,182
3254,182
3255,182
3256,182
3257,181
3258,182
3259,182
3260,182
3261,182
3262,182
3263,182
3264,182
3265,183
3266,182
3267,182
3268,182
3269,182
3270,182
3271,182
3272,183
3273,183
3274,183
3275,183
3276,183
3277,183
3278,183
3279,183
3280,183
3281,183
3282,183
3283,183
3284,183
3285,183
3286,183
3287,183
3288,183
3289,183
3290,183
3291,183
3292,183
3293,183
3294,183
3295,183
3296,183
3297,183
3298,183
3299,183
3300,183
3301,183
3302,183
3303,183
3304,183
3305,183
3306,183
3307,183
3308,183
3309,183
3310,183
3311,183
3312,183
3313,183
3314,183
3315,183
3316,183
3317,183
3318,183
3319,183
3320,183
3321,183
3322,183
3323,183
3324,183
3325,183
3326,183
3327,183
3328,183
3329,183
3330,183
3331,183
3332,183
3333,183
3334,183
3335,183
3336,183
3337,183
3338,183
3339,183
3340,183
3341,183
3342,183
3343,183
3344,183
3345,183
3346,183
3347,183
3348,183
3349,183
3350,183
3351,183
3352,183
3353,183
3354,183
3355,183
3356,183
3357,183
3358,183
3359,183
3360,183
3361,183
3362,184
3363,183
3364,183
3365,184
3366,183
3367,183
3368,183
3369,184
3370,184
3371,184
3372,184
3373,184
3374,184
3375,184
3376,184
3377,184
3378,184
3379,184
3380,184
3381,184
3382,184
3383,184
3384,184
3385,184
3386,184
3387,184
3388,184
3389,184
3390,184
3391,184
3392,184
3393,184
3394,184
3395,184
3396,184
3397,184
3398,184
3399,184
3400,184
3401,184
3402,184
3403,184
3404,184
3405,184
3406,184
3407,184
3408,184
3409,184
3410,184
3411,184
3412,184
3413,184
3414,184
3415,184
3416,184
3417,184
3418,184
3419,184
3420,184
3421,184
3422,184
3423,184
3424,184
3425,184
3426,184
3427,184
3428,184
3429,184
3430,184
3431,184
3432,184
3433,184
3434,184
3435,184
3436,184
3437,184
3438,184
3439,184
3440,184
3441,184
3442,184
3443,184
3444,184
3445,184
3446,184
3447,184
3448,184
3449,184
3450,184
3451,184
3452,184
3453,184
3454,184
3455,184
3456,184
3457,184
3458,184
3459,184
3460,184
3461,183
3462,183
3463,183
3464,183
3465,183
3466,183
3467,183
3468,183
3469,184
3470,184
3471,184
3472,184
3473,184
3474,184
3475,184
3476,184
3477,184
3478,184
3479,184
3480,184
3481,184
3482,184
3483,184
3484,184
3485,184
3486,184
3487,184
3488,184
3489,184
3490,184
3491,184
3492,184
3493,184
3494,184
3495,184
3496,184
3497,184
3498,184
3499,184
3500,184
3501,184
3502,184
3503,184
3504,184
3505,184
3506,184
3507,184
3508,184
3509,184
3510,184
3511,184
3512,184
3513,184
3514,184
3515,184
3516,184
3517,184
3518,184
3519,184
3520,184
3521,184
3522,184
3523,184
3524,184
3525,184
3526,184
3527,184
3528,184
3529,184
3530,184
3531,184
3532,184
3533,184
3534,184
3535,184
3536,184
3537,184
3538,184
3539,184
3540,184
3541,184
3542,184
3543,184
3544,184
3545,184
3546,184
3547,184
3548,184
3549,184
3550,185
3551,184
3552,184
3553,185
3554,185
3555,185
3556,184
3557,184
3558,184
3559,184
3560,184
3561,184
3562,184
3563,184
3564,184
3565,184
3566,184
3567,184
3568,184
3569,184
3570,184
3571,184
3572,184
3573,184
3574,184
3575,184
3576,184
3577,184
3578,184
3579,185
3580,185
3581,185
3582,185
3583,185
3584,185
3585,185
3586,185
3587,185
3588,185
3589,185
3590,185
3591,185
3592,185
3593,185
3594,185
3595,185
3596,185
3597,185
3598,185
3599,185
3600,185
3601,185
3602,185
3603,185
3604,185
3605,185
3606,185
3607,185
3608,185
3609,185
3610,185
3611,185
3612,185
3613,186
3614,186
3615,185
3616,185
3617,185
3618,185
3619,185
3620,185
3621,185
3622,185
3623,185
3624,185
3625,186
3626,186
3627,186
3628,185
3629,186
3630,186
3631,186
3632,186
3633,186
3634,185
3635,186
3636,185
3637,185
3638,185
3639,185
3640,185
3641,185
3642,185
3643,185
3644,185
3645,185
3646,185
3647,185
3648,185
3649,186
3650,186
3651,185
3652,186
3653,186
3654,186
3655,186
3656,186
3657,186
3658,186
3659,186
3660,186
3661,186
3662,186
3663,186
3664,186
3665,186
3666,186
3667,186
3668,186
3669,186
3670,186
3671,186
3672,186
3673,186
3674,186
3675,186
3676,186
3677,186
3678,186
3679,186
3680,185
3681,185
3682,185
3683,185
3684,185
3685,186
3686,186
3687,186
3688,186
3689,186
3690,186
3691,186
3692,186
3693,186
3694,186
3695,186
3696,186
3697,186
3698,186
3699,186
3700,186
3701,187
3702,187
3703,187
3704,187
3705,187
3706,187
3707,187
3708,187
3709,187
3710,187
3711,187
3712,187
3713,187
3714,187
3715,187
3716,187
3717,187
3718,187
3719,187
3720,187
3721,187
3722,187
3723,187
3724,187
3725,187
3726,187
3727,187
3728,187
3729,187
3730,187
3731,187
3732,187
3733,187
3734,187
3735,187
3736,187
3737,187
3738,187
3739,187
3740,187
3741,187
3742,187
3743,187
3744,187
3745,187
3746,187
3747,187
3748,187
3749,187
3750,187
3751,187
3752,187
3753,187
3754,187
3755,187
3756,187
3757,186
3758,187
3759,186
3760,186
3761,186
3762,186
3763,186
3764,186
3765,186
3766,186
3767,186
3768,186
3769,186
3770,186
3771,186
3772,186
3773,186
3774,186
3775,186
3776,187
3777,187
3778,187
3779,187
3780,187
3781,187
3782,187
3783,187
3784,188
3785,188
3786,188
3787,188
3788,188
3789,188
3790,188
3791,188
3792,188
3793,188
3794,188
3795,188
3796,189
3797,189
3798,189
3799,189
3800,189
3801,189
3802,189
3803,189
3804,188
3805,188
3806,188
3807,189
3808,189
3809,189
3810,189
3811,189
3812,189
3813,189
3814,189
3815,189
3816,189
3817,189
3818,189
3819,188
3820,188
3821,188
3822,188
3823,188
3824,188
3825,188
3826,188
3827,188
3828,188
3829,188
3830,188
3831,188
3832,188
3833,188
3834,188
3835,188
3836,188
3837,188
3838,188
3839,188
3840,188
3841,188
3842,188
3843,188
3844,189
3845,189
3846,189
3847,189
3848,189
3849,189
3850,189
3851,189
3852,189
3853,189
3854,189
3855,189
3856,189
3857,189
3858,189
3859,189
3860,189
3861,189
3862,189
3863,189
3864,189
3865,189
3866,189
3867,189
3868,189
3869,189
3870,189
3871,190
3872,190
3873,190
3874,190
3875,190
3876,190
3877,190
3878,190
3879,190
3880,190
3881,190
3882,190
3883,190
3884,190
3885,190
3886,190
3887,190
3888,190
3889,190
3890,190
3891,190
3892,190
3893,190
3894,190
3895,190
3896,190
3897,190
3898,190
3899,190
3900,190
3901,190
3902,190
3903,190
3904,190
3905,190
3906,190
3907,190
3908,190
3909,190
3910,190
3911,190
3912,190
3913,190
3914,190
3915,190
3916,190
3917,190
3918,190
3919,190
3920,190
3921,190
3922,190
3923,190
3924,190
3925,190
3926,190
3927,190
3928,190
3929,190
3930,190
3931,190
3932,190
3933,190
3934,190
3935,190
3936,190
3937,190
3938,190
3939,190
3940,190
3941,190
3942,190
3943,190
3944,190
3945,190
3946,190
3947,190
3948,190
3949,190
3950,190
3951,190
3952,190
3953,190
3954,190
3955,190
3956,190
3957,190
3958,190
3959,190
3960,190
3961,190
3962,190
3963,190
3964,190
3965,190
3966,190
3967,190
3968,190
3969,190
3970,190
3971,190
3972,190
3973,190
3974,190
3975,190
3976,190
3977,190
3978,190
3979,190
3980,190
3981,190
3982,190
3983,190
3984,191
3985,191
3986,191
3987,191
3988,191
3989,191
3990,191
3991,191
3992,191
3993,191
3994,191
3995,191
3996,191
3997,191
3998,191
3999,191
4000,191
4001,191
4002,191
4003,191
4004,191
4005,191
4006,191
4007,191
4008,191
4009,191
4010,191
4011,191
4012,191
4013,191
4014,192
4015,192
4016,192
4017,192
4018,192
4019,192
4020,192
4021,192
4022,192
4023,192
4024,192
4025,192
4026,192
4027,192
4028,192
4029,192
4030,192
4031,192
4032,192
4033,192
4034,192
4035,192
4036,192
4037,192
4038,192
4039,192
4040,192
4041,192
4042,193
4043,193
4044,193
4045,193
4046,193
4047,193
4048,193
4049,193
4050,193
4051,193
4052,193
4053,193
4054,193
4055,193
4056,193
4057,193
4058,193
4059,193
4060,193
4061,193
4062,193
4063,193
4064,193
4065,193
4066,193
4067,193
4068,193
4069,193
4070,193
4071,193
4072,193
4073,193
4074,193
4075,193
4076,193
4077,193
4078,193
4079,193
4080,193
4081,193
4082,193
4083,193
4084,193
4085,193
4086,193
4087,193
4088,193
4089,193
4090,193
4091,193
4092,193
4093,193
4094,193
4095,193
4096,193
4097,193
4098,193
4099,193
4100,193
4101,193
4102,193
4103,193
4104,193
4105,193
4106,193
4107,193
4108,194
4109,194
4110,194
4111,194
4112,194
4113,194
4114,194
4115,194
4116,194
4117,193
4118,194
4119,193
4120,194
4121,194
4122,194
4123,193
4124,194
4125,194
4126,194
4127,194
4128,194
4129,194
4130,194
4131,194
4132,194
4133,194
4134,194
4135,194
4136,194
4137,194
4138,194
4139,194
4140,194
4141,194
4142,194
4143,194
4144,194
4145,194
4146,194
4147,194
4148,193
4149,193
4150,193
4151,193
4152,193
4153,193
4154,193
4155,193
4156,193
4157,193
4158,193
4159,193
4160,193
4161,193
4162,193
4163,193
4164,193
4165,193
4166,193
4167,193
4168,193
4169,193
4170,194
4171,194
4172,194
4173,193
4174,193
4175,193
4176,193
4177,193
4178,193
4179,193
4180,193
4181,193
4182,193
4183,193
4184,193
4185,194
4186,193
4187,194
4188,194
4189,194
4190,194
4191,194
4192,194
4193,194
4194,194
4195,194
4196,194
4197,194
4198,194
4199,194
4200,194
4201,194
4202,194
4203,194
4204,194
4205,194
4206,194
4207,194
4208,194
4209,194
4210,194
4211,194
4212,194
4213,194
4214,194
4215,194
4216,194
4217,194
4218,194
4219,194
4220,194
4221,194
4222,194
4223,194
4224,194
4225,194
4226,194
4227,194
4228,194
4229,194
4230,194
4231,194
4232,194
4233,194
4234,194
4235,194
4236,194
4237,194
4238,194
4239,194
4240,194
4241,194
4242,194
4243,194
4244,194
4245,194
4246,194
4247,194
4248,194
4249,194
4250,194
4251,194
4252,194
4253,194
4254,194
4255,194
4256,194
4257,194
4258,194
4259,194
4260,194
4261,194
4262,194
4263,194
4264,194
4265,194
4266,194
4267,194
4268,194
4269,194
4270,194
4271,194
4272,194
4273,194
4274,194
4275,194
4276,194
4277,194
4278,194
4279,194
4280,194
4281,194
4282,194
4283,195
4284,195
4285,195
4286,195
4287,195
4288,195
4289,195
4290,195
4291,195
4292,195
4293,195
4294,195
4295,195
4296,195
4297,195
4298,195
4299,195
4300,195
4301,195
4302,195
4303,195
4304,195
4305,195
4306,195
4307,195
4308,195
4309,195
4310,195
4311,195
4312,195
4313,194
4314,195
4315,194
4316,194
4317,194
4318,195
4319,195
4320,195
4321,195
4322,195
4323,195
4324,195
4325,195
4326,195
4327,195
4328,195
4329,195
4330,195
4331,195
4332,195
4333,195
4334,195
4335,195
4336,195
4337,195
4338,195
4339,195
4340,195
4341,195
4342,195
4343,195
4344,195
4345,195
4346,195
4347,195
4348,195
4349,195
4350,195
4351,195
4352,195
4353,195
4354,195
4355,195
4356,195
4357,195
4358,195
4359,195
4360,195
4361,195
4362,195
4363,195
4364,195
4365,195
4366,195
4367,195
4368,195
4369,195
4370,195
4371,195
4372,195
4373,195
4374,195
4375,195
4376,195
4377,195
4378,195
4379,195
4380,195
4381,195
4382,195
4383,196
4384,195
4385,195
4386,196
4387,196
4388,196
4389,196
4390,196
4391,196
4392,196
4393,196
4394,196
4395,196
4396,196
4397,196
4398,196
4399,196
4400,196
4401,196
4402,196
4403,196
4404,196
4405,196
4406,196
4407,196
4408,196
4409,196
4410,196
4411,196
4412,196
4413,196
4414,196
4415,196
4416,196
4417,196
4418,196
4419,196
4420,196
4421,196
4422,196
4423,196
4424,196
4425,196
4426,196
4427,196
4428,196
4429,196
4430,196
4431,195
4432,195
4433,196
4434,196
4435,196
4436,195
4437,195
4438,195
4439,195
4440,195
4441,195
4442,196
4443,196
4444,195
4445,196
4446,196
4447,196
4448,196
4449,196
4450,196
4451,196
4452,196
4453,196
4454,196
4455,196
4456,196
4457,196
4458,196
4459,196
4460,196
4461,196
4462,196
4463,196
4464,196
4465,196
4466,196
4467,196
4468,196
4469,196
4470,196
4471,196
4472,196
4473,196
4474,196
4475,196
4476,196
4477,196
4478,196
4479,196
4480,196
4481,196
4482,196
4483,196
4484,196
4485,196
4486,196
4487,196
4488,196
4489,196
4490,196
4491,196
4492,196
4493,196
4494,196
4495,196
4496,196
4497,196
4498,196
4499,196
4500,196
4501,196
4502,196
4503,196
4504,196
4505,196
4506,196
4507,196
4508,196
4509,196
4510,196
4511,195
4512,195
4513,195
4514,195
4515,195
4516,195
4517,195
4518,195
4519,196
4520,196
4521,195
4522,195
4523,196
4524,196
4525,196
4526,196
4527,196
4528,196
4529,196
4530,196
4531,196
4532,196
4533,196
4534,196
4535,196
4536,196
4537,196
4538,196
4539,196
4540,196
4541,197
4542,197
4543,197
4544,197
4545,197
4546,197
4547,197
4548,197
4549,197
4550,197
4551,197
4552,197
4553,197
4554,197
4555,197
4556,197
4557,197
4558,197
4559,197
4560,197
4561,197
4562,197
4563,197
4564,197
4565,197
4566,197
4567,197
4568,197
4569,197
4570,197
4571,197
4572,197
4573,197
4574,197
4575,197
4576,197
4577,197
4578,197
4579,197
4580,197
4581,197
4582,197
4583,197
4584,197
4585,197
4586,197
4587,197
4588,197
4589,197
4590,197
4591,197
4592,197
4593,197
4594,197
4595,197
4596,197
4597,197
4598,197
4599,197
4600,197
4601,197
4602,197
4603,197
4604,197
4605,197
4606,197
4607,197
4608,197
4609,197
4610,197
4611,197
4612,197
4613,197
4614,197
4615,197
4616,197
4617,197
4618,197
4619,197
4620,197
4621,197
4622,197
4623,197
4624,197
4625,197
4626,197
4627,198
4628,197
4629,197
4630,198
4631,198
4632,197
4633,197
4634,198
4635,198
4636,198
4637,198
4638,198
4639,198
4640,198
4641,198
4642,198
4643,198
4644,197
4645,197
4646,197
4647,197
4648,197
4649,197
4650,197
4651,197
4652,198
4653,198
4654,198
4655,198
4656,197
4657,197
4658,198
4659,198
4660,198
4661,198
4662,198
4663,198
4664,198
4665,198
4666,198
4667,198
4668,198
4669,198
4670,198
4671,198
4672,198
4673,198
4674,199
4675,199
4676,199
4677,199
4678,199
4679,199
4680,199
4681,199
4682,199
4683,199
4684,199
4685,199
4686,199
4687,199
4688,199
4689,199
4690,199
4691,199
4692,199
4693,199
4694,199
4695,199
4696,199
4697,200
4698,199
4699,200
4700,200
4701,200
4702,200
4703,200
4704,200
4705,200
4706,200
4707,200
4708,200
4709,200
4710,200
4711,200
4712,200
4713,200
4714,200
4715,200
4716,200
4717,200
4718,200
4719,200
4720,200
4721,200
4722,200
4723,200
4724,201
4725,201
4726,201
4727,201
4728,201
4729,201
4730,201
4731,201
4732,201
4733,200
4734,200
4735,200
4736,200
4737,200
4738,200
4739,200
4740,200
4741,200
4742,200
4743,200
4744,200
4745,200
4746,200
4747,200
4748,200
4749,200
4750,200
4751,200
4752,200
4753,200
4754,200
4755,200
4756,200
4757,201
4758,200
4759,200
4760,200
4761,200
4762,200
4763,201
4764,201
4765,201
4766,201
4767,201
4768,201
4769,201
4770,201
4771,201
4772,201
4773,201
4774,201
4775,201
4776,201
4777,201
4778,201
4779,201
4780,200
4781,200
4782,201
4783,201
4784,201
4785,201
4786,201
4787,201
4788,201
4789,201
4790,201
4791,201
4792,201
4793,201
4794,201
4795,201
4796,201
4797,201
4798,201
4799,201
4800,201
4801,201
4802,201
4803,201
4804,201
4805,201
4806,201
4807,201
4808,201
4809,201
4810,201
4811,201
4812,201
4813,201
4814,201
4815,201
4816,201
4817,201
4818,201
4819,200
4820,200
4821,201
4822,201
4823,201
4824,201
4825,201
4826,201
4827,201
4828,201
4829,201
4830,201
4831,201
4832,201
4833,201
4834,201
4835,201
4836,201
4837,201
4838,201
4839,202
4840,201
4841,201
4842,201
4843,201
4844,201
4845,202
4846,202
4847,202
4848,202
4849,202
4850,202
4851,202
4852,202
4853,201
4854,201
4855,201
4856,202
4857,202
4858,202
4859,202
4860,202
4861,202
4862,202
4863,202
4864,202
4865,202
4866,201
4867,201
4868,201
4869,201
4870,201
4871,201
4872,201
4873,201
4874,202
4875,202
4876,202
4877,202
4878,202
4879,202
4880,202
4881,202
4882,202
4883,202
4884,202
4885,202
4886,202
4887,202
4888,202
4889,202
4890,202
4891,202
4892,202
4893,202
4894,202
4895,202
4896,202
4897,201
4898,201
4899,201
4900,202
4901,202
4902,202
4903,201
4904,201
4905,201
4906,202
4907,201
4908,202
4909,202
4910,202
4911,202
4912,202
4913,202
4914,202
4915,202
4916,201
4917,202
4918,201
4919,201
4920,201
4921,201
4922,201
4923,201
4924,201
4925,202
4926,201
4927,201
4928,202
4929,202
4930,202
4931,202
4932,202
4933,202
4934,202
4935,202
4936,202
4937,202
4938,202
4939,202
4940,202
4941,202
4942,202
4943,202
4944,202
4945,202
4946,202
4947,202
4948,202
4949,202
4950,202
4951,202
4952,202
4953,202
4954,202
4955,202
4956,202
4957,202
4958,202
4959,202
4960,202
4961,202
4962,202
4963,202
4964,202
4965,202
4966,202
4967,202
4968,202
4969,202
4970,202
4971,202
4972,202
4973,202
4974,202
4975,202
4976,202
4977,201
4978,201
4979,201
4980,201
4981,201
4982,201
4983,201
4984,201
4985,201
4986,201
4987,201
4988,201
4989,201
4990,201
4991,201
4992,201
4993,201
4994,201
4995,201
4996,202
4997,202
4998,202
4999,201
5000,201
5001,201
5002,201
5003,201
5004,201
5005,201
5006,201
5007,201
5008,201
5009,201
5010,201
5011,201
5012,202
5013,202
5014,202
5015,202
5016,202
5017,202
5018,202
5019,202
5020,202
5021,202
5022,202
5023,202
5024,202
5025,202
5026,202
5027,202
5028,202
5029,202
5030,202
5031,202
5032,202
5033,202
5034,202
5035,202
5036,202
5037,202
5038,202
5039,202
5040,202
5041,202
5042,202
5043,202
5044,202
5045,202
5046,202
5047,202
5048,202
5049,202
5050,202
5051,202
5052,202
5053,202
5054,202
5055,203
5056,203
5057,203
5058,203
5059,202
5060,203
5061,203
5062,203
5063,203
5064,203
5065,203
5066,203
5067,203
5068,203
5069,203
5070,203
5071,203
5072,202
5073,202
5074,203
5075,203
5076,203
5077,203
5078,203
5079,203
5080,202
5081,202
5082,202
5083,202
5084,202
5085,202
5086,202
5087,202
5088,202
5089,202
5090,203
5091,202
5092,203
5093,203
5094,203
5095,203
5096,203
5097,203
5098,203
5099,203
5100,203
5101,203
5102,203
5103,203
5104,202
5105,202
5106,202
5107,202
5108,202
5109,202
5110,202
5111,202
5112,202
5113,203
5114,203
5115,202
5116,202
5117,202
5118,202
5119,202
5120,202
5121,203
5122,202
5123,202
5124,203
5125,202
5126,202
5127,202
5128,202
5129,202
5130,203
5131,202
5132,203
5133,203
5134,203
5135,203
5136,203
5137,203
5138,203
5139,203
5140,203
5141,203
5142,203
5143,203
5144,203
5145,203
5146,203
5147,203
5148,204
5149,204
5150,204
5151,204
5152,203
5153,204
5154,204
5155,204
5156,204
5157,204
5158,204
5159,203
5160,203
5161,204
5162,204
5163,204
5164,204
5165,204
5166,204
5167,204
5168,204
5169,204
5170,204
5171,204
5172,204
5173,204
5174,204
5175,204
5176,204
5177,204
5178,204
5179,204
5180,204
5181,204
5182,204
5183,204
5184,204
5185,204
5186,204
5187,205
5188,205
5189,205
5190,205
5191,205
5192,205
5193,205
5194,205
5195,205
5196,204
5197,204
5198,204
5199,204
5200,204
5201,205
5202,205
5203,205
5204,205
5205,205
5206,205
5207,205
5208,205
5209,205
5210,205
5211,205
5212,205
5213,205
5214,204
5215,205
5216,205
5217,205
5218,205
5219,205
5220,205
5221,205
5222,205
5223,205
5224,205
5225,205
5226,205
5227,205
5228,205
5229,205
5230,205
5231,205
5232,205
5233,205
5234,205
5235,206
5236,205
5237,205
5238,206
5239,206
5240,206
5241,206
5242,206
5243,206
5244,206
5245,206
5246,206
5247,206
5248,206
5249,206
5250,206
5251,206
5252,206
5253,206
5254,206
5255,205
5256,206
5257,206
5258,206
5259,206
5260,206
5261,206
5262,205
5263,206
5264,206
5265,206
5266,206
5267,206
5268,206
5269,207
5270,207
5271,207
5272,207
5273,207
5274,207
5275,207
5276,207
5277,207
5278,207
5279,207
5280,208
5281,208
5282,208
5283,208
5284,208
5285,208
5286,208
5287,208
5288,208
5289,208
5290,208
5291,208
5292,208
5293,208
5294,208
5295,208
5296,209
5297,209
5298,209
5299,209
5300,209
5301,208
5302,208
5303,208
5304,208
5305,208
5306,208
5307,208
5308,208
5309,208
5310,208
5311,208
5312,208
5313,208
5314,208
5315,208
5316,208
5317,208
5318,208
5319,208
5320,208
5321,208
5322,208
5323,208
5324,208
5325,208
5326,208
5327,208
5328,208
5329,208
5330,208
5331,208
5332,208
5333,208
5334,208
5335,208
5336,208
5337,208
5338,208
5339,208
5340,208
5341,208
5342,208
5343,208
5344,208
5345,208
5346,208
5347,208
5348,208
5349,208
5350,208
5351,208
5352,208
5353,208
5354,208
5355,208
5356,208
5357,208
5358,208
5359,208
5360,208
5361,208
5362,208
5363,208
5364,208
5365,208
5366,208
5367,208
5368,208
5369,208
5370,208
5371,208
5372,208
5373,208
5374,208
5375,208
5376,208
5377,208
5378,208
5379,208
5380,208
5381,208
5382,208
5383,208
5384,208
5385,208
5386,208
5387,209
5388,209
5389,209
5390,209
5391,209
5392,209
5393,208
5394,208
5395,208
5396,208
5397,208
5398,208
5399,208
5400,208
5401,208
5402,208
5403,208
5404,208
5405,208
5406,208
5407,208
5408,208
5409,208
5410,208
5411,208
5412,208
5413,208
5414,208
5415,208
5416,208
5417,208
5418,208
5419,208
5420,208
5421,208
5422,208
5423,208
5424,208
5425,208
5426,208
5427,208
5428,208
5429,208
5430,208
5431,208
5432,208
5433,208
5434,208
5435,208
5436,208
5437,208
5438,208
5439,208
5440,208
5441,208
5442,208
5443,208
5444,208
5445,208
5446,208
5447,208
5448,208
5449,208
5450,208
5451,208
5452,208
5453,209
5454,209
5455,209
5456,209
5457,209
5458,208
5459,208
5460,208
5461,208
5462,208
5463,209
5464,209
5465,209
5466,209
5467,209
5468,209
5469,209
5470,209
5471,209
5472,209
5473,209
5474,209
5475,209
5476,209
5477,209
5478,209
5479,209
5480,209
5481,209
5482,209
5483,209
5484,209
5485,209
5486,209
5487,209
5488,209
5489,209
5490,209
5491,209
5492,209
5493,209
5494,209
5495,209
5496,209
5497,209
5498,209
5499,209
5500,209
5501,208
5502,208
5503,208
5504,209
5505,208
5506,209
5507,209
5508,209
5509,209
5510,209
5511,209
5512,209
5513,209
5514,209
5515,209
5516,209
5517,209
5518,209
5519,209
5520,209
5521,209
5522,209
5523,209
5524,209
5525,209
5526,209
5527,209
5528,209
5529,209
5530,209
5531,209
5532,209
5533,209
5534,209
5535,209
5536,209
5537,209
5538,209
5539,209
5540,209
5541,209
5542,209
5543,209
5544,209
5545,209
5546,209
5547,209
5548,209
5549,209
5550,209
5551,209
5552,209
5553,209
5554,209
5555,209
5556,209
5557,209
5558,209
5559,209
5560,209
5561,209
5562,209
5563,209
5564,209
5565,209
5566,209
5567,209
5568,209
5569,209
5570,209
5571,209
5572,209
5573,209
5574,209
5575,209
5576,209
5577,209
5578,209
5579,209
5580,209
5581,209
5582,209
5583,209
5584,209
5585,209
5586,209
5587,209
5588,209
5589,209
5590,209
5591,209
5592,209
5593,209
5594,209
5595,209
5596,209
5597,209
5598,209
5599,209
5600,209
5601,209
5602,209
5603,209
5604,209
5605,209
5606,209
5607,209
5608,209
5609,209
5610,209
5611,209
5612,209
5613,209
5614,209
5615,209
5616,209
5617,209
5618,209
5619,209
5620,209
5621,209
5622,209
5623,209
5624,209
5625,209
5626,209
5627,209
5628,209
5629,209
5630,208
5631,208
5632,208
5633,208
5634,208
5635,208
5636,208
5637,208
5638,208
5639,208
5640,208
5641,208
5642,208
5643,208
5644,208
5645,208
5646,208
5647,208
5648,208
5649,208
5650,208
5651,208
5652,208
5653,208
5654,208
5655,208
5656,208
5657,208
5658,208
5659,208
5660,209
5661,209
5662,209
5663,209
5664,209
5665,209
5666,209
5667,209
5668,209
5669,209
5670,209
5671,209
5672,209
5673,209
5674,209
5675,209
5676,209
5677,209
5678,209
5679,209
5680,209
5681,209
5682,209
5683,209
5684,209
5685,209
5686,209
5687,209
5688,209
5689,209
5690,209
5691,209
5692,209
5693,209
5694,209
5695,209
5696,209
5697,209
5698,209
5699,209
5700,209
5701,209
5702,209
5703,209
5704,210
5705,210
5706,210
5707,210
5708,210
5709,210
5710,210
5711,210
5712,210
5713,210
5714,210
5715,210
5716,210
5717,210
5718,210
5719,210
5720,210
5721,210
5722,210
5723,210
5724,210
5725,210
5726,210
5727,210
5728,210
5729,210
5730,210
5731,210
5732,210
5733,210
5734,210
5735,210
5736,210
5737,210
5738,210
5739,210
5740,210
5741,210
5742,210
5743,210
5744,210
5745,210
5746,210
5747,210
5748,210
5749,210
5750,210
5751,210
5752,210
5753,210
5754,210
5755,210
5756,210
5757,210
5758,210
5759,210
5760,210
5761,210
5762,210
5763,210
5764,210
5765,210
5766,210
5767,210
5768,210
5769,210
5770,210
5771,210
5772,210
5773,210
5774,210
5775,210
5776,210
5777,210
5778,210
5779,210
5780,210
5781,210
5782,210
5783,210
5784,210
5785,210
5786,210
5787,210
5788,210
5789,210
5790,210
5791,210
5792,210
5793,210
5794,210
5795,210
5796,210
5797,210
5798,210
5799,210
5800,210
5801,210
5802,210
5803,210
5804,210
5805,210
5806,210
5807,210
5808,210
5809,210
5810,210
5811,210
5812,210
5813,210
5814,210
5815,210
5816,210
5817,210
5818,210
5819,210
5820,210
5821,210
5822,210
5823,210
5824,210
5825,210
5826,210
5827,210
5828,210
5829,210
5830,210
5831,210
5832,210
5833,210
5834,210
5835,210
5836,210
5837,210
5838,210
5839,210
5840,210
5841,210
5842,210
5843,210
5844,210
5845,210
5846,210
5847,210
5848,209
5849,210
5850,210
5851,210
5852,210
5853,210
5854,210
5855,210
5856,210
5857,210
5858,210
5859,210
5860,210
5861,210
5862,210
5863,210
5864,210
5865,210
5866,210
5867,210
5868,210
5869,210
5870,210
5871,210
5872,210
5873,210
5874,210
5875,210
5876,210
5877,210
5878,210
5879,210
5880,210
5881,210
5882,210
5883,210
5884,210
5885,210
5886,210
5887,209
5888,210
5889,210
5890,210
5891,210
5892,210
5893,210
5894,209
5895,209
5896,209
5897,209
5898,209
5899,209
5900,209
5901,209
5902,209
5903,209
5904,209
5905,209
5906,209
5907,209
5908,209
5909,209
5910,209
5911,209
5912,209
5913,209
5914,209
5915,209
5916,209
5917,209
5918,209
5919,209
5920,209
5921,209
5922,209
5923,209
5924,209
5925,209
5926,209
5927,209
5928,209
5929,209
5930,210
5931,210
5932,209
5933,210
5934,210
5935,210
5936,210
5937,210
5938,210
5939,210
5940,210
5941,210
5942,210
5943,210
5944,210
5945,210
5946,210
5947,210
5948,210
5949,210
5950,211
5951,211
5952,211
5953,211
5954,211
5955,210
5956,211
5957,211
5958,211
5959,211
5960,210
5961,210
5962,210
5963,210
5964,210
5965,211
5966,210
5967,210
5968,210
5969,210
5970,210
5971,210
5972,210
5973,210
5974,210
5975,210
5976,210
5977,210
5978,210
5979,210
5980,210
5981,210
5982,210
5983,210
5984,210
5985,210
5986,210
5987,210
5988,210
5989,210
5990,211
5991,211
5992,211
5993,211
5994,211
5995,211
5996,211
5997,211
5998,211
5999,211
6000,211
6001,211
6002,211
6003,211
6004,211
6005,211
6006,211
6007,211
6008,211
6009,211
6010,211
6011,211
6012,211
6013,211
6014,211
6015,211
6016,211
6017,211
6018,211
6019,211
6020,211
6021,211
6022,211
6023,211
6024,211
6025,211
6026,211
6027,211
6028,211
6029,211
6030,211
6031,211
6032,211
6033,211
6034,211
6035,211
6036,211
6037,211
6038,211
6039,211
6040,211
6041,211
6042,211
6043,211
6044,211
6045,211
6046,211
6047,211
6048,211
6049,211
6050,211
6051,211
6052,211
6053,211
6054,211
6055,211
6056,211
6057,212
6058,211
6059,212
6060,212
6061,212
6062,212
6063,211
6064,211
6065,211
6066,211
6067,211
6068,211
6069,211
6070,211
6071,211
6072,211
6073,211
6074,211
6075,211
6076,211
6077,211
6078,211
6079,211
6080,211
6081,211
6082,211
6083,211
6084,211
6085,211
6086,211
6087,211
6088,211
6089,211
6090,211
6091,211
6092,211
6093,211
6094,211
6095,211
6096,211
6097,211
6098,211
6099,211
6100,211
6101,211
6102,211
6103,211
6104,211
6105,211
6106,211
6107,211
6108,211
6109,211
6110,211
6111,211
6112,211
6113,211
6114,211
6115,212
6116,212
6117,212
6118,212
6119,212
6120,212
6121,212
6122,212
6123,212
6124,212
6125,212
6126,212
6127,212
6128,212
6129,212
6130,212
6131,212
6132,212
6133,212
6134,212
6135,212
6136,212
6137,212
6138,212
6139,212
6140,212
6141,212
6142,212
6143,212
6144,212
6145,212
6146,212
6147,212
6148,212
6149,212
6150,212
6151,212
6152,212
6153,212
6154,212
6155,212
6156,212
6157,212
6158,212
6159,212
6160,212
6161,212
6162,212
6163,212
6164,212
6165,212
6166,212
6167,212
6168,212
6169,212
6170,212
6171,212
6172,212
6173,212
6174,212
6175,212
6176,212
6177,212
6178,212
6179,212
6180,212
6181,212
6182,212
6183,212
6184,212
6185,212
6186,212
6187,212
6188,212
6189,213
6190,212
6191,212
6192,212
6193,212
6194,212
6195,212
6196,212
6197,212
6198,212
6199,212
6200,212
6201,212
6202,212
6203,212
6204,212
6205,212
6206,212
6207,213
6208,212
6209,212
6210,212
6211,212
6212,212
6213,212
6214,212
6215,212
6216,212
6217,212
6218,212
6219,212
6220,212
6221,212
6222,212
6223,212
6224,212
6225,212
6226,213
6227,213
6228,213
6229,213
6230,213
6231,213
6232,213
6233,213
6234,212
6235,212
6236,213
6237,213
6238,213
6239,213
6240,213
6241,213
6242,213
6243,213
6244,213
6245,213
6246,213
6247,213
6248,213
6249,213
6250,213
6251,213
6252,213
6253,213
6254,213
6255,213
6256,213
6257,213
6258,213
6259,213
6260,213
6261,213
6262,213
6263,213
6264,213
6265,213
6266,213
6267,213
6268,213
6269,213
6270,213
6271,213
6272,213
6273,213
6274,213
6275,213
6276,213
6277,213
6278,213
6279,213
6280,213
6281,213
6282,213
6283,213
6284,213
6285,213
6286,213
6287,213
6288,213
6289,213
6290,213
6291,213
6292,213
6293,213
6294,213
6295,213
6296,213
6297,213
6298,212
6299,212
6300,212
6301,212
6302,212
6303,212
6304,212
6305,212
6306,213
6307,212
6308,212
6309,213
6310,213
6311,213
6312,213
6313,213
6314,213
6315,213
6316,213
6317,213
6318,213
6319,213
6320,213
6321,213
6322,212
6323,213
6324,213
6325,213
6326,213
6327,213
6328,213
6329,213
6330,213
6331,213
6332,213
6333,213
6334,213
6335,213
6336,213
6337,213
6338,213
6339,213
6340,213
6341,213
6342,213
6343,213
6344,213
6345,213
6346,213
6347,213
6348,213
6349,213
6350,213
6351,213
6352,213
6353,213
6354,213
6355,213
6356,213
6357,213
6358,213
6359,213
6360,213
6361,213
6362,213
6363,213
6364,213
6365,213
6366,214
6367,213
6368,214
6369,214
6370,214
6371,214
6372,213
6373,213
6374,214
6375,214
6376,214
6377,214
6378,214
6379,214
6380,214
6381,214
6382,214
6383,214
6384,214
6385,214
6386,214
6387,214
6388,214
6389,214
6390,214
6391,214
6392,214
6393,214
6394,214
6395,214
6396,214
6397,214
6398,214
6399,214
6400,214
6401,214
6402,214
6403,214
6404,214
6405,214
6406,214
6407,214
6408,214
6409,214
6410,214
6411,214
6412,214
6413,214
6414,214
6415,214
6416,214
6417,214
6418,214
6419,214
6420,213
6421,213
6422,213
6423,213
6424,213
6425,213
6426,213
6427,213
6428,213
6429,213
6430,213
6431,213
6432,213
6433,214
6434,213
6435,214
6436,214
6437,213
6438,213
6439,214
6440,214
6441,214
6442,214
6443,214
6444,214
6445,213
6446,213
6447,213
6448,213
6449,213
6450,214
6451,213
6452,214
6453,213
6454,213
6455,214
6456,214
6457,214
6458,214
6459,214
6460,214
6461,214
6462,214
6463,214
6464,214
6465,214
6466,213
6467,213
6468,213
6469,213
6470,213
6471,213
6472,213
6473,213
6474,213
6475,214
6476,214
6477,214
6478,214
6479,214
6480,214
6481,214
6482,214
6483,214
6484,214
6485,214
6486,214
6487,214
6488,214
6489,214
6490,214
6491,214
6492,214
6493,214
6494,214
6495,214
6496,214
6497,214
6498,214
6499,214
6500,214
6501,214
6502,214
6503,214
6504,214
6505,214
6506,215
6507,215
6508,215
6509,214
6510,214
6511,214
6512,214
6513,214
6514,214
6515,214
6516,214
6517,214
6518,214
6519,214
6520,214
6521,214
6522,214
6523,214
6524,214
6525,214
6526,214
6527,214
6528,214
6529,214
6530,214
6531,215
6532,214
6533,215
6534,215
6535,215
6536,215
6537,215
6538,215
6539,215
6540,215
6541,215
6542,215
6543,215
6544,215
6545,215
6546,215
6547,215
6548,215
6549,215
6550,215
6551,215
6552,215
6553,215
6554,215
6555,215
6556,215
6557,215
6558,215
6559,215
6560,215
6561,215
6562,215
6563,215
6564,215
6565,215
6566,215
6567,215
6568,215
6569,215
6570,216
6571,216
6572,216
6573,216
6574,216
6575,215
6576,215
6577,215
6578,215
6579,215
6580,215
6581,215
6582,215
6583,215
6584,215
6585,215
6586,215
6587,215
6588,215
6589,215
6590,215
6591,215
6592,215
6593,215
6594,215
6595,215
6596,215
6597,215
6598,215
6599,215
6600,215
6601,215
6602,215
6603,215
6604,215
6605,215
6606,215
6607,215
6608,215
6609,215
6610,215
6611,215
6612,215
6613,215
6614,216
6615,216
6616,216
6617,216
6618,216
6619,216
6620,216
6621,216
6622,216
6623,216
6624,216
6625,216
6626,216
6627,216
6628,216
6629,216
6630,216
6631,216
6632,216
6633,216
6634,216
6635,216
6636,216
6637,216
6638,216
6639,216
6640,216
6641,216
6642,216
6643,216
6644,215
6645,215
6646,215
6647,215
6648,215
6649,215
6650,216
6651,216
6652,216
6653,216
6654,216
6655,216
6656,216
6657,216
6658,216
6659,216
6660,216
6661,216
6662,216
6663,216
6664,216
6665,216
6666,216
6667,216
6668,216
6669,216
6670,216
6671,216
6672,216
6673,216
6674,216
6675,216
6676,216
6677,216
6678,216
6679,216
6680,216
6681,216
6682,216
6683,216
6684,216
6685,216
6686,216
6687,216
6688,216
6689,216
6690,216
6691,216
6692,216
6693,216
6694,216
6695,216
6696,216
6697,216
6698,216
6699,216
6700,216
6701,216
6702,216
6703,216
6704,216
6705,216
6706,216
6707,216
6708,216
6709,216
6710,217
6711,217
6712,217
6713,217
6714,217
6715,217
6716,217
6717,217
6718,217
6719,217
6720,217
6721,216
6722,216
6723,217
6724,216
6725,216
6726,216
6727,216
6728,216
6729,217
6730,217
6731,217
6732,217
6733,217
6734,216
6735,217
6736,217
6737,217
6738,217
6739,217
6740,217
6741,217
6742,217
6743,217
6744,217
6745,217
6746,217
6747,217
6748,217
6749,217
6750,217
6751,217
6752,217
6753,217
6754,217
6755,217
6756,217
6757,217
6758,217
6759,217
6760,217
6761,217
6762,217
6763,217
6764,217
6765,218
6766,218
6767,218
6768,218
6769,218
6770,218
6771,218
6772,218
6773,218
6774,218
6775,218
6776,218
6777,218
6778,218
6779,218
6780,218
6781,218
6782,218
6783,218
6784,218
6785,218
6786,218
6787,218
6788,218
6789,218
6790,218
6791,218
6792,218
6793,218
6794,218
6795,218
6796,218
6797,218
6798,218
6799,218
6800,218
6801,218
6802,218
6803,218
6804,218
6805,218
6806,218
6807,218
6808,218
6809,218
6810,218
6811,218
6812,218
6813,218
6814,218
6815,218
6816,218
6817,218
6818,218
6819,218
6820,218
6821,218
6822,218
6823,218
6824,218
6825,218
6826,218
6827,217
6828,218
6829,217
6830,218
6831,217
6832,217
6833,217
6834,217
6835,217
6836,217
6837,217
6838,217
6839,217
6840,217
6841,217
6842,217
6843,217
6844,217
6845,217
6846,217
6847,217
6848,217
6849,217
6850,217
6851,217
6852,217
6853,217
6854,217
6855,217
6856,217
6857,217
6858,217
6859,217
6860,217
6861,217
6862,217
6863,217
6864,217
6865,217
6866,217
6867,217
6868,217
6869,217
6870,217
6871,218
6872,218
6873,218
6874,218
6875,218
6876,218
6877,218
6878,218
6879,218
6880,218
6881,218
6882,218
6883,218
6884,218
6885,218
6886,218
6887,218
6888,218
6889,217
6890,218
6891,217
6892,218
6893,218
6894,218
6895,218
6896,218
6897,217
6898,217
6899,217
6900,217
6901,217
6902,218
6903,218
6904,217
6905,218
6906,218
6907,218
6908,217
6909,218
6910,218
6911,217
6912,217
6913,217
6914,217
6915,217
6916,217
6917,217
6918,217
6919,217
6920,217
6921,217
6922,217
6923,217
6924,217
6925,217
6926,217
6927,217
6928,217
6929,217
6930,217
6931,217
6932,217
6933,217
6934,217
6935,217
6936,217
6937,217
6938,217
6939,217
6940,217
6941,217
6942,217
6943,217
6944,217
6945,217
6946,217
6947,217
6948,217
6949,217
6950,217
6951,217
6952,218
6953,217
6954,217
6955,217
6956,217
6957,217
6958,218
6959,218
6960,218
6961,218
6962,218
6963,217
6964,218
6965,218
6966,217
6967,217
6968,218
6969,218
6970,218
6971,218
6972,218
6973,218
6974,218
6975,218
6976,218
6977,218
6978,218
6979,218
6980,218
6981,218
6982,218
6983,218
6984,218
6985,218
6986,218
6987,218
6988,218
6989,218
6990,218
6991,218
6992,218
6993,218
6994,218
6995,218
6996,218
6997,218
6998,218
6999,218
7000,218
7001,218
7002,218
7003,218
7004,217
7005,217
7006,217
7007,217
7008,217
7009,217
7010,217
7011,217
7012,218
7013,218
7014,217
7015,217
7016,217
7017,217
7018,217
7019,217
7020,217
7021,217
7022,217
7023,217
7024,217
7025,217
7026,217
7027,217
7028,217
7029,217
7030,217
7031,217
7032,218
7033,218
7034,218
7035,218
7036,218
7037,218
7038,217
7039,217
7040,218
7041,218
7042,218
7043,218
7044,218
7045,218
7046,218
7047,218
7048,218
7049,218
7050,218
7051,218
7052,218
7053,218
7054,218
7055,218
7056,218
7057,218
7058,218
7059,218
7060,218
7061,218
7062,219
7063,219
7064,219
7065,219
7066,219
7067,219
7068,219
7069,219
7070,219
7071,219
7072,219
7073,219
7074,219
7075,219
7076,219
7077,219
7078,219
7079,218
7080,218
7081,218
7082,218
7083,219
7084,219
7085,219
7086,219
7087,219
7088,219
7089,219
7090,219
7091,218
7092,218
7093,218
7094,218
7095,218
7096,218
7097,218
7098,218
7099,219
7100,218
7101,219
7102,218
7103,218
7104,219
7105,218
7106,218
7107,218
7108,219
7109,219
7110,219
7111,219
7112,219
7113,219
7114,219
7115,219
7116,219
7117,219
7118,219
7119,219
7120,218
7121,219
7122,219
7123,218
7124,218
7125,218
7126,218
7127,219
7128,219
7129,219
7130,219
7131,219
7132,219
7133,219
7134,219
7135,219
7136,219
7137,218
7138,219
7139,219
7140,219
7141,219
7142,219
7143,219
7144,219
7145,219
7146,219
7147,219
7148,219
7149,219
7150,219
7151,219
7152,219
7153,219
7154,219
7155,219
7156,219
7157,219
7158,219
7159,219
7160,219
7161,219
7162,219
7163,220
7164,220
7165,220
7166,220
7167,220
7168,220
7169,220
7170,220
7171,220
7172,220
7173,220
7174,220
7175,220
7176,221
7177,221
7178,221
7179,221
7180,221
7181,221
7182,221
7183,221
7184,221
7185,221
7186,221
7187,221
7188,221
7189,221
7190,221
7191,222
7192,222
7193,222
7194,222
7195,222
7196,222
7197,222
7198,222
7199,222
7200,222
7201,222
7202,222
7203,222
7204,222
7205,222
7206,222
7207,222
7208,222
7209,222
7210,222
7211,222
7212,222
7213,223
7214,223
7215,222
7216,222
7217,222
7218,222
7219,222
7220,222
7221,222
7222,222
7223,222
7224,222
7225,222
7226,222
7227,222
7228,222
7229,222
7230,223
7231,222
7232,222
7233,222
7234,222
7235,223
7236,223
7237,222
7238,222
7239,222
7240,222
7241,222
7242,222
7243,222
7244,222
7245,222
7246,222
7247,222
7248,222
7249,222
7250,222
7251,222
7252,222
7253,222
7254,222
7255,222
7256,222
7257,222
7258,222
7259,222
7260,222
7261,222
7262,222
7263,222
7264,222
7265,222
7266,222
7267,222
7268,222
7269,222
7270,222
7271,222
7272,222
7273,222
7274,222
7275,222
7276,222
7277,222
7278,222
7279,222
7280,222
7281,222
7282,222
7283,222
7284,222
7285,222
7286,222
7287,223
7288,223
7289,223
7290,223
7291,223
7292,223
7293,223
7294,223
7295,223
7296,223
7297,223
7298,223
7299,223
7300,223
7301,223
7302,223
7303,223
7304,223
7305,223
7306,223
7307,223
7308,223
7309,223
7310,222
7311,223
7312,222
7313,222
7314,222
7315,222
7316,222
7317,222
7318,223
7319,222
7320,222
7321,222
7322,222
7323,222
7324,222
7325,222
7326,222
7327,222
7328,222
7329,222
7330,222
7331,222
7332,222
7333,222
7334,222
7335,222
7336,222
7337,222
7338,222
7339,222
7340,222
7341,222
7342,222
7343,222
7344,222
7345,222
7346,222
7347,222
7348,222
7349,222
7350,222
7351,222
7352,222
7353,222
7354,222
7355,222
7356,222
7357,222
7358,222
7359,222
7360,222
7361,222
7362,222
7363,222
7364,222
7365,222
7366,222
7367,222
7368,222
7369,222
7370,222
7371,222
7372,222
7373,222
7374,222
7375,222
7376,222
7377,222
7378,222
7379,222
7380,222
7381,222
7382,222
7383,222
7384,222
7385,222
7386,222
7387,222
7388,222
7389,222
7390,222
7391,221
7392,222
7393,221
7394,221
7395,221
7396,221
7397,222
7398,221
7399,221
7400,221
7401,222
7402,222
7403,221
7404,221
7405,221
7406,221
7407,221
7408,221
7409,221
7410,221
7411,221
7412,221
7413,221
7414,221
7415,221
7416,221
7417,221
7418,221
7419,221
7420,222
7421,222
7422,222
7423,222
7424,222
7425,222
7426,222
7427,222
7428,222
7429,222
7430,222
7431,222
7432,222
7433,222
7434,222
7435,222
7436,222
7437,222
7438,222
7439,222
7440,222
7441,222
7442,222
7443,222
7444,222
7445,222
7446,222
7447,222
7448,222
7449,222
7450,222
7451,222
7452,222
7453,222
7454,222
7455,222
7456,222
7457,222
7458,222
7459,222
7460,222
7461,222
7462,222
7463,222
7464,222
7465,222
7466,222
7467,222
7468,222
7469,222
7470,222
7471,223
7472,223
7473,223
7474,223
7475,223
7476,222
7477,223
7478,223
7479,223
7480,223
7481,222
7482,223
7483,222
7484,223
7485,223
7486,223
7487,223
7488,223
7489,223
7490,223
7491,223
7492,223
7493,223
7494,223
7495,223
7496,223
7497,223
7498,223
7499,223
7500,223
7501,223
7502,223
7503,223
7504,223
7505,223
7506,223
7507,223
7508,223
7509,223
7510,223
7511,223
7512,223
7513,223
7514,223
7515,223
7516,223
7517,223
7518,223
7519,223
7520,223
7521,223
7522,223
7523,223
7524,223
7525,223
7526,223
7527,223
7528,223
7529,223
7530,223
7531,223
7532,223
7533,223
7534,223
7535,223
7536,223
7537,223
7538,223
7539,223
7540,223
7541,223
7542,223
7543,223
7544,223
7545,223
7546,223
7547,223
7548,223
7549,223
7550,223
7551,223
7552,223
7553,223
7554,223
7555,223
7556,223
7557,223
7558,223
7559,223
7560,223
7561,223
7562,223
7563,223
7564,223
7565,223
7566,223
7567,223
7568,223
7569,223
7570,223
7571,223
7572,222
7573,223
7574,223
7575,223
7576,223
7577,223
7578,223
7579,223
7580,223
7581,223
7582,223
7583,223
7584,223
7585,223
7586,223
7587,223
7588,223
7589,223
7590,223
7591,223
7592,223
7593,223
7594,223
7595,224
7596,224
7597,224
7598,224
7599,224
7600,224
7601,224
7602,223
7603,223
7604,224
7605,223
7606,223
7607,223
7608,223
7609,223
7610,223
7611,223
7612,223
7613,223
7614,223
7615,223
7616,223
7617,223
7618,223
7619,224
7620,224
7621,224
7622,224
7623,224
7624,224
7625,224
7626,224
7627,224
7628,224
7629,224
7630,224
7631,224
7632,223
7633,223
7634,224
7635,223
7636,223
7637,224
7638,224
7639,224
7640,224
7641,224
7642,224
7643,224
7644,224
7645,224
7646,224
7647,224
7648,224
7649,224
7650,224
7651,224
7652,224
7653,224
7654,224
7655,224
7656,224
7657,224
7658,224
7659,224
7660,224
7661,224
7662,223
7663,223
7664,223
7665,223
7666,224
7667,223
7668,224
7669,224
7670,224
7671,224
7672,224
7673,224
7674,224
7675,224
7676,224
7677,224
7678,224
7679,224
7680,224
7681,224
7682,224
7683,224
7684,223
7685,223
7686,223
7687,223
7688,223
7689,223
7690,223
7691,223
7692,223
7693,223
7694,223
7695,223
7696,223
7697,223
7698,223
7699,223
7700,223
7701,223
7702,223
7703,223
7704,223
7705,223
7706,223
7707,223
7708,223
7709,223
7710,223
7711,223
7712,223
7713,223
7714,223
7715,223
7716,223
7717,223
7718,223
7719,224
7720,223
7721,223
7722,223
7723,223
7724,223
7725,223
7726,223
7727,223
7728,223
7729,223
7730,223
7731,223
7732,224
7733,224
7734,224
7735,224
7736,224
7737,224
7738,224
7739,224
7740,224
7741,224
7742,224
7743,224
7744,224
7745,224
7746,224
7747,224
7748,224
7749,224
7750,224
7751,224
7752,224
7753,224
7754,224
7755,225
7756,225
7757,225
7758,225
7759,225
7760,225
7761,225
7762,225
7763,225
7764,225
7765,225
7766,225
7767,225
7768,225
7769,225
7770,225
7771,225
7772,225
7773,225
7774,225
7775,225
7776,225
7777,225
7778,225
7779,225
7780,225
7781,225
7782,225
7783,225
7784,225
7785,225
7786,225
7787,225
7788,225
7789,225
7790,226
7791,226
7792,226
7793,226
7794,226
7795,226
7796,226
7797,226
7798,226
7799,226
7800,226
7801,226
7802,226
7803,226
7804,226
7805,226
7806,226
7807,226
7808,225
7809,225
7810,225
7811,225
7812,225
7813,225
7814,225
7815,225
7816,225
7817,225
7818,225
7819,225
7820,225
7821,225
7822,225
7823,225
7824,225
7825,225
7826,225
7827,225
7828,225
7829,225
7830,225
7831,225
7832,225
7833,225
7834,225
7835,225
7836,225
7837,225
7838,225
7839,225
7840,225
7841,225
7842,225
7843,225
7844,225
7845,225
7846,226
7847,226
7848,226
7849,226
7850,226
7851,226
7852,226
7853,226
7854,226
7855,226
7856,226
7857,226
7858,226
7859,226
7860,226
7861,226
7862,226
7863,226
7864,225
7865,225
7866,225
7867,225
7868,225
7869,225
7870,225
7871,226
7872,226
7873,226
7874,226
7875,226
7876,226
7877,226
7878,226
7879,226
7880,226
7881,226
7882,226
7883,226
7884,226
7885,226
7886,226
7887,226
7888,226
7889,226
7890,226
7891,226
7892,226
7893,226
7894,226
7895,226
7896,226
7897,226
7898,226
7899,226
7900,226
7901,226
7902,226
7903,226
7904,226
7905,226
7906,226
7907,226
7908,226
7909,226
7910,226
7911,226
7912,226
7913,226
7914,226
7915,226
7916,226
7917,226
7918,226
7919,226
7920,226
7921,226
7922,226
7923,226
7924,226
7925,226
7926,226
7927,226
7928,226
7929,226
7930,226
7931,226
7932,226
7933,226
7934,226
7935,226
7936,226
7937,226
7938,226
7939,226
7940,226
7941,226
7942,226
7943,226
7944,226
7945,226
7946,226
7947,226
7948,226
7949,226
7950,226
7951,226
7952,226
7953,226
7954,226
7955,226
7956,226
7957,226
7958,226
7959,226
7960,226
7961,226
7962,226
7963,227
7964,227
7965,227
7966,227
7967,227
7968,227
7969,226
7970,227
7971,227
7972,227
7973,227
7974,227
7975,227
7976,227
7977,227
7978,226
7979,226
7980,226
7981,226
7982,226
7983,226
7984,227
7985,227
7986,227
7987,227
7988,227
7989,227
7990,227
7991,227
7992,227
7993,227
7994,227
7995,227
7996,227
7997,227
7998,227
7999,227
8000,227
8001,227
8002,226
8003,226
8004,227
8005,227
8006,227
8007,227
8008,227
8009,227
8010,227
8011,227
8012,227
8013,227
8014,227
8015,227
8016,227
8017,227
8018,227
8019,227
8020,227
8021,227
8022,227
8023,227
8024,227
8025,227
8026,227
8027,227
8028,227
8029,227
8030,227
8031,227
8032,227
8033,227
8034,227
8035,227
8036,227
8037,227
8038,227
8039,227
8040,227
8041,227
8042,227
8043,227
8044,227
8045,227
8046,227
8047,227
8048,227
8049,227
8050,227
8051,227
8052,227
8053,227
8054,227
8055,227
8056,227
8057,227
8058,227
8059,227
8060,227
8061,227
8062,227
8063,227
8064,227
8065,227
8066,227
8067,227
8068,227
8069,227
8070,227
8071,227
8072,227
8073,227
8074,227
8075,228
8076,228
8077,228
8078,228
8079,228
8080,228
8081,228
8082,227
8083,227
8084,227
8085,227
8086,227
8087,227
8088,227
8089,227
8090,227
8091,227
8092,227
8093,227
8094,227
8095,227
8096,227
8097,227
8098,227
8099,227
8100,227
8101,227
8102,227
8103,227
8104,227
8105,228
8106,228
8107,228
8108,228
8109,227
8110,227
8111,227
8112,228
8113,228
8114,228
8115,228
8116,228
8117,228
8118,228
8119,228
8120,228
8121,227
8122,228
8123,228
8124,227
8125,227
8126,227
8127,227
8128,227
8129,227
8130,228
8131,228
8132,228
8133,227
8134,227
8135,227
8136,228
8137,228
8138,228
8139,228
8140,228
8141,228
8142,227
8143,227
8144,227
8145,227
8146,227
8147,227
8148,227
8149,227
8150,227
8151,227
8152,227
8153,227
8154,227
8155,228
8156,228
8157,228
8158,228
8159,228
8160,227
8161,227
8162,228
8163,228
8164,227
8165,228
8166,228
8167,227
8168,227
8169,227
8170,228
8171,227
8172,228
8173,228
8174,228
8175,228
8176,228
8177,227
8178,227
8179,227
8180,227
8181,227
8182,227
8183,227
8184,227
8185,228
8186,228
8187,228
8188,228
8189,228
8190,228
8191,228
8192,228
8193,228
8194,228
8195,228
8196,228
8197,228
8198,228
8199,228
8200,228
8201,228
8202,228
8203,228
8204,228
8205,228
8206,228
8207,228
8208,229
8209,228
8210,229
8211,228
8212,229
8213,228
8214,229
8215,229
8216,229
8217,229
8218,229
8219,229
8220,229
8221,229
8222,229
8223,229
8224,229
8225,229
8226,229
8227,229
8228,229
8229,229
8230,229
8231,229
8232,229
8233,229
8234,229
8235,229
8236,229
8237,229
8238,229
8239,229
8240,229
8241,229
8242,229
8243,229
8244,229
8245,230
8246,229
8247,230
8248,229
8249,230
8250,230
8251,230
8252,229
8253,230
8254,229
8255,229
8256,229
8257,230
8258,229
8259,230
8260,230
8261,230
8262,230
8263,230
8264,230
8265,230
8266,230
8267,230
8268,230
8269,230
8270,230
8271,230
8272,230
8273,230
8274,230
8275,230
8276,230
8277,230
8278,230
8279,230
8280,230
8281,230
8282,230
8283,230
8284,230
8285,230
8286,230
8287,230
8288,230
8289,230
8290,230
8291,230
8292,230
8293,230
8294,230
8295,230
8296,230
8297,230
8298,230
8299,230
8300,230
8301,230
8302,230
8303,230
8304,230
8305,230
8306,230
8307,230
8308,230
8309,231
8310,231
8311,231
8312,231
8313,230
8314,230
8315,231
8316,231
8317,230
8318,231
8319,231
8320,230
8321,230
8322,231
8323,231
8324,231
8325,230
8326,230
8327,230
8328,230
8329,230
8330,230
8331,230
8332,230
8333,230
8334,230
8335,230
8336,230
8337,230
8338,231
8339,231
8340,231
8341,231
8342,231
8343,231
8344,231
8345,231
8346,231
8347,231
8348,231
8349,231
8350,231
8351,231
8352,231
8353,231
8354,231
8355,231
8356,231
8357,231
8358,231
8359,231
8360,231
8361,231
8362,231
8363,231
8364,231
8365,231
8366,231
8367,231
8368,231
8369,231
8370,231
8371,231
8372,231
8373,231
8374,231
8375,231
8376,231
8377,231
8378,231
8379,231
8380,231
8381,231
8382,231
8383,231
8384,231
8385,231
8386,231
8387,231
8388,232
8389,232
8390,231
8391,231
8392,232
8393,232
8394,232
8395,232
8396,232
8397,232
8398,232
8399,232
8400,232
8401,232
8402,232
8403,232
8404,232
8405,232
8406,232
8407,232
8408,232
8409,232
8410,232
8411,232
8412,232
8413,233
8414,233
8415,233
8416,233
8417,233
8418,233
8419,233
8420,233
8421,233
8422,233
8423,233
8424,233
8425,233
8426,233
8427,233
8428,233
8429,233
8430,233
8431,233
8432,233
8433,233
8434,233
8435,233
8436,233
8437,233
8438,233
8439,233
8440,233
8441,233
8442,233
8443,233
8444,233
8445,233
8446,233
8447,233
8448,233
8449,234
8450,234
8451,233
8452,233
8453,234
8454,234
8455,234
8456,234
8457,234
8458,234
8459,234
8460,234
8461,234
8462,234
8463,234
8464,234
8465,234
8466,234
8467,234
8468,234
8469,234
8470,234
8471,234
8472,234
8473,234
8474,234
8475,234
8476,234
8477,234
8478,234
8479,234
8480,234
8481,234
8482,234
8483,234
8484,234
8485,234
8486,234
8487,234
8488,234
8489,234
8490,234
8491,234
8492,234
8493,234
8494,234
8495,234
8496,234
8497,234
8498,234
8499,234
8500,234
8501,234
8502,234
8503,234
8504,234
8505,234
8506,234
8507,234
8508,234
8509,234
8510,235
8511,235
8512,235
8513,235
8514,235
8515,235
8516,235
8517,235
8518,235
8519,235
8520,235
8521,235
8522,235
8523,235
8524,235
8525,235
8526,235
8527,235
8528,235
8529,235
8530,235
8531,235
8532,235
8533,235
8534,235
8535,235
8536,235
8537,235
8538,234
8539,234
8540,234
8541,235
8542,234
8543,234
8544,234
8545,234
8546,234
8547,234
8548,234
8549,234
8550,234
8551,234
8552,234
8553,234
8554,234
8555,234
8556,234
8557,234
8558,234
8559,234
8560,234
8561,234
8562,234
8563,234
8564,234
8565,234
8566,234
8567,234
8568,234
8569,234
8570,234
8571,234
8572,234
8573,234
8574,234
8575,234
8576,234
8577,234
8578,234
8579,234
8580,234
8581,234
8582,234
8583,234
8584,235
8585,235
8586,235
8587,235
8588,234
8589,234
8590,235
8591,235
8592,235
8593,235
8594,234
8595,234
8596,235
8597,235
8598,234
8599,234
8600,234
8601,234
8602,235
8603,235
8604,235
8605,235
8606,235
8607,235
8608,235
8609,235
8610,235
8611,235
8612,235
8613,235
8614,235
8615,235
8616,235
8617,235
8618,235
8619,235
8620,235
8621,235
8622,235
8623,235
8624,235
8625,235
8626,235
8627,235
8628,235
8629,235
8630,235
8631,235
8632,235
8633,235
8634,235
8635,235
8636,235
8637,235
8638,235
8639,235
8640,235
8641,235
8642,235
8643,235
8644,235
8645,235
8646,234
8647,234
8648,235
8649,235
8650,235
8651,235
8652,234
8653,234
8654,234
8655,235
8656,235
8657,235
8658,235
8659,234
8660,234
8661,234
8662,234
8663,234
8664,234
8665,234
8666,234
8667,234
8668,234
8669,234
8670,234
8671,234
8672,234
8673,234
8674,234
8675,234
8676,234
8677,234
8678,234
8679,234
8680,234
8681,234
8682,234
8683,234
8684,234
8685,234
8686,234
8687,235
8688,234
8689,235
8690,234
8691,235
8692,235
8693,235
8694,234
8695,234
8696,234
8697,234
8698,234
8699,234
8700,234
8701,234
8702,234
8703,234
8704,234
8705,234
8706,233
8707,233
8708,233
8709,233
8710,234
8711,234
8712,234
8713,234
8714,233
8715,233
8716,233
8717,233
8718,233
8719,233
8720,233
8721,233
8722,233
8723,233
8724,233
8725,233
8726,233
8727,233
8728,233
8729,233
8730,233
8731,233
8732,233
8733,234
8734,233
8735,233
8736,233
8737,233
8738,233
8739,234
8740,234
8741,233
8742,233
8743,233
8744,234
8745,233
8746,234
8747,234
8748,234
8749,234
8750,234
8751,234
8752,234
8753,234
8754,234
8755,234
8756,234
8757,234
8758,234
8759,234
8760,234
8761,234
8762,234
8763,234
8764,234
8765,234
8766,234
8767,235
8768,234
8769,234
8770,234
8771,234
8772,234
8773,234
8774,234
8775,234
8776,234
8777,234
8778,234
8779,234
8780,234
8781,234
8782,234
8783,234
8784,234
8785,234
8786,234
8787,234
8788,234
8789,234
8790,234
8791,234
8792,234
8793,234
8794,234
8795,234
8796,234
8797,234
8798,234
8799,234
8800,234
8801,234
8802,235
8803,235
8804,235
8805,235
8806,235
8807,235
8808,235
8809,235
8810,235
8811,235
8812,235
8813,235
8814,235
8815,235
8816,235
8817,235
8818,235
8819,235
8820,235
8821,235
8822,235
8823,235
8824,235
8825,235
8826,235
8827,235
8828,236
8829,236
8830,236
8831,236
8832,236
8833,236
8834,236
8835,236
8836,236
8837,236
8838,236
8839,236
8840,236
8841,236
8842,236
8843,236
8844,236
8845,236
8846,236
8847,236
8848,236
8849,236
8850,236
8851,236
8852,236
8853,236
8854,236
8855,236
8856,236
8857,236
8858,236
8859,236
8860,236
8861,236
8862,236
8863,236
8864,236
8865,236
8866,236
8867,236
8868,236
8869,236
8870,236
8871,236
8872,236
8873,236
8874,236
8875,236
8876,236
8877,235
8878,235
8879,235
8880,235
8881,235
8882,235
8883,235
8884,235
8885,235
8886,235
8887,235
8888,235
8889,235
8890,235
8891,235
8892,235
8893,235
8894,235
8895,235
8896,235
8897,235
8898,235
8899,235
8900,235
8901,235
8902,235
8903,235
8904,235
8905,235
8906,235
8907,235
8908,235
8909,235
8910,235
8911,235
8912,235
8913,235
8914,235
8915,235
8916,235
8917,235
8918,235
8919,235
8920,235
8921,235
8922,235
8923,235
8924,235
8925,235
8926,235
8927,235
8928,235
8929,235
8930,235
8931,235
8932,235
8933,235
8934,235
8935,235
8936,236
8937,236
8938,236
8939,236
8940,236
8941,236
8942,236
8943,236
8944,237
8945,237
8946,237
8947,237
8948,237
8949,237
8950,237
8951,237
8952,237
8953,237
8954,237
8955,237
8956,237
8957,237
8958,237
8959,237
8960,237
8961,237
8962,237
8963,237
8964,237
8965,237
8966,237
8967,237
8968,237
8969,237
8970,237
8971,237
8972,237
8973,237
8974,237
8975,237
8976,237
8977,237
8978,237
8979,237
8980,237
8981,237
8982,237
8983,237
8984,237
8985,237
8986,237
8987,237
8988,237
8989,237
8990,236
8991,237
8992,237
8993,236
8994,237
8995,237
8996,237
8997,237
8998,237
8999,237
9000,237
9001,237
9002,237
9003,237
9004,237
9005,237
9006,237
9007,237
9008,237
9009,237
9010,237
9011,237
9012,237
9013,237
9014,237
9015,237
9016,237
9017,238
9018,237
9019,237
9020,237
9021,238
9022,237
9023,237
9024,237
9025,237
9026,237
9027,237
9028,237
9029,237
9030,237
9031,237
9032,237
9033,237
9034,237
9035,237
9036,237
9037,237
9038,237
9039,237
9040,238
9041,238
9042,237
9043,237
9044,237
9045,238
9046,237
9047,237
9048,237
9049,238
9050,238
9051,238
9052,238
9053,238
9054,238
9055,238
9056,238
9057,238
9058,238
9059,238
9060,238
9061,238
9062,238
9063,238
9064,238
9065,238
9066,238
9067,238
9068,238
9069,238
9070,238
9071,238
9072,238
9073,238
9074,238
9075,238
9076,238
9077,238
9078,238
9079,238
9080,238
9081,238
9082,238
9083,238
9084,238
9085,238
9086,238
9087,238
9088,238
9089,238
9090,238
9091,238
9092,238
9093,238
9094,238
9095,238
9096,238
9097,238
9098,238
9099,238
9100,238
9101,238
9102,238
9103,238
9104,238
9105,238
9106,238
9107,238
9108,238
9109,238
9110,238
9111,238
9112,238
9113,238
9114,238
9115,238
9116,238
9117,238
9118,238
9119,238
9120,238
9121,238
9122,238
9123,238
9124,238
9125,238
9126,238
9127,238
9128,238
9129,238
9130,238
9131,238
9132,238
9133,238
9134,238
9135,238
9136,238
9137,238
9138,238
9139,238
9140,238
9141,238
9142,238
9143,238
9144,238
9145,238
9146,238
9147,238
9148,238
9149,238
9150,238
9151,238
9152,238
9153,238
9154,238
9155,238
9156,238
9157,238
9158,238
9159,237
9160,237
9161,238
9162,238
9163,238
9164,238
9165,238
9166,238
9167,238
9168,238
9169,238
9170,238
9171,238
9172,238
9173,238
9174,238
9175,238
9176,238
9177,238
9178,238
9179,238
9180,238
9181,238
9182,238
9183,238
9184,238
9185,238
9186,238
9187,238
9188,238
9189,239
9190,239
9191,239
9192,239
9193,239
9194,239
9195,239
9196,239
9197,239
9198,239
9199,239
9200,239
9201,239
9202,239
9203,239
9204,239
9205,239
9206,239
9207,239
9208,239
9209,239
9210,239
9211,239
9212,239
9213,239
9214,239
9215,239
9216,239
9217,239
9218,239
9219,239
9220,239
9221,239
9222,239
9223,239
9224,239
9225,239
9226,239
9227,239
9228,239
9229,239
9230,239
9231,239
9232,239
9233,239
9234,239
9235,239
9236,239
9237,239
9238,239
9239,239
9240,239
9241,239
9242,239
9243,239
9244,239
9245,239
9246,239
9247,239
9248,238
9249,238
9250,239
9251,239
9252,239
9253,239
9254,239
9255,239
9256,239
9257,239
9258,239
9259,239
9260,239
9261,239
9262,239
9263,239
9264,239
9265,239
9266,239
9267,239
9268,239
9269,239
9270,239
9271,239
9272,239
9273,239
9274,239
9275,239
9276,239
9277,239
9278,239
9279,239
9280,239
9281,239
9282,239
9283,239
9284,239
9285,239
9286,239
9287,239
9288,239
9289,239
9290,239
9291,239
9292,239
9293,239
9294,239
9295,239
9296,239
9297,239
9298,239
9299,239
9300,239
9301,239
9302,239
9303,239
9304,239
9305,239
9306,239
9307,239
9308,239
9309,239
9310,239
9311,239
9312,239
9313,240
9314,240
9315,240
9316,240
9317,240
9318,240
9319,240
9320,240
9321,240
9322,240
9323,240
9324,240
9325,240
9326,240
9327,240
9328,240
9329,240
9330,240
9331,240
9332,240
9333,240
9334,240
9335,240
9336,240
9337,240
9338,240
9339,240
9340,240
9341,240
9342,240
9343,240
9344,240
9345,240
9346,240
9347,240
9348,240
9349,240
9350,240
9351,240
9352,240
9353,240
9354,241
9355,241
9356,241
9357,241
9358,241
9359,241
9360,241
9361,240
9362,240
9363,240
9364,240
9365,240
9366,240
9367,240
9368,240
9369,240
9370,240
9371,240
9372,240
9373,240
9374,240
9375,240
9376,240
9377,240
9378,240
9379,240
9380,240
9381,240
9382,240
9383,240
9384,240
9385,240
9386,240
9387,240
9388,240
9389,240
9390,240
9391,240
9392,240
9393,240
9394,240
9395,240
9396,240
9397,240
9398,240
9399,240
9400,240
9401,240
9402,241
9403,241
9404,240
9405,240
9406,240
9407,240
9408,240
9409,240
9410,240
9411,240
9412,240
9413,241
9414,241
9415,241
9416,241
9417,241
9418,241
9419,241
9420,241
9421,241
9422,241
9423,241
9424,241
9425,241
9426,241
9427,241
9428,241
9429,241
9430,241
9431,241
9432,241
9433,241
9434,241
9435,241
9436,241
9437,241
9438,241
9439,241
9440,241
9441,241
9442,241
9443,241
9444,241
9445,241
9446,241
9447,241
9448,240
9449,240
9450,241
9451,241
9452,241
9453,241
9454,241
9455,241
9456,241
9457,241
9458,241
9459,242
9460,242
9461,242
9462,242
9463,242
9464,242
9465,242
9466,242
9467,242
9468,242
9469,242
9470,242
9471,242
9472,242
9473,242
9474,242
9475,242
9476,242
9477,242
9478,242
9479,242
9480,242
9481,242
9482,242
9483,242
9484,242
9485,242
9486,242
9487,242
9488,242
9489,242
9490,242
9491,242
9492,242
9493,242
9494,243
9495,242
9496,243
9497,243
9498,243
9499,243
9500,243
9501,243
9502,243
9503,243
9504,243
9505,243
9506,243
9507,243
9508,243
9509,243
9510,243
9511,243
9512,243
9513,243
9514,243
9515,243
9516,243
9517,243
9518,243
9519,243
9520,243
9521,243
9522,242
9523,242
9524,242
9525,242
9526,242
9527,242
9528,242
9529,242
9530,243
9531,243
9532,243
9533,243
9534,243
9535,243
9536,243
9537,243
9538,243
9539,243
9540,243
9541,243
9542,243
9543,243
9544,244
9545,243
9546,243
9547,243
9548,243
9549,243
9550,243
9551,243
9552,243
9553,243
9554,243
9555,243
9556,243
9557,243
9558,243
9559,243
9560,243
9561,243
9562,243
9563,243
9564,243
9565,243
9566,243
9567,243
9568,243
9569,243
9570,243
9571,243
9572,243
9573,243
9574,243
9575,243
9576,243
9577,243
9578,243
9579,243
9580,243
9581,243
9582,243
9583,243
9584,243
9585,242
9586,243
9587,243
9588,243
9589,243
9590,243
9591,243
9592,243
9593,243
9594,243
9595,243
9596,243
9597,243
9598,243
9599,243
9600,243
9601,243
9602,244
9603,244
9604,244
9605,244
9606,244
9607,244
9608,243
9609,243
9610,243
9611,243
9612,243
9613,243
9614,243
9615,243
9616,243
9617,243
9618,243
9619,244
9620,244
9621,244
9622,244
9623,244
9624,244
9625,244
9626,244
9627,244
9628,244
9629,245
9630,244
9631,245
9632,245
9633,245
9634,245
9635,245
9636,245
9637,244
9638,244
9639,244
9640,245
9641,245
9642,244
9643,244
9644,244
9645,244
9646,244
9647,244
9648,244
9649,244
9650,244
9651,244
9652,244
9653,243
9654,243
9655,244
9656,244
9657,243
9658,243
9659,244
9660,244
9661,244
9662,244
9663,244
9664,244
9665,244
9666,244
9667,244
9668,244
9669,244
9670,244
9671,244
9672,244
9673,244
9674,244
9675,244
9676,244
9677,244
9678,244
9679,244
9680,244
9681,244
9682,244
9683,244
9684,244
9685,244
9686,244
9687,244
9688,244
9689,245
9690,244
9691,245
9692,245
9693,245
9694,245
9695,245
9696,245
9697,244
9698,244
9699,245
9700,244
9701,244
9702,244
9703,244
9704,244
9705,244
9706,244
9707,244
9708,244
9709,244
9710,244
9711,244
9712,244
9713,244
9714,243
9715,243
9716,244
9717,244
9718,243
9719,244
9720,244
9721,244
9722,243
9723,244
9724,244
9725,243
9726,243
9727,243
9728,244
9729,244
9730,244
9731,244
9732,244
9733,244
9734,244
9735,243
9736,244
9737,243
9738,243
9739,243
9740,243
9741,243
9742,243
9743,244
9744,243
9745,244
9746,244
9747,244
9748,244
9749,244
9750,244
9751,244
9752,244
9753,244
9754,244
9755,244
9756,245
9757,245
9758,245
9759,245
9760,245
9761,245
9762,245
9763,245
9764,245
9765,245
9766,245
9767,245
9768,245
9769,245
9770,245
9771,245
9772,245
9773,245
9774,245
9775,245
9776,245
9777,245
9778,245
9779,245
9780,245
9781,245
9782,245
9783,245
9784,245
9785,245
9786,245
9787,246
9788,245
9789,246
9790,246
9791,246
9792,246
9793,246
9794,246
9795,246
9796,246
9797,246
9798,246
9799,246
9800,246
9801,246
9802,246
9803,246
9804,246
9805,246
9806,246
9807,246
9808,246
9809,246
9810,246
9811,246
9812,246
9813,246
9814,246
9815,247
9816,246
9817,246
9818,247
9819,247
9820,247
9821,247
9822,246
9823,247
9824,247
9825,247
9826,247
9827,247
9828,247
9829,247
9830,247
9831,247
9832,247
9833,247
9834,247
9835,247
9836,247
9837,247
9838,247
9839,247
9840,247
9841,247
9842,247
9843,247
9844,247
9845,247
9846,247
9847,247
9848,247
9849,247
9850,247
9851,247
9852,247
9853,247
9854,246
9855,246
9856,246
9857,246
9858,246
9859,246
9860,246
9861,246
9862,246
9863,246
9864,246
9865,246
9866,247
9867,247
9868,247
9869,247
9870,247
9871,247
9872,247
9873,247
9874,247
9875,247
9876,247
9877,247
9878,246
9879,247
9880,247
9881,247
9882,247
9883,247
9884,247
9885,246
9886,247
9887,247
9888,247
9889,247
9890,247
9891,247
9892,247
9893,247
9894,247
9895,247
9896,247
9897,247
9898,247
9899,247
9900,247
9901,247
9902,247
9903,247
9904,247
9905,247
9906,247
9907,247
9908,247
9909,247
9910,247
9911,247
9912,247
9913,247
9914,247
9915,247
9916,247
9917,247
9918,247
9919,247
9920,247
9921,247
9922,247
9923,247
9924,247
9925,247
9926,247
9927,247
9928,247
9929,247
9930,247
9931,247
9932,247
9933,247
9934,247
9935,247
9936,247
9937,247
9938,247
9939,247
9940,247
9941,246
9942,246
9943,246
9944,247
9945,247
9946,247
9947,247
9948,247
9949,247
9950,247
9951,247
9952,247
9953,247
9954,247
9955,247
9956,247
9957,247
9958,247
9959,247
9960,247
9961,247
9962,247
9963,247
9964,247
9965,247
9966,247
9967,247
9968,247
9969,247
9970,247
9971,247
9972,247
9973,247
9974,247
9975,247
9976,247
9977,247
9978,247
9979,247
9980,247
9981,247
9982,247
9983,247
9984,247
9985,247
9986,247
9987,247
9988,248
9989,247
9990,248
9991,248
9992,248
9993,248
9994,248
9995,248
9996,248
9997,248
9998,248
9999,248
