0,149
1,149
2,149
3,149
4,149
5,149
6,149
7,149
8,149
9,149
10,149
11,149
12,149
13,149
14,149
15,149
16,149
17,149
18,149
19,149
20,149
21,149
22,149
23,149
24,149
25,149
26,150
27,150
28,150
29,149
30,149
31,149
32,150
33,150
34,150
35,150
36,149
37,150
38,150
39,150
40,150
41,150
42,150
43,150
44,150
45,150
46,150
47,150
48,150
49,150
50,150
51,149
52,149
53,149
54,149
55,149
56,149
57,149
58,149
59,149
60,149
61,149
62,149
63,149
64,149
65,149
66,149
67,149
68,149
69,149
70,149
71,149
72,149
73,149
74,149
75,149
76,149
77,149
78,150
79,150
80,149
81,149
82,150
83,150
84,150
85,149
86,149
87,149
88,149
89,149
90,149
91,149
92,149
93,149
94,149
95,149
96,149
97,149
98,150
99,149
100,149
101,150
102,150
103,150
104,149
105,149
106,149
107,149
108,149
109,149
110,149
111,149
112,149
113,149
114,149
115,149
116,149
117,149
118,149
119,149
120,149
121,149
122,149
123,149
124,149
125,149
126,149
127,149
128,149
129,149
130,149
131,149
132,149
133,149
134,149
135,149
136,149
137,149
138,149
139,149
140,149
141,149
142,150
143,150
144,150
145,150
146,150
147,150
148,149
149,149
150,150
151,149
152,149
153,150
154,150
155,150
156,150
157,150
158,150
159,150
160,149
161,149
162,149
163,149
164,149
165,149
166,149
167,149
168,149
169,149
170,149
171,149
172,149
173,149
174,149
175,149
176,149
177,149
178,149
179,149
180,149
181,149
182,149
183,149
184,149
185,149
186,149
187,149
188,149
189,149
190,149
191,149
192,149
193,149
194,149
195,149
196,149
197,149
198,149
199,149
200,149
201,149
202,149
203,149
204,149
205,149
206,149
207,149
208,149
209,149
210,149
211,149
212,149
213,149
214,149
215,149
216,150
217,150
218,150
219,150
220,150
221,150
222,150
223,150
224,150
225,150
226,151
227,151
228,151
229,151
230,151
231,151
232,151
233,151
234,151
235,151
236,151
237,151
238,151
239,151
240,151
241,151
242,151
243,151
244,151
245,151
246,152
247,152
248,151
249,152
250,152
251,152
252,151
253,152
254,152
255,152
256,152
257,152
258,152
259,152
260,152
261,152
262,152
263,152
264,152
265,152
266,152
267,152
268,152
269,152
270,152
271,152
272,152
273,152
274,152
275,152
276,152
277,152
278,152
279,152
280,152
281,152
282,152
283,152
284,152
285,152
286,152
287,152
288,152
289,152
290,152
291,152
292,152
293,152
294,152
295,152
296,152
297,152
298,152
299,152
300,152
301,152
302,152
303,152
304,152
305,152
306,152
307,152
308,152
309,152
310,152
311,152
312,152
313,152
314,152
315,151
316,151
317,151
318,151
319,151
320,151
321,152
322,152
323,152
324,152
325,152
326,152
327,152
328,152
329,152
330,151
331,152
332,152
333,152
334,152
335,152
336,152
337,152
338,152
339,152
340,152
341,152
342,152
343,152
344,152
345,152
346,152
347,152
348,152
349,152
350,152
351,152
352,152
353,152
354,152
355,152
356,152
357,152
358,152
359,152
360,152
361,152
362,152
363,152
364,152
365,152
366,152
367,152
368,152
369,152
370,152
371,152
372,152
373,152
374,152
375,152
376,152
377,152
378,152
379,152
380,152
381,152
382,152
383,152
384,152
385,152
386,152
387,152
388,152
389,152
390,152
391,152
392,152
393,152
394,152
395,152
396,152
397,152
398,152
399,152
400,152
401,152
402,151
403,152
404,152
405,152
406,152
407,152
408,152
409,152
410,152
411,152
412,152
413,152
414,152
415,152
416,152
417,152
418,152
419,152
420,152
421,152
422,152
423,152
424,152
425,152
426,152
427,152
428,151
429,152
430,152
431,151
432,151
433,151
434,151
435,151
436,151
437,152
438,151
439,151
440,151
441,151
442,151
443,151
444,151
445,151
446,151
447,151
448,152
449,152
450,152
451,152
452,152
453,152
454,152
455,152
456,152
457,152
458,152
459,152
460,152
461,152
462,152
463,152
464,152
465,152
466,152
467,152
468,152
469,152
470,152
471,152
472,152
473,152
474,152
475,152
476,152
477,152
478,152
479,152
480,152
481,152
482,152
483,152
484,153
485,153
486,153
487,153
488,152
489,153
490,152
491,152
492,152
493,152
494,152
495,152
496,152
497,152
498,152
499,152
500,153
501,153
502,153
503,153
504,153
505,153
506,153
507,153
508,153
509,153
510,153
511,153
512,153
513,153
514,153
515,153
516,153
517,153
518,153
519,153
520,153
521,153
522,153
523,153
524,153
525,153
526,153
527,153
528,153
529,153
530,153
531,153
532,153
533,153
534,153
535,153
536,153
537,153
538,153
539,153
540,153
541,153
542,153
543,153
544,153
545,153
546,153
547,153
548,153
549,153
550,153
551,153
552,153
553,153
554,153
555,153
556,153
557,153
558,153
559,153
560,153
561,153
562,153
563,153
564,153
565,153
566,153
567,153
568,153
569,153
570,153
571,153
572,153
573,153
574,153
575,153
576,153
577,153
578,153
579,153
580,153
581,153
582,153
583,153
584,153
585,153
586,153
587,153
588,153
589,153
590,153
591,153
592,153
593,153
594,153
595,153
596,153
597,153
598,153
599,154
600,153
601,154
602,153
603,153
604,154
605,154
606,154
607,154
608,154
609,154
610,153
611,154
612,154
613,153
614,153
615,153
616,153
617,154
618,153
619,154
620,154
621,154
622,154
623,154
624,154
625,154
626,154
627,154
628,154
629,154
630,154
631,154
632,154
633,154
634,154
635,154
636,154
637,154
638,154
639,154
640,154
641,155
642,154
643,154
644,154
645,154
646,154
647,154
648,154
649,154
650,154
651,154
652,154
653,154
654,154
655,154
656,154
657,154
658,154
659,154
660,154
661,154
662,154
663,154
664,154
665,154
666,154
667,154
668,154
669,154
670,154
671,154
672,154
673,154
674,154
675,154
676,154
677,154
678,154
679,154
680,154
681,154
682,154
683,154
684,154
685,154
686,154
687,154
688,154
689,154
690,154
691,154
692,154
693,154
694,154
695,154
696,154
697,154
698,154
699,154
700,154
701,154
702,154
703,154
704,154
705,154
706,154
707,154
708,154
709,154
710,154
711,154
712,154
713,154
714,154
715,154
716,154
717,154
718,154
719,154
720,154
721,154
722,154
723,154
724,154
725,154
726,154
727,154
728,154
729,154
730,154
731,154
732,154
733,154
734,154
735,154
736,154
737,154
738,154
739,154
740,154
741,154
742,154
743,154
744,154
745,154
746,154
747,154
748,154
749,154
750,154
751,154
752,154
753,155
754,155
755,155
756,155
757,155
758,155
759,155
760,155
761,155
762,155
763,155
764,155
765,155
766,155
767,155
768,155
769,155
770,155
771,155
772,155
773,155
774,155
775,155
776,155
777,155
778,155
779,155
780,155
781,155
782,155
783,155
784,155
785,155
786,155
787,155
788,155
789,155
790,155
791,155
792,155
793,155
794,155
795,155
796,155
797,155
798,155
799,155
800,155
801,155
802,155
803,155
804,155
805,155
806,155
807,155
808,155
809,155
810,155
811,155
812,155
813,155
814,155
815,155
816,155
817,155
818,155
819,155
820,155
821,155
822,155
823,155
824,155
825,155
826,155
827,155
828,155
829,155
830,155
831,155
832,155
833,155
834,155
835,155
836,155
837,155
838,155
839,155
840,155
841,155
842,155
843,155
844,155
845,155
846,155
847,155
848,155
849,155
850,155
851,155
852,155
853,155
854,155
855,155
856,155
857,155
858,155
859,155
860,155
861,155
862,155
863,155
864,155
865,155
866,155
867,155
868,155
869,155
870,155
871,155
872,155
873,155
874,155
875,155
876,155
877,155
878,155
879,155
880,155
881,155
882,155
883,155
884,155
885,155
886,155
887,155
888,155
889,155
890,155
891,155
892,155
893,155
894,155
895,155
896,155
897,155
898,155
899,155
900,155
901,156
902,155
903,156
904,156
905,156
906,155
907,155
908,155
909,155
910,155
911,156
912,156
913,156
914,156
915,156
916,156
917,156
918,156
919,156
920,156
921,156
922,156
923,156
924,156
925,156
926,156
927,155
928,155
929,156
930,155
931,155
932,155
933,155
934,156
935,156
936,155
937,156
938,156
939,156
940,156
941,156
942,156
943,156
944,156
945,156
946,156
947,156
948,156
949,156
950,156
951,156
952,156
953,156
954,156
955,156
956,156
957,156
958,156
959,156
960,156
961,156
962,156
963,156
964,156
965,156
966,156
967,156
968,156
969,156
970,156
971,156
972,156
973,156
974,156
975,156
976,156
977,156
978,156
979,156
980,156
981,156
982,156
983,156
984,156
985,156
986,156
987,156
988,156
989,156
990,156
991,156
992,156
993,156
994,156
995,156
996,156
997,156
998,156
999,156
1000,156
1001,156
1002,156
1003,157
1004,157
1005,157
1006,157
1007,157
1008,157
1009,157
1010,157
1011,157
1012,157
1013,157
1014,156
1015,157
1016,157
1017,157
1018,157
1019,157
1020,156
1021,157
1022,157
1023,157
1024,157
1025,157
1026,157
1027,157
1028,157
1029,157
1030,157
1031,157
1032,157
1033,157
1034,157
1035,157
1036,157
1037,157
1038,157
1039,157
1040,157
1041,157
1042,157
1043,157
1044,157
1045,157
1046,157
1047,157
1048,157
1049,157
1050,157
1051,158
1052,157
1053,157
1054,158
1055,157
1056,158
1057,158
1058,157
1059,157
1060,157
1061,157
1062,157
1063,158
1064,157
1065,157
1066,158
1067,158
1068,158
1069,158
1070,158
1071,158
1072,157
1073,158
1074,157
1075,157
1076,157
1077,157
1078,157
1079,157
1080,158
1081,158
1082,158
1083,158
1084,157
1085,157
1086,157
1087,157
1088,157
1089,157
1090,157
1091,157
1092,157
1093,158
1094,158
1095,158
1096,158
1097,158
1098,158
1099,158
1100,158
1101,158
1102,158
1103,158
1104,158
1105,158
1106,158
1107,158
1108,158
1109,158
1110,158
1111,158
1112,158
1113,158
1114,158
1115,158
1116,158
1117,158
1118,158
1119,158
1120,158
1121,158
1122,158
1123,158
1124,158
1125,158
1126,158
1127,158
1128,158
1129,158
1130,158
1131,158
1132,158
1133,158
1134,158
1135,158
1136,158
1137,158
1138,158
1139,158
1140,158
1141,158
1142,158
1143,158
1144,158
1145,158
1146,158
1147,158
1148,158
1149,158
1150,158
1151,158
1152,158
1153,158
1154,158
1155,158
1156,158
1157,158
1158,158
1159,158
1160,158
1161,158
1162,158
1163,158
1164,158
1165,158
1166,158
1167,158
1168,158
1169,158
1170,158
1171,158
1172,158
1173,158
1174,158
1175,158
1176,158
1177,158
1178,158
1179,158
1180,158
1181,158
1182,158
1183,158
1184,158
1185,158
1186,157
1187,158
1188,157
1189,158
1190,157
1191,157
1192,157
1193,157
1194,157
1195,158
1196,157
1197,157
1198,157
1199,157
1200,157
1201,158
1202,158
1203,158
1204,158
1205,158
1206,158
1207,158
1208,158
1209,158
1210,158
1211,158
1212,158
1213,158
1214,158
1215,158
1216,158
1217,158
1218,158
1219,158
1220,158
1221,158
1222,158
1223,158
1224,158
1225,158
1226,158
1227,158
1228,158
1229,158
1230,158
1231,158
1232,158
1233,158
1234,158
1235,158
1236,158
1237,158
1238,158
1239,158
1240,158
1241,158
1242,158
1243,158
1244,158
1245,158
1246,158
1247,158
1248,158
1249,158
1250,158
1251,158
1252,158
1253,158
1254,158
1255,158
1256,159
1257,158
1258,159
1259,159
1260,159
1261,159
1262,159
1263,159
1264,159
1265,159
1266,159
1267,159
1268,159
1269,159
1270,159
1271,159
1272,159
1273,159
1274,159
1275,159
1276,159
1277,158
1278,158
1279,158
1280,158
1281,158
1282,158
1283,158
1284,158
1285,159
1286,159
1287,159
1288,159
1289,159
1290,159
1291,159
1292,159
1293,159
1294,159
1295,159
1296,159
1297,159
1298,159
1299,159
1300,159
1301,159
1302,159
1303,159
1304,159
1305,159
1306,159
1307,159
1308,159
1309,159
1310,159
1311,159
1312,159
1313,159
1314,159
1315,159
1316,159
1317,159
1318,159
1319,159
1320,159
1321,159
1322,159
1323,159
1324,159
1325,159
1326,159
1327,159
1328,159
1329,159
1330,159
1331,159
1332,159
1333,159
1334,159
1335,159
1336,159
1337,159
1338,159
1339,159
1340,159
1341,159
1342,159
1343,159
1344,159
1345,159
1346,159
1347,159
1348,159
1349,159
1350,159
1351,159
1352,159
1353,160
1354,159
1355,159
1356,159
1357,160
1358,160
1359,159
1360,159
1361,159
1362,159
1363,159
1364,159
1365,159
1366,159
1367,159
1368,159
1369,159
1370,159
1371,159
1372,159
1373,159
1374,159
1375,159
1376,159
1377,159
1378,159
1379,159
1380,159
1381,159
1382,159
1383,159
1384,159
1385,159
1386,159
1387,159
1388,159
1389,159
1390,159
1391,159
1392,159
1393,159
1394,159
1395,159
1396,159
1397,159
1398,159
1399,159
1400,159
1401,159
1402,159
1403,159
1404,159
1405,159
1406,159
1407,159
1408,159
1409,159
1410,159
1411,159
1412,159
1413,159
1414,159
1415,159
1416,159
1417,159
1418,159
1419,159
1420,159
1421,159
1422,159
1423,159
1424,159
1425,159
1426,159
1427,159
1428,159
1429,159
1430,159
1431,159
1432,159
1433,159
1434,159
1435,159
1436,159
1437,159
1438,159
1439,159
1440,159
1441,159
1442,159
1443,159
1444,159
1445,159
1446,159
1447,159
1448,159
1449,159
1450,159
1451,159
1452,159
1453,159
1454,160
1455,159
1456,159
1457,160
1458,160
1459,160
1460,160
1461,159
1462,159
1463,159
1464,159
1465,159
1466,159
1467,159
1468,159
1469,159
1470,159
1471,159
1472,159
1473,159
1474,159
1475,159
1476,159
1477,159
1478,159
1479,159
1480,159
1481,158
1482,158
1483,158
1484,158
1485,158
1486,158
1487,159
1488,159
1489,159
1490,159
1491,159
1492,159
1493,159
1494,159
1495,159
1496,159
1497,159
1498,159
1499,159
1500,159
1501,159
1502,159
1503,159
1504,159
1505,159
1506,159
1507,159
1508,159
1509,159
1510,159
1511,159
1512,159
1513,159
1514,159
1515,159
1516,159
1517,159
1518,159
1519,159
1520,159
1521,159
1522,159
1523,159
1524,159
1525,159
1526,159
1527,159
1528,159
1529,159
1530,159
1531,159
1532,159
1533,159
1534,159
1535,159
1536,159
1537,159
1538,159
1539,159
1540,159
1541,159
1542,159
1543,159
1544,159
1545,159
1546,159
1547,159
1548,159
1549,158
1550,159
1551,159
1552,159
1553,159
1554,159
1555,159
1556,159
1557,158
1558,159
1559,159
1560,159
1561,159
1562,158
1563,158
1564,159
1565,159
1566,159
1567,159
1568,159
1569,159
1570,159
1571,159
1572,159
1573,159
1574,159
1575,159
1576,159
1577,159
1578,159
1579,159
1580,159
1581,159
1582,159
1583,159
1584,159
1585,159
1586,159
1587,159
1588,159
1589,159
1590,159
1591,159
1592,159
1593,159
1594,159
1595,159
1596,159
1597,159
1598,159
1599,159
1600,159
1601,159
1602,159
1603,159
1604,159
1605,159
1606,159
1607,159
1608,160
1609,160
1610,160
1611,160
1612,160
1613,160
1614,160
1615,160
1616,160
1617,160
1618,160
1619,159
1620,159
1621,160
1622,160
1623,160
1624,160
1625,160
1626,160
1627,160
1628,160
1629,160
1630,160
1631,160
1632,160
1633,160
1634,160
1635,160
1636,160
1637,160
1638,160
1639,160
1640,160
1641,160
1642,160
1643,160
1644,160
1645,160
1646,160
1647,160
1648,160
1649,160
1650,160
1651,159
1652,160
1653,160
1654,160
1655,160
1656,160
1657,160
1658,160
1659,160
1660,160
1661,160
1662,160
1663,160
1664,160
1665,160
1666,159
1667,159
1668,159
1669,159
1670,159
1671,159
1672,159
1673,159
1674,160
1675,159
1676,159
1677,159
1678,159
1679,159
1680,159
1681,159
1682,159
1683,159
1684,159
1685,160
1686,159
1687,160
1688,159
1689,159
1690,160
1691,160
1692,160
1693,160
1694,160
1695,159
1696,160
1697,160
1698,160
1699,160
1700,160
1701,160
1702,160
1703,160
1704,160
1705,160
1706,160
1707,160
1708,160
1709,160
1710,160
1711,160
1712,160
1713,160
1714,160
1715,160
1716,160
1717,160
1718,160
1719,160
1720,160
1721,160
1722,160
1723,160
1724,160
1725,160
1726,160
1727,160
1728,160
1729,160
1730,160
1731,160
1732,160
1733,160
1734,160
1735,160
1736,160
1737,160
1738,160
1739,160
1740,160
1741,160
1742,160
1743,160
1744,160
1745,160
1746,160
1747,160
1748,160
1749,160
1750,160
1751,160
1752,160
1753,160
1754,160
1755,160
1756,160
1757,160
1758,160
1759,160
1760,160
1761,160
1762,160
1763,160
1764,160
1765,160
1766,160
1767,160
1768,160
1769,160
1770,160
1771,160
1772,160
1773,160
1774,160
1775,160
1776,160
1777,160
1778,160
1779,160
1780,160
1781,160
1782,160
1783,160
1784,160
1785,160
1786,160
1787,160
1788,161
1789,161
1790,160
1791,160
1792,161
1793,161
1794,161
1795,161
1796,161
1797,161
1798,161
1799,161
1800,161
1801,161
1802,161
1803,161
1804,161
1805,161
1806,161
1807,161
1808,161
1809,161
1810,161
1811,161
1812,161
1813,161
1814,161
1815,161
1816,161
1817,161
1818,161
1819,161
1820,161
1821,161
1822,161
1823,161
1824,162
1825,161
1826,161
1827,161
1828,162
1829,162
1830,161
1831,161
1832,161
1833,161
1834,162
1835,161
1836,161
1837,161
1838,161
1839,162
1840,162
1841,161
1842,161
1843,161
1844,162
1845,162
1846,162
1847,162
1848,162
1849,162
1850,162
1851,162
1852,162
1853,162
1854,162
1855,162
1856,162
1857,162
1858,162
1859,162
1860,162
1861,162
1862,162
1863,162
1864,162
1865,162
1866,162
1867,162
1868,162
1869,162
1870,162
1871,162
1872,162
1873,162
1874,162
1875,162
1876,162
1877,162
1878,162
1879,162
1880,162
1881,162
1882,162
1883,162
1884,162
1885,162
1886,162
1887,162
1888,162
1889,162
1890,162
1891,162
1892,162
1893,162
1894,162
1895,162
1896,162
1897,162
1898,162
1899,162
1900,162
1901,162
1902,162
1903,162
1904,162
1905,162
1906,162
1907,162
1908,162
1909,162
1910,162
1911,162
1912,162
1913,162
1914,162
1915,162
1916,162
1917,162
1918,162
1919,162
1920,162
1921,162
1922,162
1923,162
1924,162
1925,162
1926,162
1927,162
1928,162
1929,162
1930,162
1931,162
1932,162
1933,162
1934,162
1935,162
1936,162
1937,162
1938,162
1939,163
1940,162
1941,163
1942,163
1943,163
1944,163
1945,163
1946,163
1947,163
1948,162
1949,162
1950,162
1951,162
1952,162
1953,162
1954,162
1955,162
1956,162
1957,162
1958,162
1959,162
1960,162
1961,162
1962,162
1963,162
1964,162
1965,162
1966,162
1967,162
1968,162
1969,162
1970,162
1971,162
1972,162
1973,162
1974,162
1975,163
1976,163
1977,162
1978,162
1979,162
1980,162
1981,162
1982,162
1983,162
1984,162
1985,162
1986,162
1987,162
1988,162
1989,162
1990,162
1991,162
1992,163
1993,163
1994,163
1995,163
1996,163
1997,162
1998,163
1999,163
2000,163
2001,163
2002,163
2003,163
2004,163
2005,163
2006,163
2007,163
2008,163
2009,163
2010,163
2011,163
2012,163
2013,163
2014,163
2015,163
2016,163
2017,163
2018,163
2019,163
2020,163
2021,163
2022,163
2023,163
2024,163
2025,163
2026,163
2027,163
2028,163
2029,163
2030,163
2031,163
2032,163
2033,163
2034,163
2035,163
2036,163
2037,162
2038,163
2039,163
2040,163
2041,163
2042,163
2043,163
2044,163
2045,163
2046,163
2047,163
2048,163
2049,163
2050,163
2051,163
2052,163
2053,163
2054,163
2055,163
2056,163
2057,163
2058,163
2059,163
2060,163
2061,163
2062,163
2063,163
2064,163
2065,163
2066,163
2067,163
2068,163
2069,163
2070,163
2071,163
2072,163
2073,163
2074,163
2075,163
2076,163
2077,163
2078,163
2079,163
2080,163
2081,163
2082,163
2083,163
2084,163
2085,163
2086,163
2087,163
2088,163
2089,163
2090,163
2091,163
2092,163
2093,163
2094,163
2095,163
2096,163
2097,164
2098,164
2099,164
2100,163
2101,163
2102,163
2103,163
2104,163
2105,163
2106,163
2107,163
2108,163
2109,163
2110,163
2111,163
2112,163
2113,163
2114,163
2115,163
2116,163
2117,163
2118,163
2119,163
2120,163
2121,163
2122,163
2123,163
2124,163
2125,163
2126,163
2127,163
2128,163
2129,163
2130,163
2131,163
2132,163
2133,163
2134,163
2135,163
2136,163
2137,163
2138,163
2139,163
2140,163
2141,163
2142,163
2143,163
2144,163
2145,163
2146,163
2147,163
2148,163
2149,163
2150,163
2151,163
2152,163
2153,163
2154,163
2155,163
2156,163
2157,163
2158,163
2159,163
2160,163
2161,164
2162,164
2163,164
2164,164
2165,164
2166,164
2167,164
2168,164
2169,164
2170,164
2171,164
2172,164
2173,164
2174,164
2175,164
2176,164
2177,164
2178,164
2179,164
2180,164
2181,164
2182,164
2183,164
2184,164
2185,164
2186,164
2187,164
2188,164
2189,164
2190,164
2191,164
2192,164
2193,164
2194,164
2195,164
2196,164
2197,164
2198,164
2199,164
2200,163
2201,163
2202,163
2203,163
2204,163
2205,163
2206,163
2207,163
2208,164
2209,163
2210,163
2211,163
2212,164
2213,164
2214,164
2215,164
2216,164
2217,164
2218,164
2219,164
2220,164
2221,164
2222,164
2223,164
2224,164
2225,164
2226,164
2227,164
2228,164
2229,164
2230,164
2231,164
2232,164
2233,164
2234,164
2235,164
2236,164
2237,164
2238,164
2239,164
2240,164
2241,164
2242,164
2243,164
2244,164
2245,164
2246,164
2247,164
2248,164
2249,164
2250,164
2251,164
2252,164
2253,164
2254,164
2255,164
2256,164
2257,164
2258,164
2259,164
2260,164
2261,164
2262,164
2263,164
2264,164
2265,164
2266,164
2267,164
2268,164
2269,164
2270,164
2271,164
2272,164
2273,164
2274,164
2275,164
2276,164
2277,164
2278,164
2279,164
2280,164
2281,164
2282,164
2283,164
2284,164
2285,164
2286,164
2287,164
2288,164
2289,164
2290,164
2291,164
2292,164
2293,164
2294,164
2295,164
2296,164
2297,164
2298,164
2299,164
2300,164
2301,164
2302,164
2303,164
2304,164
2305,164
2306,164
2307,164
2308,164
2309,164
2310,164
2311,164
2312,164
2313,164
2314,164
2315,164
2316,164
2317,164
2318,163
2319,163
2320,164
2321,164
2322,164
2323,164
2324,164
2325,164
2326,164
2327,164
2328,164
2329,164
2330,164
2331,164
2332,164
2333,164
2334,164
2335,164
2336,164
2337,164
2338,164
2339,164
2340,164
2341,164
2342,164
2343,164
2344,164
2345,164
2346,164
2347,164
2348,164
2349,164
2350,164
2351,164
2352,164
2353,164
2354,164
2355,164
2356,164
2357,164
2358,164
2359,164
2360,164
2361,164
2362,164
2363,164
2364,164
2365,164
2366,164
2367,164
2368,164
2369,164
2370,164
2371,164
2372,164
2373,164
2374,164
2375,164
2376,164
2377,164
2378,164
2379,164
2380,164
2381,164
2382,164
2383,164
2384,164
2385,164
2386,164
2387,164
2388,164
2389,164
2390,164
2391,164
2392,164
2393,164
2394,164
2395,164
2396,164
2397,164
2398,164
2399,164
2400,164
2401,164
2402,164
2403,164
2404,164
2405,164
2406,164
2407,164
2408,164
2409,164
2410,164
2411,164
2412,164
2413,164
2414,164
2415,164
2416,164
2417,164
2418,164
2419,164
2420,164
2421,164
2422,164
2423,164
2424,164
2425,164
2426,164
2427,164
2428,164
2429,164
2430,164
2431,165
2432,165
2433,165
2434,165
2435,165
2436,165
2437,165
2438,165
2439,165
2440,165
2441,165
2442,165
2443,165
2444,165
2445,165
2446,165
2447,165
2448,165
2449,165
2450,165
2451,165
2452,165
2453,165
2454,165
2455,165
2456,165
2457,165
2458,165
2459,165
2460,165
2461,165
2462,165
2463,165
2464,165
2465,165
2466,165
2467,165
2468,165
2469,165
2470,165
2471,165
2472,165
2473,165
2474,165
2475,165
2476,165
2477,165
2478,165
2479,165
2480,165
2481,165
2482,165
2483,165
2484,165
2485,165
2486,165
2487,165
2488,165
2489,166
2490,165
2491,166
2492,166
2493,166
2494,166
2495,166
2496,166
2497,166
2498,166
2499,166
2500,166
2501,166
2502,166
2503,166
2504,166
2505,166
2506,166
2507,166
2508,166
2509,166
2510,166
2511,166
2512,166
2513,166
2514,166
2515,166
2516,166
2517,166
2518,166
2519,166
2520,166
2521,166
2522,166
2523,166
2524,166
2525,166
2526,166
2527,166
2528,166
2529,166
2530,166
2531,166
2532,166
2533,166
2534,166
2535,166
2536,166
2537,166
2538,166
2539,166
2540,166
2541,166
2542,166
2543,166
2544,166
2545,166
2546,166
2547,166
2548,166
2549,166
2550,166
2551,166
2552,166
2553,166
2554,166
2555,166
2556,166
2557,166
2558,166
2559,166
2560,166
2561,166
2562,166
2563,166
2564,166
2565,166
2566,166
2567,166
2568,166
2569,166
2570,166
2571,166
2572,166
2573,166
2574,166
2575,166
2576,166
2577,166
2578,166
2579,166
2580,166
2581,166
2582,166
2583,166
2584,166
2585,166
2586,166
2587,166
2588,166
2589,166
2590,166
2591,166
2592,166
2593,166
2594,166
2595,166
2596,166
2597,166
2598,166
2599,166
2600,166
2601,167
2602,167
2603,167
2604,167
2605,166
2606,166
2607,166
2608,167
2609,166
2610,166
2611,166
2612,166
2613,166
2614,166
2615,167
2616,167
2617,167
2618,166
2619,167
2620,167
2621,167
2622,166
2623,167
2624,167
2625,167
2626,166
2627,166
2628,166
2629,166
2630,166
2631,166
2632,166
2633,166
2634,166
2635,167
2636,166
2637,166
2638,166
2639,166
2640,166
2641,166
2642,166
2643,166
2644,166
2645,166
2646,166
2647,166
2648,167
2649,167
2650,167
2651,167
2652,167
2653,167
2654,167
2655,167
2656,167
2657,167
2658,167
2659,167
2660,167
2661,167
2662,167
2663,167
2664,167
2665,167
2666,167
2667,167
2668,168
2669,168
2670,168
2671,168
2672,168
2673,168
2674,168
2675,168
2676,168
2677,167
2678,168
2679,168
2680,168
2681,168
2682,168
2683,168
2684,168
2685,168
2686,168
2687,168
2688,168
2689,168
2690,168
2691,167
2692,167
2693,168
2694,168
2695,168
2696,168
2697,168
2698,168
2699,168
2700,168
2701,168
2702,168
2703,168
2704,168
2705,168
2706,168
2707,168
2708,168
2709,168
2710,168
2711,168
2712,168
2713,168
2714,168
2715,168
2716,168
2717,168
2718,168
2719,168
2720,168
2721,168
2722,168
2723,168
2724,168
2725,168
2726,168
2727,168
2728,168
2729,169
2730,169
2731,169
2732,169
2733,169
2734,169
2735,169
2736,169
2737,169
2738,169
2739,169
2740,169
2741,169
2742,169
2743,169
2744,169
2745,169
2746,169
2747,169
2748,169
2749,169
2750,169
2751,169
2752,169
2753,169
2754,169
2755,169
2756,169
2757,169
2758,169
2759,169
2760,169
2761,169
2762,169
2763,169
2764,169
2765,169
2766,169
2767,169
2768,169
2769,169
2770,169
2771,169
2772,169
2773,169
2774,169
2775,169
2776,169
2777,169
2778,169
2779,169
2780,169
2781,169
2782,169
2783,169
2784,169
2785,169
2786,169
2787,169
2788,169
2789,170
2790,170
2791,170
2792,170
2793,170
2794,170
2795,170
2796,170
2797,170
2798,170
2799,170
2800,170
2801,170
2802,170
2803,170
2804,170
2805,170
2806,170
2807,170
2808,170
2809,170
2810,170
2811,170
2812,170
2813,170
2814,170
2815,170
2816,170
2817,170
2818,170
2819,170
2820,170
2821,170
2822,170
2823,170
2824,170
2825,170
2826,170
2827,170
2828,170
2829,170
2830,170
2831,170
2832,170
2833,170
2834,170
2835,170
2836,170
2837,170
2838,170
2839,170
2840,170
2841,170
2842,170
2843,170
2844,170
2845,170
2846,170
2847,170
2848,170
2849,170
2850,170
2851,170
2852,170
2853,170
2854,170
2855,170
2856,170
2857,170
2858,170
2859,170
2860,170
2861,170
2862,170
2863,170
2864,170
2865,170
2866,170
2867,170
2868,170
2869,171
2870,171
2871,171
2872,171
2873,171
2874,170
2875,171
2876,170
2877,170
2878,170
2879,170
2880,171
2881,171
2882,171
2883,171
2884,171
2885,171
2886,171
2887,171
2888,171
2889,170
2890,170
2891,171
2892,171
2893,171
2894,171
2895,171
2896,171
2897,171
2898,170
2899,171
2900,171
2901,171
2902,171
2903,171
2904,171
2905,171
2906,171
2907,171
2908,171
2909,171
2910,171
2911,171
2912,171
2913,171
2914,171
2915,171
2916,171
2917,171
2918,171
2919,171
2920,172
2921,172
2922,172
2923,172
2924,172
2925,172
2926,172
2927,172
2928,172
2929,172
2930,172
2931,172
2932,172
2933,172
2934,172
2935,172
2936,172
2937,172
2938,172
2939,172
2940,172
2941,172
2942,172
2943,172
2944,172
2945,172
2946,172
2947,172
2948,172
2949,172
2950,172
2951,172
2952,172
2953,172
2954,172
2955,172
2956,172
2957,172
2958,172
2959,172
2960,172
2961,172
2962,172
2963,172
2964,172
2965,172
2966,172
2967,172
2968,172
2969,172
2970,172
2971,172
2972,172
2973,172
2974,172
2975,172
2976,172
2977,172
2978,172
2979,172
2980,172
2981,172
2982,172
2983,172
2984,172
2985,172
2986,172
2987,172
2988,172
2989,172
2990,172
2991,172
2992,172
2993,172
2994,172
2995,172
2996,172
2997,172
2998,172
2999,172
3000,172
3001,172
3002,172
3003,172
3004,172
3005,172
3006,172
3007,172
3008,172
3009,172
3010,172
3011,172
3012,172
3013,172
3014,172
3015,172
3016,172
3017,172
3018,172
3019,172
3020,172
3021,172
3022,172
3023,172
3024,172
3025,172
3026,172
3027,172
3028,173
3029,173
3030,173
3031,172
3032,172
3033,172
3034,172
3035,172
3036,172
3037,172
3038,172
3039,172
3040,172
3041,172
3042,172
3043,172
3044,172
3045,172
3046,172
3047,172
3048,172
3049,172
3050,172
3051,172
3052,172
3053,172
3054,172
3055,172
3056,173
3057,172
3058,173
3059,173
3060,173
3061,173
3062,173
3063,173
3064,173
3065,173
3066,173
3067,173
3068,173
3069,173
3070,173
3071,173
3072,173
3073,173
3074,173
3075,173
3076,173
3077,173
3078,173
3079,173
3080,173
3081,173
3082,173
3083,173
3084,173
3085,173
3086,173
3087,173
3088,173
3089,173
3090,173
3091,173
3092,173
3093,173
3094,173
3095,173
3096,173
3097,173
3098,173
3099,173
3100,173
3101,173
3102,173
3103,173
3104,173
3105,173
3106,173
3107,173
3108,173
3109,173
3110,173
3111,173
3112,173
3113,173
3114,173
3115,173
3116,173
3117,173
3118,173
3119,173
3120,173
3121,173
3122,173
3123,173
3124,173
3125,173
3126,173
3127,173
3128,173
3129,173
3130,173
3131,173
3132,173
3133,173
3134,173
3135,173
3136,173
3137,173
3138,173
3139,173
3140,173
3141,173
3142,173
3143,173
3144,173
3145,173
3146,173
3147,173
3148,174
3149,173
3150,174
3151,174
3152,174
3153,174
3154,174
3155,174
3156,174
3157,174
3158,174
3159,174
3160,174
3161,174
3162,174
3163,174
3164,174
3165,174
3166,174
3167,174
3168,174
3169,174
3170,174
3171,174
3172,174
3173,174
3174,174
3175,174
3176,174
3177,174
3178,174
3179,174
3180,174
3181,174
3182,174
3183,174
3184,174
3185,174
3186,174
3187,174
3188,174
3189,174
3190,175
3191,174
3192,175
3193,174
3194,175
3195,174
3196,174
3197,175
3198,175
3199,175
3200,174
3201,174
3202,175
3203,175
3204,174
3205,174
3206,174
3207,174
3208,174
3209,174
3210,174
3211,174
3212,174
3213,174
3214,174
3215,174
3216,174
3217,174
3218,174
3219,174
3220,174
3221,175
3222,175
3223,175
3224,175
3225,175
3226,175
3227,175
3228,175
3229,175
3230,175
3231,175
3232,175
3233,175
3234,175
3235,175
3236,174
3237,174
3238,175
3239,175
3240,175
3241,175
3242,175
3243,175
3244,175
3245,175
3246,175
3247,175
3248,175
3249,175
3250,175
3251,175
3252,175
3253,175
3254,175
3255,175
3256,175
3257,175
3258,175
3259,175
3260,175
3261,175
3262,175
3263,175
3264,175
3265,175
3266,175
3267,175
3268,175
3269,175
3270,175
3271,175
3272,175
3273,175
3274,175
3275,176
3276,176
3277,176
3278,176
3279,176
3280,176
3281,176
3282,176
3283,176
3284,176
3285,176
3286,177
3287,177
3288,177
3289,177
3290,177
3291,177
3292,177
3293,177
3294,177
3295,177
3296,177
3297,177
3298,177
3299,177
3300,177
3301,178
3302,178
3303,178
3304,178
3305,178
3306,178
3307,178
3308,178
3309,178
3310,178
3311,178
3312,178
3313,178
3314,178
3315,178
3316,178
3317,178
3318,178
3319,178
3320,178
3321,178
3322,178
3323,178
3324,178
3325,178
3326,178
3327,178
3328,178
3329,178
3330,178
3331,178
3332,178
3333,178
3334,178
3335,178
3336,178
3337,178
3338,178
3339,178
3340,178
3341,178
3342,178
3343,178
3344,178
3345,178
3346,178
3347,178
3348,178
3349,178
3350,178
3351,178
3352,179
3353,178
3354,178
3355,178
3356,178
3357,179
3358,178
3359,178
3360,179
3361,179
3362,179
3363,179
3364,179
3365,179
3366,179
3367,179
3368,178
3369,179
3370,179
3371,179
3372,179
3373,179
3374,179
3375,179
3376,179
3377,179
3378,178
3379,178
3380,178
3381,179
3382,179
3383,178
3384,178
3385,179
3386,179
3387,179
3388,179
3389,179
3390,179
3391,179
3392,179
3393,179
3394,179
3395,179
3396,179
3397,179
3398,179
3399,179
3400,179
3401,179
3402,179
3403,179
3404,179
3405,179
3406,179
3407,179
3408,179
3409,179
3410,179
3411,179
3412,179
3413,180
3414,180
3415,180
3416,180
3417,180
3418,180
3419,180
3420,180
3421,180
3422,180
3423,180
3424,180
3425,180
3426,180
3427,180
3428,180
3429,180
3430,180
3431,180
3432,180
3433,180
3434,180
3435,180
3436,180
3437,180
3438,180
3439,180
3440,180
3441,180
3442,180
3443,180
3444,181
3445,180
3446,180
3447,181
3448,180
3449,180
3450,180
3451,181
3452,181
3453,181
3454,181
3455,181
3456,181
3457,181
3458,181
3459,181
3460,181
3461,181
3462,181
3463,181
3464,181
3465,181
3466,181
3467,181
3468,181
3469,181
3470,181
3471,181
3472,182
3473,182
3474,182
3475,182
3476,182
3477,181
3478,181
3479,181
3480,181
3481,181
3482,181
3483,181
3484,181
3485,181
3486,181
3487,181
3488,181
3489,181
3490,181
3491,181
3492,181
3493,181
3494,181
3495,181
3496,181
3497,181
3498,181
3499,181
3500,181
3501,181
3502,181
3503,181
3504,181
3505,181
3506,182
3507,181
3508,181
3509,182
3510,182
3511,182
3512,182
3513,182
3514,182
3515,182
3516,182
3517,182
3518,182
3519,182
3520,182
3521,182
3522,182
3523,182
3524,182
3525,182
3526,182
3527,182
3528,182
3529,182
3530,182
3531,182
3532,182
3533,182
3534,182
3535,182
3536,182
3537,182
3538,182
3539,182
3540,182
3541,182
3542,182
3543,182
3544,182
3545,182
3546,182
3547,182
3548,182
3549,182
3550,182
3551,182
3552,182
3553,182
3554,182
3555,182
3556,182
3557,182
3558,182
3559,182
3560,182
3561,182
3562,182
3563,182
3564,182
3565,182
3566,182
3567,182
3568,182
3569,182
3570,182
3571,182
3572,182
3573,182
3574,182
3575,182
3576,182
3577,182
3578,182
3579,182
3580,182
3581,182
3582,182
3583,182
3584,182
3585,182
3586,182
3587,182
3588,182
3589,182
3590,182
3591,182
3592,182
3593,182
3594,182
3595,182
3596,182
3597,182
3598,182
3599,182
3600,182
3601,182
3602,182
3603,182
3604,182
3605,182
3606,182
3607,182
3608,182
3609,182
3610,182
3611,182
3612,182
3613,182
3614,182
3615,182
3616,182
3617,182
3618,182
3619,182
3620,182
3621,182
3622,182
3623,182
3624,182
3625,182
3626,182
3627,182
3628,182
3629,182
3630,182
3631,182
3632,182
3633,182
3634,182
3635,182
3636,182
3637,182
3638,183
3639,183
3640,182
3641,182
3642,183
3643,183
3644,183
3645,183
3646,183
3647,183
3648,183
3649,183
3650,183
3651,183
3652,183
3653,183
3654,183
3655,183
3656,183
3657,183
3658,183
3659,183
3660,183
3661,183
3662,183
3663,183
3664,183
3665,183
3666,183
3667,183
3668,183
3669,183
3670,183
3671,183
3672,183
3673,183
3674,183
3675,183
3676,183
3677,183
3678,183
3679,183
3680,183
3681,183
3682,183
3683,183
3684,183
3685,183
3686,183
3687,183
3688,183
3689,183
3690,183
3691,183
3692,183
3693,183
3694,183
3695,183
3696,183
3697,183
3698,183
3699,183
3700,183
3701,183
3702,183
3703,183
3704,183
3705,183
3706,183
3707,183
3708,183
3709,183
3710,183
3711,183
3712,183
3713,183
3714,183
3715,183
3716,183
3717,183
3718,183
3719,183
3720,183
3721,183
3722,183
3723,183
3724,183
3725,183
3726,183
3727,183
3728,183
3729,183
3730,183
3731,183
3732,183
3733,183
3734,183
3735,183
3736,183
3737,183
3738,183
3739,184
3740,184
3741,184
3742,183
3743,183
3744,183
3745,183
3746,183
3747,183
3748,183
3749,183
3750,184
3751,184
3752,184
3753,184
3754,184
3755,184
3756,184
3757,184
3758,184
3759,184
3760,184
3761,184
3762,184
3763,184
3764,184
3765,184
3766,184
3767,184
3768,184
3769,184
3770,184
3771,184
3772,184
3773,184
3774,184
3775,184
3776,184
3777,184
3778,184
3779,184
3780,184
3781,184
3782,184
3783,184
3784,184
3785,184
3786,184
3787,185
3788,185
3789,184
3790,184
3791,184
3792,185
3793,185
3794,184
3795,185
3796,185
3797,185
3798,185
3799,185
3800,184
3801,184
3802,184
3803,184
3804,184
3805,184
3806,184
3807,184
3808,184
3809,184
3810,184
3811,184
3812,184
3813,184
3814,184
3815,184
3816,184
3817,184
3818,184
3819,184
3820,184
3821,184
3822,184
3823,184
3824,184
3825,184
3826,184
3827,184
3828,184
3829,185
3830,184
3831,185
3832,185
3833,185
3834,185
3835,185
3836,185
3837,185
3838,185
3839,185
3840,185
3841,184
3842,184
3843,184
3844,184
3845,184
3846,184
3847,184
3848,184
3849,184
3850,184
3851,184
3852,184
3853,184
3854,184
3855,184
3856,184
3857,184
3858,184
3859,184
3860,185
3861,184
3862,184
3863,184
3864,184
3865,184
3866,184
3867,185
3868,184
3869,185
3870,184
3871,184
3872,184
3873,184
3874,184
3875,184
3876,184
3877,184
3878,185
3879,185
3880,185
3881,185
3882,184
3883,184
3884,184
3885,184
3886,185
3887,185
3888,185
3889,185
3890,185
3891,185
3892,185
3893,185
3894,184
3895,184
3896,184
3897,185
3898,184
3899,184
3900,184
3901,184
3902,184
3903,184
3904,184
3905,184
3906,184
3907,184
3908,185
3909,184
3910,184
3911,184
3912,184
3913,185
3914,185
3915,184
3916,185
3917,185
3918,185
3919,185
3920,185
3921,185
3922,185
3923,185
3924,185
3925,185
3926,185
3927,185
3928,185
3929,185
3930,185
3931,185
3932,185
3933,185
3934,185
3935,185
3936,185
3937,185
3938,185
3939,185
3940,185
3941,185
3942,184
3943,185
3944,185
3945,185
3946,185
3947,185
3948,185
3949,184
3950,184
3951,185
3952,184
3953,184
3954,185
3955,185
3956,185
3957,185
3958,185
3959,185
3960,185
3961,185
3962,185
3963,185
3964,185
3965,185
3966,185
3967,185
3968,185
3969,185
3970,185
3971,185
3972,185
3973,185
3974,185
3975,185
3976,185
3977,185
3978,185
3979,185
3980,185
3981,185
3982,185
3983,185
3984,185
3985,185
3986,185
3987,185
3988,185
3989,185
3990,185
3991,185
3992,185
3993,185
3994,185
3995,185
3996,185
3997,185
3998,185
3999,185
4000,186
4001,186
4002,186
4003,186
4004,186
4005,186
4006,186
4007,186
4008,186
4009,186
4010,186
4011,186
4012,186
4013,186
4014,186
4015,186
4016,186
4017,186
4018,186
4019,186
4020,186
4021,186
4022,186
4023,186
4024,186
4025,186
4026,186
4027,186
4028,186
4029,186
4030,186
4031,186
4032,186
4033,186
4034,186
4035,186
4036,186
4037,186
4038,186
4039,186
4040,186
4041,186
4042,186
4043,186
4044,186
4045,186
4046,186
4047,186
4048,186
4049,186
4050,186
4051,186
4052,186
4053,186
4054,186
4055,186
4056,186
4057,186
4058,186
4059,186
4060,186
4061,186
4062,186
4063,186
4064,186
4065,186
4066,186
4067,186
4068,186
4069,186
4070,186
4071,186
4072,186
4073,186
4074,186
4075,186
4076,186
4077,186
4078,186
4079,186
4080,186
4081,186
4082,186
4083,186
4084,186
4085,186
4086,186
4087,186
4088,186
4089,186
4090,186
4091,186
4092,186
4093,187
4094,187
4095,187
4096,187
4097,187
4098,186
4099,186
4100,186
4101,186
4102,186
4103,186
4104,186
4105,186
4106,186
4107,186
4108,186
4109,186
4110,186
4111,186
4112,186
4113,186
4114,187
4115,187
4116,187
4117,186
4118,186
4119,186
4120,187
4121,187
4122,187
4123,187
4124,187
4125,187
4126,187
4127,187
4128,187
4129,187
4130,187
4131,187
4132,187
4133,187
4134,186
4135,186
4136,186
4137,187
4138,187
4139,187
4140,187
4141,187
4142,187
4143,187
4144,187
4145,187
4146,187
4147,187
4148,187
4149,187
4150,186
4151,186
4152,187
4153,187
4154,187
4155,187
4156,187
4157,186
4158,187
4159,187
4160,187
4161,187
4162,187
4163,187
4164,187
4165,187
4166,187
4167,187
4168,187
4169,187
4170,187
4171,187
4172,187
4173,187
4174,187
4175,187
4176,187
4177,187
4178,187
4179,187
4180,187
4181,187
4182,187
4183,187
4184,187
4185,187
4186,187
4187,187
4188,187
4189,187
4190,187
4191,187
4192,187
4193,187
4194,187
4195,187
4196,187
4197,187
4198,187
4199,187
4200,186
4201,187
4202,187
4203,187
4204,187
4205,187
4206,187
4207,187
4208,187
4209,187
4210,187
4211,187
4212,187
4213,187
4214,187
4215,188
4216,188
4217,188
4218,188
4219,188
4220,188
4221,188
4222,188
4223,188
4224,188
4225,188
4226,188
4227,188
4228,188
4229,188
4230,188
4231,188
4232,188
4233,188
4234,188
4235,188
4236,188
4237,188
4238,188
4239,188
4240,188
4241,188
4242,188
4243,188
4244,188
4245,188
4246,188
4247,188
4248,188
4249,188
4250,188
4251,188
4252,188
4253,188
4254,188
4255,188
4256,188
4257,188
4258,188
4259,188
4260,188
4261,188
4262,188
4263,188
4264,188
4265,188
4266,188
4267,188
4268,188
4269,188
4270,188
4271,188
4272,188
4273,188
4274,188
4275,188
4276,188
4277,188
4278,188
4279,188
4280,188
4281,188
4282,188
4283,188
4284,188
4285,188
4286,188
4287,187
4288,187
4289,187
4290,187
4291,187
4292,187
4293,187
4294,187
4295,187
4296,187
4297,187
4298,187
4299,187
4300,187
4301,188
4302,187
4303,187
4304,187
4305,187
4306,188
4307,188
4308,188
4309,187
4310,187
4311,187
4312,187
4313,187
4314,187
4315,187
4316,187
4317,187
4318,188
4319,188
4320,188
4321,188
4322,188
4323,188
4324,188
4325,188
4326,188
4327,188
4328,188
4329,188
4330,188
4331,188
4332,188
4333,188
4334,188
4335,188
4336,188
4337,188
4338,188
4339,188
4340,188
4341,188
4342,188
4343,188
4344,188
4345,188
4346,189
4347,189
4348,189
4349,189
4350,189
4351,189
4352,188
4353,189
4354,189
4355,189
4356,189
4357,189
4358,189
4359,189
4360,189
4361,189
4362,189
4363,189
4364,189
4365,189
4366,189
4367,189
4368,189
4369,189
4370,189
4371,189
4372,189
4373,189
4374,189
4375,189
4376,189
4377,189
4378,189
4379,189
4380,189
4381,189
4382,189
4383,189
4384,189
4385,189
4386,189
4387,189
4388,189
4389,189
4390,189
4391,189
4392,189
4393,189
4394,189
4395,189
4396,189
4397,189
4398,189
4399,189
4400,189
4401,189
4402,189
4403,189
4404,189
4405,189
4406,189
4407,189
4408,189
4409,189
4410,189
4411,189
4412,189
4413,189
4414,189
4415,189
4416,189
4417,189
4418,189
4419,189
4420,189
4421,189
4422,189
4423,189
4424,189
4425,189
4426,189
4427,189
4428,189
4429,189
4430,189
4431,189
4432,189
4433,189
4434,189
4435,189
4436,189
4437,189
4438,189
4439,189
4440,189
4441,189
4442,189
4443,189
4444,189
4445,189
4446,189
4447,189
4448,189
4449,189
4450,189
4451,189
4452,189
4453,189
4454,189
4455,189
4456,189
4457,189
4458,189
4459,189
4460,189
4461,189
4462,189
4463,189
4464,189
4465,189
4466,189
4467,189
4468,189
4469,189
4470,189
4471,189
4472,189
4473,189
4474,189
4475,190
4476,189
4477,189
4478,189
4479,189
4480,189
4481,189
4482,190
4483,190
4484,190
4485,190
4486,190
4487,190
4488,190
4489,190
4490,190
4491,189
4492,189
4493,189
4494,189
4495,189
4496,189
4497,189
4498,189
4499,189
4500,189
4501,190
4502,190
4503,190
4504,190
4505,190
4506,189
4507,190
4508,190
4509,190
4510,190
4511,190
4512,190
4513,189
4514,190
4515,190
4516,190
4517,190
4518,190
4519,190
4520,190
4521,190
4522,190
4523,190
4524,191
4525,191
4526,191
4527,191
4528,191
4529,191
4530,191
4531,191
4532,191
4533,191
4534,191
4535,191
4536,191
4537,191
4538,191
4539,191
4540,191
4541,191
4542,191
4543,191
4544,191
4545,191
4546,191
4547,191
4548,191
4549,191
4550,191
4551,191
4552,191
4553,191
4554,191
4555,191
4556,191
4557,190
4558,190
4559,190
4560,190
4561,190
4562,190
4563,190
4564,190
4565,190
4566,190
4567,190
4568,190
4569,190
4570,190
4571,190
4572,190
4573,190
4574,190
4575,190
4576,191
4577,191
4578,191
4579,191
4580,191
4581,191
4582,191
4583,191
4584,191
4585,191
4586,191
4587,191
4588,191
4589,191
4590,191
4591,191
4592,191
4593,192
4594,192
4595,192
4596,192
4597,192
4598,191
4599,191
4600,192
4601,191
4602,191
4603,192
4604,192
4605,191
4606,192
4607,192
4608,192
4609,192
4610,192
4611,192
4612,192
4613,192
4614,192
4615,192
4616,192
4617,192
4618,192
4619,192
4620,192
4621,192
4622,192
4623,192
4624,192
4625,192
4626,192
4627,192
4628,192
4629,192
4630,192
4631,192
4632,192
4633,192
4634,192
4635,192
4636,192
4637,192
4638,192
4639,192
4640,192
4641,192
4642,192
4643,192
4644,192
4645,192
4646,192
4647,192
4648,192
4649,192
4650,192
4651,192
4652,192
4653,192
4654,192
4655,192
4656,192
4657,192
4658,192
4659,192
4660,192
4661,192
4662,192
4663,192
4664,192
4665,192
4666,192
4667,192
4668,192
4669,192
4670,192
4671,192
4672,192
4673,192
4674,193
4675,193
4676,193
4677,192
4678,192
4679,192
4680,192
4681,192
4682,192
4683,192
4684,192
4685,192
4686,192
4687,193
4688,192
4689,193
4690,193
4691,193
4692,193
4693,193
4694,193
4695,193
4696,193
4697,193
4698,193
4699,193
4700,193
4701,193
4702,193
4703,193
4704,193
4705,193
4706,193
4707,193
4708,193
4709,193
4710,193
4711,193
4712,192
4713,192
4714,193
4715,192
4716,192
4717,193
4718,193
4719,193
4720,193
4721,193
4722,193
4723,193
4724,193
4725,193
4726,193
4727,193
4728,193
4729,193
4730,193
4731,193
4732,193
4733,193
4734,193
4735,193
4736,193
4737,193
4738,193
4739,193
4740,193
4741,193
4742,193
4743,193
4744,193
4745,193
4746,193
4747,193
4748,193
4749,193
4750,194
4751,194
4752,194
4753,194
4754,193
4755,193
4756,194
4757,194
4758,194
4759,194
4760,194
4761,194
4762,194
4763,194
4764,194
4765,194
4766,194
4767,194
4768,194
4769,194
4770,194
4771,194
4772,194
4773,194
4774,194
4775,194
4776,193
4777,193
4778,193
4779,193
4780,193
4781,193
4782,193
4783,193
4784,193
4785,193
4786,193
4787,193
4788,193
4789,193
4790,193
4791,193
4792,193
4793,193
4794,193
4795,193
4796,193
4797,194
4798,193
4799,193
4800,194
4801,194
4802,194
4803,194
4804,193
4805,193
4806,193
4807,194
4808,193
4809,194
4810,193
4811,194
4812,193
4813,193
4814,193
4815,194
4816,194
4817,194
4818,194
4819,194
4820,194
4821,193
4822,193
4823,194
4824,194
4825,194
4826,194
4827,194
4828,194
4829,194
4830,194
4831,194
4832,194
4833,194
4834,194
4835,194
4836,194
4837,194
4838,194
4839,194
4840,194
4841,194
4842,194
4843,194
4844,194
4845,194
4846,194
4847,194
4848,194
4849,194
4850,194
4851,194
4852,194
4853,194
4854,194
4855,194
4856,194
4857,194
4858,194
4859,194
4860,194
4861,194
4862,194
4863,194
4864,194
4865,194
4866,194
4867,194
4868,194
4869,195
4870,195
4871,195
4872,195
4873,195
4874,195
4875,195
4876,195
4877,195
4878,195
4879,195
4880,195
4881,195
4882,195
4883,195
4884,196
4885,196
4886,195
4887,195
4888,195
4889,195
4890,196
4891,196
4892,196
4893,196
4894,196
4895,196
4896,196
4897,196
4898,196
4899,196
4900,196
4901,197
4902,197
4903,197
4904,197
4905,196
4906,196
4907,196
4908,197
4909,197
4910,197
4911,196
4912,196
4913,197
4914,197
4915,197
4916,197
4917,197
4918,197
4919,197
4920,197
4921,196
4922,197
4923,197
4924,197
4925,196
4926,197
4927,197
4928,197
4929,197
4930,197
4931,197
4932,197
4933,197
4934,197
4935,197
4936,197
4937,197
4938,197
4939,197
4940,197
4941,197
4942,197
4943,197
4944,197
4945,197
4946,197
4947,197
4948,197
4949,197
4950,197
4951,197
4952,197
4953,197
4954,197
4955,197
4956,197
4957,197
4958,197
4959,197
4960,197
4961,197
4962,197
4963,197
4964,197
4965,197
4966,197
4967,197
4968,197
4969,196
4970,197
4971,197
4972,197
4973,197
4974,197
4975,197
4976,197
4977,197
4978,197
4979,197
4980,197
4981,197
4982,197
4983,197
4984,197
4985,197
4986,197
4987,197
4988,197
4989,197
4990,197
4991,197
4992,197
4993,197
4994,197
4995,197
4996,197
4997,197
4998,197
4999,197
5000,197
5001,197
5002,197
5003,197
5004,197
5005,197
5006,197
5007,197
5008,197
5009,197
5010,197
5011,197
5012,197
5013,197
5014,198
5015,198
5016,198
5017,197
5018,197
5019,197
5020,197
5021,197
5022,197
5023,197
5024,197
5025,197
5026,197
5027,197
5028,197
5029,197
5030,197
5031,197
5032,197
5033,196
5034,197
5035,196
5036,196
5037,196
5038,196
5039,196
5040,196
5041,196
5042,196
5043,196
5044,196
5045,196
5046,196
5047,197
5048,197
5049,197
5050,197
5051,197
5052,196
5053,196
5054,196
5055,196
5056,196
5057,196
5058,196
5059,196
5060,196
5061,196
5062,196
5063,196
5064,196
5065,196
5066,196
5067,196
5068,196
5069,196
5070,196
5071,196
5072,196
5073,196
5074,196
5075,196
5076,196
5077,196
5078,196
5079,196
5080,196
5081,197
5082,196
5083,196
5084,196
5085,196
5086,196
5087,195
5088,195
5089,196
5090,196
5091,196
5092,196
5093,195
5094,195
5095,195
5096,195
5097,196
5098,195
5099,196
5100,195
5101,195
5102,195
5103,195
5104,195
5105,195
5106,196
5107,195
5108,195
5109,195
5110,195
5111,195
5112,195
5113,195
5114,195
5115,195
5116,195
5117,195
5118,196
5119,196
5120,196
5121,196
5122,196
5123,196
5124,196
5125,196
5126,196
5127,196
5128,196
5129,197
5130,197
5131,196
5132,196
5133,197
5134,196
5135,197
5136,197
5137,197
5138,197
5139,197
5140,197
5141,197
5142,197
5143,197
5144,197
5145,197
5146,197
5147,197
5148,197
5149,197
5150,196
5151,196
5152,196
5153,196
5154,196
5155,197
5156,197
5157,197
5158,196
5159,196
5160,196
5161,196
5162,196
5163,196
5164,196
5165,196
5166,196
5167,196
5168,196
5169,196
5170,196
5171,196
5172,196
5173,196
5174,197
5175,197
5176,197
5177,197
5178,197
5179,197
5180,197
5181,197
5182,197
5183,197
5184,197
5185,197
5186,197
5187,197
5188,197
5189,197
5190,197
5191,197
5192,198
5193,198
5194,198
5195,198
5196,197
5197,198
5198,198
5199,198
5200,198
5201,198
5202,198
5203,198
5204,198
5205,198
5206,198
5207,198
5208,199
5209,199
5210,199
5211,199
5212,199
5213,199
5214,199
5215,198
5216,199
5217,199
5218,199
5219,199
5220,199
5221,199
5222,199
5223,199
5224,199
5225,199
5226,199
5227,199
5228,199
5229,199
5230,199
5231,199
5232,199
5233,199
5234,199
5235,199
5236,199
5237,199
5238,199
5239,199
5240,200
5241,200
5242,200
5243,200
5244,199
5245,199
5246,199
5247,199
5248,200
5249,200
5250,200
5251,200
5252,199
5253,200
5254,200
5255,200
5256,200
5257,200
5258,200
5259,200
5260,200
5261,200
5262,200
5263,200
5264,200
5265,200
5266,200
5267,200
5268,200
5269,200
5270,200
5271,200
5272,200
5273,200
5274,200
5275,199
5276,199
5277,200
5278,200
5279,200
5280,199
5281,199
5282,199
5283,199
5284,199
5285,199
5286,199
5287,199
5288,199
5289,199
5290,200
5291,200
5292,199
5293,199
5294,199
5295,199
5296,199
5297,199
5298,199
5299,199
5300,199
5301,199
5302,199
5303,199
5304,199
5305,199
5306,199
5307,199
5308,199
5309,199
5310,199
5311,199
5312,199
5313,199
5314,199
5315,199
5316,199
5317,199
5318,199
5319,199
5320,199
5321,199
5322,199
5323,199
5324,199
5325,199
5326,199
5327,199
5328,199
5329,200
5330,200
5331,199
5332,199
5333,199
5334,199
5335,200
5336,200
5337,200
5338,200
5339,200
5340,200
5341,200
5342,200
5343,200
5344,200
5345,200
5346,200
5347,201
5348,201
5349,201
5350,201
5351,201
5352,201
5353,201
5354,201
5355,201
5356,201
5357,201
5358,201
5359,201
5360,201
5361,201
5362,201
5363,201
5364,201
5365,201
5366,201
5367,201
5368,201
5369,201
5370,201
5371,201
5372,201
5373,201
5374,201
5375,201
5376,201
5377,201
5378,201
5379,201
5380,201
5381,200
5382,201
5383,201
5384,201
5385,201
5386,200
5387,200
5388,200
5389,200
5390,201
5391,201
5392,201
5393,201
5394,201
5395,201
5396,201
5397,201
5398,201
5399,200
5400,200
5401,201
5402,201
5403,201
5404,200
5405,201
5406,200
5407,200
5408,200
5409,200
5410,200
5411,200
5412,200
5413,200
5414,200
5415,200
5416,200
5417,200
5418,200
5419,200
5420,200
5421,200
5422,200
5423,200
5424,200
5425,200
5426,200
5427,200
5428,200
5429,200
5430,200
5431,200
5432,200
5433,200
5434,200
5435,200
5436,200
5437,200
5438,200
5439,200
5440,200
5441,200
5442,200
5443,200
5444,200
5445,201
5446,201
5447,201
5448,201
5449,201
5450,201
5451,201
5452,201
5453,201
5454,201
5455,201
5456,201
5457,201
5458,201
5459,200
5460,200
5461,201
5462,201
5463,201
5464,201
5465,201
5466,201
5467,201
5468,201
5469,201
5470,201
5471,201
5472,201
5473,201
5474,201
5475,201
5476,201
5477,201
5478,201
5479,201
5480,201
5481,201
5482,201
5483,201
5484,201
5485,201
5486,201
5487,201
5488,201
5489,201
5490,201
5491,201
5492,201
5493,201
5494,201
5495,201
5496,201
5497,201
5498,201
5499,201
5500,200
5501,200
5502,200
5503,200
5504,200
5505,200
5506,200
5507,200
5508,200
5509,200
5510,200
5511,200
5512,200
5513,200
5514,200
5515,200
5516,200
5517,200
5518,200
5519,200
5520,200
5521,200
5522,200
5523,200
5524,200
5525,200
5526,200
5527,200
5528,200
5529,200
5530,200
5531,200
5532,200
5533,200
5534,200
5535,200
5536,200
5537,200
5538,200
5539,200
5540,200
5541,200
5542,200
5543,200
5544,200
5545,200
5546,200
5547,200
5548,200
5549,200
5550,200
5551,200
5552,200
5553,200
5554,200
5555,200
5556,200
5557,200
5558,200
5559,200
5560,200
5561,200
5562,200
5563,200
5564,200
5565,200
5566,200
5567,200
5568,200
5569,200
5570,200
5571,200
5572,200
5573,200
5574,200
5575,200
5576,201
5577,200
5578,200
5579,200
5580,200
5581,200
5582,201
5583,200
5584,200
5585,200
5586,200
5587,200
5588,200
5589,200
5590,200
5591,200
5592,200
5593,200
5594,200
5595,200
5596,200
5597,200
5598,200
5599,200
5600,200
5601,200
5602,200
5603,200
5604,200
5605,200
5606,200
5607,200
5608,200
5609,200
5610,200
5611,200
5612,200
5613,200
5614,200
5615,200
5616,200
5617,200
5618,200
5619,200
5620,200
5621,200
5622,200
5623,200
5624,200
5625,200
5626,200
5627,200
5628,200
5629,200
5630,200
5631,200
5632,200
5633,200
5634,200
5635,200
5636,200
5637,200
5638,200
5639,200
5640,200
5641,200
5642,200
5643,200
5644,200
5645,200
5646,200
5647,200
5648,200
5649,200
5650,200
5651,200
5652,200
5653,200
5654,200
5655,201
5656,201
5657,201
5658,201
5659,201
5660,201
5661,201
5662,201
5663,201
5664,201
5665,201
5666,201
5667,201
5668,201
5669,201
5670,201
5671,201
5672,201
5673,201
5674,201
5675,201
5676,201
5677,201
5678,201
5679,201
5680,201
5681,201
5682,201
5683,201
5684,201
5685,201
5686,201
5687,201
5688,201
5689,201
5690,201
5691,201
5692,201
5693,201
5694,201
5695,201
5696,202
5697,202
5698,202
5699,202
5700,202
5701,201
5702,201
5703,201
5704,201
5705,201
5706,201
5707,201
5708,201
5709,201
5710,201
5711,201
5712,201
5713,201
5714,201
5715,201
5716,201
5717,201
5718,201
5719,201
5720,201
5721,201
5722,201
5723,201
5724,201
5725,201
5726,201
5727,201
5728,201
5729,201
5730,201
5731,201
5732,201
5733,201
5734,200
5735,201
5736,201
5737,201
5738,201
5739,201
5740,201
5741,201
5742,201
5743,201
5744,201
5745,201
5746,201
5747,201
5748,201
5749,201
5750,201
5751,201
5752,201
5753,201
5754,201
5755,201
5756,201
5757,201
5758,201
5759,201
5760,201
5761,201
5762,201
5763,201
5764,201
5765,201
5766,202
5767,202
5768,202
5769,202
5770,202
5771,202
5772,202
5773,202
5774,202
5775,202
5776,202
5777,202
5778,202
5779,202
5780,203
5781,203
5782,203
5783,203
5784,203
5785,203
5786,203
5787,203
5788,203
5789,203
5790,203
5791,203
5792,203
5793,203
5794,203
5795,203
5796,203
5797,203
5798,203
5799,203
5800,204
5801,204
5802,204
5803,204
5804,204
5805,204
5806,203
5807,204
5808,204
5809,204
5810,204
5811,204
5812,204
5813,204
5814,204
5815,204
5816,204
5817,204
5818,204
5819,204
5820,204
5821,204
5822,204
5823,204
5824,204
5825,204
5826,204
5827,204
5828,204
5829,204
5830,204
5831,204
5832,204
5833,204
5834,204
5835,204
5836,204
5837,204
5838,204
5839,204
5840,204
5841,204
5842,204
5843,204
5844,204
5845,205
5846,205
5847,204
5848,205
5849,205
5850,205
5851,205
5852,205
5853,205
5854,205
5855,204
5856,204
5857,204
5858,204
5859,204
5860,204
5861,204
5862,204
5863,204
5864,204
5865,204
5866,204
5867,204
5868,204
5869,204
5870,205
5871,205
5872,205
5873,205
5874,205
5875,205
5876,205
5877,205
5878,205
5879,205
5880,205
5881,205
5882,205
5883,205
5884,205
5885,205
5886,206
5887,205
5888,205
5889,205
5890,205
5891,205
5892,205
5893,205
5894,205
5895,206
5896,206
5897,205
5898,205
5899,205
5900,205
5901,206
5902,206
5903,206
5904,206
5905,206
5906,206
5907,206
5908,206
5909,206
5910,206
5911,206
5912,206
5913,206
5914,206
5915,206
5916,206
5917,206
5918,206
5919,206
5920,206
5921,206
5922,206
5923,206
5924,206
5925,207
5926,207
5927,207
5928,207
5929,207
5930,207
5931,207
5932,206
5933,206
5934,207
5935,206
5936,206
5937,206
5938,206
5939,207
5940,206
5941,206
5942,206
5943,206
5944,207
5945,206
5946,206
5947,206
5948,206
5949,207
5950,207
5951,207
5952,207
5953,206
5954,206
5955,206
5956,206
5957,206
5958,206
5959,206
5960,206
5961,206
5962,206
5963,206
5964,206
5965,206
5966,206
5967,206
5968,206
5969,206
5970,206
5971,206
5972,206
5973,206
5974,207
5975,207
5976,207
5977,206
5978,207
5979,207
5980,207
5981,207
5982,206
5983,206
5984,207
5985,206
5986,206
5987,206
5988,207
5989,207
5990,207
5991,207
5992,207
5993,207
5994,207
5995,207
5996,207
5997,207
5998,207
5999,207
6000,207
6001,207
6002,207
6003,207
6004,207
6005,207
6006,207
6007,207
6008,207
6009,207
6010,207
6011,207
6012,207
6013,207
6014,207
6015,207
6016,207
6017,207
6018,207
6019,207
6020,207
6021,207
6022,207
6023,207
6024,206
6025,207
6026,207
6027,207
6028,207
6029,207
6030,207
6031,207
6032,207
6033,207
6034,207
6035,207
6036,207
6037,207
6038,207
6039,207
6040,207
6041,207
6042,206
6043,206
6044,206
6045,206
6046,206
6047,206
6048,206
6049,206
6050,206
6051,206
6052,206
6053,206
6054,206
6055,206
6056,206
6057,206
6058,206
6059,206
6060,206
6061,206
6062,206
6063,206
6064,207
6065,207
6066,207
6067,206
6068,206
6069,206
6070,206
6071,206
6072,206
6073,206
6074,207
6075,207
6076,207
6077,207
6078,207
6079,207
6080,207
6081,207
6082,207
6083,207
6084,207
6085,208
6086,208
6087,208
6088,208
6089,208
6090,208
6091,208
6092,208
6093,208
6094,208
6095,208
6096,208
6097,208
6098,208
6099,208
6100,208
6101,208
6102,208
6103,208
6104,208
6105,208
6106,208
6107,209
6108,209
6109,209
6110,209
6111,209
6112,209
6113,209
6114,209
6115,209
6116,209
6117,209
6118,209
6119,209
6120,209
6121,209
6122,209
6123,209
6124,209
6125,210
6126,209
6127,210
6128,210
6129,210
6130,210
6131,210
6132,210
6133,210
6134,210
6135,210
6136,210
6137,210
6138,211
6139,210
6140,211
6141,210
6142,210
6143,210
6144,210
6145,210
6146,210
6147,211
6148,211
6149,211
6150,210
6151,210
6152,211
6153,211
6154,211
6155,211
6156,211
6157,211
6158,211
6159,211
6160,211
6161,211
6162,211
6163,211
6164,211
6165,211
6166,211
6167,211
6168,211
6169,211
6170,211
6171,211
6172,211
6173,211
6174,211
6175,211
6176,211
6177,211
6178,211
6179,211
6180,211
6181,211
6182,211
6183,211
6184,211
6185,211
6186,211
6187,211
6188,211
6189,211
6190,211
6191,211
6192,211
6193,210
6194,210
6195,210
6196,210
6197,210
6198,210
6199,210
6200,210
6201,210
6202,210
6203,210
6204,210
6205,210
6206,210
6207,210
6208,210
6209,210
6210,210
6211,210
6212,210
6213,210
6214,210
6215,210
6216,210
6217,210
6218,210
6219,210
6220,210
6221,210
6222,210
6223,210
6224,210
6225,210
6226,210
6227,210
6228,210
6229,209
6230,209
6231,209
6232,209
6233,209
6234,209
6235,209
6236,209
6237,209
6238,209
6239,209
6240,209
6241,209
6242,209
6243,209
6244,209
6245,209
6246,209
6247,209
6248,209
6249,209
6250,209
6251,209
6252,209
6253,209
6254,209
6255,209
6256,209
6257,209
6258,209
6259,209
6260,209
6261,209
6262,209
6263,209
6264,209
6265,209
6266,209
6267,209
6268,209
6269,209
6270,209
6271,209
6272,209
6273,209
6274,209
6275,209
6276,209
6277,209
6278,209
6279,209
6280,209
6281,209
6282,209
6283,209
6284,209
6285,209
6286,209
6287,209
6288,209
6289,209
6290,209
6291,209
6292,209
6293,209
6294,209
6295,209
6296,209
6297,209
6298,209
6299,209
6300,209
6301,209
6302,209
6303,209
6304,209
6305,209
6306,209
6307,209
6308,209
6309,209
6310,209
6311,209
6312,209
6313,209
6314,209
6315,209
6316,209
6317,209
6318,209
6319,209
6320,210
6321,210
6322,210
6323,209
6324,209
6325,209
6326,209
6327,209
6328,210
6329,210
6330,210
6331,210
6332,210
6333,210
6334,210
6335,210
6336,209
6337,209
6338,209
6339,209
6340,209
6341,209
6342,209
6343,209
6344,209
6345,209
6346,209
6347,209
6348,209
6349,210
6350,210
6351,210
6352,210
6353,210
6354,210
6355,210
6356,210
6357,210
6358,210
6359,209
6360,209
6361,209
6362,209
6363,209
6364,209
6365,209
6366,209
6367,209
6368,209
6369,209
6370,209
6371,209
6372,209
6373,209
6374,209
6375,209
6376,210
6377,210
6378,210
6379,209
6380,209
6381,210
6382,210
6383,210
6384,210
6385,210
6386,210
6387,210
6388,210
6389,210
6390,210
6391,210
6392,210
6393,210
6394,210
6395,210
6396,210
6397,210
6398,210
6399,210
6400,210
6401,210
6402,210
6403,210
6404,210
6405,210
6406,210
6407,210
6408,210
6409,210
6410,210
6411,210
6412,210
6413,210
6414,210
6415,210
6416,210
6417,210
6418,210
6419,210
6420,210
6421,210
6422,210
6423,210
6424,210
6425,210
6426,210
6427,210
6428,210
6429,210
6430,210
6431,210
6432,210
6433,210
6434,210
6435,210
6436,210
6437,210
6438,210
6439,210
6440,210
6441,210
6442,210
6443,210
6444,210
6445,210
6446,210
6447,210
6448,210
6449,210
6450,210
6451,210
6452,210
6453,210
6454,210
6455,210
6456,210
6457,210
6458,210
6459,210
6460,210
6461,210
6462,210
6463,210
6464,210
6465,210
6466,210
6467,210
6468,210
6469,210
6470,210
6471,210
6472,210
6473,210
6474,210
6475,210
6476,210
6477,210
6478,210
6479,210
6480,210
6481,210
6482,210
6483,210
6484,210
6485,210
6486,210
6487,210
6488,210
6489,210
6490,210
6491,210
6492,210
6493,210
6494,210
6495,210
6496,210
6497,210
6498,210
6499,210
6500,210
6501,210
6502,210
6503,210
6504,210
6505,210
6506,210
6507,210
6508,211
6509,211
6510,211
6511,211
6512,211
6513,210
6514,210
6515,210
6516,211
6517,210
6518,210
6519,210
6520,210
6521,210
6522,211
6523,211
6524,211
6525,210
6526,210
6527,211
6528,211
6529,211
6530,210
6531,211
6532,211
6533,211
6534,211
6535,211
6536,211
6537,211
6538,211
6539,211
6540,210
6541,210
6542,210
6543,210
6544,210
6545,210
6546,210
6547,211
6548,210
6549,211
6550,211
6551,211
6552,211
6553,211
6554,211
6555,210
6556,210
6557,210
6558,210
6559,210
6560,210
6561,210
6562,210
6563,210
6564,210
6565,210
6566,211
6567,211
6568,210
6569,211
6570,211
6571,211
6572,211
6573,211
6574,211
6575,211
6576,211
6577,211
6578,211
6579,211
6580,211
6581,211
6582,211
6583,211
6584,211
6585,211
6586,211
6587,211
6588,211
6589,211
6590,211
6591,211
6592,211
6593,211
6594,211
6595,211
6596,211
6597,211
6598,211
6599,211
6600,211
6601,211
6602,211
6603,211
6604,211
6605,211
6606,211
6607,211
6608,211
6609,211
6610,211
6611,211
6612,211
6613,211
6614,211
6615,211
6616,211
6617,211
6618,211
6619,211
6620,211
6621,211
6622,211
6623,211
6624,211
6625,211
6626,211
6627,211
6628,211
6629,211
6630,211
6631,211
6632,211
6633,211
6634,211
6635,211
6636,211
6637,211
6638,211
6639,211
6640,211
6641,211
6642,211
6643,211
6644,211
6645,211
6646,211
6647,211
6648,211
6649,211
6650,210
6651,211
6652,211
6653,211
6654,210
6655,210
6656,210
6657,210
6658,210
6659,210
6660,211
6661,210
6662,210
6663,210
6664,210
6665,210
6666,211
6667,211
6668,210
6669,210
6670,210
6671,210
6672,210
6673,211
6674,211
6675,211
6676,211
6677,211
6678,211
6679,211
6680,211
6681,211
6682,211
6683,211
6684,211
6685,211
6686,211
6687,211
6688,211
6689,211
6690,211
6691,211
6692,211
6693,211
6694,210
6695,210
6696,210
6697,210
6698,210
6699,210
6700,211
6701,211
6702,211
6703,211
6704,211
6705,211
6706,211
6707,211
6708,211
6709,211
6710,211
6711,211
6712,211
6713,211
6714,211
6715,211
6716,211
6717,211
6718,211
6719,211
6720,211
6721,211
6722,211
6723,211
6724,211
6725,211
6726,211
6727,211
6728,211
6729,211
6730,211
6731,211
6732,211
6733,211
6734,211
6735,211
6736,211
6737,211
6738,211
6739,211
6740,212
6741,211
6742,211
6743,211
6744,211
6745,211
6746,211
6747,212
6748,212
6749,212
6750,212
6751,212
6752,212
6753,212
6754,212
6755,212
6756,212
6757,212
6758,212
6759,212
6760,212
6761,212
6762,212
6763,212
6764,212
6765,212
6766,212
6767,212
6768,212
6769,212
6770,212
6771,212
6772,212
6773,212
6774,212
6775,212
6776,212
6777,212
6778,212
6779,212
6780,212
6781,212
6782,212
6783,212
6784,212
6785,212
6786,212
6787,212
6788,212
6789,212
6790,212
6791,212
6792,212
6793,212
6794,212
6795,212
6796,212
6797,212
6798,212
6799,212
6800,212
6801,212
6802,212
6803,212
6804,212
6805,212
6806,212
6807,212
6808,212
6809,212
6810,212
6811,213
6812,213
6813,213
6814,213
6815,213
6816,213
6817,213
6818,213
6819,213
6820,213
6821,213
6822,213
6823,213
6824,213
6825,213
6826,213
6827,213
6828,213
6829,213
6830,213
6831,213
6832,213
6833,213
6834,213
6835,213
6836,213
6837,213
6838,213
6839,213
6840,213
6841,213
6842,213
6843,213
6844,213
6845,213
6846,214
6847,213
6848,213
6849,213
6850,213
6851,213
6852,213
6853,213
6854,213
6855,213
6856,214
6857,214
6858,214
6859,214
6860,214
6861,214
6862,214
6863,214
6864,214
6865,214
6866,214
6867,214
6868,214
6869,214
6870,214
6871,214
6872,214
6873,214
6874,214
6875,214
6876,214
6877,214
6878,214
6879,214
6880,214
6881,214
6882,214
6883,214
6884,214
6885,214
6886,214
6887,214
6888,214
6889,214
6890,214
6891,214
6892,214
6893,215
6894,215
6895,215
6896,215
6897,214
6898,214
6899,214
6900,215
6901,215
6902,215
6903,214
6904,214
6905,214
6906,214
6907,214
6908,214
6909,214
6910,214
6911,214
6912,214
6913,214
6914,214
6915,214
6916,214
6917,214
6918,214
6919,214
6920,214
6921,214
6922,215
6923,215
6924,215
6925,215
6926,214
6927,215
6928,215
6929,214
6930,214
6931,214
6932,214
6933,214
6934,214
6935,214
6936,214
6937,214
6938,214
6939,215
6940,215
6941,215
6942,215
6943,215
6944,215
6945,215
6946,215
6947,215
6948,215
6949,215
6950,215
6951,215
6952,216
6953,215
6954,215
6955,215
6956,215
6957,215
6958,215
6959,215
6960,215
6961,215
6962,215
6963,215
6964,215
6965,215
6966,215
6967,215
6968,215
6969,215
6970,215
6971,215
6972,215
6973,215
6974,215
6975,215
6976,215
6977,215
6978,215
6979,215
6980,215
6981,215
6982,215
6983,215
6984,215
6985,215
6986,215
6987,215
6988,215
6989,215
6990,215
6991,215
6992,215
6993,215
6994,215
6995,215
6996,215
6997,215
6998,214
6999,214
7000,215
7001,215
7002,215
7003,215
7004,214
7005,215
7006,215
7007,215
7008,215
7009,215
7010,215
7011,215
7012,215
7013,215
7014,215
7015,215
7016,215
7017,215
7018,215
7019,215
7020,215
7021,215
7022,215
7023,215
7024,215
7025,216
7026,216
7027,216
7028,216
7029,215
7030,215
7031,215
7032,215
7033,216
7034,216
7035,216
7036,216
7037,216
7038,216
7039,216
7040,216
7041,216
7042,216
7043,216
7044,216
7045,216
7046,216
7047,216
7048,216
7049,216
7050,216
7051,216
7052,216
7053,216
7054,216
7055,216
7056,215
7057,215
7058,215
7059,215
7060,215
7061,216
7062,215
7063,216
7064,216
7065,216
7066,216
7067,216
7068,216
7069,216
7070,216
7071,216
7072,216
7073,216
7074,216
7075,215
7076,216
7077,215
7078,216
7079,216
7080,216
7081,216
7082,216
7083,215
7084,216
7085,216
7086,215
7087,215
7088,215
7089,215
7090,215
7091,215
7092,215
7093,215
7094,215
7095,215
7096,216
7097,216
7098,216
7099,216
7100,216
7101,216
7102,216
7103,216
7104,216
7105,216
7106,216
7107,216
7108,216
7109,216
7110,216
7111,216
7112,216
7113,216
7114,216
7115,216
7116,216
7117,216
7118,216
7119,216
7120,216
7121,216
7122,216
7123,217
7124,217
7125,217
7126,217
7127,217
7128,217
7129,217
7130,217
7131,217
7132,217
7133,217
7134,217
7135,217
7136,217
7137,217
7138,217
7139,217
7140,217
7141,217
7142,217
7143,217
7144,217
7145,217
7146,217
7147,217
7148,217
7149,217
7150,217
7151,217
7152,217
7153,217
7154,217
7155,217
7156,217
7157,217
7158,217
7159,217
7160,217
7161,217
7162,217
7163,217
7164,217
7165,217
7166,217
7167,217
7168,217
7169,217
7170,217
7171,217
7172,217
7173,217
7174,217
7175,217
7176,217
7177,217
7178,218
7179,217
7180,217
7181,217
7182,218
7183,217
7184,218
7185,218
7186,218
7187,218
7188,218
7189,218
7190,218
7191,218
7192,218
7193,218
7194,218
7195,218
7196,218
7197,218
7198,218
7199,218
7200,218
7201,218
7202,218
7203,218
7204,218
7205,218
7206,217
7207,218
7208,218
7209,218
7210,218
7211,218
7212,218
7213,218
7214,218
7215,218
7216,218
7217,218
7218,218
7219,218
7220,218
7221,218
7222,218
7223,218
7224,218
7225,218
7226,218
7227,218
7228,218
7229,218
7230,218
7231,218
7232,218
7233,218
7234,218
7235,218
7236,218
7237,219
7238,218
7239,218
7240,218
7241,218
7242,218
7243,218
7244,218
7245,218
7246,218
7247,218
7248,218
7249,218
7250,218
7251,218
7252,218
7253,218
7254,218
7255,218
7256,218
7257,218
7258,218
7259,218
7260,218
7261,218
7262,218
7263,218
7264,218
7265,218
7266,218
7267,218
7268,218
7269,218
7270,218
7271,218
7272,218
7273,218
7274,218
7275,218
7276,218
7277,218
7278,218
7279,218
7280,218
7281,218
7282,218
7283,218
7284,218
7285,218
7286,218
7287,218
7288,218
7289,218
7290,218
7291,218
7292,218
7293,218
7294,218
7295,218
7296,218
7297,218
7298,218
7299,218
7300,218
7301,218
7302,218
7303,218
7304,218
7305,218
7306,218
7307,218
7308,218
7309,218
7310,218
7311,218
7312,218
7313,218
7314,218
7315,218
7316,218
7317,218
7318,218
7319,218
7320,218
7321,218
7322,218
7323,218
7324,218
7325,218
7326,218
7327,218
7328,218
7329,218
7330,218
7331,218
7332,218
7333,218
7334,218
7335,218
7336,218
7337,218
7338,219
7339,218
7340,218
7341,218
7342,218
7343,218
7344,218
7345,218
7346,218
7347,218
7348,218
7349,219
7350,219
7351,219
7352,219
7353,219
7354,219
7355,219
7356,219
7357,219
7358,219
7359,219
7360,219
7361,220
7362,219
7363,219
7364,219
7365,220
7366,219
7367,219
7368,220
7369,219
7370,219
7371,220
7372,220
7373,220
7374,220
7375,220
7376,220
7377,220
7378,220
7379,220
7380,220
7381,220
7382,220
7383,220
7384,221
7385,221
7386,221
7387,221
7388,221
7389,221
7390,221
7391,221
7392,221
7393,221
7394,221
7395,221
7396,221
7397,221
7398,221
7399,221
7400,221
7401,221
7402,221
7403,221
7404,221
7405,221
7406,221
7407,221
7408,221
7409,221
7410,221
7411,221
7412,221
7413,221
7414,221
7415,221
7416,221
7417,221
7418,221
7419,221
7420,221
7421,221
7422,221
7423,221
7424,221
7425,221
7426,221
7427,221
7428,221
7429,221
7430,221
7431,221
7432,221
7433,221
7434,221
7435,222
7436,221
7437,221
7438,221
7439,221
7440,221
7441,221
7442,221
7443,221
7444,221
7445,221
7446,221
7447,221
7448,221
7449,221
7450,221
7451,221
7452,221
7453,221
7454,221
7455,221
7456,221
7457,221
7458,221
7459,221
7460,221
7461,221
7462,221
7463,221
7464,221
7465,221
7466,221
7467,221
7468,221
7469,221
7470,221
7471,221
7472,221
7473,221
7474,221
7475,221
7476,221
7477,221
7478,221
7479,221
7480,221
7481,221
7482,221
7483,221
7484,221
7485,221
7486,221
7487,221
7488,221
7489,221
7490,221
7491,221
7492,221
7493,221
7494,221
7495,221
7496,221
7497,221
7498,221
7499,221
7500,221
7501,221
7502,221
7503,221
7504,221
7505,221
7506,221
7507,221
7508,221
7509,221
7510,221
7511,221
7512,221
7513,221
7514,221
7515,221
7516,221
7517,221
7518,221
7519,221
7520,222
7521,222
7522,221
7523,221
7524,222
7525,222
7526,222
7527,222
7528,221
7529,222
7530,222
7531,222
7532,222
7533,221
7534,222
7535,222
7536,222
7537,222
7538,222
7539,222
7540,222
7541,222
7542,222
7543,222
7544,222
7545,222
7546,222
7547,222
7548,222
7549,222
7550,222
7551,222
7552,222
7553,222
7554,222
7555,222
7556,222
7557,222
7558,222
7559,222
7560,222
7561,222
7562,222
7563,222
7564,222
7565,222
7566,222
7567,223
7568,223
7569,223
7570,222
7571,223
7572,223
7573,222
7574,222
7575,222
7576,223
7577,223
7578,223
7579,222
7580,222
7581,222
7582,222
7583,222
7584,222
7585,222
7586,222
7587,222
7588,222
7589,222
7590,222
7591,222
7592,222
7593,222
7594,222
7595,222
7596,222
7597,222
7598,222
7599,222
7600,222
7601,222
7602,222
7603,222
7604,222
7605,222
7606,222
7607,222
7608,222
7609,222
7610,222
7611,222
7612,222
7613,222
7614,222
7615,222
7616,222
7617,222
7618,222
7619,222
7620,222
7621,222
7622,222
7623,222
7624,222
7625,222
7626,222
7627,222
7628,222
7629,222
7630,222
7631,222
7632,222
7633,222
7634,223
7635,223
7636,223
7637,223
7638,223
7639,223
7640,223
7641,223
7642,223
7643,223
7644,223
7645,223
7646,223
7647,223
7648,223
7649,223
7650,223
7651,223
7652,223
7653,223
7654,223
7655,223
7656,223
7657,223
7658,223
7659,223
7660,223
7661,223
7662,223
7663,223
7664,223
7665,223
7666,223
7667,223
7668,223
7669,223
7670,223
7671,223
7672,223
7673,223
7674,223
7675,223
7676,223
7677,223
7678,223
7679,223
7680,222
7681,222
7682,222
7683,222
7684,222
7685,222
7686,222
7687,222
7688,223
7689,223
7690,223
7691,223
7692,223
7693,223
7694,223
7695,223
7696,222
7697,222
7698,223
7699,223
7700,223
7701,222
7702,223
7703,223
7704,223
7705,223
7706,223
7707,223
7708,223
7709,223
7710,223
7711,223
7712,223
7713,223
7714,223
7715,223
7716,223
7717,223
7718,223
7719,223
7720,223
7721,223
7722,223
7723,223
7724,223
7725,223
7726,223
7727,223
7728,223
7729,223
7730,223
7731,223
7732,223
7733,223
7734,224
7735,224
7736,223
7737,224
7738,224
7739,224
7740,224
7741,224
7742,224
7743,224
7744,224
7745,224
7746,224
7747,224
7748,224
7749,224
7750,224
7751,224
7752,224
7753,224
7754,223
7755,223
7756,224
7757,224
7758,224
7759,224
7760,224
7761,224
7762,224
7763,224
7764,224
7765,224
7766,223
7767,224
7768,224
7769,223
7770,223
7771,223
7772,223
7773,223
7774,223
7775,224
7776,224
7777,224
7778,224
7779,224
7780,224
7781,224
7782,224
7783,224
7784,224
7785,224
7786,224
7787,224
7788,224
7789,224
7790,224
7791,224
7792,224
7793,224
7794,224
7795,224
7796,224
7797,224
7798,224
7799,224
7800,224
7801,224
7802,224
7803,224
7804,224
7805,224
7806,224
7807,224
7808,224
7809,224
7810,224
7811,224
7812,224
7813,224
7814,224
7815,224
7816,224
7817,224
7818,224
7819,224
7820,224
7821,224
7822,224
7823,224
7824,224
7825,224
7826,224
7827,224
7828,224
7829,224
7830,224
7831,224
7832,224
7833,224
7834,224
7835,223
7836,223
7837,224
7838,224
7839,223
7840,223
7841,223
7842,223
7843,223
7844,223
7845,223
7846,223
7847,223
7848,223
7849,223
7850,223
7851,223
7852,223
7853,223
7854,223
7855,223
7856,223
7857,223
7858,223
7859,223
7860,223
7861,223
7862,223
7863,223
7864,223
7865,224
7866,224
7867,224
7868,224
7869,224
7870,224
7871,224
7872,224
7873,224
7874,224
7875,224
7876,224
7877,224
7878,224
7879,224
7880,224
7881,224
7882,224
7883,224
7884,224
7885,224
7886,224
7887,224
7888,224
7889,224
7890,224
7891,224
7892,224
7893,224
7894,224
7895,224
7896,224
7897,224
7898,224
7899,224
7900,224
7901,224
7902,224
7903,224
7904,224
7905,224
7906,224
7907,224
7908,224
7909,224
7910,225
7911,225
7912,225
7913,225
7914,225
7915,225
7916,225
7917,225
7918,225
7919,225
7920,225
7921,225
7922,225
7923,225
7924,225
7925,225
7926,225
7927,225
7928,225
7929,225
7930,225
7931,225
7932,225
7933,225
7934,225
7935,225
7936,225
7937,225
7938,225
7939,225
7940,225
7941,225
7942,225
7943,225
7944,225
7945,225
7946,225
7947,225
7948,225
7949,225
7950,225
7951,225
7952,225
7953,225
7954,225
7955,225
7956,225
7957,225
7958,225
7959,225
7960,225
7961,225
7962,225
7963,225
7964,225
7965,225
7966,225
7967,225
7968,225
7969,225
7970,225
7971,225
7972,225
7973,225
7974,225
7975,225
7976,225
7977,226
7978,225
7979,226
7980,225
7981,226
7982,225
7983,226
7984,226
7985,226
7986,226
7987,226
7988,226
7989,226
7990,226
7991,225
7992,225
7993,225
7994,225
7995,225
7996,225
7997,225
7998,225
7999,225
8000,225
8001,225
8002,225
8003,226
8004,226
8005,226
8006,226
8007,226
8008,226
8009,225
8010,225
8011,226
8012,226
8013,226
8014,226
8015,226
8016,226
8017,226
8018,226
8019,226
8020,226
8021,225
8022,225
8023,225
8024,225
8025,225
8026,226
8027,226
8028,225
8029,225
8030,226
8031,226
8032,226
8033,226
8034,226
8035,226
8036,225
8037,226
8038,226
8039,226
8040,226
8041,226
8042,226
8043,226
8044,226
8045,226
8046,226
8047,226
8048,226
8049,226
8050,225
8051,225
8052,225
8053,225
8054,226
8055,226
8056,226
8057,226
8058,226
8059,226
8060,226
8061,226
8062,226
8063,226
8064,226
8065,226
8066,226
8067,226
8068,226
8069,226
8070,226
8071,226
8072,226
8073,226
8074,226
8075,226
8076,226
8077,226
8078,226
8079,226
8080,226
8081,226
8082,226
8083,226
8084,226
8085,226
8086,226
8087,226
8088,226
8089,226
8090,226
8091,226
8092,226
8093,226
8094,226
8095,226
8096,226
8097,226
8098,226
8099,226
8100,226
8101,226
8102,226
8103,226
8104,226
8105,226
8106,226
8107,226
8108,226
8109,226
8110,226
8111,226
8112,226
8113,226
8114,226
8115,226
8116,226
8117,226
8118,226
8119,226
8120,226
8121,226
8122,226
8123,226
8124,226
8125,226
8126,226
8127,226
8128,226
8129,226
8130,226
8131,226
8132,226
8133,226
8134,226
8135,226
8136,226
8137,226
8138,226
8139,226
8140,226
8141,226
8142,226
8143,226
8144,226
8145,226
8146,226
8147,226
8148,226
8149,226
8150,226
8151,226
8152,226
8153,226
8154,226
8155,226
8156,226
8157,226
8158,226
8159,226
8160,226
8161,226
8162,226
8163,226
8164,226
8165,226
8166,226
8167,226
8168,226
8169,226
8170,226
8171,226
8172,226
8173,226
8174,226
8175,226
8176,226
8177,227
8178,227
8179,227
8180,227
8181,227
8182,226
8183,226
8184,226
8185,226
8186,226
8187,226
8188,227
8189,227
8190,227
8191,227
8192,226
8193,226
8194,226
8195,227
8196,226
8197,226
8198,226
8199,226
8200,226
8201,226
8202,226
8203,226
8204,226
8205,227
8206,227
8207,226
8208,226
8209,226
8210,226
8211,227
8212,227
8213,227
8214,227
8215,227
8216,227
8217,227
8218,227
8219,227
8220,227
8221,227
8222,227
8223,227
8224,227
8225,227
8226,227
8227,227
8228,227
8229,227
8230,227
8231,227
8232,227
8233,227
8234,227
8235,227
8236,227
8237,227
8238,227
8239,227
8240,227
8241,227
8242,227
8243,227
8244,227
8245,227
8246,227
8247,227
8248,227
8249,227
8250,227
8251,226
8252,227
8253,227
8254,227
8255,227
8256,227
8257,227
8258,227
8259,227
8260,227
8261,227
8262,227
8263,227
8264,227
8265,227
8266,227
8267,227
8268,227
8269,227
8270,227
8271,227
8272,227
8273,227
8274,228
8275,228
8276,228
8277,228
8278,228
8279,228
8280,228
8281,228
8282,228
8283,228
8284,228
8285,228
8286,228
8287,228
8288,228
8289,228
8290,228
8291,228
8292,228
8293,228
8294,228
8295,228
8296,228
8297,228
8298,228
8299,228
8300,228
8301,228
8302,228
8303,228
8304,228
8305,228
8306,228
8307,228
8308,228
8309,228
8310,228
8311,228
8312,228
8313,228
8314,228
8315,228
8316,229
8317,229
8318,229
8319,229
8320,228
8321,228
8322,228
8323,228
8324,229
8325,229
8326,229
8327,229
8328,229
8329,229
8330,229
8331,229
8332,229
8333,229
8334,229
8335,229
8336,229
8337,229
8338,229
8339,229
8340,229
8341,229
8342,229
8343,229
8344,229
8345,229
8346,229
8347,229
8348,229
8349,229
8350,229
8351,229
8352,229
8353,229
8354,229
8355,229
8356,229
8357,229
8358,229
8359,229
8360,229
8361,229
8362,229
8363,229
8364,229
8365,229
8366,229
8367,229
8368,230
8369,230
8370,230
8371,229
8372,229
8373,230
8374,230
8375,230
8376,230
8377,230
8378,230
8379,229
8380,229
8381,229
8382,229
8383,229
8384,229
8385,229
8386,229
8387,229
8388,230
8389,230
8390,230
8391,230
8392,230
8393,230
8394,230
8395,230
8396,230
8397,230
8398,230
8399,230
8400,230
8401,230
8402,230
8403,230
8404,230
8405,230
8406,230
8407,230
8408,230
8409,230
8410,230
8411,230
8412,230
8413,230
8414,230
8415,229
8416,229
8417,230
8418,229
8419,229
8420,229
8421,229
8422,230
8423,230
8424,230
8425,230
8426,230
8427,230
8428,230
8429,230
8430,230
8431,230
8432,230
8433,230
8434,230
8435,230
8436,230
8437,230
8438,230
8439,230
8440,230
8441,230
8442,230
8443,230
8444,230
8445,230
8446,230
8447,230
8448,229
8449,230
8450,230
8451,230
8452,230
8453,230
8454,230
8455,230
8456,229
8457,230
8458,230
8459,230
8460,230
8461,229
8462,230
8463,229
8464,230
8465,230
8466,230
8467,230
8468,230
8469,230
8470,230
8471,230
8472,230
8473,230
8474,230
8475,230
8476,230
8477,230
8478,230
8479,230
8480,230
8481,230
8482,230
8483,230
8484,230
8485,230
8486,230
8487,230
8488,230
8489,230
8490,230
8491,229
8492,229
8493,229
8494,229
8495,229
8496,229
8497,229
8498,229
8499,229
8500,229
8501,229
8502,229
8503,229
8504,229
8505,229
8506,229
8507,229
8508,229
8509,229
8510,229
8511,229
8512,229
8513,229
8514,229
8515,229
8516,229
8517,228
8518,229
8519,229
8520,229
8521,229
8522,229
8523,229
8524,229
8525,229
8526,229
8527,229
8528,229
8529,229
8530,229
8531,229
8532,229
8533,229
8534,229
8535,229
8536,229
8537,229
8538,229
8539,229
8540,229
8541,229
8542,229
8543,229
8544,229
8545,229
8546,229
8547,230
8548,230
8549,230
8550,230
8551,230
8552,230
8553,229
8554,230
8555,230
8556,230
8557,230
8558,230
8559,230
8560,230
8561,230
8562,230
8563,230
8564,230
8565,230
8566,230
8567,230
8568,230
8569,230
8570,230
8571,230
8572,230
8573,230
8574,230
8575,230
8576,230
8577,230
8578,230
8579,230
8580,230
8581,230
8582,230
8583,230
8584,230
8585,230
8586,230
8587,230
8588,230
8589,230
8590,230
8591,230
8592,230
8593,230
8594,230
8595,230
8596,230
8597,230
8598,230
8599,230
8600,230
8601,230
8602,230
8603,230
8604,230
8605,230
8606,230
8607,230
8608,230
8609,230
8610,230
8611,230
8612,230
8613,230
8614,230
8615,230
8616,230
8617,230
8618,230
8619,230
8620,230
8621,230
8622,230
8623,230
8624,230
8625,230
8626,230
8627,230
8628,230
8629,230
8630,230
8631,230
8632,230
8633,230
8634,230
8635,230
8636,230
8637,230
8638,230
8639,230
8640,230
8641,230
8642,230
8643,230
8644,230
8645,230
8646,230
8647,231
8648,231
8649,231
8650,231
8651,231
8652,231
8653,231
8654,231
8655,231
8656,231
8657,231
8658,231
8659,231
8660,231
8661,231
8662,231
8663,232
8664,232
8665,232
8666,232
8667,232
8668,231
8669,232
8670,231
8671,231
8672,231
8673,231
8674,231
8675,231
8676,231
8677,231
8678,231
8679,231
8680,231
8681,231
8682,231
8683,231
8684,231
8685,231
8686,231
8687,232
8688,232
8689,232
8690,232
8691,232
8692,232
8693,232
8694,232
8695,232
8696,232
8697,232
8698,232
8699,232
8700,232
8701,232
8702,232
8703,232
8704,232
8705,231
8706,231
8707,232
8708,232
8709,232
8710,232
8711,231
8712,231
8713,231
8714,231
8715,231
8716,232
8717,232
8718,232
8719,232
8720,232
8721,232
8722,232
8723,232
8724,232
8725,232
8726,232
8727,232
8728,232
8729,232
8730,232
8731,232
8732,232
8733,232
8734,232
8735,232
8736,232
8737,232
8738,232
8739,232
8740,232
8741,232
8742,232
8743,232
8744,232
8745,232
8746,232
8747,232
8748,232
8749,232
8750,232
8751,232
8752,232
8753,232
8754,232
8755,232
8756,232
8757,232
8758,232
8759,232
8760,232
8761,232
8762,232
8763,232
8764,232
8765,232
8766,232
8767,232
8768,232
8769,232
8770,232
8771,232
8772,232
8773,232
8774,232
8775,232
8776,232
8777,232
8778,232
8779,232
8780,232
8781,231
8782,231
8783,231
8784,231
8785,231
8786,231
8787,231
8788,231
8789,231
8790,231
8791,231
8792,231
8793,231
8794,232
8795,232
8796,232
8797,232
8798,232
8799,232
8800,232
8801,232
8802,232
8803,232
8804,232
8805,232
8806,232
8807,232
8808,232
8809,231
8810,231
8811,231
8812,232
8813,232
8814,232
8815,232
8816,232
8817,232
8818,232
8819,232
8820,232
8821,232
8822,232
8823,232
8824,232
8825,232
8826,232
8827,232
8828,232
8829,232
8830,232
8831,232
8832,232
8833,232
8834,232
8835,232
8836,232
8837,232
8838,232
8839,232
8840,232
8841,232
8842,232
8843,232
8844,232
8845,232
8846,232
8847,232
8848,232
8849,232
8850,232
8851,232
8852,232
8853,232
8854,232
8855,232
8856,233
8857,232
8858,232
8859,232
8860,233
8861,233
8862,232
8863,232
8864,232
8865,232
8866,232
8867,232
8868,232
8869,232
8870,232
8871,233
8872,232
8873,232
8874,232
8875,232
8876,232
8877,232
8878,232
8879,233
8880,233
8881,233
8882,233
8883,233
8884,233
8885,233
8886,233
8887,233
8888,232
8889,233
8890,232
8891,232
8892,232
8893,232
8894,232
8895,232
8896,232
8897,232
8898,233
8899,232
8900,232
8901,232
8902,232
8903,232
8904,232
8905,233
8906,233
8907,233
8908,233
8909,233
8910,233
8911,232
8912,233
8913,232
8914,232
8915,232
8916,232
8917,232
8918,232
8919,233
8920,233
8921,233
8922,233
8923,233
8924,233
8925,233
8926,233
8927,233
8928,233
8929,233
8930,233
8931,233
8932,232
8933,232
8934,233
8935,233
8936,233
8937,233
8938,233
8939,233
8940,233
8941,233
8942,233
8943,233
8944,233
8945,233
8946,233
8947,233
8948,233
8949,233
8950,233
8951,233
8952,233
8953,233
8954,233
8955,234
8956,233
8957,233
8958,233
8959,233
8960,233
8961,233
8962,233
8963,233
8964,233
8965,233
8966,233
8967,233
8968,233
8969,234
8970,233
8971,233
8972,233
8973,233
8974,233
8975,233
8976,233
8977,233
8978,233
8979,233
8980,233
8981,233
8982,234
8983,234
8984,234
8985,234
8986,234
8987,234
8988,234
8989,233
8990,233
8991,234
8992,233
8993,234
8994,233
8995,234
8996,234
8997,234
8998,234
8999,234
9000,234
9001,234
9002,234
9003,234
9004,234
9005,234
9006,234
9007,234
9008,234
9009,234
9010,234
9011,234
9012,234
9013,234
9014,234
9015,234
9016,234
9017,234
9018,234
9019,234
9020,234
9021,234
9022,234
9023,234
9024,234
9025,234
9026,234
9027,234
9028,234
9029,234
9030,234
9031,234
9032,234
9033,234
9034,234
9035,234
9036,234
9037,234
9038,234
9039,234
9040,234
9041,234
9042,234
9043,234
9044,234
9045,234
9046,234
9047,234
9048,234
9049,234
9050,234
9051,234
9052,234
9053,234
9054,234
9055,234
9056,234
9057,234
9058,234
9059,234
9060,234
9061,234
9062,234
9063,234
9064,233
9065,233
9066,233
9067,233
9068,233
9069,233
9070,233
9071,233
9072,233
9073,233
9074,233
9075,233
9076,233
9077,233
9078,233
9079,233
9080,233
9081,233
9082,234
9083,234
9084,234
9085,233
9086,234
9087,234
9088,234
9089,234
9090,234
9091,234
9092,234
9093,234
9094,234
9095,234
9096,234
9097,234
9098,234
9099,234
9100,234
9101,234
9102,234
9103,234
9104,234
9105,234
9106,234
9107,234
9108,234
9109,234
9110,234
9111,234
9112,234
9113,234
9114,234
9115,234
9116,234
9117,234
9118,234
9119,235
9120,235
9121,235
9122,235
9123,235
9124,235
9125,235
9126,235
9127,235
9128,235
9129,235
9130,235
9131,235
9132,235
9133,235
9134,235
9135,235
9136,235
9137,235
9138,235
9139,235
9140,235
9141,235
9142,235
9143,235
9144,235
9145,235
9146,235
9147,235
9148,235
9149,235
9150,235
9151,235
9152,235
9153,235
9154,235
9155,235
9156,235
9157,235
9158,235
9159,235
9160,235
9161,235
9162,235
9163,235
9164,235
9165,235
9166,235
9167,235
9168,235
9169,235
9170,235
9171,235
9172,235
9173,235
9174,236
9175,235
9176,236
9177,236
9178,236
9179,236
9180,236
9181,236
9182,235
9183,235
9184,235
9185,236
9186,236
9187,236
9188,236
9189,236
9190,236
9191,236
9192,236
9193,236
9194,236
9195,236
9196,236
9197,236
9198,236
9199,236
9200,236
9201,236
9202,236
9203,236
9204,236
9205,235
9206,235
9207,235
9208,235
9209,235
9210,235
9211,235
9212,235
9213,235
9214,235
9215,235
9216,235
9217,235
9218,235
9219,235
9220,235
9221,235
9222,235
9223,235
9224,235
9225,235
9226,235
9227,235
9228,235
9229,235
9230,235
9231,235
9232,235
9233,235
9234,235
9235,235
9236,235
9237,235
9238,235
9239,235
9240,235
9241,235
9242,235
9243,235
9244,236
9245,235
9246,235
9247,235
9248,235
9249,236
9250,235
9251,235
9252,235
9253,235
9254,235
9255,236
9256,236
9257,236
9258,235
9259,236
9260,236
9261,236
9262,236
9263,236
9264,236
9265,236
9266,236
9267,236
9268,236
9269,236
9270,236
9271,236
9272,236
9273,236
9274,236
9275,236
9276,236
9277,236
9278,236
9279,236
9280,235
9281,235
9282,235
9283,235
9284,235
9285,235
9286,235
9287,235
9288,235
9289,235
9290,235
9291,235
9292,235
9293,235
9294,235
9295,235
9296,235
9297,235
9298,235
9299,235
9300,235
9301,235
9302,235
9303,234
9304,234
9305,234
9306,234
9307,234
9308,234
9309,234
9310,234
9311,234
9312,234
9313,234
9314,234
9315,235
9316,235
9317,234
9318,234
9319,234
9320,234
9321,234
9322,235
9323,235
9324,234
9325,234
9326,234
9327,234
9328,234
9329,234
9330,235
9331,235
9332,235
9333,235
9334,235
9335,235
9336,235
9337,235
9338,235
9339,235
9340,235
9341,235
9342,235
9343,235
9344,235
9345,235
9346,234
9347,234
9348,234
9349,235
9350,235
9351,235
9352,234
9353,234
9354,234
9355,235
9356,235
9357,235
9358,234
9359,234
9360,234
9361,234
9362,234
9363,234
9364,234
9365,234
9366,234
9367,234
9368,234
9369,234
9370,234
9371,234
9372,234
9373,234
9374,234
9375,235
9376,235
9377,235
9378,235
9379,235
9380,235
9381,235
9382,235
9383,235
9384,235
9385,235
9386,235
9387,235
9388,235
9389,235
9390,234
9391,234
9392,235
9393,235
9394,235
9395,235
9396,235
9397,235
9398,235
9399,235
9400,235
9401,235
9402,235
9403,235
9404,235
9405,235
9406,235
9407,234
9408,235
9409,235
9410,235
9411,235
9412,235
9413,235
9414,235
9415,235
9416,235
9417,235
9418,235
9419,235
9420,235
9421,235
9422,235
9423,235
9424,235
9425,235
9426,235
9427,235
9428,235
9429,235
9430,235
9431,235
9432,235
9433,235
9434,235
9435,235
9436,235
9437,235
9438,235
9439,235
9440,235
9441,235
9442,235
9443,235
9444,235
9445,235
9446,235
9447,235
9448,235
9449,235
9450,235
9451,235
9452,235
9453,235
9454,235
9455,235
9456,235
9457,235
9458,235
9459,235
9460,235
9461,235
9462,235
9463,235
9464,235
9465,235
9466,235
9467,235
9468,235
9469,236
9470,236
9471,236
9472,236
9473,236
9474,236
9475,236
9476,236
9477,236
9478,236
9479,236
9480,236
9481,236
9482,236
9483,236
9484,236
9485,236
9486,236
9487,236
9488,236
9489,236
9490,236
9491,236
9492,236
9493,236
9494,236
9495,236
9496,236
9497,236
9498,236
9499,236
9500,236
9501,236
9502,236
9503,236
9504,236
9505,236
9506,236
9507,236
9508,236
9509,236
9510,236
9511,236
9512,236
9513,236
9514,236
9515,236
9516,236
9517,236
9518,237
9519,237
9520,237
9521,237
9522,237
9523,237
9524,237
9525,237
9526,237
9527,237
9528,237
9529,237
9530,237
9531,237
9532,237
9533,237
9534,237
9535,237
9536,237
9537,237
9538,237
9539,237
9540,237
9541,237
9542,237
9543,237
9544,237
9545,237
9546,237
9547,237
9548,237
9549,237
9550,237
9551,237
9552,236
9553,237
9554,237
9555,237
9556,237
9557,237
9558,237
9559,237
9560,237
9561,237
9562,237
9563,237
9564,237
9565,237
9566,237
9567,237
9568,237
9569,237
9570,237
9571,237
9572,237
9573,237
9574,237
9575,237
9576,237
9577,237
9578,237
9579,237
9580,237
9581,237
9582,237
9583,237
9584,237
9585,237
9586,237
9587,237
9588,237
9589,237
9590,237
9591,237
9592,237
9593,238
9594,237
9595,238
9596,237
9597,237
9598,237
9599,237
9600,237
9601,237
9602,237
9603,237
9604,237
9605,237
9606,237
9607,237
9608,238
9609,238
9610,238
9611,238
9612,238
9613,238
9614,238
9615,238
9616,238
9617,238
9618,238
9619,238
9620,238
9621,238
9622,238
9623,238
9624,238
9625,238
9626,238
9627,238
9628,238
9629,238
9630,238
9631,238
9632,238
9633,238
9634,238
9635,238
9636,238
9637,238
9638,238
9639,238
9640,238
9641,238
9642,238
9643,238
9644,238
9645,238
9646,238
9647,238
9648,238
9649,238
9650,238
9651,238
9652,238
9653,238
9654,238
9655,238
9656,238
9657,238
9658,238
9659,238
9660,238
9661,238
9662,238
9663,238
9664,238
9665,238
9666,238
9667,238
9668,239
9669,239
9670,239
9671,239
9672,238
9673,238
9674,238
9675,238
9676,238
9677,239
9678,238
9679,239
9680,239
9681,239
9682,238
9683,238
9684,238
9685,238
9686,238
9687,238
9688,238
9689,238
9690,239
9691,239
9692,238
9693,238
9694,238
9695,238
9696,239
9697,239
9698,238
9699,238
9700,238
9701,238
9702,238
9703,238
9704,238
9705,238
9706,238
9707,238
9708,238
9709,238
9710,238
9711,238
9712,238
9713,238
9714,238
9715,238
9716,238
9717,238
9718,238
9719,238
9720,238
9721,238
9722,238
9723,238
9724,239
9725,239
9726,239
9727,238
9728,239
9729,238
9730,239
9731,239
9732,239
9733,239
9734,239
9735,239
9736,239
9737,239
9738,239
9739,239
9740,239
9741,239
9742,239
9743,239
9744,238
9745,239
9746,239
9747,239
9748,238
9749,238
9750,238
9751,238
9752,238
9753,238
9754,238
9755,238
9756,238
9757,238
9758,238
9759,238
9760,238
9761,238
9762,238
9763,238
9764,238
9765,238
9766,238
9767,238
9768,239
9769,239
9770,239
9771,239
9772,239
9773,239
9774,239
9775,239
9776,239
9777,239
9778,239
9779,239
9780,239
9781,239
9782,239
9783,239
9784,239
9785,239
9786,239
9787,239
9788,239
9789,239
9790,239
9791,239
9792,239
9793,239
9794,239
9795,239
9796,239
9797,239
9798,239
9799,239
9800,239
9801,239
9802,239
9803,239
9804,239
9805,239
9806,239
9807,239
9808,239
9809,239
9810,239
9811,239
9812,239
9813,239
9814,239
9815,239
9816,239
9817,239
9818,239
9819,239
9820,239
9821,238
9822,238
9823,239
9824,239
9825,239
9826,238
9827,238
9828,239
9829,239
9830,239
9831,239
9832,239
9833,238
9834,239
9835,239
9836,239
9837,239
9838,239
9839,239
9840,239
9841,239
9842,239
9843,239
9844,239
9845,238
9846,238
9847,238
9848,238
9849,238
9850,239
9851,239
9852,239
9853,239
9854,238
9855,239
9856,238
9857,238
9858,238
9859,238
9860,238
9861,238
9862,238
9863,238
9864,238
9865,239
9866,239
9867,239
9868,239
9869,239
9870,239
9871,239
9872,239
9873,239
9874,238
9875,239
9876,239
9877,239
9878,239
9879,239
9880,239
9881,239
9882,239
9883,239
9884,239
9885,239
9886,239
9887,239
9888,239
9889,239
9890,239
9891,240
9892,240
9893,240
9894,240
9895,240
9896,240
9897,240
9898,240
9899,240
9900,240
9901,240
9902,240
9903,240
9904,240
9905,240
9906,240
9907,240
9908,240
9909,240
9910,240
9911,240
9912,240
9913,240
9914,240
9915,240
9916,240
9917,240
9918,240
9919,240
9920,240
9921,239
9922,239
9923,239
9924,240
9925,240
9926,240
9927,240
9928,240
9929,240
9930,240
9931,239
9932,240
9933,239
9934,239
9935,239
9936,239
9937,239
9938,239
9939,239
9940,239
9941,239
9942,239
9943,239
9944,239
9945,239
9946,239
9947,239
9948,239
9949,239
9950,239
9951,239
9952,239
9953,239
9954,239
9955,239
9956,239
9957,239
9958,239
9959,239
9960,239
9961,239
9962,239
9963,239
9964,239
9965,240
9966,240
9967,240
9968,240
9969,240
9970,240
9971,240
9972,241
9973,241
9974,241
9975,241
9976,241
9977,241
9978,241
9979,241
9980,241
9981,241
9982,241
9983,241
9984,241
9985,241
9986,241
9987,241
9988,241
9989,241
9990,241
9991,241
9992,241
9993,241
9994,241
9995,241
9996,241
9997,242
9998,241
9999,242
