0,150
1,150
2,150
3,150
4,150
5,150
6,150
7,150
8,150
9,150
10,150
11,150
12,150
13,150
14,150
15,150
16,150
17,150
18,149
19,149
20,149
21,149
22,149
23,149
24,149
25,149
26,149
27,149
28,149
29,149
30,149
31,149
32,149
33,149
34,149
35,150
36,150
37,150
38,150
39,150
40,150
41,149
42,150
43,149
44,149
45,149
46,149
47,149
48,149
49,149
50,149
51,149
52,149
53,149
54,149
55,149
56,149
57,149
58,150
59,150
60,150
61,150
62,150
63,150
64,150
65,150
66,150
67,150
68,150
69,150
70,150
71,150
72,150
73,150
74,150
75,150
76,150
77,150
78,150
79,150
80,150
81,150
82,150
83,150
84,150
85,150
86,150
87,150
88,150
89,150
90,150
91,150
92,151
93,151
94,151
95,151
96,151
97,151
98,151
99,150
100,151
101,151
102,151
103,151
104,151
105,151
106,151
107,151
108,151
109,151
110,151
111,151
112,151
113,151
114,151
115,151
116,151
117,151
118,151
119,151
120,151
121,151
122,151
123,151
124,151
125,151
126,151
127,151
128,151
129,151
130,151
131,151
132,151
133,151
134,151
135,151
136,151
137,151
138,151
139,151
140,151
141,151
142,151
143,151
144,151
145,151
146,151
147,151
148,151
149,151
150,151
151,151
152,151
153,151
154,151
155,151
156,151
157,151
158,151
159,151
160,151
161,151
162,151
163,151
164,151
165,151
166,151
167,151
168,151
169,151
170,151
171,151
172,151
173,151
174,151
175,151
176,151
177,151
178,151
179,151
180,151
181,151
182,152
183,151
184,151
185,151
186,151
187,151
188,151
189,152
190,151
191,151
192,151
193,151
194,151
195,151
196,151
197,151
198,151
199,151
200,151
201,152
202,152
203,152
204,152
205,152
206,152
207,152
208,152
209,152
210,152
211,152
212,152
213,152
214,152
215,152
216,152
217,152
218,152
219,152
220,152
221,152
222,152
223,152
224,152
225,152
226,152
227,152
228,153
229,153
230,153
231,153
232,153
233,153
234,153
235,153
236,153
237,153
238,153
239,153
240,153
241,153
242,153
243,153
244,153
245,153
246,153
247,153
248,153
249,153
250,153
251,153
252,153
253,153
254,153
255,153
256,153
257,153
258,153
259,153
260,153
261,153
262,153
263,154
264,153
265,153
266,153
267,153
268,153
269,153
270,153
271,153
272,153
273,154
274,154
275,154
276,154
277,154
278,154
279,154
280,154
281,154
282,154
283,154
284,154
285,154
286,154
287,154
288,154
289,154
290,154
291,154
292,154
293,154
294,154
295,154
296,154
297,154
298,154
299,154
300,154
301,154
302,154
303,154
304,154
305,154
306,154
307,154
308,154
309,154
310,154
311,154
312,154
313,154
314,154
315,154
316,154
317,154
318,154
319,154
320,155
321,155
322,154
323,154
324,154
325,154
326,154
327,154
328,154
329,154
330,154
331,154
332,154
333,154
334,154
335,154
336,154
337,154
338,154
339,154
340,154
341,154
342,154
343,154
344,154
345,154
346,155
347,155
348,155
349,155
350,155
351,155
352,154
353,154
354,154
355,155
356,155
357,155
358,155
359,155
360,155
361,155
362,155
363,155
364,155
365,155
366,155
367,155
368,155
369,155
370,155
371,155
372,155
373,155
374,155
375,155
376,155
377,155
378,155
379,155
380,155
381,155
382,155
383,155
384,155
385,155
386,155
387,155
388,155
389,155
390,155
391,155
392,155
393,155
394,155
395,155
396,155
397,155
398,156
399,156
400,155
401,155
402,155
403,155
404,155
405,155
406,155
407,155
408,155
409,156
410,156
411,156
412,156
413,156
414,156
415,156
416,156
417,156
418,156
419,155
420,155
421,155
422,155
423,155
424,155
425,155
426,155
427,155
428,155
429,156
430,156
431,156
432,156
433,155
434,155
435,155
436,155
437,155
438,155
439,155
440,155
441,155
442,155
443,155
444,155
445,155
446,155
447,155
448,155
449,155
450,155
451,155
452,155
453,155
454,155
455,155
456,155
457,155
458,155
459,155
460,155
461,155
462,155
463,155
464,155
465,155
466,155
467,155
468,155
469,155
470,155
471,155
472,155
473,155
474,155
475,155
476,155
477,155
478,155
479,155
480,155
481,155
482,155
483,155
484,155
485,155
486,155
487,155
488,155
489,155
490,155
491,155
492,155
493,155
494,155
495,155
496,155
497,155
498,155
499,155
500,155
501,155
502,155
503,155
504,155
505,155
506,155
507,155
508,155
509,155
510,155
511,155
512,155
513,155
514,156
515,156
516,156
517,156
518,156
519,156
520,156
521,156
522,156
523,156
524,156
525,156
526,156
527,156
528,156
529,156
530,156
531,156
532,156
533,156
534,156
535,156
536,156
537,156
538,156
539,156
540,156
541,156
542,156
543,156
544,156
545,156
546,156
547,156
548,156
549,156
550,156
551,156
552,156
553,156
554,156
555,156
556,156
557,156
558,156
559,156
560,156
561,156
562,156
563,156
564,156
565,156
566,157
567,157
568,157
569,157
570,157
571,157
572,157
573,157
574,157
575,157
576,157
577,157
578,157
579,157
580,157
581,157
582,157
583,157
584,157
585,157
586,157
587,157
588,157
589,157
590,157
591,157
592,157
593,157
594,157
595,157
596,157
597,157
598,157
599,157
600,157
601,157
602,157
603,157
604,157
605,157
606,157
607,157
608,157
609,157
610,157
611,157
612,157
613,157
614,157
615,157
616,157
617,157
618,157
619,157
620,157
621,157
622,157
623,157
624,157
625,157
626,157
627,157
628,157
629,157
630,157
631,157
632,157
633,157
634,157
635,157
636,157
637,157
638,157
639,157
640,158
641,158
642,158
643,158
644,158
645,158
646,158
647,158
648,158
649,158
650,158
651,158
652,158
653,158
654,158
655,158
656,158
657,158
658,158
659,158
660,158
661,158
662,158
663,158
664,158
665,158
666,158
667,158
668,158
669,158
670,158
671,158
672,158
673,158
674,158
675,158
676,158
677,158
678,158
679,158
680,158
681,158
682,158
683,158
684,158
685,158
686,158
687,158
688,158
689,158
690,158
691,158
692,158
693,158
694,158
695,158
696,158
697,159
698,159
699,158
700,158
701,158
702,158
703,158
704,158
705,158
706,158
707,158
708,158
709,158
710,159
711,159
712,159
713,159
714,159
715,159
716,159
717,159
718,159
719,159
720,159
721,159
722,159
723,159
724,159
725,159
726,159
727,159
728,159
729,159
730,159
731,159
732,159
733,159
734,159
735,159
736,159
737,158
738,159
739,159
740,159
741,159
742,159
743,159
744,159
745,159
746,159
747,159
748,159
749,159
750,159
751,159
752,159
753,159
754,159
755,159
756,159
757,159
758,159
759,159
760,159
761,159
762,159
763,159
764,159
765,159
766,159
767,159
768,159
769,160
770,160
771,160
772,160
773,160
774,160
775,160
776,160
777,160
778,160
779,160
780,160
781,160
782,160
783,160
784,160
785,160
786,160
787,160
788,160
789,160
790,160
791,160
792,160
793,160
794,160
795,160
796,160
797,160
798,160
799,160
800,160
801,160
802,160
803,160
804,160
805,160
806,160
807,160
808,160
809,160
810,160
811,160
812,160
813,160
814,160
815,160
816,161
817,160
818,160
819,160
820,160
821,160
822,160
823,160
824,160
825,160
826,160
827,160
828,160
829,160
830,160
831,160
832,160
833,160
834,160
835,160
836,160
837,160
838,160
839,160
840,160
841,160
842,160
843,160
844,160
845,160
846,160
847,160
848,160
849,160
850,160
851,160
852,160
853,160
854,160
855,160
856,160
857,161
858,161
859,161
860,160
861,160
862,161
863,160
864,160
865,160
866,161
867,160
868,160
869,160
870,160
871,160
872,160
873,160
874,160
875,160
876,160
877,160
878,160
879,160
880,160
881,160
882,160
883,160
884,161
885,161
886,161
887,161
888,161
889,161
890,161
891,161
892,161
893,161
894,161
895,161
896,161
897,161
898,161
899,161
900,161
901,161
902,161
903,161
904,161
905,161
906,161
907,161
908,161
909,161
910,161
911,161
912,161
913,161
914,161
915,161
916,161
917,161
918,161
919,161
920,161
921,161
922,161
923,161
924,161
925,161
926,161
927,161
928,161
929,161
930,161
931,161
932,161
933,161
934,161
935,161
936,161
937,161
938,161
939,161
940,161
941,161
942,162
943,162
944,161
945,161
946,161
947,161
948,161
949,161
950,161
951,161
952,161
953,161
954,161
955,162
956,162
957,162
958,162
959,162
960,162
961,162
962,162
963,162
964,162
965,162
966,161
967,162
968,162
969,162
970,162
971,162
972,162
973,162
974,162
975,162
976,162
977,162
978,162
979,162
980,162
981,162
982,162
983,162
984,162
985,162
986,162
987,162
988,162
989,162
990,162
991,162
992,162
993,162
994,162
995,162
996,162
997,162
998,162
999,162
1000,162
1001,162
1002,162
1003,162
1004,162
1005,162
1006,162
1007,162
1008,162
1009,162
1010,162
1011,162
1012,162
1013,162
1014,162
1015,162
1016,162
1017,162
1018,162
1019,162
1020,162
1021,162
1022,162
1023,162
1024,162
1025,162
1026,163
1027,163
1028,163
1029,163
1030,163
1031,163
1032,163
1033,163
1034,163
1035,163
1036,163
1037,163
1038,163
1039,163
1040,163
1041,163
1042,163
1043,163
1044,163
1045,163
1046,163
1047,163
1048,163
1049,163
1050,163
1051,163
1052,163
1053,163
1054,163
1055,163
1056,163
1057,163
1058,163
1059,163
1060,163
1061,163
1062,163
1063,163
1064,163
1065,163
1066,163
1067,163
1068,163
1069,163
1070,163
1071,163
1072,163
1073,163
1074,163
1075,163
1076,163
1077,163
1078,163
1079,163
1080,163
1081,163
1082,163
1083,163
1084,163
1085,163
1086,163
1087,163
1088,163
1089,163
1090,163
1091,162
1092,162
1093,162
1094,162
1095,162
1096,162
1097,162
1098,162
1099,162
1100,162
1101,162
1102,162
1103,162
1104,162
1105,162
1106,162
1107,162
1108,163
1109,163
1110,162
1111,162
1112,162
1113,162
1114,162
1115,162
1116,162
1117,162
1118,162
1119,162
1120,162
1121,162
1122,162
1123,162
1124,162
1125,162
1126,162
1127,162
1128,162
1129,162
1130,162
1131,162
1132,162
1133,162
1134,162
1135,162
1136,162
1137,162
1138,162
1139,162
1140,162
1141,162
1142,162
1143,162
1144,162
1145,162
1146,162
1147,162
1148,162
1149,162
1150,162
1151,162
1152,162
1153,162
1154,162
1155,162
1156,162
1157,162
1158,162
1159,162
1160,162
1161,162
1162,162
1163,162
1164,162
1165,162
1166,162
1167,162
1168,162
1169,162
1170,162
1171,162
1172,162
1173,162
1174,162
1175,162
1176,162
1177,162
1178,163
1179,162
1180,162
1181,162
1182,162
1183,162
1184,162
1185,162
1186,162
1187,162
1188,162
1189,162
1190,162
1191,162
1192,162
1193,162
1194,162
1195,162
1196,162
1197,162
1198,162
1199,162
1200,162
1201,162
1202,162
1203,162
1204,162
1205,162
1206,162
1207,162
1208,162
1209,162
1210,163
1211,163
1212,162
1213,162
1214,162
1215,162
1216,163
1217,163
1218,163
1219,162
1220,163
1221,163
1222,163
1223,163
1224,163
1225,163
1226,163
1227,163
1228,163
1229,162
1230,162
1231,162
1232,162
1233,162
1234,162
1235,162
1236,162
1237,162
1238,162
1239,163
1240,162
1241,162
1242,162
1243,162
1244,163
1245,163
1246,163
1247,163
1248,163
1249,162
1250,162
1251,162
1252,162
1253,163
1254,163
1255,162
1256,163
1257,163
1258,163
1259,163
1260,163
1261,163
1262,163
1263,163
1264,163
1265,163
1266,163
1267,163
1268,163
1269,163
1270,163
1271,163
1272,163
1273,163
1274,163
1275,163
1276,163
1277,163
1278,163
1279,163
1280,163
1281,163
1282,163
1283,163
1284,163
1285,163
1286,163
1287,163
1288,163
1289,163
1290,163
1291,163
1292,163
1293,163
1294,163
1295,163
1296,163
1297,163
1298,163
1299,163
1300,163
1301,163
1302,163
1303,163
1304,163
1305,163
1306,163
1307,163
1308,163
1309,163
1310,163
1311,163
1312,163
1313,163
1314,163
1315,163
1316,163
1317,163
1318,163
1319,163
1320,163
1321,163
1322,163
1323,163
1324,163
1325,163
1326,163
1327,163
1328,163
1329,163
1330,163
1331,163
1332,163
1333,163
1334,163
1335,163
1336,163
1337,163
1338,163
1339,163
1340,163
1341,163
1342,163
1343,163
1344,163
1345,163
1346,163
1347,163
1348,163
1349,163
1350,163
1351,164
1352,163
1353,163
1354,164
1355,164
1356,164
1357,164
1358,164
1359,164
1360,164
1361,164
1362,164
1363,164
1364,164
1365,164
1366,164
1367,164
1368,164
1369,164
1370,164
1371,164
1372,164
1373,164
1374,164
1375,164
1376,164
1377,164
1378,164
1379,164
1380,164
1381,164
1382,164
1383,164
1384,164
1385,164
1386,165
1387,164
1388,164
1389,164
1390,164
1391,164
1392,164
1393,164
1394,164
1395,164
1396,164
1397,164
1398,165
1399,164
1400,164
1401,164
1402,164
1403,164
1404,164
1405,164
1406,164
1407,164
1408,164
1409,164
1410,164
1411,164
1412,164
1413,164
1414,164
1415,164
1416,164
1417,164
1418,165
1419,165
1420,165
1421,164
1422,164
1423,164
1424,165
1425,165
1426,165
1427,165
1428,165
1429,165
1430,165
1431,165
1432,165
1433,165
1434,165
1435,165
1436,165
1437,165
1438,165
1439,165
1440,165
1441,165
1442,165
1443,165
1444,165
1445,165
1446,165
1447,165
1448,166
1449,166
1450,166
1451,166
1452,166
1453,166
1454,166
1455,165
1456,165
1457,166
1458,166
1459,166
1460,166
1461,166
1462,166
1463,166
1464,166
1465,166
1466,166
1467,166
1468,166
1469,166
1470,166
1471,166
1472,166
1473,166
1474,166
1475,166
1476,166
1477,166
1478,166
1479,166
1480,166
1481,166
1482,166
1483,166
1484,166
1485,166
1486,166
1487,166
1488,166
1489,166
1490,166
1491,166
1492,166
1493,166
1494,166
1495,166
1496,166
1497,166
1498,166
1499,166
1500,166
1501,166
1502,166
1503,166
1504,166
1505,166
1506,166
1507,166
1508,166
1509,166
1510,166
1511,166
1512,166
1513,166
1514,166
1515,166
1516,166
1517,166
1518,166
1519,166
1520,166
1521,166
1522,166
1523,166
1524,166
1525,166
1526,166
1527,166
1528,166
1529,166
1530,166
1531,166
1532,166
1533,166
1534,166
1535,166
1536,166
1537,166
1538,166
1539,166
1540,166
1541,166
1542,166
1543,166
1544,166
1545,166
1546,166
1547,166
1548,166
1549,166
1550,166
1551,166
1552,166
1553,166
1554,166
1555,166
1556,166
1557,166
1558,166
1559,166
1560,166
1561,166
1562,166
1563,166
1564,165
1565,166
1566,166
1567,166
1568,166
1569,166
1570,166
1571,166
1572,166
1573,166
1574,166
1575,166
1576,166
1577,166
1578,166
1579,166
1580,166
1581,166
1582,166
1583,166
1584,166
1585,166
1586,166
1587,166
1588,166
1589,166
1590,166
1591,166
1592,166
1593,166
1594,166
1595,166
1596,166
1597,166
1598,166
1599,166
1600,166
1601,166
1602,166
1603,166
1604,166
1605,167
1606,167
1607,167
1608,167
1609,167
1610,167
1611,167
1612,167
1613,167
1614,168
1615,168
1616,168
1617,168
1618,167
1619,167
1620,167
1621,168
1622,168
1623,168
1624,168
1625,168
1626,168
1627,168
1628,167
1629,167
1630,167
1631,168
1632,168
1633,168
1634,168
1635,168
1636,168
1637,168
1638,168
1639,168
1640,167
1641,167
1642,168
1643,167
1644,167
1645,167
1646,167
1647,167
1648,167
1649,167
1650,167
1651,167
1652,167
1653,167
1654,167
1655,167
1656,168
1657,168
1658,168
1659,168
1660,168
1661,168
1662,168
1663,168
1664,167
1665,167
1666,167
1667,167
1668,168
1669,168
1670,168
1671,168
1672,169
1673,169
1674,169
1675,169
1676,168
1677,169
1678,169
1679,169
1680,168
1681,168
1682,168
1683,169
1684,168
1685,168
1686,169
1687,168
1688,168
1689,168
1690,168
1691,168
1692,168
1693,168
1694,168
1695,168
1696,168
1697,169
1698,169
1699,169
1700,169
1701,169
1702,169
1703,169
1704,169
1705,169
1706,169
1707,169
1708,169
1709,169
1710,169
1711,169
1712,169
1713,169
1714,169
1715,169
1716,169
1717,169
1718,170
1719,169
1720,170
1721,170
1722,170
1723,170
1724,170
1725,170
1726,170
1727,169
1728,170
1729,169
1730,169
1731,169
1732,169
1733,169
1734,169
1735,170
1736,170
1737,170
1738,169
1739,170
1740,169
1741,169
1742,169
1743,170
1744,170
1745,170
1746,170
1747,170
1748,170
1749,170
1750,170
1751,170
1752,170
1753,170
1754,170
1755,170
1756,170
1757,170
1758,170
1759,170
1760,170
1761,170
1762,170
1763,170
1764,170
1765,170
1766,170
1767,170
1768,170
1769,170
1770,170
1771,170
1772,170
1773,170
1774,170
1775,170
1776,170
1777,170
1778,170
1779,170
1780,170
1781,170
1782,170
1783,170
1784,170
1785,170
1786,170
1787,170
1788,170
1789,170
1790,171
1791,171
1792,171
1793,171
1794,171
1795,170
1796,171
1797,171
1798,171
1799,171
1800,171
1801,171
1802,171
1803,171
1804,170
1805,170
1806,171
1807,171
1808,171
1809,171
1810,171
1811,171
1812,171
1813,171
1814,171
1815,171
1816,171
1817,171
1818,171
1819,171
1820,171
1821,171
1822,171
1823,171
1824,171
1825,171
1826,171
1827,171
1828,171
1829,171
1830,171
1831,171
1832,171
1833,171
1834,171
1835,171
1836,171
1837,171
1838,171
1839,171
1840,171
1841,171
1842,171
1843,171
1844,171
1845,171
1846,171
1847,171
1848,171
1849,171
1850,171
1851,171
1852,171
1853,171
1854,171
1855,171
1856,171
1857,171
1858,171
1859,171
1860,171
1861,171
1862,171
1863,171
1864,171
1865,172
1866,172
1867,172
1868,172
1869,172
1870,171
1871,172
1872,171
1873,171
1874,171
1875,171
1876,171
1877,171
1878,171
1879,171
1880,171
1881,171
1882,171
1883,171
1884,171
1885,171
1886,171
1887,171
1888,172
1889,172
1890,171
1891,171
1892,172
1893,172
1894,172
1895,172
1896,172
1897,171
1898,172
1899,172
1900,171
1901,172
1902,172
1903,172
1904,172
1905,172
1906,172
1907,172
1908,171
1909,172
1910,172
1911,172
1912,172
1913,172
1914,172
1915,172
1916,172
1917,172
1918,172
1919,172
1920,172
1921,172
1922,172
1923,172
1924,172
1925,172
1926,172
1927,172
1928,172
1929,172
1930,172
1931,172
1932,172
1933,172
1934,172
1935,172
1936,172
1937,172
1938,172
1939,172
1940,172
1941,172
1942,172
1943,172
1944,172
1945,172
1946,172
1947,172
1948,172
1949,172
1950,172
1951,172
1952,172
1953,172
1954,172
1955,172
1956,172
1957,172
1958,172
1959,172
1960,172
1961,172
1962,172
1963,172
1964,172
1965,172
1966,172
1967,172
1968,172
1969,172
1970,172
1971,172
1972,172
1973,173
1974,173
1975,173
1976,173
1977,173
1978,173
1979,173
1980,173
1981,172
1982,173
1983,173
1984,173
1985,172
1986,173
1987,173
1988,173
1989,173
1990,173
1991,173
1992,173
1993,173
1994,173
1995,173
1996,173
1997,173
1998,173
1999,173
2000,173
2001,173
2002,173
2003,173
2004,173
2005,173
2006,173
2007,173
2008,173
2009,173
2010,173
2011,173
2012,173
2013,173
2014,173
2015,173
2016,173
2017,173
2018,173
2019,173
2020,173
2021,173
2022,173
2023,173
2024,173
2025,173
2026,173
2027,173
2028,173
2029,173
2030,173
2031,173
2032,173
2033,173
2034,173
2035,173
2036,173
2037,173
2038,173
2039,173
2040,173
2041,173
2042,173
2043,173
2044,173
2045,173
2046,173
2047,173
2048,173
2049,173
2050,173
2051,173
2052,173
2053,173
2054,173
2055,173
2056,173
2057,174
2058,173
2059,173
2060,173
2061,173
2062,173
2063,173
2064,173
2065,173
2066,173
2067,173
2068,173
2069,173
2070,173
2071,174
2072,174
2073,174
2074,174
2075,174
2076,174
2077,174
2078,173
2079,173
2080,173
2081,173
2082,174
2083,174
2084,174
2085,173
2086,173
2087,174
2088,173
2089,174
2090,173
2091,173
2092,174
2093,174
2094,173
2095,174
2096,174
2097,174
2098,173
2099,173
2100,173
2101,173
2102,173
2103,173
2104,173
2105,173
2106,173
2107,173
2108,173
2109,173
2110,173
2111,173
2112,174
2113,174
2114,174
2115,174
2116,174
2117,173
2118,174
2119,174
2120,174
2121,174
2122,174
2123,174
2124,174
2125,174
2126,174
2127,174
2128,174
2129,174
2130,174
2131,174
2132,174
2133,174
2134,174
2135,174
2136,174
2137,174
2138,174
2139,173
2140,173
2141,173
2142,173
2143,173
2144,173
2145,173
2146,173
2147,173
2148,173
2149,173
2150,173
2151,173
2152,173
2153,173
2154,173
2155,173
2156,173
2157,174
2158,174
2159,174
2160,174
2161,174
2162,174
2163,174
2164,174
2165,174
2166,173
2167,173
2168,173
2169,173
2170,173
2171,173
2172,173
2173,173
2174,173
2175,173
2176,173
2177,174
2178,173
2179,173
2180,174
2181,173
2182,173
2183,173
2184,173
2185,173
2186,173
2187,173
2188,173
2189,173
2190,173
2191,173
2192,173
2193,173
2194,173
2195,173
2196,173
2197,173
2198,173
2199,173
2200,173
2201,173
2202,173
2203,173
2204,173
2205,173
2206,173
2207,173
2208,173
2209,173
2210,173
2211,173
2212,173
2213,173
2214,173
2215,173
2216,173
2217,173
2218,173
2219,173
2220,173
2221,173
2222,173
2223,173
2224,173
2225,173
2226,173
2227,173
2228,173
2229,174
2230,173
2231,173
2232,173
2233,173
2234,173
2235,173
2236,173
2237,173
2238,173
2239,173
2240,173
2241,173
2242,173
2243,173
2244,173
2245,173
2246,173
2247,173
2248,173
2249,174
2250,173
2251,173
2252,173
2253,173
2254,174
2255,173
2256,174
2257,174
2258,174
2259,174
2260,174
2261,174
2262,174
2263,174
2264,174
2265,174
2266,174
2267,174
2268,174
2269,174
2270,174
2271,174
2272,174
2273,174
2274,174
2275,174
2276,174
2277,174
2278,174
2279,174
2280,174
2281,174
2282,174
2283,174
2284,174
2285,174
2286,174
2287,174
2288,174
2289,174
2290,174
2291,174
2292,174
2293,174
2294,174
2295,174
2296,174
2297,174
2298,174
2299,174
2300,174
2301,174
2302,174
2303,174
2304,174
2305,174
2306,174
2307,174
2308,174
2309,174
2310,174
2311,174
2312,174
2313,174
2314,174
2315,174
2316,174
2317,174
2318,174
2319,174
2320,174
2321,174
2322,174
2323,174
2324,174
2325,174
2326,174
2327,174
2328,174
2329,174
2330,174
2331,174
2332,173
2333,174
2334,174
2335,174
2336,174
2337,174
2338,174
2339,174
2340,174
2341,174
2342,174
2343,174
2344,174
2345,174
2346,174
2347,174
2348,174
2349,174
2350,174
2351,174
2352,174
2353,174
2354,174
2355,174
2356,174
2357,174
2358,174
2359,174
2360,174
2361,174
2362,174
2363,174
2364,174
2365,174
2366,174
2367,174
2368,174
2369,174
2370,174
2371,174
2372,174
2373,174
2374,174
2375,174
2376,174
2377,174
2378,174
2379,174
2380,174
2381,174
2382,174
2383,174
2384,174
2385,174
2386,174
2387,174
2388,174
2389,174
2390,174
2391,174
2392,174
2393,174
2394,174
2395,174
2396,174
2397,174
2398,174
2399,174
2400,174
2401,174
2402,174
2403,174
2404,174
2405,174
2406,174
2407,174
2408,174
2409,174
2410,174
2411,174
2412,174
2413,174
2414,174
2415,174
2416,174
2417,174
2418,174
2419,174
2420,174
2421,174
2422,174
2423,174
2424,174
2425,174
2426,174
2427,174
2428,174
2429,174
2430,174
2431,174
2432,174
2433,174
2434,174
2435,174
2436,174
2437,174
2438,174
2439,174
2440,174
2441,174
2442,174
2443,174
2444,174
2445,174
2446,174
2447,174
2448,174
2449,174
2450,174
2451,174
2452,174
2453,174
2454,174
2455,175
2456,175
2457,174
2458,174
2459,174
2460,174
2461,174
2462,174
2463,174
2464,174
2465,174
2466,174
2467,174
2468,174
2469,174
2470,174
2471,174
2472,174
2473,174
2474,174
2475,174
2476,174
2477,174
2478,174
2479,174
2480,174
2481,174
2482,174
2483,174
2484,174
2485,174
2486,174
2487,174
2488,174
2489,174
2490,174
2491,174
2492,174
2493,174
2494,174
2495,174
2496,174
2497,174
2498,174
2499,174
2500,174
2501,174
2502,174
2503,174
2504,174
2505,174
2506,174
2507,174
2508,174
2509,174
2510,174
2511,174
2512,174
2513,174
2514,174
2515,174
2516,174
2517,174
2518,174
2519,174
2520,174
2521,174
2522,174
2523,174
2524,174
2525,174
2526,174
2527,174
2528,174
2529,174
2530,174
2531,174
2532,174
2533,174
2534,174
2535,174
2536,174
2537,174
2538,174
2539,174
2540,174
2541,174
2542,174
2543,174
2544,174
2545,174
2546,174
2547,174
2548,174
2549,174
2550,174
2551,174
2552,174
2553,174
2554,174
2555,174
2556,174
2557,174
2558,174
2559,174
2560,174
2561,174
2562,174
2563,174
2564,174
2565,173
2566,173
2567,173
2568,173
2569,173
2570,173
2571,173
2572,173
2573,173
2574,173
2575,173
2576,173
2577,173
2578,174
2579,174
2580,174
2581,173
2582,173
2583,174
2584,174
2585,173
2586,173
2587,173
2588,173
2589,173
2590,173
2591,173
2592,173
2593,173
2594,173
2595,173
2596,173
2597,173
2598,173
2599,173
2600,173
2601,173
2602,173
2603,173
2604,173
2605,173
2606,173
2607,173
2608,173
2609,173
2610,173
2611,173
2612,173
2613,173
2614,173
2615,173
2616,173
2617,173
2618,173
2619,173
2620,173
2621,173
2622,173
2623,173
2624,173
2625,173
2626,173
2627,173
2628,173
2629,173
2630,173
2631,173
2632,173
2633,173
2634,173
2635,173
2636,173
2637,173
2638,173
2639,173
2640,173
2641,173
2642,173
2643,173
2644,173
2645,173
2646,173
2647,173
2648,173
2649,173
2650,173
2651,173
2652,173
2653,173
2654,173
2655,173
2656,172
2657,172
2658,172
2659,172
2660,172
2661,172
2662,172
2663,172
2664,173
2665,172
2666,172
2667,172
2668,172
2669,172
2670,172
2671,172
2672,172
2673,172
2674,172
2675,172
2676,172
2677,172
2678,172
2679,172
2680,172
2681,172
2682,172
2683,172
2684,173
2685,173
2686,173
2687,173
2688,173
2689,173
2690,173
2691,173
2692,173
2693,173
2694,173
2695,173
2696,173
2697,173
2698,173
2699,173
2700,173
2701,173
2702,173
2703,173
2704,173
2705,173
2706,173
2707,173
2708,173
2709,173
2710,173
2711,174
2712,174
2713,174
2714,174
2715,173
2716,173
2717,173
2718,173
2719,173
2720,173
2721,173
2722,173
2723,173
2724,173
2725,173
2726,173
2727,173
2728,173
2729,173
2730,173
2731,173
2732,173
2733,173
2734,173
2735,173
2736,173
2737,173
2738,173
2739,173
2740,173
2741,173
2742,173
2743,173
2744,173
2745,173
2746,173
2747,173
2748,173
2749,173
2750,173
2751,173
2752,173
2753,173
2754,173
2755,173
2756,173
2757,173
2758,173
2759,173
2760,173
2761,173
2762,173
2763,173
2764,173
2765,173
2766,173
2767,173
2768,173
2769,173
2770,173
2771,173
2772,173
2773,173
2774,173
2775,173
2776,173
2777,173
2778,173
2779,174
2780,173
2781,173
2782,173
2783,173
2784,173
2785,174
2786,173
2787,173
2788,173
2789,173
2790,173
2791,173
2792,173
2793,173
2794,173
2795,173
2796,173
2797,173
2798,173
2799,173
2800,173
2801,173
2802,173
2803,173
2804,173
2805,173
2806,173
2807,173
2808,174
2809,173
2810,174
2811,174
2812,174
2813,174
2814,174
2815,174
2816,174
2817,174
2818,174
2819,174
2820,174
2821,174
2822,174
2823,174
2824,174
2825,174
2826,174
2827,174
2828,174
2829,174
2830,174
2831,174
2832,174
2833,174
2834,174
2835,174
2836,174
2837,174
2838,174
2839,174
2840,174
2841,174
2842,174
2843,174
2844,174
2845,174
2846,174
2847,174
2848,174
2849,174
2850,174
2851,174
2852,174
2853,174
2854,174
2855,174
2856,174
2857,174
2858,174
2859,174
2860,174
2861,174
2862,174
2863,174
2864,174
2865,174
2866,174
2867,174
2868,174
2869,174
2870,174
2871,174
2872,174
2873,174
2874,174
2875,174
2876,174
2877,174
2878,174
2879,174
2880,174
2881,174
2882,174
2883,174
2884,175
2885,175
2886,175
2887,175
2888,175
2889,175
2890,175
2891,175
2892,175
2893,175
2894,175
2895,175
2896,175
2897,175
2898,175
2899,175
2900,175
2901,175
2902,175
2903,175
2904,175
2905,175
2906,175
2907,175
2908,175
2909,175
2910,175
2911,175
2912,175
2913,175
2914,175
2915,175
2916,175
2917,175
2918,175
2919,175
2920,175
2921,175
2922,175
2923,175
2924,175
2925,175
2926,175
2927,175
2928,175
2929,175
2930,175
2931,176
2932,176
2933,175
2934,175
2935,175
2936,175
2937,175
2938,175
2939,175
2940,175
2941,175
2942,175
2943,175
2944,175
2945,175
2946,175
2947,175
2948,175
2949,175
2950,175
2951,175
2952,175
2953,175
2954,175
2955,175
2956,175
2957,175
2958,175
2959,175
2960,175
2961,175
2962,175
2963,175
2964,175
2965,175
2966,176
2967,175
2968,175
2969,175
2970,175
2971,175
2972,176
2973,176
2974,176
2975,176
2976,176
2977,176
2978,175
2979,176
2980,176
2981,175
2982,176
2983,175
2984,176
2985,176
2986,176
2987,175
2988,176
2989,176
2990,176
2991,175
2992,175
2993,175
2994,175
2995,175
2996,175
2997,176
2998,176
2999,176
3000,176
3001,176
3002,176
3003,176
3004,176
3005,176
3006,176
3007,176
3008,176
3009,176
3010,176
3011,176
3012,176
3013,176
3014,176
3015,176
3016,176
3017,176
3018,176
3019,176
3020,175
3021,175
3022,175
3023,175
3024,176
3025,176
3026,176
3027,176
3028,176
3029,176
3030,175
3031,175
3032,175
3033,175
3034,176
3035,176
3036,176
3037,176
3038,176
3039,176
3040,176
3041,176
3042,176
3043,176
3044,176
3045,176
3046,176
3047,176
3048,176
3049,176
3050,176
3051,176
3052,176
3053,176
3054,176
3055,176
3056,175
3057,175
3058,175
3059,175
3060,175
3061,176
3062,176
3063,176
3064,176
3065,176
3066,176
3067,176
3068,176
3069,176
3070,176
3071,176
3072,176
3073,176
3074,176
3075,176
3076,176
3077,176
3078,176
3079,176
3080,176
3081,176
3082,176
3083,176
3084,176
3085,176
3086,176
3087,176
3088,176
3089,176
3090,176
3091,176
3092,176
3093,176
3094,176
3095,176
3096,176
3097,176
3098,176
3099,176
3100,176
3101,176
3102,176
3103,176
3104,176
3105,176
3106,176
3107,176
3108,176
3109,176
3110,176
3111,176
3112,176
3113,176
3114,176
3115,176
3116,176
3117,176
3118,176
3119,176
3120,176
3121,176
3122,176
3123,176
3124,176
3125,176
3126,176
3127,176
3128,176
3129,176
3130,177
3131,176
3132,176
3133,176
3134,177
3135,177
3136,176
3137,176
3138,176
3139,176
3140,176
3141,176
3142,176
3143,176
3144,177
3145,177
3146,177
3147,177
3148,177
3149,177
3150,177
3151,177
3152,177
3153,177
3154,177
3155,177
3156,177
3157,177
3158,177
3159,177
3160,177
3161,177
3162,177
3163,177
3164,177
3165,177
3166,177
3167,177
3168,177
3169,177
3170,177
3171,177
3172,177
3173,177
3174,177
3175,177
3176,177
3177,177
3178,177
3179,177
3180,177
3181,177
3182,177
3183,177
3184,177
3185,177
3186,177
3187,177
3188,177
3189,177
3190,177
3191,177
3192,177
3193,177
3194,177
3195,177
3196,177
3197,177
3198,177
3199,177
3200,177
3201,177
3202,177
3203,177
3204,177
3205,177
3206,177
3207,177
3208,177
3209,177
3210,177
3211,177
3212,177
3213,177
3214,177
3215,177
3216,177
3217,177
3218,177
3219,177
3220,177
3221,177
3222,177
3223,177
3224,177
3225,177
3226,177
3227,177
3228,177
3229,177
3230,177
3231,177
3232,177
3233,177
3234,177
3235,177
3236,177
3237,177
3238,177
3239,177
3240,177
3241,177
3242,177
3243,177
3244,177
3245,177
3246,177
3247,177
3248,177
3249,177
3250,177
3251,177
3252,177
3253,177
3254,177
3255,177
3256,177
3257,177
3258,177
3259,177
3260,177
3261,177
3262,177
3263,177
3264,177
3265,177
3266,177
3267,177
3268,177
3269,177
3270,177
3271,177
3272,177
3273,177
3274,177
3275,177
3276,178
3277,178
3278,177
3279,177
3280,177
3281,177
3282,177
3283,177
3284,177
3285,177
3286,177
3287,177
3288,177
3289,177
3290,177
3291,177
3292,177
3293,177
3294,178
3295,178
3296,178
3297,178
3298,178
3299,178
3300,178
3301,178
3302,178
3303,178
3304,178
3305,178
3306,178
3307,178
3308,178
3309,178
3310,178
3311,178
3312,178
3313,178
3314,178
3315,178
3316,178
3317,178
3318,178
3319,178
3320,178
3321,178
3322,178
3323,178
3324,178
3325,178
3326,178
3327,178
3328,178
3329,178
3330,178
3331,178
3332,178
3333,178
3334,178
3335,178
3336,178
3337,178
3338,178
3339,178
3340,178
3341,178
3342,178
3343,178
3344,178
3345,178
3346,178
3347,178
3348,178
3349,178
3350,178
3351,178
3352,178
3353,178
3354,179
3355,179
3356,178
3357,179
3358,179
3359,179
3360,179
3361,179
3362,179
3363,179
3364,179
3365,179
3366,179
3367,179
3368,179
3369,179
3370,179
3371,179
3372,179
3373,178
3374,179
3375,179
3376,179
3377,179
3378,179
3379,179
3380,179
3381,179
3382,178
3383,178
3384,178
3385,178
3386,179
3387,179
3388,178
3389,178
3390,178
3391,178
3392,178
3393,178
3394,178
3395,178
3396,178
3397,178
3398,178
3399,178
3400,178
3401,178
3402,178
3403,178
3404,178
3405,178
3406,178
3407,178
3408,178
3409,178
3410,178
3411,178
3412,178
3413,178
3414,178
3415,178
3416,178
3417,178
3418,178
3419,178
3420,178
3421,178
3422,178
3423,178
3424,178
3425,178
3426,177
3427,177
3428,177
3429,177
3430,178
3431,178
3432,178
3433,178
3434,178
3435,178
3436,178
3437,178
3438,178
3439,178
3440,178
3441,178
3442,178
3443,178
3444,178
3445,178
3446,178
3447,178
3448,178
3449,178
3450,178
3451,178
3452,178
3453,178
3454,178
3455,178
3456,178
3457,178
3458,178
3459,178
3460,178
3461,178
3462,178
3463,178
3464,178
3465,178
3466,178
3467,178
3468,178
3469,178
3470,178
3471,178
3472,178
3473,178
3474,178
3475,178
3476,178
3477,178
3478,178
3479,178
3480,178
3481,178
3482,178
3483,178
3484,178
3485,178
3486,178
3487,178
3488,178
3489,178
3490,178
3491,178
3492,178
3493,178
3494,178
3495,179
3496,179
3497,178
3498,179
3499,178
3500,178
3501,179
3502,178
3503,179
3504,179
3505,179
3506,178
3507,178
3508,178
3509,179
3510,179
3511,179
3512,179
3513,179
3514,179
3515,178
3516,178
3517,179
3518,179
3519,179
3520,178
3521,179
3522,178
3523,178
3524,178
3525,178
3526,178
3527,178
3528,178
3529,178
3530,178
3531,178
3532,178
3533,178
3534,178
3535,178
3536,178
3537,178
3538,178
3539,178
3540,178
3541,178
3542,178
3543,178
3544,178
3545,178
3546,178
3547,178
3548,178
3549,178
3550,178
3551,178
3552,178
3553,178
3554,178
3555,178
3556,178
3557,178
3558,178
3559,178
3560,178
3561,178
3562,178
3563,178
3564,178
3565,178
3566,178
3567,178
3568,178
3569,178
3570,178
3571,178
3572,178
3573,178
3574,178
3575,178
3576,178
3577,178
3578,178
3579,178
3580,178
3581,178
3582,178
3583,178
3584,178
3585,178
3586,178
3587,178
3588,178
3589,178
3590,178
3591,178
3592,178
3593,178
3594,178
3595,178
3596,178
3597,178
3598,178
3599,178
3600,178
3601,178
3602,178
3603,178
3604,178
3605,178
3606,178
3607,178
3608,178
3609,178
3610,178
3611,178
3612,178
3613,178
3614,178
3615,178
3616,178
3617,178
3618,178
3619,178
3620,178
3621,178
3622,178
3623,178
3624,178
3625,178
3626,178
3627,178
3628,178
3629,178
3630,178
3631,178
3632,178
3633,178
3634,178
3635,178
3636,178
3637,178
3638,178
3639,178
3640,178
3641,178
3642,178
3643,178
3644,178
3645,178
3646,178
3647,178
3648,178
3649,178
3650,178
3651,178
3652,178
3653,178
3654,178
3655,178
3656,179
3657,179
3658,179
3659,179
3660,179
3661,179
3662,179
3663,179
3664,179
3665,179
3666,179
3667,179
3668,179
3669,179
3670,179
3671,179
3672,179
3673,179
3674,179
3675,179
3676,179
3677,179
3678,179
3679,179
3680,179
3681,179
3682,179
3683,179
3684,179
3685,179
3686,179
3687,179
3688,179
3689,179
3690,179
3691,179
3692,179
3693,179
3694,179
3695,179
3696,179
3697,179
3698,179
3699,179
3700,179
3701,179
3702,179
3703,179
3704,179
3705,179
3706,179
3707,179
3708,179
3709,179
3710,179
3711,179
3712,180
3713,180
3714,180
3715,180
3716,180
3717,180
3718,180
3719,180
3720,180
3721,180
3722,180
3723,180
3724,180
3725,180
3726,180
3727,180
3728,180
3729,180
3730,180
3731,180
3732,180
3733,180
3734,180
3735,180
3736,180
3737,180
3738,180
3739,180
3740,180
3741,180
3742,180
3743,180
3744,180
3745,180
3746,180
3747,180
3748,180
3749,180
3750,180
3751,180
3752,180
3753,180
3754,180
3755,180
3756,180
3757,180
3758,180
3759,180
3760,180
3761,180
3762,180
3763,180
3764,180
3765,180
3766,180
3767,180
3768,180
3769,181
3770,181
3771,180
3772,180
3773,180
3774,180
3775,180
3776,181
3777,181
3778,181
3779,181
3780,181
3781,181
3782,181
3783,181
3784,181
3785,181
3786,181
3787,181
3788,181
3789,181
3790,181
3791,181
3792,180
3793,180
3794,180
3795,180
3796,181
3797,181
3798,181
3799,181
3800,181
3801,181
3802,181
3803,181
3804,181
3805,181
3806,181
3807,181
3808,181
3809,181
3810,181
3811,181
3812,181
3813,181
3814,181
3815,181
3816,181
3817,181
3818,181
3819,181
3820,181
3821,181
3822,181
3823,181
3824,181
3825,181
3826,181
3827,181
3828,181
3829,181
3830,181
3831,182
3832,182
3833,182
3834,182
3835,181
3836,181
3837,181
3838,181
3839,181
3840,181
3841,181
3842,181
3843,181
3844,181
3845,181
3846,181
3847,182
3848,182
3849,182
3850,182
3851,182
3852,181
3853,181
3854,181
3855,181
3856,181
3857,182
3858,181
3859,181
3860,182
3861,182
3862,182
3863,182
3864,182
3865,182
3866,182
3867,182
3868,182
3869,181
3870,182
3871,182
3872,182
3873,182
3874,181
3875,181
3876,181
3877,181
3878,181
3879,181
3880,181
3881,181
3882,181
3883,181
3884,181
3885,181
3886,181
3887,181
3888,181
3889,181
3890,181
3891,181
3892,181
3893,181
3894,181
3895,181
3896,181
3897,181
3898,181
3899,181
3900,181
3901,181
3902,181
3903,181
3904,181
3905,181
3906,181
3907,181
3908,182
3909,182
3910,182
3911,182
3912,182
3913,182
3914,182
3915,182
3916,182
3917,182
3918,182
3919,182
3920,182
3921,182
3922,182
3923,182
3924,182
3925,182
3926,182
3927,182
3928,182
3929,182
3930,182
3931,182
3932,182
3933,182
3934,182
3935,182
3936,182
3937,182
3938,182
3939,182
3940,182
3941,182
3942,182
3943,182
3944,182
3945,182
3946,182
3947,182
3948,182
3949,182
3950,182
3951,182
3952,182
3953,181
3954,181
3955,181
3956,181
3957,181
3958,181
3959,181
3960,182
3961,182
3962,181
3963,182
3964,182
3965,182
3966,182
3967,182
3968,182
3969,182
3970,182
3971,182
3972,182
3973,182
3974,182
3975,182
3976,182
3977,182
3978,181
3979,182
3980,182
3981,182
3982,182
3983,182
3984,182
3985,182
3986,182
3987,182
3988,182
3989,182
3990,182
3991,182
3992,182
3993,182
3994,182
3995,182
3996,182
3997,182
3998,182
3999,182
4000,182
4001,182
4002,182
4003,182
4004,182
4005,182
4006,182
4007,182
4008,182
4009,182
4010,182
4011,182
4012,182
4013,182
4014,182
4015,182
4016,182
4017,182
4018,182
4019,182
4020,182
4021,182
4022,182
4023,182
4024,182
4025,182
4026,182
4027,182
4028,182
4029,182
4030,182
4031,182
4032,182
4033,182
4034,182
4035,182
4036,182
4037,182
4038,182
4039,182
4040,182
4041,182
4042,182
4043,182
4044,182
4045,182
4046,182
4047,182
4048,182
4049,183
4050,183
4051,182
4052,182
4053,182
4054,182
4055,183
4056,182
4057,182
4058,182
4059,182
4060,183
4061,183
4062,183
4063,183
4064,183
4065,183
4066,182
4067,182
4068,183
4069,183
4070,183
4071,182
4072,183
4073,183
4074,183
4075,183
4076,183
4077,183
4078,183
4079,183
4080,183
4081,183
4082,183
4083,183
4084,183
4085,183
4086,183
4087,183
4088,183
4089,183
4090,183
4091,183
4092,183
4093,183
4094,183
4095,183
4096,183
4097,183
4098,183
4099,183
4100,183
4101,183
4102,183
4103,183
4104,183
4105,183
4106,183
4107,183
4108,183
4109,183
4110,183
4111,183
4112,183
4113,183
4114,183
4115,183
4116,183
4117,183
4118,183
4119,183
4120,183
4121,183
4122,183
4123,183
4124,183
4125,183
4126,183
4127,183
4128,183
4129,183
4130,183
4131,183
4132,183
4133,183
4134,183
4135,183
4136,183
4137,183
4138,183
4139,183
4140,183
4141,183
4142,183
4143,183
4144,183
4145,183
4146,183
4147,183
4148,183
4149,183
4150,183
4151,183
4152,183
4153,183
4154,184
4155,184
4156,184
4157,184
4158,184
4159,184
4160,184
4161,184
4162,184
4163,184
4164,184
4165,184
4166,184
4167,184
4168,184
4169,184
4170,184
4171,184
4172,184
4173,184
4174,184
4175,184
4176,184
4177,184
4178,184
4179,184
4180,184
4181,184
4182,184
4183,184
4184,184
4185,184
4186,184
4187,184
4188,184
4189,184
4190,184
4191,184
4192,184
4193,184
4194,184
4195,184
4196,184
4197,184
4198,184
4199,184
4200,184
4201,184
4202,184
4203,184
4204,184
4205,184
4206,184
4207,184
4208,184
4209,184
4210,184
4211,184
4212,184
4213,184
4214,184
4215,184
4216,184
4217,184
4218,184
4219,184
4220,184
4221,184
4222,184
4223,185
4224,185
4225,185
4226,185
4227,185
4228,185
4229,185
4230,185
4231,185
4232,185
4233,185
4234,185
4235,185
4236,185
4237,185
4238,185
4239,185
4240,185
4241,185
4242,185
4243,185
4244,185
4245,185
4246,185
4247,185
4248,185
4249,185
4250,185
4251,185
4252,186
4253,186
4254,186
4255,186
4256,186
4257,186
4258,186
4259,186
4260,186
4261,186
4262,186
4263,186
4264,186
4265,186
4266,186
4267,186
4268,186
4269,186
4270,186
4271,186
4272,186
4273,186
4274,186
4275,186
4276,186
4277,186
4278,186
4279,186
4280,186
4281,186
4282,186
4283,186
4284,186
4285,186
4286,186
4287,186
4288,186
4289,186
4290,186
4291,186
4292,186
4293,186
4294,186
4295,186
4296,186
4297,186
4298,186
4299,186
4300,186
4301,186
4302,186
4303,186
4304,186
4305,186
4306,186
4307,186
4308,186
4309,186
4310,186
4311,186
4312,186
4313,186
4314,186
4315,186
4316,186
4317,186
4318,186
4319,186
4320,186
4321,186
4322,186
4323,186
4324,186
4325,186
4326,186
4327,186
4328,186
4329,186
4330,186
4331,186
4332,186
4333,186
4334,186
4335,186
4336,186
4337,186
4338,186
4339,186
4340,186
4341,186
4342,186
4343,186
4344,186
4345,186
4346,187
4347,186
4348,186
4349,186
4350,186
4351,186
4352,186
4353,186
4354,186
4355,186
4356,187
4357,187
4358,187
4359,187
4360,187
4361,187
4362,187
4363,187
4364,187
4365,187
4366,187
4367,187
4368,187
4369,187
4370,187
4371,187
4372,187
4373,187
4374,187
4375,187
4376,187
4377,187
4378,187
4379,187
4380,187
4381,187
4382,187
4383,187
4384,187
4385,187
4386,187
4387,187
4388,187
4389,187
4390,187
4391,187
4392,187
4393,187
4394,187
4395,187
4396,187
4397,187
4398,187
4399,187
4400,187
4401,187
4402,187
4403,187
4404,187
4405,187
4406,187
4407,187
4408,187
4409,187
4410,187
4411,187
4412,187
4413,187
4414,187
4415,187
4416,187
4417,187
4418,187
4419,187
4420,187
4421,187
4422,187
4423,187
4424,187
4425,187
4426,187
4427,188
4428,187
4429,187
4430,187
4431,187
4432,187
4433,187
4434,188
4435,187
4436,188
4437,188
4438,188
4439,188
4440,188
4441,188
4442,188
4443,188
4444,188
4445,188
4446,188
4447,188
4448,188
4449,188
4450,188
4451,188
4452,188
4453,188
4454,188
4455,188
4456,188
4457,188
4458,188
4459,188
4460,188
4461,188
4462,188
4463,188
4464,188
4465,188
4466,187
4467,187
4468,188
4469,188
4470,188
4471,188
4472,188
4473,188
4474,188
4475,188
4476,188
4477,188
4478,188
4479,188
4480,188
4481,188
4482,188
4483,188
4484,188
4485,188
4486,188
4487,188
4488,188
4489,188
4490,188
4491,188
4492,188
4493,188
4494,188
4495,188
4496,188
4497,188
4498,188
4499,188
4500,188
4501,188
4502,188
4503,188
4504,188
4505,188
4506,188
4507,188
4508,188
4509,188
4510,188
4511,188
4512,188
4513,188
4514,188
4515,188
4516,188
4517,188
4518,188
4519,188
4520,188
4521,188
4522,188
4523,188
4524,188
4525,188
4526,188
4527,188
4528,188
4529,188
4530,188
4531,188
4532,188
4533,188
4534,188
4535,188
4536,188
4537,188
4538,188
4539,188
4540,188
4541,188
4542,188
4543,188
4544,188
4545,188
4546,188
4547,188
4548,188
4549,188
4550,188
4551,188
4552,188
4553,188
4554,188
4555,188
4556,188
4557,188
4558,188
4559,188
4560,188
4561,189
4562,188
4563,188
4564,189
4565,189
4566,188
4567,188
4568,188
4569,189
4570,189
4571,188
4572,188
4573,188
4574,188
4575,188
4576,189
4577,189
4578,189
4579,188
4580,189
4581,189
4582,189
4583,189
4584,189
4585,189
4586,189
4587,189
4588,189
4589,189
4590,189
4591,189
4592,189
4593,189
4594,189
4595,189
4596,189
4597,189
4598,189
4599,189
4600,189
4601,189
4602,189
4603,189
4604,189
4605,189
4606,189
4607,188
4608,188
4609,189
4610,189
4611,189
4612,189
4613,189
4614,189
4615,189
4616,189
4617,189
4618,189
4619,189
4620,189
4621,189
4622,189
4623,189
4624,189
4625,189
4626,189
4627,189
4628,189
4629,189
4630,189
4631,189
4632,189
4633,189
4634,189
4635,189
4636,189
4637,189
4638,189
4639,189
4640,189
4641,189
4642,189
4643,189
4644,189
4645,189
4646,189
4647,189
4648,189
4649,189
4650,189
4651,189
4652,189
4653,189
4654,189
4655,189
4656,189
4657,189
4658,189
4659,189
4660,189
4661,189
4662,189
4663,189
4664,189
4665,189
4666,189
4667,189
4668,190
4669,190
4670,189
4671,189
4672,190
4673,190
4674,190
4675,190
4676,190
4677,190
4678,190
4679,190
4680,190
4681,190
4682,190
4683,190
4684,190
4685,190
4686,190
4687,190
4688,190
4689,190
4690,190
4691,190
4692,190
4693,190
4694,190
4695,190
4696,190
4697,190
4698,190
4699,190
4700,190
4701,190
4702,190
4703,190
4704,190
4705,190
4706,190
4707,190
4708,190
4709,190
4710,190
4711,190
4712,190
4713,190
4714,190
4715,190
4716,190
4717,190
4718,190
4719,190
4720,190
4721,190
4722,190
4723,190
4724,191
4725,191
4726,191
4727,191
4728,190
4729,190
4730,190
4731,190
4732,190
4733,191
4734,191
4735,190
4736,190
4737,191
4738,191
4739,191
4740,191
4741,191
4742,191
4743,191
4744,191
4745,191
4746,191
4747,191
4748,191
4749,191
4750,191
4751,191
4752,191
4753,191
4754,191
4755,191
4756,191
4757,191
4758,191
4759,191
4760,191
4761,191
4762,191
4763,191
4764,191
4765,191
4766,191
4767,190
4768,190
4769,190
4770,190
4771,190
4772,190
4773,190
4774,190
4775,190
4776,190
4777,190
4778,190
4779,190
4780,190
4781,190
4782,190
4783,190
4784,190
4785,190
4786,190
4787,190
4788,190
4789,189
4790,189
4791,189
4792,189
4793,189
4794,189
4795,189
4796,189
4797,189
4798,189
4799,189
4800,189
4801,189
4802,189
4803,189
4804,189
4805,189
4806,189
4807,189
4808,190
4809,189
4810,189
4811,189
4812,190
4813,190
4814,190
4815,190
4816,189
4817,189
4818,189
4819,189
4820,189
4821,190
4822,190
4823,190
4824,190
4825,190
4826,190
4827,190
4828,189
4829,190
4830,190
4831,190
4832,190
4833,190
4834,189
4835,189
4836,189
4837,190
4838,190
4839,190
4840,190
4841,189
4842,189
4843,190
4844,189
4845,189
4846,189
4847,189
4848,189
4849,189
4850,189
4851,189
4852,189
4853,189
4854,189
4855,189
4856,189
4857,189
4858,189
4859,189
4860,189
4861,189
4862,189
4863,190
4864,189
4865,189
4866,189
4867,189
4868,189
4869,189
4870,189
4871,189
4872,189
4873,189
4874,189
4875,189
4876,189
4877,189
4878,189
4879,189
4880,189
4881,189
4882,189
4883,189
4884,189
4885,189
4886,189
4887,189
4888,189
4889,189
4890,189
4891,189
4892,189
4893,189
4894,189
4895,189
4896,189
4897,189
4898,189
4899,189
4900,189
4901,189
4902,189
4903,189
4904,189
4905,189
4906,189
4907,189
4908,189
4909,189
4910,189
4911,189
4912,189
4913,189
4914,189
4915,189
4916,189
4917,189
4918,189
4919,189
4920,189
4921,190
4922,190
4923,190
4924,190
4925,190
4926,190
4927,190
4928,190
4929,190
4930,190
4931,190
4932,190
4933,190
4934,190
4935,190
4936,190
4937,190
4938,190
4939,191
4940,191
4941,191
4942,191
4943,191
4944,191
4945,191
4946,191
4947,191
4948,191
4949,191
4950,191
4951,191
4952,191
4953,191
4954,191
4955,191
4956,191
4957,191
4958,191
4959,191
4960,191
4961,191
4962,191
4963,191
4964,191
4965,191
4966,191
4967,191
4968,192
4969,192
4970,191
4971,192
4972,192
4973,191
4974,191
4975,191
4976,191
4977,191
4978,191
4979,191
4980,192
4981,192
4982,192
4983,192
4984,192
4985,192
4986,192
4987,192
4988,191
4989,192
4990,192
4991,192
4992,192
4993,192
4994,192
4995,192
4996,192
4997,192
4998,192
4999,192
5000,192
5001,192
5002,192
5003,192
5004,192
5005,192
5006,192
5007,192
5008,192
5009,192
5010,192
5011,192
5012,192
5013,192
5014,192
5015,192
5016,192
5017,192
5018,192
5019,192
5020,192
5021,192
5022,192
5023,192
5024,192
5025,192
5026,192
5027,192
5028,192
5029,192
5030,192
5031,192
5032,192
5033,192
5034,192
5035,192
5036,192
5037,192
5038,193
5039,193
5040,193
5041,193
5042,193
5043,193
5044,193
5045,193
5046,193
5047,193
5048,192
5049,192
5050,193
5051,193
5052,192
5053,192
5054,192
5055,192
5056,192
5057,192
5058,192
5059,192
5060,192
5061,192
5062,192
5063,192
5064,192
5065,193
5066,192
5067,192
5068,193
5069,193
5070,193
5071,193
5072,193
5073,192
5074,192
5075,192
5076,192
5077,192
5078,192
5079,192
5080,192
5081,192
5082,192
5083,192
5084,192
5085,192
5086,192
5087,192
5088,192
5089,192
5090,192
5091,193
5092,192
5093,192
5094,193
5095,193
5096,193
5097,193
5098,193
5099,193
5100,193
5101,193
5102,193
5103,193
5104,193
5105,193
5106,193
5107,193
5108,193
5109,193
5110,193
5111,193
5112,193
5113,192
5114,192
5115,192
5116,192
5117,192
5118,192
5119,192
5120,192
5121,192
5122,192
5123,192
5124,192
5125,192
5126,192
5127,192
5128,192
5129,192
5130,192
5131,192
5132,192
5133,192
5134,192
5135,192
5136,192
5137,192
5138,192
5139,192
5140,192
5141,192
5142,192
5143,192
5144,192
5145,192
5146,192
5147,192
5148,192
5149,192
5150,192
5151,192
5152,192
5153,192
5154,192
5155,192
5156,193
5157,192
5158,192
5159,192
5160,192
5161,192
5162,192
5163,192
5164,193
5165,192
5166,192
5167,192
5168,192
5169,192
5170,192
5171,192
5172,192
5173,192
5174,193
5175,193
5176,193
5177,193
5178,193
5179,193
5180,193
5181,193
5182,193
5183,193
5184,193
5185,193
5186,193
5187,193
5188,193
5189,193
5190,193
5191,193
5192,193
5193,193
5194,193
5195,193
5196,193
5197,193
5198,193
5199,193
5200,193
5201,193
5202,193
5203,193
5204,193
5205,193
5206,193
5207,193
5208,193
5209,193
5210,193
5211,193
5212,193
5213,193
5214,193
5215,193
5216,193
5217,193
5218,193
5219,193
5220,193
5221,193
5222,193
5223,193
5224,193
5225,193
5226,193
5227,193
5228,193
5229,193
5230,193
5231,193
5232,193
5233,194
5234,194
5235,194
5236,194
5237,194
5238,194
5239,194
5240,193
5241,194
5242,194
5243,194
5244,194
5245,194
5246,194
5247,194
5248,194
5249,194
5250,194
5251,194
5252,194
5253,194
5254,194
5255,194
5256,194
5257,194
5258,194
5259,194
5260,194
5261,194
5262,194
5263,194
5264,194
5265,194
5266,194
5267,194
5268,194
5269,194
5270,194
5271,194
5272,194
5273,194
5274,194
5275,194
5276,194
5277,194
5278,194
5279,194
5280,194
5281,194
5282,194
5283,193
5284,193
5285,193
5286,193
5287,193
5288,193
5289,193
5290,193
5291,193
5292,193
5293,193
5294,193
5295,193
5296,193
5297,193
5298,193
5299,193
5300,193
5301,193
5302,193
5303,193
5304,193
5305,193
5306,193
5307,193
5308,193
5309,193
5310,193
5311,193
5312,193
5313,193
5314,194
5315,194
5316,194
5317,194
5318,194
5319,194
5320,194
5321,194
5322,194
5323,194
5324,195
5325,195
5326,195
5327,195
5328,195
5329,195
5330,195
5331,195
5332,195
5333,195
5334,195
5335,195
5336,195
5337,195
5338,195
5339,195
5340,195
5341,195
5342,195
5343,195
5344,195
5345,195
5346,195
5347,195
5348,195
5349,196
5350,196
5351,196
5352,196
5353,196
5354,196
5355,196
5356,196
5357,196
5358,196
5359,196
5360,196
5361,196
5362,196
5363,196
5364,196
5365,196
5366,196
5367,196
5368,196
5369,196
5370,196
5371,196
5372,197
5373,197
5374,197
5375,197
5376,197
5377,197
5378,197
5379,197
5380,197
5381,197
5382,197
5383,197
5384,197
5385,197
5386,197
5387,197
5388,197
5389,197
5390,197
5391,197
5392,197
5393,197
5394,197
5395,197
5396,197
5397,197
5398,197
5399,197
5400,197
5401,197
5402,197
5403,197
5404,197
5405,197
5406,197
5407,197
5408,197
5409,197
5410,197
5411,197
5412,197
5413,197
5414,197
5415,197
5416,197
5417,197
5418,197
5419,197
5420,197
5421,197
5422,197
5423,197
5424,197
5425,198
5426,198
5427,198
5428,198
5429,198
5430,198
5431,198
5432,198
5433,198
5434,198
5435,198
5436,198
5437,198
5438,199
5439,199
5440,199
5441,199
5442,199
5443,199
5444,199
5445,199
5446,199
5447,199
5448,199
5449,199
5450,199
5451,199
5452,199
5453,199
5454,199
5455,199
5456,199
5457,199
5458,199
5459,199
5460,199
5461,199
5462,199
5463,199
5464,199
5465,200
5466,199
5467,199
5468,200
5469,200
5470,199
5471,199
5472,199
5473,199
5474,199
5475,199
5476,199
5477,199
5478,199
5479,199
5480,199
5481,199
5482,199
5483,199
5484,199
5485,199
5486,199
5487,199
5488,199
5489,199
5490,199
5491,199
5492,199
5493,199
5494,199
5495,199
5496,199
5497,199
5498,199
5499,199
5500,199
5501,199
5502,199
5503,199
5504,199
5505,199
5506,199
5507,199
5508,199
5509,199
5510,200
5511,199
5512,200
5513,200
5514,200
5515,200
5516,200
5517,200
5518,200
5519,200
5520,200
5521,200
5522,200
5523,200
5524,201
5525,201
5526,201
5527,201
5528,201
5529,201
5530,201
5531,201
5532,201
5533,202
5534,201
5535,202
5536,201
5537,202
5538,201
5539,201
5540,201
5541,201
5542,201
5543,201
5544,202
5545,202
5546,202
5547,202
5548,202
5549,202
5550,202
5551,202
5552,202
5553,202
5554,202
5555,202
5556,201
5557,201
5558,201
5559,201
5560,201
5561,201
5562,201
5563,201
5564,201
5565,202
5566,202
5567,201
5568,201
5569,201
5570,202
5571,201
5572,201
5573,201
5574,202
5575,202
5576,202
5577,202
5578,202
5579,202
5580,202
5581,202
5582,202
5583,202
5584,202
5585,202
5586,202
5587,202
5588,202
5589,202
5590,202
5591,202
5592,202
5593,202
5594,202
5595,202
5596,202
5597,202
5598,202
5599,202
5600,202
5601,202
5602,202
5603,202
5604,202
5605,202
5606,202
5607,201
5608,202
5609,202
5610,202
5611,202
5612,202
5613,202
5614,202
5615,201
5616,201
5617,201
5618,202
5619,201
5620,202
5621,202
5622,201
5623,201
5624,202
5625,201
5626,202
5627,202
5628,202
5629,202
5630,202
5631,202
5632,202
5633,202
5634,202
5635,202
5636,202
5637,202
5638,202
5639,202
5640,201
5641,201
5642,201
5643,201
5644,202
5645,202
5646,202
5647,202
5648,202
5649,202
5650,202
5651,202
5652,202
5653,202
5654,202
5655,202
5656,202
5657,203
5658,202
5659,202
5660,202
5661,202
5662,203
5663,203
5664,203
5665,203
5666,202
5667,203
5668,203
5669,203
5670,203
5671,203
5672,203
5673,203
5674,203
5675,203
5676,203
5677,203
5678,203
5679,203
5680,203
5681,203
5682,204
5683,204
5684,204
5685,204
5686,204
5687,204
5688,204
5689,204
5690,204
5691,204
5692,204
5693,204
5694,204
5695,204
5696,204
5697,204
5698,204
5699,204
5700,205
5701,205
5702,205
5703,205
5704,204
5705,205
5706,204
5707,204
5708,204
5709,204
5710,205
5711,205
5712,205
5713,205
5714,205
5715,205
5716,205
5717,205
5718,205
5719,205
5720,205
5721,205
5722,205
5723,205
5724,205
5725,205
5726,205
5727,205
5728,205
5729,205
5730,205
5731,205
5732,205
5733,205
5734,205
5735,204
5736,204
5737,204
5738,204
5739,204
5740,205
5741,205
5742,204
5743,204
5744,204
5745,205
5746,205
5747,205
5748,205
5749,205
5750,205
5751,205
5752,205
5753,205
5754,205
5755,205
5756,205
5757,205
5758,205
5759,205
5760,205
5761,205
5762,205
5763,205
5764,205
5765,205
5766,205
5767,205
5768,205
5769,205
5770,205
5771,205
5772,205
5773,205
5774,205
5775,205
5776,205
5777,205
5778,205
5779,205
5780,205
5781,205
5782,206
5783,206
5784,206
5785,206
5786,206
5787,206
5788,205
5789,205
5790,205
5791,205
5792,205
5793,205
5794,205
5795,205
5796,205
5797,205
5798,205
5799,205
5800,205
5801,205
5802,205
5803,205
5804,205
5805,205
5806,205
5807,205
5808,205
5809,205
5810,205
5811,205
5812,205
5813,205
5814,205
5815,205
5816,205
5817,205
5818,205
5819,205
5820,205
5821,205
5822,205
5823,205
5824,205
5825,205
5826,206
5827,206
5828,206
5829,206
5830,206
5831,206
5832,206
5833,206
5834,206
5835,206
5836,206
5837,206
5838,206
5839,206
5840,206
5841,206
5842,206
5843,206
5844,206
5845,206
5846,206
5847,206
5848,206
5849,206
5850,206
5851,205
5852,205
5853,205
5854,206
5855,206
5856,206
5857,206
5858,206
5859,206
5860,206
5861,206
5862,206
5863,206
5864,206
5865,206
5866,206
5867,206
5868,206
5869,206
5870,206
5871,206
5872,206
5873,206
5874,206
5875,206
5876,206
5877,206
5878,206
5879,206
5880,206
5881,206
5882,206
5883,206
5884,206
5885,206
5886,206
5887,206
5888,206
5889,206
5890,206
5891,206
5892,206
5893,206
5894,206
5895,206
5896,206
5897,206
5898,206
5899,205
5900,205
5901,205
5902,205
5903,205
5904,205
5905,205
5906,205
5907,205
5908,205
5909,205
5910,205
5911,205
5912,205
5913,205
5914,205
5915,205
5916,205
5917,205
5918,205
5919,206
5920,206
5921,206
5922,206
5923,206
5924,205
5925,206
5926,206
5927,206
5928,205
5929,205
5930,205
5931,205
5932,205
5933,205
5934,205
5935,205
5936,205
5937,205
5938,205
5939,205
5940,205
5941,205
5942,205
5943,206
5944,205
5945,206
5946,205
5947,205
5948,205
5949,205
5950,205
5951,205
5952,205
5953,205
5954,205
5955,205
5956,205
5957,205
5958,205
5959,205
5960,205
5961,205
5962,205
5963,206
5964,205
5965,205
5966,205
5967,205
5968,205
5969,205
5970,205
5971,206
5972,206
5973,205
5974,206
5975,205
5976,206
5977,206
5978,206
5979,206
5980,206
5981,206
5982,206
5983,206
5984,206
5985,206
5986,206
5987,206
5988,205
5989,205
5990,205
5991,205
5992,205
5993,205
5994,205
5995,205
5996,205
5997,205
5998,205
5999,206
6000,206
6001,205
6002,205
6003,205
6004,205
6005,205
6006,205
6007,205
6008,205
6009,206
6010,206
6011,205
6012,205
6013,205
6014,206
6015,206
6016,206
6017,206
6018,206
6019,206
6020,206
6021,206
6022,206
6023,206
6024,206
6025,206
6026,206
6027,206
6028,206
6029,206
6030,206
6031,206
6032,206
6033,206
6034,206
6035,206
6036,206
6037,206
6038,205
6039,206
6040,206
6041,206
6042,206
6043,206
6044,206
6045,206
6046,206
6047,206
6048,206
6049,206
6050,206
6051,206
6052,207
6053,207
6054,207
6055,207
6056,207
6057,207
6058,207
6059,207
6060,207
6061,207
6062,207
6063,207
6064,207
6065,207
6066,207
6067,206
6068,206
6069,206
6070,206
6071,206
6072,206
6073,206
6074,206
6075,206
6076,206
6077,206
6078,206
6079,206
6080,206
6081,206
6082,206
6083,206
6084,206
6085,206
6086,206
6087,206
6088,206
6089,206
6090,206
6091,206
6092,207
6093,206
6094,206
6095,206
6096,207
6097,207
6098,207
6099,207
6100,207
6101,207
6102,207
6103,207
6104,207
6105,207
6106,207
6107,207
6108,207
6109,206
6110,207
6111,206
6112,206
6113,206
6114,206
6115,206
6116,206
6117,207
6118,207
6119,207
6120,207
6121,207
6122,207
6123,207
6124,207
6125,207
6126,207
6127,207
6128,207
6129,207
6130,207
6131,207
6132,207
6133,207
6134,207
6135,207
6136,208
6137,208
6138,207
6139,208
6140,207
6141,207
6142,207
6143,207
6144,207
6145,207
6146,207
6147,207
6148,207
6149,207
6150,207
6151,208
6152,207
6153,208
6154,207
6155,208
6156,208
6157,208
6158,208
6159,208
6160,208
6161,207
6162,208
6163,207
6164,208
6165,208
6166,208
6167,208
6168,208
6169,208
6170,208
6171,208
6172,208
6173,208
6174,208
6175,208
6176,208
6177,208
6178,208
6179,208
6180,207
6181,208
6182,207
6183,208
6184,207
6185,208
6186,207
6187,208
6188,208
6189,208
6190,208
6191,208
6192,208
6193,207
6194,207
6195,207
6196,207
6197,207
6198,207
6199,208
6200,208
6201,208
6202,207
6203,208
6204,208
6205,208
6206,208
6207,208
6208,208
6209,208
6210,208
6211,208
6212,208
6213,208
6214,208
6215,208
6216,208
6217,208
6218,208
6219,208
6220,208
6221,208
6222,208
6223,208
6224,208
6225,208
6226,209
6227,208
6228,208
6229,209
6230,209
6231,209
6232,209
6233,209
6234,208
6235,208
6236,208
6237,209
6238,208
6239,208
6240,208
6241,208
6242,208
6243,208
6244,208
6245,208
6246,208
6247,208
6248,208
6249,208
6250,208
6251,208
6252,208
6253,208
6254,208
6255,208
6256,208
6257,208
6258,208
6259,208
6260,208
6261,208
6262,208
6263,208
6264,208
6265,208
6266,208
6267,208
6268,208
6269,208
6270,208
6271,208
6272,208
6273,208
6274,208
6275,208
6276,208
6277,208
6278,208
6279,208
6280,208
6281,208
6282,208
6283,208
6284,208
6285,208
6286,208
6287,208
6288,208
6289,208
6290,208
6291,208
6292,208
6293,208
6294,208
6295,207
6296,207
6297,207
6298,207
6299,207
6300,207
6301,207
6302,207
6303,207
6304,207
6305,208
6306,208
6307,208
6308,208
6309,208
6310,208
6311,208
6312,208
6313,208
6314,208
6315,208
6316,208
6317,208
6318,208
6319,208
6320,208
6321,208
6322,208
6323,208
6324,208
6325,208
6326,208
6327,208
6328,208
6329,208
6330,208
6331,208
6332,208
6333,208
6334,208
6335,208
6336,208
6337,208
6338,208
6339,208
6340,208
6341,208
6342,208
6343,208
6344,208
6345,208
6346,208
6347,208
6348,208
6349,208
6350,208
6351,208
6352,208
6353,208
6354,208
6355,208
6356,208
6357,208
6358,208
6359,208
6360,208
6361,208
6362,208
6363,208
6364,208
6365,209
6366,209
6367,209
6368,209
6369,209
6370,209
6371,209
6372,209
6373,209
6374,209
6375,209
6376,209
6377,209
6378,209
6379,209
6380,209
6381,209
6382,209
6383,209
6384,209
6385,209
6386,209
6387,209
6388,209
6389,209
6390,209
6391,209
6392,210
6393,210
6394,210
6395,209
6396,209
6397,209
6398,209
6399,209
6400,210
6401,210
6402,210
6403,210
6404,210
6405,210
6406,210
6407,209
6408,210
6409,210
6410,210
6411,210
6412,210
6413,210
6414,210
6415,210
6416,210
6417,210
6418,210
6419,210
6420,210
6421,210
6422,210
6423,210
6424,210
6425,210
6426,210
6427,210
6428,210
6429,210
6430,210
6431,210
6432,210
6433,210
6434,210
6435,210
6436,210
6437,210
6438,210
6439,210
6440,211
6441,211
6442,211
6443,211
6444,211
6445,211
6446,211
6447,211
6448,211
6449,211
6450,211
6451,211
6452,211
6453,211
6454,211
6455,211
6456,211
6457,211
6458,211
6459,211
6460,210
6461,210
6462,211
6463,211
6464,211
6465,211
6466,211
6467,210
6468,211
6469,211
6470,211
6471,211
6472,211
6473,211
6474,210
6475,210
6476,210
6477,210
6478,210
6479,210
6480,210
6481,210
6482,210
6483,210
6484,210
6485,210
6486,210
6487,210
6488,210
6489,210
6490,210
6491,210
6492,210
6493,210
6494,210
6495,210
6496,210
6497,211
6498,210
6499,211
6500,211
6501,211
6502,211
6503,211
6504,211
6505,211
6506,211
6507,211
6508,211
6509,211
6510,211
6511,211
6512,211
6513,211
6514,211
6515,211
6516,211
6517,211
6518,211
6519,211
6520,211
6521,211
6522,211
6523,211
6524,211
6525,211
6526,211
6527,211
6528,211
6529,211
6530,211
6531,211
6532,211
6533,211
6534,211
6535,211
6536,211
6537,211
6538,211
6539,211
6540,211
6541,211
6542,211
6543,211
6544,211
6545,211
6546,211
6547,211
6548,211
6549,211
6550,211
6551,211
6552,211
6553,211
6554,211
6555,211
6556,211
6557,211
6558,211
6559,211
6560,212
6561,212
6562,212
6563,212
6564,211
6565,211
6566,211
6567,211
6568,211
6569,211
6570,211
6571,211
6572,211
6573,211
6574,211
6575,211
6576,211
6577,211
6578,211
6579,211
6580,211
6581,211
6582,211
6583,211
6584,211
6585,211
6586,211
6587,211
6588,211
6589,211
6590,211
6591,211
6592,211
6593,211
6594,211
6595,211
6596,211
6597,211
6598,211
6599,211
6600,211
6601,211
6602,211
6603,211
6604,211
6605,211
6606,211
6607,211
6608,211
6609,211
6610,211
6611,211
6612,211
6613,211
6614,211
6615,211
6616,211
6617,211
6618,211
6619,211
6620,212
6621,212
6622,212
6623,212
6624,212
6625,212
6626,212
6627,212
6628,212
6629,212
6630,212
6631,212
6632,211
6633,212
6634,212
6635,212
6636,212
6637,212
6638,212
6639,212
6640,212
6641,212
6642,212
6643,212
6644,212
6645,212
6646,212
6647,212
6648,212
6649,212
6650,212
6651,212
6652,212
6653,212
6654,212
6655,212
6656,212
6657,212
6658,212
6659,212
6660,212
6661,212
6662,212
6663,212
6664,212
6665,212
6666,212
6667,212
6668,212
6669,212
6670,212
6671,212
6672,212
6673,212
6674,212
6675,212
6676,213
6677,213
6678,213
6679,213
6680,213
6681,213
6682,213
6683,213
6684,213
6685,213
6686,213
6687,213
6688,213
6689,213
6690,213
6691,213
6692,213
6693,213
6694,213
6695,213
6696,213
6697,213
6698,213
6699,213
6700,213
6701,213
6702,213
6703,213
6704,213
6705,213
6706,213
6707,213
6708,213
6709,213
6710,213
6711,213
6712,213
6713,213
6714,213
6715,213
6716,213
6717,213
6718,213
6719,213
6720,212
6721,213
6722,213
6723,213
6724,213
6725,213
6726,213
6727,213
6728,213
6729,213
6730,213
6731,213
6732,213
6733,213
6734,213
6735,213
6736,213
6737,213
6738,213
6739,213
6740,214
6741,214
6742,214
6743,214
6744,214
6745,214
6746,214
6747,214
6748,214
6749,214
6750,214
6751,214
6752,214
6753,214
6754,214
6755,214
6756,214
6757,214
6758,214
6759,214
6760,214
6761,215
6762,215
6763,215
6764,215
6765,215
6766,215
6767,215
6768,215
6769,215
6770,215
6771,215
6772,215
6773,215
6774,215
6775,215
6776,215
6777,215
6778,215
6779,215
6780,215
6781,215
6782,215
6783,215
6784,215
6785,215
6786,215
6787,215
6788,215
6789,215
6790,215
6791,215
6792,215
6793,215
6794,216
6795,216
6796,216
6797,216
6798,216
6799,216
6800,216
6801,216
6802,216
6803,216
6804,216
6805,216
6806,216
6807,216
6808,216
6809,216
6810,216
6811,216
6812,216
6813,216
6814,216
6815,216
6816,216
6817,216
6818,216
6819,216
6820,216
6821,216
6822,216
6823,216
6824,216
6825,216
6826,216
6827,216
6828,216
6829,216
6830,216
6831,216
6832,216
6833,216
6834,216
6835,216
6836,216
6837,216
6838,216
6839,216
6840,216
6841,216
6842,216
6843,216
6844,216
6845,217
6846,216
6847,216
6848,216
6849,216
6850,216
6851,217
6852,216
6853,217
6854,216
6855,216
6856,216
6857,216
6858,216
6859,216
6860,216
6861,216
6862,216
6863,216
6864,216
6865,216
6866,216
6867,216
6868,216
6869,216
6870,217
6871,217
6872,217
6873,217
6874,217
6875,217
6876,217
6877,217
6878,217
6879,217
6880,217
6881,218
6882,217
6883,217
6884,217
6885,218
6886,217
6887,217
6888,217
6889,217
6890,217
6891,217
6892,217
6893,217
6894,217
6895,217
6896,217
6897,217
6898,217
6899,217
6900,217
6901,217
6902,217
6903,217
6904,217
6905,217
6906,217
6907,217
6908,217
6909,217
6910,217
6911,218
6912,218
6913,218
6914,218
6915,218
6916,218
6917,218
6918,218
6919,218
6920,218
6921,218
6922,218
6923,218
6924,218
6925,218
6926,218
6927,218
6928,218
6929,218
6930,218
6931,218
6932,218
6933,218
6934,218
6935,218
6936,218
6937,218
6938,218
6939,218
6940,218
6941,218
6942,218
6943,218
6944,219
6945,218
6946,218
6947,218
6948,218
6949,219
6950,219
6951,219
6952,219
6953,219
6954,219
6955,219
6956,219
6957,219
6958,219
6959,219
6960,219
6961,219
6962,219
6963,219
6964,219
6965,219
6966,219
6967,219
6968,219
6969,219
6970,219
6971,219
6972,219
6973,219
6974,219
6975,219
6976,219
6977,219
6978,219
6979,219
6980,219
6981,219
6982,219
6983,219
6984,219
6985,220
6986,220
6987,220
6988,220
6989,220
6990,220
6991,220
6992,220
6993,220
6994,220
6995,220
6996,220
6997,220
6998,220
6999,219
7000,220
7001,220
7002,220
7003,220
7004,220
7005,220
7006,219
7007,219
7008,220
7009,220
7010,220
7011,220
7012,219
7013,219
7014,219
7015,219
7016,219
7017,219
7018,219
7019,219
7020,219
7021,219
7022,219
7023,219
7024,219
7025,219
7026,219
7027,219
7028,219
7029,219
7030,220
7031,219
7032,220
7033,219
7034,219
7035,219
7036,219
7037,220
7038,220
7039,220
7040,220
7041,220
7042,220
7043,220
7044,220
7045,220
7046,220
7047,219
7048,219
7049,219
7050,219
7051,219
7052,219
7053,219
7054,219
7055,220
7056,220
7057,220
7058,220
7059,220
7060,220
7061,220
7062,220
7063,219
7064,219
7065,219
7066,219
7067,219
7068,220
7069,220
7070,220
7071,220
7072,220
7073,220
7074,220
7075,220
7076,220
7077,220
7078,220
7079,220
7080,220
7081,220
7082,220
7083,220
7084,220
7085,220
7086,220
7087,220
7088,220
7089,220
7090,220
7091,221
7092,221
7093,221
7094,221
7095,221
7096,221
7097,221
7098,221
7099,221
7100,221
7101,221
7102,221
7103,221
7104,221
7105,221
7106,221
7107,221
7108,221
7109,221
7110,221
7111,221
7112,221
7113,221
7114,221
7115,221
7116,221
7117,221
7118,221
7119,221
7120,221
7121,221
7122,221
7123,221
7124,221
7125,221
7126,221
7127,221
7128,221
7129,221
7130,221
7131,221
7132,221
7133,221
7134,221
7135,221
7136,221
7137,222
7138,222
7139,222
7140,222
7141,222
7142,222
7143,222
7144,222
7145,222
7146,221
7147,222
7148,222
7149,222
7150,222
7151,222
7152,222
7153,222
7154,222
7155,222
7156,222
7157,222
7158,222
7159,222
7160,222
7161,222
7162,222
7163,222
7164,222
7165,222
7166,222
7167,222
7168,223
7169,222
7170,223
7171,222
7172,222
7173,222
7174,222
7175,223
7176,223
7177,222
7178,223
7179,223
7180,223
7181,223
7182,223
7183,223
7184,223
7185,223
7186,223
7187,223
7188,223
7189,223
7190,223
7191,223
7192,223
7193,223
7194,223
7195,222
7196,223
7197,222
7198,222
7199,222
7200,222
7201,222
7202,222
7203,222
7204,222
7205,222
7206,222
7207,222
7208,222
7209,222
7210,222
7211,222
7212,222
7213,222
7214,221
7215,221
7216,221
7217,221
7218,221
7219,221
7220,221
7221,221
7222,221
7223,221
7224,221
7225,221
7226,221
7227,221
7228,221
7229,221
7230,221
7231,221
7232,221
7233,221
7234,221
7235,221
7236,221
7237,221
7238,222
7239,221
7240,221
7241,221
7242,221
7243,221
7244,221
7245,221
7246,221
7247,221
7248,221
7249,221
7250,221
7251,221
7252,221
7253,221
7254,221
7255,221
7256,221
7257,221
7258,222
7259,222
7260,222
7261,221
7262,222
7263,221
7264,221
7265,221
7266,221
7267,221
7268,221
7269,221
7270,221
7271,221
7272,221
7273,221
7274,221
7275,221
7276,221
7277,221
7278,221
7279,221
7280,221
7281,221
7282,222
7283,221
7284,222
7285,222
7286,222
7287,222
7288,222
7289,222
7290,222
7291,222
7292,222
7293,222
7294,222
7295,222
7296,222
7297,222
7298,222
7299,222
7300,222
7301,222
7302,222
7303,222
7304,222
7305,222
7306,222
7307,222
7308,222
7309,222
7310,222
7311,222
7312,223
7313,223
7314,223
7315,223
7316,223
7317,223
7318,223
7319,223
7320,223
7321,223
7322,223
7323,223
7324,223
7325,223
7326,224
7327,224
7328,224
7329,224
7330,224
7331,224
7332,224
7333,224
7334,224
7335,224
7336,224
7337,224
7338,224
7339,224
7340,224
7341,224
7342,224
7343,224
7344,224
7345,224
7346,224
7347,224
7348,224
7349,224
7350,224
7351,224
7352,224
7353,224
7354,224
7355,224
7356,225
7357,225
7358,225
7359,225
7360,225
7361,225
7362,225
7363,225
7364,225
7365,225
7366,225
7367,225
7368,225
7369,225
7370,225
7371,225
7372,225
7373,225
7374,225
7375,225
7376,225
7377,225
7378,225
7379,225
7380,225
7381,225
7382,225
7383,225
7384,225
7385,225
7386,225
7387,225
7388,225
7389,225
7390,225
7391,225
7392,225
7393,225
7394,225
7395,225
7396,225
7397,225
7398,225
7399,225
7400,225
7401,225
7402,225
7403,225
7404,225
7405,225
7406,225
7407,225
7408,226
7409,226
7410,226
7411,226
7412,226
7413,226
7414,226
7415,226
7416,226
7417,226
7418,225
7419,226
7420,226
7421,226
7422,226
7423,226
7424,226
7425,226
7426,225
7427,225
7428,225
7429,225
7430,225
7431,225
7432,225
7433,225
7434,225
7435,225
7436,226
7437,226
7438,226
7439,226
7440,226
7441,226
7442,226
7443,226
7444,225
7445,225
7446,226
7447,225
7448,226
7449,226
7450,225
7451,226
7452,225
7453,225
7454,225
7455,225
7456,225
7457,225
7458,225
7459,225
7460,225
7461,225
7462,225
7463,225
7464,225
7465,225
7466,225
7467,225
7468,225
7469,225
7470,225
7471,225
7472,225
7473,225
7474,225
7475,225
7476,225
7477,225
7478,226
7479,226
7480,226
7481,226
7482,226
7483,226
7484,226
7485,226
7486,226
7487,226
7488,226
7489,226
7490,226
7491,226
7492,226
7493,226
7494,226
7495,226
7496,226
7497,226
7498,225
7499,225
7500,225
7501,225
7502,225
7503,225
7504,225
7505,225
7506,225
7507,225
7508,225
7509,225
7510,225
7511,225
7512,225
7513,225
7514,225
7515,225
7516,225
7517,225
7518,225
7519,225
7520,225
7521,226
7522,226
7523,225
7524,225
7525,225
7526,226
7527,226
7528,225
7529,225
7530,225
7531,225
7532,225
7533,225
7534,225
7535,225
7536,226
7537,226
7538,226
7539,226
7540,226
7541,226
7542,226
7543,226
7544,225
7545,226
7546,226
7547,226
7548,226
7549,226
7550,226
7551,226
7552,226
7553,226
7554,226
7555,225
7556,225
7557,225
7558,226
7559,226
7560,226
7561,226
7562,226
7563,226
7564,226
7565,225
7566,225
7567,225
7568,226
7569,226
7570,226
7571,226
7572,226
7573,226
7574,226
7575,226
7576,226
7577,226
7578,226
7579,226
7580,226
7581,226
7582,226
7583,226
7584,226
7585,226
7586,226
7587,226
7588,226
7589,226
7590,226
7591,226
7592,226
7593,226
7594,226
7595,226
7596,226
7597,226
7598,226
7599,226
7600,226
7601,226
7602,226
7603,226
7604,226
7605,226
7606,226
7607,226
7608,226
7609,226
7610,226
7611,226
7612,226
7613,226
7614,226
7615,226
7616,226
7617,226
7618,226
7619,226
7620,226
7621,226
7622,226
7623,226
7624,226
7625,226
7626,226
7627,226
7628,226
7629,226
7630,226
7631,226
7632,226
7633,226
7634,226
7635,226
7636,226
7637,226
7638,226
7639,226
7640,226
7641,226
7642,226
7643,226
7644,226
7645,226
7646,226
7647,226
7648,226
7649,226
7650,226
7651,226
7652,226
7653,227
7654,226
7655,227
7656,227
7657,227
7658,227
7659,227
7660,227
7661,227
7662,227
7663,227
7664,227
7665,227
7666,227
7667,227
7668,227
7669,227
7670,227
7671,227
7672,227
7673,227
7674,227
7675,227
7676,227
7677,227
7678,227
7679,227
7680,227
7681,227
7682,227
7683,227
7684,227
7685,227
7686,227
7687,227
7688,227
7689,227
7690,227
7691,227
7692,227
7693,227
7694,227
7695,227
7696,227
7697,227
7698,227
7699,227
7700,227
7701,227
7702,227
7703,227
7704,227
7705,227
7706,227
7707,227
7708,227
7709,227
7710,227
7711,227
7712,227
7713,227
7714,227
7715,227
7716,227
7717,227
7718,227
7719,227
7720,227
7721,227
7722,227
7723,227
7724,227
7725,228
7726,228
7727,228
7728,227
7729,227
7730,227
7731,227
7732,227
7733,227
7734,227
7735,227
7736,227
7737,228
7738,228
7739,228
7740,228
7741,228
7742,228
7743,228
7744,228
7745,228
7746,228
7747,228
7748,228
7749,228
7750,228
7751,228
7752,228
7753,228
7754,228
7755,228
7756,228
7757,228
7758,228
7759,228
7760,228
7761,228
7762,228
7763,228
7764,228
7765,228
7766,228
7767,228
7768,228
7769,228
7770,228
7771,228
7772,228
7773,229
7774,228
7775,229
7776,229
7777,229
7778,228
7779,228
7780,229
7781,229
7782,229
7783,229
7784,229
7785,229
7786,229
7787,229
7788,229
7789,229
7790,229
7791,229
7792,229
7793,229
7794,229
7795,229
7796,229
7797,229
7798,229
7799,229
7800,229
7801,228
7802,229
7803,229
7804,229
7805,229
7806,229
7807,229
7808,229
7809,229
7810,229
7811,229
7812,229
7813,229
7814,229
7815,229
7816,229
7817,229
7818,230
7819,229
7820,229
7821,229
7822,229
7823,230
7824,230
7825,230
7826,229
7827,229
7828,229
7829,229
7830,229
7831,229
7832,229
7833,229
7834,230
7835,230
7836,229
7837,229
7838,229
7839,230
7840,230
7841,229
7842,230
7843,230
7844,230
7845,230
7846,230
7847,230
7848,230
7849,230
7850,230
7851,230
7852,230
7853,230
7854,230
7855,230
7856,230
7857,230
7858,230
7859,230
7860,230
7861,230
7862,231
7863,231
7864,231
7865,231
7866,231
7867,231
7868,231
7869,231
7870,231
7871,231
7872,231
7873,231
7874,231
7875,231
7876,231
7877,231
7878,231
7879,231
7880,231
7881,231
7882,232
7883,231
7884,231
7885,232
7886,232
7887,232
7888,232
7889,232
7890,232
7891,232
7892,232
7893,232
7894,232
7895,232
7896,232
7897,231
7898,231
7899,232
7900,232
7901,232
7902,232
7903,232
7904,232
7905,232
7906,232
7907,232
7908,232
7909,232
7910,232
7911,232
7912,232
7913,232
7914,232
7915,232
7916,232
7917,232
7918,232
7919,232
7920,232
7921,232
7922,232
7923,232
7924,232
7925,232
7926,232
7927,232
7928,232
7929,232
7930,232
7931,232
7932,231
7933,231
7934,232
7935,232
7936,232
7937,232
7938,232
7939,232
7940,232
7941,232
7942,232
7943,232
7944,232
7945,232
7946,232
7947,232
7948,232
7949,232
7950,232
7951,232
7952,232
7953,233
7954,233
7955,233
7956,233
7957,233
7958,233
7959,233
7960,233
7961,233
7962,233
7963,233
7964,233
7965,233
7966,233
7967,233
7968,233
7969,233
7970,233
7971,233
7972,233
7973,233
7974,233
7975,233
7976,233
7977,233
7978,233
7979,233
7980,233
7981,233
7982,233
7983,233
7984,233
7985,233
7986,233
7987,233
7988,233
7989,233
7990,233
7991,233
7992,233
7993,233
7994,233
7995,233
7996,233
7997,233
7998,233
7999,233
8000,233
8001,232
8002,232
8003,232
8004,232
8005,232
8006,232
8007,232
8008,233
8009,233
8010,233
8011,233
8012,233
8013,233
8014,233
8015,233
8016,233
8017,233
8018,233
8019,233
8020,233
8021,233
8022,233
8023,233
8024,233
8025,233
8026,233
8027,233
8028,233
8029,233
8030,233
8031,233
8032,233
8033,233
8034,233
8035,233
8036,233
8037,233
8038,233
8039,233
8040,233
8041,233
8042,233
8043,233
8044,233
8045,233
8046,233
8047,233
8048,233
8049,233
8050,233
8051,233
8052,233
8053,233
8054,233
8055,233
8056,233
8057,233
8058,233
8059,233
8060,233
8061,233
8062,233
8063,233
8064,233
8065,233
8066,233
8067,233
8068,233
8069,233
8070,233
8071,233
8072,233
8073,234
8074,234
8075,234
8076,234
8077,234
8078,234
8079,234
8080,234
8081,234
8082,233
8083,234
8084,234
8085,234
8086,233
8087,233
8088,233
8089,233
8090,233
8091,233
8092,233
8093,233
8094,233
8095,234
8096,234
8097,234
8098,234
8099,234
8100,234
8101,234
8102,234
8103,234
8104,235
8105,234
8106,234
8107,234
8108,234
8109,234
8110,234
8111,235
8112,235
8113,235
8114,234
8115,235
8116,234
8117,235
8118,235
8119,235
8120,235
8121,235
8122,235
8123,235
8124,235
8125,235
8126,235
8127,235
8128,235
8129,235
8130,235
8131,235
8132,235
8133,235
8134,235
8135,235
8136,235
8137,235
8138,235
8139,235
8140,235
8141,235
8142,235
8143,235
8144,235
8145,235
8146,235
8147,235
8148,235
8149,235
8150,235
8151,235
8152,235
8153,235
8154,235
8155,235
8156,235
8157,235
8158,235
8159,235
8160,235
8161,235
8162,235
8163,235
8164,235
8165,235
8166,235
8167,235
8168,235
8169,235
8170,235
8171,236
8172,236
8173,236
8174,236
8175,236
8176,236
8177,236
8178,236
8179,236
8180,236
8181,236
8182,236
8183,236
8184,236
8185,236
8186,236
8187,236
8188,236
8189,236
8190,236
8191,236
8192,236
8193,236
8194,236
8195,236
8196,236
8197,236
8198,236
8199,235
8200,235
8201,235
8202,235
8203,235
8204,235
8205,236
8206,236
8207,236
8208,236
8209,236
8210,236
8211,236
8212,236
8213,236
8214,236
8215,236
8216,236
8217,236
8218,236
8219,236
8220,236
8221,236
8222,236
8223,236
8224,236
8225,236
8226,236
8227,236
8228,236
8229,236
8230,236
8231,236
8232,236
8233,236
8234,236
8235,236
8236,236
8237,236
8238,236
8239,236
8240,236
8241,236
8242,236
8243,236
8244,236
8245,236
8246,237
8247,236
8248,236
8249,236
8250,236
8251,236
8252,236
8253,236
8254,236
8255,236
8256,236
8257,236
8258,236
8259,236
8260,236
8261,236
8262,236
8263,236
8264,236
8265,236
8266,236
8267,236
8268,236
8269,236
8270,236
8271,236
8272,236
8273,236
8274,236
8275,236
8276,236
8277,236
8278,236
8279,236
8280,236
8281,236
8282,236
8283,236
8284,236
8285,236
8286,236
8287,236
8288,236
8289,236
8290,236
8291,236
8292,236
8293,236
8294,236
8295,236
8296,236
8297,236
8298,236
8299,236
8300,236
8301,236
8302,235
8303,236
8304,235
8305,235
8306,236
8307,236
8308,236
8309,236
8310,236
8311,236
8312,236
8313,236
8314,236
8315,236
8316,236
8317,237
8318,236
8319,237
8320,237
8321,237
8322,236
8323,237
8324,237
8325,237
8326,237
8327,237
8328,236
8329,236
8330,237
8331,237
8332,237
8333,237
8334,237
8335,236
8336,236
8337,237
8338,237
8339,236
8340,237
8341,237
8342,237
8343,236
8344,236
8345,236
8346,236
8347,236
8348,236
8349,236
8350,236
8351,236
8352,236
8353,236
8354,236
8355,236
8356,236
8357,236
8358,236
8359,236
8360,236
8361,236
8362,236
8363,236
8364,236
8365,236
8366,236
8367,236
8368,236
8369,236
8370,236
8371,236
8372,236
8373,236
8374,236
8375,236
8376,236
8377,236
8378,236
8379,236
8380,236
8381,236
8382,236
8383,236
8384,236
8385,236
8386,236
8387,236
8388,236
8389,236
8390,236
8391,236
8392,236
8393,236
8394,236
8395,236
8396,236
8397,236
8398,236
8399,236
8400,236
8401,236
8402,236
8403,236
8404,236
8405,236
8406,236
8407,236
8408,236
8409,236
8410,236
8411,236
8412,236
8413,237
8414,237
8415,237
8416,236
8417,236
8418,236
8419,236
8420,236
8421,236
8422,236
8423,236
8424,236
8425,237
8426,237
8427,237
8428,237
8429,237
8430,237
8431,237
8432,237
8433,237
8434,237
8435,237
8436,237
8437,237
8438,237
8439,237
8440,237
8441,237
8442,237
8443,237
8444,237
8445,237
8446,237
8447,237
8448,237
8449,237
8450,237
8451,237
8452,237
8453,237
8454,237
8455,237
8456,238
8457,238
8458,238
8459,238
8460,238
8461,238
8462,238
8463,238
8464,238
8465,238
8466,238
8467,238
8468,238
8469,238
8470,238
8471,238
8472,238
8473,238
8474,238
8475,238
8476,238
8477,238
8478,238
8479,238
8480,238
8481,238
8482,237
8483,237
8484,237
8485,237
8486,238
8487,237
8488,238
8489,237
8490,237
8491,238
8492,238
8493,238
8494,238
8495,238
8496,238
8497,237
8498,237
8499,237
8500,237
8501,237
8502,237
8503,237
8504,237
8505,237
8506,238
8507,237
8508,238
8509,238
8510,238
8511,238
8512,238
8513,238
8514,237
8515,238
8516,238
8517,238
8518,238
8519,238
8520,238
8521,238
8522,238
8523,238
8524,238
8525,238
8526,238
8527,238
8528,238
8529,238
8530,238
8531,238
8532,238
8533,238
8534,238
8535,238
8536,238
8537,238
8538,238
8539,238
8540,238
8541,238
8542,238
8543,238
8544,238
8545,238
8546,238
8547,238
8548,238
8549,238
8550,238
8551,238
8552,238
8553,238
8554,238
8555,238
8556,238
8557,238
8558,238
8559,238
8560,238
8561,238
8562,238
8563,238
8564,238
8565,238
8566,238
8567,238
8568,238
8569,238
8570,238
8571,238
8572,238
8573,238
8574,238
8575,238
8576,238
8577,239
8578,239
8579,238
8580,239
8581,239
8582,239
8583,239
8584,239
8585,240
8586,240
8587,240
8588,240
8589,240
8590,240
8591,240
8592,240
8593,240
8594,240
8595,240
8596,240
8597,240
8598,240
8599,240
8600,240
8601,240
8602,240
8603,240
8604,240
8605,240
8606,240
8607,240
8608,240
8609,239
8610,239
8611,239
8612,239
8613,239
8614,239
8615,240
8616,240
8617,240
8618,240
8619,240
8620,240
8621,240
8622,240
8623,240
8624,240
8625,240
8626,240
8627,240
8628,240
8629,240
8630,240
8631,240
8632,240
8633,240
8634,240
8635,240
8636,240
8637,240
8638,240
8639,240
8640,240
8641,240
8642,241
8643,241
8644,241
8645,241
8646,241
8647,241
8648,241
8649,241
8650,241
8651,241
8652,241
8653,241
8654,241
8655,241
8656,241
8657,241
8658,242
8659,242
8660,241
8661,242
8662,242
8663,242
8664,242
8665,242
8666,242
8667,241
8668,241
8669,241
8670,241
8671,241
8672,242
8673,242
8674,242
8675,242
8676,242
8677,242
8678,242
8679,242
8680,242
8681,242
8682,242
8683,242
8684,242
8685,241
8686,242
8687,242
8688,242
8689,242
8690,242
8691,242
8692,242
8693,242
8694,242
8695,242
8696,242
8697,242
8698,242
8699,242
8700,242
8701,242
8702,242
8703,242
8704,242
8705,242
8706,242
8707,242
8708,242
8709,242
8710,242
8711,242
8712,242
8713,242
8714,242
8715,242
8716,242
8717,242
8718,242
8719,242
8720,242
8721,242
8722,242
8723,242
8724,242
8725,242
8726,242
8727,242
8728,242
8729,242
8730,242
8731,242
8732,242
8733,242
8734,242
8735,242
8736,242
8737,242
8738,242
8739,242
8740,242
8741,242
8742,242
8743,242
8744,242
8745,242
8746,242
8747,242
8748,242
8749,242
8750,242
8751,242
8752,242
8753,242
8754,242
8755,242
8756,243
8757,243
8758,243
8759,243
8760,243
8761,243
8762,243
8763,243
8764,243
8765,243
8766,243
8767,243
8768,243
8769,243
8770,243
8771,243
8772,243
8773,242
8774,242
8775,242
8776,242
8777,242
8778,242
8779,242
8780,242
8781,242
8782,242
8783,242
8784,242
8785,242
8786,242
8787,242
8788,242
8789,242
8790,242
8791,242
8792,242
8793,242
8794,242
8795,242
8796,242
8797,242
8798,242
8799,242
8800,242
8801,242
8802,242
8803,242
8804,242
8805,242
8806,242
8807,242
8808,242
8809,242
8810,242
8811,242
8812,242
8813,242
8814,242
8815,242
8816,242
8817,242
8818,242
8819,242
8820,242
8821,242
8822,242
8823,242
8824,242
8825,242
8826,242
8827,242
8828,242
8829,242
8830,242
8831,242
8832,242
8833,242
8834,242
8835,242
8836,242
8837,242
8838,242
8839,242
8840,242
8841,242
8842,242
8843,242
8844,242
8845,242
8846,242
8847,242
8848,242
8849,242
8850,242
8851,242
8852,242
8853,242
8854,242
8855,242
8856,242
8857,242
8858,242
8859,242
8860,242
8861,242
8862,242
8863,242
8864,242
8865,242
8866,242
8867,242
8868,242
8869,242
8870,242
8871,242
8872,242
8873,242
8874,242
8875,242
8876,242
8877,242
8878,242
8879,242
8880,243
8881,243
8882,243
8883,243
8884,243
8885,243
8886,243
8887,243
8888,243
8889,243
8890,243
8891,243
8892,243
8893,243
8894,243
8895,243
8896,243
8897,243
8898,243
8899,243
8900,243
8901,243
8902,243
8903,243
8904,243
8905,243
8906,243
8907,242
8908,242
8909,243
8910,243
8911,243
8912,243
8913,243
8914,243
8915,243
8916,243
8917,242
8918,243
8919,243
8920,243
8921,243
8922,243
8923,243
8924,243
8925,243
8926,243
8927,243
8928,243
8929,243
8930,243
8931,243
8932,242
8933,242
8934,243
8935,243
8936,243
8937,243
8938,243
8939,242
8940,243
8941,243
8942,243
8943,243
8944,243
8945,243
8946,243
8947,243
8948,243
8949,243
8950,243
8951,243
8952,242
8953,243
8954,243
8955,243
8956,242
8957,242
8958,243
8959,243
8960,243
8961,243
8962,243
8963,243
8964,243
8965,243
8966,243
8967,243
8968,243
8969,243
8970,243
8971,243
8972,243
8973,243
8974,243
8975,243
8976,243
8977,243
8978,243
8979,243
8980,243
8981,243
8982,243
8983,243
8984,243
8985,243
8986,243
8987,243
8988,243
8989,244
8990,243
8991,243
8992,244
8993,244
8994,244
8995,244
8996,244
8997,244
8998,244
8999,244
9000,244
9001,244
9002,243
9003,243
9004,244
9005,244
9006,244
9007,244
9008,243
9009,243
9010,243
9011,243
9012,243
9013,243
9014,243
9015,243
9016,243
9017,244
9018,244
9019,244
9020,244
9021,244
9022,244
9023,244
9024,244
9025,244
9026,244
9027,244
9028,244
9029,244
9030,244
9031,244
9032,244
9033,244
9034,244
9035,244
9036,244
9037,244
9038,244
9039,244
9040,244
9041,244
9042,244
9043,244
9044,244
9045,244
9046,244
9047,244
9048,244
9049,244
9050,244
9051,244
9052,245
9053,245
9054,245
9055,245
9056,245
9057,245
9058,245
9059,245
9060,245
9061,245
9062,245
9063,245
9064,245
9065,245
9066,245
9067,245
9068,245
9069,245
9070,245
9071,245
9072,245
9073,245
9074,245
9075,245
9076,245
9077,245
9078,245
9079,245
9080,244
9081,244
9082,244
9083,244
9084,245
9085,244
9086,244
9087,244
9088,244
9089,244
9090,245
9091,244
9092,245
9093,244
9094,244
9095,244
9096,244
9097,244
9098,244
9099,244
9100,244
9101,244
9102,244
9103,244
9104,244
9105,244
9106,244
9107,244
9108,244
9109,244
9110,245
9111,245
9112,245
9113,245
9114,245
9115,245
9116,245
9117,245
9118,245
9119,245
9120,245
9121,245
9122,245
9123,245
9124,245
9125,245
9126,245
9127,245
9128,245
9129,245
9130,244
9131,245
9132,245
9133,244
9134,245
9135,245
9136,244
9137,245
9138,245
9139,245
9140,245
9141,245
9142,245
9143,245
9144,244
9145,245
9146,244
9147,244
9148,244
9149,244
9150,244
9151,244
9152,244
9153,244
9154,244
9155,244
9156,244
9157,244
9158,244
9159,244
9160,244
9161,244
9162,244
9163,244
9164,244
9165,244
9166,244
9167,244
9168,244
9169,244
9170,244
9171,244
9172,244
9173,244
9174,244
9175,244
9176,244
9177,244
9178,244
9179,244
9180,244
9181,244
9182,244
9183,244
9184,244
9185,244
9186,244
9187,245
9188,245
9189,245
9190,245
9191,245
9192,245
9193,245
9194,245
9195,245
9196,245
9197,245
9198,245
9199,245
9200,245
9201,245
9202,245
9203,245
9204,245
9205,245
9206,245
9207,245
9208,245
9209,245
9210,245
9211,245
9212,245
9213,245
9214,245
9215,245
9216,245
9217,245
9218,245
9219,245
9220,245
9221,245
9222,245
9223,245
9224,245
9225,245
9226,245
9227,245
9228,245
9229,245
9230,245
9231,245
9232,245
9233,245
9234,245
9235,245
9236,245
9237,245
9238,245
9239,245
9240,245
9241,245
9242,245
9243,245
9244,245
9245,245
9246,245
9247,245
9248,245
9249,245
9250,245
9251,245
9252,245
9253,245
9254,245
9255,245
9256,245
9257,245
9258,245
9259,245
9260,245
9261,245
9262,245
9263,245
9264,245
9265,245
9266,245
9267,245
9268,245
9269,245
9270,245
9271,245
9272,245
9273,245
9274,245
9275,245
9276,245
9277,245
9278,245
9279,245
9280,245
9281,245
9282,245
9283,245
9284,245
9285,245
9286,245
9287,245
9288,245
9289,245
9290,245
9291,245
9292,245
9293,245
9294,245
9295,245
9296,245
9297,245
9298,245
9299,245
9300,245
9301,245
9302,245
9303,245
9304,245
9305,245
9306,245
9307,245
9308,246
9309,246
9310,246
9311,246
9312,246
9313,246
9314,246
9315,246
9316,246
9317,246
9318,246
9319,246
9320,246
9321,246
9322,246
9323,246
9324,246
9325,246
9326,246
9327,246
9328,246
9329,246
9330,246
9331,246
9332,246
9333,246
9334,246
9335,246
9336,246
9337,246
9338,246
9339,246
9340,246
9341,246
9342,246
9343,246
9344,246
9345,246
9346,246
9347,246
9348,246
9349,246
9350,246
9351,246
9352,246
9353,246
9354,246
9355,246
9356,246
9357,246
9358,246
9359,246
9360,246
9361,246
9362,246
9363,246
9364,246
9365,246
9366,246
9367,246
9368,246
9369,246
9370,246
9371,246
9372,246
9373,246
9374,246
9375,246
9376,246
9377,246
9378,246
9379,246
9380,246
9381,246
9382,246
9383,246
9384,246
9385,246
9386,246
9387,246
9388,246
9389,246
9390,246
9391,246
9392,246
9393,246
9394,246
9395,246
9396,246
9397,246
9398,246
9399,246
9400,246
9401,247
9402,247
9403,247
9404,247
9405,247
9406,247
9407,247
9408,246
9409,246
9410,246
9411,246
9412,247
9413,247
9414,246
9415,247
9416,247
9417,247
9418,247
9419,247
9420,247
9421,247
9422,247
9423,247
9424,247
9425,247
9426,246
9427,246
9428,246
9429,246
9430,247
9431,247
9432,247
9433,247
9434,246
9435,247
9436,246
9437,247
9438,247
9439,247
9440,247
9441,247
9442,247
9443,247
9444,247
9445,247
9446,247
9447,247
9448,247
9449,247
9450,247
9451,247
9452,247
9453,247
9454,247
9455,247
9456,247
9457,247
9458,247
9459,247
9460,247
9461,247
9462,247
9463,247
9464,247
9465,247
9466,247
9467,247
9468,247
9469,247
9470,247
9471,247
9472,247
9473,247
9474,247
9475,248
9476,247
9477,248
9478,247
9479,247
9480,247
9481,247
9482,247
9483,247
9484,247
9485,247
9486,247
9487,247
9488,247
9489,247
9490,247
9491,247
9492,247
9493,247
9494,247
9495,247
9496,247
9497,247
9498,247
9499,247
9500,247
9501,247
9502,247
9503,247
9504,247
9505,247
9506,247
9507,247
9508,247
9509,247
9510,247
9511,247
9512,247
9513,247
9514,247
9515,247
9516,247
9517,247
9518,247
9519,247
9520,247
9521,247
9522,247
9523,247
9524,247
9525,247
9526,247
9527,247
9528,247
9529,247
9530,247
9531,247
9532,247
9533,247
9534,247
9535,247
9536,247
9537,247
9538,247
9539,247
9540,247
9541,247
9542,247
9543,247
9544,248
9545,248
9546,247
9547,248
9548,248
9549,248
9550,248
9551,248
9552,248
9553,248
9554,248
9555,248
9556,248
9557,248
9558,248
9559,248
9560,248
9561,248
9562,248
9563,247
9564,248
9565,247
9566,247
9567,248
9568,248
9569,248
9570,248
9571,248
9572,248
9573,248
9574,248
9575,248
9576,248
9577,248
9578,248
9579,248
9580,248
9581,248
9582,248
9583,248
9584,248
9585,248
9586,248
9587,248
9588,248
9589,248
9590,248
9591,248
9592,248
9593,248
9594,248
9595,248
9596,248
9597,248
9598,247
9599,247
9600,247
9601,247
9602,247
9603,247
9604,247
9605,247
9606,247
9607,248
9608,248
9609,247
9610,247
9611,248
9612,248
9613,248
9614,248
9615,248
9616,248
9617,248
9618,248
9619,248
9620,248
9621,247
9622,248
9623,248
9624,248
9625,248
9626,248
9627,247
9628,247
9629,247
9630,247
9631,247
9632,247
9633,247
9634,247
9635,247
9636,247
9637,247
9638,247
9639,247
9640,247
9641,247
9642,247
9643,247
9644,247
9645,247
9646,247
9647,247
9648,247
9649,247
9650,247
9651,247
9652,247
9653,247
9654,247
9655,247
9656,247
9657,247
9658,247
9659,247
9660,247
9661,248
9662,247
9663,247
9664,247
9665,247
9666,247
9667,247
9668,247
9669,247
9670,247
9671,247
9672,247
9673,247
9674,247
9675,247
9676,247
9677,247
9678,247
9679,247
9680,247
9681,247
9682,248
9683,247
9684,248
9685,248
9686,248
9687,248
9688,248
9689,248
9690,248
9691,248
9692,248
9693,248
9694,248
9695,248
9696,248
9697,248
9698,248
9699,248
9700,248
9701,248
9702,248
9703,248
9704,248
9705,248
9706,248
9707,248
9708,248
9709,248
9710,248
9711,248
9712,248
9713,248
9714,248
9715,248
9716,248
9717,248
9718,248
9719,248
9720,248
9721,248
9722,248
9723,248
9724,248
9725,248
9726,248
9727,248
9728,248
9729,248
9730,248
9731,248
9732,248
9733,248
9734,248
9735,248
9736,248
9737,248
9738,248
9739,248
9740,247
9741,247
9742,247
9743,247
9744,247
9745,247
9746,247
9747,247
9748,247
9749,247
9750,247
9751,247
9752,247
9753,247
9754,247
9755,247
9756,247
9757,247
9758,247
9759,247
9760,247
9761,247
9762,247
9763,247
9764,247
9765,247
9766,247
9767,248
9768,248
9769,248
9770,248
9771,248
9772,248
9773,248
9774,248
9775,248
9776,248
9777,248
9778,248
9779,248
9780,248
9781,248
9782,248
9783,248
9784,248
9785,248
9786,248
9787,248
9788,248
9789,248
9790,248
9791,249
9792,249
9793,249
9794,249
9795,249
9796,249
9797,249
9798,249
9799,249
9800,249
9801,249
9802,249
9803,249
9804,249
9805,249
9806,249
9807,249
9808,249
9809,249
9810,249
9811,249
9812,249
9813,249
9814,249
9815,249
9816,249
9817,249
9818,249
9819,249
9820,249
9821,249
9822,249
9823,249
9824,249
9825,249
9826,249
9827,249
9828,249
9829,249
9830,249
9831,249
9832,249
9833,249
9834,249
9835,249
9836,249
9837,249
9838,249
9839,249
9840,250
9841,249
9842,249
9843,249
9844,250
9845,249
9846,249
9847,249
9848,249
9849,250
9850,250
9851,250
9852,250
9853,250
9854,250
9855,250
9856,250
9857,250
9858,250
9859,250
9860,249
9861,250
9862,250
9863,250
9864,250
9865,250
9866,250
9867,250
9868,250
9869,250
9870,250
9871,250
9872,250
9873,250
9874,250
9875,250
9876,250
9877,250
9878,250
9879,250
9880,250
9881,250
9882,250
9883,250
9884,250
9885,250
9886,250
9887,250
9888,250
9889,250
9890,250
9891,250
9892,250
9893,250
9894,250
9895,250
9896,251
9897,251
9898,251
9899,251
9900,251
9901,251
9902,251
9903,251
9904,251
9905,251
9906,251
9907,251
9908,251
9909,251
9910,251
9911,251
9912,251
9913,251
9914,251
9915,251
9916,251
9917,250
9918,250
9919,251
9920,251
9921,251
9922,251
9923,251
9924,251
9925,251
9926,251
9927,251
9928,251
9929,251
9930,251
9931,251
9932,251
9933,251
9934,251
9935,251
9936,251
9937,251
9938,251
9939,251
9940,251
9941,251
9942,251
9943,251
9944,251
9945,251
9946,252
9947,252
9948,252
9949,252
9950,252
9951,251
9952,251
9953,251
9954,251
9955,251
9956,251
9957,251
9958,251
9959,252
9960,252
9961,251
9962,252
9963,251
9964,251
9965,251
9966,251
9967,251
9968,251
9969,251
9970,252
9971,252
9972,251
9973,251
9974,251
9975,251
9976,251
9977,251
9978,251
9979,252
9980,252
9981,252
9982,252
9983,252
9984,252
9985,252
9986,252
9987,252
9988,252
9989,252
9990,252
9991,253
9992,252
9993,252
9994,253
9995,253
9996,253
9997,253
9998,253
9999,253
