0,150
1,150
2,150
3,149
4,150
5,149
6,150
7,149
8,149
9,149
10,149
11,149
12,149
13,149
14,149
15,149
16,149
17,149
18,149
19,149
20,149
21,149
22,149
23,149
24,149
25,149
26,149
27,149
28,149
29,149
30,149
31,149
32,149
33,149
34,149
35,149
36,149
37,149
38,149
39,149
40,149
41,149
42,149
43,149
44,149
45,149
46,149
47,149
48,149
49,149
50,149
51,149
52,149
53,149
54,149
55,149
56,149
57,149
58,149
59,149
60,149
61,149
62,149
63,149
64,149
65,149
66,149
67,149
68,149
69,149
70,149
71,149
72,149
73,149
74,149
75,149
76,149
77,149
78,149
79,149
80,149
81,149
82,149
83,149
84,149
85,149
86,149
87,149
88,149
89,149
90,149
91,150
92,150
93,150
94,150
95,150
96,150
97,150
98,150
99,150
100,150
101,150
102,150
103,150
104,150
105,150
106,150
107,150
108,150
109,150
110,150
111,150
112,150
113,150
114,150
115,150
116,150
117,150
118,150
119,150
120,150
121,150
122,150
123,150
124,150
125,150
126,150
127,150
128,150
129,150
130,150
131,150
132,150
133,150
134,150
135,150
136,150
137,150
138,150
139,150
140,150
141,150
142,150
143,150
144,150
145,150
146,151
147,151
148,151
149,151
150,151
151,151
152,151
153,151
154,151
155,151
156,151
157,151
158,151
159,151
160,151
161,151
162,151
163,151
164,151
165,151
166,151
167,151
168,151
169,151
170,151
171,151
172,151
173,151
174,151
175,151
176,151
177,151
178,151
179,151
180,151
181,151
182,151
183,151
184,151
185,151
186,151
187,151
188,151
189,151
190,151
191,151
192,151
193,151
194,151
195,151
196,151
197,151
198,151
199,151
200,151
201,151
202,151
203,151
204,151
205,151
206,152
207,152
208,152
209,152
210,152
211,152
212,152
213,152
214,152
215,152
216,152
217,152
218,152
219,152
220,152
221,152
222,152
223,152
224,152
225,152
226,152
227,152
228,152
229,152
230,152
231,152
232,152
233,152
234,152
235,152
236,152
237,152
238,152
239,152
240,152
241,152
242,152
243,152
244,152
245,152
246,152
247,152
248,152
249,152
250,152
251,152
252,152
253,152
254,152
255,152
256,152
257,152
258,153
259,153
260,153
261,153
262,153
263,153
264,153
265,153
266,153
267,153
268,153
269,153
270,153
271,153
272,153
273,153
274,153
275,153
276,153
277,153
278,153
279,153
280,153
281,153
282,153
283,153
284,153
285,153
286,152
287,152
288,153
289,153
290,153
291,153
292,153
293,153
294,153
295,153
296,153
297,153
298,153
299,153
300,153
301,153
302,153
303,153
304,153
305,153
306,153
307,153
308,153
309,153
310,153
311,153
312,153
313,153
314,153
315,154
316,154
317,154
318,154
319,154
320,154
321,154
322,154
323,154
324,154
325,154
326,154
327,154
328,154
329,154
330,155
331,155
332,155
333,155
334,154
335,154
336,155
337,155
338,155
339,155
340,155
341,155
342,155
343,155
344,155
345,155
346,155
347,155
348,155
349,155
350,155
351,155
352,155
353,155
354,155
355,155
356,155
357,155
358,155
359,155
360,155
361,155
362,155
363,155
364,155
365,155
366,155
367,155
368,155
369,155
370,155
371,155
372,155
373,155
374,155
375,155
376,155
377,155
378,155
379,155
380,155
381,155
382,155
383,155
384,155
385,155
386,155
387,155
388,155
389,155
390,155
391,155
392,155
393,155
394,155
395,155
396,155
397,155
398,155
399,155
400,155
401,155
402,155
403,155
404,155
405,155
406,155
407,155
408,155
409,155
410,155
411,155
412,155
413,155
414,155
415,155
416,155
417,155
418,155
419,155
420,155
421,155
422,155
423,155
424,155
425,155
426,155
427,155
428,155
429,155
430,155
431,155
432,155
433,155
434,155
435,155
436,155
437,155
438,155
439,155
440,155
441,155
442,155
443,155
444,155
445,156
446,156
447,156
448,156
449,156
450,156
451,156
452,156
453,156
454,156
455,156
456,156
457,156
458,156
459,156
460,156
461,156
462,156
463,156
464,156
465,156
466,156
467,156
468,156
469,156
470,156
471,156
472,156
473,156
474,156
475,156
476,156
477,156
478,156
479,156
480,156
481,156
482,156
483,156
484,156
485,156
486,156
487,156
488,156
489,156
490,156
491,156
492,156
493,156
494,156
495,156
496,156
497,156
498,156
499,156
500,156
501,156
502,156
503,156
504,156
505,156
506,156
507,156
508,156
509,156
510,156
511,156
512,156
513,156
514,156
515,156
516,156
517,156
518,156
519,156
520,156
521,156
522,156
523,157
524,157
525,157
526,157
527,157
528,157
529,157
530,157
531,157
532,157
533,157
534,157
535,157
536,157
537,157
538,157
539,157
540,157
541,157
542,157
543,156
544,157
545,157
546,157
547,157
548,157
549,157
550,157
551,157
552,157
553,157
554,157
555,157
556,157
557,157
558,157
559,157
560,157
561,157
562,157
563,157
564,157
565,157
566,157
567,157
568,157
569,157
570,157
571,157
572,157
573,157
574,157
575,157
576,157
577,157
578,157
579,157
580,157
581,157
582,157
583,157
584,157
585,157
586,157
587,157
588,157
589,157
590,157
591,157
592,157
593,157
594,157
595,157
596,157
597,157
598,157
599,157
600,157
601,157
602,157
603,157
604,157
605,157
606,157
607,156
608,156
609,156
610,156
611,156
612,156
613,156
614,156
615,156
616,156
617,156
618,156
619,156
620,156
621,156
622,156
623,156
624,156
625,156
626,156
627,156
628,156
629,156
630,156
631,156
632,156
633,156
634,156
635,157
636,157
637,157
638,157
639,157
640,157
641,157
642,157
643,157
644,157
645,157
646,157
647,157
648,157
649,157
650,157
651,157
652,157
653,157
654,157
655,157
656,157
657,157
658,157
659,157
660,157
661,157
662,157
663,157
664,157
665,157
666,157
667,157
668,157
669,157
670,157
671,157
672,157
673,157
674,157
675,157
676,157
677,157
678,157
679,157
680,157
681,157
682,157
683,157
684,157
685,157
686,157
687,157
688,157
689,157
690,157
691,157
692,157
693,157
694,157
695,157
696,157
697,157
698,158
699,157
700,157
701,157
702,157
703,157
704,157
705,157
706,157
707,157
708,157
709,157
710,157
711,157
712,157
713,157
714,157
715,157
716,157
717,157
718,157
719,157
720,157
721,157
722,157
723,157
724,157
725,157
726,157
727,157
728,157
729,157
730,157
731,157
732,157
733,157
734,157
735,157
736,157
737,157
738,157
739,157
740,157
741,156
742,156
743,156
744,156
745,156
746,157
747,156
748,156
749,156
750,156
751,156
752,156
753,156
754,156
755,156
756,156
757,156
758,156
759,156
760,156
761,156
762,156
763,156
764,156
765,156
766,156
767,156
768,156
769,156
770,156
771,156
772,156
773,156
774,156
775,156
776,156
777,156
778,156
779,156
780,156
781,156
782,156
783,156
784,156
785,156
786,156
787,156
788,156
789,156
790,157
791,157
792,157
793,157
794,157
795,157
796,157
797,157
798,157
799,157
800,157
801,156
802,156
803,157
804,157
805,157
806,157
807,157
808,157
809,157
810,157
811,157
812,157
813,157
814,157
815,157
816,157
817,157
818,157
819,157
820,157
821,157
822,157
823,157
824,157
825,157
826,157
827,157
828,157
829,157
830,157
831,157
832,157
833,157
834,157
835,157
836,157
837,157
838,157
839,157
840,157
841,157
842,157
843,157
844,157
845,157
846,157
847,157
848,157
849,157
850,158
851,158
852,158
853,158
854,158
855,158
856,158
857,158
858,158
859,158
860,158
861,158
862,158
863,158
864,158
865,158
866,158
867,158
868,158
869,158
870,158
871,158
872,158
873,158
874,158
875,158
876,158
877,158
878,158
879,158
880,158
881,158
882,158
883,158
884,158
885,158
886,158
887,158
888,158
889,158
890,159
891,159
892,159
893,159
894,159
895,158
896,158
897,158
898,158
899,159
900,159
901,158
902,159
903,159
904,159
905,159
906,159
907,159
908,159
909,159
910,159
911,159
912,159
913,159
914,159
915,159
916,159
917,159
918,159
919,159
920,159
921,159
922,159
923,159
924,158
925,158
926,158
927,159
928,159
929,159
930,159
931,159
932,159
933,159
934,159
935,159
936,159
937,159
938,159
939,159
940,159
941,159
942,159
943,159
944,159
945,159
946,159
947,159
948,159
949,159
950,159
951,160
952,160
953,160
954,160
955,160
956,160
957,160
958,160
959,160
960,160
961,160
962,160
963,160
964,160
965,160
966,160
967,160
968,160
969,160
970,160
971,160
972,160
973,160
974,160
975,160
976,160
977,160
978,160
979,160
980,160
981,160
982,160
983,160
984,160
985,160
986,160
987,160
988,160
989,161
990,160
991,161
992,161
993,161
994,160
995,160
996,160
997,161
998,161
999,161
1000,160
1001,160
1002,160
1003,161
1004,161
1005,161
1006,161
1007,161
1008,161
1009,161
1010,161
1011,161
1012,161
1013,161
1014,161
1015,160
1016,160
1017,160
1018,160
1019,161
1020,161
1021,161
1022,161
1023,161
1024,161
1025,161
1026,161
1027,161
1028,161
1029,161
1030,161
1031,161
1032,161
1033,161
1034,161
1035,161
1036,161
1037,161
1038,161
1039,161
1040,161
1041,161
1042,161
1043,161
1044,161
1045,161
1046,161
1047,161
1048,161
1049,161
1050,161
1051,161
1052,161
1053,161
1054,161
1055,161
1056,161
1057,161
1058,161
1059,161
1060,161
1061,161
1062,161
1063,161
1064,161
1065,161
1066,161
1067,161
1068,161
1069,161
1070,161
1071,161
1072,161
1073,161
1074,161
1075,161
1076,161
1077,161
1078,162
1079,162
1080,162
1081,161
1082,161
1083,161
1084,161
1085,161
1086,161
1087,162
1088,161
1089,162
1090,162
1091,162
1092,162
1093,162
1094,162
1095,161
1096,161
1097,161
1098,161
1099,161
1100,161
1101,161
1102,161
1103,161
1104,161
1105,161
1106,161
1107,161
1108,161
1109,161
1110,162
1111,162
1112,162
1113,161
1114,162
1115,161
1116,161
1117,161
1118,161
1119,161
1120,162
1121,161
1122,161
1123,161
1124,161
1125,161
1126,161
1127,161
1128,161
1129,161
1130,161
1131,161
1132,161
1133,161
1134,161
1135,161
1136,161
1137,161
1138,161
1139,161
1140,161
1141,161
1142,161
1143,161
1144,161
1145,161
1146,161
1147,161
1148,161
1149,161
1150,161
1151,161
1152,161
1153,161
1154,161
1155,161
1156,161
1157,161
1158,161
1159,161
1160,161
1161,161
1162,161
1163,161
1164,161
1165,161
1166,161
1167,161
1168,161
1169,161
1170,161
1171,162
1172,162
1173,162
1174,162
1175,162
1176,162
1177,162
1178,162
1179,162
1180,162
1181,162
1182,162
1183,162
1184,162
1185,161
1186,162
1187,162
1188,162
1189,162
1190,162
1191,162
1192,162
1193,162
1194,162
1195,161
1196,161
1197,161
1198,161
1199,162
1200,162
1201,162
1202,162
1203,162
1204,162
1205,162
1206,162
1207,162
1208,162
1209,162
1210,162
1211,162
1212,162
1213,162
1214,162
1215,162
1216,162
1217,162
1218,162
1219,162
1220,163
1221,162
1222,163
1223,163
1224,162
1225,163
1226,163
1227,163
1228,163
1229,163
1230,163
1231,163
1232,163
1233,163
1234,163
1235,163
1236,163
1237,163
1238,163
1239,163
1240,163
1241,163
1242,163
1243,163
1244,163
1245,163
1246,163
1247,163
1248,163
1249,163
1250,163
1251,163
1252,163
1253,163
1254,163
1255,163
1256,163
1257,163
1258,163
1259,163
1260,163
1261,163
1262,163
1263,163
1264,163
1265,163
1266,163
1267,163
1268,163
1269,163
1270,163
1271,163
1272,163
1273,163
1274,163
1275,163
1276,163
1277,163
1278,163
1279,163
1280,163
1281,163
1282,163
1283,163
1284,163
1285,163
1286,163
1287,163
1288,163
1289,163
1290,163
1291,163
1292,163
1293,163
1294,163
1295,163
1296,163
1297,163
1298,163
1299,163
1300,163
1301,163
1302,163
1303,163
1304,163
1305,163
1306,163
1307,163
1308,163
1309,163
1310,163
1311,163
1312,163
1313,163
1314,163
1315,163
1316,163
1317,163
1318,163
1319,163
1320,163
1321,164
1322,164
1323,164
1324,163
1325,163
1326,163
1327,163
1328,163
1329,163
1330,163
1331,163
1332,163
1333,163
1334,164
1335,164
1336,164
1337,164
1338,164
1339,164
1340,164
1341,164
1342,164
1343,164
1344,164
1345,164
1346,164
1347,164
1348,164
1349,164
1350,164
1351,164
1352,163
1353,163
1354,163
1355,163
1356,163
1357,163
1358,163
1359,163
1360,163
1361,163
1362,163
1363,163
1364,163
1365,163
1366,163
1367,163
1368,163
1369,163
1370,163
1371,163
1372,164
1373,164
1374,164
1375,164
1376,164
1377,164
1378,164
1379,164
1380,163
1381,163
1382,164
1383,164
1384,164
1385,164
1386,164
1387,163
1388,163
1389,163
1390,163
1391,163
1392,163
1393,163
1394,163
1395,163
1396,163
1397,163
1398,163
1399,163
1400,163
1401,163
1402,163
1403,163
1404,163
1405,163
1406,163
1407,163
1408,163
1409,163
1410,163
1411,163
1412,163
1413,163
1414,163
1415,163
1416,163
1417,163
1418,163
1419,163
1420,163
1421,163
1422,163
1423,163
1424,163
1425,164
1426,163
1427,163
1428,164
1429,164
1430,164
1431,164
1432,164
1433,164
1434,164
1435,164
1436,164
1437,164
1438,164
1439,164
1440,164
1441,164
1442,164
1443,164
1444,164
1445,164
1446,164
1447,164
1448,164
1449,164
1450,164
1451,164
1452,164
1453,164
1454,164
1455,164
1456,164
1457,164
1458,164
1459,164
1460,164
1461,164
1462,164
1463,164
1464,164
1465,164
1466,164
1467,164
1468,164
1469,164
1470,164
1471,164
1472,164
1473,164
1474,164
1475,164
1476,164
1477,164
1478,164
1479,164
1480,164
1481,164
1482,164
1483,164
1484,164
1485,164
1486,164
1487,164
1488,164
1489,164
1490,164
1491,164
1492,165
1493,164
1494,164
1495,164
1496,164
1497,164
1498,165
1499,165
1500,165
1501,164
1502,164
1503,164
1504,164
1505,164
1506,164
1507,164
1508,164
1509,164
1510,164
1511,164
1512,164
1513,164
1514,164
1515,164
1516,164
1517,164
1518,164
1519,164
1520,164
1521,164
1522,164
1523,164
1524,164
1525,164
1526,164
1527,164
1528,164
1529,164
1530,164
1531,164
1532,164
1533,164
1534,165
1535,164
1536,164
1537,164
1538,164
1539,164
1540,164
1541,164
1542,164
1543,164
1544,164
1545,164
1546,164
1547,164
1548,164
1549,164
1550,164
1551,164
1552,164
1553,164
1554,164
1555,164
1556,164
1557,164
1558,164
1559,164
1560,164
1561,164
1562,164
1563,164
1564,164
1565,164
1566,164
1567,164
1568,163
1569,163
1570,164
1571,164
1572,164
1573,164
1574,164
1575,164
1576,164
1577,164
1578,164
1579,164
1580,164
1581,164
1582,164
1583,164
1584,164
1585,164
1586,164
1587,164
1588,164
1589,164
1590,164
1591,164
1592,164
1593,164
1594,164
1595,164
1596,164
1597,165
1598,164
1599,164
1600,164
1601,165
1602,165
1603,164
1604,164
1605,165
1606,165
1607,164
1608,164
1609,164
1610,164
1611,164
1612,164
1613,164
1614,164
1615,164
1616,164
1617,164
1618,164
1619,164
1620,165
1621,164
1622,165
1623,165
1624,164
1625,164
1626,165
1627,164
1628,164
1629,164
1630,164
1631,164
1632,164
1633,164
1634,164
1635,164
1636,164
1637,165
1638,165
1639,165
1640,165
1641,165
1642,165
1643,164
1644,164
1645,165
1646,165
1647,165
1648,165
1649,165
1650,165
1651,165
1652,165
1653,165
1654,165
1655,165
1656,165
1657,165
1658,165
1659,165
1660,165
1661,165
1662,165
1663,165
1664,165
1665,165
1666,165
1667,165
1668,165
1669,165
1670,165
1671,165
1672,165
1673,165
1674,165
1675,165
1676,165
1677,165
1678,165
1679,165
1680,165
1681,165
1682,165
1683,165
1684,165
1685,165
1686,165
1687,165
1688,165
1689,165
1690,165
1691,165
1692,165
1693,165
1694,165
1695,165
1696,165
1697,166
1698,166
1699,166
1700,166
1701,166
1702,166
1703,166
1704,166
1705,166
1706,166
1707,166
1708,166
1709,166
1710,166
1711,166
1712,166
1713,166
1714,166
1715,166
1716,166
1717,166
1718,166
1719,166
1720,166
1721,166
1722,166
1723,166
1724,166
1725,166
1726,166
1727,166
1728,166
1729,166
1730,166
1731,166
1732,166
1733,166
1734,166
1735,166
1736,166
1737,166
1738,166
1739,166
1740,166
1741,166
1742,166
1743,166
1744,166
1745,166
1746,166
1747,166
1748,166
1749,166
1750,166
1751,166
1752,166
1753,166
1754,165
1755,165
1756,166
1757,165
1758,165
1759,165
1760,165
1761,165
1762,165
1763,165
1764,165
1765,165
1766,165
1767,165
1768,165
1769,165
1770,165
1771,165
1772,165
1773,165
1774,165
1775,165
1776,165
1777,165
1778,165
1779,165
1780,165
1781,165
1782,165
1783,165
1784,165
1785,165
1786,165
1787,165
1788,165
1789,165
1790,165
1791,165
1792,165
1793,165
1794,165
1795,165
1796,166
1797,166
1798,166
1799,166
1800,165
1801,166
1802,166
1803,166
1804,165
1805,165
1806,165
1807,166
1808,166
1809,166
1810,166
1811,166
1812,166
1813,166
1814,166
1815,166
1816,166
1817,166
1818,166
1819,166
1820,166
1821,166
1822,166
1823,166
1824,166
1825,166
1826,166
1827,167
1828,167
1829,167
1830,167
1831,167
1832,167
1833,167
1834,167
1835,167
1836,167
1837,167
1838,167
1839,167
1840,167
1841,167
1842,167
1843,167
1844,167
1845,167
1846,167
1847,167
1848,167
1849,167
1850,167
1851,167
1852,167
1853,167
1854,167
1855,167
1856,167
1857,167
1858,167
1859,167
1860,167
1861,167
1862,167
1863,167
1864,167
1865,167
1866,167
1867,167
1868,167
1869,167
1870,167
1871,167
1872,167
1873,167
1874,167
1875,167
1876,167
1877,167
1878,167
1879,168
1880,168
1881,168
1882,168
1883,168
1884,168
1885,168
1886,168
1887,168
1888,168
1889,168
1890,168
1891,168
1892,168
1893,168
1894,168
1895,168
1896,168
1897,168
1898,168
1899,168
1900,168
1901,168
1902,168
1903,168
1904,169
1905,168
1906,168
1907,169
1908,168
1909,168
1910,168
1911,168
1912,169
1913,169
1914,169
1915,168
1916,168
1917,168
1918,168
1919,168
1920,168
1921,168
1922,168
1923,168
1924,168
1925,168
1926,168
1927,168
1928,168
1929,168
1930,168
1931,168
1932,168
1933,168
1934,168
1935,168
1936,168
1937,168
1938,169
1939,168
1940,168
1941,168
1942,168
1943,168
1944,168
1945,168
1946,169
1947,169
1948,169
1949,169
1950,169
1951,169
1952,168
1953,169
1954,169
1955,169
1956,169
1957,169
1958,169
1959,169
1960,169
1961,169
1962,169
1963,169
1964,169
1965,169
1966,169
1967,169
1968,169
1969,169
1970,169
1971,169
1972,169
1973,169
1974,170
1975,169
1976,169
1977,169
1978,169
1979,170
1980,170
1981,170
1982,170
1983,170
1984,170
1985,170
1986,170
1987,170
1988,170
1989,170
1990,170
1991,170
1992,170
1993,170
1994,170
1995,170
1996,170
1997,170
1998,170
1999,170
2000,170
2001,170
2002,170
2003,170
2004,170
2005,170
2006,170
2007,170
2008,170
2009,170
2010,170
2011,170
2012,170
2013,170
2014,170
2015,170
2016,170
2017,170
2018,170
2019,170
2020,170
2021,170
2022,170
2023,170
2024,170
2025,170
2026,170
2027,170
2028,170
2029,170
2030,170
2031,170
2032,170
2033,170
2034,170
2035,170
2036,170
2037,170
2038,170
2039,170
2040,170
2041,170
2042,170
2043,170
2044,170
2045,170
2046,170
2047,170
2048,170
2049,170
2050,170
2051,170
2052,170
2053,170
2054,170
2055,170
2056,170
2057,170
2058,170
2059,170
2060,170
2061,170
2062,170
2063,170
2064,170
2065,170
2066,170
2067,170
2068,170
2069,170
2070,170
2071,170
2072,170
2073,170
2074,170
2075,170
2076,170
2077,170
2078,170
2079,170
2080,170
2081,170
2082,170
2083,170
2084,170
2085,170
2086,170
2087,170
2088,170
2089,170
2090,170
2091,170
2092,170
2093,170
2094,170
2095,170
2096,170
2097,170
2098,170
2099,170
2100,170
2101,170
2102,170
2103,170
2104,170
2105,170
2106,170
2107,170
2108,170
2109,170
2110,170
2111,170
2112,170
2113,170
2114,170
2115,170
2116,170
2117,170
2118,170
2119,170
2120,170
2121,170
2122,170
2123,170
2124,170
2125,170
2126,170
2127,170
2128,170
2129,170
2130,170
2131,170
2132,170
2133,170
2134,170
2135,170
2136,170
2137,170
2138,170
2139,170
2140,170
2141,170
2142,170
2143,170
2144,170
2145,170
2146,170
2147,170
2148,170
2149,170
2150,171
2151,171
2152,171
2153,171
2154,171
2155,171
2156,171
2157,171
2158,171
2159,171
2160,171
2161,171
2162,171
2163,171
2164,171
2165,171
2166,171
2167,171
2168,171
2169,171
2170,171
2171,171
2172,171
2173,171
2174,171
2175,171
2176,171
2177,171
2178,171
2179,171
2180,171
2181,171
2182,171
2183,171
2184,171
2185,171
2186,171
2187,171
2188,171
2189,171
2190,171
2191,171
2192,171
2193,171
2194,171
2195,170
2196,170
2197,170
2198,170
2199,170
2200,170
2201,170
2202,170
2203,170
2204,170
2205,170
2206,170
2207,171
2208,171
2209,171
2210,171
2211,171
2212,171
2213,171
2214,171
2215,171
2216,171
2217,171
2218,171
2219,171
2220,171
2221,171
2222,171
2223,171
2224,171
2225,171
2226,171
2227,171
2228,171
2229,171
2230,171
2231,171
2232,171
2233,171
2234,171
2235,171
2236,171
2237,171
2238,171
2239,171
2240,171
2241,171
2242,171
2243,171
2244,171
2245,171
2246,171
2247,171
2248,171
2249,171
2250,171
2251,171
2252,171
2253,171
2254,171
2255,171
2256,171
2257,171
2258,171
2259,171
2260,171
2261,171
2262,171
2263,171
2264,171
2265,171
2266,171
2267,171
2268,171
2269,171
2270,171
2271,171
2272,171
2273,171
2274,171
2275,171
2276,171
2277,171
2278,171
2279,171
2280,171
2281,171
2282,171
2283,171
2284,171
2285,171
2286,171
2287,171
2288,171
2289,171
2290,171
2291,171
2292,171
2293,171
2294,171
2295,171
2296,171
2297,171
2298,171
2299,171
2300,171
2301,171
2302,171
2303,171
2304,171
2305,171
2306,171
2307,171
2308,171
2309,171
2310,171
2311,171
2312,171
2313,171
2314,171
2315,171
2316,171
2317,171
2318,171
2319,171
2320,171
2321,171
2322,171
2323,171
2324,171
2325,171
2326,171
2327,171
2328,171
2329,171
2330,171
2331,171
2332,171
2333,171
2334,171
2335,171
2336,171
2337,171
2338,171
2339,171
2340,171
2341,171
2342,171
2343,171
2344,171
2345,171
2346,171
2347,171
2348,171
2349,171
2350,171
2351,171
2352,171
2353,171
2354,171
2355,171
2356,171
2357,171
2358,171
2359,171
2360,171
2361,171
2362,171
2363,171
2364,172
2365,172
2366,172
2367,172
2368,172
2369,172
2370,172
2371,172
2372,172
2373,172
2374,172
2375,172
2376,172
2377,172
2378,172
2379,172
2380,172
2381,172
2382,172
2383,172
2384,172
2385,172
2386,172
2387,172
2388,172
2389,172
2390,172
2391,172
2392,172
2393,172
2394,172
2395,172
2396,172
2397,172
2398,172
2399,172
2400,172
2401,172
2402,172
2403,172
2404,172
2405,172
2406,172
2407,172
2408,172
2409,172
2410,172
2411,172
2412,172
2413,172
2414,172
2415,172
2416,172
2417,172
2418,171
2419,172
2420,171
2421,172
2422,172
2423,172
2424,172
2425,172
2426,172
2427,172
2428,172
2429,172
2430,172
2431,172
2432,172
2433,172
2434,172
2435,172
2436,172
2437,172
2438,172
2439,172
2440,172
2441,172
2442,172
2443,172
2444,172
2445,172
2446,172
2447,172
2448,172
2449,172
2450,172
2451,172
2452,172
2453,172
2454,172
2455,172
2456,172
2457,172
2458,172
2459,172
2460,172
2461,172
2462,172
2463,172
2464,172
2465,172
2466,172
2467,172
2468,172
2469,172
2470,172
2471,172
2472,172
2473,172
2474,172
2475,172
2476,172
2477,172
2478,172
2479,172
2480,172
2481,172
2482,172
2483,172
2484,172
2485,172
2486,172
2487,172
2488,172
2489,172
2490,172
2491,172
2492,172
2493,172
2494,172
2495,173
2496,173
2497,173
2498,173
2499,173
2500,173
2501,173
2502,173
2503,173
2504,173
2505,173
2506,173
2507,173
2508,173
2509,173
2510,173
2511,173
2512,173
2513,173
2514,173
2515,173
2516,173
2517,173
2518,173
2519,173
2520,173
2521,173
2522,173
2523,173
2524,173
2525,173
2526,173
2527,173
2528,173
2529,173
2530,173
2531,173
2532,173
2533,173
2534,173
2535,173
2536,173
2537,173
2538,173
2539,173
2540,173
2541,173
2542,173
2543,172
2544,172
2545,172
2546,172
2547,172
2548,172
2549,172
2550,172
2551,172
2552,172
2553,172
2554,172
2555,172
2556,172
2557,172
2558,172
2559,172
2560,172
2561,172
2562,172
2563,172
2564,172
2565,172
2566,172
2567,172
2568,172
2569,172
2570,172
2571,172
2572,172
2573,172
2574,172
2575,172
2576,172
2577,172
2578,172
2579,172
2580,172
2581,172
2582,173
2583,172
2584,172
2585,172
2586,173
2587,172
2588,172
2589,173
2590,173
2591,173
2592,172
2593,172
2594,172
2595,172
2596,172
2597,172
2598,172
2599,172
2600,172
2601,172
2602,172
2603,172
2604,172
2605,172
2606,172
2607,172
2608,172
2609,172
2610,172
2611,172
2612,172
2613,172
2614,172
2615,172
2616,172
2617,172
2618,172
2619,172
2620,172
2621,172
2622,172
2623,172
2624,172
2625,172
2626,172
2627,172
2628,172
2629,172
2630,172
2631,172
2632,172
2633,172
2634,172
2635,172
2636,172
2637,172
2638,172
2639,172
2640,172
2641,172
2642,172
2643,172
2644,172
2645,172
2646,172
2647,172
2648,172
2649,172
2650,172
2651,172
2652,172
2653,172
2654,172
2655,172
2656,172
2657,172
2658,172
2659,172
2660,172
2661,172
2662,172
2663,173
2664,173
2665,173
2666,173
2667,173
2668,173
2669,173
2670,173
2671,173
2672,173
2673,173
2674,173
2675,173
2676,173
2677,173
2678,173
2679,173
2680,173
2681,173
2682,173
2683,173
2684,173
2685,173
2686,173
2687,173
2688,173
2689,173
2690,173
2691,173
2692,173
2693,173
2694,173
2695,173
2696,173
2697,173
2698,173
2699,173
2700,173
2701,173
2702,173
2703,173
2704,173
2705,173
2706,173
2707,173
2708,173
2709,173
2710,173
2711,173
2712,173
2713,173
2714,173
2715,173
2716,173
2717,173
2718,173
2719,173
2720,173
2721,173
2722,173
2723,173
2724,173
2725,173
2726,173
2727,173
2728,173
2729,172
2730,173
2731,173
2732,173
2733,173
2734,173
2735,173
2736,173
2737,173
2738,173
2739,173
2740,173
2741,173
2742,173
2743,173
2744,173
2745,173
2746,173
2747,173
2748,173
2749,173
2750,173
2751,173
2752,173
2753,173
2754,173
2755,173
2756,173
2757,173
2758,173
2759,173
2760,173
2761,173
2762,173
2763,173
2764,173
2765,173
2766,173
2767,173
2768,172
2769,173
2770,173
2771,173
2772,173
2773,173
2774,173
2775,173
2776,173
2777,173
2778,173
2779,173
2780,173
2781,173
2782,173
2783,173
2784,173
2785,173
2786,173
2787,173
2788,173
2789,173
2790,174
2791,174
2792,174
2793,174
2794,174
2795,174
2796,174
2797,173
2798,173
2799,174
2800,173
2801,173
2802,173
2803,173
2804,173
2805,173
2806,173
2807,173
2808,173
2809,173
2810,173
2811,173
2812,173
2813,173
2814,173
2815,173
2816,173
2817,173
2818,173
2819,173
2820,173
2821,173
2822,173
2823,173
2824,173
2825,173
2826,173
2827,173
2828,173
2829,173
2830,173
2831,173
2832,173
2833,173
2834,173
2835,173
2836,173
2837,173
2838,173
2839,173
2840,173
2841,173
2842,173
2843,173
2844,173
2845,173
2846,173
2847,173
2848,173
2849,173
2850,173
2851,173
2852,173
2853,173
2854,173
2855,173
2856,173
2857,173
2858,173
2859,173
2860,173
2861,173
2862,173
2863,173
2864,173
2865,173
2866,173
2867,173
2868,173
2869,173
2870,174
2871,174
2872,174
2873,174
2874,174
2875,174
2876,174
2877,174
2878,174
2879,174
2880,174
2881,174
2882,174
2883,174
2884,174
2885,174
2886,174
2887,174
2888,174
2889,174
2890,174
2891,174
2892,174
2893,174
2894,174
2895,174
2896,174
2897,174
2898,174
2899,174
2900,174
2901,174
2902,174
2903,174
2904,174
2905,174
2906,174
2907,174
2908,174
2909,174
2910,173
2911,173
2912,173
2913,173
2914,173
2915,173
2916,173
2917,173
2918,173
2919,173
2920,173
2921,173
2922,173
2923,173
2924,173
2925,173
2926,173
2927,173
2928,173
2929,173
2930,173
2931,173
2932,173
2933,173
2934,173
2935,173
2936,173
2937,173
2938,173
2939,173
2940,173
2941,173
2942,173
2943,173
2944,173
2945,173
2946,173
2947,173
2948,173
2949,173
2950,173
2951,173
2952,173
2953,173
2954,173
2955,173
2956,173
2957,173
2958,173
2959,173
2960,173
2961,173
2962,173
2963,174
2964,174
2965,174
2966,174
2967,174
2968,174
2969,174
2970,174
2971,174
2972,173
2973,173
2974,173
2975,173
2976,174
2977,174
2978,174
2979,173
2980,174
2981,174
2982,174
2983,174
2984,174
2985,174
2986,174
2987,174
2988,174
2989,174
2990,174
2991,174
2992,174
2993,174
2994,174
2995,174
2996,174
2997,174
2998,174
2999,174
3000,174
3001,174
3002,174
3003,174
3004,174
3005,174
3006,174
3007,174
3008,174
3009,174
3010,174
3011,174
3012,174
3013,174
3014,174
3015,174
3016,174
3017,174
3018,174
3019,174
3020,174
3021,174
3022,174
3023,174
3024,174
3025,174
3026,174
3027,174
3028,174
3029,174
3030,174
3031,174
3032,174
3033,174
3034,174
3035,174
3036,174
3037,174
3038,174
3039,174
3040,174
3041,174
3042,174
3043,174
3044,174
3045,174
3046,174
3047,174
3048,174
3049,174
3050,174
3051,174
3052,174
3053,174
3054,174
3055,174
3056,174
3057,174
3058,175
3059,174
3060,174
3061,174
3062,174
3063,174
3064,174
3065,174
3066,175
3067,175
3068,175
3069,175
3070,175
3071,175
3072,175
3073,175
3074,175
3075,175
3076,175
3077,175
3078,175
3079,175
3080,174
3081,174
3082,175
3083,174
3084,174
3085,174
3086,174
3087,175
3088,175
3089,175
3090,175
3091,175
3092,175
3093,175
3094,175
3095,175
3096,175
3097,175
3098,175
3099,175
3100,175
3101,175
3102,175
3103,175
3104,175
3105,175
3106,175
3107,175
3108,175
3109,175
3110,175
3111,175
3112,175
3113,175
3114,175
3115,175
3116,175
3117,176
3118,175
3119,175
3120,176
3121,175
3122,175
3123,175
3124,176
3125,176
3126,176
3127,176
3128,175
3129,175
3130,175
3131,175
3132,175
3133,175
3134,175
3135,175
3136,176
3137,176
3138,176
3139,176
3140,176
3141,176
3142,176
3143,176
3144,176
3145,176
3146,176
3147,176
3148,176
3149,176
3150,176
3151,175
3152,176
3153,175
3154,176
3155,176
3156,176
3157,176
3158,176
3159,176
3160,176
3161,176
3162,176
3163,176
3164,176
3165,176
3166,176
3167,176
3168,176
3169,176
3170,176
3171,176
3172,176
3173,176
3174,176
3175,176
3176,176
3177,176
3178,176
3179,176
3180,176
3181,176
3182,176
3183,176
3184,176
3185,176
3186,176
3187,176
3188,176
3189,177
3190,176
3191,176
3192,176
3193,176
3194,176
3195,176
3196,176
3197,176
3198,176
3199,177
3200,176
3201,176
3202,177
3203,177
3204,176
3205,177
3206,177
3207,177
3208,177
3209,177
3210,177
3211,177
3212,176
3213,176
3214,176
3215,176
3216,176
3217,176
3218,176
3219,177
3220,177
3221,177
3222,177
3223,177
3224,177
3225,177
3226,177
3227,177
3228,177
3229,177
3230,177
3231,177
3232,177
3233,177
3234,177
3235,177
3236,177
3237,177
3238,177
3239,177
3240,177
3241,177
3242,177
3243,177
3244,177
3245,177
3246,177
3247,178
3248,178
3249,177
3250,177
3251,177
3252,177
3253,177
3254,178
3255,178
3256,178
3257,178
3258,178
3259,178
3260,178
3261,178
3262,178
3263,178
3264,178
3265,178
3266,178
3267,178
3268,178
3269,178
3270,178
3271,178
3272,178
3273,178
3274,178
3275,178
3276,177
3277,178
3278,177
3279,177
3280,177
3281,177
3282,177
3283,177
3284,178
3285,178
3286,178
3287,178
3288,178
3289,178
3290,178
3291,178
3292,178
3293,178
3294,178
3295,178
3296,178
3297,178
3298,178
3299,178
3300,178
3301,178
3302,178
3303,178
3304,178
3305,178
3306,178
3307,178
3308,178
3309,178
3310,178
3311,178
3312,178
3313,178
3314,178
3315,178
3316,178
3317,178
3318,178
3319,178
3320,178
3321,178
3322,178
3323,178
3324,178
3325,178
3326,178
3327,178
3328,178
3329,178
3330,178
3331,179
3332,178
3333,178
3334,178
3335,178
3336,178
3337,178
3338,178
3339,179
3340,179
3341,179
3342,178
3343,178
3344,179
3345,179
3346,179
3347,178
3348,178
3349,178
3350,178
3351,178
3352,178
3353,178
3354,178
3355,178
3356,179
3357,178
3358,179
3359,178
3360,179
3361,178
3362,178
3363,178
3364,178
3365,178
3366,178
3367,178
3368,178
3369,178
3370,178
3371,178
3372,178
3373,178
3374,178
3375,178
3376,178
3377,178
3378,178
3379,178
3380,178
3381,178
3382,178
3383,178
3384,178
3385,178
3386,178
3387,178
3388,178
3389,178
3390,178
3391,178
3392,178
3393,178
3394,178
3395,178
3396,178
3397,178
3398,178
3399,178
3400,178
3401,178
3402,178
3403,178
3404,178
3405,178
3406,178
3407,178
3408,178
3409,178
3410,178
3411,178
3412,179
3413,178
3414,178
3415,178
3416,178
3417,178
3418,178
3419,178
3420,178
3421,178
3422,178
3423,178
3424,178
3425,178
3426,178
3427,178
3428,178
3429,178
3430,178
3431,178
3432,178
3433,178
3434,178
3435,178
3436,178
3437,178
3438,178
3439,178
3440,178
3441,178
3442,178
3443,178
3444,178
3445,178
3446,178
3447,178
3448,178
3449,178
3450,178
3451,178
3452,178
3453,178
3454,178
3455,178
3456,178
3457,178
3458,178
3459,178
3460,178
3461,178
3462,178
3463,178
3464,178
3465,178
3466,177
3467,178
3468,178
3469,178
3470,178
3471,178
3472,178
3473,178
3474,178
3475,178
3476,178
3477,178
3478,178
3479,178
3480,178
3481,178
3482,177
3483,177
3484,177
3485,177
3486,177
3487,178
3488,177
3489,177
3490,177
3491,177
3492,178
3493,178
3494,178
3495,178
3496,178
3497,178
3498,178
3499,178
3500,178
3501,178
3502,178
3503,178
3504,178
3505,178
3506,178
3507,178
3508,178
3509,178
3510,178
3511,178
3512,178
3513,178
3514,178
3515,177
3516,177
3517,177
3518,177
3519,177
3520,177
3521,177
3522,177
3523,177
3524,177
3525,177
3526,177
3527,177
3528,177
3529,177
3530,177
3531,177
3532,177
3533,177
3534,177
3535,177
3536,177
3537,177
3538,178
3539,178
3540,178
3541,178
3542,178
3543,178
3544,178
3545,178
3546,178
3547,178
3548,178
3549,178
3550,178
3551,178
3552,178
3553,178
3554,178
3555,178
3556,178
3557,178
3558,178
3559,178
3560,179
3561,179
3562,179
3563,179
3564,179
3565,179
3566,179
3567,179
3568,179
3569,179
3570,179
3571,179
3572,179
3573,178
3574,179
3575,179
3576,179
3577,179
3578,179
3579,179
3580,179
3581,179
3582,179
3583,179
3584,179
3585,179
3586,179
3587,179
3588,179
3589,179
3590,179
3591,179
3592,180
3593,180
3594,179
3595,180
3596,180
3597,180
3598,179
3599,180
3600,180
3601,180
3602,180
3603,180
3604,180
3605,180
3606,180
3607,180
3608,180
3609,180
3610,180
3611,179
3612,179
3613,179
3614,180
3615,180
3616,180
3617,180
3618,179
3619,179
3620,179
3621,179
3622,179
3623,180
3624,179
3625,180
3626,180
3627,180
3628,180
3629,180
3630,180
3631,180
3632,180
3633,180
3634,179
3635,180
3636,180
3637,179
3638,179
3639,179
3640,180
3641,180
3642,180
3643,180
3644,180
3645,180
3646,180
3647,180
3648,180
3649,180
3650,180
3651,180
3652,180
3653,180
3654,180
3655,180
3656,180
3657,180
3658,180
3659,180
3660,180
3661,180
3662,180
3663,180
3664,180
3665,180
3666,180
3667,180
3668,180
3669,180
3670,180
3671,180
3672,180
3673,180
3674,180
3675,180
3676,180
3677,180
3678,180
3679,180
3680,180
3681,180
3682,180
3683,180
3684,180
3685,180
3686,180
3687,180
3688,180
3689,180
3690,180
3691,180
3692,180
3693,180
3694,180
3695,180
3696,180
3697,180
3698,180
3699,180
3700,180
3701,179
3702,180
3703,179
3704,179
3705,179
3706,180
3707,180
3708,180
3709,180
3710,180
3711,180
3712,180
3713,180
3714,180
3715,180
3716,180
3717,180
3718,180
3719,180
3720,180
3721,180
3722,180
3723,180
3724,180
3725,180
3726,180
3727,180
3728,180
3729,180
3730,180
3731,180
3732,180
3733,181
3734,181
3735,181
3736,180
3737,180
3738,180
3739,181
3740,180
3741,181
3742,181
3743,181
3744,181
3745,181
3746,181
3747,181
3748,181
3749,181
3750,181
3751,181
3752,181
3753,181
3754,181
3755,181
3756,181
3757,181
3758,181
3759,181
3760,181
3761,181
3762,180
3763,180
3764,180
3765,180
3766,180
3767,180
3768,180
3769,180
3770,180
3771,180
3772,180
3773,180
3774,180
3775,180
3776,180
3777,180
3778,180
3779,180
3780,180
3781,180
3782,180
3783,180
3784,180
3785,180
3786,180
3787,180
3788,180
3789,180
3790,180
3791,180
3792,180
3793,180
3794,180
3795,180
3796,180
3797,180
3798,180
3799,180
3800,180
3801,180
3802,180
3803,180
3804,180
3805,180
3806,180
3807,180
3808,180
3809,180
3810,180
3811,180
3812,180
3813,180
3814,180
3815,180
3816,180
3817,180
3818,180
3819,180
3820,180
3821,180
3822,180
3823,180
3824,180
3825,180
3826,180
3827,180
3828,180
3829,180
3830,180
3831,180
3832,180
3833,180
3834,180
3835,180
3836,180
3837,180
3838,180
3839,180
3840,180
3841,180
3842,180
3843,180
3844,180
3845,180
3846,180
3847,180
3848,180
3849,180
3850,180
3851,180
3852,180
3853,180
3854,180
3855,180
3856,180
3857,180
3858,180
3859,180
3860,180
3861,180
3862,180
3863,180
3864,180
3865,180
3866,180
3867,180
3868,180
3869,180
3870,180
3871,180
3872,180
3873,180
3874,180
3875,180
3876,180
3877,180
3878,180
3879,180
3880,180
3881,180
3882,180
3883,180
3884,180
3885,180
3886,180
3887,180
3888,180
3889,180
3890,180
3891,180
3892,180
3893,181
3894,181
3895,180
3896,180
3897,181
3898,181
3899,181
3900,181
3901,181
3902,181
3903,181
3904,181
3905,181
3906,181
3907,181
3908,181
3909,180
3910,180
3911,180
3912,180
3913,180
3914,180
3915,180
3916,181
3917,181
3918,181
3919,181
3920,181
3921,181
3922,181
3923,181
3924,181
3925,181
3926,181
3927,181
3928,180
3929,181
3930,181
3931,181
3932,181
3933,181
3934,181
3935,181
3936,181
3937,181
3938,181
3939,181
3940,181
3941,181
3942,181
3943,181
3944,181
3945,181
3946,181
3947,181
3948,181
3949,181
3950,181
3951,181
3952,181
3953,181
3954,181
3955,181
3956,181
3957,181
3958,181
3959,181
3960,181
3961,181
3962,181
3963,181
3964,181
3965,181
3966,181
3967,181
3968,181
3969,181
3970,181
3971,181
3972,181
3973,181
3974,181
3975,181
3976,181
3977,181
3978,181
3979,181
3980,181
3981,181
3982,181
3983,181
3984,181
3985,181
3986,181
3987,181
3988,181
3989,181
3990,181
3991,181
3992,181
3993,181
3994,181
3995,181
3996,181
3997,181
3998,181
3999,181
4000,181
4001,181
4002,181
4003,181
4004,181
4005,181
4006,181
4007,181
4008,181
4009,182
4010,181
4011,182
4012,181
4013,182
4014,181
4015,181
4016,181
4017,182
4018,182
4019,182
4020,182
4021,182
4022,182
4023,182
4024,182
4025,182
4026,182
4027,182
4028,182
4029,182
4030,182
4031,182
4032,182
4033,182
4034,182
4035,182
4036,182
4037,182
4038,182
4039,182
4040,182
4041,182
4042,182
4043,182
4044,182
4045,182
4046,182
4047,182
4048,182
4049,182
4050,182
4051,182
4052,182
4053,182
4054,182
4055,182
4056,182
4057,182
4058,182
4059,182
4060,182
4061,182
4062,182
4063,182
4064,182
4065,182
4066,182
4067,182
4068,182
4069,182
4070,182
4071,182
4072,182
4073,182
4074,182
4075,182
4076,182
4077,182
4078,182
4079,182
4080,182
4081,182
4082,183
4083,183
4084,183
4085,183
4086,182
4087,182
4088,183
4089,183
4090,183
4091,183
4092,183
4093,183
4094,183
4095,183
4096,183
4097,183
4098,183
4099,183
4100,183
4101,183
4102,183
4103,183
4104,183
4105,183
4106,183
4107,183
4108,183
4109,183
4110,183
4111,183
4112,183
4113,183
4114,183
4115,183
4116,183
4117,183
4118,183
4119,183
4120,183
4121,183
4122,183
4123,183
4124,183
4125,183
4126,183
4127,183
4128,183
4129,183
4130,183
4131,183
4132,183
4133,183
4134,183
4135,183
4136,183
4137,183
4138,183
4139,183
4140,183
4141,183
4142,183
4143,183
4144,183
4145,183
4146,183
4147,183
4148,183
4149,183
4150,183
4151,183
4152,183
4153,183
4154,183
4155,183
4156,183
4157,183
4158,184
4159,184
4160,184
4161,184
4162,184
4163,184
4164,184
4165,184
4166,184
4167,184
4168,184
4169,184
4170,184
4171,184
4172,184
4173,184
4174,184
4175,184
4176,184
4177,184
4178,184
4179,184
4180,184
4181,184
4182,184
4183,184
4184,184
4185,184
4186,184
4187,184
4188,184
4189,184
4190,184
4191,184
4192,184
4193,184
4194,184
4195,184
4196,184
4197,184
4198,184
4199,184
4200,184
4201,184
4202,184
4203,184
4204,184
4205,184
4206,184
4207,184
4208,184
4209,184
4210,184
4211,184
4212,184
4213,184
4214,183
4215,183
4216,184
4217,184
4218,184
4219,184
4220,184
4221,184
4222,183
4223,183
4224,183
4225,183
4226,183
4227,183
4228,183
4229,183
4230,183
4231,183
4232,183
4233,183
4234,183
4235,183
4236,183
4237,183
4238,183
4239,183
4240,183
4241,183
4242,183
4243,183
4244,183
4245,183
4246,183
4247,183
4248,183
4249,183
4250,183
4251,183
4252,183
4253,183
4254,183
4255,183
4256,183
4257,183
4258,183
4259,183
4260,183
4261,183
4262,183
4263,183
4264,183
4265,183
4266,183
4267,183
4268,183
4269,183
4270,183
4271,183
4272,183
4273,183
4274,183
4275,183
4276,183
4277,183
4278,183
4279,183
4280,183
4281,183
4282,183
4283,183
4284,183
4285,183
4286,183
4287,183
4288,183
4289,183
4290,183
4291,183
4292,183
4293,183
4294,183
4295,183
4296,183
4297,183
4298,183
4299,183
4300,183
4301,183
4302,183
4303,183
4304,183
4305,184
4306,183
4307,184
4308,184
4309,183
4310,183
4311,183
4312,183
4313,183
4314,183
4315,183
4316,183
4317,184
4318,184
4319,184
4320,184
4321,184
4322,184
4323,184
4324,183
4325,184
4326,184
4327,184
4328,184
4329,184
4330,184
4331,184
4332,184
4333,184
4334,184
4335,184
4336,184
4337,184
4338,184
4339,184
4340,184
4341,184
4342,184
4343,184
4344,183
4345,184
4346,183
4347,183
4348,183
4349,183
4350,183
4351,183
4352,183
4353,183
4354,183
4355,183
4356,183
4357,183
4358,183
4359,183
4360,183
4361,183
4362,183
4363,183
4364,183
4365,183
4366,183
4367,183
4368,183
4369,183
4370,183
4371,183
4372,183
4373,183
4374,183
4375,183
4376,183
4377,183
4378,184
4379,184
4380,183
4381,184
4382,184
4383,184
4384,184
4385,184
4386,184
4387,184
4388,183
4389,183
4390,183
4391,184
4392,184
4393,184
4394,184
4395,184
4396,184
4397,184
4398,184
4399,184
4400,184
4401,184
4402,184
4403,184
4404,184
4405,184
4406,184
4407,184
4408,184
4409,184
4410,184
4411,184
4412,184
4413,184
4414,184
4415,184
4416,184
4417,184
4418,184
4419,184
4420,184
4421,184
4422,184
4423,184
4424,184
4425,184
4426,184
4427,184
4428,184
4429,184
4430,184
4431,184
4432,184
4433,184
4434,184
4435,184
4436,184
4437,184
4438,184
4439,184
4440,184
4441,184
4442,184
4443,184
4444,184
4445,184
4446,184
4447,184
4448,184
4449,184
4450,184
4451,184
4452,184
4453,184
4454,184
4455,184
4456,184
4457,184
4458,184
4459,184
4460,184
4461,184
4462,184
4463,184
4464,184
4465,184
4466,184
4467,184
4468,184
4469,184
4470,184
4471,184
4472,184
4473,184
4474,184
4475,184
4476,184
4477,184
4478,184
4479,184
4480,184
4481,184
4482,184
4483,184
4484,184
4485,184
4486,184
4487,184
4488,184
4489,184
4490,185
4491,184
4492,185
4493,185
4494,185
4495,185
4496,185
4497,185
4498,185
4499,184
4500,185
4501,184
4502,184
4503,184
4504,184
4505,184
4506,185
4507,184
4508,185
4509,185
4510,184
4511,184
4512,185
4513,185
4514,185
4515,185
4516,185
4517,184
4518,184
4519,185
4520,185
4521,185
4522,185
4523,185
4524,185
4525,185
4526,185
4527,185
4528,185
4529,185
4530,185
4531,185
4532,185
4533,185
4534,185
4535,185
4536,185
4537,185
4538,185
4539,185
4540,185
4541,184
4542,184
4543,184
4544,185
4545,184
4546,184
4547,184
4548,184
4549,185
4550,185
4551,185
4552,185
4553,185
4554,185
4555,185
4556,185
4557,185
4558,185
4559,185
4560,185
4561,185
4562,185
4563,185
4564,185
4565,185
4566,185
4567,185
4568,185
4569,185
4570,185
4571,185
4572,185
4573,185
4574,185
4575,185
4576,185
4577,185
4578,185
4579,185
4580,185
4581,185
4582,185
4583,185
4584,185
4585,185
4586,185
4587,185
4588,185
4589,185
4590,185
4591,185
4592,185
4593,185
4594,185
4595,184
4596,185
4597,185
4598,185
4599,185
4600,184
4601,185
4602,185
4603,184
4604,184
4605,184
4606,184
4607,184
4608,184
4609,184
4610,184
4611,184
4612,184
4613,184
4614,184
4615,184
4616,184
4617,184
4618,184
4619,184
4620,184
4621,184
4622,184
4623,184
4624,184
4625,184
4626,184
4627,184
4628,184
4629,184
4630,185
4631,185
4632,185
4633,185
4634,185
4635,185
4636,185
4637,185
4638,185
4639,185
4640,185
4641,185
4642,185
4643,185
4644,185
4645,185
4646,185
4647,185
4648,185
4649,185
4650,185
4651,186
4652,186
4653,186
4654,186
4655,186
4656,186
4657,186
4658,186
4659,186
4660,186
4661,185
4662,185
4663,185
4664,186
4665,186
4666,186
4667,186
4668,186
4669,186
4670,186
4671,186
4672,186
4673,186
4674,186
4675,186
4676,186
4677,186
4678,186
4679,186
4680,186
4681,185
4682,185
4683,186
4684,186
4685,186
4686,186
4687,186
4688,186
4689,186
4690,186
4691,186
4692,186
4693,186
4694,186
4695,186
4696,186
4697,186
4698,186
4699,186
4700,186
4701,186
4702,186
4703,186
4704,186
4705,186
4706,186
4707,186
4708,186
4709,186
4710,186
4711,186
4712,186
4713,186
4714,186
4715,186
4716,186
4717,186
4718,185
4719,185
4720,185
4721,185
4722,185
4723,185
4724,185
4725,185
4726,185
4727,185
4728,185
4729,185
4730,185
4731,185
4732,185
4733,185
4734,185
4735,185
4736,185
4737,185
4738,185
4739,185
4740,185
4741,185
4742,185
4743,185
4744,185
4745,185
4746,185
4747,185
4748,185
4749,185
4750,185
4751,185
4752,185
4753,185
4754,185
4755,185
4756,185
4757,185
4758,185
4759,185
4760,185
4761,185
4762,185
4763,185
4764,185
4765,185
4766,185
4767,185
4768,185
4769,185
4770,185
4771,185
4772,185
4773,185
4774,185
4775,185
4776,185
4777,185
4778,185
4779,185
4780,185
4781,185
4782,185
4783,185
4784,185
4785,185
4786,185
4787,185
4788,185
4789,185
4790,185
4791,185
4792,185
4793,185
4794,185
4795,185
4796,185
4797,185
4798,185
4799,185
4800,185
4801,185
4802,185
4803,185
4804,185
4805,185
4806,185
4807,185
4808,185
4809,185
4810,185
4811,185
4812,185
4813,185
4814,185
4815,185
4816,185
4817,185
4818,186
4819,186
4820,186
4821,186
4822,186
4823,186
4824,186
4825,186
4826,186
4827,186
4828,186
4829,186
4830,186
4831,186
4832,186
4833,186
4834,186
4835,186
4836,186
4837,186
4838,186
4839,186
4840,186
4841,186
4842,186
4843,186
4844,186
4845,186
4846,186
4847,186
4848,186
4849,186
4850,186
4851,186
4852,186
4853,186
4854,187
4855,187
4856,186
4857,187
4858,187
4859,187
4860,187
4861,187
4862,187
4863,187
4864,186
4865,186
4866,186
4867,186
4868,186
4869,186
4870,186
4871,186
4872,186
4873,186
4874,186
4875,186
4876,186
4877,186
4878,186
4879,186
4880,186
4881,186
4882,186
4883,186
4884,186
4885,186
4886,186
4887,186
4888,186
4889,187
4890,187
4891,187
4892,187
4893,186
4894,186
4895,186
4896,187
4897,186
4898,186
4899,186
4900,186
4901,186
4902,186
4903,186
4904,186
4905,187
4906,187
4907,187
4908,187
4909,186
4910,187
4911,187
4912,187
4913,187
4914,187
4915,187
4916,187
4917,187
4918,187
4919,187
4920,187
4921,187
4922,186
4923,187
4924,187
4925,187
4926,187
4927,187
4928,187
4929,187
4930,187
4931,187
4932,187
4933,187
4934,187
4935,187
4936,187
4937,187
4938,187
4939,187
4940,187
4941,187
4942,187
4943,187
4944,187
4945,187
4946,187
4947,187
4948,187
4949,187
4950,187
4951,187
4952,187
4953,187
4954,187
4955,187
4956,187
4957,187
4958,187
4959,188
4960,188
4961,188
4962,188
4963,188
4964,187
4965,187
4966,187
4967,187
4968,187
4969,187
4970,188
4971,188
4972,188
4973,188
4974,188
4975,188
4976,188
4977,188
4978,188
4979,188
4980,188
4981,188
4982,188
4983,188
4984,188
4985,188
4986,188
4987,188
4988,188
4989,188
4990,188
4991,188
4992,188
4993,188
4994,188
4995,188
4996,188
4997,188
4998,188
4999,188
5000,188
5001,188
5002,188
5003,188
5004,188
5005,188
5006,188
5007,188
5008,188
5009,188
5010,188
5011,188
5012,188
5013,188
5014,188
5015,188
5016,188
5017,188
5018,188
5019,188
5020,188
5021,188
5022,188
5023,188
5024,188
5025,188
5026,188
5027,189
5028,189
5029,189
5030,189
5031,189
5032,189
5033,189
5034,189
5035,189
5036,189
5037,189
5038,189
5039,188
5040,188
5041,188
5042,188
5043,188
5044,188
5045,188
5046,188
5047,188
5048,188
5049,188
5050,188
5051,187
5052,187
5053,188
5054,188
5055,188
5056,188
5057,188
5058,188
5059,188
5060,188
5061,188
5062,188
5063,188
5064,188
5065,188
5066,187
5067,187
5068,187
5069,187
5070,187
5071,188
5072,188
5073,187
5074,187
5075,187
5076,187
5077,187
5078,187
5079,187
5080,187
5081,187
5082,187
5083,187
5084,187
5085,187
5086,187
5087,187
5088,187
5089,187
5090,187
5091,187
5092,187
5093,187
5094,187
5095,187
5096,187
5097,187
5098,187
5099,187
5100,187
5101,187
5102,187
5103,187
5104,187
5105,187
5106,187
5107,187
5108,187
5109,187
5110,187
5111,187
5112,187
5113,187
5114,187
5115,187
5116,187
5117,188
5118,187
5119,188
5120,188
5121,188
5122,188
5123,188
5124,188
5125,188
5126,188
5127,188
5128,188
5129,188
5130,188
5131,188
5132,188
5133,188
5134,188
5135,188
5136,188
5137,188
5138,188
5139,188
5140,188
5141,188
5142,188
5143,188
5144,188
5145,188
5146,188
5147,188
5148,188
5149,188
5150,188
5151,188
5152,188
5153,188
5154,188
5155,188
5156,188
5157,188
5158,188
5159,188
5160,188
5161,188
5162,188
5163,188
5164,188
5165,188
5166,188
5167,188
5168,188
5169,188
5170,188
5171,188
5172,188
5173,188
5174,188
5175,188
5176,188
5177,188
5178,188
5179,188
5180,188
5181,188
5182,188
5183,188
5184,187
5185,188
5186,188
5187,188
5188,188
5189,188
5190,188
5191,188
5192,188
5193,187
5194,187
5195,188
5196,188
5197,188
5198,187
5199,188
5200,188
5201,188
5202,188
5203,188
5204,188
5205,188
5206,188
5207,188
5208,188
5209,188
5210,188
5211,188
5212,188
5213,188
5214,188
5215,188
5216,188
5217,188
5218,188
5219,188
5220,188
5221,188
5222,188
5223,188
5224,188
5225,188
5226,188
5227,188
5228,188
5229,188
5230,188
5231,188
5232,188
5233,188
5234,188
5235,188
5236,188
5237,188
5238,188
5239,188
5240,188
5241,188
5242,188
5243,188
5244,188
5245,188
5246,188
5247,188
5248,188
5249,188
5250,188
5251,188
5252,188
5253,188
5254,188
5255,189
5256,188
5257,188
5258,188
5259,188
5260,189
5261,189
5262,189
5263,189
5264,189
5265,189
5266,189
5267,189
5268,189
5269,189
5270,189
5271,189
5272,189
5273,189
5274,189
5275,189
5276,189
5277,190
5278,189
5279,189
5280,189
5281,189
5282,189
5283,189
5284,189
5285,190
5286,189
5287,190
5288,190
5289,190
5290,190
5291,190
5292,190
5293,190
5294,190
5295,190
5296,190
5297,190
5298,190
5299,191
5300,190
5301,190
5302,190
5303,190
5304,191
5305,190
5306,190
5307,191
5308,191
5309,191
5310,191
5311,190
5312,191
5313,191
5314,191
5315,191
5316,191
5317,191
5318,191
5319,191
5320,190
5321,190
5322,190
5323,190
5324,190
5325,190
5326,190
5327,190
5328,190
5329,190
5330,190
5331,190
5332,190
5333,190
5334,191
5335,190
5336,190
5337,191
5338,191
5339,191
5340,191
5341,191
5342,191
5343,191
5344,191
5345,191
5346,191
5347,191
5348,191
5349,191
5350,191
5351,191
5352,191
5353,191
5354,191
5355,191
5356,191
5357,191
5358,191
5359,191
5360,191
5361,191
5362,191
5363,191
5364,191
5365,191
5366,191
5367,191
5368,191
5369,192
5370,191
5371,191
5372,191
5373,191
5374,192
5375,192
5376,191
5377,191
5378,191
5379,191
5380,191
5381,191
5382,191
5383,191
5384,191
5385,191
5386,191
5387,192
5388,192
5389,192
5390,192
5391,192
5392,192
5393,192
5394,192
5395,192
5396,192
5397,192
5398,192
5399,192
5400,192
5401,192
5402,192
5403,192
5404,192
5405,192
5406,192
5407,192
5408,192
5409,192
5410,192
5411,192
5412,192
5413,193
5414,193
5415,193
5416,193
5417,193
5418,193
5419,193
5420,193
5421,193
5422,193
5423,193
5424,193
5425,193
5426,193
5427,193
5428,193
5429,193
5430,193
5431,193
5432,193
5433,193
5434,193
5435,193
5436,193
5437,193
5438,193
5439,193
5440,193
5441,193
5442,193
5443,193
5444,193
5445,193
5446,193
5447,193
5448,193
5449,193
5450,193
5451,193
5452,193
5453,193
5454,193
5455,193
5456,193
5457,193
5458,193
5459,193
5460,193
5461,193
5462,193
5463,193
5464,193
5465,193
5466,193
5467,193
5468,193
5469,193
5470,193
5471,193
5472,193
5473,193
5474,193
5475,193
5476,193
5477,193
5478,193
5479,193
5480,193
5481,193
5482,193
5483,193
5484,193
5485,193
5486,193
5487,193
5488,193
5489,193
5490,194
5491,194
5492,193
5493,193
5494,194
5495,194
5496,194
5497,194
5498,194
5499,194
5500,194
5501,194
5502,194
5503,194
5504,194
5505,194
5506,194
5507,194
5508,194
5509,194
5510,194
5511,194
5512,194
5513,194
5514,194
5515,194
5516,194
5517,194
5518,194
5519,194
5520,194
5521,194
5522,194
5523,194
5524,194
5525,194
5526,194
5527,194
5528,194
5529,194
5530,194
5531,194
5532,194
5533,194
5534,194
5535,194
5536,194
5537,194
5538,194
5539,194
5540,194
5541,194
5542,194
5543,194
5544,194
5545,194
5546,194
5547,194
5548,194
5549,194
5550,194
5551,194
5552,194
5553,194
5554,194
5555,194
5556,194
5557,194
5558,194
5559,194
5560,194
5561,195
5562,195
5563,195
5564,195
5565,195
5566,195
5567,195
5568,195
5569,195
5570,195
5571,195
5572,195
5573,195
5574,195
5575,195
5576,195
5577,195
5578,195
5579,195
5580,195
5581,195
5582,195
5583,195
5584,195
5585,195
5586,195
5587,195
5588,195
5589,195
5590,195
5591,195
5592,195
5593,195
5594,195
5595,195
5596,195
5597,195
5598,195
5599,196
5600,196
5601,195
5602,195
5603,195
5604,195
5605,195
5606,196
5607,196
5608,195
5609,196
5610,196
5611,196
5612,196
5613,196
5614,196
5615,196
5616,196
5617,196
5618,196
5619,196
5620,196
5621,196
5622,196
5623,196
5624,196
5625,196
5626,196
5627,196
5628,196
5629,196
5630,196
5631,196
5632,196
5633,196
5634,196
5635,196
5636,196
5637,196
5638,196
5639,196
5640,196
5641,196
5642,196
5643,196
5644,196
5645,196
5646,196
5647,196
5648,196
5649,196
5650,196
5651,196
5652,196
5653,197
5654,196
5655,196
5656,197
5657,197
5658,197
5659,197
5660,197
5661,197
5662,197
5663,197
5664,197
5665,197
5666,197
5667,197
5668,197
5669,197
5670,197
5671,197
5672,197
5673,197
5674,197
5675,197
5676,197
5677,197
5678,197
5679,197
5680,197
5681,196
5682,196
5683,197
5684,197
5685,196
5686,197
5687,197
5688,197
5689,196
5690,196
5691,196
5692,196
5693,196
5694,196
5695,196
5696,196
5697,197
5698,197
5699,197
5700,197
5701,197
5702,197
5703,197
5704,197
5705,197
5706,197
5707,196
5708,197
5709,196
5710,196
5711,196
5712,196
5713,196
5714,196
5715,197
5716,196
5717,197
5718,197
5719,197
5720,197
5721,197
5722,197
5723,197
5724,197
5725,198
5726,198
5727,198
5728,198
5729,198
5730,198
5731,197
5732,198
5733,197
5734,198
5735,198
5736,198
5737,198
5738,198
5739,198
5740,198
5741,198
5742,198
5743,198
5744,198
5745,198
5746,198
5747,198
5748,198
5749,198
5750,198
5751,198
5752,198
5753,198
5754,197
5755,197
5756,197
5757,197
5758,197
5759,197
5760,197
5761,197
5762,197
5763,197
5764,197
5765,197
5766,197
5767,197
5768,197
5769,197
5770,197
5771,197
5772,197
5773,197
5774,198
5775,198
5776,198
5777,197
5778,198
5779,198
5780,198
5781,198
5782,198
5783,198
5784,198
5785,198
5786,198
5787,198
5788,198
5789,198
5790,198
5791,198
5792,198
5793,198
5794,198
5795,198
5796,198
5797,198
5798,198
5799,198
5800,198
5801,198
5802,198
5803,198
5804,198
5805,198
5806,198
5807,198
5808,198
5809,198
5810,198
5811,198
5812,198
5813,198
5814,198
5815,199
5816,199
5817,199
5818,199
5819,199
5820,199
5821,199
5822,199
5823,199
5824,199
5825,199
5826,199
5827,199
5828,199
5829,199
5830,199
5831,199
5832,199
5833,198
5834,198
5835,198
5836,199
5837,199
5838,199
5839,199
5840,199
5841,199
5842,199
5843,199
5844,199
5845,199
5846,199
5847,199
5848,199
5849,199
5850,199
5851,199
5852,198
5853,198
5854,198
5855,198
5856,198
5857,198
5858,198
5859,198
5860,198
5861,199
5862,199
5863,199
5864,199
5865,199
5866,199
5867,199
5868,199
5869,199
5870,199
5871,199
5872,199
5873,199
5874,199
5875,199
5876,199
5877,199
5878,199
5879,199
5880,199
5881,199
5882,199
5883,199
5884,199
5885,199
5886,199
5887,199
5888,199
5889,199
5890,199
5891,199
5892,199
5893,199
5894,199
5895,199
5896,199
5897,199
5898,199
5899,199
5900,199
5901,199
5902,199
5903,199
5904,199
5905,199
5906,199
5907,199
5908,199
5909,199
5910,199
5911,199
5912,199
5913,199
5914,199
5915,199
5916,199
5917,199
5918,199
5919,199
5920,199
5921,199
5922,199
5923,199
5924,199
5925,199
5926,199
5927,199
5928,199
5929,199
5930,199
5931,199
5932,199
5933,199
5934,199
5935,199
5936,199
5937,199
5938,199
5939,199
5940,199
5941,199
5942,200
5943,199
5944,200
5945,200
5946,200
5947,200
5948,200
5949,200
5950,200
5951,200
5952,200
5953,200
5954,200
5955,200
5956,200
5957,199
5958,200
5959,200
5960,200
5961,199
5962,200
5963,200
5964,200
5965,200
5966,200
5967,200
5968,200
5969,200
5970,200
5971,200
5972,200
5973,200
5974,200
5975,200
5976,200
5977,200
5978,200
5979,200
5980,200
5981,200
5982,200
5983,200
5984,200
5985,200
5986,200
5987,200
5988,200
5989,200
5990,200
5991,200
5992,200
5993,200
5994,200
5995,200
5996,200
5997,200
5998,200
5999,200
6000,200
6001,200
6002,200
6003,200
6004,200
6005,200
6006,200
6007,200
6008,200
6009,200
6010,200
6011,200
6012,200
6013,200
6014,200
6015,200
6016,200
6017,200
6018,200
6019,200
6020,200
6021,200
6022,200
6023,200
6024,200
6025,200
6026,200
6027,200
6028,201
6029,201
6030,201
6031,200
6032,200
6033,201
6034,200
6035,200
6036,200
6037,200
6038,201
6039,201
6040,201
6041,200
6042,201
6043,201
6044,201
6045,201
6046,201
6047,201
6048,201
6049,200
6050,200
6051,200
6052,200
6053,200
6054,200
6055,200
6056,200
6057,200
6058,200
6059,200
6060,200
6061,200
6062,200
6063,199
6064,200
6065,200
6066,200
6067,200
6068,200
6069,200
6070,199
6071,200
6072,200
6073,200
6074,199
6075,199
6076,200
6077,199
6078,199
6079,199
6080,200
6081,200
6082,200
6083,200
6084,200
6085,199
6086,199
6087,200
6088,199
6089,199
6090,199
6091,199
6092,199
6093,199
6094,199
6095,199
6096,200
6097,199
6098,199
6099,200
6100,200
6101,200
6102,200
6103,200
6104,200
6105,200
6106,200
6107,200
6108,200
6109,200
6110,200
6111,199
6112,199
6113,199
6114,199
6115,199
6116,199
6117,199
6118,199
6119,200
6120,200
6121,199
6122,199
6123,199
6124,199
6125,199
6126,200
6127,199
6128,200
6129,199
6130,199
6131,199
6132,199
6133,200
6134,199
6135,200
6136,200
6137,200
6138,199
6139,199
6140,199
6141,200
6142,199
6143,199
6144,200
6145,200
6146,200
6147,200
6148,200
6149,200
6150,200
6151,200
6152,200
6153,200
6154,200
6155,199
6156,199
6157,199
6158,199
6159,199
6160,199
6161,199
6162,200
6163,200
6164,200
6165,200
6166,199
6167,199
6168,200
6169,200
6170,200
6171,200
6172,200
6173,200
6174,200
6175,200
6176,200
6177,200
6178,200
6179,200
6180,200
6181,200
6182,200
6183,200
6184,200
6185,200
6186,200
6187,200
6188,200
6189,200
6190,200
6191,200
6192,200
6193,200
6194,200
6195,200
6196,200
6197,200
6198,201
6199,201
6200,201
6201,201
6202,201
6203,201
6204,201
6205,201
6206,201
6207,200
6208,200
6209,200
6210,200
6211,200
6212,200
6213,200
6214,200
6215,200
6216,201
6217,201
6218,201
6219,201
6220,201
6221,201
6222,201
6223,201
6224,201
6225,201
6226,201
6227,201
6228,201
6229,201
6230,201
6231,201
6232,201
6233,201
6234,201
6235,201
6236,202
6237,202
6238,201
6239,201
6240,201
6241,201
6242,201
6243,201
6244,201
6245,202
6246,201
6247,201
6248,201
6249,202
6250,202
6251,201
6252,201
6253,202
6254,201
6255,201
6256,201
6257,202
6258,202
6259,202
6260,202
6261,202
6262,202
6263,202
6264,202
6265,203
6266,203
6267,203
6268,203
6269,203
6270,203
6271,203
6272,203
6273,203
6274,203
6275,202
6276,202
6277,202
6278,203
6279,203
6280,203
6281,203
6282,203
6283,203
6284,203
6285,203
6286,203
6287,203
6288,203
6289,203
6290,203
6291,203
6292,203
6293,203
6294,203
6295,203
6296,203
6297,203
6298,203
6299,203
6300,203
6301,203
6302,203
6303,203
6304,203
6305,203
6306,203
6307,203
6308,203
6309,203
6310,203
6311,203
6312,202
6313,202
6314,202
6315,202
6316,203
6317,203
6318,203
6319,203
6320,203
6321,203
6322,203
6323,203
6324,203
6325,203
6326,203
6327,203
6328,203
6329,203
6330,203
6331,203
6332,203
6333,203
6334,203
6335,203
6336,203
6337,203
6338,203
6339,203
6340,203
6341,203
6342,203
6343,203
6344,203
6345,203
6346,202
6347,203
6348,202
6349,203
6350,203
6351,203
6352,203
6353,203
6354,203
6355,203
6356,203
6357,203
6358,203
6359,203
6360,203
6361,203
6362,203
6363,203
6364,203
6365,203
6366,203
6367,203
6368,203
6369,203
6370,202
6371,202
6372,202
6373,202
6374,202
6375,202
6376,202
6377,202
6378,202
6379,202
6380,203
6381,203
6382,202
6383,203
6384,203
6385,203
6386,203
6387,203
6388,203
6389,203
6390,203
6391,203
6392,203
6393,202
6394,203
6395,203
6396,203
6397,203
6398,203
6399,203
6400,203
6401,203
6402,203
6403,203
6404,203
6405,203
6406,203
6407,203
6408,203
6409,203
6410,203
6411,204
6412,203
6413,204
6414,203
6415,204
6416,204
6417,204
6418,204
6419,204
6420,204
6421,204
6422,204
6423,204
6424,204
6425,204
6426,204
6427,204
6428,204
6429,204
6430,204
6431,204
6432,204
6433,204
6434,204
6435,204
6436,204
6437,204
6438,204
6439,203
6440,203
6441,203
6442,203
6443,204
6444,203
6445,203
6446,203
6447,203
6448,203
6449,204
6450,204
6451,204
6452,203
6453,203
6454,203
6455,203
6456,203
6457,203
6458,203
6459,203
6460,203
6461,203
6462,203
6463,203
6464,203
6465,203
6466,203
6467,203
6468,203
6469,203
6470,203
6471,203
6472,203
6473,203
6474,203
6475,203
6476,203
6477,203
6478,203
6479,203
6480,203
6481,203
6482,203
6483,203
6484,203
6485,203
6486,203
6487,203
6488,203
6489,203
6490,203
6491,203
6492,203
6493,204
6494,204
6495,204
6496,204
6497,204
6498,204
6499,204
6500,204
6501,204
6502,204
6503,204
6504,204
6505,204
6506,204
6507,204
6508,204
6509,204
6510,204
6511,204
6512,204
6513,204
6514,204
6515,204
6516,204
6517,204
6518,204
6519,204
6520,204
6521,204
6522,204
6523,204
6524,204
6525,204
6526,204
6527,204
6528,204
6529,204
6530,204
6531,204
6532,204
6533,204
6534,204
6535,204
6536,204
6537,204
6538,204
6539,204
6540,204
6541,204
6542,204
6543,204
6544,204
6545,204
6546,204
6547,204
6548,204
6549,204
6550,204
6551,204
6552,204
6553,204
6554,204
6555,204
6556,204
6557,204
6558,204
6559,204
6560,204
6561,204
6562,204
6563,204
6564,204
6565,204
6566,204
6567,204
6568,204
6569,204
6570,204
6571,204
6572,204
6573,204
6574,204
6575,204
6576,204
6577,204
6578,204
6579,204
6580,204
6581,204
6582,204
6583,204
6584,204
6585,204
6586,204
6587,204
6588,204
6589,204
6590,204
6591,204
6592,203
6593,203
6594,204
6595,204
6596,204
6597,204
6598,204
6599,204
6600,204
6601,204
6602,204
6603,204
6604,204
6605,204
6606,204
6607,204
6608,204
6609,204
6610,204
6611,204
6612,204
6613,204
6614,204
6615,204
6616,204
6617,204
6618,204
6619,204
6620,204
6621,204
6622,204
6623,204
6624,204
6625,204
6626,204
6627,204
6628,204
6629,204
6630,204
6631,204
6632,204
6633,204
6634,204
6635,204
6636,204
6637,204
6638,204
6639,204
6640,204
6641,204
6642,204
6643,204
6644,204
6645,204
6646,204
6647,204
6648,204
6649,204
6650,204
6651,204
6652,205
6653,205
6654,205
6655,205
6656,205
6657,205
6658,205
6659,205
6660,205
6661,205
6662,205
6663,205
6664,204
6665,205
6666,204
6667,204
6668,204
6669,204
6670,204
6671,204
6672,204
6673,204
6674,204
6675,204
6676,204
6677,204
6678,205
6679,204
6680,204
6681,205
6682,205
6683,205
6684,205
6685,205
6686,205
6687,205
6688,205
6689,205
6690,205
6691,205
6692,205
6693,205
6694,205
6695,205
6696,205
6697,205
6698,205
6699,205
6700,205
6701,205
6702,205
6703,205
6704,205
6705,205
6706,205
6707,205
6708,205
6709,205
6710,205
6711,205
6712,205
6713,205
6714,205
6715,205
6716,205
6717,205
6718,205
6719,205
6720,205
6721,205
6722,205
6723,205
6724,205
6725,205
6726,205
6727,205
6728,205
6729,205
6730,205
6731,205
6732,205
6733,205
6734,205
6735,205
6736,205
6737,205
6738,205
6739,205
6740,206
6741,206
6742,206
6743,206
6744,205
6745,205
6746,205
6747,205
6748,205
6749,205
6750,205
6751,205
6752,205
6753,205
6754,205
6755,205
6756,205
6757,205
6758,205
6759,205
6760,205
6761,205
6762,205
6763,205
6764,205
6765,205
6766,205
6767,205
6768,205
6769,205
6770,205
6771,205
6772,205
6773,205
6774,205
6775,205
6776,205
6777,205
6778,205
6779,205
6780,206
6781,206
6782,206
6783,206
6784,206
6785,206
6786,206
6787,206
6788,206
6789,206
6790,206
6791,206
6792,206
6793,206
6794,206
6795,206
6796,206
6797,206
6798,206
6799,206
6800,206
6801,206
6802,206
6803,206
6804,206
6805,206
6806,206
6807,206
6808,206
6809,206
6810,206
6811,206
6812,206
6813,206
6814,206
6815,206
6816,206
6817,206
6818,206
6819,206
6820,206
6821,206
6822,206
6823,207
6824,207
6825,207
6826,207
6827,206
6828,207
6829,207
6830,207
6831,206
6832,206
6833,206
6834,207
6835,207
6836,207
6837,207
6838,206
6839,206
6840,207
6841,207
6842,207
6843,207
6844,207
6845,207
6846,207
6847,207
6848,207
6849,207
6850,207
6851,207
6852,207
6853,207
6854,207
6855,207
6856,207
6857,207
6858,207
6859,207
6860,207
6861,207
6862,207
6863,207
6864,207
6865,207
6866,207
6867,207
6868,207
6869,207
6870,207
6871,207
6872,207
6873,207
6874,207
6875,208
6876,208
6877,208
6878,208
6879,208
6880,208
6881,208
6882,207
6883,207
6884,207
6885,207
6886,207
6887,207
6888,208
6889,208
6890,208
6891,208
6892,208
6893,208
6894,208
6895,208
6896,208
6897,208
6898,208
6899,208
6900,208
6901,208
6902,208
6903,208
6904,208
6905,208
6906,208
6907,208
6908,208
6909,208
6910,208
6911,208
6912,208
6913,208
6914,208
6915,208
6916,208
6917,208
6918,208
6919,208
6920,208
6921,208
6922,208
6923,209
6924,209
6925,208
6926,208
6927,208
6928,208
6929,208
6930,208
6931,208
6932,208
6933,209
6934,209
6935,209
6936,209
6937,209
6938,209
6939,209
6940,209
6941,209
6942,209
6943,209
6944,209
6945,209
6946,210
6947,209
6948,209
6949,210
6950,210
6951,210
6952,210
6953,210
6954,210
6955,210
6956,210
6957,210
6958,210
6959,210
6960,210
6961,210
6962,210
6963,210
6964,210
6965,210
6966,210
6967,210
6968,210
6969,210
6970,210
6971,210
6972,210
6973,210
6974,210
6975,210
6976,210
6977,210
6978,210
6979,210
6980,210
6981,211
6982,210
6983,210
6984,210
6985,210
6986,210
6987,210
6988,210
6989,211
6990,210
6991,210
6992,210
6993,211
6994,211
6995,211
6996,211
6997,210
6998,210
6999,210
7000,210
7001,210
7002,210
7003,210
7004,211
7005,210
7006,210
7007,210
7008,210
7009,210
7010,211
7011,211
7012,211
7013,211
7014,211
7015,211
7016,211
7017,211
7018,211
7019,211
7020,211
7021,211
7022,211
7023,211
7024,211
7025,211
7026,211
7027,211
7028,211
7029,211
7030,210
7031,210
7032,210
7033,210
7034,210
7035,210
7036,210
7037,211
7038,211
7039,211
7040,211
7041,211
7042,211
7043,211
7044,211
7045,211
7046,211
7047,211
7048,211
7049,211
7050,211
7051,211
7052,211
7053,211
7054,211
7055,211
7056,211
7057,211
7058,211
7059,211
7060,211
7061,211
7062,211
7063,211
7064,211
7065,211
7066,211
7067,211
7068,211
7069,211
7070,211
7071,211
7072,211
7073,211
7074,211
7075,211
7076,211
7077,211
7078,211
7079,211
7080,211
7081,211
7082,211
7083,211
7084,211
7085,211
7086,211
7087,211
7088,211
7089,211
7090,211
7091,211
7092,211
7093,211
7094,211
7095,211
7096,211
7097,211
7098,211
7099,211
7100,211
7101,212
7102,212
7103,212
7104,212
7105,212
7106,211
7107,211
7108,211
7109,212
7110,212
7111,211
7112,211
7113,211
7114,211
7115,211
7116,211
7117,211
7118,212
7119,212
7120,212
7121,212
7122,212
7123,212
7124,211
7125,211
7126,211
7127,211
7128,211
7129,211
7130,212
7131,212
7132,212
7133,212
7134,212
7135,212
7136,212
7137,212
7138,212
7139,212
7140,212
7141,212
7142,212
7143,212
7144,212
7145,212
7146,212
7147,212
7148,212
7149,212
7150,212
7151,212
7152,213
7153,213
7154,213
7155,213
7156,213
7157,212
7158,212
7159,212
7160,212
7161,212
7162,212
7163,213
7164,213
7165,213
7166,213
7167,213
7168,213
7169,212
7170,212
7171,212
7172,213
7173,213
7174,213
7175,213
7176,213
7177,213
7178,212
7179,212
7180,212
7181,212
7182,212
7183,212
7184,212
7185,212
7186,212
7187,212
7188,212
7189,212
7190,212
7191,212
7192,212
7193,212
7194,212
7195,212
7196,212
7197,212
7198,212
7199,212
7200,212
7201,212
7202,212
7203,212
7204,212
7205,212
7206,212
7207,212
7208,212
7209,212
7210,212
7211,212
7212,212
7213,212
7214,211
7215,211
7216,211
7217,211
7218,211
7219,211
7220,211
7221,211
7222,211
7223,211
7224,211
7225,212
7226,211
7227,211
7228,211
7229,211
7230,211
7231,211
7232,211
7233,211
7234,211
7235,211
7236,211
7237,211
7238,211
7239,211
7240,211
7241,211
7242,211
7243,211
7244,211
7245,211
7246,211
7247,211
7248,211
7249,211
7250,211
7251,211
7252,211
7253,211
7254,211
7255,211
7256,211
7257,211
7258,211
7259,211
7260,211
7261,211
7262,211
7263,211
7264,211
7265,211
7266,211
7267,211
7268,211
7269,212
7270,211
7271,211
7272,211
7273,211
7274,211
7275,211
7276,212
7277,212
7278,212
7279,212
7280,212
7281,212
7282,212
7283,212
7284,212
7285,212
7286,212
7287,212
7288,212
7289,212
7290,212
7291,212
7292,212
7293,212
7294,212
7295,212
7296,212
7297,212
7298,212
7299,212
7300,212
7301,212
7302,212
7303,212
7304,212
7305,212
7306,212
7307,212
7308,212
7309,212
7310,212
7311,212
7312,212
7313,212
7314,212
7315,212
7316,212
7317,212
7318,212
7319,212
7320,212
7321,213
7322,212
7323,212
7324,212
7325,212
7326,212
7327,212
7328,212
7329,212
7330,212
7331,212
7332,212
7333,212
7334,212
7335,212
7336,212
7337,213
7338,213
7339,213
7340,213
7341,213
7342,213
7343,213
7344,213
7345,213
7346,212
7347,212
7348,212
7349,212
7350,212
7351,212
7352,212
7353,213
7354,213
7355,213
7356,213
7357,213
7358,213
7359,213
7360,213
7361,213
7362,213
7363,213
7364,213
7365,213
7366,213
7367,213
7368,213
7369,213
7370,213
7371,213
7372,213
7373,213
7374,213
7375,213
7376,213
7377,213
7378,213
7379,213
7380,213
7381,213
7382,213
7383,213
7384,213
7385,213
7386,213
7387,213
7388,213
7389,213
7390,213
7391,213
7392,213
7393,213
7394,213
7395,213
7396,213
7397,213
7398,213
7399,213
7400,213
7401,213
7402,213
7403,213
7404,213
7405,213
7406,213
7407,213
7408,213
7409,213
7410,213
7411,213
7412,213
7413,213
7414,213
7415,214
7416,214
7417,214
7418,214
7419,214
7420,214
7421,214
7422,214
7423,214
7424,213
7425,214
7426,214
7427,214
7428,214
7429,214
7430,214
7431,214
7432,214
7433,214
7434,214
7435,214
7436,214
7437,214
7438,214
7439,214
7440,214
7441,214
7442,215
7443,214
7444,214
7445,214
7446,215
7447,214
7448,214
7449,214
7450,214
7451,214
7452,214
7453,214
7454,214
7455,214
7456,214
7457,214
7458,214
7459,214
7460,214
7461,214
7462,214
7463,214
7464,214
7465,214
7466,214
7467,214
7468,214
7469,214
7470,214
7471,214
7472,214
7473,214
7474,214
7475,214
7476,214
7477,214
7478,214
7479,214
7480,214
7481,214
7482,214
7483,214
7484,214
7485,214
7486,214
7487,214
7488,214
7489,214
7490,214
7491,214
7492,214
7493,214
7494,214
7495,214
7496,214
7497,214
7498,214
7499,214
7500,214
7501,214
7502,214
7503,214
7504,214
7505,214
7506,214
7507,214
7508,214
7509,214
7510,214
7511,214
7512,214
7513,214
7514,214
7515,214
7516,214
7517,214
7518,214
7519,214
7520,214
7521,214
7522,214
7523,214
7524,214
7525,214
7526,214
7527,214
7528,214
7529,214
7530,214
7531,214
7532,214
7533,214
7534,214
7535,214
7536,214
7537,214
7538,214
7539,214
7540,214
7541,214
7542,214
7543,214
7544,214
7545,214
7546,214
7547,214
7548,214
7549,214
7550,214
7551,214
7552,214
7553,214
7554,214
7555,214
7556,214
7557,214
7558,214
7559,214
7560,214
7561,214
7562,214
7563,214
7564,214
7565,214
7566,214
7567,214
7568,214
7569,214
7570,214
7571,214
7572,214
7573,214
7574,214
7575,214
7576,214
7577,214
7578,214
7579,214
7580,214
7581,214
7582,214
7583,214
7584,214
7585,214
7586,214
7587,214
7588,214
7589,214
7590,214
7591,214
7592,214
7593,214
7594,214
7595,214
7596,214
7597,214
7598,214
7599,214
7600,214
7601,214
7602,214
7603,214
7604,214
7605,213
7606,213
7607,213
7608,213
7609,213
7610,213
7611,213
7612,213
7613,213
7614,213
7615,213
7616,213
7617,213
7618,214
7619,213
7620,213
7621,213
7622,213
7623,213
7624,213
7625,213
7626,213
7627,213
7628,213
7629,213
7630,213
7631,213
7632,213
7633,213
7634,213
7635,213
7636,212
7637,213
7638,212
7639,212
7640,212
7641,212
7642,212
7643,212
7644,212
7645,212
7646,212
7647,212
7648,212
7649,212
7650,213
7651,213
7652,212
7653,212
7654,213
7655,212
7656,212
7657,213
7658,213
7659,213
7660,213
7661,213
7662,213
7663,213
7664,213
7665,213
7666,213
7667,213
7668,213
7669,213
7670,213
7671,213
7672,213
7673,213
7674,213
7675,213
7676,213
7677,213
7678,213
7679,213
7680,213
7681,213
7682,213
7683,213
7684,213
7685,213
7686,213
7687,213
7688,213
7689,213
7690,213
7691,213
7692,213
7693,213
7694,213
7695,213
7696,213
7697,213
7698,213
7699,213
7700,213
7701,213
7702,213
7703,213
7704,213
7705,213
7706,213
7707,214
7708,214
7709,213
7710,213
7711,213
7712,213
7713,213
7714,213
7715,213
7716,213
7717,213
7718,213
7719,213
7720,213
7721,213
7722,213
7723,214
7724,214
7725,214
7726,214
7727,214
7728,214
7729,214
7730,214
7731,214
7732,214
7733,214
7734,214
7735,214
7736,214
7737,214
7738,214
7739,214
7740,214
7741,214
7742,214
7743,214
7744,214
7745,214
7746,214
7747,214
7748,214
7749,214
7750,214
7751,214
7752,214
7753,214
7754,214
7755,214
7756,214
7757,214
7758,214
7759,214
7760,214
7761,214
7762,214
7763,214
7764,214
7765,214
7766,213
7767,213
7768,214
7769,214
7770,214
7771,214
7772,214
7773,214
7774,214
7775,214
7776,214
7777,214
7778,214
7779,214
7780,214
7781,214
7782,214
7783,214
7784,214
7785,214
7786,214
7787,214
7788,214
7789,214
7790,214
7791,214
7792,214
7793,214
7794,214
7795,213
7796,213
7797,213
7798,213
7799,214
7800,213
7801,214
7802,214
7803,214
7804,214
7805,214
7806,214
7807,214
7808,214
7809,214
7810,214
7811,214
7812,214
7813,214
7814,214
7815,214
7816,214
7817,214
7818,214
7819,214
7820,214
7821,214
7822,214
7823,214
7824,214
7825,214
7826,214
7827,215
7828,215
7829,215
7830,215
7831,215
7832,215
7833,215
7834,215
7835,215
7836,215
7837,215
7838,215
7839,215
7840,215
7841,215
7842,215
7843,215
7844,215
7845,214
7846,215
7847,214
7848,215
7849,215
7850,215
7851,215
7852,215
7853,215
7854,215
7855,215
7856,215
7857,215
7858,215
7859,215
7860,215
7861,215
7862,214
7863,214
7864,215
7865,215
7866,215
7867,215
7868,215
7869,215
7870,215
7871,215
7872,215
7873,215
7874,215
7875,215
7876,215
7877,215
7878,215
7879,215
7880,215
7881,215
7882,215
7883,215
7884,215
7885,215
7886,216
7887,215
7888,216
7889,216
7890,216
7891,216
7892,216
7893,216
7894,216
7895,216
7896,216
7897,216
7898,216
7899,216
7900,216
7901,216
7902,216
7903,216
7904,216
7905,216
7906,216
7907,216
7908,216
7909,216
7910,216
7911,216
7912,216
7913,216
7914,216
7915,216
7916,216
7917,216
7918,216
7919,216
7920,217
7921,217
7922,216
7923,216
7924,216
7925,216
7926,216
7927,217
7928,217
7929,217
7930,217
7931,217
7932,217
7933,217
7934,217
7935,217
7936,217
7937,216
7938,217
7939,217
7940,217
7941,217
7942,216
7943,217
7944,217
7945,217
7946,217
7947,217
7948,217
7949,217
7950,217
7951,217
7952,217
7953,217
7954,217
7955,217
7956,217
7957,217
7958,217
7959,217
7960,217
7961,217
7962,217
7963,217
7964,218
7965,217
7966,217
7967,218
7968,218
7969,217
7970,217
7971,218
7972,218
7973,218
7974,217
7975,217
7976,217
7977,217
7978,217
7979,217
7980,217
7981,217
7982,217
7983,217
7984,217
7985,217
7986,217
7987,217
7988,218
7989,218
7990,218
7991,218
7992,218
7993,218
7994,218
7995,218
7996,218
7997,217
7998,218
7999,218
8000,218
8001,218
8002,218
8003,218
8004,218
8005,218
8006,218
8007,218
8008,218
8009,218
8010,218
8011,218
8012,218
8013,218
8014,218
8015,218
8016,218
8017,217
8018,218
8019,218
8020,218
8021,217
8022,217
8023,217
8024,217
8025,217
8026,217
8027,217
8028,217
8029,217
8030,217
8031,217
8032,217
8033,217
8034,217
8035,217
8036,217
8037,217
8038,217
8039,217
8040,217
8041,217
8042,217
8043,217
8044,217
8045,217
8046,217
8047,217
8048,217
8049,217
8050,217
8051,217
8052,217
8053,217
8054,217
8055,218
8056,218
8057,218
8058,218
8059,218
8060,218
8061,218
8062,218
8063,217
8064,218
8065,217
8066,217
8067,217
8068,217
8069,217
8070,217
8071,217
8072,217
8073,217
8074,217
8075,217
8076,217
8077,217
8078,217
8079,217
8080,217
8081,217
8082,217
8083,217
8084,217
8085,217
8086,217
8087,217
8088,217
8089,217
8090,217
8091,217
8092,217
8093,217
8094,217
8095,217
8096,217
8097,217
8098,217
8099,217
8100,217
8101,217
8102,217
8103,217
8104,217
8105,217
8106,217
8107,217
8108,217
8109,217
8110,217
8111,217
8112,217
8113,217
8114,217
8115,217
8116,217
8117,217
8118,217
8119,217
8120,217
8121,217
8122,217
8123,217
8124,217
8125,217
8126,217
8127,217
8128,217
8129,217
8130,217
8131,217
8132,217
8133,217
8134,217
8135,217
8136,217
8137,217
8138,217
8139,217
8140,217
8141,217
8142,217
8143,217
8144,217
8145,217
8146,217
8147,217
8148,217
8149,217
8150,217
8151,217
8152,217
8153,217
8154,217
8155,217
8156,217
8157,217
8158,217
8159,217
8160,217
8161,217
8162,217
8163,217
8164,217
8165,217
8166,217
8167,218
8168,218
8169,217
8170,217
8171,218
8172,218
8173,217
8174,218
8175,218
8176,218
8177,218
8178,218
8179,218
8180,218
8181,218
8182,218
8183,218
8184,218
8185,218
8186,218
8187,218
8188,218
8189,218
8190,218
8191,218
8192,218
8193,218
8194,218
8195,218
8196,218
8197,218
8198,218
8199,218
8200,218
8201,218
8202,218
8203,218
8204,218
8205,218
8206,218
8207,218
8208,218
8209,218
8210,218
8211,218
8212,218
8213,218
8214,218
8215,218
8216,218
8217,218
8218,218
8219,218
8220,218
8221,218
8222,218
8223,218
8224,218
8225,218
8226,218
8227,218
8228,218
8229,218
8230,218
8231,218
8232,218
8233,218
8234,218
8235,218
8236,218
8237,218
8238,218
8239,218
8240,218
8241,218
8242,218
8243,218
8244,218
8245,218
8246,218
8247,218
8248,218
8249,218
8250,218
8251,219
8252,219
8253,219
8254,219
8255,219
8256,219
8257,219
8258,219
8259,219
8260,219
8261,219
8262,219
8263,219
8264,219
8265,219
8266,219
8267,219
8268,219
8269,219
8270,219
8271,219
8272,219
8273,219
8274,219
8275,219
8276,219
8277,219
8278,219
8279,219
8280,220
8281,220
8282,220
8283,220
8284,220
8285,220
8286,220
8287,220
8288,220
8289,220
8290,220
8291,221
8292,220
8293,220
8294,220
8295,220
8296,220
8297,220
8298,220
8299,220
8300,220
8301,220
8302,220
8303,220
8304,220
8305,220
8306,220
8307,220
8308,220
8309,220
8310,220
8311,220
8312,220
8313,220
8314,220
8315,220
8316,219
8317,220
8318,220
8319,219
8320,220
8321,220
8322,220
8323,219
8324,219
8325,219
8326,219
8327,220
8328,220
8329,219
8330,219
8331,219
8332,219
8333,219
8334,219
8335,219
8336,220
8337,220
8338,220
8339,220
8340,220
8341,220
8342,220
8343,220
8344,220
8345,220
8346,220
8347,220
8348,220
8349,220
8350,220
8351,220
8352,220
8353,220
8354,220
8355,220
8356,220
8357,220
8358,220
8359,220
8360,220
8361,220
8362,220
8363,220
8364,220
8365,220
8366,220
8367,220
8368,220
8369,220
8370,220
8371,220
8372,220
8373,220
8374,220
8375,220
8376,220
8377,220
8378,220
8379,220
8380,220
8381,220
8382,220
8383,220
8384,220
8385,220
8386,220
8387,220
8388,220
8389,220
8390,220
8391,220
8392,220
8393,220
8394,220
8395,220
8396,221
8397,221
8398,221
8399,221
8400,221
8401,221
8402,220
8403,221
8404,221
8405,220
8406,220
8407,220
8408,220
8409,220
8410,220
8411,220
8412,220
8413,220
8414,220
8415,220
8416,220
8417,220
8418,220
8419,220
8420,221
8421,221
8422,221
8423,221
8424,221
8425,221
8426,221
8427,221
8428,221
8429,221
8430,221
8431,221
8432,221
8433,221
8434,222
8435,221
8436,222
8437,222
8438,222
8439,222
8440,221
8441,221
8442,222
8443,221
8444,222
8445,222
8446,222
8447,222
8448,222
8449,222
8450,222
8451,222
8452,222
8453,222
8454,222
8455,222
8456,222
8457,222
8458,222
8459,222
8460,223
8461,223
8462,223
8463,222
8464,223
8465,222
8466,223
8467,223
8468,222
8469,223
8470,223
8471,223
8472,223
8473,223
8474,223
8475,223
8476,223
8477,223
8478,223
8479,223
8480,223
8481,223
8482,223
8483,224
8484,224
8485,224
8486,224
8487,224
8488,224
8489,224
8490,224
8491,224
8492,224
8493,224
8494,224
8495,224
8496,224
8497,224
8498,224
8499,224
8500,224
8501,224
8502,224
8503,224
8504,224
8505,224
8506,224
8507,225
8508,225
8509,225
8510,225
8511,225
8512,225
8513,225
8514,225
8515,225
8516,225
8517,225
8518,225
8519,225
8520,225
8521,225
8522,225
8523,225
8524,225
8525,225
8526,225
8527,225
8528,225
8529,225
8530,225
8531,225
8532,225
8533,225
8534,225
8535,226
8536,226
8537,226
8538,226
8539,225
8540,226
8541,226
8542,226
8543,226
8544,226
8545,226
8546,226
8547,226
8548,226
8549,226
8550,226
8551,226
8552,226
8553,226
8554,226
8555,226
8556,226
8557,226
8558,226
8559,226
8560,226
8561,226
8562,226
8563,226
8564,226
8565,226
8566,226
8567,226
8568,226
8569,226
8570,226
8571,226
8572,226
8573,226
8574,226
8575,226
8576,226
8577,226
8578,226
8579,226
8580,226
8581,226
8582,226
8583,226
8584,226
8585,226
8586,226
8587,226
8588,226
8589,226
8590,226
8591,226
8592,226
8593,226
8594,226
8595,226
8596,227
8597,227
8598,227
8599,227
8600,227
8601,227
8602,227
8603,227
8604,227
8605,227
8606,227
8607,227
8608,227
8609,227
8610,227
8611,228
8612,227
8613,227
8614,228
8615,228
8616,228
8617,228
8618,228
8619,228
8620,227
8621,227
8622,227
8623,228
8624,228
8625,228
8626,228
8627,227
8628,228
8629,228
8630,228
8631,228
8632,228
8633,228
8634,228
8635,228
8636,228
8637,228
8638,228
8639,228
8640,228
8641,228
8642,228
8643,228
8644,228
8645,228
8646,228
8647,228
8648,228
8649,229
8650,229
8651,229
8652,229
8653,229
8654,229
8655,229
8656,229
8657,229
8658,229
8659,229
8660,229
8661,229
8662,229
8663,229
8664,229
8665,229
8666,229
8667,229
8668,229
8669,229
8670,228
8671,229
8672,228
8673,228
8674,229
8675,228
8676,228
8677,228
8678,228
8679,228
8680,228
8681,228
8682,228
8683,228
8684,228
8685,228
8686,228
8687,228
8688,228
8689,228
8690,228
8691,228
8692,227
8693,228
8694,228
8695,228
8696,228
8697,228
8698,227
8699,227
8700,228
8701,228
8702,227
8703,227
8704,228
8705,228
8706,228
8707,228
8708,227
8709,227
8710,227
8711,228
8712,228
8713,228
8714,228
8715,228
8716,228
8717,228
8718,228
8719,228
8720,228
8721,228
8722,228
8723,228
8724,228
8725,228
8726,228
8727,228
8728,228
8729,228
8730,229
8731,229
8732,229
8733,229
8734,229
8735,229
8736,229
8737,229
8738,229
8739,229
8740,229
8741,229
8742,229
8743,229
8744,229
8745,229
8746,229
8747,229
8748,230
8749,229
8750,230
8751,230
8752,229
8753,229
8754,229
8755,229
8756,230
8757,230
8758,230
8759,230
8760,230
8761,230
8762,230
8763,230
8764,230
8765,230
8766,230
8767,230
8768,230
8769,231
8770,230
8771,230
8772,230
8773,230
8774,230
8775,230
8776,230
8777,230
8778,230
8779,230
8780,230
8781,230
8782,230
8783,230
8784,230
8785,230
8786,230
8787,230
8788,230
8789,229
8790,229
8791,229
8792,229
8793,229
8794,229
8795,229
8796,229
8797,229
8798,229
8799,229
8800,229
8801,229
8802,229
8803,229
8804,229
8805,229
8806,229
8807,228
8808,229
8809,228
8810,228
8811,228
8812,228
8813,228
8814,228
8815,228
8816,228
8817,228
8818,228
8819,227
8820,228
8821,227
8822,227
8823,228
8824,228
8825,228
8826,228
8827,228
8828,228
8829,228
8830,228
8831,228
8832,228
8833,228
8834,228
8835,228
8836,228
8837,228
8838,228
8839,228
8840,228
8841,228
8842,229
8843,229
8844,228
8845,228
8846,228
8847,229
8848,229
8849,229
8850,229
8851,229
8852,229
8853,229
8854,228
8855,229
8856,229
8857,228
8858,228
8859,229
8860,228
8861,229
8862,229
8863,229
8864,229
8865,229
8866,229
8867,228
8868,228
8869,229
8870,228
8871,228
8872,228
8873,228
8874,228
8875,228
8876,228
8877,229
8878,229
8879,229
8880,229
8881,228
8882,228
8883,228
8884,229
8885,228
8886,228
8887,228
8888,228
8889,228
8890,228
8891,228
8892,228
8893,228
8894,228
8895,228
8896,228
8897,228
8898,228
8899,228
8900,228
8901,228
8902,228
8903,228
8904,228
8905,228
8906,228
8907,228
8908,228
8909,227
8910,228
8911,227
8912,227
8913,227
8914,227
8915,227
8916,227
8917,227
8918,227
8919,227
8920,227
8921,227
8922,227
8923,227
8924,227
8925,227
8926,227
8927,226
8928,226
8929,226
8930,226
8931,226
8932,226
8933,226
8934,226
8935,226
8936,227
8937,226
8938,226
8939,226
8940,227
8941,227
8942,227
8943,226
8944,226
8945,227
8946,227
8947,226
8948,227
8949,227
8950,227
8951,227
8952,227
8953,227
8954,227
8955,227
8956,227
8957,227
8958,227
8959,227
8960,227
8961,227
8962,227
8963,226
8964,226
8965,226
8966,226
8967,226
8968,227
8969,226
8970,226
8971,227
8972,227
8973,227
8974,227
8975,227
8976,227
8977,228
8978,227
8979,228
8980,228
8981,228
8982,228
8983,228
8984,228
8985,228
8986,228
8987,228
8988,228
8989,228
8990,228
8991,228
8992,228
8993,228
8994,228
8995,228
8996,228
8997,228
8998,228
8999,228
9000,228
9001,228
9002,228
9003,228
9004,228
9005,228
9006,228
9007,228
9008,228
9009,228
9010,228
9011,228
9012,228
9013,228
9014,228
9015,228
9016,227
9017,227
9018,227
9019,228
9020,228
9021,228
9022,228
9023,228
9024,228
9025,228
9026,228
9027,228
9028,228
9029,228
9030,228
9031,228
9032,229
9033,229
9034,229
9035,229
9036,229
9037,229
9038,229
9039,229
9040,229
9041,229
9042,229
9043,229
9044,229
9045,229
9046,228
9047,228
9048,229
9049,229
9050,229
9051,229
9052,229
9053,229
9054,229
9055,229
9056,229
9057,229
9058,229
9059,228
9060,229
9061,229
9062,229
9063,229
9064,229
9065,229
9066,230
9067,230
9068,230
9069,230
9070,230
9071,230
9072,230
9073,230
9074,230
9075,230
9076,230
9077,230
9078,230
9079,230
9080,230
9081,230
9082,230
9083,230
9084,230
9085,230
9086,231
9087,231
9088,230
9089,230
9090,230
9091,230
9092,230
9093,231
9094,231
9095,231
9096,231
9097,231
9098,230
9099,230
9100,230
9101,230
9102,230
9103,231
9104,231
9105,230
9106,230
9107,230
9108,230
9109,230
9110,231
9111,230
9112,230
9113,231
9114,231
9115,231
9116,231
9117,231
9118,231
9119,231
9120,231
9121,231
9122,231
9123,231
9124,231
9125,231
9126,231
9127,231
9128,231
9129,232
9130,232
9131,231
9132,231
9133,231
9134,231
9135,231
9136,231
9137,231
9138,232
9139,232
9140,232
9141,232
9142,232
9143,232
9144,232
9145,232
9146,232
9147,232
9148,232
9149,232
9150,232
9151,232
9152,232
9153,232
9154,232
9155,231
9156,231
9157,232
9158,232
9159,232
9160,232
9161,232
9162,232
9163,232
9164,232
9165,232
9166,232
9167,232
9168,232
9169,232
9170,232
9171,231
9172,231
9173,231
9174,231
9175,231
9176,232
9177,232
9178,231
9179,231
9180,231
9181,231
9182,231
9183,231
9184,231
9185,231
9186,231
9187,231
9188,231
9189,231
9190,231
9191,232
9192,232
9193,232
9194,232
9195,232
9196,232
9197,232
9198,232
9199,232
9200,232
9201,232
9202,232
9203,232
9204,232
9205,232
9206,232
9207,232
9208,232
9209,232
9210,232
9211,232
9212,232
9213,232
9214,232
9215,232
9216,232
9217,232
9218,232
9219,232
9220,232
9221,232
9222,232
9223,232
9224,233
9225,233
9226,233
9227,233
9228,233
9229,233
9230,233
9231,233
9232,233
9233,233
9234,233
9235,233
9236,233
9237,233
9238,233
9239,233
9240,233
9241,233
9242,233
9243,234
9244,233
9245,233
9246,233
9247,233
9248,233
9249,233
9250,234
9251,233
9252,233
9253,233
9254,233
9255,233
9256,233
9257,233
9258,233
9259,233
9260,233
9261,233
9262,233
9263,233
9264,234
9265,234
9266,234
9267,234
9268,234
9269,233
9270,233
9271,233
9272,233
9273,233
9274,233
9275,233
9276,233
9277,234
9278,234
9279,234
9280,234
9281,234
9282,233
9283,233
9284,233
9285,233
9286,234
9287,234
9288,234
9289,234
9290,234
9291,234
9292,234
9293,234
9294,234
9295,234
9296,235
9297,234
9298,235
9299,235
9300,235
9301,234
9302,234
9303,234
9304,234
9305,234
9306,235
9307,235
9308,235
9309,235
9310,235
9311,235
9312,235
9313,235
9314,235
9315,235
9316,235
9317,235
9318,235
9319,235
9320,235
9321,235
9322,235
9323,235
9324,235
9325,234
9326,234
9327,234
9328,234
9329,234
9330,234
9331,234
9332,234
9333,234
9334,234
9335,234
9336,234
9337,234
9338,234
9339,234
9340,234
9341,234
9342,234
9343,234
9344,234
9345,234
9346,234
9347,234
9348,234
9349,234
9350,234
9351,234
9352,234
9353,234
9354,234
9355,234
9356,234
9357,234
9358,234
9359,234
9360,234
9361,234
9362,234
9363,234
9364,234
9365,234
9366,234
9367,234
9368,234
9369,234
9370,234
9371,234
9372,234
9373,234
9374,234
9375,234
9376,234
9377,234
9378,234
9379,234
9380,234
9381,234
9382,234
9383,234
9384,234
9385,234
9386,234
9387,234
9388,234
9389,234
9390,234
9391,234
9392,234
9393,234
9394,234
9395,234
9396,234
9397,234
9398,234
9399,234
9400,234
9401,235
9402,235
9403,235
9404,235
9405,235
9406,235
9407,235
9408,235
9409,235
9410,235
9411,235
9412,235
9413,235
9414,236
9415,236
9416,236
9417,236
9418,236
9419,236
9420,236
9421,236
9422,236
9423,236
9424,235
9425,235
9426,235
9427,235
9428,235
9429,235
9430,235
9431,235
9432,236
9433,236
9434,236
9435,235
9436,235
9437,235
9438,235
9439,235
9440,235
9441,235
9442,235
9443,235
9444,235
9445,235
9446,235
9447,235
9448,235
9449,235
9450,235
9451,235
9452,235
9453,235
9454,235
9455,235
9456,235
9457,235
9458,235
9459,235
9460,236
9461,236
9462,236
9463,236
9464,236
9465,236
9466,236
9467,236
9468,236
9469,236
9470,236
9471,236
9472,236
9473,236
9474,236
9475,236
9476,236
9477,236
9478,236
9479,236
9480,236
9481,236
9482,236
9483,236
9484,236
9485,236
9486,236
9487,236
9488,236
9489,236
9490,236
9491,236
9492,236
9493,236
9494,236
9495,236
9496,236
9497,236
9498,236
9499,236
9500,236
9501,236
9502,236
9503,236
9504,236
9505,236
9506,236
9507,236
9508,236
9509,236
9510,236
9511,236
9512,236
9513,236
9514,236
9515,235
9516,235
9517,235
9518,235
9519,235
9520,235
9521,235
9522,235
9523,235
9524,235
9525,235
9526,235
9527,235
9528,235
9529,235
9530,235
9531,235
9532,235
9533,235
9534,235
9535,235
9536,235
9537,235
9538,235
9539,235
9540,235
9541,235
9542,235
9543,235
9544,235
9545,235
9546,235
9547,235
9548,235
9549,235
9550,235
9551,235
9552,235
9553,235
9554,235
9555,235
9556,235
9557,235
9558,235
9559,235
9560,235
9561,235
9562,235
9563,235
9564,235
9565,235
9566,236
9567,236
9568,236
9569,236
9570,236
9571,236
9572,236
9573,236
9574,236
9575,236
9576,236
9577,236
9578,236
9579,236
9580,236
9581,236
9582,236
9583,236
9584,236
9585,235
9586,235
9587,236
9588,236
9589,236
9590,236
9591,236
9592,236
9593,236
9594,236
9595,236
9596,236
9597,236
9598,236
9599,236
9600,236
9601,236
9602,236
9603,236
9604,236
9605,236
9606,236
9607,236
9608,236
9609,236
9610,236
9611,236
9612,236
9613,236
9614,236
9615,236
9616,236
9617,236
9618,236
9619,237
9620,237
9621,237
9622,237
9623,237
9624,237
9625,237
9626,237
9627,237
9628,237
9629,237
9630,237
9631,237
9632,237
9633,237
9634,237
9635,237
9636,237
9637,237
9638,237
9639,237
9640,237
9641,237
9642,237
9643,237
9644,237
9645,237
9646,237
9647,237
9648,237
9649,237
9650,236
9651,236
9652,236
9653,237
9654,237
9655,237
9656,237
9657,237
9658,237
9659,237
9660,237
9661,237
9662,237
9663,237
9664,237
9665,237
9666,237
9667,237
9668,237
9669,237
9670,237
9671,237
9672,237
9673,237
9674,238
9675,238
9676,238
9677,238
9678,238
9679,238
9680,238
9681,238
9682,238
9683,238
9684,238
9685,238
9686,238
9687,238
9688,238
9689,238
9690,237
9691,238
9692,238
9693,238
9694,238
9695,238
9696,238
9697,238
9698,238
9699,238
9700,238
9701,238
9702,238
9703,238
9704,238
9705,238
9706,238
9707,238
9708,238
9709,238
9710,238
9711,238
9712,238
9713,238
9714,238
9715,238
9716,238
9717,238
9718,238
9719,238
9720,239
9721,238
9722,239
9723,238
9724,238
9725,239
9726,239
9727,238
9728,238
9729,238
9730,238
9731,238
9732,237
9733,237
9734,237
9735,237
9736,237
9737,237
9738,238
9739,238
9740,238
9741,238
9742,237
9743,237
9744,237
9745,237
9746,237
9747,238
9748,238
9749,238
9750,238
9751,238
9752,238
9753,238
9754,238
9755,238
9756,238
9757,238
9758,238
9759,238
9760,238
9761,238
9762,238
9763,238
9764,238
9765,238
9766,238
9767,238
9768,238
9769,238
9770,238
9771,238
9772,238
9773,238
9774,238
9775,238
9776,238
9777,238
9778,238
9779,238
9780,238
9781,238
9782,238
9783,238
9784,238
9785,238
9786,238
9787,238
9788,238
9789,238
9790,238
9791,238
9792,238
9793,238
9794,238
9795,238
9796,238
9797,238
9798,238
9799,238
9800,238
9801,238
9802,238
9803,238
9804,238
9805,238
9806,238
9807,238
9808,238
9809,238
9810,238
9811,238
9812,238
9813,238
9814,238
9815,238
9816,238
9817,238
9818,238
9819,238
9820,238
9821,238
9822,238
9823,238
9824,238
9825,238
9826,238
9827,238
9828,238
9829,238
9830,238
9831,238
9832,238
9833,238
9834,238
9835,238
9836,238
9837,238
9838,238
9839,238
9840,238
9841,238
9842,238
9843,238
9844,238
9845,238
9846,238
9847,238
9848,238
9849,238
9850,238
9851,238
9852,238
9853,238
9854,238
9855,238
9856,238
9857,238
9858,238
9859,238
9860,238
9861,238
9862,238
9863,238
9864,238
9865,238
9866,238
9867,239
9868,238
9869,238
9870,238
9871,238
9872,238
9873,238
9874,239
9875,239
9876,239
9877,239
9878,239
9879,239
9880,239
9881,239
9882,239
9883,239
9884,238
9885,238
9886,238
9887,238
9888,238
9889,238
9890,239
9891,239
9892,239
9893,239
9894,239
9895,239
9896,239
9897,239
9898,239
9899,239
9900,239
9901,239
9902,239
9903,239
9904,239
9905,239
9906,239
9907,239
9908,240
9909,240
9910,240
9911,240
9912,240
9913,240
9914,240
9915,240
9916,240
9917,240
9918,240
9919,240
9920,240
9921,240
9922,240
9923,240
9924,240
9925,240
9926,240
9927,240
9928,240
9929,240
9930,240
9931,240
9932,240
9933,240
9934,240
9935,240
9936,240
9937,240
9938,240
9939,240
9940,240
9941,240
9942,240
9943,240
9944,240
9945,240
9946,240
9947,240
9948,240
9949,240
9950,240
9951,240
9952,240
9953,240
9954,240
9955,240
9956,240
9957,240
9958,240
9959,240
9960,240
9961,240
9962,240
9963,240
9964,240
9965,240
9966,240
9967,240
9968,240
9969,240
9970,241
9971,241
9972,241
9973,241
9974,241
9975,241
9976,241
9977,241
9978,241
9979,241
9980,241
9981,241
9982,241
9983,241
9984,241
9985,241
9986,241
9987,241
9988,241
9989,241
9990,241
9991,241
9992,241
9993,241
9994,241
9995,241
9996,241
9997,241
9998,241
9999,241
