0,150
1,150
2,150
3,150
4,150
5,150
6,150
7,150
8,150
9,150
10,150
11,150
12,150
13,150
14,150
15,150
16,150
17,150
18,149
19,150
20,150
21,150
22,150
23,150
24,150
25,150
26,150
27,150
28,150
29,150
30,150
31,150
32,150
33,150
34,150
35,150
36,150
37,150
38,150
39,150
40,150
41,150
42,150
43,150
44,150
45,150
46,150
47,150
48,150
49,150
50,150
51,150
52,150
53,150
54,150
55,150
56,150
57,150
58,150
59,149
60,150
61,150
62,150
63,150
64,150
65,150
66,150
67,150
68,150
69,150
70,150
71,150
72,150
73,150
74,150
75,150
76,150
77,150
78,150
79,150
80,150
81,150
82,150
83,150
84,150
85,150
86,150
87,150
88,150
89,150
90,150
91,150
92,150
93,150
94,149
95,150
96,150
97,150
98,150
99,150
100,150
101,150
102,150
103,150
104,150
105,150
106,150
107,150
108,149
109,150
110,150
111,150
112,150
113,150
114,150
115,150
116,150
117,150
118,150
119,150
120,150
121,150
122,149
123,149
124,150
125,150
126,150
127,150
128,150
129,150
130,150
131,149
132,150
133,150
134,150
135,150
136,150
137,150
138,150
139,150
140,150
141,150
142,150
143,150
144,149
145,150
146,150
147,150
148,150
149,150
150,150
151,150
152,150
153,150
154,150
155,150
156,149
157,150
158,150
159,150
160,150
161,150
162,149
163,149
164,149
165,149
166,149
167,149
168,149
169,149
170,149
171,149
172,149
173,149
174,149
175,148
176,148
177,148
178,148
179,148
180,148
181,148
182,148
183,148
184,148
185,148
186,147
187,147
188,147
189,147
190,148
191,148
192,148
193,148
194,148
195,147
196,147
197,148
198,148
199,148
200,148
201,148
202,148
203,148
204,148
205,148
206,148
207,148
208,148
209,148
210,147
211,147
212,147
213,147
214,148
215,148
216,148
217,148
218,148
219,148
220,147
221,147
222,147
223,148
224,147
225,148
226,148
227,148
228,148
229,148
230,148
231,148
232,147
233,148
234,148
235,148
236,148
237,148
238,148
239,148
240,148
241,148
242,148
243,148
244,148
245,148
246,148
247,148
248,147
249,147
250,147
251,147
252,147
253,147
254,147
255,147
256,147
257,148
258,148
259,148
260,148
261,148
262,148
263,148
264,148
265,148
266,148
267,148
268,148
269,148
270,148
271,148
272,148
273,148
274,148
275,148
276,148
277,147
278,147
279,147
280,147
281,147
282,146
283,146
284,146
285,146
286,146
287,146
288,146
289,146
290,146
291,146
292,146
293,146
294,146
295,147
296,147
297,146
298,146
299,146
300,146
301,146
302,146
303,146
304,146
305,146
306,146
307,146
308,146
309,146
310,146
311,146
312,146
313,146
314,147
315,147
316,147
317,147
318,147
319,147
320,147
321,147
322,147
323,147
324,147
325,147
326,147
327,147
328,147
329,147
330,147
331,147
332,147
333,147
334,146
335,146
336,147
337,147
338,147
339,147
340,147
341,147
342,147
343,147
344,147
345,147
346,146
347,146
348,147
349,146
350,146
351,146
352,146
353,146
354,147
355,147
356,147
357,147
358,147
359,146
360,147
361,147
362,147
363,147
364,147
365,147
366,147
367,147
368,148
369,148
370,148
371,148
372,148
373,148
374,148
375,148
376,148
377,148
378,148
379,149
380,149
381,149
382,149
383,149
384,149
385,149
386,149
387,149
388,149
389,149
390,149
391,149
392,149
393,149
394,149
395,149
396,149
397,149
398,149
399,149
400,149
401,149
402,149
403,149
404,149
405,149
406,149
407,149
408,149
409,149
410,149
411,149
412,149
413,149
414,149
415,149
416,149
417,149
418,149
419,149
420,149
421,149
422,149
423,149
424,148
425,148
426,148
427,148
428,148
429,148
430,149
431,149
432,149
433,149
434,148
435,149
436,149
437,149
438,149
439,149
440,149
441,149
442,149
443,148
444,148
445,148
446,148
447,148
448,148
449,148
450,148
451,148
452,148
453,148
454,148
455,148
456,148
457,148
458,148
459,148
460,148
461,147
462,147
463,147
464,147
465,147
466,147
467,147
468,147
469,147
470,147
471,147
472,147
473,147
474,147
475,147
476,147
477,148
478,147
479,147
480,148
481,148
482,148
483,148
484,148
485,148
486,148
487,147
488,148
489,147
490,147
491,148
492,147
493,147
494,147
495,148
496,147
497,147
498,147
499,147
500,147
501,147
502,147
503,147
504,147
505,147
506,147
507,147
508,147
509,147
510,147
511,147
512,147
513,147
514,147
515,147
516,147
517,147
518,147
519,147
520,147
521,147
522,147
523,147
524,147
525,147
526,147
527,147
528,147
529,147
530,147
531,147
532,147
533,147
534,146
535,146
536,146
537,146
538,146
539,146
540,146
541,146
542,146
543,146
544,146
545,146
546,146
547,145
548,146
549,146
550,146
551,146
552,146
553,145
554,146
555,146
556,146
557,146
558,146
559,146
560,146
561,146
562,146
563,146
564,146
565,146
566,146
567,146
568,146
569,146
570,145
571,146
572,146
573,146
574,146
575,146
576,146
577,146
578,146
579,146
580,145
581,145
582,145
583,145
584,145
585,145
586,145
587,145
588,145
589,145
590,145
591,145
592,145
593,145
594,145
595,145
596,145
597,145
598,145
599,145
600,145
601,145
602,145
603,145
604,145
605,146
606,146
607,146
608,146
609,146
610,146
611,146
612,146
613,146
614,146
615,146
616,146
617,146
618,146
619,146
620,146
621,146
622,146
623,146
624,146
625,146
626,146
627,146
628,146
629,146
630,146
631,146
632,146
633,145
634,145
635,145
636,145
637,146
638,146
639,146
640,146
641,146
642,146
643,146
644,146
645,145
646,145
647,145
648,145
649,145
650,145
651,144
652,145
653,144
654,144
655,144
656,144
657,144
658,144
659,144
660,144
661,144
662,144
663,144
664,144
665,144
666,144
667,144
668,143
669,143
670,143
671,143
672,143
673,143
674,143
675,143
676,143
677,143
678,143
679,143
680,143
681,143
682,143
683,143
684,143
685,143
686,143
687,143
688,143
689,143
690,143
691,143
692,143
693,143
694,143
695,143
696,143
697,143
698,144
699,144
700,144
701,144
702,143
703,144
704,144
705,144
706,144
707,144
708,144
709,144
710,144
711,144
712,144
713,144
714,144
715,144
716,144
717,144
718,144
719,144
720,144
721,144
722,144
723,144
724,144
725,144
726,144
727,144
728,144
729,144
730,144
731,144
732,144
733,144
734,144
735,144
736,144
737,144
738,144
739,144
740,143
741,143
742,143
743,143
744,144
745,144
746,144
747,144
748,144
749,144
750,144
751,144
752,144
753,145
754,144
755,144
756,144
757,144
758,144
759,144
760,144
761,144
762,144
763,144
764,145
765,144
766,144
767,144
768,144
769,144
770,144
771,145
772,144
773,144
774,144
775,144
776,144
777,144
778,144
779,144
780,145
781,144
782,145
783,145
784,145
785,144
786,145
787,145
788,145
789,144
790,145
791,144
792,144
793,144
794,144
795,144
796,144
797,144
798,144
799,144
800,144
801,145
802,144
803,144
804,144
805,144
806,144
807,144
808,144
809,144
810,144
811,144
812,144
813,144
814,144
815,144
816,144
817,143
818,143
819,144
820,144
821,144
822,144
823,144
824,144
825,143
826,143
827,143
828,143
829,143
830,143
831,143
832,143
833,144
834,144
835,144
836,144
837,144
838,144
839,144
840,144
841,145
842,145
843,145
844,145
845,145
846,145
847,145
848,145
849,144
850,144
851,145
852,145
853,145
854,145
855,145
856,144
857,144
858,144
859,144
860,144
861,144
862,144
863,143
864,144
865,144
866,144
867,144
868,143
869,144
870,143
871,143
872,143
873,143
874,143
875,142
876,142
877,142
878,142
879,141
880,141
881,141
882,141
883,142
884,142
885,141
886,142
887,141
888,141
889,141
890,141
891,141
892,142
893,141
894,142
895,142
896,141
897,142
898,142
899,142
900,141
901,141
902,141
903,142
904,142
905,142
906,142
907,141
908,142
909,141
910,141
911,142
912,141
913,141
914,141
915,141
916,141
917,141
918,141
919,141
920,141
921,141
922,141
923,141
924,141
925,141
926,141
927,141
928,142
929,142
930,142
931,143
932,143
933,143
934,143
935,143
936,142
937,142
938,142
939,142
940,143
941,143
942,143
943,143
944,143
945,143
946,143
947,143
948,143
949,143
950,143
951,143
952,143
953,143
954,143
955,143
956,142
957,142
958,142
959,142
960,143
961,143
962,143
963,143
964,143
965,144
966,143
967,144
968,144
969,145
970,145
971,145
972,145
973,145
974,145
975,145
976,145
977,145
978,145
979,145
980,145
981,146
982,146
983,146
984,145
985,145
986,145
987,144
988,144
989,144
990,145
991,145
992,145
993,145
994,146
995,146
996,146
997,147
998,147
999,146
1000,147
1001,147
1002,147
1003,147
1004,147
1005,148
1006,148
1007,148
1008,147
1009,148
1010,147
1011,147
1012,148
1013,147
1014,147
1015,147
1016,147
1017,147
1018,147
1019,147
1020,147
1021,147
1022,147
1023,147
1024,147
1025,147
1026,147
1027,146
1028,147
1029,147
1030,147
1031,147
1032,147
1033,148
1034,147
1035,147
1036,147
1037,147
1038,147
1039,147
1040,147
1041,147
1042,147
1043,147
1044,147
1045,147
1046,147
1047,146
1048,147
1049,146
1050,146
1051,147
1052,147
1053,147
1054,147
1055,147
1056,148
1057,148
1058,148
1059,148
1060,148
1061,148
1062,148
1063,148
1064,148
1065,148
1066,148
1067,148
1068,147
1069,147
1070,147
1071,148
1072,148
1073,148
1074,148
1075,147
1076,147
1077,147
1078,147
1079,147
1080,147
1081,147
1082,147
1083,147
1084,147
1085,147
1086,148
1087,149
1088,149
1089,149
1090,149
1091,149
1092,149
1093,149
1094,149
1095,149
1096,150
1097,150
1098,150
1099,150
1100,149
1101,149
1102,149
1103,149
1104,149
1105,149
1106,149
1107,148
1108,148
1109,148
1110,149
1111,148
1112,148
1113,148
1114,148
1115,148
1116,148
1117,149
1118,149
1119,149
1120,149
1121,149
1122,149
1123,149
1124,149
1125,149
1126,149
1127,149
1128,149
1129,148
1130,148
1131,148
1132,148
1133,147
1134,147
1135,147
1136,147
1137,147
1138,147
1139,147
1140,147
1141,147
1142,147
1143,147
1144,147
1145,147
1146,147
1147,147
1148,147
1149,147
1150,147
1151,147
1152,147
1153,147
1154,147
1155,147
1156,147
1157,147
1158,147
1159,147
1160,146
1161,146
1162,147
1163,147
1164,147
1165,147
1166,147
1167,147
1168,147
1169,147
1170,147
1171,147
1172,147
1173,147
1174,147
1175,147
1176,147
1177,147
1178,148
1179,148
1180,148
1181,148
1182,148
1183,148
1184,148
1185,148
1186,148
1187,148
1188,148
1189,148
1190,149
1191,149
1192,149
1193,149
1194,149
1195,149
1196,149
1197,148
1198,149
1199,149
1200,149
1201,148
1202,149
1203,149
1204,149
1205,149
1206,149
1207,149
1208,149
1209,149
1210,148
1211,149
1212,149
1213,149
1214,148
1215,149
1216,148
1217,148
1218,148
1219,148
1220,148
1221,148
1222,148
1223,148
1224,148
1225,147
1226,148
1227,148
1228,148
1229,148
1230,148
1231,148
1232,147
1233,147
1234,147
1235,148
1236,148
1237,148
1238,148
1239,148
1240,148
1241,148
1242,148
1243,148
1244,148
1245,148
1246,148
1247,148
1248,148
1249,149
1250,149
1251,148
1252,149
1253,149
1254,149
1255,149
1256,149
1257,149
1258,148
1259,148
1260,148
1261,148
1262,148
1263,148
1264,148
1265,148
1266,148
1267,148
1268,148
1269,149
1270,149
1271,148
1272,149
1273,148
1274,148
1275,148
1276,148
1277,148
1278,148
1279,148
1280,149
1281,149
1282,149
1283,149
1284,149
1285,148
1286,148
1287,149
1288,148
1289,148
1290,148
1291,148
1292,147
1293,148
1294,147
1295,147
1296,147
1297,147
1298,147
1299,147
1300,147
1301,148
1302,148
1303,148
1304,149
1305,149
1306,148
1307,149
1308,149
1309,149
1310,149
1311,149
1312,149
1313,149
1314,149
1315,149
1316,149
1317,149
1318,150
1319,150
1320,149
1321,149
1322,150
1323,150
1324,150
1325,150
1326,150
1327,150
1328,150
1329,150
1330,150
1331,150
1332,150
1333,150
1334,150
1335,150
1336,150
1337,150
1338,150
1339,151
1340,150
1341,150
1342,150
1343,151
1344,151
1345,151
1346,150
1347,151
1348,151
1349,151
1350,150
1351,150
1352,150
1353,150
1354,150
1355,151
1356,151
1357,151
1358,151
1359,151
1360,151
1361,151
1362,151
1363,152
1364,152
1365,152
1366,152
1367,152
1368,152
1369,152
1370,152
1371,152
1372,153
1373,152
1374,153
1375,152
1376,152
1377,152
1378,152
1379,152
1380,152
1381,152
1382,152
1383,152
1384,152
1385,152
1386,151
1387,152
1388,152
1389,152
1390,151
1391,151
1392,151
1393,151
1394,151
1395,151
1396,151
1397,151
1398,151
1399,150
1400,150
1401,150
1402,150
1403,150
1404,150
1405,150
1406,150
1407,150
1408,150
1409,150
1410,150
1411,150
1412,149
1413,149
1414,149
1415,149
1416,149
1417,149
1418,149
1419,149
1420,149
1421,150
1422,150
1423,150
1424,150
1425,150
1426,150
1427,150
1428,149
1429,149
1430,150
1431,150
1432,150
1433,150
1434,150
1435,150
1436,150
1437,150
1438,150
1439,150
1440,150
1441,150
1442,149
1443,150
1444,150
1445,150
1446,150
1447,150
1448,150
1449,150
1450,150
1451,150
1452,150
1453,150
1454,150
1455,150
1456,150
1457,150
1458,150
1459,150
1460,150
1461,150
1462,150
1463,150
1464,150
1465,150
1466,150
1467,150
1468,150
1469,150
1470,150
1471,150
1472,150
1473,149
1474,149
1475,149
1476,149
1477,149
1478,149
1479,149
1480,149
1481,149
1482,149
1483,149
1484,149
1485,149
1486,148
1487,149
1488,149
1489,148
1490,148
1491,148
1492,148
1493,148
1494,148
1495,148
1496,148
1497,148
1498,148
1499,148
1500,148
1501,148
1502,148
1503,148
1504,148
1505,148
1506,148
1507,147
1508,148
1509,147
1510,147
1511,147
1512,147
1513,147
1514,147
1515,147
1516,147
1517,147
1518,147
1519,147
1520,147
1521,147
1522,147
1523,147
1524,147
1525,148
1526,148
1527,147
1528,147
1529,148
1530,147
1531,147
1532,147
1533,147
1534,147
1535,147
1536,148
1537,148
1538,148
1539,148
1540,147
1541,147
1542,147
1543,147
1544,147
1545,147
1546,147
1547,147
1548,147
1549,147
1550,147
1551,147
1552,146
1553,146
1554,146
1555,145
1556,146
1557,145
1558,145
1559,145
1560,145
1561,146
1562,146
1563,146
1564,145
1565,145
1566,146
1567,145
1568,145
1569,146
1570,146
1571,146
1572,146
1573,145
1574,146
1575,146
1576,146
1577,146
1578,146
1579,146
1580,146
1581,146
1582,146
1583,146
1584,146
1585,147
1586,147
1587,146
1588,146
1589,146
1590,147
1591,146
1592,146
1593,146
1594,146
1595,146
1596,146
1597,146
1598,146
1599,146
1600,146
1601,146
1602,146
1603,146
1604,146
1605,146
1606,146
1607,146
1608,146
1609,146
1610,146
1611,146
1612,146
1613,146
1614,146
1615,146
1616,146
1617,146
1618,146
1619,147
1620,146
1621,146
1622,146
1623,146
1624,146
1625,146
1626,146
1627,146
1628,146
1629,147
1630,146
1631,146
1632,146
1633,146
1634,146
1635,146
1636,146
1637,145
1638,146
1639,146
1640,146
1641,146
1642,146
1643,146
1644,146
1645,145
1646,145
1647,145
1648,145
1649,145
1650,145
1651,145
1652,145
1653,145
1654,145
1655,144
1656,145
1657,145
1658,145
1659,145
1660,145
1661,144
1662,145
1663,145
1664,145
1665,145
1666,145
1667,145
1668,145
1669,144
1670,144
1671,144
1672,144
1673,145
1674,146
1675,145
1676,146
1677,146
1678,146
1679,146
1680,146
1681,146
1682,147
1683,147
1684,147
1685,147
1686,147
1687,147
1688,146
1689,146
1690,146
1691,145
1692,146
1693,146
1694,146
1695,146
1696,146
1697,146
1698,146
1699,147
1700,147
1701,147
1702,147
1703,147
1704,147
1705,148
1706,147
1707,147
1708,146
1709,146
1710,146
1711,146
1712,146
1713,146
1714,146
1715,146
1716,146
1717,146
1718,146
1719,146
1720,146
1721,146
1722,146
1723,146
1724,146
1725,146
1726,146
1727,146
1728,146
1729,146
1730,147
1731,147
1732,147
1733,147
1734,147
1735,147
1736,147
1737,147
1738,147
1739,147
1740,147
1741,146
1742,147
1743,147
1744,147
1745,147
1746,147
1747,147
1748,147
1749,146
1750,146
1751,147
1752,146
1753,146
1754,146
1755,146
1756,146
1757,146
1758,146
1759,146
1760,146
1761,146
1762,146
1763,146
1764,147
1765,147
1766,147
1767,146
1768,146
1769,146
1770,146
1771,146
1772,146
1773,146
1774,146
1775,146
1776,146
1777,146
1778,146
1779,145
1780,145
1781,145
1782,145
1783,145
1784,145
1785,145
1786,145
1787,145
1788,146
1789,146
1790,146
1791,145
1792,146
1793,145
1794,145
1795,145
1796,145
1797,145
1798,145
1799,145
1800,145
1801,145
1802,145
1803,145
1804,145
1805,145
1806,145
1807,145
1808,145
1809,145
1810,144
1811,144
1812,144
1813,144
1814,145
1815,145
1816,144
1817,144
1818,144
1819,144
1820,144
1821,144
1822,144
1823,144
1824,143
1825,144
1826,144
1827,143
1828,144
1829,144
1830,144
1831,144
1832,144
1833,144
1834,144
1835,145
1836,144
1837,144
1838,144
1839,144
1840,144
1841,144
1842,144
1843,145
1844,145
1845,145
1846,145
1847,145
1848,145
1849,145
1850,146
1851,146
1852,146
1853,146
1854,146
1855,146
1856,146
1857,146
1858,146
1859,146
1860,147
1861,146
1862,146
1863,146
1864,146
1865,146
1866,146
1867,147
1868,147
1869,147
1870,147
1871,146
1872,147
1873,147
1874,147
1875,148
1876,148
1877,148
1878,148
1879,148
1880,148
1881,147
1882,148
1883,148
1884,148
1885,148
1886,148
1887,148
1888,148
1889,148
1890,148
1891,149
1892,148
1893,148
1894,148
1895,148
1896,148
1897,148
1898,147
1899,147
1900,147
1901,147
1902,147
1903,147
1904,147
1905,147
1906,147
1907,147
1908,148
1909,147
1910,147
1911,148
1912,148
1913,148
1914,148
1915,148
1916,148
1917,148
1918,148
1919,148
1920,148
1921,148
1922,148
1923,148
1924,148
1925,148
1926,148
1927,148
1928,148
1929,148
1930,148
1931,148
1932,148
1933,147
1934,147
1935,147
1936,147
1937,147
1938,147
1939,147
1940,147
1941,148
1942,148
1943,148
1944,148
1945,148
1946,148
1947,148
1948,148
1949,148
1950,149
1951,148
1952,149
1953,149
1954,149
1955,149
1956,149
1957,149
1958,149
1959,149
1960,149
1961,149
1962,149
1963,149
1964,149
1965,149
1966,148
1967,148
1968,149
1969,149
1970,149
1971,149
1972,149
1973,149
1974,149
1975,149
1976,149
1977,149
1978,149
1979,149
1980,149
1981,149
1982,149
1983,149
1984,150
1985,150
1986,149
1987,149
1988,149
1989,149
1990,149
1991,149
1992,149
1993,149
1994,149
1995,149
1996,149
1997,149
1998,149
1999,149
2000,149
2001,149
2002,149
2003,149
2004,149
2005,149
2006,149
2007,149
2008,149
2009,149
2010,149
2011,149
2012,149
2013,149
2014,149
2015,149
2016,149
2017,150
2018,150
2019,149
2020,150
2021,150
2022,150
2023,150
2024,150
2025,150
2026,150
2027,151
2028,151
2029,150
2030,150
2031,150
2032,150
2033,150
2034,150
2035,150
2036,150
2037,150
2038,150
2039,150
2040,150
2041,150
2042,150
2043,150
2044,150
2045,150
2046,150
2047,150
2048,150
2049,149
2050,149
2051,149
2052,149
2053,149
2054,149
2055,149
2056,149
2057,148
2058,148
2059,148
2060,148
2061,148
2062,148
2063,148
2064,149
2065,149
2066,149
2067,149
2068,150
2069,149
2070,149
2071,149
2072,149
2073,149
2074,150
2075,149
2076,149
2077,149
2078,150
2079,150
2080,150
2081,150
2082,150
2083,151
2084,150
2085,151
2086,151
2087,151
2088,151
2089,151
2090,151
2091,151
2092,150
2093,151
2094,151
2095,151
2096,151
2097,151
2098,151
2099,151
2100,151
2101,151
2102,151
2103,151
2104,151
2105,151
2106,151
2107,151
2108,151
2109,151
2110,152
2111,152
2112,152
2113,152
2114,152
2115,152
2116,152
2117,152
2118,152
2119,152
2120,152
2121,152
2122,152
2123,152
2124,152
2125,152
2126,152
2127,152
2128,152
2129,152
2130,151
2131,151
2132,151
2133,151
2134,151
2135,150
2136,150
2137,151
2138,151
2139,151
2140,151
2141,151
2142,151
2143,151
2144,150
2145,150
2146,150
2147,150
2148,150
2149,150
2150,151
2151,151
2152,151
2153,151
2154,151
2155,151
2156,151
2157,151
2158,151
2159,151
2160,151
2161,151
2162,150
2163,150
2164,151
2165,151
2166,151
2167,151
2168,150
2169,151
2170,151
2171,151
2172,151
2173,151
2174,151
2175,151
2176,151
2177,151
2178,152
2179,152
2180,151
2181,151
2182,151
2183,151
2184,151
2185,151
2186,152
2187,151
2188,151
2189,151
2190,151
2191,151
2192,152
2193,152
2194,152
2195,151
2196,152
2197,152
2198,152
2199,152
2200,152
2201,152
2202,152
2203,152
2204,152
2205,152
2206,152
2207,151
2208,151
2209,151
2210,151
2211,151
2212,151
2213,152
2214,151
2215,152
2216,152
2217,152
2218,152
2219,152
2220,152
2221,152
2222,152
2223,152
2224,152
2225,152
2226,152
2227,152
2228,152
2229,153
2230,152
2231,152
2232,152
2233,153
2234,152
2235,152
2236,153
2237,153
2238,153
2239,153
2240,153
2241,153
2242,154
2243,154
2244,154
2245,154
2246,154
2247,154
2248,154
2249,154
2250,153
2251,153
2252,153
2253,154
2254,153
2255,153
2256,153
2257,153
2258,154
2259,154
2260,154
2261,154
2262,154
2263,153
2264,153
2265,153
2266,153
2267,153
2268,153
2269,152
2270,153
2271,153
2272,153
2273,153
2274,153
2275,154
2276,154
2277,154
2278,153
2279,153
2280,153
2281,154
2282,153
2283,154
2284,154
2285,154
2286,154
2287,153
2288,153
2289,153
2290,154
2291,154
2292,154
2293,154
2294,155
2295,154
2296,154
2297,155
2298,154
2299,155
2300,155
2301,155
2302,155
2303,155
2304,155
2305,154
2306,154
2307,154
2308,155
2309,155
2310,155
2311,155
2312,155
2313,155
2314,155
2315,155
2316,155
2317,155
2318,156
2319,155
2320,155
2321,155
2322,155
2323,155
2324,155
2325,155
2326,155
2327,155
2328,155
2329,155
2330,155
2331,155
2332,154
2333,154
2334,154
2335,154
2336,154
2337,154
2338,154
2339,154
2340,154
2341,154
2342,154
2343,153
2344,154
2345,154
2346,154
2347,155
2348,155
2349,155
2350,155
2351,155
2352,155
2353,155
2354,156
2355,156
2356,155
2357,155
2358,155
2359,155
2360,155
2361,155
2362,154
2363,154
2364,154
2365,154
2366,154
2367,154
2368,154
2369,154
2370,154
2371,154
2372,155
2373,155
2374,154
2375,154
2376,154
2377,154
2378,154
2379,154
2380,154
2381,154
2382,154
2383,154
2384,155
2385,154
2386,155
2387,155
2388,155
2389,155
2390,156
2391,156
2392,157
2393,157
2394,157
2395,157
2396,157
2397,157
2398,157
2399,156
2400,156
2401,156
2402,156
2403,156
2404,156
2405,156
2406,156
2407,156
2408,156
2409,156
2410,156
2411,155
2412,156
2413,155
2414,155
2415,156
2416,156
2417,156
2418,156
2419,156
2420,156
2421,156
2422,156
2423,156
2424,156
2425,156
2426,156
2427,157
2428,157
2429,157
2430,157
2431,157
2432,156
2433,156
2434,156
2435,156
2436,156
2437,156
2438,156
2439,156
2440,156
2441,156
2442,155
2443,155
2444,155
2445,156
2446,155
2447,155
2448,155
2449,155
2450,155
2451,155
2452,155
2453,155
2454,155
2455,155
2456,155
2457,155
2458,155
2459,154
2460,154
2461,154
2462,154
2463,154
2464,154
2465,155
2466,154
2467,155
2468,155
2469,155
2470,155
2471,155
2472,155
2473,155
2474,155
2475,155
2476,155
2477,155
2478,155
2479,155
2480,155
2481,155
2482,155
2483,155
2484,155
2485,155
2486,156
2487,156
2488,155
2489,156
2490,155
2491,155
2492,155
2493,156
2494,156
2495,156
2496,156
2497,156
2498,156
2499,157
2500,157
2501,157
2502,156
2503,156
2504,156
2505,155
2506,156
2507,155
2508,155
2509,155
2510,155
2511,156
2512,155
2513,156
2514,156
2515,156
2516,156
2517,156
2518,156
2519,156
2520,156
2521,156
2522,156
2523,156
2524,155
2525,155
2526,156
2527,156
2528,156
2529,156
2530,156
2531,156
2532,156
2533,156
2534,157
2535,156
2536,157
2537,157
2538,157
2539,157
2540,157
2541,157
2542,157
2543,157
2544,158
2545,158
2546,158
2547,158
2548,158
2549,158
2550,158
2551,157
2552,157
2553,157
2554,157
2555,157
2556,158
2557,158
2558,158
2559,158
2560,158
2561,158
2562,158
2563,158
2564,158
2565,158
2566,158
2567,158
2568,158
2569,158
2570,158
2571,158
2572,158
2573,158
2574,158
2575,158
2576,158
2577,158
2578,158
2579,158
2580,158
2581,158
2582,158
2583,157
2584,157
2585,157
2586,157
2587,157
2588,157
2589,157
2590,157
2591,157
2592,158
2593,157
2594,158
2595,158
2596,158
2597,158
2598,158
2599,158
2600,157
2601,158
2602,158
2603,158
2604,158
2605,158
2606,158
2607,158
2608,158
2609,158
2610,158
2611,158
2612,158
2613,158
2614,158
2615,158
2616,158
2617,157
2618,157
2619,158
2620,157
2621,158
2622,158
2623,158
2624,158
2625,158
2626,158
2627,158
2628,158
2629,157
2630,157
2631,157
2632,157
2633,158
2634,158
2635,158
2636,157
2637,158
2638,158
2639,158
2640,158
2641,158
2642,158
2643,158
2644,157
2645,157
2646,157
2647,157
2648,157
2649,157
2650,157
2651,157
2652,157
2653,157
2654,158
2655,158
2656,158
2657,158
2658,158
2659,158
2660,158
2661,158
2662,158
2663,158
2664,158
2665,158
2666,158
2667,158
2668,158
2669,158
2670,157
2671,157
2672,157
2673,157
2674,157
2675,157
2676,157
2677,157
2678,157
2679,158
2680,158
2681,158
2682,158
2683,158
2684,158
2685,158
2686,158
2687,158
2688,158
2689,158
2690,158
2691,158
2692,158
2693,158
2694,158
2695,157
2696,157
2697,157
2698,157
2699,157
2700,157
2701,157
2702,157
2703,157
2704,157
2705,157
2706,157
2707,157
2708,157
2709,157
2710,157
2711,157
2712,158
2713,158
2714,158
2715,158
2716,158
2717,158
2718,158
2719,158
2720,158
2721,158
2722,158
2723,158
2724,158
2725,158
2726,158
2727,158
2728,158
2729,158
2730,158
2731,158
2732,157
2733,157
2734,157
2735,157
2736,158
2737,158
2738,158
2739,158
2740,158
2741,158
2742,158
2743,157
2744,157
2745,158
2746,158
2747,158
2748,158
2749,158
2750,158
2751,158
2752,158
2753,158
2754,158
2755,158
2756,158
2757,158
2758,158
2759,158
2760,158
2761,158
2762,158
2763,158
2764,158
2765,158
2766,158
2767,158
2768,158
2769,158
2770,158
2771,159
2772,159
2773,159
2774,159
2775,159
2776,158
2777,159
2778,159
2779,159
2780,159
2781,159
2782,159
2783,159
2784,159
2785,159
2786,159
2787,159
2788,159
2789,159
2790,159
2791,159
2792,159
2793,159
2794,158
2795,158
2796,158
2797,158
2798,158
2799,158
2800,158
2801,158
2802,158
2803,158
2804,158
2805,158
2806,158
2807,158
2808,158
2809,158
2810,158
2811,158
2812,158
2813,158
2814,158
2815,158
2816,157
2817,158
2818,158
2819,158
2820,158
2821,158
2822,158
2823,158
2824,158
2825,158
2826,158
2827,158
2828,158
2829,158
2830,158
2831,158
2832,158
2833,158
2834,158
2835,158
2836,158
2837,158
2838,158
2839,158
2840,158
2841,158
2842,158
2843,158
2844,158
2845,158
2846,158
2847,158
2848,158
2849,158
2850,158
2851,158
2852,158
2853,158
2854,158
2855,158
2856,158
2857,158
2858,158
2859,158
2860,158
2861,158
2862,157
2863,158
2864,158
2865,158
2866,157
2867,157
2868,157
2869,157
2870,156
2871,156
2872,156
2873,156
2874,157
2875,156
2876,156
2877,157
2878,156
2879,156
2880,156
2881,156
2882,156
2883,156
2884,156
2885,156
2886,156
2887,156
2888,156
2889,156
2890,156
2891,156
2892,155
2893,156
2894,156
2895,156
2896,156
2897,156
2898,156
2899,156
2900,157
2901,157
2902,157
2903,157
2904,157
2905,157
2906,156
2907,156
2908,156
2909,156
2910,156
2911,156
2912,156
2913,156
2914,156
2915,156
2916,156
2917,156
2918,156
2919,156
2920,156
2921,156
2922,156
2923,156
2924,156
2925,156
2926,156
2927,156
2928,155
2929,155
2930,155
2931,155
2932,155
2933,156
2934,156
2935,156
2936,156
2937,156
2938,155
2939,156
2940,156
2941,156
2942,156
2943,156
2944,156
2945,156
2946,156
2947,156
2948,155
2949,156
2950,156
2951,156
2952,156
2953,155
2954,155
2955,156
2956,156
2957,156
2958,156
2959,156
2960,156
2961,155
2962,155
2963,155
2964,156
2965,156
2966,155
2967,156
2968,155
2969,156
2970,155
2971,155
2972,155
2973,155
2974,155
2975,155
2976,155
2977,155
2978,155
2979,155
2980,155
2981,155
2982,155
2983,155
2984,155
2985,155
2986,155
2987,155
2988,155
2989,155
2990,155
2991,155
2992,155
2993,155
2994,155
2995,155
2996,155
2997,155
2998,154
2999,155
3000,155
3001,155
3002,155
3003,155
3004,155
3005,155
3006,155
3007,155
3008,156
3009,156
3010,156
3011,155
3012,155
3013,155
3014,155
3015,155
3016,155
3017,155
3018,155
3019,155
3020,155
3021,155
3022,155
3023,156
3024,156
3025,156
3026,156
3027,156
3028,156
3029,156
3030,156
3031,156
3032,156
3033,156
3034,156
3035,156
3036,156
3037,156
3038,156
3039,156
3040,156
3041,156
3042,156
3043,156
3044,156
3045,156
3046,156
3047,156
3048,156
3049,156
3050,156
3051,156
3052,156
3053,156
3054,157
3055,157
3056,157
3057,156
3058,157
3059,157
3060,157
3061,157
3062,157
3063,157
3064,157
3065,157
3066,156
3067,157
3068,157
3069,156
3070,156
3071,156
3072,156
3073,156
3074,157
3075,157
3076,157
3077,157
3078,157
3079,157
3080,157
3081,157
3082,157
3083,157
3084,157
3085,156
3086,156
3087,156
3088,156
3089,156
3090,157
3091,157
3092,157
3093,157
3094,157
3095,157
3096,157
3097,157
3098,157
3099,157
3100,157
3101,157
3102,157
3103,157
3104,157
3105,157
3106,157
3107,157
3108,157
3109,157
3110,157
3111,157
3112,156
3113,156
3114,156
3115,156
3116,156
3117,156
3118,156
3119,156
3120,156
3121,156
3122,156
3123,156
3124,156
3125,156
3126,156
3127,156
3128,156
3129,156
3130,156
3131,156
3132,156
3133,155
3134,156
3135,156
3136,156
3137,156
3138,156
3139,156
3140,156
3141,156
3142,156
3143,156
3144,156
3145,156
3146,156
3147,156
3148,156
3149,156
3150,156
3151,156
3152,156
3153,156
3154,155
3155,155
3156,156
3157,156
3158,156
3159,156
3160,156
3161,156
3162,157
3163,157
3164,157
3165,157
3166,157
3167,157
3168,157
3169,157
3170,157
3171,157
3172,157
3173,157
3174,157
3175,157
3176,157
3177,157
3178,157
3179,157
3180,157
3181,157
3182,157
3183,157
3184,157
3185,157
3186,157
3187,157
3188,157
3189,157
3190,156
3191,156
3192,156
3193,157
3194,157
3195,157
3196,157
3197,157
3198,157
3199,157
3200,157
3201,157
3202,157
3203,157
3204,157
3205,157
3206,156
3207,157
3208,157
3209,157
3210,156
3211,156
3212,157
3213,157
3214,157
3215,157
3216,157
3217,157
3218,157
3219,157
3220,157
3221,157
3222,157
3223,157
3224,157
3225,157
3226,156
3227,156
3228,156
3229,156
3230,156
3231,156
3232,155
3233,155
3234,155
3235,155
3236,155
3237,155
3238,156
3239,156
3240,156
3241,156
3242,156
3243,156
3244,156
3245,156
3246,156
3247,155
3248,156
3249,155
3250,156
3251,156
3252,155
3253,155
3254,155
3255,155
3256,155
3257,155
3258,155
3259,155
3260,155
3261,156
3262,156
3263,156
3264,156
3265,156
3266,156
3267,156
3268,156
3269,155
3270,155
3271,155
3272,155
3273,155
3274,155
3275,155
3276,155
3277,155
3278,155
3279,155
3280,155
3281,155
3282,155
3283,155
3284,155
3285,155
3286,155
3287,155
3288,155
3289,155
3290,155
3291,155
3292,155
3293,155
3294,155
3295,155
3296,155
3297,155
3298,155
3299,155
3300,155
3301,155
3302,155
3303,155
3304,155
3305,155
3306,155
3307,154
3308,154
3309,154
3310,154
3311,155
3312,155
3313,154
3314,155
3315,155
3316,155
3317,155
3318,155
3319,155
3320,155
3321,155
3322,155
3323,155
3324,155
3325,155
3326,155
3327,155
3328,155
3329,155
3330,155
3331,155
3332,155
3333,155
3334,155
3335,155
3336,155
3337,155
3338,155
3339,155
3340,155
3341,155
3342,155
3343,156
3344,156
3345,156
3346,156
3347,155
3348,155
3349,155
3350,155
3351,155
3352,156
3353,156
3354,156
3355,156
3356,156
3357,156
3358,156
3359,155
3360,156
3361,155
3362,156
3363,155
3364,155
3365,155
3366,156
3367,156
3368,156
3369,156
3370,155
3371,156
3372,155
3373,156
3374,156
3375,156
3376,156
3377,155
3378,155
3379,155
3380,155
3381,155
3382,155
3383,155
3384,155
3385,155
3386,155
3387,155
3388,155
3389,155
3390,155
3391,155
3392,155
3393,155
3394,155
3395,155
3396,155
3397,155
3398,155
3399,155
3400,155
3401,155
3402,155
3403,154
3404,154
3405,155
3406,154
3407,154
3408,154
3409,154
3410,154
3411,154
3412,154
3413,154
3414,155
3415,155
3416,155
3417,155
3418,155
3419,155
3420,155
3421,155
3422,155
3423,155
3424,155
3425,155
3426,155
3427,155
3428,155
3429,155
3430,155
3431,155
3432,154
3433,154
3434,154
3435,154
3436,155
3437,155
3438,155
3439,155
3440,155
3441,155
3442,155
3443,155
3444,155
3445,155
3446,155
3447,155
3448,155
3449,155
3450,155
3451,155
3452,155
3453,155
3454,155
3455,155
3456,156
3457,156
3458,156
3459,156
3460,156
3461,156
3462,156
3463,155
3464,156
3465,156
3466,156
3467,155
3468,155
3469,156
3470,156
3471,156
3472,156
3473,156
3474,156
3475,156
3476,156
3477,156
3478,156
3479,156
3480,156
3481,156
3482,156
3483,156
3484,156
3485,156
3486,156
3487,156
3488,156
3489,156
3490,156
3491,156
3492,156
3493,156
3494,156
3495,156
3496,156
3497,156
3498,157
3499,157
3500,156
3501,157
3502,157
3503,157
3504,157
3505,157
3506,156
3507,157
3508,157
3509,157
3510,157
3511,156
3512,156
3513,156
3514,157
3515,157
3516,156
3517,156
3518,156
3519,156
3520,156
3521,156
3522,156
3523,156
3524,156
3525,156
3526,156
3527,156
3528,156
3529,156
3530,156
3531,156
3532,156
3533,157
3534,157
3535,157
3536,157
3537,157
3538,157
3539,157
3540,157
3541,157
3542,157
3543,157
3544,157
3545,157
3546,157
3547,157
3548,157
3549,157
3550,157
3551,158
3552,158
3553,158
3554,158
3555,158
3556,158
3557,158
3558,158
3559,158
3560,158
3561,158
3562,158
3563,158
3564,158
3565,158
3566,158
3567,158
3568,158
3569,158
3570,158
3571,158
3572,158
3573,158
3574,158
3575,158
3576,158
3577,158
3578,158
3579,158
3580,158
3581,158
3582,158
3583,158
3584,158
3585,158
3586,158
3587,158
3588,158
3589,157
3590,157
3591,157
3592,158
3593,157
3594,158
3595,158
3596,158
3597,158
3598,158
3599,158
3600,158
3601,158
3602,158
3603,158
3604,157
3605,157
3606,158
3607,158
3608,158
3609,159
3610,159
3611,158
3612,158
3613,159
3614,159
3615,159
3616,159
3617,159
3618,159
3619,159
3620,159
3621,159
3622,159
3623,159
3624,159
3625,159
3626,159
3627,159
3628,159
3629,159
3630,159
3631,159
3632,159
3633,159
3634,159
3635,159
3636,159
3637,159
3638,159
3639,159
3640,159
3641,159
3642,159
3643,159
3644,159
3645,159
3646,159
3647,159
3648,158
3649,158
3650,158
3651,158
3652,158
3653,158
3654,158
3655,158
3656,158
3657,158
3658,158
3659,158
3660,158
3661,158
3662,158
3663,158
3664,158
3665,158
3666,158
3667,158
3668,157
3669,157
3670,158
3671,158
3672,158
3673,158
3674,158
3675,158
3676,158
3677,159
3678,159
3679,159
3680,159
3681,159
3682,159
3683,159
3684,159
3685,159
3686,160
3687,160
3688,159
3689,159
3690,160
3691,160
3692,159
3693,159
3694,159
3695,159
3696,159
3697,159
3698,160
3699,159
3700,159
3701,159
3702,159
3703,159
3704,159
3705,159
3706,159
3707,159
3708,159
3709,159
3710,159
3711,159
3712,159
3713,159
3714,159
3715,159
3716,159
3717,159
3718,159
3719,159
3720,159
3721,159
3722,160
3723,160
3724,160
3725,160
3726,159
3727,160
3728,160
3729,160
3730,160
3731,159
3732,160
3733,160
3734,160
3735,160
3736,160
3737,160
3738,160
3739,160
3740,160
3741,160
3742,160
3743,160
3744,160
3745,160
3746,160
3747,160
3748,160
3749,160
3750,160
3751,160
3752,160
3753,160
3754,160
3755,160
3756,160
3757,160
3758,160
3759,160
3760,160
3761,160
3762,160
3763,160
3764,160
3765,160
3766,159
3767,159
3768,159
3769,159
3770,159
3771,159
3772,159
3773,159
3774,159
3775,159
3776,159
3777,159
3778,160
3779,160
3780,160
3781,160
3782,160
3783,160
3784,160
3785,160
3786,160
3787,160
3788,160
3789,160
3790,160
3791,160
3792,160
3793,160
3794,160
3795,160
3796,160
3797,160
3798,160
3799,160
3800,160
3801,160
3802,160
3803,160
3804,160
3805,160
3806,160
3807,160
3808,160
3809,160
3810,160
3811,160
3812,160
3813,159
3814,159
3815,159
3816,159
3817,159
3818,159
3819,159
3820,159
3821,160
3822,160
3823,159
3824,159
3825,160
3826,160
3827,159
3828,159
3829,159
3830,159
3831,160
3832,160
3833,160
3834,160
3835,160
3836,160
3837,160
3838,160
3839,160
3840,160
3841,160
3842,160
3843,160
3844,160
3845,159
3846,160
3847,160
3848,160
3849,160
3850,160
3851,160
3852,160
3853,160
3854,160
3855,160
3856,160
3857,160
3858,160
3859,160
3860,160
3861,160
3862,160
3863,160
3864,160
3865,160
3866,160
3867,160
3868,160
3869,160
3870,160
3871,161
3872,161
3873,161
3874,161
3875,161
3876,160
3877,161
3878,161
3879,161
3880,161
3881,160
3882,161
3883,161
3884,161
3885,160
3886,161
3887,161
3888,161
3889,161
3890,161
3891,160
3892,161
3893,161
3894,161
3895,161
3896,161
3897,161
3898,161
3899,161
3900,161
3901,161
3902,161
3903,161
3904,161
3905,161
3906,161
3907,161
3908,161
3909,161
3910,161
3911,161
3912,161
3913,161
3914,161
3915,161
3916,161
3917,161
3918,161
3919,161
3920,161
3921,161
3922,161
3923,161
3924,161
3925,160
3926,161
3927,161
3928,161
3929,161
3930,160
3931,160
3932,160
3933,160
3934,160
3935,160
3936,160
3937,159
3938,159
3939,159
3940,159
3941,159
3942,159
3943,159
3944,160
3945,160
3946,160
3947,160
3948,159
3949,159
3950,159
3951,159
3952,159
3953,159
3954,158
3955,158
3956,158
3957,159
3958,158
3959,159
3960,159
3961,159
3962,159
3963,159
3964,159
3965,158
3966,158
3967,158
3968,158
3969,158
3970,158
3971,159
3972,158
3973,158
3974,158
3975,159
3976,159
3977,159
3978,159
3979,159
3980,159
3981,159
3982,158
3983,158
3984,158
3985,158
3986,158
3987,158
3988,158
3989,158
3990,158
3991,158
3992,158
3993,158
3994,158
3995,158
3996,158
3997,158
3998,159
3999,159
4000,159
4001,159
4002,159
4003,159
4004,159
4005,159
4006,159
4007,159
4008,159
4009,159
4010,159
4011,159
4012,158
4013,158
4014,158
4015,158
4016,158
4017,158
4018,158
4019,158
4020,158
4021,158
4022,158
4023,158
4024,158
4025,158
4026,158
4027,158
4028,158
4029,158
4030,158
4031,158
4032,158
4033,158
4034,158
4035,158
4036,158
4037,158
4038,157
4039,158
4040,158
4041,158
4042,158
4043,158
4044,158
4045,158
4046,158
4047,158
4048,157
4049,157
4050,157
4051,157
4052,157
4053,157
4054,158
4055,158
4056,158
4057,158
4058,158
4059,158
4060,158
4061,158
4062,158
4063,158
4064,158
4065,158
4066,159
4067,159
4068,159
4069,159
4070,159
4071,159
4072,159
4073,159
4074,159
4075,159
4076,159
4077,159
4078,159
4079,158
4080,158
4081,158
4082,158
4083,158
4084,158
4085,158
4086,158
4087,158
4088,158
4089,158
4090,158
4091,158
4092,158
4093,158
4094,158
4095,157
4096,157
4097,157
4098,157
4099,157
4100,157
4101,157
4102,157
4103,157
4104,158
4105,157
4106,157
4107,157
4108,157
4109,158
4110,158
4111,158
4112,158
4113,158
4114,158
4115,158
4116,158
4117,158
4118,158
4119,158
4120,158
4121,158
4122,158
4123,158
4124,158
4125,158
4126,158
4127,157
4128,157
4129,157
4130,157
4131,157
4132,157
4133,157
4134,157
4135,157
4136,158
4137,158
4138,158
4139,158
4140,158
4141,158
4142,158
4143,158
4144,158
4145,157
4146,157
4147,158
4148,158
4149,157
4150,157
4151,157
4152,157
4153,157
4154,156
4155,156
4156,156
4157,156
4158,156
4159,157
4160,157
4161,157
4162,157
4163,157
4164,157
4165,157
4166,157
4167,157
4168,157
4169,157
4170,156
4171,156
4172,156
4173,157
4174,157
4175,157
4176,157
4177,157
4178,157
4179,157
4180,157
4181,157
4182,157
4183,157
4184,157
4185,157
4186,157
4187,157
4188,156
4189,156
4190,157
4191,157
4192,156
4193,156
4194,156
4195,156
4196,156
4197,156
4198,156
4199,156
4200,156
4201,156
4202,156
4203,156
4204,156
4205,156
4206,156
4207,157
4208,156
4209,157
4210,156
4211,156
4212,156
4213,156
4214,157
4215,157
4216,157
4217,157
4218,157
4219,157
4220,157
4221,157
4222,157
4223,157
4224,157
4225,157
4226,157
4227,157
4228,157
4229,157
4230,157
4231,157
4232,157
4233,157
4234,157
4235,157
4236,158
4237,158
4238,158
4239,158
4240,158
4241,158
4242,158
4243,158
4244,158
4245,158
4246,158
4247,158
4248,158
4249,158
4250,158
4251,158
4252,158
4253,158
4254,158
4255,158
4256,158
4257,158
4258,158
4259,158
4260,158
4261,158
4262,158
4263,158
4264,158
4265,158
4266,158
4267,158
4268,158
4269,157
4270,158
4271,158
4272,158
4273,158
4274,158
4275,158
4276,158
4277,159
4278,159
4279,159
4280,159
4281,159
4282,159
4283,159
4284,159
4285,159
4286,159
4287,159
4288,158
4289,158
4290,159
4291,159
4292,159
4293,159
4294,159
4295,159
4296,159
4297,159
4298,159
4299,159
4300,158
4301,158
4302,158
4303,158
4304,158
4305,158
4306,158
4307,158
4308,158
4309,158
4310,158
4311,158
4312,158
4313,158
4314,158
4315,158
4316,158
4317,159
4318,159
4319,159
4320,159
4321,159
4322,159
4323,158
4324,158
4325,158
4326,158
4327,158
4328,158
4329,158
4330,158
4331,158
4332,158
4333,159
4334,159
4335,159
4336,159
4337,159
4338,159
4339,159
4340,159
4341,159
4342,159
4343,159
4344,158
4345,159
4346,159
4347,159
4348,159
4349,159
4350,159
4351,159
4352,159
4353,159
4354,159
4355,159
4356,159
4357,159
4358,159
4359,159
4360,159
4361,158
4362,158
4363,159
4364,159
4365,160
4366,160
4367,160
4368,160
4369,160
4370,160
4371,160
4372,159
4373,159
4374,159
4375,159
4376,159
4377,160
4378,159
4379,159
4380,160
4381,160
4382,160
4383,160
4384,160
4385,160
4386,160
4387,160
4388,160
4389,160
4390,159
4391,160
4392,160
4393,160
4394,160
4395,160
4396,160
4397,159
4398,159
4399,159
4400,160
4401,160
4402,159
4403,160
4404,160
4405,160
4406,160
4407,160
4408,160
4409,160
4410,160
4411,160
4412,160
4413,160
4414,160
4415,160
4416,160
4417,160
4418,160
4419,160
4420,160
4421,160
4422,160
4423,160
4424,160
4425,160
4426,160
4427,160
4428,160
4429,160
4430,160
4431,160
4432,160
4433,160
4434,159
4435,159
4436,159
4437,159
4438,160
4439,160
4440,160
4441,160
4442,160
4443,160
4444,160
4445,160
4446,160
4447,159
4448,159
4449,159
4450,159
4451,159
4452,159
4453,159
4454,159
4455,159
4456,159
4457,159
4458,159
4459,159
4460,159
4461,159
4462,159
4463,158
4464,158
4465,158
4466,158
4467,159
4468,159
4469,159
4470,159
4471,159
4472,158
4473,158
4474,158
4475,158
4476,157
4477,157
4478,158
4479,158
4480,158
4481,158
4482,158
4483,158
4484,158
4485,158
4486,158
4487,158
4488,158
4489,158
4490,158
4491,158
4492,158
4493,158
4494,158
4495,158
4496,158
4497,158
4498,158
4499,158
4500,158
4501,158
4502,158
4503,159
4504,159
4505,159
4506,159
4507,159
4508,159
4509,159
4510,159
4511,159
4512,159
4513,159
4514,159
4515,159
4516,159
4517,159
4518,158
4519,158
4520,158
4521,158
4522,158
4523,158
4524,158
4525,158
4526,158
4527,158
4528,158
4529,159
4530,159
4531,159
4532,159
4533,159
4534,159
4535,159
4536,158
4537,159
4538,159
4539,159
4540,159
4541,159
4542,159
4543,159
4544,159
4545,159
4546,158
4547,158
4548,158
4549,158
4550,158
4551,158
4552,158
4553,158
4554,158
4555,158
4556,159
4557,159
4558,159
4559,159
4560,159
4561,159
4562,159
4563,159
4564,159
4565,158
4566,159
4567,159
4568,159
4569,159
4570,159
4571,159
4572,159
4573,159
4574,159
4575,159
4576,159
4577,159
4578,159
4579,159
4580,159
4581,159
4582,159
4583,159
4584,159
4585,159
4586,159
4587,159
4588,159
4589,159
4590,159
4591,159
4592,159
4593,159
4594,159
4595,159
4596,159
4597,159
4598,158
4599,158
4600,158
4601,158
4602,158
4603,158
4604,158
4605,158
4606,158
4607,158
4608,158
4609,159
4610,159
4611,159
4612,159
4613,159
4614,158
4615,158
4616,158
4617,158
4618,158
4619,158
4620,158
4621,158
4622,158
4623,158
4624,158
4625,158
4626,158
4627,158
4628,158
4629,158
4630,158
4631,158
4632,158
4633,158
4634,158
4635,158
4636,158
4637,158
4638,158
4639,158
4640,158
4641,158
4642,158
4643,158
4644,158
4645,157
4646,157
4647,158
4648,158
4649,158
4650,158
4651,158
4652,158
4653,158
4654,158
4655,158
4656,158
4657,158
4658,157
4659,157
4660,157
4661,157
4662,157
4663,157
4664,157
4665,158
4666,158
4667,158
4668,158
4669,158
4670,158
4671,158
4672,158
4673,158
4674,158
4675,158
4676,158
4677,158
4678,158
4679,158
4680,158
4681,158
4682,158
4683,158
4684,159
4685,159
4686,159
4687,159
4688,159
4689,159
4690,159
4691,159
4692,159
4693,159
4694,159
4695,159
4696,159
4697,159
4698,159
4699,159
4700,159
4701,159
4702,160
4703,160
4704,160
4705,159
4706,160
4707,159
4708,160
4709,160
4710,159
4711,159
4712,160
4713,160
4714,160
4715,160
4716,159
4717,160
4718,160
4719,160
4720,160
4721,160
4722,160
4723,160
4724,160
4725,160
4726,160
4727,160
4728,160
4729,160
4730,160
4731,160
4732,160
4733,160
4734,160
4735,160
4736,160
4737,160
4738,161
4739,161
4740,161
4741,161
4742,161
4743,161
4744,161
4745,161
4746,161
4747,160
4748,160
4749,161
4750,161
4751,160
4752,161
4753,160
4754,160
4755,160
4756,160
4757,160
4758,160
4759,160
4760,160
4761,160
4762,160
4763,160
4764,160
4765,160
4766,160
4767,160
4768,160
4769,160
4770,160
4771,160
4772,160
4773,160
4774,160
4775,160
4776,160
4777,160
4778,160
4779,159
4780,160
4781,159
4782,159
4783,159
4784,159
4785,159
4786,159
4787,159
4788,159
4789,159
4790,159
4791,159
4792,159
4793,159
4794,159
4795,159
4796,159
4797,159
4798,159
4799,159
4800,160
4801,160
4802,159
4803,159
4804,159
4805,159
4806,159
4807,159
4808,159
4809,159
4810,159
4811,159
4812,159
4813,159
4814,159
4815,159
4816,159
4817,159
4818,159
4819,159
4820,159
4821,159
4822,159
4823,159
4824,159
4825,159
4826,160
4827,160
4828,160
4829,160
4830,159
4831,160
4832,160
4833,160
4834,160
4835,160
4836,159
4837,160
4838,160
4839,160
4840,160
4841,160
4842,160
4843,160
4844,160
4845,160
4846,160
4847,160
4848,160
4849,160
4850,159
4851,159
4852,160
4853,160
4854,159
4855,159
4856,159
4857,159
4858,159
4859,159
4860,159
4861,159
4862,159
4863,159
4864,159
4865,159
4866,159
4867,159
4868,159
4869,159
4870,158
4871,159
4872,159
4873,159
4874,159
4875,159
4876,159
4877,159
4878,159
4879,159
4880,159
4881,159
4882,159
4883,159
4884,159
4885,159
4886,159
4887,159
4888,159
4889,159
4890,159
4891,159
4892,159
4893,159
4894,159
4895,158
4896,159
4897,159
4898,159
4899,159
4900,159
4901,159
4902,159
4903,159
4904,159
4905,159
4906,159
4907,159
4908,159
4909,160
4910,160
4911,160
4912,160
4913,160
4914,160
4915,160
4916,160
4917,160
4918,160
4919,160
4920,160
4921,160
4922,159
4923,160
4924,160
4925,160
4926,159
4927,160
4928,160
4929,160
4930,160
4931,159
4932,160
4933,160
4934,160
4935,160
4936,160
4937,160
4938,160
4939,160
4940,160
4941,160
4942,159
4943,160
4944,160
4945,160
4946,160
4947,160
4948,159
4949,159
4950,159
4951,159
4952,159
4953,159
4954,160
4955,160
4956,159
4957,159
4958,159
4959,159
4960,159
4961,159
4962,159
4963,160
4964,160
4965,160
4966,160
4967,160
4968,160
4969,160
4970,160
4971,160
4972,160
4973,160
4974,161
4975,161
4976,161
4977,161
4978,161
4979,161
4980,161
4981,161
4982,161
4983,161
4984,161
4985,161
4986,161
4987,161
4988,161
4989,161
4990,161
4991,161
4992,161
4993,161
4994,161
4995,161
4996,161
4997,161
4998,161
4999,161
5000,161
5001,161
5002,161
5003,161
5004,161
5005,161
5006,161
5007,161
5008,161
5009,161
5010,161
5011,161
5012,161
5013,161
5014,161
5015,161
5016,161
5017,161
5018,161
5019,161
5020,161
5021,162
5022,162
5023,162
5024,162
5025,162
5026,162
5027,162
5028,162
5029,162
5030,162
5031,162
5032,163
5033,163
5034,163
5035,163
5036,163
5037,163
5038,163
5039,163
5040,162
5041,162
5042,162
5043,162
5044,163
5045,163
5046,163
5047,163
5048,163
5049,163
5050,163
5051,163
5052,163
5053,163
5054,163
5055,163
5056,163
5057,163
5058,163
5059,163
5060,163
5061,163
5062,163
5063,162
5064,162
5065,162
5066,163
5067,163
5068,163
5069,163
5070,163
5071,162
5072,162
5073,162
5074,162
5075,162
5076,162
5077,163
5078,163
5079,163
5080,163
5081,162
5082,162
5083,162
5084,162
5085,162
5086,162
5087,162
5088,162
5089,163
5090,163
5091,163
5092,163
5093,163
5094,163
5095,163
5096,163
5097,163
5098,163
5099,163
5100,163
5101,163
5102,163
5103,163
5104,163
5105,162
5106,163
5107,162
5108,163
5109,163
5110,163
5111,163
5112,163
5113,163
5114,163
5115,163
5116,163
5117,163
5118,163
5119,163
5120,163
5121,163
5122,163
5123,163
5124,163
5125,163
5126,163
5127,163
5128,163
5129,164
5130,164
5131,164
5132,164
5133,164
5134,163
5135,163
5136,163
5137,163
5138,163
5139,163
5140,163
5141,163
5142,163
5143,163
5144,163
5145,164
5146,164
5147,164
5148,164
5149,164
5150,164
5151,164
5152,164
5153,164
5154,164
5155,165
5156,165
5157,165
5158,165
5159,165
5160,165
5161,165
5162,165
5163,165
5164,165
5165,165
5166,165
5167,165
5168,165
5169,165
5170,165
5171,165
5172,165
5173,166
5174,166
5175,165
5176,166
5177,166
5178,165
5179,165
5180,165
5181,166
5182,166
5183,166
5184,166
5185,166
5186,166
5187,166
5188,166
5189,166
5190,166
5191,165
5192,165
5193,165
5194,165
5195,165
5196,165
5197,165
5198,165
5199,165
5200,165
5201,165
5202,165
5203,165
5204,165
5205,165
5206,165
5207,165
5208,165
5209,165
5210,166
5211,166
5212,166
5213,166
5214,166
5215,166
5216,166
5217,166
5218,166
5219,166
5220,166
5221,166
5222,166
5223,165
5224,165
5225,165
5226,165
5227,165
5228,165
5229,165
5230,165
5231,165
5232,165
5233,165
5234,165
5235,166
5236,166
5237,166
5238,166
5239,166
5240,166
5241,166
5242,166
5243,166
5244,166
5245,166
5246,166
5247,166
5248,166
5249,166
5250,166
5251,166
5252,166
5253,166
5254,166
5255,166
5256,166
5257,166
5258,165
5259,165
5260,165
5261,165
5262,165
5263,165
5264,165
5265,165
5266,165
5267,165
5268,165
5269,165
5270,165
5271,165
5272,165
5273,165
5274,165
5275,165
5276,165
5277,164
5278,164
5279,164
5280,165
5281,165
5282,164
5283,164
5284,164
5285,164
5286,164
5287,164
5288,164
5289,165
5290,165
5291,165
5292,165
5293,165
5294,165
5295,164
5296,164
5297,164
5298,164
5299,164
5300,165
5301,164
5302,164
5303,164
5304,165
5305,165
5306,165
5307,164
5308,164
5309,164
5310,164
5311,164
5312,164
5313,165
5314,164
5315,165
5316,165
5317,165
5318,164
5319,164
5320,164
5321,164
5322,164
5323,164
5324,164
5325,164
5326,165
5327,165
5328,165
5329,165
5330,165
5331,165
5332,165
5333,165
5334,165
5335,165
5336,165
5337,165
5338,165
5339,165
5340,165
5341,165
5342,165
5343,165
5344,164
5345,164
5346,164
5347,164
5348,164
5349,164
5350,164
5351,164
5352,164
5353,164
5354,164
5355,164
5356,164
5357,165
5358,164
5359,164
5360,164
5361,164
5362,164
5363,164
5364,164
5365,164
5366,164
5367,164
5368,164
5369,164
5370,164
5371,164
5372,164
5373,164
5374,164
5375,164
5376,164
5377,164
5378,164
5379,164
5380,164
5381,164
5382,164
5383,164
5384,164
5385,163
5386,163
5387,163
5388,163
5389,164
5390,164
5391,164
5392,164
5393,164
5394,164
5395,164
5396,164
5397,164
5398,164
5399,164
5400,163
5401,164
5402,163
5403,163
5404,163
5405,163
5406,163
5407,164
5408,164
5409,164
5410,163
5411,163
5412,163
5413,164
5414,164
5415,164
5416,164
5417,164
5418,164
5419,164
5420,163
5421,164
5422,164
5423,164
5424,164
5425,164
5426,164
5427,164
5428,164
5429,164
5430,163
5431,163
5432,163
5433,163
5434,163
5435,163
5436,164
5437,164
5438,164
5439,164
5440,164
5441,164
5442,164
5443,164
5444,164
5445,164
5446,164
5447,164
5448,164
5449,164
5450,164
5451,164
5452,164
5453,164
5454,164
5455,164
5456,164
5457,164
5458,164
5459,164
5460,164
5461,164
5462,164
5463,164
5464,164
5465,165
5466,165
5467,165
5468,165
5469,165
5470,165
5471,165
5472,165
5473,165
5474,165
5475,165
5476,165
5477,165
5478,165
5479,165
5480,165
5481,164
5482,164
5483,164
5484,165
5485,165
5486,165
5487,165
5488,165
5489,165
5490,165
5491,165
5492,165
5493,165
5494,165
5495,165
5496,165
5497,165
5498,165
5499,165
5500,165
5501,165
5502,165
5503,164
5504,164
5505,164
5506,164
5507,165
5508,165
5509,165
5510,165
5511,165
5512,165
5513,164
5514,164
5515,164
5516,164
5517,164
5518,164
5519,164
5520,164
5521,164
5522,164
5523,164
5524,164
5525,164
5526,164
5527,164
5528,164
5529,164
5530,164
5531,164
5532,164
5533,164
5534,164
5535,164
5536,164
5537,164
5538,164
5539,163
5540,163
5541,163
5542,163
5543,163
5544,163
5545,163
5546,163
5547,163
5548,163
5549,163
5550,163
5551,163
5552,163
5553,163
5554,163
5555,163
5556,163
5557,163
5558,163
5559,162
5560,162
5561,162
5562,162
5563,162
5564,162
5565,162
5566,162
5567,162
5568,162
5569,162
5570,162
5571,162
5572,162
5573,162
5574,162
5575,162
5576,162
5577,161
5578,162
5579,162
5580,162
5581,162
5582,162
5583,162
5584,162
5585,162
5586,162
5587,162
5588,162
5589,162
5590,162
5591,162
5592,162
5593,161
5594,161
5595,162
5596,161
5597,161
5598,161
5599,161
5600,161
5601,161
5602,161
5603,161
5604,161
5605,161
5606,161
5607,161
5608,161
5609,161
5610,161
5611,161
5612,161
5613,161
5614,161
5615,161
5616,161
5617,161
5618,161
5619,161
5620,161
5621,161
5622,161
5623,162
5624,161
5625,161
5626,161
5627,161
5628,161
5629,161
5630,161
5631,161
5632,161
5633,161
5634,162
5635,162
5636,162
5637,162
5638,161
5639,162
5640,162
5641,162
5642,161
5643,161
5644,162
5645,162
5646,162
5647,162
5648,162
5649,162
5650,162
5651,162
5652,162
5653,162
5654,162
5655,162
5656,162
5657,162
5658,162
5659,162
5660,162
5661,161
5662,161
5663,161
5664,161
5665,161
5666,161
5667,161
5668,161
5669,161
5670,162
5671,162
5672,162
5673,162
5674,162
5675,162
5676,162
5677,162
5678,162
5679,162
5680,162
5681,162
5682,162
5683,162
5684,162
5685,162
5686,162
5687,162
5688,162
5689,162
5690,162
5691,162
5692,162
5693,161
5694,161
5695,161
5696,161
5697,161
5698,161
5699,161
5700,161
5701,161
5702,161
5703,161
5704,161
5705,162
5706,162
5707,162
5708,162
5709,162
5710,162
5711,162
5712,162
5713,162
5714,162
5715,162
5716,162
5717,162
5718,162
5719,162
5720,162
5721,162
5722,162
5723,162
5724,162
5725,162
5726,162
5727,162
5728,162
5729,162
5730,163
5731,163
5732,163
5733,163
5734,163
5735,163
5736,163
5737,163
5738,163
5739,163
5740,163
5741,163
5742,163
5743,163
5744,163
5745,163
5746,162
5747,162
5748,163
5749,163
5750,163
5751,163
5752,163
5753,163
5754,163
5755,162
5756,163
5757,162
5758,162
5759,163
5760,163
5761,163
5762,163
5763,163
5764,163
5765,163
5766,163
5767,163
5768,163
5769,163
5770,163
5771,163
5772,163
5773,163
5774,163
5775,163
5776,163
5777,163
5778,163
5779,163
5780,163
5781,162
5782,163
5783,163
5784,163
5785,163
5786,163
5787,163
5788,163
5789,163
5790,163
5791,163
5792,163
5793,163
5794,163
5795,163
5796,163
5797,163
5798,163
5799,163
5800,163
5801,163
5802,162
5803,162
5804,162
5805,162
5806,162
5807,162
5808,162
5809,163
5810,162
5811,163
5812,163
5813,163
5814,163
5815,163
5816,163
5817,163
5818,163
5819,163
5820,163
5821,163
5822,163
5823,163
5824,163
5825,163
5826,163
5827,163
5828,163
5829,163
5830,163
5831,163
5832,163
5833,163
5834,163
5835,163
5836,163
5837,163
5838,163
5839,163
5840,163
5841,163
5842,163
5843,163
5844,163
5845,163
5846,163
5847,163
5848,163
5849,163
5850,163
5851,163
5852,163
5853,163
5854,163
5855,163
5856,163
5857,163
5858,163
5859,163
5860,163
5861,163
5862,163
5863,162
5864,162
5865,162
5866,162
5867,162
5868,162
5869,162
5870,162
5871,163
5872,163
5873,162
5874,162
5875,163
5876,163
5877,163
5878,163
5879,163
5880,162
5881,163
5882,162
5883,162
5884,162
5885,163
5886,163
5887,163
5888,163
5889,163
5890,163
5891,163
5892,163
5893,163
5894,163
5895,163
5896,163
5897,163
5898,162
5899,163
5900,163
5901,163
5902,162
5903,163
5904,163
5905,163
5906,163
5907,163
5908,163
5909,163
5910,163
5911,163
5912,163
5913,163
5914,163
5915,163
5916,163
5917,163
5918,163
5919,163
5920,163
5921,163
5922,163
5923,163
5924,163
5925,163
5926,163
5927,163
5928,163
5929,163
5930,163
5931,163
5932,163
5933,163
5934,163
5935,163
5936,163
5937,163
5938,163
5939,163
5940,163
5941,163
5942,163
5943,163
5944,163
5945,163
5946,163
5947,163
5948,163
5949,163
5950,163
5951,163
5952,163
5953,163
5954,163
5955,163
5956,163
5957,163
5958,163
5959,163
5960,163
5961,163
5962,163
5963,163
5964,163
5965,163
5966,163
5967,163
5968,163
5969,162
5970,162
5971,162
5972,162
5973,162
5974,163
5975,163
5976,163
5977,163
5978,163
5979,163
5980,163
5981,163
5982,163
5983,163
5984,163
5985,163
5986,163
5987,163
5988,163
5989,163
5990,163
5991,162
5992,162
5993,162
5994,162
5995,162
5996,162
5997,162
5998,163
5999,163
6000,163
6001,163
6002,163
6003,164
6004,163
6005,163
6006,163
6007,163
6008,163
6009,163
6010,163
6011,163
6012,163
6013,163
6014,163
6015,163
6016,163
6017,163
6018,164
6019,164
6020,164
6021,164
6022,164
6023,164
6024,164
6025,164
6026,164
6027,164
6028,164
6029,164
6030,164
6031,164
6032,164
6033,164
6034,164
6035,164
6036,164
6037,164
6038,164
6039,164
6040,164
6041,164
6042,164
6043,164
6044,164
6045,164
6046,164
6047,164
6048,164
6049,164
6050,164
6051,163
6052,164
6053,164
6054,164
6055,163
6056,163
6057,163
6058,163
6059,163
6060,163
6061,163
6062,163
6063,163
6064,163
6065,163
6066,163
6067,163
6068,163
6069,163
6070,163
6071,163
6072,163
6073,163
6074,163
6075,163
6076,164
6077,164
6078,164
6079,164
6080,164
6081,164
6082,164
6083,164
6084,164
6085,164
6086,164
6087,164
6088,164
6089,164
6090,164
6091,164
6092,164
6093,164
6094,164
6095,164
6096,164
6097,164
6098,164
6099,164
6100,164
6101,164
6102,164
6103,164
6104,164
6105,164
6106,164
6107,164
6108,164
6109,164
6110,164
6111,164
6112,165
6113,165
6114,165
6115,165
6116,165
6117,165
6118,165
6119,165
6120,165
6121,165
6122,165
6123,165
6124,165
6125,165
6126,166
6127,166
6128,166
6129,165
6130,165
6131,165
6132,165
6133,165
6134,164
6135,164
6136,165
6137,165
6138,165
6139,165
6140,165
6141,165
6142,165
6143,164
6144,164
6145,165
6146,165
6147,165
6148,165
6149,165
6150,166
6151,166
6152,166
6153,166
6154,166
6155,166
6156,166
6157,166
6158,165
6159,166
6160,165
6161,166
6162,167
6163,167
6164,166
6165,166
6166,166
6167,166
6168,165
6169,165
6170,165
6171,165
6172,165
6173,165
6174,165
6175,165
6176,165
6177,165
6178,165
6179,165
6180,164
6181,165
6182,165
6183,165
6184,165
6185,165
6186,164
6187,164
6188,165
6189,165
6190,165
6191,165
6192,165
6193,165
6194,165
6195,165
6196,165
6197,165
6198,165
6199,165
6200,166
6201,166
6202,166
6203,166
6204,166
6205,166
6206,166
6207,166
6208,166
6209,166
6210,166
6211,166
6212,166
6213,166
6214,166
6215,165
6216,165
6217,165
6218,165
6219,165
6220,166
6221,166
6222,166
6223,166
6224,166
6225,166
6226,166
6227,166
6228,166
6229,166
6230,166
6231,166
6232,166
6233,166
6234,166
6235,166
6236,166
6237,166
6238,166
6239,166
6240,166
6241,166
6242,166
6243,166
6244,166
6245,165
6246,166
6247,166
6248,166
6249,166
6250,166
6251,166
6252,166
6253,166
6254,166
6255,166
6256,166
6257,166
6258,166
6259,166
6260,166
6261,166
6262,166
6263,165
6264,166
6265,166
6266,166
6267,166
6268,166
6269,166
6270,166
6271,166
6272,166
6273,166
6274,166
6275,166
6276,166
6277,165
6278,165
6279,165
6280,165
6281,165
6282,165
6283,165
6284,166
6285,166
6286,166
6287,166
6288,166
6289,166
6290,166
6291,166
6292,166
6293,166
6294,166
6295,166
6296,166
6297,166
6298,166
6299,166
6300,165
6301,165
6302,165
6303,165
6304,165
6305,165
6306,165
6307,165
6308,165
6309,165
6310,165
6311,165
6312,165
6313,165
6314,165
6315,165
6316,165
6317,165
6318,165
6319,165
6320,165
6321,165
6322,165
6323,165
6324,165
6325,165
6326,165
6327,165
6328,165
6329,165
6330,165
6331,165
6332,165
6333,165
6334,165
6335,165
6336,165
6337,165
6338,165
6339,165
6340,165
6341,165
6342,165
6343,165
6344,165
6345,165
6346,165
6347,165
6348,165
6349,165
6350,165
6351,165
6352,165
6353,165
6354,165
6355,165
6356,165
6357,165
6358,165
6359,165
6360,165
6361,165
6362,165
6363,165
6364,165
6365,165
6366,165
6367,165
6368,165
6369,165
6370,165
6371,165
6372,165
6373,164
6374,165
6375,165
6376,164
6377,165
6378,165
6379,165
6380,165
6381,165
6382,165
6383,165
6384,165
6385,165
6386,165
6387,165
6388,166
6389,165
6390,166
6391,166
6392,166
6393,166
6394,166
6395,166
6396,166
6397,165
6398,165
6399,166
6400,166
6401,166
6402,166
6403,165
6404,166
6405,166
6406,165
6407,165
6408,166
6409,165
6410,165
6411,165
6412,165
6413,165
6414,165
6415,164
6416,164
6417,164
6418,164
6419,164
6420,164
6421,164
6422,164
6423,164
6424,164
6425,164
6426,164
6427,164
6428,164
6429,164
6430,164
6431,164
6432,164
6433,164
6434,164
6435,164
6436,164
6437,164
6438,164
6439,164
6440,163
6441,163
6442,163
6443,163
6444,163
6445,163
6446,163
6447,163
6448,163
6449,163
6450,163
6451,163
6452,163
6453,163
6454,163
6455,163
6456,163
6457,163
6458,163
6459,163
6460,163
6461,163
6462,163
6463,163
6464,163
6465,163
6466,163
6467,163
6468,163
6469,163
6470,163
6471,163
6472,163
6473,163
6474,162
6475,163
6476,163
6477,163
6478,163
6479,163
6480,163
6481,163
6482,163
6483,163
6484,163
6485,162
6486,162
6487,162
6488,162
6489,162
6490,162
6491,162
6492,162
6493,162
6494,162
6495,162
6496,163
6497,163
6498,163
6499,162
6500,162
6501,162
6502,162
6503,162
6504,162
6505,162
6506,162
6507,162
6508,162
6509,161
6510,161
6511,161
6512,161
6513,161
6514,161
6515,161
6516,161
6517,161
6518,162
6519,161
6520,161
6521,162
6522,162
6523,162
6524,162
6525,162
6526,162
6527,162
6528,162
6529,162
6530,162
6531,163
6532,163
6533,163
6534,163
6535,163
6536,163
6537,163
6538,163
6539,163
6540,163
6541,163
6542,163
6543,163
6544,164
6545,164
6546,163
6547,163
6548,163
6549,163
6550,163
6551,163
6552,163
6553,163
6554,163
6555,163
6556,163
6557,163
6558,163
6559,163
6560,163
6561,163
6562,163
6563,163
6564,163
6565,163
6566,163
6567,162
6568,162
6569,162
6570,162
6571,162
6572,162
6573,162
6574,162
6575,162
6576,162
6577,162
6578,162
6579,162
6580,162
6581,162
6582,161
6583,162
6584,162
6585,162
6586,162
6587,162
6588,162
6589,162
6590,162
6591,162
6592,162
6593,162
6594,162
6595,162
6596,162
6597,162
6598,162
6599,162
6600,162
6601,162
6602,162
6603,162
6604,162
6605,162
6606,162
6607,162
6608,162
6609,162
6610,162
6611,161
6612,161
6613,161
6614,161
6615,161
6616,161
6617,161
6618,161
6619,161
6620,161
6621,161
6622,161
6623,161
6624,160
6625,160
6626,160
6627,161
6628,161
6629,161
6630,161
6631,161
6632,160
6633,161
6634,161
6635,161
6636,161
6637,161
6638,161
6639,161
6640,161
6641,161
6642,161
6643,161
6644,160
6645,160
6646,160
6647,160
6648,160
6649,160
6650,160
6651,160
6652,160
6653,160
6654,161
6655,161
6656,161
6657,160
6658,160
6659,160
6660,161
6661,161
6662,161
6663,161
6664,160
6665,161
6666,161
6667,161
6668,161
6669,161
6670,160
6671,160
6672,161
6673,161
6674,161
6675,161
6676,161
6677,161
6678,161
6679,161
6680,161
6681,161
6682,161
6683,161
6684,161
6685,160
6686,161
6687,161
6688,161
6689,161
6690,161
6691,161
6692,161
6693,161
6694,161
6695,161
6696,161
6697,161
6698,161
6699,161
6700,161
6701,161
6702,161
6703,161
6704,161
6705,161
6706,161
6707,161
6708,160
6709,161
6710,161
6711,161
6712,160
6713,160
6714,161
6715,161
6716,161
6717,161
6718,161
6719,161
6720,161
6721,161
6722,160
6723,161
6724,161
6725,161
6726,161
6727,161
6728,161
6729,161
6730,161
6731,161
6732,161
6733,161
6734,161
6735,161
6736,160
6737,161
6738,161
6739,161
6740,161
6741,161
6742,160
6743,160
6744,160
6745,160
6746,160
6747,160
6748,160
6749,161
6750,161
6751,161
6752,161
6753,161
6754,161
6755,160
6756,161
6757,161
6758,161
6759,161
6760,161
6761,161
6762,161
6763,161
6764,161
6765,161
6766,160
6767,160
6768,160
6769,161
6770,161
6771,161
6772,161
6773,161
6774,161
6775,161
6776,160
6777,161
6778,161
6779,161
6780,161
6781,161
6782,161
6783,161
6784,161
6785,161
6786,161
6787,161
6788,161
6789,161
6790,161
6791,162
6792,162
6793,162
6794,162
6795,162
6796,162
6797,162
6798,162
6799,162
6800,162
6801,162
6802,162
6803,162
6804,161
6805,162
6806,162
6807,162
6808,162
6809,162
6810,162
6811,162
6812,162
6813,162
6814,162
6815,162
6816,162
6817,162
6818,162
6819,162
6820,162
6821,162
6822,162
6823,162
6824,162
6825,162
6826,162
6827,162
6828,162
6829,163
6830,163
6831,163
6832,163
6833,163
6834,163
6835,163
6836,163
6837,163
6838,163
6839,163
6840,163
6841,163
6842,163
6843,163
6844,163
6845,162
6846,162
6847,163
6848,163
6849,163
6850,163
6851,163
6852,163
6853,163
6854,163
6855,163
6856,163
6857,163
6858,163
6859,163
6860,163
6861,163
6862,163
6863,163
6864,162
6865,162
6866,162
6867,162
6868,162
6869,162
6870,162
6871,162
6872,162
6873,162
6874,162
6875,162
6876,162
6877,163
6878,163
6879,163
6880,163
6881,163
6882,163
6883,162
6884,162
6885,162
6886,162
6887,162
6888,162
6889,162
6890,162
6891,162
6892,162
6893,162
6894,162
6895,162
6896,162
6897,162
6898,161
6899,162
6900,162
6901,162
6902,162
6903,162
6904,162
6905,161
6906,161
6907,161
6908,161
6909,162
6910,162
6911,162
6912,162
6913,162
6914,162
6915,162
6916,162
6917,162
6918,162
6919,162
6920,162
6921,162
6922,162
6923,162
6924,162
6925,162
6926,162
6927,162
6928,162
6929,162
6930,162
6931,162
6932,162
6933,162
6934,162
6935,162
6936,162
6937,162
6938,162
6939,162
6940,162
6941,162
6942,162
6943,162
6944,163
6945,163
6946,163
6947,163
6948,163
6949,163
6950,162
6951,162
6952,163
6953,162
6954,162
6955,163
6956,163
6957,162
6958,162
6959,162
6960,162
6961,162
6962,162
6963,162
6964,162
6965,162
6966,162
6967,162
6968,162
6969,163
6970,162
6971,162
6972,163
6973,162
6974,162
6975,162
6976,162
6977,162
6978,162
6979,162
6980,162
6981,162
6982,162
6983,161
6984,162
6985,162
6986,162
6987,162
6988,162
6989,162
6990,162
6991,162
6992,162
6993,162
6994,162
6995,162
6996,162
6997,162
6998,162
6999,162
7000,162
7001,162
7002,162
7003,162
7004,162
7005,162
7006,162
7007,162
7008,162
7009,162
7010,162
7011,162
7012,162
7013,162
7014,162
7015,162
7016,163
7017,162
7018,162
7019,162
7020,162
7021,162
7022,163
7023,162
7024,162
7025,162
7026,162
7027,162
7028,162
7029,162
7030,161
7031,162
7032,162
7033,162
7034,161
7035,161
7036,161
7037,161
7038,160
7039,160
7040,160
7041,160
7042,161
7043,161
7044,161
7045,161
7046,161
7047,161
7048,161
7049,161
7050,161
7051,161
7052,161
7053,161
7054,161
7055,161
7056,161
7057,161
7058,161
7059,161
7060,161
7061,161
7062,161
7063,161
7064,161
7065,161
7066,161
7067,162
7068,161
7069,161
7070,161
7071,161
7072,161
7073,162
7074,162
7075,162
7076,162
7077,162
7078,162
7079,162
7080,162
7081,162
7082,162
7083,162
7084,162
7085,162
7086,162
7087,162
7088,162
7089,162
7090,162
7091,162
7092,163
7093,163
7094,162
7095,162
7096,162
7097,162
7098,162
7099,161
7100,162
7101,162
7102,162
7103,162
7104,161
7105,161
7106,161
7107,161
7108,161
7109,161
7110,161
7111,161
7112,161
7113,160
7114,160
7115,160
7116,160
7117,161
7118,161
7119,161
7120,161
7121,161
7122,161
7123,161
7124,161
7125,161
7126,161
7127,160
7128,160
7129,159
7130,159
7131,159
7132,159
7133,159
7134,159
7135,159
7136,159
7137,159
7138,159
7139,159
7140,159
7141,159
7142,159
7143,159
7144,159
7145,159
7146,159
7147,159
7148,158
7149,159
7150,159
7151,160
7152,160
7153,159
7154,159
7155,159
7156,159
7157,159
7158,159
7159,159
7160,160
7161,160
7162,159
7163,159
7164,159
7165,159
7166,159
7167,160
7168,159
7169,160
7170,160
7171,160
7172,160
7173,160
7174,160
7175,160
7176,160
7177,160
7178,161
7179,161
7180,161
7181,160
7182,160
7183,160
7184,160
7185,160
7186,160
7187,160
7188,160
7189,160
7190,160
7191,160
7192,160
7193,160
7194,160
7195,160
7196,160
7197,160
7198,160
7199,160
7200,160
7201,160
7202,160
7203,160
7204,160
7205,160
7206,160
7207,160
7208,161
7209,160
7210,160
7211,161
7212,160
7213,161
7214,161
7215,161
7216,161
7217,160
7218,160
7219,160
7220,160
7221,160
7222,160
7223,160
7224,160
7225,160
7226,160
7227,160
7228,160
7229,160
7230,160
7231,160
7232,160
7233,160
7234,160
7235,160
7236,160
7237,160
7238,160
7239,160
7240,160
7241,160
7242,160
7243,160
7244,160
7245,159
7246,159
7247,160
7248,160
7249,160
7250,161
7251,161
7252,161
7253,160
7254,160
7255,160
7256,160
7257,160
7258,160
7259,160
7260,160
7261,160
7262,160
7263,160
7264,160
7265,160
7266,160
7267,159
7268,159
7269,159
7270,159
7271,159
7272,159
7273,159
7274,159
7275,159
7276,159
7277,159
7278,159
7279,159
7280,159
7281,159
7282,159
7283,160
7284,160
7285,160
7286,160
7287,160
7288,160
7289,160
7290,160
7291,160
7292,160
7293,160
7294,160
7295,161
7296,160
7297,160
7298,160
7299,160
7300,160
7301,160
7302,161
7303,161
7304,161
7305,161
7306,161
7307,161
7308,161
7309,161
7310,161
7311,161
7312,161
7313,161
7314,161
7315,160
7316,160
7317,160
7318,160
7319,160
7320,160
7321,160
7322,160
7323,160
7324,160
7325,160
7326,160
7327,160
7328,160
7329,160
7330,160
7331,160
7332,160
7333,160
7334,160
7335,160
7336,160
7337,160
7338,161
7339,161
7340,161
7341,161
7342,160
7343,161
7344,161
7345,161
7346,161
7347,161
7348,161
7349,161
7350,161
7351,161
7352,161
7353,161
7354,161
7355,161
7356,161
7357,161
7358,161
7359,161
7360,161
7361,161
7362,161
7363,161
7364,161
7365,161
7366,161
7367,161
7368,161
7369,161
7370,161
7371,161
7372,162
7373,162
7374,162
7375,162
7376,162
7377,162
7378,162
7379,162
7380,162
7381,162
7382,162
7383,161
7384,161
7385,161
7386,161
7387,162
7388,162
7389,162
7390,162
7391,162
7392,162
7393,162
7394,162
7395,162
7396,162
7397,162
7398,162
7399,162
7400,162
7401,162
7402,162
7403,163
7404,163
7405,163
7406,162
7407,162
7408,162
7409,162
7410,162
7411,162
7412,162
7413,162
7414,162
7415,163
7416,163
7417,162
7418,162
7419,162
7420,162
7421,162
7422,162
7423,162
7424,162
7425,162
7426,163
7427,162
7428,163
7429,163
7430,163
7431,162
7432,162
7433,162
7434,162
7435,163
7436,162
7437,162
7438,162
7439,162
7440,162
7441,162
7442,162
7443,162
7444,162
7445,162
7446,162
7447,162
7448,162
7449,162
7450,162
7451,162
7452,162
7453,162
7454,162
7455,162
7456,162
7457,162
7458,162
7459,162
7460,162
7461,162
7462,162
7463,162
7464,163
7465,162
7466,162
7467,162
7468,162
7469,162
7470,162
7471,162
7472,162
7473,162
7474,162
7475,163
7476,163
7477,163
7478,162
7479,162
7480,162
7481,162
7482,162
7483,162
7484,162
7485,163
7486,163
7487,163
7488,163
7489,163
7490,163
7491,163
7492,163
7493,163
7494,163
7495,163
7496,163
7497,163
7498,163
7499,163
7500,163
7501,162
7502,162
7503,162
7504,162
7505,162
7506,163
7507,163
7508,163
7509,163
7510,163
7511,163
7512,163
7513,163
7514,163
7515,162
7516,163
7517,162
7518,163
7519,163
7520,163
7521,163
7522,163
7523,163
7524,163
7525,163
7526,163
7527,163
7528,163
7529,163
7530,163
7531,163
7532,163
7533,163
7534,163
7535,163
7536,163
7537,163
7538,163
7539,163
7540,163
7541,163
7542,163
7543,163
7544,163
7545,163
7546,163
7547,163
7548,163
7549,163
7550,163
7551,163
7552,163
7553,163
7554,163
7555,163
7556,163
7557,163
7558,163
7559,163
7560,163
7561,163
7562,163
7563,163
7564,163
7565,163
7566,163
7567,163
7568,163
7569,163
7570,163
7571,163
7572,163
7573,163
7574,163
7575,163
7576,163
7577,163
7578,163
7579,163
7580,163
7581,163
7582,163
7583,164
7584,164
7585,164
7586,163
7587,164
7588,163
7589,164
7590,163
7591,163
7592,163
7593,163
7594,163
7595,163
7596,163
7597,163
7598,163
7599,163
7600,163
7601,163
7602,163
7603,163
7604,163
7605,163
7606,163
7607,163
7608,163
7609,163
7610,163
7611,163
7612,162
7613,162
7614,162
7615,162
7616,162
7617,162
7618,163
7619,163
7620,163
7621,163
7622,163
7623,163
7624,163
7625,163
7626,162
7627,163
7628,163
7629,162
7630,162
7631,163
7632,163
7633,163
7634,163
7635,163
7636,163
7637,163
7638,163
7639,163
7640,163
7641,163
7642,163
7643,163
7644,163
7645,163
7646,163
7647,163
7648,163
7649,163
7650,163
7651,163
7652,163
7653,163
7654,163
7655,163
7656,163
7657,163
7658,163
7659,162
7660,162
7661,162
7662,162
7663,162
7664,162
7665,162
7666,162
7667,162
7668,162
7669,162
7670,162
7671,162
7672,162
7673,162
7674,162
7675,162
7676,162
7677,162
7678,162
7679,162
7680,162
7681,162
7682,162
7683,162
7684,162
7685,162
7686,162
7687,162
7688,162
7689,162
7690,162
7691,162
7692,162
7693,162
7694,162
7695,162
7696,162
7697,162
7698,162
7699,162
7700,162
7701,162
7702,162
7703,162
7704,162
7705,162
7706,162
7707,162
7708,162
7709,162
7710,162
7711,162
7712,162
7713,162
7714,162
7715,162
7716,162
7717,162
7718,162
7719,162
7720,162
7721,162
7722,162
7723,162
7724,162
7725,162
7726,162
7727,162
7728,162
7729,162
7730,162
7731,162
7732,162
7733,162
7734,162
7735,162
7736,162
7737,162
7738,162
7739,162
7740,161
7741,162
7742,162
7743,162
7744,162
7745,162
7746,161
7747,161
7748,161
7749,161
7750,161
7751,161
7752,161
7753,161
7754,161
7755,162
7756,162
7757,161
7758,161
7759,161
7760,161
7761,162
7762,162
7763,162
7764,162
7765,161
7766,161
7767,161
7768,161
7769,161
7770,161
7771,161
7772,161
7773,161
7774,161
7775,161
7776,161
7777,161
7778,161
7779,161
7780,161
7781,161
7782,161
7783,161
7784,161
7785,161
7786,161
7787,161
7788,160
7789,160
7790,160
7791,161
7792,161
7793,161
7794,160
7795,160
7796,160
7797,160
7798,160
7799,160
7800,160
7801,160
7802,160
7803,160
7804,160
7805,160
7806,160
7807,160
7808,160
7809,160
7810,160
7811,160
7812,160
7813,160
7814,160
7815,160
7816,160
7817,160
7818,160
7819,161
7820,161
7821,161
7822,161
7823,161
7824,161
7825,161
7826,161
7827,161
7828,161
7829,161
7830,161
7831,161
7832,161
7833,161
7834,161
7835,161
7836,161
7837,161
7838,161
7839,161
7840,160
7841,161
7842,161
7843,161
7844,161
7845,161
7846,161
7847,161
7848,161
7849,161
7850,161
7851,161
7852,161
7853,161
7854,161
7855,161
7856,161
7857,161
7858,161
7859,161
7860,161
7861,161
7862,161
7863,161
7864,161
7865,161
7866,161
7867,161
7868,161
7869,161
7870,161
7871,161
7872,161
7873,161
7874,161
7875,161
7876,161
7877,160
7878,160
7879,160
7880,160
7881,160
7882,161
7883,161
7884,160
7885,160
7886,160
7887,161
7888,161
7889,161
7890,161
7891,161
7892,161
7893,161
7894,161
7895,161
7896,161
7897,161
7898,162
7899,162
7900,162
7901,162
7902,162
7903,162
7904,162
7905,162
7906,162
7907,162
7908,162
7909,162
7910,162
7911,162
7912,162
7913,162
7914,162
7915,162
7916,162
7917,162
7918,162
7919,162
7920,163
7921,163
7922,163
7923,163
7924,163
7925,163
7926,163
7927,163
7928,163
7929,163
7930,163
7931,163
7932,163
7933,163
7934,163
7935,163
7936,163
7937,163
7938,163
7939,163
7940,163
7941,163
7942,163
7943,163
7944,163
7945,163
7946,163
7947,163
7948,163
7949,163
7950,163
7951,163
7952,163
7953,163
7954,164
7955,164
7956,164
7957,164
7958,164
7959,164
7960,164
7961,164
7962,164
7963,164
7964,164
7965,164
7966,164
7967,164
7968,164
7969,164
7970,164
7971,164
7972,164
7973,165
7974,165
7975,165
7976,165
7977,165
7978,165
7979,165
7980,165
7981,166
7982,166
7983,166
7984,166
7985,166
7986,166
7987,166
7988,166
7989,166
7990,166
7991,166
7992,166
7993,167
7994,167
7995,167
7996,167
7997,167
7998,167
7999,167
8000,167
8001,167
8002,167
8003,168
8004,167
8005,167
8006,168
8007,168
8008,167
8009,168
8010,168
8011,168
8012,168
8013,168
8014,167
8015,167
8016,168
8017,168
8018,168
8019,167
8020,167
8021,168
8022,168
8023,168
8024,168
8025,168
8026,168
8027,168
8028,168
8029,168
8030,168
8031,168
8032,168
8033,168
8034,168
8035,168
8036,168
8037,168
8038,168
8039,168
8040,168
8041,168
8042,168
8043,168
8044,169
8045,169
8046,169
8047,168
8048,168
8049,168
8050,168
8051,168
8052,168
8053,168
8054,168
8055,168
8056,168
8057,168
8058,169
8059,169
8060,168
8061,168
8062,169
8063,168
8064,168
8065,168
8066,169
8067,168
8068,168
8069,168
8070,168
8071,168
8072,168
8073,169
8074,169
8075,169
8076,169
8077,169
8078,169
8079,169
8080,169
8081,169
8082,169
8083,169
8084,169
8085,169
8086,169
8087,168
8088,168
8089,168
8090,169
8091,169
8092,169
8093,169
8094,169
8095,168
8096,168
8097,168
8098,169
8099,168
8100,168
8101,168
8102,168
8103,169
8104,168
8105,168
8106,169
8107,169
8108,169
8109,169
8110,169
8111,168
8112,168
8113,168
8114,168
8115,168
8116,168
8117,169
8118,169
8119,169
8120,168
8121,169
8122,169
8123,169
8124,169
8125,169
8126,169
8127,169
8128,169
8129,169
8130,169
8131,169
8132,169
8133,169
8134,169
8135,169
8136,169
8137,168
8138,168
8139,168
8140,168
8141,169
8142,169
8143,169
8144,169
8145,169
8146,169
8147,169
8148,169
8149,169
8150,169
8151,169
8152,169
8153,169
8154,169
8155,169
8156,169
8157,169
8158,169
8159,168
8160,168
8161,168
8162,168
8163,168
8164,168
8165,168
8166,168
8167,168
8168,168
8169,168
8170,168
8171,169
8172,169
8173,169
8174,169
8175,169
8176,169
8177,169
8178,169
8179,169
8180,169
8181,169
8182,169
8183,169
8184,169
8185,169
8186,169
8187,169
8188,169
8189,169
8190,169
8191,169
8192,169
8193,169
8194,170
8195,170
8196,170
8197,170
8198,169
8199,169
8200,169
8201,169
8202,169
8203,169
8204,169
8205,169
8206,169
8207,169
8208,169
8209,169
8210,169
8211,170
8212,170
8213,170
8214,170
8215,170
8216,170
8217,170
8218,170
8219,170
8220,169
8221,170
8222,170
8223,169
8224,169
8225,169
8226,169
8227,169
8228,169
8229,168
8230,168
8231,168
8232,168
8233,168
8234,168
8235,168
8236,168
8237,168
8238,168
8239,168
8240,168
8241,168
8242,168
8243,168
8244,168
8245,168
8246,168
8247,168
8248,168
8249,168
8250,169
8251,169
8252,169
8253,169
8254,169
8255,169
8256,169
8257,169
8258,169
8259,169
8260,169
8261,169
8262,169
8263,169
8264,169
8265,169
8266,169
8267,169
8268,169
8269,169
8270,169
8271,169
8272,169
8273,169
8274,169
8275,169
8276,169
8277,169
8278,169
8279,169
8280,169
8281,169
8282,169
8283,169
8284,169
8285,169
8286,169
8287,169
8288,168
8289,168
8290,168
8291,168
8292,169
8293,168
8294,168
8295,168
8296,168
8297,168
8298,168
8299,168
8300,168
8301,168
8302,168
8303,168
8304,168
8305,168
8306,168
8307,168
8308,168
8309,168
8310,167
8311,168
8312,168
8313,168
8314,167
8315,167
8316,167
8317,167
8318,167
8319,167
8320,167
8321,167
8322,167
8323,167
8324,167
8325,167
8326,167
8327,167
8328,167
8329,167
8330,167
8331,167
8332,167
8333,167
8334,167
8335,167
8336,167
8337,167
8338,167
8339,167
8340,167
8341,168
8342,168
8343,167
8344,167
8345,168
8346,168
8347,168
8348,168
8349,168
8350,167
8351,167
8352,167
8353,167
8354,167
8355,167
8356,167
8357,167
8358,167
8359,167
8360,167
8361,167
8362,166
8363,166
8364,166
8365,167
8366,167
8367,167
8368,167
8369,166
8370,167
8371,166
8372,166
8373,166
8374,166
8375,166
8376,166
8377,166
8378,166
8379,166
8380,166
8381,166
8382,166
8383,166
8384,166
8385,166
8386,166
8387,166
8388,166
8389,166
8390,166
8391,166
8392,166
8393,166
8394,166
8395,166
8396,166
8397,166
8398,165
8399,165
8400,165
8401,165
8402,165
8403,165
8404,165
8405,165
8406,165
8407,165
8408,165
8409,166
8410,166
8411,166
8412,166
8413,166
8414,166
8415,166
8416,166
8417,166
8418,167
8419,167
8420,167
8421,167
8422,167
8423,167
8424,167
8425,167
8426,167
8427,167
8428,167
8429,167
8430,167
8431,167
8432,167
8433,167
8434,167
8435,167
8436,167
8437,167
8438,167
8439,167
8440,167
8441,167
8442,167
8443,167
8444,167
8445,167
8446,167
8447,166
8448,166
8449,166
8450,166
8451,167
8452,167
8453,167
8454,167
8455,167
8456,167
8457,167
8458,168
8459,168
8460,168
8461,168
8462,168
8463,168
8464,168
8465,168
8466,168
8467,168
8468,168
8469,168
8470,168
8471,168
8472,168
8473,168
8474,168
8475,168
8476,168
8477,168
8478,168
8479,168
8480,168
8481,168
8482,168
8483,168
8484,168
8485,168
8486,168
8487,168
8488,168
8489,168
8490,168
8491,168
8492,168
8493,168
8494,168
8495,168
8496,168
8497,168
8498,168
8499,168
8500,168
8501,168
8502,168
8503,168
8504,167
8505,168
8506,168
8507,167
8508,167
8509,167
8510,167
8511,167
8512,167
8513,167
8514,167
8515,167
8516,167
8517,167
8518,167
8519,167
8520,167
8521,167
8522,167
8523,167
8524,166
8525,167
8526,167
8527,167
8528,167
8529,167
8530,167
8531,167
8532,167
8533,167
8534,167
8535,167
8536,167
8537,167
8538,167
8539,167
8540,167
8541,167
8542,167
8543,167
8544,167
8545,167
8546,167
8547,168
8548,168
8549,168
8550,168
8551,168
8552,168
8553,168
8554,168
8555,167
8556,167
8557,167
8558,167
8559,167
8560,167
8561,167
8562,167
8563,167
8564,167
8565,167
8566,167
8567,167
8568,167
8569,167
8570,167
8571,168
8572,168
8573,168
8574,168
8575,169
8576,168
8577,169
8578,168
8579,168
8580,168
8581,168
8582,168
8583,168
8584,168
8585,168
8586,169
8587,169
8588,169
8589,169
8590,168
8591,168
8592,168
8593,168
8594,168
8595,168
8596,168
8597,167
8598,167
8599,167
8600,167
8601,167
8602,167
8603,167
8604,167
8605,168
8606,168
8607,168
8608,168
8609,168
8610,167
8611,167
8612,167
8613,168
8614,167
8615,167
8616,167
8617,167
8618,167
8619,167
8620,167
8621,166
8622,167
8623,167
8624,167
8625,166
8626,165
8627,165
8628,165
8629,165
8630,165
8631,165
8632,165
8633,165
8634,165
8635,165
8636,165
8637,165
8638,165
8639,165
8640,165
8641,165
8642,165
8643,165
8644,165
8645,165
8646,165
8647,166
8648,166
8649,166
8650,166
8651,166
8652,166
8653,166
8654,165
8655,166
8656,166
8657,166
8658,166
8659,165
8660,166
8661,166
8662,166
8663,166
8664,166
8665,167
8666,166
8667,166
8668,166
8669,166
8670,167
8671,166
8672,166
8673,166
8674,166
8675,167
8676,167
8677,166
8678,166
8679,167
8680,167
8681,167
8682,167
8683,167
8684,167
8685,167
8686,168
8687,167
8688,167
8689,168
8690,168
8691,168
8692,168
8693,168
8694,168
8695,167
8696,167
8697,167
8698,167
8699,167
8700,168
8701,168
8702,167
8703,167
8704,167
8705,167
8706,167
8707,167
8708,167
8709,167
8710,167
8711,167
8712,167
8713,167
8714,167
8715,167
8716,167
8717,166
8718,167
8719,167
8720,167
8721,167
8722,168
8723,167
8724,167
8725,168
8726,168
8727,168
8728,167
8729,167
8730,167
8731,167
8732,167
8733,166
8734,166
8735,166
8736,166
8737,166
8738,166
8739,167
8740,167
8741,167
8742,167
8743,167
8744,167
8745,167
8746,167
8747,167
8748,166
8749,166
8750,166
8751,166
8752,166
8753,166
8754,166
8755,166
8756,166
8757,166
8758,166
8759,166
8760,165
8761,166
8762,166
8763,165
8764,166
8765,166
8766,165
8767,165
8768,165
8769,165
8770,165
8771,165
8772,165
8773,165
8774,165
8775,165
8776,166
8777,165
8778,165
8779,165
8780,165
8781,165
8782,165
8783,165
8784,164
8785,165
8786,165
8787,164
8788,164
8789,164
8790,164
8791,164
8792,164
8793,164
8794,164
8795,164
8796,164
8797,164
8798,165
8799,165
8800,165
8801,165
8802,165
8803,165
8804,165
8805,165
8806,165
8807,165
8808,165
8809,165
8810,165
8811,165
8812,165
8813,165
8814,165
8815,165
8816,165
8817,165
8818,165
8819,165
8820,165
8821,165
8822,165
8823,165
8824,165
8825,164
8826,164
8827,164
8828,164
8829,164
8830,164
8831,164
8832,165
8833,165
8834,165
8835,165
8836,164
8837,165
8838,165
8839,165
8840,165
8841,166
8842,165
8843,166
8844,166
8845,166
8846,166
8847,166
8848,166
8849,166
8850,167
8851,167
8852,166
8853,166
8854,166
8855,166
8856,166
8857,166
8858,166
8859,166
8860,166
8861,166
8862,166
8863,166
8864,166
8865,166
8866,166
8867,166
8868,166
8869,166
8870,166
8871,166
8872,166
8873,166
8874,166
8875,166
8876,166
8877,166
8878,166
8879,166
8880,166
8881,166
8882,166
8883,166
8884,166
8885,166
8886,166
8887,166
8888,166
8889,166
8890,166
8891,166
8892,166
8893,165
8894,165
8895,165
8896,165
8897,165
8898,165
8899,165
8900,165
8901,165
8902,165
8903,165
8904,165
8905,165
8906,166
8907,166
8908,166
8909,166
8910,166
8911,166
8912,166
8913,165
8914,166
8915,166
8916,165
8917,165
8918,166
8919,166
8920,166
8921,166
8922,166
8923,166
8924,166
8925,167
8926,167
8927,167
8928,166
8929,166
8930,166
8931,167
8932,167
8933,167
8934,167
8935,168
8936,168
8937,168
8938,168
8939,168
8940,167
8941,167
8942,167
8943,168
8944,168
8945,168
8946,168
8947,168
8948,168
8949,168
8950,167
8951,167
8952,167
8953,167
8954,167
8955,167
8956,167
8957,167
8958,167
8959,167
8960,167
8961,167
8962,168
8963,168
8964,168
8965,168
8966,167
8967,167
8968,167
8969,167
8970,168
8971,168
8972,167
8973,167
8974,166
8975,166
8976,166
8977,167
8978,167
8979,167
8980,167
8981,167
8982,166
8983,166
8984,166
8985,167
8986,167
8987,167
8988,167
8989,167
8990,167
8991,167
8992,166
8993,167
8994,167
8995,167
8996,167
8997,167
8998,167
8999,167
9000,167
9001,167
9002,167
9003,167
9004,167
9005,167
9006,167
9007,168
9008,168
9009,168
9010,169
9011,169
9012,169
9013,169
9014,169
9015,169
9016,169
9017,169
9018,169
9019,169
9020,169
9021,169
9022,169
9023,169
9024,168
9025,168
9026,169
9027,169
9028,169
9029,168
9030,168
9031,168
9032,168
9033,169
9034,169
9035,169
9036,169
9037,169
9038,169
9039,169
9040,169
9041,170
9042,169
9043,169
9044,170
9045,169
9046,169
9047,169
9048,169
9049,169
9050,169
9051,169
9052,169
9053,169
9054,169
9055,169
9056,169
9057,169
9058,169
9059,169
9060,169
9061,169
9062,170
9063,170
9064,170
9065,169
9066,169
9067,169
9068,169
9069,169
9070,170
9071,170
9072,170
9073,170
9074,170
9075,170
9076,170
9077,170
9078,171
9079,171
9080,170
9081,171
9082,171
9083,171
9084,171
9085,170
9086,170
9087,170
9088,171
9089,170
9090,171
9091,171
9092,171
9093,171
9094,171
9095,171
9096,171
9097,170
9098,170
9099,171
9100,170
9101,171
9102,171
9103,171
9104,171
9105,171
9106,171
9107,171
9108,171
9109,171
9110,171
9111,171
9112,171
9113,171
9114,172
9115,171
9116,172
9117,172
9118,172
9119,172
9120,172
9121,172
9122,172
9123,172
9124,172
9125,172
9126,173
9127,173
9128,173
9129,172
9130,173
9131,172
9132,172
9133,172
9134,172
9135,172
9136,172
9137,173
9138,173
9139,172
9140,172
9141,172
9142,172
9143,172
9144,172
9145,172
9146,172
9147,172
9148,172
9149,172
9150,172
9151,172
9152,172
9153,171
9154,171
9155,172
9156,171
9157,171
9158,172
9159,172
9160,172
9161,172
9162,172
9163,172
9164,172
9165,172
9166,172
9167,172
9168,172
9169,172
9170,172
9171,172
9172,172
9173,172
9174,172
9175,172
9176,172
9177,172
9178,172
9179,173
9180,173
9181,172
9182,172
9183,172
9184,172
9185,172
9186,172
9187,172
9188,172
9189,172
9190,172
9191,172
9192,172
9193,172
9194,172
9195,172
9196,172
9197,172
9198,172
9199,172
9200,172
9201,172
9202,171
9203,172
9204,172
9205,172
9206,172
9207,172
9208,172
9209,172
9210,172
9211,172
9212,172
9213,172
9214,172
9215,172
9216,172
9217,172
9218,172
9219,172
9220,172
9221,172
9222,172
9223,171
9224,171
9225,171
9226,172
9227,172
9228,172
9229,172
9230,172
9231,172
9232,172
9233,172
9234,172
9235,172
9236,172
9237,172
9238,172
9239,173
9240,173
9241,174
9242,174
9243,173
9244,174
9245,174
9246,174
9247,175
9248,175
9249,175
9250,175
9251,174
9252,174
9253,174
9254,174
9255,174
9256,174
9257,175
9258,175
9259,174
9260,174
9261,174
9262,174
9263,174
9264,174
9265,174
9266,174
9267,174
9268,174
9269,174
9270,174
9271,174
9272,175
9273,174
9274,174
9275,174
9276,174
9277,174
9278,174
9279,174
9280,175
9281,175
9282,175
9283,175
9284,175
9285,175
9286,175
9287,175
9288,174
9289,174
9290,174
9291,174
9292,174
9293,174
9294,174
9295,174
9296,174
9297,174
9298,174
9299,174
9300,174
9301,174
9302,174
9303,174
9304,174
9305,174
9306,174
9307,174
9308,174
9309,174
9310,174
9311,174
9312,174
9313,174
9314,174
9315,174
9316,174
9317,174
9318,174
9319,174
9320,174
9321,174
9322,174
9323,174
9324,174
9325,174
9326,174
9327,173
9328,173
9329,173
9330,173
9331,173
9332,173
9333,173
9334,173
9335,173
9336,173
9337,172
9338,172
9339,172
9340,172
9341,172
9342,172
9343,173
9344,172
9345,172
9346,172
9347,172
9348,172
9349,172
9350,172
9351,172
9352,172
9353,172
9354,172
9355,172
9356,172
9357,172
9358,172
9359,172
9360,172
9361,172
9362,172
9363,172
9364,172
9365,172
9366,172
9367,172
9368,172
9369,173
9370,173
9371,173
9372,173
9373,173
9374,173
9375,174
9376,174
9377,174
9378,174
9379,173
9380,173
9381,174
9382,174
9383,173
9384,173
9385,173
9386,173
9387,174
9388,174
9389,173
9390,173
9391,173
9392,173
9393,173
9394,173
9395,174
9396,174
9397,174
9398,174
9399,174
9400,174
9401,174
9402,174
9403,174
9404,174
9405,174
9406,174
9407,173
9408,173
9409,174
9410,174
9411,174
9412,174
9413,174
9414,174
9415,174
9416,174
9417,174
9418,175
9419,175
9420,175
9421,175
9422,175
9423,175
9424,175
9425,175
9426,175
9427,175
9428,175
9429,175
9430,175
9431,175
9432,175
9433,175
9434,175
9435,175
9436,175
9437,175
9438,175
9439,174
9440,175
9441,175
9442,174
9443,174
9444,174
9445,174
9446,175
9447,175
9448,175
9449,175
9450,175
9451,175
9452,175
9453,175
9454,176
9455,176
9456,176
9457,176
9458,176
9459,176
9460,176
9461,176
9462,176
9463,176
9464,176
9465,176
9466,176
9467,176
9468,176
9469,176
9470,176
9471,176
9472,176
9473,176
9474,176
9475,176
9476,176
9477,176
9478,176
9479,177
9480,177
9481,177
9482,177
9483,177
9484,177
9485,177
9486,177
9487,177
9488,176
9489,177
9490,177
9491,177
9492,177
9493,177
9494,177
9495,177
9496,177
9497,177
9498,177
9499,177
9500,176
9501,177
9502,177
9503,177
9504,177
9505,177
9506,178
9507,178
9508,178
9509,178
9510,178
9511,178
9512,178
9513,178
9514,178
9515,177
9516,178
9517,178
9518,178
9519,178
9520,178
9521,179
9522,179
9523,179
9524,179
9525,179
9526,179
9527,179
9528,179
9529,179
9530,179
9531,179
9532,179
9533,179
9534,179
9535,179
9536,179
9537,179
9538,179
9539,179
9540,179
9541,179
9542,179
9543,179
9544,179
9545,179
9546,179
9547,179
9548,179
9549,179
9550,179
9551,179
9552,179
9553,179
9554,179
9555,179
9556,179
9557,178
9558,178
9559,178
9560,178
9561,178
9562,178
9563,178
9564,178
9565,179
9566,179
9567,179
9568,179
9569,179
9570,179
9571,179
9572,178
9573,178
9574,178
9575,178
9576,178
9577,178
9578,178
9579,178
9580,178
9581,179
9582,179
9583,179
9584,179
9585,178
9586,178
9587,178
9588,178
9589,178
9590,179
9591,179
9592,178
9593,179
9594,179
9595,179
9596,178
9597,179
9598,179
9599,179
9600,179
9601,179
9602,179
9603,179
9604,179
9605,179
9606,178
9607,178
9608,178
9609,178
9610,179
9611,178
9612,178
9613,178
9614,178
9615,178
9616,178
9617,178
9618,178
9619,178
9620,179
9621,179
9622,179
9623,179
9624,179
9625,179
9626,179
9627,179
9628,179
9629,179
9630,179
9631,179
9632,179
9633,179
9634,179
9635,179
9636,179
9637,179
9638,179
9639,179
9640,179
9641,179
9642,179
9643,179
9644,178
9645,178
9646,178
9647,179
9648,179
9649,179
9650,179
9651,179
9652,179
9653,179
9654,180
9655,180
9656,180
9657,180
9658,179
9659,179
9660,180
9661,180
9662,179
9663,179
9664,179
9665,179
9666,179
9667,179
9668,179
9669,179
9670,179
9671,179
9672,179
9673,179
9674,179
9675,179
9676,179
9677,179
9678,179
9679,179
9680,179
9681,179
9682,179
9683,179
9684,179
9685,180
9686,179
9687,179
9688,179
9689,179
9690,179
9691,179
9692,179
9693,179
9694,179
9695,178
9696,178
9697,177
9698,177
9699,177
9700,177
9701,177
9702,177
9703,177
9704,178
9705,178
9706,178
9707,178
9708,178
9709,178
9710,178
9711,178
9712,178
9713,178
9714,178
9715,178
9716,178
9717,178
9718,178
9719,178
9720,177
9721,177
9722,178
9723,178
9724,178
9725,177
9726,177
9727,177
9728,177
9729,177
9730,177
9731,177
9732,178
9733,177
9734,177
9735,177
9736,177
9737,177
9738,178
9739,178
9740,178
9741,177
9742,178
9743,178
9744,178
9745,178
9746,178
9747,178
9748,178
9749,178
9750,178
9751,179
9752,179
9753,179
9754,179
9755,178
9756,178
9757,178
9758,178
9759,179
9760,179
9761,178
9762,178
9763,179
9764,179
9765,178
9766,178
9767,178
9768,178
9769,178
9770,178
9771,179
9772,179
9773,179
9774,179
9775,179
9776,179
9777,179
9778,178
9779,178
9780,179
9781,179
9782,179
9783,179
9784,178
9785,178
9786,178
9787,178
9788,179
9789,179
9790,179
9791,179
9792,179
9793,179
9794,179
9795,178
9796,178
9797,179
9798,179
9799,179
9800,179
9801,179
9802,179
9803,179
9804,179
9805,179
9806,179
9807,179
9808,178
9809,179
9810,179
9811,179
9812,179
9813,179
9814,179
9815,179
9816,179
9817,179
9818,179
9819,179
9820,179
9821,179
9822,179
9823,179
9824,179
9825,179
9826,179
9827,179
9828,179
9829,179
9830,179
9831,179
9832,179
9833,179
9834,179
9835,179
9836,179
9837,179
9838,179
9839,179
9840,179
9841,179
9842,179
9843,179
9844,180
9845,180
9846,180
9847,180
9848,180
9849,180
9850,180
9851,180
9852,180
9853,180
9854,180
9855,180
9856,180
9857,180
9858,180
9859,180
9860,179
9861,180
9862,180
9863,180
9864,180
9865,180
9866,180
9867,180
9868,180
9869,180
9870,180
9871,180
9872,180
9873,180
9874,180
9875,180
9876,179
9877,180
9878,180
9879,179
9880,179
9881,180
9882,180
9883,180
9884,180
9885,180
9886,179
9887,180
9888,180
9889,180
9890,180
9891,180
9892,180
9893,180
9894,180
9895,180
9896,179
9897,180
9898,180
9899,180
9900,180
9901,180
9902,179
9903,179
9904,179
9905,179
9906,180
9907,180
9908,180
9909,180
9910,180
9911,180
9912,179
9913,180
9914,180
9915,180
9916,180
9917,180
9918,180
9919,180
9920,180
9921,180
9922,180
9923,180
9924,179
9925,179
9926,179
9927,179
9928,179
9929,180
9930,180
9931,180
9932,180
9933,180
9934,180
9935,180
9936,180
9937,179
9938,179
9939,179
9940,180
9941,180
9942,180
9943,180
9944,180
9945,180
9946,180
9947,180
9948,180
9949,179
9950,180
9951,180
9952,180
9953,180
9954,180
9955,180
9956,180
9957,180
9958,180
9959,180
9960,180
9961,180
9962,180
9963,180
9964,180
9965,180
9966,180
9967,180
9968,180
9969,180
9970,180
9971,180
9972,180
9973,180
9974,180
9975,180
9976,180
9977,179
9978,179
9979,179
9980,179
9981,179
9982,179
9983,179
9984,179
9985,179
9986,179
9987,179
9988,179
9989,179
9990,179
9991,179
9992,179
9993,179
9994,179
9995,178
9996,178
9997,178
9998,178
9999,178
