0,150
1,150
2,150
3,150
4,150
5,150
6,150
7,151
8,151
9,151
10,151
11,151
12,151
13,151
14,151
15,151
16,151
17,151
18,152
19,152
20,152
21,152
22,152
23,152
24,152
25,152
26,152
27,152
28,152
29,152
30,152
31,152
32,152
33,152
34,152
35,152
36,152
37,152
38,152
39,152
40,152
41,152
42,152
43,152
44,152
45,152
46,152
47,152
48,152
49,152
50,152
51,153
52,153
53,153
54,153
55,153
56,153
57,153
58,153
59,152
60,153
61,153
62,153
63,153
64,153
65,153
66,153
67,153
68,153
69,153
70,153
71,153
72,153
73,153
74,153
75,153
76,153
77,154
78,153
79,154
80,154
81,154
82,154
83,154
84,155
85,154
86,155
87,155
88,154
89,155
90,155
91,155
92,155
93,155
94,155
95,155
96,154
97,155
98,154
99,154
100,155
101,155
102,155
103,155
104,155
105,155
106,155
107,155
108,155
109,155
110,156
111,156
112,156
113,156
114,156
115,155
116,155
117,155
118,156
119,156
120,156
121,156
122,157
123,156
124,156
125,156
126,156
127,155
128,156
129,155
130,155
131,155
132,155
133,155
134,155
135,155
136,155
137,155
138,155
139,155
140,155
141,155
142,155
143,155
144,154
145,154
146,154
147,154
148,154
149,154
150,154
151,154
152,154
153,154
154,154
155,154
156,154
157,154
158,154
159,154
160,154
161,154
162,155
163,154
164,154
165,154
166,155
167,155
168,155
169,154
170,154
171,155
172,155
173,155
174,155
175,155
176,155
177,155
178,155
179,155
180,155
181,155
182,155
183,154
184,155
185,154
186,154
187,155
188,155
189,155
190,155
191,155
192,155
193,155
194,155
195,155
196,154
197,154
198,154
199,155
200,154
201,155
202,155
203,155
204,155
205,155
206,155
207,155
208,155
209,155
210,155
211,155
212,154
213,154
214,154
215,155
216,155
217,155
218,155
219,155
220,155
221,155
222,155
223,156
224,156
225,156
226,156
227,156
228,156
229,156
230,156
231,156
232,157
233,156
234,156
235,157
236,157
237,157
238,157
239,157
240,157
241,157
242,157
243,156
244,156
245,157
246,157
247,157
248,157
249,158
250,158
251,158
252,158
253,157
254,157
255,158
256,158
257,159
258,159
259,159
260,159
261,159
262,159
263,159
264,159
265,159
266,159
267,159
268,159
269,158
270,159
271,159
272,158
273,159
274,159
275,159
276,159
277,159
278,159
279,159
280,159
281,158
282,158
283,158
284,158
285,158
286,158
287,158
288,158
289,158
290,157
291,158
292,158
293,158
294,158
295,158
296,158
297,158
298,157
299,157
300,157
301,158
302,157
303,157
304,157
305,157
306,157
307,157
308,157
309,157
310,157
311,157
312,157
313,157
314,157
315,157
316,157
317,157
318,157
319,158
320,158
321,157
322,157
323,158
324,158
325,158
326,157
327,158
328,158
329,158
330,158
331,158
332,157
333,157
334,158
335,158
336,157
337,157
338,158
339,158
340,158
341,158
342,158
343,158
344,158
345,158
346,158
347,158
348,157
349,157
350,157
351,157
352,157
353,157
354,157
355,157
356,157
357,157
358,157
359,157
360,157
361,157
362,157
363,156
364,156
365,156
366,157
367,157
368,157
369,157
370,157
371,157
372,157
373,157
374,157
375,157
376,157
377,157
378,157
379,157
380,157
381,157
382,157
383,157
384,157
385,157
386,156
387,156
388,157
389,157
390,157
391,157
392,157
393,157
394,156
395,157
396,157
397,157
398,157
399,157
400,157
401,157
402,157
403,156
404,157
405,157
406,156
407,156
408,156
409,156
410,156
411,156
412,156
413,156
414,156
415,156
416,156
417,156
418,156
419,156
420,156
421,156
422,156
423,156
424,156
425,156
426,157
427,157
428,157
429,157
430,157
431,157
432,157
433,157
434,157
435,157
436,157
437,156
438,156
439,156
440,156
441,156
442,157
443,157
444,157
445,157
446,157
447,157
448,157
449,157
450,157
451,157
452,157
453,157
454,157
455,157
456,157
457,157
458,157
459,157
460,157
461,157
462,157
463,157
464,157
465,157
466,158
467,158
468,158
469,158
470,158
471,157
472,157
473,157
474,157
475,157
476,157
477,157
478,157
479,157
480,157
481,157
482,157
483,157
484,157
485,157
486,157
487,157
488,158
489,158
490,158
491,158
492,158
493,158
494,158
495,158
496,158
497,158
498,158
499,158
500,158
501,158
502,158
503,158
504,158
505,157
506,157
507,157
508,157
509,157
510,157
511,157
512,156
513,156
514,156
515,156
516,156
517,156
518,156
519,157
520,157
521,157
522,157
523,156
524,156
525,156
526,157
527,156
528,156
529,156
530,156
531,156
532,157
533,157
534,157
535,156
536,156
537,156
538,156
539,156
540,157
541,157
542,157
543,157
544,157
545,157
546,157
547,157
548,157
549,157
550,157
551,156
552,156
553,156
554,156
555,156
556,156
557,156
558,156
559,156
560,156
561,156
562,156
563,156
564,156
565,156
566,156
567,156
568,156
569,156
570,156
571,156
572,156
573,156
574,155
575,156
576,155
577,155
578,155
579,155
580,155
581,156
582,155
583,155
584,155
585,156
586,156
587,156
588,156
589,156
590,155
591,155
592,155
593,155
594,155
595,155
596,155
597,155
598,155
599,155
600,155
601,155
602,155
603,155
604,155
605,154
606,155
607,155
608,155
609,155
610,155
611,155
612,155
613,155
614,155
615,155
616,155
617,155
618,155
619,155
620,155
621,155
622,156
623,155
624,155
625,155
626,155
627,155
628,155
629,155
630,155
631,155
632,155
633,155
634,155
635,155
636,155
637,155
638,155
639,155
640,155
641,155
642,155
643,155
644,154
645,154
646,154
647,154
648,154
649,154
650,154
651,154
652,155
653,155
654,155
655,155
656,155
657,155
658,156
659,156
660,156
661,156
662,156
663,156
664,156
665,156
666,156
667,156
668,156
669,156
670,156
671,156
672,156
673,156
674,156
675,156
676,157
677,157
678,157
679,157
680,156
681,156
682,156
683,156
684,156
685,156
686,156
687,156
688,156
689,156
690,156
691,156
692,156
693,156
694,156
695,156
696,156
697,157
698,156
699,156
700,156
701,156
702,157
703,157
704,157
705,157
706,157
707,157
708,157
709,158
710,157
711,157
712,156
713,156
714,156
715,156
716,156
717,156
718,156
719,156
720,156
721,157
722,156
723,157
724,157
725,158
726,157
727,158
728,157
729,158
730,158
731,158
732,158
733,158
734,158
735,158
736,158
737,158
738,158
739,157
740,157
741,157
742,157
743,157
744,157
745,157
746,157
747,157
748,157
749,157
750,157
751,156
752,157
753,157
754,157
755,157
756,157
757,157
758,157
759,158
760,157
761,158
762,158
763,158
764,158
765,158
766,158
767,158
768,158
769,159
770,158
771,158
772,158
773,158
774,158
775,158
776,158
777,158
778,158
779,158
780,158
781,158
782,158
783,158
784,158
785,158
786,158
787,158
788,158
789,159
790,159
791,158
792,158
793,158
794,158
795,159
796,159
797,158
798,158
799,158
800,158
801,158
802,159
803,159
804,159
805,159
806,159
807,159
808,159
809,159
810,159
811,159
812,159
813,159
814,159
815,159
816,159
817,159
818,159
819,159
820,159
821,159
822,159
823,159
824,159
825,159
826,159
827,159
828,158
829,158
830,158
831,158
832,158
833,157
834,157
835,158
836,158
837,157
838,158
839,158
840,158
841,158
842,158
843,158
844,158
845,158
846,159
847,159
848,159
849,159
850,159
851,159
852,159
853,159
854,159
855,159
856,159
857,159
858,159
859,159
860,159
861,159
862,159
863,159
864,159
865,159
866,160
867,159
868,159
869,159
870,159
871,159
872,159
873,159
874,160
875,160
876,160
877,160
878,160
879,159
880,160
881,160
882,160
883,160
884,160
885,160
886,159
887,159
888,159
889,159
890,159
891,159
892,159
893,159
894,159
895,159
896,159
897,159
898,159
899,159
900,159
901,159
902,159
903,159
904,159
905,159
906,159
907,159
908,160
909,159
910,160
911,160
912,160
913,160
914,160
915,160
916,160
917,160
918,160
919,160
920,160
921,160
922,160
923,160
924,160
925,160
926,160
927,160
928,160
929,160
930,160
931,160
932,160
933,160
934,160
935,160
936,160
937,160
938,160
939,160
940,160
941,160
942,160
943,160
944,160
945,160
946,160
947,160
948,160
949,159
950,160
951,159
952,159
953,159
954,159
955,159
956,159
957,159
958,159
959,159
960,159
961,159
962,159
963,159
964,159
965,159
966,159
967,159
968,159
969,159
970,159
971,159
972,159
973,159
974,159
975,159
976,159
977,159
978,159
979,159
980,159
981,159
982,159
983,159
984,159
985,159
986,160
987,159
988,159
989,159
990,159
991,159
992,159
993,159
994,159
995,159
996,159
997,159
998,159
999,159
1000,159
1001,159
1002,159
1003,159
1004,159
1005,159
1006,159
1007,159
1008,159
1009,159
1010,159
1011,159
1012,159
1013,159
1014,159
1015,158
1016,158
1017,158
1018,158
1019,158
1020,158
1021,158
1022,158
1023,158
1024,158
1025,158
1026,158
1027,158
1028,158
1029,158
1030,158
1031,158
1032,158
1033,158
1034,158
1035,158
1036,158
1037,158
1038,158
1039,157
1040,157
1041,157
1042,157
1043,157
1044,157
1045,157
1046,157
1047,157
1048,157
1049,157
1050,157
1051,157
1052,157
1053,157
1054,157
1055,157
1056,156
1057,156
1058,157
1059,156
1060,156
1061,156
1062,156
1063,156
1064,156
1065,156
1066,156
1067,156
1068,156
1069,156
1070,156
1071,156
1072,156
1073,156
1074,156
1075,156
1076,156
1077,156
1078,156
1079,156
1080,156
1081,156
1082,155
1083,155
1084,155
1085,156
1086,156
1087,156
1088,156
1089,156
1090,156
1091,156
1092,156
1093,156
1094,156
1095,156
1096,156
1097,156
1098,156
1099,156
1100,156
1101,156
1102,156
1103,156
1104,155
1105,155
1106,155
1107,155
1108,155
1109,155
1110,155
1111,155
1112,155
1113,155
1114,155
1115,155
1116,155
1117,155
1118,155
1119,155
1120,156
1121,156
1122,156
1123,155
1124,155
1125,155
1126,155
1127,155
1128,155
1129,155
1130,155
1131,154
1132,154
1133,154
1134,154
1135,154
1136,154
1137,154
1138,154
1139,154
1140,154
1141,154
1142,154
1143,153
1144,154
1145,154
1146,154
1147,154
1148,154
1149,154
1150,153
1151,153
1152,153
1153,153
1154,153
1155,154
1156,154
1157,154
1158,154
1159,154
1160,154
1161,154
1162,154
1163,154
1164,153
1165,154
1166,154
1167,154
1168,153
1169,154
1170,154
1171,153
1172,154
1173,154
1174,153
1175,153
1176,153
1177,153
1178,154
1179,154
1180,154
1181,154
1182,154
1183,154
1184,154
1185,154
1186,153
1187,153
1188,153
1189,153
1190,153
1191,153
1192,153
1193,153
1194,153
1195,153
1196,153
1197,153
1198,153
1199,153
1200,153
1201,153
1202,153
1203,153
1204,153
1205,153
1206,153
1207,153
1208,153
1209,152
1210,152
1211,152
1212,152
1213,153
1214,153
1215,153
1216,152
1217,152
1218,152
1219,152
1220,152
1221,152
1222,152
1223,152
1224,152
1225,151
1226,152
1227,152
1228,152
1229,152
1230,152
1231,152
1232,152
1233,152
1234,152
1235,152
1236,152
1237,152
1238,152
1239,152
1240,152
1241,151
1242,152
1243,152
1244,152
1245,152
1246,152
1247,152
1248,151
1249,151
1250,152
1251,152
1252,152
1253,152
1254,152
1255,151
1256,152
1257,151
1258,152
1259,152
1260,152
1261,152
1262,152
1263,152
1264,152
1265,152
1266,152
1267,152
1268,152
1269,152
1270,152
1271,152
1272,152
1273,152
1274,152
1275,152
1276,152
1277,152
1278,152
1279,151
1280,151
1281,151
1282,152
1283,152
1284,151
1285,151
1286,151
1287,152
1288,152
1289,152
1290,151
1291,152
1292,152
1293,152
1294,152
1295,152
1296,152
1297,152
1298,152
1299,151
1300,151
1301,151
1302,151
1303,152
1304,152
1305,152
1306,152
1307,152
1308,151
1309,152
1310,152
1311,152
1312,151
1313,152
1314,151
1315,152
1316,152
1317,152
1318,152
1319,152
1320,152
1321,152
1322,152
1323,152
1324,152
1325,152
1326,152
1327,152
1328,152
1329,152
1330,152
1331,152
1332,152
1333,152
1334,152
1335,152
1336,152
1337,152
1338,152
1339,153
1340,153
1341,153
1342,153
1343,153
1344,152
1345,152
1346,152
1347,152
1348,152
1349,152
1350,152
1351,152
1352,152
1353,152
1354,152
1355,152
1356,153
1357,153
1358,153
1359,153
1360,153
1361,153
1362,153
1363,153
1364,153
1365,152
1366,152
1367,152
1368,152
1369,152
1370,153
1371,153
1372,153
1373,153
1374,153
1375,153
1376,153
1377,153
1378,152
1379,153
1380,153
1381,152
1382,153
1383,153
1384,153
1385,153
1386,153
1387,153
1388,153
1389,153
1390,153
1391,153
1392,153
1393,153
1394,153
1395,153
1396,153
1397,153
1398,153
1399,153
1400,153
1401,153
1402,153
1403,153
1404,153
1405,153
1406,153
1407,153
1408,153
1409,153
1410,153
1411,153
1412,153
1413,153
1414,153
1415,153
1416,153
1417,153
1418,153
1419,153
1420,154
1421,154
1422,154
1423,154
1424,154
1425,154
1426,154
1427,153
1428,153
1429,153
1430,153
1431,153
1432,153
1433,153
1434,153
1435,153
1436,153
1437,153
1438,153
1439,153
1440,153
1441,153
1442,153
1443,153
1444,153
1445,153
1446,153
1447,153
1448,152
1449,152
1450,152
1451,152
1452,152
1453,152
1454,152
1455,152
1456,152
1457,152
1458,152
1459,152
1460,152
1461,152
1462,152
1463,152
1464,153
1465,153
1466,153
1467,153
1468,153
1469,153
1470,153
1471,153
1472,153
1473,153
1474,153
1475,153
1476,153
1477,153
1478,153
1479,153
1480,153
1481,153
1482,153
1483,153
1484,153
1485,153
1486,153
1487,153
1488,153
1489,153
1490,153
1491,153
1492,153
1493,153
1494,153
1495,153
1496,153
1497,153
1498,153
1499,153
1500,154
1501,154
1502,153
1503,153
1504,153
1505,153
1506,153
1507,153
1508,154
1509,154
1510,154
1511,153
1512,153
1513,153
1514,153
1515,154
1516,154
1517,154
1518,154
1519,154
1520,154
1521,154
1522,154
1523,154
1524,154
1525,154
1526,154
1527,154
1528,154
1529,154
1530,154
1531,154
1532,154
1533,154
1534,154
1535,154
1536,154
1537,154
1538,154
1539,154
1540,154
1541,154
1542,154
1543,153
1544,153
1545,153
1546,154
1547,154
1548,154
1549,154
1550,154
1551,154
1552,154
1553,155
1554,155
1555,155
1556,155
1557,154
1558,154
1559,154
1560,154
1561,154
1562,154
1563,155
1564,155
1565,155
1566,154
1567,154
1568,155
1569,155
1570,155
1571,155
1572,155
1573,155
1574,155
1575,155
1576,155
1577,155
1578,155
1579,155
1580,155
1581,155
1582,154
1583,155
1584,155
1585,155
1586,155
1587,155
1588,155
1589,155
1590,155
1591,154
1592,154
1593,154
1594,154
1595,154
1596,154
1597,154
1598,154
1599,154
1600,155
1601,155
1602,155
1603,155
1604,155
1605,155
1606,155
1607,155
1608,155
1609,155
1610,155
1611,155
1612,155
1613,155
1614,155
1615,155
1616,155
1617,155
1618,155
1619,156
1620,156
1621,156
1622,156
1623,156
1624,156
1625,157
1626,156
1627,157
1628,157
1629,157
1630,157
1631,157
1632,157
1633,157
1634,157
1635,157
1636,157
1637,157
1638,157
1639,157
1640,157
1641,157
1642,157
1643,157
1644,157
1645,157
1646,157
1647,156
1648,156
1649,156
1650,157
1651,157
1652,156
1653,156
1654,156
1655,156
1656,156
1657,157
1658,157
1659,157
1660,157
1661,156
1662,157
1663,157
1664,157
1665,157
1666,156
1667,157
1668,157
1669,157
1670,157
1671,157
1672,157
1673,157
1674,157
1675,157
1676,157
1677,157
1678,157
1679,157
1680,157
1681,157
1682,157
1683,157
1684,157
1685,158
1686,158
1687,158
1688,158
1689,158
1690,158
1691,158
1692,158
1693,159
1694,159
1695,159
1696,159
1697,159
1698,159
1699,159
1700,158
1701,159
1702,159
1703,159
1704,158
1705,158
1706,158
1707,158
1708,158
1709,158
1710,158
1711,158
1712,158
1713,158
1714,158
1715,158
1716,158
1717,158
1718,158
1719,158
1720,158
1721,158
1722,158
1723,158
1724,158
1725,158
1726,158
1727,158
1728,158
1729,158
1730,157
1731,157
1732,158
1733,158
1734,157
1735,157
1736,157
1737,157
1738,158
1739,158
1740,157
1741,157
1742,158
1743,158
1744,158
1745,158
1746,158
1747,158
1748,158
1749,158
1750,157
1751,158
1752,158
1753,158
1754,158
1755,158
1756,158
1757,158
1758,158
1759,158
1760,158
1761,158
1762,158
1763,158
1764,159
1765,159
1766,159
1767,159
1768,159
1769,159
1770,159
1771,159
1772,159
1773,159
1774,159
1775,159
1776,159
1777,158
1778,159
1779,158
1780,158
1781,158
1782,159
1783,159
1784,159
1785,159
1786,158
1787,159
1788,158
1789,159
1790,159
1791,158
1792,158
1793,158
1794,159
1795,159
1796,158
1797,159
1798,159
1799,159
1800,159
1801,159
1802,159
1803,159
1804,159
1805,158
1806,158
1807,158
1808,158
1809,158
1810,158
1811,158
1812,158
1813,158
1814,158
1815,158
1816,158
1817,158
1818,158
1819,159
1820,159
1821,159
1822,159
1823,159
1824,159
1825,159
1826,159
1827,159
1828,159
1829,159
1830,159
1831,159
1832,159
1833,159
1834,159
1835,159
1836,159
1837,159
1838,159
1839,159
1840,159
1841,160
1842,160
1843,160
1844,160
1845,160
1846,160
1847,160
1848,160
1849,160
1850,160
1851,160
1852,160
1853,160
1854,160
1855,160
1856,160
1857,160
1858,160
1859,159
1860,159
1861,159
1862,159
1863,160
1864,160
1865,159
1866,160
1867,160
1868,160
1869,160
1870,160
1871,160
1872,160
1873,160
1874,160
1875,160
1876,160
1877,160
1878,160
1879,160
1880,160
1881,160
1882,160
1883,160
1884,160
1885,160
1886,160
1887,160
1888,160
1889,160
1890,160
1891,160
1892,160
1893,160
1894,160
1895,159
1896,160
1897,160
1898,160
1899,160
1900,160
1901,160
1902,159
1903,160
1904,159
1905,159
1906,159
1907,159
1908,159
1909,159
1910,159
1911,159
1912,159
1913,159
1914,159
1915,159
1916,159
1917,159
1918,159
1919,159
1920,160
1921,160
1922,160
1923,160
1924,160
1925,160
1926,160
1927,160
1928,160
1929,160
1930,160
1931,160
1932,160
1933,160
1934,160
1935,160
1936,160
1937,161
1938,161
1939,161
1940,161
1941,161
1942,161
1943,161
1944,161
1945,161
1946,161
1947,161
1948,161
1949,161
1950,160
1951,161
1952,161
1953,161
1954,161
1955,161
1956,161
1957,161
1958,161
1959,160
1960,160
1961,161
1962,161
1963,161
1964,161
1965,161
1966,161
1967,161
1968,161
1969,161
1970,160
1971,160
1972,160
1973,160
1974,160
1975,160
1976,160
1977,160
1978,159
1979,159
1980,159
1981,159
1982,159
1983,159
1984,159
1985,159
1986,159
1987,159
1988,159
1989,159
1990,159
1991,160
1992,160
1993,160
1994,160
1995,160
1996,160
1997,160
1998,160
1999,160
2000,160
2001,160
2002,160
2003,159
2004,159
2005,159
2006,159
2007,159
2008,159
2009,160
2010,160
2011,160
2012,160
2013,160
2014,160
2015,160
2016,160
2017,160
2018,160
2019,160
2020,160
2021,160
2022,160
2023,159
2024,159
2025,159
2026,159
2027,160
2028,160
2029,160
2030,160
2031,160
2032,159
2033,159
2034,159
2035,159
2036,159
2037,159
2038,159
2039,159
2040,159
2041,159
2042,159
2043,159
2044,159
2045,159
2046,159
2047,158
2048,158
2049,159
2050,159
2051,158
2052,159
2053,159
2054,159
2055,159
2056,159
2057,159
2058,159
2059,159
2060,160
2061,160
2062,159
2063,159
2064,159
2065,159
2066,159
2067,159
2068,159
2069,159
2070,159
2071,159
2072,159
2073,159
2074,159
2075,159
2076,159
2077,159
2078,159
2079,159
2080,159
2081,159
2082,159
2083,159
2084,159
2085,159
2086,159
2087,159
2088,159
2089,159
2090,159
2091,159
2092,159
2093,159
2094,159
2095,159
2096,159
2097,159
2098,159
2099,159
2100,159
2101,158
2102,159
2103,159
2104,159
2105,159
2106,159
2107,159
2108,159
2109,159
2110,159
2111,159
2112,159
2113,159
2114,159
2115,159
2116,159
2117,159
2118,159
2119,159
2120,160
2121,160
2122,159
2123,160
2124,160
2125,160
2126,160
2127,160
2128,159
2129,160
2130,160
2131,160
2132,160
2133,160
2134,160
2135,160
2136,159
2137,160
2138,160
2139,159
2140,159
2141,159
2142,159
2143,159
2144,159
2145,159
2146,160
2147,160
2148,159
2149,160
2150,160
2151,160
2152,160
2153,160
2154,160
2155,160
2156,160
2157,160
2158,160
2159,160
2160,160
2161,160
2162,160
2163,160
2164,160
2165,160
2166,159
2167,160
2168,160
2169,160
2170,160
2171,160
2172,160
2173,160
2174,160
2175,160
2176,160
2177,160
2178,160
2179,160
2180,160
2181,159
2182,159
2183,159
2184,159
2185,159
2186,159
2187,159
2188,159
2189,159
2190,159
2191,159
2192,159
2193,159
2194,159
2195,158
2196,159
2197,159
2198,159
2199,159
2200,159
2201,159
2202,159
2203,159
2204,158
2205,159
2206,159
2207,159
2208,159
2209,159
2210,159
2211,159
2212,159
2213,158
2214,158
2215,158
2216,158
2217,158
2218,158
2219,158
2220,158
2221,158
2222,158
2223,158
2224,158
2225,158
2226,159
2227,159
2228,159
2229,159
2230,159
2231,159
2232,159
2233,159
2234,159
2235,159
2236,160
2237,160
2238,159
2239,159
2240,159
2241,159
2242,159
2243,159
2244,159
2245,160
2246,160
2247,160
2248,160
2249,160
2250,160
2251,160
2252,160
2253,160
2254,160
2255,160
2256,160
2257,160
2258,160
2259,160
2260,160
2261,160
2262,160
2263,160
2264,161
2265,161
2266,161
2267,161
2268,161
2269,161
2270,161
2271,161
2272,161
2273,161
2274,161
2275,162
2276,162
2277,161
2278,161
2279,161
2280,162
2281,161
2282,161
2283,161
2284,161
2285,161
2286,161
2287,161
2288,161
2289,161
2290,160
2291,160
2292,161
2293,160
2294,160
2295,161
2296,161
2297,161
2298,161
2299,162
2300,162
2301,162
2302,162
2303,162
2304,162
2305,162
2306,162
2307,162
2308,162
2309,162
2310,162
2311,162
2312,162
2313,162
2314,162
2315,162
2316,162
2317,161
2318,161
2319,161
2320,161
2321,161
2322,161
2323,161
2324,161
2325,161
2326,161
2327,161
2328,161
2329,161
2330,161
2331,161
2332,161
2333,161
2334,161
2335,161
2336,161
2337,161
2338,161
2339,161
2340,161
2341,161
2342,160
2343,160
2344,160
2345,160
2346,160
2347,160
2348,160
2349,161
2350,161
2351,160
2352,161
2353,161
2354,161
2355,161
2356,161
2357,161
2358,161
2359,160
2360,160
2361,161
2362,161
2363,161
2364,161
2365,161
2366,161
2367,161
2368,161
2369,161
2370,161
2371,161
2372,161
2373,161
2374,162
2375,162
2376,162
2377,161
2378,161
2379,161
2380,162
2381,162
2382,162
2383,162
2384,162
2385,162
2386,161
2387,161
2388,161
2389,161
2390,162
2391,162
2392,161
2393,161
2394,161
2395,161
2396,161
2397,161
2398,161
2399,161
2400,161
2401,162
2402,162
2403,162
2404,162
2405,162
2406,162
2407,161
2408,161
2409,161
2410,161
2411,161
2412,161
2413,161
2414,161
2415,161
2416,161
2417,161
2418,161
2419,161
2420,161
2421,161
2422,162
2423,161
2424,162
2425,161
2426,162
2427,162
2428,162
2429,162
2430,162
2431,162
2432,162
2433,162
2434,162
2435,162
2436,161
2437,161
2438,161
2439,161
2440,161
2441,161
2442,161
2443,161
2444,161
2445,161
2446,161
2447,161
2448,161
2449,161
2450,161
2451,161
2452,161
2453,161
2454,161
2455,161
2456,161
2457,161
2458,161
2459,161
2460,161
2461,161
2462,161
2463,161
2464,161
2465,161
2466,161
2467,160
2468,160
2469,160
2470,160
2471,160
2472,160
2473,160
2474,160
2475,160
2476,159
2477,159
2478,160
2479,160
2480,160
2481,160
2482,160
2483,160
2484,160
2485,160
2486,160
2487,160
2488,160
2489,160
2490,160
2491,160
2492,160
2493,160
2494,160
2495,160
2496,160
2497,160
2498,160
2499,160
2500,160
2501,160
2502,159
2503,159
2504,160
2505,160
2506,160
2507,160
2508,159
2509,159
2510,160
2511,160
2512,160
2513,160
2514,160
2515,161
2516,161
2517,161
2518,161
2519,161
2520,161
2521,161
2522,161
2523,161
2524,161
2525,161
2526,160
2527,160
2528,160
2529,161
2530,161
2531,161
2532,161
2533,161
2534,161
2535,161
2536,161
2537,161
2538,161
2539,161
2540,161
2541,161
2542,161
2543,161
2544,161
2545,161
2546,161
2547,161
2548,161
2549,161
2550,161
2551,161
2552,161
2553,161
2554,161
2555,161
2556,161
2557,161
2558,161
2559,161
2560,161
2561,161
2562,161
2563,161
2564,161
2565,161
2566,161
2567,160
2568,160
2569,160
2570,160
2571,160
2572,160
2573,160
2574,160
2575,160
2576,160
2577,160
2578,160
2579,160
2580,160
2581,160
2582,160
2583,160
2584,160
2585,160
2586,160
2587,161
2588,161
2589,161
2590,161
2591,161
2592,161
2593,161
2594,161
2595,161
2596,161
2597,161
2598,161
2599,161
2600,161
2601,161
2602,161
2603,161
2604,161
2605,161
2606,161
2607,161
2608,161
2609,160
2610,160
2611,161
2612,161
2613,161
2614,161
2615,161
2616,161
2617,161
2618,161
2619,161
2620,161
2621,161
2622,161
2623,161
2624,161
2625,161
2626,162
2627,162
2628,162
2629,162
2630,162
2631,162
2632,162
2633,162
2634,162
2635,162
2636,162
2637,161
2638,161
2639,161
2640,161
2641,161
2642,161
2643,161
2644,161
2645,161
2646,161
2647,161
2648,160
2649,160
2650,160
2651,160
2652,160
2653,160
2654,160
2655,160
2656,160
2657,160
2658,160
2659,160
2660,161
2661,161
2662,161
2663,161
2664,161
2665,161
2666,161
2667,161
2668,161
2669,161
2670,161
2671,161
2672,161
2673,161
2674,161
2675,161
2676,161
2677,161
2678,161
2679,160
2680,160
2681,161
2682,161
2683,161
2684,161
2685,161
2686,161
2687,161
2688,161
2689,161
2690,161
2691,161
2692,161
2693,161
2694,161
2695,161
2696,161
2697,161
2698,161
2699,161
2700,161
2701,161
2702,161
2703,161
2704,161
2705,161
2706,161
2707,161
2708,161
2709,161
2710,161
2711,161
2712,162
2713,162
2714,161
2715,162
2716,162
2717,162
2718,162
2719,162
2720,162
2721,162
2722,162
2723,162
2724,162
2725,162
2726,162
2727,162
2728,162
2729,162
2730,162
2731,162
2732,162
2733,162
2734,162
2735,162
2736,162
2737,163
2738,163
2739,163
2740,163
2741,163
2742,163
2743,163
2744,163
2745,163
2746,163
2747,163
2748,163
2749,163
2750,163
2751,163
2752,163
2753,163
2754,163
2755,163
2756,163
2757,163
2758,163
2759,163
2760,163
2761,163
2762,163
2763,163
2764,163
2765,163
2766,163
2767,163
2768,163
2769,163
2770,162
2771,163
2772,163
2773,163
2774,163
2775,163
2776,163
2777,163
2778,163
2779,163
2780,163
2781,163
2782,163
2783,163
2784,163
2785,163
2786,163
2787,163
2788,163
2789,163
2790,164
2791,164
2792,163
2793,163
2794,164
2795,164
2796,164
2797,164
2798,164
2799,164
2800,164
2801,164
2802,164
2803,164
2804,164
2805,164
2806,164
2807,164
2808,164
2809,164
2810,164
2811,164
2812,164
2813,164
2814,164
2815,164
2816,164
2817,164
2818,164
2819,164
2820,164
2821,164
2822,164
2823,164
2824,164
2825,164
2826,164
2827,164
2828,164
2829,164
2830,164
2831,164
2832,164
2833,164
2834,164
2835,164
2836,164
2837,164
2838,164
2839,164
2840,164
2841,164
2842,164
2843,164
2844,164
2845,164
2846,164
2847,164
2848,164
2849,164
2850,164
2851,163
2852,163
2853,163
2854,163
2855,163
2856,163
2857,163
2858,163
2859,163
2860,163
2861,164
2862,164
2863,164
2864,164
2865,164
2866,164
2867,163
2868,163
2869,163
2870,163
2871,163
2872,164
2873,164
2874,164
2875,164
2876,164
2877,164
2878,164
2879,164
2880,164
2881,164
2882,164
2883,164
2884,164
2885,163
2886,163
2887,163
2888,163
2889,163
2890,163
2891,163
2892,163
2893,163
2894,163
2895,163
2896,164
2897,163
2898,164
2899,163
2900,163
2901,164
2902,163
2903,163
2904,163
2905,162
2906,162
2907,162
2908,162
2909,163
2910,163
2911,163
2912,163
2913,163
2914,163
2915,163
2916,163
2917,164
2918,163
2919,163
2920,163
2921,163
2922,163
2923,163
2924,163
2925,163
2926,164
2927,164
2928,164
2929,164
2930,164
2931,164
2932,164
2933,165
2934,165
2935,165
2936,165
2937,165
2938,165
2939,165
2940,165
2941,165
2942,165
2943,165
2944,165
2945,165
2946,164
2947,164
2948,165
2949,165
2950,165
2951,165
2952,164
2953,164
2954,165
2955,165
2956,165
2957,165
2958,165
2959,165
2960,165
2961,165
2962,165
2963,165
2964,166
2965,166
2966,166
2967,166
2968,166
2969,166
2970,166
2971,166
2972,166
2973,166
2974,166
2975,167
2976,167
2977,167
2978,167
2979,167
2980,167
2981,167
2982,167
2983,167
2984,167
2985,167
2986,167
2987,167
2988,167
2989,167
2990,167
2991,167
2992,167
2993,167
2994,168
2995,168
2996,167
2997,167
2998,167
2999,168
3000,168
3001,168
3002,168
3003,168
3004,168
3005,168
3006,168
3007,168
3008,168
3009,168
3010,168
3011,168
3012,168
3013,168
3014,168
3015,168
3016,168
3017,169
3018,169
3019,169
3020,169
3021,169
3022,169
3023,169
3024,169
3025,169
3026,169
3027,169
3028,169
3029,169
3030,169
3031,169
3032,169
3033,169
3034,169
3035,169
3036,169
3037,169
3038,169
3039,169
3040,169
3041,169
3042,169
3043,169
3044,169
3045,169
3046,169
3047,169
3048,169
3049,169
3050,169
3051,168
3052,168
3053,168
3054,168
3055,169
3056,169
3057,169
3058,169
3059,169
3060,169
3061,169
3062,169
3063,169
3064,169
3065,169
3066,169
3067,169
3068,169
3069,169
3070,169
3071,169
3072,169
3073,169
3074,169
3075,169
3076,169
3077,169
3078,169
3079,169
3080,169
3081,169
3082,169
3083,169
3084,169
3085,169
3086,169
3087,169
3088,169
3089,169
3090,169
3091,169
3092,169
3093,169
3094,169
3095,170
3096,170
3097,170
3098,169
3099,169
3100,170
3101,170
3102,170
3103,170
3104,170
3105,169
3106,169
3107,169
3108,170
3109,169
3110,169
3111,169
3112,169
3113,169
3114,169
3115,169
3116,169
3117,169
3118,169
3119,169
3120,169
3121,169
3122,169
3123,169
3124,170
3125,169
3126,169
3127,169
3128,170
3129,170
3130,170
3131,169
3132,170
3133,169
3134,170
3135,170
3136,170
3137,170
3138,170
3139,170
3140,171
3141,171
3142,171
3143,171
3144,171
3145,171
3146,172
3147,172
3148,172
3149,171
3150,172
3151,172
3152,172
3153,172
3154,172
3155,173
3156,173
3157,173
3158,173
3159,173
3160,173
3161,173
3162,173
3163,173
3164,173
3165,173
3166,174
3167,174
3168,174
3169,174
3170,174
3171,174
3172,174
3173,174
3174,174
3175,174
3176,174
3177,174
3178,174
3179,174
3180,174
3181,174
3182,174
3183,174
3184,174
3185,174
3186,173
3187,173
3188,174
3189,174
3190,174
3191,174
3192,174
3193,174
3194,173
3195,173
3196,174
3197,174
3198,174
3199,174
3200,174
3201,174
3202,174
3203,174
3204,174
3205,174
3206,174
3207,174
3208,174
3209,174
3210,174
3211,174
3212,174
3213,174
3214,174
3215,174
3216,174
3217,174
3218,174
3219,174
3220,174
3221,173
3222,174
3223,174
3224,173
3225,173
3226,173
3227,174
3228,174
3229,174
3230,174
3231,173
3232,173
3233,173
3234,173
3235,173
3236,173
3237,173
3238,173
3239,173
3240,173
3241,173
3242,173
3243,173
3244,173
3245,173
3246,173
3247,173
3248,173
3249,173
3250,173
3251,173
3252,172
3253,173
3254,173
3255,173
3256,172
3257,172
3258,172
3259,172
3260,172
3261,173
3262,173
3263,173
3264,173
3265,173
3266,173
3267,173
3268,173
3269,173
3270,172
3271,173
3272,173
3273,173
3274,172
3275,173
3276,173
3277,173
3278,173
3279,173
3280,173
3281,173
3282,173
3283,173
3284,173
3285,173
3286,173
3287,173
3288,173
3289,173
3290,173
3291,173
3292,173
3293,173
3294,173
3295,173
3296,173
3297,173
3298,174
3299,173
3300,174
3301,174
3302,174
3303,174
3304,174
3305,174
3306,174
3307,174
3308,174
3309,174
3310,174
3311,174
3312,174
3313,174
3314,174
3315,174
3316,174
3317,174
3318,174
3319,174
3320,174
3321,174
3322,175
3323,175
3324,175
3325,175
3326,175
3327,175
3328,175
3329,175
3330,175
3331,175
3332,175
3333,175
3334,175
3335,175
3336,175
3337,175
3338,175
3339,175
3340,175
3341,175
3342,174
3343,175
3344,175
3345,175
3346,174
3347,175
3348,175
3349,175
3350,175
3351,175
3352,175
3353,175
3354,175
3355,175
3356,175
3357,175
3358,175
3359,175
3360,175
3361,175
3362,175
3363,174
3364,174
3365,174
3366,174
3367,174
3368,174
3369,174
3370,174
3371,174
3372,174
3373,174
3374,174
3375,174
3376,174
3377,174
3378,174
3379,174
3380,174
3381,174
3382,174
3383,174
3384,174
3385,174
3386,174
3387,174
3388,174
3389,174
3390,174
3391,174
3392,174
3393,173
3394,173
3395,173
3396,173
3397,173
3398,174
3399,174
3400,174
3401,174
3402,174
3403,174
3404,174
3405,174
3406,174
3407,174
3408,174
3409,174
3410,174
3411,173
3412,173
3413,174
3414,174
3415,174
3416,174
3417,174
3418,174
3419,174
3420,174
3421,174
3422,174
3423,174
3424,174
3425,174
3426,174
3427,174
3428,174
3429,174
3430,173
3431,174
3432,173
3433,174
3434,174
3435,174
3436,174
3437,174
3438,174
3439,174
3440,174
3441,174
3442,173
3443,174
3444,174
3445,174
3446,174
3447,174
3448,174
3449,174
3450,174
3451,174
3452,174
3453,173
3454,174
3455,173
3456,173
3457,174
3458,174
3459,174
3460,174
3461,174
3462,174
3463,174
3464,174
3465,174
3466,174
3467,174
3468,174
3469,174
3470,174
3471,174
3472,174
3473,174
3474,174
3475,174
3476,174
3477,174
3478,174
3479,174
3480,174
3481,174
3482,174
3483,175
3484,175
3485,175
3486,175
3487,175
3488,175
3489,175
3490,175
3491,175
3492,175
3493,175
3494,175
3495,175
3496,175
3497,175
3498,175
3499,175
3500,175
3501,175
3502,175
3503,175
3504,175
3505,175
3506,175
3507,175
3508,175
3509,175
3510,175
3511,175
3512,175
3513,175
3514,175
3515,175
3516,175
3517,175
3518,175
3519,175
3520,175
3521,174
3522,175
3523,175
3524,175
3525,175
3526,175
3527,175
3528,175
3529,175
3530,175
3531,175
3532,176
3533,176
3534,176
3535,176
3536,176
3537,176
3538,176
3539,176
3540,176
3541,176
3542,175
3543,175
3544,175
3545,175
3546,175
3547,175
3548,175
3549,174
3550,174
3551,175
3552,175
3553,175
3554,175
3555,175
3556,175
3557,175
3558,175
3559,174
3560,175
3561,175
3562,175
3563,175
3564,175
3565,175
3566,175
3567,175
3568,175
3569,174
3570,174
3571,174
3572,174
3573,174
3574,174
3575,175
3576,175
3577,175
3578,175
3579,175
3580,175
3581,175
3582,175
3583,175
3584,175
3585,175
3586,175
3587,175
3588,175
3589,175
3590,175
3591,175
3592,175
3593,175
3594,175
3595,175
3596,175
3597,175
3598,175
3599,174
3600,174
3601,174
3602,174
3603,174
3604,175
3605,175
3606,175
3607,175
3608,175
3609,174
3610,175
3611,175
3612,175
3613,175
3614,175
3615,175
3616,175
3617,175
3618,175
3619,175
3620,174
3621,174
3622,174
3623,174
3624,175
3625,175
3626,175
3627,175
3628,175
3629,175
3630,175
3631,175
3632,175
3633,175
3634,175
3635,174
3636,174
3637,174
3638,174
3639,174
3640,175
3641,175
3642,175
3643,174
3644,174
3645,174
3646,174
3647,174
3648,175
3649,175
3650,175
3651,175
3652,175
3653,175
3654,174
3655,174
3656,175
3657,175
3658,175
3659,175
3660,175
3661,175
3662,175
3663,175
3664,175
3665,175
3666,175
3667,175
3668,175
3669,175
3670,175
3671,175
3672,175
3673,175
3674,175
3675,175
3676,175
3677,175
3678,175
3679,174
3680,174
3681,175
3682,175
3683,175
3684,175
3685,175
3686,175
3687,175
3688,175
3689,175
3690,175
3691,174
3692,174
3693,174
3694,174
3695,174
3696,174
3697,174
3698,174
3699,174
3700,174
3701,174
3702,174
3703,174
3704,174
3705,174
3706,174
3707,174
3708,174
3709,174
3710,174
3711,174
3712,174
3713,174
3714,174
3715,174
3716,174
3717,174
3718,174
3719,174
3720,174
3721,174
3722,174
3723,174
3724,174
3725,174
3726,174
3727,174
3728,174
3729,174
3730,174
3731,174
3732,174
3733,173
3734,173
3735,174
3736,174
3737,174
3738,173
3739,173
3740,173
3741,173
3742,173
3743,173
3744,174
3745,174
3746,174
3747,174
3748,174
3749,174
3750,174
3751,174
3752,175
3753,175
3754,175
3755,175
3756,174
3757,174
3758,174
3759,174
3760,174
3761,175
3762,175
3763,175
3764,175
3765,174
3766,175
3767,175
3768,175
3769,175
3770,175
3771,174
3772,174
3773,174
3774,174
3775,174
3776,174
3777,175
3778,175
3779,174
3780,174
3781,174
3782,174
3783,174
3784,174
3785,174
3786,174
3787,174
3788,174
3789,174
3790,174
3791,174
3792,174
3793,174
3794,174
3795,174
3796,174
3797,174
3798,173
3799,173
3800,173
3801,173
3802,173
3803,173
3804,173
3805,173
3806,173
3807,173
3808,173
3809,173
3810,173
3811,173
3812,173
3813,173
3814,173
3815,173
3816,173
3817,173
3818,173
3819,173
3820,173
3821,173
3822,173
3823,173
3824,173
3825,173
3826,173
3827,173
3828,173
3829,173
3830,173
3831,173
3832,173
3833,173
3834,173
3835,173
3836,173
3837,173
3838,173
3839,173
3840,173
3841,173
3842,173
3843,173
3844,173
3845,173
3846,173
3847,173
3848,173
3849,173
3850,173
3851,173
3852,173
3853,173
3854,173
3855,173
3856,173
3857,173
3858,173
3859,173
3860,173
3861,173
3862,173
3863,173
3864,173
3865,173
3866,173
3867,173
3868,173
3869,173
3870,173
3871,173
3872,173
3873,173
3874,173
3875,173
3876,172
3877,173
3878,173
3879,173
3880,173
3881,173
3882,173
3883,173
3884,173
3885,173
3886,173
3887,173
3888,173
3889,173
3890,173
3891,173
3892,173
3893,173
3894,173
3895,173
3896,173
3897,173
3898,173
3899,173
3900,173
3901,173
3902,173
3903,173
3904,172
3905,173
3906,173
3907,173
3908,173
3909,173
3910,173
3911,173
3912,172
3913,172
3914,172
3915,172
3916,173
3917,173
3918,173
3919,173
3920,173
3921,173
3922,173
3923,173
3924,173
3925,173
3926,173
3927,173
3928,173
3929,173
3930,173
3931,173
3932,173
3933,173
3934,173
3935,173
3936,173
3937,174
3938,174
3939,174
3940,174
3941,174
3942,173
3943,174
3944,174
3945,173
3946,174
3947,173
3948,174
3949,174
3950,174
3951,174
3952,174
3953,173
3954,173
3955,174
3956,174
3957,173
3958,173
3959,173
3960,173
3961,174
3962,174
3963,174
3964,174
3965,173
3966,173
3967,173
3968,173
3969,173
3970,173
3971,173
3972,173
3973,173
3974,174
3975,173
3976,174
3977,173
3978,173
3979,173
3980,173
3981,173
3982,174
3983,173
3984,173
3985,173
3986,173
3987,173
3988,173
3989,173
3990,172
3991,172
3992,172
3993,172
3994,172
3995,173
3996,172
3997,172
3998,173
3999,173
4000,173
4001,172
4002,173
4003,173
4004,173
4005,172
4006,172
4007,172
4008,172
4009,172
4010,172
4011,172
4012,172
4013,172
4014,172
4015,172
4016,172
4017,172
4018,172
4019,172
4020,172
4021,172
4022,172
4023,173
4024,173
4025,173
4026,173
4027,173
4028,173
4029,173
4030,173
4031,173
4032,173
4033,173
4034,173
4035,172
4036,172
4037,172
4038,172
4039,172
4040,173
4041,173
4042,173
4043,173
4044,173
4045,173
4046,173
4047,173
4048,173
4049,173
4050,173
4051,173
4052,172
4053,172
4054,172
4055,172
4056,172
4057,172
4058,172
4059,172
4060,172
4061,172
4062,172
4063,173
4064,173
4065,173
4066,172
4067,172
4068,173
4069,173
4070,173
4071,172
4072,172
4073,172
4074,172
4075,173
4076,172
4077,172
4078,173
4079,172
4080,172
4081,172
4082,172
4083,172
4084,172
4085,172
4086,172
4087,172
4088,172
4089,172
4090,172
4091,172
4092,172
4093,172
4094,171
4095,171
4096,171
4097,171
4098,171
4099,171
4100,171
4101,171
4102,171
4103,171
4104,171
4105,171
4106,172
4107,172
4108,172
4109,172
4110,172
4111,172
4112,172
4113,172
4114,172
4115,172
4116,172
4117,172
4118,172
4119,171
4120,171
4121,172
4122,172
4123,172
4124,171
4125,171
4126,171
4127,171
4128,171
4129,171
4130,171
4131,171
4132,171
4133,172
4134,172
4135,172
4136,171
4137,172
4138,172
4139,172
4140,172
4141,172
4142,172
4143,172
4144,172
4145,172
4146,172
4147,172
4148,172
4149,172
4150,172
4151,172
4152,172
4153,172
4154,172
4155,172
4156,172
4157,172
4158,172
4159,172
4160,172
4161,172
4162,172
4163,172
4164,172
4165,172
4166,172
4167,171
4168,172
4169,172
4170,172
4171,172
4172,172
4173,172
4174,172
4175,172
4176,172
4177,172
4178,172
4179,172
4180,172
4181,172
4182,172
4183,172
4184,172
4185,172
4186,172
4187,172
4188,172
4189,172
4190,172
4191,172
4192,172
4193,172
4194,172
4195,172
4196,172
4197,172
4198,172
4199,172
4200,172
4201,172
4202,172
4203,172
4204,172
4205,172
4206,172
4207,172
4208,172
4209,172
4210,172
4211,172
4212,172
4213,172
4214,172
4215,172
4216,172
4217,172
4218,172
4219,172
4220,172
4221,172
4222,172
4223,172
4224,172
4225,173
4226,173
4227,173
4228,173
4229,172
4230,173
4231,173
4232,173
4233,173
4234,173
4235,173
4236,173
4237,174
4238,173
4239,174
4240,173
4241,174
4242,173
4243,173
4244,173
4245,173
4246,173
4247,173
4248,173
4249,173
4250,172
4251,173
4252,173
4253,173
4254,173
4255,173
4256,173
4257,173
4258,173
4259,173
4260,173
4261,173
4262,173
4263,173
4264,173
4265,173
4266,173
4267,173
4268,173
4269,173
4270,173
4271,173
4272,173
4273,173
4274,173
4275,173
4276,173
4277,173
4278,174
4279,174
4280,174
4281,174
4282,174
4283,174
4284,174
4285,174
4286,174
4287,174
4288,174
4289,174
4290,174
4291,174
4292,174
4293,174
4294,174
4295,173
4296,173
4297,173
4298,173
4299,173
4300,173
4301,173
4302,173
4303,173
4304,173
4305,174
4306,173
4307,174
4308,174
4309,173
4310,173
4311,173
4312,173
4313,173
4314,173
4315,173
4316,173
4317,173
4318,173
4319,173
4320,173
4321,173
4322,173
4323,173
4324,173
4325,173
4326,173
4327,173
4328,173
4329,173
4330,173
4331,173
4332,173
4333,172
4334,172
4335,172
4336,172
4337,172
4338,173
4339,172
4340,173
4341,172
4342,172
4343,172
4344,172
4345,172
4346,172
4347,172
4348,172
4349,172
4350,172
4351,172
4352,172
4353,172
4354,172
4355,172
4356,172
4357,172
4358,172
4359,172
4360,172
4361,172
4362,172
4363,172
4364,172
4365,172
4366,172
4367,172
4368,172
4369,172
4370,172
4371,172
4372,172
4373,172
4374,172
4375,172
4376,172
4377,172
4378,172
4379,172
4380,173
4381,173
4382,173
4383,173
4384,173
4385,173
4386,173
4387,173
4388,172
4389,173
4390,173
4391,173
4392,173
4393,173
4394,173
4395,173
4396,173
4397,173
4398,173
4399,173
4400,172
4401,172
4402,172
4403,172
4404,172
4405,172
4406,172
4407,172
4408,172
4409,172
4410,172
4411,172
4412,172
4413,172
4414,172
4415,172
4416,172
4417,173
4418,173
4419,173
4420,173
4421,173
4422,173
4423,173
4424,173
4425,173
4426,173
4427,172
4428,172
4429,172
4430,172
4431,172
4432,172
4433,172
4434,172
4435,172
4436,172
4437,172
4438,172
4439,172
4440,172
4441,173
4442,172
4443,172
4444,172
4445,172
4446,172
4447,172
4448,172
4449,172
4450,172
4451,171
4452,172
4453,172
4454,172
4455,172
4456,172
4457,172
4458,172
4459,171
4460,172
4461,172
4462,172
4463,172
4464,172
4465,172
4466,172
4467,172
4468,172
4469,172
4470,172
4471,172
4472,171
4473,172
4474,172
4475,172
4476,171
4477,172
4478,172
4479,172
4480,172
4481,171
4482,172
4483,172
4484,172
4485,172
4486,172
4487,172
4488,172
4489,172
4490,172
4491,172
4492,172
4493,172
4494,172
4495,172
4496,172
4497,171
4498,171
4499,171
4500,171
4501,171
4502,171
4503,171
4504,171
4505,171
4506,172
4507,172
4508,172
4509,172
4510,172
4511,172
4512,172
4513,172
4514,172
4515,172
4516,172
4517,172
4518,172
4519,172
4520,172
4521,172
4522,172
4523,173
4524,172
4525,172
4526,172
4527,172
4528,172
4529,172
4530,172
4531,172
4532,172
4533,172
4534,172
4535,173
4536,173
4537,173
4538,173
4539,173
4540,173
4541,172
4542,172
4543,173
4544,173
4545,173
4546,173
4547,173
4548,173
4549,173
4550,173
4551,173
4552,173
4553,173
4554,173
4555,173
4556,173
4557,173
4558,173
4559,173
4560,173
4561,173
4562,173
4563,173
4564,173
4565,173
4566,173
4567,174
4568,174
4569,174
4570,173
4571,174
4572,173
4573,173
4574,174
4575,174
4576,173
4577,173
4578,173
4579,173
4580,174
4581,174
4582,174
4583,174
4584,174
4585,174
4586,174
4587,174
4588,174
4589,173
4590,173
4591,173
4592,173
4593,173
4594,173
4595,173
4596,173
4597,173
4598,172
4599,173
4600,173
4601,173
4602,173
4603,173
4604,173
4605,173
4606,173
4607,173
4608,173
4609,173
4610,173
4611,173
4612,173
4613,173
4614,173
4615,173
4616,172
4617,172
4618,172
4619,172
4620,173
4621,173
4622,173
4623,173
4624,173
4625,173
4626,173
4627,173
4628,173
4629,173
4630,173
4631,173
4632,173
4633,173
4634,172
4635,172
4636,172
4637,172
4638,172
4639,172
4640,172
4641,172
4642,172
4643,173
4644,173
4645,172
4646,172
4647,172
4648,172
4649,173
4650,173
4651,172
4652,172
4653,172
4654,172
4655,172
4656,172
4657,172
4658,172
4659,172
4660,172
4661,172
4662,172
4663,172
4664,172
4665,173
4666,173
4667,173
4668,172
4669,172
4670,172
4671,172
4672,172
4673,172
4674,172
4675,172
4676,172
4677,172
4678,171
4679,171
4680,171
4681,171
4682,171
4683,171
4684,171
4685,170
4686,170
4687,170
4688,170
4689,170
4690,170
4691,170
4692,170
4693,170
4694,170
4695,170
4696,170
4697,170
4698,170
4699,170
4700,170
4701,170
4702,170
4703,170
4704,171
4705,171
4706,171
4707,171
4708,170
4709,170
4710,170
4711,170
4712,170
4713,170
4714,170
4715,170
4716,170
4717,170
4718,170
4719,170
4720,170
4721,170
4722,170
4723,170
4724,170
4725,170
4726,170
4727,170
4728,170
4729,169
4730,169
4731,169
4732,169
4733,169
4734,169
4735,169
4736,169
4737,169
4738,169
4739,169
4740,169
4741,169
4742,169
4743,169
4744,169
4745,168
4746,168
4747,169
4748,169
4749,169
4750,168
4751,168
4752,168
4753,168
4754,168
4755,168
4756,169
4757,169
4758,169
4759,169
4760,169
4761,169
4762,169
4763,169
4764,170
4765,170
4766,169
4767,170
4768,169
4769,170
4770,170
4771,170
4772,170
4773,170
4774,170
4775,170
4776,170
4777,170
4778,170
4779,169
4780,169
4781,170
4782,169
4783,169
4784,169
4785,169
4786,169
4787,169
4788,169
4789,169
4790,169
4791,169
4792,168
4793,169
4794,169
4795,169
4796,169
4797,169
4798,169
4799,169
4800,169
4801,169
4802,169
4803,169
4804,169
4805,168
4806,169
4807,169
4808,169
4809,169
4810,169
4811,169
4812,169
4813,169
4814,169
4815,169
4816,169
4817,169
4818,168
4819,169
4820,168
4821,169
4822,169
4823,169
4824,169
4825,169
4826,169
4827,169
4828,169
4829,169
4830,169
4831,169
4832,168
4833,169
4834,169
4835,169
4836,169
4837,169
4838,169
4839,169
4840,169
4841,169
4842,169
4843,169
4844,169
4845,169
4846,169
4847,169
4848,169
4849,169
4850,168
4851,168
4852,169
4853,169
4854,169
4855,169
4856,168
4857,168
4858,168
4859,169
4860,168
4861,169
4862,168
4863,169
4864,169
4865,169
4866,169
4867,169
4868,169
4869,169
4870,169
4871,169
4872,169
4873,168
4874,168
4875,168
4876,168
4877,168
4878,168
4879,168
4880,168
4881,168
4882,168
4883,168
4884,168
4885,168
4886,168
4887,168
4888,168
4889,168
4890,168
4891,168
4892,168
4893,168
4894,168
4895,168
4896,168
4897,168
4898,168
4899,168
4900,168
4901,168
4902,168
4903,168
4904,168
4905,168
4906,168
4907,168
4908,168
4909,169
4910,169
4911,169
4912,169
4913,169
4914,169
4915,169
4916,168
4917,168
4918,168
4919,168
4920,168
4921,168
4922,168
4923,168
4924,168
4925,168
4926,168
4927,168
4928,169
4929,169
4930,168
4931,168
4932,168
4933,168
4934,168
4935,168
4936,168
4937,168
4938,169
4939,169
4940,169
4941,169
4942,169
4943,169
4944,169
4945,169
4946,169
4947,169
4948,169
4949,169
4950,169
4951,169
4952,169
4953,169
4954,169
4955,169
4956,169
4957,169
4958,169
4959,169
4960,169
4961,169
4962,169
4963,169
4964,169
4965,169
4966,169
4967,169
4968,169
4969,169
4970,169
4971,169
4972,169
4973,169
4974,168
4975,169
4976,169
4977,169
4978,169
4979,168
4980,169
4981,169
4982,169
4983,169
4984,169
4985,168
4986,169
4987,169
4988,169
4989,169
4990,169
4991,169
4992,169
4993,169
4994,169
4995,169
4996,169
4997,169
4998,169
4999,170
5000,170
5001,170
5002,170
5003,170
5004,170
5005,170
5006,170
5007,170
5008,170
5009,170
5010,170
5011,170
5012,170
5013,170
5014,170
5015,170
5016,170
5017,170
5018,170
5019,170
5020,170
5021,170
5022,170
5023,170
5024,170
5025,169
5026,170
5027,170
5028,170
5029,170
5030,170
5031,170
5032,170
5033,169
5034,169
5035,169
5036,169
5037,169
5038,169
5039,169
5040,170
5041,170
5042,170
5043,170
5044,170
5045,170
5046,170
5047,170
5048,170
5049,170
5050,170
5051,170
5052,170
5053,170
5054,170
5055,170
5056,170
5057,170
5058,170
5059,170
5060,170
5061,170
5062,170
5063,170
5064,170
5065,170
5066,170
5067,170
5068,170
5069,170
5070,170
5071,170
5072,170
5073,170
5074,170
5075,169
5076,169
5077,169
5078,169
5079,169
5080,169
5081,169
5082,169
5083,169
5084,169
5085,169
5086,169
5087,169
5088,169
5089,169
5090,169
5091,169
5092,169
5093,169
5094,168
5095,168
5096,169
5097,169
5098,169
5099,169
5100,169
5101,169
5102,169
5103,169
5104,169
5105,169
5106,169
5107,169
5108,169
5109,169
5110,169
5111,169
5112,169
5113,169
5114,170
5115,170
5116,169
5117,170
5118,170
5119,170
5120,170
5121,170
5122,170
5123,170
5124,170
5125,170
5126,169
5127,169
5128,169
5129,169
5130,169
5131,169
5132,169
5133,169
5134,169
5135,169
5136,169
5137,169
5138,169
5139,169
5140,169
5141,169
5142,169
5143,169
5144,169
5145,169
5146,169
5147,168
5148,168
5149,168
5150,168
5151,168
5152,168
5153,168
5154,168
5155,168
5156,168
5157,167
5158,167
5159,167
5160,167
5161,167
5162,167
5163,167
5164,167
5165,167
5166,167
5167,168
5168,167
5169,167
5170,167
5171,168
5172,167
5173,167
5174,167
5175,167
5176,167
5177,167
5178,167
5179,167
5180,167
5181,167
5182,167
5183,167
5184,167
5185,167
5186,167
5187,167
5188,167
5189,167
5190,167
5191,167
5192,167
5193,167
5194,167
5195,167
5196,167
5197,167
5198,167
5199,167
5200,168
5201,168
5202,168
5203,167
5204,167
5205,167
5206,167
5207,167
5208,167
5209,167
5210,167
5211,167
5212,167
5213,167
5214,167
5215,167
5216,167
5217,167
5218,167
5219,167
5220,167
5221,167
5222,167
5223,167
5224,167
5225,167
5226,167
5227,167
5228,167
5229,167
5230,167
5231,167
5232,167
5233,167
5234,167
5235,167
5236,167
5237,167
5238,167
5239,168
5240,168
5241,167
5242,167
5243,168
5244,168
5245,168
5246,168
5247,168
5248,168
5249,168
5250,168
5251,167
5252,167
5253,168
5254,167
5255,167
5256,167
5257,167
5258,167
5259,167
5260,167
5261,166
5262,166
5263,166
5264,166
5265,166
5266,166
5267,166
5268,166
5269,166
5270,166
5271,166
5272,166
5273,166
5274,166
5275,166
5276,166
5277,166
5278,165
5279,165
5280,165
5281,165
5282,165
5283,165
5284,165
5285,165
5286,165
5287,166
5288,165
5289,166
5290,166
5291,166
5292,166
5293,166
5294,166
5295,166
5296,166
5297,166
5298,166
5299,166
5300,166
5301,166
5302,166
5303,166
5304,166
5305,166
5306,166
5307,166
5308,166
5309,166
5310,166
5311,166
5312,167
5313,166
5314,166
5315,166
5316,166
5317,166
5318,166
5319,166
5320,166
5321,166
5322,166
5323,166
5324,166
5325,166
5326,166
5327,166
5328,166
5329,165
5330,165
5331,165
5332,165
5333,165
5334,165
5335,165
5336,166
5337,166
5338,166
5339,166
5340,166
5341,165
5342,165
5343,165
5344,165
5345,165
5346,165
5347,165
5348,165
5349,165
5350,165
5351,165
5352,165
5353,165
5354,165
5355,164
5356,164
5357,165
5358,165
5359,165
5360,165
5361,165
5362,165
5363,165
5364,165
5365,165
5366,165
5367,165
5368,165
5369,165
5370,165
5371,165
5372,165
5373,165
5374,165
5375,165
5376,164
5377,164
5378,165
5379,164
5380,164
5381,165
5382,165
5383,164
5384,164
5385,164
5386,164
5387,164
5388,164
5389,164
5390,164
5391,164
5392,164
5393,164
5394,164
5395,164
5396,164
5397,164
5398,164
5399,164
5400,164
5401,164
5402,164
5403,164
5404,164
5405,164
5406,164
5407,164
5408,164
5409,164
5410,164
5411,164
5412,164
5413,164
5414,164
5415,164
5416,164
5417,164
5418,164
5419,164
5420,164
5421,164
5422,164
5423,164
5424,164
5425,164
5426,164
5427,164
5428,164
5429,164
5430,164
5431,164
5432,163
5433,163
5434,163
5435,163
5436,164
5437,164
5438,164
5439,164
5440,164
5441,164
5442,164
5443,164
5444,164
5445,164
5446,163
5447,163
5448,163
5449,163
5450,163
5451,163
5452,163
5453,163
5454,163
5455,163
5456,164
5457,163
5458,164
5459,164
5460,163
5461,163
5462,163
5463,163
5464,163
5465,163
5466,163
5467,163
5468,163
5469,163
5470,163
5471,163
5472,163
5473,162
5474,162
5475,162
5476,163
5477,163
5478,163
5479,163
5480,163
5481,163
5482,163
5483,163
5484,163
5485,164
5486,163
5487,163
5488,163
5489,163
5490,163
5491,163
5492,163
5493,163
5494,163
5495,163
5496,163
5497,163
5498,163
5499,163
5500,163
5501,163
5502,163
5503,163
5504,163
5505,164
5506,164
5507,164
5508,164
5509,164
5510,164
5511,164
5512,164
5513,164
5514,164
5515,164
5516,164
5517,164
5518,163
5519,163
5520,163
5521,163
5522,163
5523,163
5524,163
5525,163
5526,164
5527,163
5528,163
5529,163
5530,163
5531,164
5532,164
5533,164
5534,164
5535,164
5536,164
5537,164
5538,164
5539,164
5540,164
5541,164
5542,164
5543,164
5544,164
5545,165
5546,165
5547,165
5548,165
5549,165
5550,165
5551,165
5552,164
5553,164
5554,164
5555,164
5556,164
5557,164
5558,164
5559,164
5560,164
5561,164
5562,164
5563,164
5564,164
5565,164
5566,164
5567,164
5568,164
5569,164
5570,164
5571,164
5572,164
5573,164
5574,164
5575,164
5576,164
5577,164
5578,164
5579,164
5580,164
5581,164
5582,164
5583,164
5584,164
5585,164
5586,165
5587,164
5588,164
5589,164
5590,164
5591,164
5592,164
5593,164
5594,164
5595,164
5596,164
5597,164
5598,164
5599,165
5600,164
5601,164
5602,164
5603,164
5604,164
5605,165
5606,164
5607,164
5608,164
5609,164
5610,164
5611,165
5612,165
5613,164
5614,165
5615,164
5616,164
5617,164
5618,164
5619,164
5620,164
5621,164
5622,164
5623,164
5624,164
5625,164
5626,164
5627,165
5628,165
5629,165
5630,164
5631,164
5632,164
5633,164
5634,164
5635,164
5636,164
5637,164
5638,164
5639,164
5640,164
5641,164
5642,164
5643,164
5644,164
5645,164
5646,164
5647,164
5648,165
5649,164
5650,164
5651,164
5652,164
5653,164
5654,164
5655,164
5656,164
5657,164
5658,164
5659,164
5660,164
5661,164
5662,164
5663,164
5664,164
5665,164
5666,164
5667,164
5668,164
5669,164
5670,164
5671,163
5672,164
5673,164
5674,164
5675,164
5676,164
5677,164
5678,163
5679,163
5680,164
5681,164
5682,164
5683,164
5684,164
5685,164
5686,164
5687,164
5688,164
5689,164
5690,164
5691,164
5692,164
5693,164
5694,164
5695,164
5696,164
5697,164
5698,164
5699,164
5700,164
5701,164
5702,164
5703,164
5704,164
5705,164
5706,164
5707,164
5708,164
5709,164
5710,164
5711,164
5712,163
5713,163
5714,163
5715,163
5716,163
5717,163
5718,163
5719,163
5720,163
5721,163
5722,163
5723,163
5724,163
5725,163
5726,162
5727,162
5728,162
5729,162
5730,162
5731,162
5732,162
5733,162
5734,162
5735,162
5736,162
5737,162
5738,162
5739,162
5740,162
5741,161
5742,162
5743,162
5744,162
5745,161
5746,161
5747,161
5748,161
5749,161
5750,161
5751,161
5752,161
5753,161
5754,161
5755,161
5756,161
5757,161
5758,161
5759,161
5760,161
5761,161
5762,161
5763,161
5764,161
5765,162
5766,161
5767,161
5768,161
5769,161
5770,161
5771,162
5772,161
5773,161
5774,162
5775,162
5776,162
5777,162
5778,162
5779,162
5780,162
5781,162
5782,162
5783,162
5784,162
5785,162
5786,162
5787,162
5788,162
5789,162
5790,162
5791,162
5792,162
5793,162
5794,162
5795,162
5796,162
5797,162
5798,162
5799,162
5800,162
5801,162
5802,162
5803,162
5804,162
5805,161
5806,161
5807,162
5808,162
5809,161
5810,161
5811,162
5812,162
5813,162
5814,162
5815,162
5816,162
5817,162
5818,162
5819,162
5820,162
5821,162
5822,162
5823,162
5824,161
5825,162
5826,162
5827,162
5828,162
5829,162
5830,162
5831,161
5832,161
5833,162
5834,162
5835,162
5836,162
5837,162
5838,162
5839,162
5840,163
5841,163
5842,163
5843,163
5844,163
5845,164
5846,164
5847,164
5848,164
5849,163
5850,163
5851,164
5852,164
5853,164
5854,164
5855,164
5856,164
5857,164
5858,164
5859,163
5860,163
5861,164
5862,163
5863,163
5864,164
5865,164
5866,164
5867,164
5868,164
5869,164
5870,164
5871,164
5872,164
5873,164
5874,164
5875,164
5876,164
5877,164
5878,164
5879,164
5880,164
5881,164
5882,164
5883,164
5884,164
5885,164
5886,164
5887,164
5888,164
5889,164
5890,164
5891,164
5892,164
5893,164
5894,164
5895,164
5896,164
5897,164
5898,164
5899,165
5900,164
5901,164
5902,164
5903,164
5904,164
5905,164
5906,164
5907,164
5908,164
5909,164
5910,165
5911,165
5912,165
5913,165
5914,166
5915,166
5916,166
5917,166
5918,166
5919,165
5920,165
5921,165
5922,165
5923,166
5924,165
5925,165
5926,165
5927,165
5928,165
5929,165
5930,165
5931,165
5932,165
5933,165
5934,165
5935,165
5936,165
5937,165
5938,165
5939,165
5940,165
5941,165
5942,165
5943,166
5944,166
5945,166
5946,165
5947,165
5948,166
5949,166
5950,166
5951,166
5952,166
5953,166
5954,166
5955,166
5956,166
5957,165
5958,166
5959,166
5960,166
5961,166
5962,166
5963,166
5964,166
5965,166
5966,166
5967,166
5968,166
5969,166
5970,166
5971,166
5972,166
5973,166
5974,166
5975,166
5976,166
5977,165
5978,166
5979,165
5980,165
5981,165
5982,165
5983,165
5984,165
5985,165
5986,165
5987,165
5988,165
5989,165
5990,165
5991,165
5992,165
5993,166
5994,166
5995,166
5996,166
5997,166
5998,165
5999,166
6000,166
6001,166
6002,166
6003,166
6004,165
6005,165
6006,165
6007,165
6008,165
6009,165
6010,165
6011,165
6012,164
6013,164
6014,164
6015,164
6016,164
6017,165
6018,165
6019,165
6020,165
6021,165
6022,165
6023,165
6024,166
6025,166
6026,166
6027,166
6028,166
6029,166
6030,166
6031,166
6032,166
6033,166
6034,166
6035,166
6036,166
6037,166
6038,166
6039,166
6040,166
6041,166
6042,166
6043,166
6044,166
6045,166
6046,166
6047,166
6048,166
6049,165
6050,165
6051,165
6052,165
6053,165
6054,165
6055,165
6056,165
6057,165
6058,165
6059,165
6060,165
6061,165
6062,165
6063,165
6064,165
6065,165
6066,165
6067,165
6068,165
6069,165
6070,165
6071,165
6072,165
6073,164
6074,164
6075,164
6076,165
6077,165
6078,165
6079,165
6080,165
6081,164
6082,165
6083,165
6084,165
6085,165
6086,165
6087,165
6088,165
6089,165
6090,165
6091,165
6092,165
6093,165
6094,164
6095,164
6096,165
6097,165
6098,165
6099,165
6100,165
6101,165
6102,165
6103,165
6104,165
6105,164
6106,165
6107,165
6108,165
6109,165
6110,165
6111,165
6112,165
6113,165
6114,165
6115,165
6116,165
6117,165
6118,165
6119,165
6120,165
6121,165
6122,165
6123,164
6124,164
6125,164
6126,164
6127,164
6128,164
6129,165
6130,164
6131,164
6132,165
6133,165
6134,165
6135,165
6136,165
6137,165
6138,164
6139,165
6140,165
6141,165
6142,165
6143,165
6144,165
6145,165
6146,164
6147,164
6148,164
6149,165
6150,165
6151,165
6152,165
6153,164
6154,164
6155,164
6156,164
6157,165
6158,165
6159,165
6160,165
6161,165
6162,165
6163,165
6164,165
6165,165
6166,165
6167,165
6168,165
6169,165
6170,166
6171,166
6172,166
6173,166
6174,166
6175,166
6176,165
6177,165
6178,165
6179,165
6180,165
6181,165
6182,165
6183,165
6184,165
6185,165
6186,165
6187,165
6188,165
6189,165
6190,165
6191,165
6192,166
6193,166
6194,166
6195,166
6196,166
6197,166
6198,166
6199,166
6200,166
6201,166
6202,166
6203,166
6204,166
6205,166
6206,166
6207,166
6208,166
6209,166
6210,166
6211,166
6212,166
6213,166
6214,166
6215,166
6216,166
6217,166
6218,166
6219,166
6220,165
6221,165
6222,166
6223,165
6224,165
6225,165
6226,165
6227,165
6228,165
6229,165
6230,165
6231,165
6232,165
6233,165
6234,166
6235,166
6236,166
6237,166
6238,166
6239,166
6240,166
6241,166
6242,166
6243,166
6244,166
6245,166
6246,166
6247,166
6248,166
6249,165
6250,165
6251,165
6252,165
6253,165
6254,165
6255,165
6256,165
6257,165
6258,165
6259,165
6260,166
6261,165
6262,166
6263,165
6264,165
6265,166
6266,166
6267,166
6268,166
6269,166
6270,166
6271,166
6272,166
6273,166
6274,166
6275,166
6276,166
6277,166
6278,166
6279,166
6280,166
6281,166
6282,166
6283,166
6284,166
6285,166
6286,166
6287,166
6288,166
6289,166
6290,166
6291,166
6292,166
6293,166
6294,166
6295,166
6296,166
6297,166
6298,167
6299,167
6300,167
6301,167
6302,167
6303,167
6304,167
6305,167
6306,167
6307,167
6308,167
6309,167
6310,167
6311,167
6312,167
6313,167
6314,167
6315,167
6316,167
6317,167
6318,167
6319,167
6320,167
6321,167
6322,167
6323,167
6324,167
6325,167
6326,166
6327,166
6328,166
6329,166
6330,166
6331,166
6332,167
6333,167
6334,167
6335,167
6336,167
6337,167
6338,167
6339,167
6340,167
6341,167
6342,167
6343,167
6344,167
6345,167
6346,166
6347,167
6348,167
6349,167
6350,167
6351,167
6352,167
6353,167
6354,167
6355,167
6356,167
6357,167
6358,167
6359,167
6360,167
6361,167
6362,167
6363,167
6364,167
6365,167
6366,167
6367,167
6368,167
6369,167
6370,167
6371,167
6372,167
6373,167
6374,167
6375,167
6376,167
6377,167
6378,167
6379,167
6380,168
6381,167
6382,167
6383,167
6384,167
6385,167
6386,167
6387,167
6388,167
6389,167
6390,167
6391,167
6392,167
6393,167
6394,167
6395,167
6396,167
6397,167
6398,166
6399,166
6400,166
6401,166
6402,166
6403,166
6404,166
6405,166
6406,166
6407,166
6408,166
6409,166
6410,166
6411,166
6412,167
6413,167
6414,167
6415,167
6416,167
6417,167
6418,167
6419,167
6420,168
6421,168
6422,168
6423,168
6424,168
6425,168
6426,168
6427,168
6428,168
6429,168
6430,168
6431,168
6432,168
6433,168
6434,168
6435,168
6436,168
6437,168
6438,168
6439,167
6440,168
6441,168
6442,167
6443,168
6444,168
6445,168
6446,169
6447,169
6448,169
6449,169
6450,169
6451,169
6452,169
6453,169
6454,169
6455,169
6456,169
6457,169
6458,169
6459,169
6460,169
6461,169
6462,169
6463,169
6464,169
6465,169
6466,169
6467,169
6468,169
6469,169
6470,169
6471,169
6472,169
6473,169
6474,169
6475,169
6476,169
6477,169
6478,169
6479,169
6480,169
6481,169
6482,169
6483,169
6484,169
6485,169
6486,169
6487,169
6488,169
6489,169
6490,169
6491,169
6492,168
6493,168
6494,168
6495,168
6496,168
6497,168
6498,168
6499,168
6500,168
6501,168
6502,168
6503,168
6504,168
6505,168
6506,168
6507,168
6508,168
6509,168
6510,168
6511,168
6512,168
6513,168
6514,168
6515,168
6516,168
6517,168
6518,168
6519,168
6520,168
6521,168
6522,168
6523,168
6524,168
6525,168
6526,168
6527,168
6528,168
6529,168
6530,168
6531,168
6532,168
6533,168
6534,167
6535,167
6536,167
6537,167
6538,167
6539,168
6540,167
6541,167
6542,168
6543,168
6544,168
6545,168
6546,168
6547,168
6548,168
6549,168
6550,168
6551,168
6552,168
6553,168
6554,167
6555,168
6556,168
6557,168
6558,168
6559,167
6560,168
6561,168
6562,168
6563,168
6564,168
6565,168
6566,168
6567,168
6568,168
6569,169
6570,169
6571,169
6572,169
6573,169
6574,169
6575,169
6576,169
6577,169
6578,169
6579,169
6580,169
6581,169
6582,169
6583,169
6584,168
6585,168
6586,168
6587,168
6588,168
6589,168
6590,168
6591,168
6592,168
6593,168
6594,168
6595,167
6596,167
6597,167
6598,167
6599,167
6600,167
6601,167
6602,167
6603,167
6604,167
6605,167
6606,167
6607,167
6608,166
6609,166
6610,166
6611,166
6612,166
6613,166
6614,166
6615,166
6616,166
6617,166
6618,166
6619,166
6620,166
6621,166
6622,166
6623,166
6624,166
6625,166
6626,166
6627,166
6628,166
6629,166
6630,166
6631,166
6632,166
6633,166
6634,167
6635,167
6636,167
6637,167
6638,167
6639,167
6640,167
6641,167
6642,167
6643,167
6644,167
6645,167
6646,167
6647,167
6648,167
6649,167
6650,167
6651,167
6652,167
6653,167
6654,167
6655,167
6656,167
6657,167
6658,167
6659,167
6660,167
6661,167
6662,167
6663,166
6664,167
6665,167
6666,167
6667,167
6668,167
6669,167
6670,167
6671,167
6672,167
6673,167
6674,167
6675,167
6676,167
6677,168
6678,168
6679,168
6680,168
6681,168
6682,168
6683,168
6684,167
6685,167
6686,167
6687,167
6688,168
6689,167
6690,167
6691,168
6692,168
6693,168
6694,168
6695,168
6696,168
6697,168
6698,167
6699,167
6700,167
6701,167
6702,167
6703,167
6704,167
6705,167
6706,168
6707,168
6708,168
6709,168
6710,168
6711,168
6712,168
6713,168
6714,168
6715,168
6716,168
6717,168
6718,168
6719,168
6720,168
6721,168
6722,168
6723,168
6724,168
6725,167
6726,167
6727,167
6728,167
6729,167
6730,167
6731,167
6732,167
6733,166
6734,166
6735,166
6736,166
6737,166
6738,166
6739,166
6740,166
6741,166
6742,166
6743,166
6744,166
6745,166
6746,166
6747,166
6748,166
6749,166
6750,166
6751,166
6752,166
6753,166
6754,166
6755,166
6756,166
6757,166
6758,166
6759,166
6760,166
6761,166
6762,166
6763,166
6764,166
6765,166
6766,166
6767,166
6768,166
6769,167
6770,167
6771,166
6772,166
6773,166
6774,166
6775,166
6776,166
6777,166
6778,166
6779,166
6780,166
6781,166
6782,166
6783,166
6784,166
6785,166
6786,167
6787,166
6788,166
6789,167
6790,167
6791,167
6792,167
6793,167
6794,167
6795,167
6796,167
6797,167
6798,167
6799,166
6800,166
6801,166
6802,166
6803,166
6804,166
6805,166
6806,166
6807,166
6808,166
6809,166
6810,165
6811,166
6812,165
6813,166
6814,166
6815,166
6816,166
6817,166
6818,166
6819,166
6820,166
6821,166
6822,166
6823,165
6824,166
6825,166
6826,166
6827,166
6828,166
6829,166
6830,166
6831,166
6832,166
6833,166
6834,166
6835,166
6836,166
6837,165
6838,166
6839,165
6840,165
6841,166
6842,166
6843,166
6844,166
6845,166
6846,166
6847,166
6848,166
6849,165
6850,165
6851,165
6852,165
6853,165
6854,165
6855,165
6856,165
6857,166
6858,166
6859,166
6860,166
6861,166
6862,166
6863,165
6864,166
6865,165
6866,165
6867,165
6868,165
6869,165
6870,166
6871,166
6872,166
6873,166
6874,166
6875,166
6876,166
6877,166
6878,166
6879,166
6880,166
6881,165
6882,165
6883,165
6884,165
6885,164
6886,164
6887,164
6888,164
6889,164
6890,164
6891,164
6892,163
6893,163
6894,163
6895,163
6896,163
6897,163
6898,163
6899,163
6900,163
6901,163
6902,163
6903,163
6904,163
6905,163
6906,163
6907,163
6908,163
6909,163
6910,163
6911,163
6912,163
6913,163
6914,163
6915,163
6916,163
6917,163
6918,164
6919,164
6920,164
6921,164
6922,164
6923,164
6924,164
6925,164
6926,164
6927,164
6928,164
6929,165
6930,165
6931,165
6932,165
6933,165
6934,165
6935,165
6936,165
6937,165
6938,165
6939,165
6940,165
6941,165
6942,165
6943,165
6944,165
6945,164
6946,165
6947,165
6948,165
6949,165
6950,165
6951,165
6952,165
6953,165
6954,165
6955,165
6956,165
6957,165
6958,165
6959,165
6960,165
6961,165
6962,165
6963,165
6964,165
6965,165
6966,165
6967,165
6968,165
6969,165
6970,165
6971,165
6972,165
6973,165
6974,165
6975,165
6976,165
6977,165
6978,165
6979,165
6980,165
6981,165
6982,165
6983,165
6984,165
6985,165
6986,165
6987,165
6988,165
6989,165
6990,165
6991,165
6992,166
6993,166
6994,166
6995,166
6996,166
6997,166
6998,166
6999,166
7000,166
7001,166
7002,166
7003,166
7004,166
7005,166
7006,166
7007,166
7008,166
7009,166
7010,165
7011,166
7012,166
7013,166
7014,166
7015,165
7016,165
7017,165
7018,165
7019,165
7020,166
7021,166
7022,166
7023,166
7024,166
7025,166
7026,166
7027,166
7028,166
7029,166
7030,166
7031,166
7032,166
7033,166
7034,166
7035,166
7036,166
7037,166
7038,166
7039,166
7040,166
7041,166
7042,166
7043,166
7044,166
7045,167
7046,167
7047,167
7048,167
7049,166
7050,166
7051,166
7052,166
7053,166
7054,166
7055,166
7056,166
7057,166
7058,166
7059,166
7060,166
7061,166
7062,165
7063,165
7064,165
7065,165
7066,165
7067,165
7068,165
7069,165
7070,165
7071,165
7072,166
7073,166
7074,166
7075,166
7076,166
7077,166
7078,166
7079,166
7080,166
7081,165
7082,165
7083,165
7084,165
7085,165
7086,165
7087,165
7088,165
7089,165
7090,165
7091,165
7092,165
7093,165
7094,165
7095,165
7096,165
7097,165
7098,165
7099,165
7100,165
7101,165
7102,165
7103,166
7104,166
7105,166
7106,166
7107,166
7108,166
7109,166
7110,166
7111,166
7112,166
7113,166
7114,166
7115,166
7116,166
7117,166
7118,166
7119,166
7120,166
7121,166
7122,166
7123,166
7124,166
7125,167
7126,167
7127,167
7128,167
7129,167
7130,167
7131,167
7132,167
7133,167
7134,167
7135,167
7136,167
7137,167
7138,167
7139,167
7140,167
7141,166
7142,167
7143,167
7144,167
7145,167
7146,167
7147,167
7148,167
7149,167
7150,167
7151,167
7152,167
7153,167
7154,167
7155,167
7156,167
7157,167
7158,167
7159,167
7160,167
7161,167
7162,167
7163,167
7164,167
7165,167
7166,167
7167,167
7168,167
7169,167
7170,167
7171,167
7172,167
7173,167
7174,167
7175,167
7176,167
7177,167
7178,167
7179,167
7180,167
7181,166
7182,166
7183,167
7184,167
7185,167
7186,167
7187,167
7188,167
7189,167
7190,167
7191,166
7192,166
7193,166
7194,167
7195,167
7196,167
7197,167
7198,167
7199,167
7200,167
7201,167
7202,167
7203,167
7204,167
7205,167
7206,167
7207,167
7208,167
7209,167
7210,166
7211,167
7212,167
7213,167
7214,167
7215,167
7216,167
7217,167
7218,167
7219,167
7220,167
7221,167
7222,167
7223,167
7224,167
7225,167
7226,167
7227,167
7228,166
7229,167
7230,167
7231,167
7232,167
7233,167
7234,167
7235,167
7236,167
7237,167
7238,167
7239,167
7240,166
7241,167
7242,167
7243,167
7244,167
7245,167
7246,167
7247,167
7248,167
7249,167
7250,167
7251,167
7252,167
7253,167
7254,166
7255,166
7256,167
7257,167
7258,167
7259,167
7260,167
7261,167
7262,167
7263,167
7264,166
7265,167
7266,166
7267,167
7268,166
7269,166
7270,166
7271,166
7272,166
7273,166
7274,166
7275,166
7276,166
7277,166
7278,166
7279,166
7280,166
7281,166
7282,166
7283,166
7284,166
7285,166
7286,166
7287,165
7288,165
7289,165
7290,165
7291,165
7292,166
7293,166
7294,166
7295,166
7296,166
7297,166
7298,166
7299,166
7300,166
7301,166
7302,166
7303,166
7304,166
7305,166
7306,166
7307,166
7308,166
7309,166
7310,166
7311,167
7312,167
7313,167
7314,167
7315,166
7316,167
7317,167
7318,167
7319,167
7320,167
7321,167
7322,167
7323,167
7324,167
7325,167
7326,167
7327,167
7328,167
7329,167
7330,167
7331,167
7332,167
7333,166
7334,166
7335,166
7336,166
7337,166
7338,166
7339,166
7340,167
7341,167
7342,167
7343,167
7344,167
7345,167
7346,167
7347,167
7348,167
7349,167
7350,167
7351,167
7352,167
7353,167
7354,167
7355,167
7356,167
7357,167
7358,167
7359,167
7360,167
7361,167
7362,167
7363,167
7364,167
7365,167
7366,167
7367,167
7368,167
7369,168
7370,168
7371,168
7372,167
7373,168
7374,168
7375,168
7376,168
7377,168
7378,167
7379,167
7380,168
7381,168
7382,168
7383,168
7384,168
7385,168
7386,168
7387,168
7388,168
7389,168
7390,168
7391,168
7392,168
7393,168
7394,168
7395,168
7396,168
7397,168
7398,168
7399,167
7400,167
7401,167
7402,167
7403,167
7404,167
7405,167
7406,167
7407,167
7408,167
7409,168
7410,168
7411,168
7412,168
7413,168
7414,168
7415,168
7416,168
7417,168
7418,168
7419,167
7420,168
7421,168
7422,168
7423,168
7424,168
7425,168
7426,168
7427,168
7428,167
7429,168
7430,168
7431,168
7432,168
7433,168
7434,168
7435,168
7436,168
7437,168
7438,168
7439,168
7440,168
7441,168
7442,168
7443,168
7444,168
7445,167
7446,167
7447,167
7448,167
7449,167
7450,167
7451,167
7452,167
7453,167
7454,167
7455,167
7456,167
7457,167
7458,167
7459,167
7460,167
7461,167
7462,167
7463,167
7464,167
7465,167
7466,167
7467,167
7468,167
7469,167
7470,167
7471,167
7472,167
7473,167
7474,167
7475,167
7476,167
7477,167
7478,167
7479,167
7480,167
7481,167
7482,167
7483,167
7484,167
7485,167
7486,167
7487,167
7488,167
7489,167
7490,167
7491,167
7492,167
7493,167
7494,167
7495,167
7496,167
7497,167
7498,167
7499,167
7500,167
7501,167
7502,167
7503,167
7504,166
7505,166
7506,166
7507,166
7508,166
7509,166
7510,166
7511,166
7512,166
7513,166
7514,166
7515,166
7516,166
7517,166
7518,166
7519,166
7520,166
7521,166
7522,166
7523,166
7524,166
7525,166
7526,166
7527,166
7528,166
7529,166
7530,166
7531,166
7532,166
7533,166
7534,167
7535,167
7536,167
7537,167
7538,167
7539,167
7540,167
7541,167
7542,167
7543,167
7544,167
7545,167
7546,167
7547,167
7548,168
7549,168
7550,168
7551,167
7552,167
7553,167
7554,167
7555,166
7556,166
7557,166
7558,166
7559,166
7560,166
7561,166
7562,166
7563,166
7564,166
7565,166
7566,166
7567,166
7568,166
7569,166
7570,166
7571,165
7572,166
7573,166
7574,166
7575,166
7576,166
7577,166
7578,166
7579,166
7580,166
7581,166
7582,166
7583,166
7584,166
7585,165
7586,166
7587,166
7588,165
7589,165
7590,166
7591,165
7592,165
7593,165
7594,165
7595,165
7596,165
7597,165
7598,165
7599,165
7600,165
7601,165
7602,165
7603,166
7604,165
7605,165
7606,165
7607,165
7608,165
7609,166
7610,166
7611,166
7612,166
7613,166
7614,166
7615,165
7616,166
7617,166
7618,166
7619,166
7620,166
7621,166
7622,166
7623,165
7624,165
7625,166
7626,165
7627,166
7628,165
7629,165
7630,165
7631,165
7632,165
7633,165
7634,165
7635,165
7636,165
7637,165
7638,165
7639,165
7640,165
7641,165
7642,165
7643,165
7644,165
7645,165
7646,165
7647,165
7648,165
7649,165
7650,165
7651,165
7652,165
7653,165
7654,165
7655,165
7656,165
7657,165
7658,165
7659,165
7660,165
7661,165
7662,165
7663,165
7664,165
7665,166
7666,166
7667,166
7668,166
7669,165
7670,165
7671,166
7672,166
7673,166
7674,166
7675,166
7676,166
7677,166
7678,166
7679,166
7680,166
7681,165
7682,166
7683,166
7684,166
7685,166
7686,166
7687,166
7688,166
7689,166
7690,166
7691,166
7692,166
7693,166
7694,165
7695,165
7696,165
7697,165
7698,166
7699,166
7700,166
7701,166
7702,166
7703,165
7704,165
7705,165
7706,165
7707,165
7708,165
7709,165
7710,165
7711,165
7712,166
7713,166
7714,166
7715,166
7716,165
7717,165
7718,165
7719,165
7720,165
7721,165
7722,165
7723,165
7724,165
7725,165
7726,165
7727,165
7728,165
7729,165
7730,165
7731,165
7732,165
7733,166
7734,165
7735,165
7736,165
7737,166
7738,166
7739,166
7740,166
7741,166
7742,166
7743,166
7744,166
7745,166
7746,166
7747,165
7748,165
7749,165
7750,165
7751,165
7752,165
7753,165
7754,165
7755,165
7756,165
7757,165
7758,165
7759,165
7760,165
7761,165
7762,165
7763,164
7764,164
7765,164
7766,164
7767,164
7768,165
7769,165
7770,165
7771,165
7772,165
7773,164
7774,164
7775,164
7776,164
7777,164
7778,164
7779,164
7780,164
7781,164
7782,164
7783,164
7784,164
7785,164
7786,164
7787,164
7788,164
7789,164
7790,164
7791,164
7792,164
7793,164
7794,164
7795,164
7796,164
7797,164
7798,164
7799,164
7800,164
7801,164
7802,164
7803,164
7804,164
7805,163
7806,164
7807,164
7808,164
7809,163
7810,163
7811,163
7812,163
7813,164
7814,163
7815,163
7816,163
7817,163
7818,163
7819,163
7820,163
7821,163
7822,163
7823,163
7824,163
7825,162
7826,162
7827,163
7828,163
7829,163
7830,163
7831,163
7832,163
7833,163
7834,163
7835,163
7836,163
7837,163
7838,163
7839,164
7840,164
7841,164
7842,164
7843,164
7844,164
7845,164
7846,164
7847,164
7848,164
7849,164
7850,164
7851,164
7852,164
7853,165
7854,164
7855,165
7856,165
7857,164
7858,164
7859,164
7860,164
7861,164
7862,164
7863,164
7864,164
7865,164
7866,165
7867,165
7868,165
7869,164
7870,164
7871,164
7872,165
7873,164
7874,164
7875,164
7876,165
7877,165
7878,165
7879,165
7880,164
7881,164
7882,165
7883,165
7884,165
7885,165
7886,165
7887,165
7888,165
7889,165
7890,165
7891,165
7892,165
7893,165
7894,164
7895,164
7896,164
7897,165
7898,165
7899,165
7900,165
7901,165
7902,165
7903,165
7904,165
7905,165
7906,165
7907,165
7908,165
7909,165
7910,165
7911,164
7912,164
7913,165
7914,165
7915,164
7916,164
7917,164
7918,165
7919,165
7920,165
7921,165
7922,165
7923,165
7924,165
7925,165
7926,165
7927,165
7928,165
7929,165
7930,165
7931,165
7932,165
7933,164
7934,164
7935,164
7936,164
7937,164
7938,164
7939,164
7940,164
7941,165
7942,165
7943,165
7944,165
7945,165
7946,165
7947,165
7948,165
7949,165
7950,165
7951,165
7952,165
7953,165
7954,165
7955,165
7956,165
7957,164
7958,164
7959,164
7960,164
7961,164
7962,164
7963,164
7964,164
7965,164
7966,164
7967,164
7968,164
7969,164
7970,164
7971,164
7972,164
7973,164
7974,164
7975,164
7976,164
7977,164
7978,164
7979,164
7980,164
7981,164
7982,164
7983,164
7984,163
7985,163
7986,163
7987,163
7988,163
7989,163
7990,163
7991,163
7992,163
7993,163
7994,163
7995,163
7996,163
7997,163
7998,163
7999,163
8000,163
8001,163
8002,163
8003,163
8004,163
8005,163
8006,162
8007,162
8008,163
8009,163
8010,163
8011,163
8012,163
8013,163
8014,163
8015,163
8016,164
8017,164
8018,164
8019,164
8020,164
8021,164
8022,164
8023,164
8024,164
8025,164
8026,164
8027,164
8028,164
8029,164
8030,163
8031,163
8032,163
8033,163
8034,163
8035,163
8036,163
8037,163
8038,163
8039,163
8040,164
8041,163
8042,164
8043,164
8044,164
8045,163
8046,163
8047,163
8048,163
8049,164
8050,164
8051,164
8052,164
8053,164
8054,164
8055,164
8056,164
8057,164
8058,163
8059,164
8060,164
8061,163
8062,163
8063,163
8064,163
8065,163
8066,163
8067,164
8068,164
8069,163
8070,163
8071,163
8072,163
8073,163
8074,164
8075,164
8076,164
8077,163
8078,164
8079,164
8080,163
8081,164
8082,164
8083,164
8084,164
8085,164
8086,164
8087,164
8088,163
8089,163
8090,163
8091,163
8092,164
8093,164
8094,164
8095,164
8096,164
8097,165
8098,165
8099,165
8100,165
8101,165
8102,165
8103,165
8104,165
8105,165
8106,165
8107,165
8108,165
8109,165
8110,165
8111,165
8112,165
8113,165
8114,165
8115,165
8116,165
8117,165
8118,165
8119,165
8120,165
8121,165
8122,165
8123,166
8124,166
8125,165
8126,165
8127,165
8128,165
8129,165
8130,165
8131,165
8132,165
8133,165
8134,165
8135,165
8136,166
8137,166
8138,166
8139,165
8140,166
8141,165
8142,165
8143,165
8144,165
8145,165
8146,165
8147,165
8148,165
8149,166
8150,166
8151,166
8152,166
8153,166
8154,166
8155,166
8156,166
8157,166
8158,166
8159,166
8160,166
8161,166
8162,166
8163,167
8164,167
8165,167
8166,167
8167,167
8168,167
8169,167
8170,167
8171,167
8172,167
8173,167
8174,166
8175,166
8176,166
8177,166
8178,166
8179,166
8180,166
8181,166
8182,166
8183,166
8184,166
8185,166
8186,166
8187,166
8188,166
8189,166
8190,166
8191,166
8192,166
8193,166
8194,166
8195,167
8196,167
8197,167
8198,167
8199,167
8200,166
8201,167
8202,167
8203,167
8204,167
8205,167
8206,167
8207,167
8208,167
8209,166
8210,166
8211,166
8212,166
8213,166
8214,166
8215,166
8216,166
8217,166
8218,165
8219,165
8220,165
8221,165
8222,165
8223,165
8224,165
8225,165
8226,165
8227,165
8228,166
8229,166
8230,166
8231,165
8232,166
8233,166
8234,166
8235,165
8236,166
8237,166
8238,166
8239,166
8240,166
8241,165
8242,165
8243,165
8244,165
8245,165
8246,165
8247,165
8248,165
8249,165
8250,165
8251,165
8252,165
8253,165
8254,165
8255,165
8256,165
8257,165
8258,165
8259,165
8260,165
8261,165
8262,165
8263,165
8264,165
8265,165
8266,165
8267,165
8268,165
8269,165
8270,165
8271,165
8272,165
8273,165
8274,165
8275,165
8276,165
8277,165
8278,165
8279,165
8280,165
8281,165
8282,166
8283,166
8284,166
8285,166
8286,166
8287,166
8288,166
8289,166
8290,166
8291,166
8292,166
8293,166
8294,166
8295,166
8296,166
8297,166
8298,166
8299,166
8300,166
8301,166
8302,166
8303,166
8304,166
8305,166
8306,166
8307,166
8308,166
8309,166
8310,166
8311,166
8312,167
8313,167
8314,167
8315,167
8316,167
8317,167
8318,167
8319,167
8320,167
8321,167
8322,167
8323,167
8324,167
8325,167
8326,167
8327,166
8328,166
8329,166
8330,166
8331,166
8332,166
8333,166
8334,166
8335,166
8336,166
8337,166
8338,166
8339,166
8340,166
8341,166
8342,166
8343,166
8344,166
8345,166
8346,166
8347,166
8348,166
8349,166
8350,166
8351,166
8352,166
8353,166
8354,166
8355,166
8356,166
8357,166
8358,165
8359,165
8360,165
8361,165
8362,165
8363,165
8364,165
8365,165
8366,165
8367,165
8368,165
8369,165
8370,165
8371,166
8372,166
8373,166
8374,166
8375,166
8376,165
8377,165
8378,165
8379,165
8380,165
8381,165
8382,165
8383,165
8384,165
8385,165
8386,165
8387,166
8388,165
8389,165
8390,166
8391,166
8392,166
8393,166
8394,166
8395,166
8396,166
8397,166
8398,166
8399,166
8400,166
8401,166
8402,166
8403,166
8404,166
8405,165
8406,165
8407,165
8408,165
8409,166
8410,166
8411,166
8412,166
8413,166
8414,166
8415,166
8416,166
8417,166
8418,166
8419,166
8420,166
8421,166
8422,166
8423,166
8424,166
8425,166
8426,166
8427,166
8428,166
8429,166
8430,166
8431,166
8432,166
8433,166
8434,166
8435,166
8436,166
8437,166
8438,166
8439,166
8440,166
8441,166
8442,166
8443,166
8444,166
8445,166
8446,166
8447,166
8448,166
8449,166
8450,166
8451,166
8452,166
8453,166
8454,166
8455,166
8456,165
8457,165
8458,165
8459,165
8460,165
8461,165
8462,165
8463,165
8464,165
8465,165
8466,165
8467,166
8468,166
8469,166
8470,166
8471,166
8472,166
8473,166
8474,166
8475,166
8476,165
8477,166
8478,166
8479,166
8480,166
8481,166
8482,166
8483,166
8484,166
8485,166
8486,166
8487,166
8488,166
8489,165
8490,165
8491,165
8492,165
8493,165
8494,165
8495,165
8496,165
8497,165
8498,165
8499,165
8500,165
8501,165
8502,165
8503,165
8504,165
8505,165
8506,165
8507,165
8508,165
8509,165
8510,166
8511,165
8512,165
8513,165
8514,165
8515,165
8516,165
8517,164
8518,164
8519,165
8520,165
8521,165
8522,165
8523,165
8524,165
8525,164
8526,165
8527,165
8528,165
8529,165
8530,165
8531,165
8532,165
8533,165
8534,165
8535,165
8536,164
8537,164
8538,164
8539,164
8540,164
8541,164
8542,164
8543,164
8544,164
8545,164
8546,163
8547,164
8548,163
8549,163
8550,163
8551,163
8552,163
8553,163
8554,163
8555,163
8556,163
8557,163
8558,163
8559,163
8560,163
8561,163
8562,163
8563,163
8564,163
8565,163
8566,162
8567,163
8568,163
8569,163
8570,162
8571,163
8572,162
8573,163
8574,163
8575,163
8576,163
8577,163
8578,163
8579,163
8580,163
8581,163
8582,163
8583,163
8584,163
8585,163
8586,163
8587,163
8588,163
8589,163
8590,163
8591,164
8592,164
8593,164
8594,164
8595,164
8596,164
8597,164
8598,164
8599,164
8600,164
8601,164
8602,164
8603,164
8604,164
8605,164
8606,164
8607,164
8608,164
8609,164
8610,164
8611,164
8612,164
8613,165
8614,165
8615,165
8616,165
8617,165
8618,165
8619,165
8620,164
8621,164
8622,164
8623,164
8624,164
8625,164
8626,164
8627,164
8628,164
8629,165
8630,165
8631,165
8632,165
8633,165
8634,165
8635,165
8636,165
8637,164
8638,165
8639,165
8640,165
8641,165
8642,164
8643,164
8644,164
8645,164
8646,165
8647,165
8648,165
8649,165
8650,164
8651,164
8652,165
8653,165
8654,165
8655,165
8656,164
8657,164
8658,165
8659,165
8660,165
8661,165
8662,165
8663,165
8664,165
8665,165
8666,165
8667,165
8668,165
8669,165
8670,165
8671,165
8672,165
8673,165
8674,165
8675,165
8676,165
8677,165
8678,165
8679,165
8680,165
8681,165
8682,165
8683,165
8684,165
8685,165
8686,165
8687,165
8688,165
8689,164
8690,164
8691,164
8692,164
8693,164
8694,164
8695,164
8696,164
8697,164
8698,164
8699,164
8700,164
8701,164
8702,164
8703,164
8704,164
8705,164
8706,164
8707,164
8708,164
8709,164
8710,164
8711,163
8712,163
8713,163
8714,164
8715,164
8716,164
8717,164
8718,164
8719,164
8720,164
8721,164
8722,164
8723,164
8724,164
8725,164
8726,164
8727,164
8728,163
8729,163
8730,163
8731,163
8732,163
8733,163
8734,164
8735,164
8736,164
8737,164
8738,164
8739,164
8740,164
8741,164
8742,164
8743,164
8744,164
8745,164
8746,164
8747,164
8748,164
8749,164
8750,164
8751,164
8752,164
8753,164
8754,163
8755,164
8756,164
8757,164
8758,164
8759,164
8760,164
8761,164
8762,164
8763,164
8764,164
8765,164
8766,164
8767,163
8768,163
8769,163
8770,163
8771,163
8772,163
8773,163
8774,163
8775,163
8776,163
8777,163
8778,163
8779,164
8780,164
8781,163
8782,164
8783,164
8784,164
8785,164
8786,164
8787,164
8788,163
8789,163
8790,163
8791,163
8792,163
8793,163
8794,163
8795,163
8796,163
8797,163
8798,163
8799,163
8800,163
8801,163
8802,164
8803,164
8804,164
8805,164
8806,164
8807,164
8808,164
8809,164
8810,164
8811,164
8812,164
8813,164
8814,164
8815,163
8816,163
8817,163
8818,163
8819,163
8820,163
8821,163
8822,163
8823,163
8824,163
8825,163
8826,163
8827,163
8828,163
8829,163
8830,163
8831,163
8832,163
8833,163
8834,163
8835,163
8836,163
8837,163
8838,163
8839,163
8840,163
8841,163
8842,163
8843,163
8844,163
8845,163
8846,163
8847,163
8848,163
8849,163
8850,163
8851,163
8852,163
8853,163
8854,163
8855,163
8856,163
8857,163
8858,163
8859,162
8860,163
8861,163
8862,163
8863,163
8864,163
8865,162
8866,162
8867,162
8868,163
8869,162
8870,162
8871,162
8872,162
8873,162
8874,162
8875,162
8876,162
8877,162
8878,162
8879,162
8880,162
8881,162
8882,162
8883,162
8884,163
8885,163
8886,163
8887,163
8888,163
8889,163
8890,163
8891,163
8892,163
8893,163
8894,163
8895,163
8896,163
8897,164
8898,164
8899,164
8900,164
8901,164
8902,164
8903,164
8904,164
8905,164
8906,164
8907,163
8908,163
8909,163
8910,163
8911,163
8912,164
8913,164
8914,165
8915,165
8916,165
8917,165
8918,165
8919,166
8920,165
8921,165
8922,165
8923,165
8924,165
8925,165
8926,164
8927,165
8928,165
8929,165
8930,165
8931,165
8932,165
8933,164
8934,164
8935,164
8936,164
8937,164
8938,164
8939,164
8940,164
8941,165
8942,165
8943,165
8944,165
8945,165
8946,165
8947,165
8948,165
8949,165
8950,165
8951,165
8952,165
8953,165
8954,165
8955,165
8956,165
8957,165
8958,165
8959,165
8960,165
8961,165
8962,165
8963,165
8964,165
8965,165
8966,165
8967,165
8968,166
8969,166
8970,166
8971,166
8972,166
8973,166
8974,166
8975,166
8976,166
8977,166
8978,166
8979,166
8980,167
8981,167
8982,167
8983,167
8984,167
8985,167
8986,167
8987,167
8988,167
8989,167
8990,167
8991,167
8992,167
8993,166
8994,166
8995,166
8996,166
8997,166
8998,166
8999,166
9000,166
9001,166
9002,166
9003,166
9004,166
9005,166
9006,166
9007,166
9008,166
9009,166
9010,166
9011,166
9012,166
9013,166
9014,166
9015,166
9016,166
9017,166
9018,166
9019,166
9020,166
9021,166
9022,166
9023,166
9024,165
9025,165
9026,166
9027,166
9028,166
9029,166
9030,166
9031,166
9032,166
9033,166
9034,166
9035,166
9036,166
9037,166
9038,166
9039,166
9040,166
9041,166
9042,166
9043,166
9044,166
9045,166
9046,166
9047,166
9048,166
9049,166
9050,166
9051,166
9052,166
9053,166
9054,166
9055,166
9056,166
9057,166
9058,166
9059,166
9060,166
9061,166
9062,166
9063,166
9064,166
9065,166
9066,166
9067,166
9068,166
9069,166
9070,166
9071,165
9072,165
9073,165
9074,165
9075,165
9076,166
9077,166
9078,166
9079,166
9080,166
9081,166
9082,166
9083,166
9084,166
9085,166
9086,165
9087,165
9088,165
9089,166
9090,166
9091,166
9092,166
9093,166
9094,166
9095,166
9096,166
9097,166
9098,166
9099,166
9100,166
9101,166
9102,166
9103,166
9104,166
9105,166
9106,166
9107,165
9108,166
9109,166
9110,166
9111,166
9112,166
9113,166
9114,166
9115,166
9116,166
9117,165
9118,165
9119,166
9120,166
9121,166
9122,166
9123,166
9124,166
9125,166
9126,166
9127,166
9128,166
9129,166
9130,166
9131,166
9132,166
9133,166
9134,166
9135,166
9136,166
9137,166
9138,166
9139,166
9140,166
9141,166
9142,166
9143,166
9144,166
9145,166
9146,166
9147,166
9148,166
9149,166
9150,166
9151,165
9152,165
9153,165
9154,165
9155,165
9156,165
9157,166
9158,165
9159,166
9160,166
9161,166
9162,166
9163,166
9164,165
9165,165
9166,165
9167,165
9168,165
9169,165
9170,165
9171,166
9172,165
9173,166
9174,166
9175,165
9176,165
9177,166
9178,166
9179,166
9180,166
9181,166
9182,166
9183,166
9184,166
9185,166
9186,165
9187,165
9188,166
9189,166
9190,165
9191,165
9192,165
9193,166
9194,166
9195,166
9196,166
9197,166
9198,166
9199,166
9200,166
9201,166
9202,166
9203,166
9204,166
9205,166
9206,166
9207,166
9208,165
9209,166
9210,166
9211,166
9212,166
9213,166
9214,166
9215,166
9216,166
9217,166
9218,166
9219,166
9220,166
9221,166
9222,166
9223,166
9224,166
9225,166
9226,166
9227,166
9228,166
9229,166
9230,166
9231,166
9232,167
9233,166
9234,166
9235,166
9236,166
9237,166
9238,166
9239,167
9240,167
9241,167
9242,167
9243,167
9244,167
9245,167
9246,166
9247,166
9248,166
9249,166
9250,166
9251,167
9252,167
9253,167
9254,167
9255,167
9256,167
9257,167
9258,167
9259,167
9260,167
9261,167
9262,167
9263,167
9264,167
9265,167
9266,167
9267,167
9268,167
9269,167
9270,167
9271,167
9272,167
9273,167
9274,167
9275,167
9276,167
9277,167
9278,167
9279,167
9280,167
9281,167
9282,167
9283,167
9284,167
9285,167
9286,167
9287,167
9288,167
9289,167
9290,167
9291,167
9292,167
9293,167
9294,167
9295,167
9296,167
9297,167
9298,167
9299,167
9300,167
9301,167
9302,167
9303,167
9304,167
9305,167
9306,167
9307,167
9308,167
9309,167
9310,167
9311,167
9312,167
9313,167
9314,167
9315,167
9316,167
9317,167
9318,167
9319,167
9320,167
9321,167
9322,167
9323,167
9324,167
9325,167
9326,167
9327,167
9328,167
9329,167
9330,167
9331,168
9332,167
9333,167
9334,168
9335,168
9336,168
9337,167
9338,167
9339,167
9340,167
9341,167
9342,167
9343,167
9344,167
9345,167
9346,167
9347,167
9348,167
9349,167
9350,167
9351,167
9352,167
9353,167
9354,167
9355,167
9356,166
9357,166
9358,167
9359,167
9360,167
9361,166
9362,166
9363,167
9364,167
9365,167
9366,167
9367,167
9368,167
9369,167
9370,167
9371,167
9372,167
9373,167
9374,167
9375,167
9376,167
9377,167
9378,167
9379,166
9380,167
9381,167
9382,167
9383,167
9384,167
9385,167
9386,167
9387,167
9388,167
9389,167
9390,167
9391,167
9392,167
9393,167
9394,166
9395,167
9396,167
9397,167
9398,167
9399,167
9400,167
9401,167
9402,167
9403,167
9404,167
9405,167
9406,167
9407,167
9408,167
9409,167
9410,167
9411,167
9412,167
9413,167
9414,167
9415,167
9416,167
9417,167
9418,167
9419,167
9420,167
9421,167
9422,167
9423,168
9424,168
9425,168
9426,168
9427,168
9428,168
9429,168
9430,168
9431,168
9432,168
9433,168
9434,168
9435,168
9436,167
9437,168
9438,167
9439,168
9440,168
9441,168
9442,167
9443,168
9444,168
9445,168
9446,168
9447,167
9448,168
9449,167
9450,167
9451,167
9452,167
9453,167
9454,167
9455,167
9456,167
9457,167
9458,167
9459,167
9460,167
9461,167
9462,167
9463,167
9464,167
9465,167
9466,167
9467,168
9468,168
9469,168
9470,168
9471,168
9472,168
9473,168
9474,167
9475,168
9476,168
9477,167
9478,167
9479,167
9480,167
9481,167
9482,167
9483,167
9484,167
9485,167
9486,167
9487,167
9488,167
9489,167
9490,167
9491,167
9492,167
9493,167
9494,167
9495,167
9496,167
9497,167
9498,166
9499,166
9500,166
9501,166
9502,166
9503,166
9504,166
9505,166
9506,166
9507,166
9508,166
9509,166
9510,166
9511,166
9512,166
9513,166
9514,165
9515,165
9516,166
9517,166
9518,166
9519,166
9520,166
9521,166
9522,166
9523,166
9524,166
9525,166
9526,166
9527,166
9528,166
9529,166
9530,166
9531,166
9532,166
9533,167
9534,167
9535,167
9536,167
9537,167
9538,167
9539,167
9540,167
9541,167
9542,167
9543,167
9544,167
9545,167
9546,167
9547,167
9548,167
9549,167
9550,167
9551,167
9552,167
9553,167
9554,167
9555,167
9556,167
9557,167
9558,167
9559,167
9560,167
9561,167
9562,167
9563,167
9564,167
9565,167
9566,167
9567,167
9568,167
9569,167
9570,167
9571,167
9572,167
9573,167
9574,167
9575,167
9576,167
9577,167
9578,167
9579,167
9580,167
9581,167
9582,167
9583,167
9584,167
9585,167
9586,167
9587,167
9588,167
9589,167
9590,167
9591,166
9592,166
9593,166
9594,167
9595,167
9596,167
9597,167
9598,167
9599,166
9600,166
9601,167
9602,167
9603,167
9604,167
9605,167
9606,167
9607,166
9608,166
9609,167
9610,167
9611,167
9612,167
9613,167
9614,167
9615,167
9616,167
9617,167
9618,167
9619,167
9620,167
9621,167
9622,167
9623,167
9624,167
9625,167
9626,167
9627,167
9628,167
9629,167
9630,167
9631,167
9632,167
9633,167
9634,167
9635,167
9636,167
9637,167
9638,167
9639,167
9640,167
9641,167
9642,167
9643,167
9644,167
9645,167
9646,166
9647,167
9648,167
9649,167
9650,168
9651,168
9652,168
9653,168
9654,168
9655,168
9656,168
9657,167
9658,167
9659,167
9660,168
9661,167
9662,167
9663,168
9664,168
9665,168
9666,168
9667,168
9668,169
9669,168
9670,169
9671,169
9672,169
9673,169
9674,169
9675,169
9676,169
9677,169
9678,169
9679,169
9680,169
9681,169
9682,169
9683,169
9684,169
9685,169
9686,169
9687,168
9688,168
9689,168
9690,169
9691,169
9692,169
9693,168
9694,168
9695,168
9696,168
9697,168
9698,168
9699,168
9700,168
9701,168
9702,168
9703,168
9704,168
9705,168
9706,168
9707,168
9708,168
9709,168
9710,168
9711,168
9712,168
9713,168
9714,168
9715,168
9716,169
9717,169
9718,169
9719,168
9720,169
9721,169
9722,169
9723,168
9724,168
9725,168
9726,168
9727,168
9728,168
9729,168
9730,168
9731,168
9732,168
9733,168
9734,168
9735,168
9736,167
9737,167
9738,167
9739,167
9740,166
9741,166
9742,166
9743,166
9744,166
9745,166
9746,166
9747,166
9748,166
9749,166
9750,166
9751,166
9752,166
9753,166
9754,166
9755,167
9756,167
9757,167
9758,167
9759,167
9760,167
9761,167
9762,167
9763,167
9764,167
9765,167
9766,166
9767,166
9768,166
9769,166
9770,166
9771,166
9772,166
9773,167
9774,167
9775,167
9776,167
9777,167
9778,167
9779,168
9780,168
9781,168
9782,168
9783,168
9784,168
9785,168
9786,168
9787,168
9788,168
9789,168
9790,169
9791,169
9792,169
9793,169
9794,169
9795,170
9796,170
9797,170
9798,170
9799,170
9800,170
9801,169
9802,170
9803,170
9804,170
9805,170
9806,170
9807,170
9808,170
9809,170
9810,171
9811,171
9812,171
9813,171
9814,171
9815,170
9816,170
9817,171
9818,171
9819,171
9820,171
9821,171
9822,171
9823,170
9824,170
9825,170
9826,171
9827,171
9828,171
9829,171
9830,171
9831,171
9832,171
9833,171
9834,171
9835,171
9836,171
9837,171
9838,171
9839,171
9840,171
9841,171
9842,171
9843,171
9844,171
9845,171
9846,171
9847,171
9848,171
9849,171
9850,171
9851,170
9852,170
9853,170
9854,170
9855,170
9856,170
9857,170
9858,170
9859,170
9860,170
9861,170
9862,171
9863,171
9864,171
9865,171
9866,171
9867,170
9868,170
9869,170
9870,170
9871,170
9872,171
9873,171
9874,171
9875,171
9876,171
9877,171
9878,171
9879,171
9880,172
9881,172
9882,171
9883,171
9884,171
9885,171
9886,171
9887,171
9888,171
9889,170
9890,171
9891,171
9892,171
9893,171
9894,171
9895,171
9896,171
9897,171
9898,171
9899,172
9900,172
9901,172
9902,172
9903,172
9904,172
9905,171
9906,172
9907,172
9908,172
9909,172
9910,172
9911,172
9912,172
9913,172
9914,172
9915,172
9916,172
9917,172
9918,172
9919,172
9920,172
9921,172
9922,172
9923,172
9924,172
9925,172
9926,172
9927,172
9928,172
9929,172
9930,172
9931,172
9932,172
9933,172
9934,172
9935,172
9936,172
9937,172
9938,172
9939,172
9940,172
9941,172
9942,171
9943,171
9944,171
9945,171
9946,172
9947,172
9948,172
9949,172
9950,172
9951,172
9952,172
9953,172
9954,172
9955,172
9956,172
9957,172
9958,172
9959,172
9960,172
9961,172
9962,172
9963,172
9964,172
9965,172
9966,171
9967,171
9968,171
9969,171
9970,171
9971,172
9972,172
9973,172
9974,172
9975,172
9976,172
9977,172
9978,172
9979,172
9980,172
9981,172
9982,172
9983,172
9984,172
9985,173
9986,173
9987,173
9988,173
9989,173
9990,173
9991,173
9992,173
9993,173
9994,173
9995,173
9996,173
9997,173
9998,173
9999,173
