0,150
1,150
2,149
3,149
4,149
5,149
6,150
7,150
8,150
9,150
10,150
11,150
12,150
13,150
14,150
15,150
16,150
17,149
18,149
19,149
20,149
21,149
22,149
23,149
24,149
25,149
26,149
27,149
28,149
29,149
30,150
31,150
32,150
33,150
34,150
35,150
36,150
37,150
38,150
39,150
40,150
41,150
42,150
43,150
44,150
45,150
46,149
47,150
48,150
49,150
50,150
51,150
52,150
53,150
54,150
55,150
56,150
57,150
58,150
59,150
60,150
61,150
62,150
63,150
64,150
65,150
66,150
67,150
68,150
69,150
70,150
71,150
72,150
73,150
74,150
75,150
76,150
77,150
78,150
79,150
80,150
81,150
82,150
83,150
84,150
85,150
86,150
87,150
88,150
89,150
90,150
91,150
92,150
93,150
94,150
95,150
96,150
97,150
98,150
99,150
100,150
101,150
102,150
103,150
104,150
105,150
106,150
107,150
108,150
109,150
110,150
111,150
112,150
113,150
114,150
115,151
116,151
117,151
118,151
119,151
120,151
121,151
122,151
123,151
124,150
125,150
126,151
127,151
128,151
129,151
130,151
131,151
132,151
133,151
134,151
135,151
136,151
137,151
138,151
139,151
140,151
141,151
142,151
143,151
144,150
145,151
146,151
147,151
148,151
149,151
150,151
151,151
152,151
153,151
154,150
155,150
156,151
157,151
158,151
159,151
160,151
161,151
162,151
163,151
164,151
165,150
166,151
167,150
168,151
169,151
170,150
171,150
172,151
173,150
174,150
175,150
176,150
177,151
178,151
179,151
180,151
181,151
182,151
183,150
184,150
185,150
186,151
187,150
188,151
189,150
190,150
191,150
192,150
193,150
194,150
195,150
196,150
197,150
198,150
199,150
200,150
201,150
202,150
203,150
204,149
205,150
206,150
207,150
208,150
209,150
210,150
211,150
212,149
213,150
214,150
215,150
216,150
217,150
218,151
219,151
220,151
221,151
222,151
223,151
224,151
225,151
226,151
227,151
228,152
229,152
230,152
231,152
232,152
233,151
234,152
235,152
236,152
237,152
238,151
239,151
240,151
241,151
242,151
243,151
244,151
245,151
246,151
247,151
248,151
249,151
250,151
251,152
252,151
253,151
254,151
255,151
256,151
257,151
258,152
259,152
260,152
261,152
262,152
263,153
264,153
265,153
266,153
267,153
268,153
269,153
270,153
271,153
272,153
273,153
274,153
275,153
276,153
277,153
278,153
279,153
280,153
281,153
282,153
283,153
284,153
285,153
286,153
287,153
288,153
289,153
290,153
291,153
292,153
293,153
294,153
295,153
296,153
297,153
298,153
299,153
300,153
301,153
302,153
303,153
304,153
305,153
306,153
307,153
308,153
309,153
310,153
311,153
312,153
313,153
314,153
315,153
316,153
317,153
318,153
319,153
320,153
321,153
322,153
323,153
324,153
325,153
326,153
327,153
328,153
329,153
330,153
331,152
332,153
333,153
334,153
335,153
336,153
337,153
338,153
339,153
340,153
341,153
342,153
343,153
344,153
345,153
346,152
347,153
348,153
349,153
350,153
351,153
352,153
353,152
354,152
355,152
356,152
357,151
358,151
359,151
360,151
361,151
362,150
363,151
364,151
365,151
366,151
367,150
368,151
369,151
370,150
371,150
372,151
373,151
374,151
375,151
376,151
377,151
378,151
379,151
380,151
381,151
382,151
383,151
384,151
385,151
386,151
387,151
388,151
389,151
390,151
391,151
392,151
393,151
394,150
395,151
396,151
397,151
398,151
399,151
400,151
401,151
402,151
403,151
404,151
405,151
406,151
407,151
408,150
409,151
410,151
411,151
412,151
413,151
414,151
415,151
416,151
417,151
418,151
419,151
420,151
421,151
422,151
423,151
424,151
425,151
426,151
427,151
428,151
429,151
430,151
431,151
432,151
433,151
434,151
435,151
436,152
437,152
438,152
439,152
440,152
441,152
442,152
443,151
444,152
445,152
446,152
447,152
448,152
449,152
450,152
451,152
452,152
453,151
454,152
455,152
456,152
457,152
458,152
459,152
460,152
461,152
462,152
463,152
464,152
465,152
466,152
467,152
468,152
469,152
470,152
471,152
472,152
473,152
474,152
475,152
476,153
477,153
478,153
479,153
480,153
481,153
482,153
483,153
484,153
485,153
486,153
487,153
488,153
489,153
490,153
491,153
492,153
493,152
494,153
495,152
496,152
497,152
498,152
499,152
500,152
501,152
502,152
503,152
504,152
505,152
506,152
507,152
508,152
509,153
510,153
511,153
512,153
513,153
514,153
515,153
516,153
517,153
518,152
519,152
520,152
521,152
522,152
523,152
524,152
525,152
526,152
527,152
528,152
529,152
530,152
531,152
532,152
533,152
534,152
535,152
536,152
537,152
538,151
539,151
540,151
541,151
542,151
543,151
544,151
545,151
546,151
547,151
548,151
549,151
550,151
551,151
552,151
553,151
554,151
555,152
556,152
557,152
558,152
559,152
560,151
561,152
562,151
563,151
564,151
565,151
566,151
567,151
568,151
569,151
570,152
571,152
572,152
573,152
574,152
575,151
576,151
577,151
578,151
579,151
580,151
581,151
582,151
583,151
584,150
585,151
586,150
587,151
588,151
589,150
590,150
591,150
592,150
593,150
594,150
595,150
596,150
597,150
598,150
599,150
600,150
601,150
602,150
603,150
604,150
605,150
606,150
607,150
608,149
609,149
610,149
611,149
612,149
613,149
614,149
615,150
616,149
617,149
618,149
619,149
620,150
621,150
622,150
623,150
624,150
625,150
626,150
627,150
628,149
629,149
630,149
631,149
632,149
633,150
634,150
635,150
636,150
637,150
638,150
639,150
640,151
641,151
642,150
643,150
644,150
645,150
646,150
647,150
648,150
649,150
650,150
651,151
652,151
653,151
654,151
655,151
656,151
657,151
658,150
659,150
660,151
661,150
662,150
663,150
664,151
665,150
666,151
667,151
668,151
669,151
670,152
671,152
672,153
673,153
674,152
675,152
676,152
677,152
678,153
679,152
680,152
681,152
682,153
683,152
684,153
685,153
686,153
687,153
688,153
689,152
690,152
691,153
692,152
693,153
694,152
695,152
696,152
697,152
698,152
699,152
700,152
701,152
702,152
703,152
704,152
705,152
706,152
707,152
708,152
709,152
710,152
711,152
712,153
713,152
714,152
715,152
716,152
717,152
718,152
719,152
720,152
721,152
722,152
723,152
724,151
725,151
726,151
727,151
728,152
729,151
730,151
731,151
732,151
733,152
734,151
735,151
736,151
737,152
738,151
739,151
740,152
741,151
742,152
743,152
744,152
745,153
746,152
747,152
748,152
749,152
750,152
751,152
752,152
753,152
754,151
755,151
756,151
757,151
758,151
759,151
760,151
761,151
762,152
763,151
764,151
765,152
766,152
767,151
768,151
769,151
770,151
771,152
772,152
773,152
774,152
775,152
776,151
777,151
778,152
779,152
780,152
781,151
782,151
783,150
784,150
785,150
786,150
787,150
788,150
789,150
790,150
791,150
792,150
793,150
794,150
795,150
796,150
797,150
798,150
799,150
800,150
801,150
802,150
803,150
804,150
805,150
806,150
807,150
808,150
809,150
810,150
811,149
812,150
813,150
814,150
815,150
816,150
817,150
818,149
819,149
820,149
821,149
822,149
823,150
824,149
825,149
826,149
827,149
828,149
829,149
830,149
831,150
832,150
833,150
834,150
835,150
836,150
837,150
838,151
839,151
840,151
841,150
842,150
843,150
844,150
845,150
846,150
847,151
848,150
849,151
850,152
851,152
852,151
853,151
854,151
855,151
856,151
857,151
858,151
859,152
860,152
861,152
862,151
863,151
864,151
865,151
866,151
867,151
868,152
869,152
870,152
871,152
872,152
873,152
874,152
875,152
876,152
877,152
878,152
879,152
880,152
881,152
882,152
883,151
884,151
885,151
886,151
887,151
888,151
889,151
890,151
891,152
892,152
893,151
894,151
895,152
896,152
897,152
898,152
899,152
900,152
901,152
902,152
903,152
904,152
905,152
906,152
907,152
908,152
909,152
910,151
911,151
912,151
913,151
914,150
915,150
916,151
917,150
918,149
919,150
920,149
921,149
922,149
923,149
924,150
925,150
926,150
927,150
928,150
929,149
930,149
931,149
932,150
933,149
934,149
935,149
936,149
937,149
938,150
939,150
940,149
941,150
942,150
943,150
944,151
945,151
946,151
947,151
948,151
949,150
950,150
951,150
952,151
953,151
954,151
955,152
956,152
957,152
958,153
959,153
960,152
961,152
962,152
963,152
964,152
965,152
966,152
967,152
968,152
969,152
970,152
971,151
972,152
973,151
974,152
975,151
976,151
977,151
978,151
979,150
980,150
981,150
982,150
983,150
984,150
985,150
986,150
987,150
988,149
989,149
990,149
991,149
992,149
993,149
994,148
995,148
996,148
997,149
998,149
999,149
1000,148
1001,148
1002,147
1003,147
1004,147
1005,147
1006,147
1007,147
1008,147
1009,147
1010,147
1011,147
1012,147
1013,146
1014,146
1015,146
1016,146
1017,146
1018,146
1019,146
1020,146
1021,146
1022,146
1023,146
1024,146
1025,146
1026,147
1027,147
1028,147
1029,147
1030,148
1031,148
1032,147
1033,148
1034,148
1035,148
1036,148
1037,148
1038,149
1039,149
1040,149
1041,149
1042,149
1043,149
1044,149
1045,149
1046,149
1047,149
1048,149
1049,149
1050,149
1051,148
1052,149
1053,148
1054,148
1055,148
1056,148
1057,148
1058,148
1059,148
1060,148
1061,148
1062,149
1063,149
1064,149
1065,149
1066,149
1067,149
1068,148
1069,148
1070,148
1071,148
1072,148
1073,148
1074,148
1075,148
1076,148
1077,149
1078,148
1079,148
1080,148
1081,148
1082,149
1083,149
1084,149
1085,149
1086,150
1087,150
1088,150
1089,150
1090,150
1091,150
1092,150
1093,150
1094,150
1095,150
1096,150
1097,150
1098,150
1099,150
1100,150
1101,150
1102,150
1103,150
1104,150
1105,150
1106,150
1107,149
1108,149
1109,149
1110,149
1111,149
1112,149
1113,149
1114,149
1115,150
1116,150
1117,150
1118,150
1119,150
1120,150
1121,150
1122,150
1123,150
1124,149
1125,149
1126,149
1127,149
1128,149
1129,150
1130,150
1131,149
1132,150
1133,150
1134,150
1135,150
1136,150
1137,150
1138,150
1139,150
1140,150
1141,150
1142,150
1143,150
1144,151
1145,151
1146,151
1147,150
1148,151
1149,150
1150,150
1151,150
1152,151
1153,151
1154,151
1155,151
1156,151
1157,150
1158,151
1159,151
1160,151
1161,151
1162,151
1163,151
1164,151
1165,151
1166,150
1167,150
1168,150
1169,150
1170,150
1171,150
1172,150
1173,150
1174,150
1175,150
1176,150
1177,150
1178,150
1179,150
1180,149
1181,150
1182,149
1183,149
1184,150
1185,150
1186,150
1187,151
1188,151
1189,151
1190,151
1191,151
1192,151
1193,152
1194,152
1195,152
1196,151
1197,152
1198,152
1199,152
1200,152
1201,152
1202,152
1203,152
1204,152
1205,152
1206,152
1207,152
1208,152
1209,152
1210,152
1211,152
1212,152
1213,152
1214,152
1215,152
1216,151
1217,151
1218,151
1219,152
1220,152
1221,152
1222,152
1223,152
1224,152
1225,152
1226,152
1227,152
1228,152
1229,151
1230,152
1231,151
1232,151
1233,151
1234,151
1235,151
1236,151
1237,152
1238,151
1239,151
1240,151
1241,151
1242,151
1243,151
1244,152
1245,152
1246,152
1247,152
1248,152
1249,152
1250,151
1251,152
1252,152
1253,152
1254,152
1255,151
1256,151
1257,151
1258,151
1259,151
1260,152
1261,151
1262,151
1263,151
1264,150
1265,151
1266,150
1267,150
1268,150
1269,150
1270,150
1271,150
1272,150
1273,150
1274,150
1275,150
1276,151
1277,151
1278,151
1279,151
1280,151
1281,151
1282,151
1283,151
1284,151
1285,151
1286,151
1287,151
1288,151
1289,150
1290,151
1291,151
1292,151
1293,151
1294,151
1295,152
1296,152
1297,152
1298,151
1299,151
1300,151
1301,151
1302,151
1303,152
1304,152
1305,152
1306,152
1307,152
1308,152
1309,152
1310,152
1311,152
1312,152
1313,152
1314,152
1315,152
1316,152
1317,152
1318,152
1319,152
1320,152
1321,152
1322,152
1323,152
1324,152
1325,152
1326,152
1327,152
1328,153
1329,153
1330,153
1331,153
1332,152
1333,152
1334,151
1335,151
1336,151
1337,151
1338,151
1339,151
1340,151
1341,151
1342,152
1343,152
1344,151
1345,151
1346,151
1347,152
1348,151
1349,151
1350,151
1351,151
1352,151
1353,151
1354,150
1355,150
1356,150
1357,150
1358,150
1359,150
1360,150
1361,150
1362,150
1363,149
1364,149
1365,149
1366,150
1367,150
1368,150
1369,150
1370,150
1371,150
1372,150
1373,151
1374,151
1375,150
1376,150
1377,151
1378,150
1379,150
1380,150
1381,150
1382,150
1383,150
1384,150
1385,149
1386,149
1387,149
1388,149
1389,149
1390,149
1391,150
1392,150
1393,150
1394,150
1395,149
1396,149
1397,149
1398,149
1399,149
1400,149
1401,148
1402,148
1403,148
1404,148
1405,148
1406,148
1407,149
1408,149
1409,149
1410,148
1411,148
1412,148
1413,148
1414,147
1415,147
1416,147
1417,147
1418,147
1419,147
1420,147
1421,147
1422,148
1423,147
1424,147
1425,148
1426,148
1427,147
1428,148
1429,148
1430,148
1431,147
1432,147
1433,148
1434,148
1435,148
1436,148
1437,148
1438,148
1439,148
1440,148
1441,148
1442,148
1443,149
1444,148
1445,148
1446,148
1447,149
1448,149
1449,149
1450,148
1451,148
1452,148
1453,148
1454,148
1455,148
1456,148
1457,149
1458,149
1459,149
1460,149
1461,149
1462,149
1463,149
1464,149
1465,149
1466,149
1467,149
1468,148
1469,148
1470,148
1471,148
1472,149
1473,149
1474,148
1475,148
1476,148
1477,148
1478,148
1479,148
1480,148
1481,148
1482,148
1483,148
1484,148
1485,148
1486,148
1487,148
1488,148
1489,148
1490,148
1491,148
1492,148
1493,148
1494,148
1495,148
1496,149
1497,148
1498,148
1499,148
1500,148
1501,148
1502,148
1503,149
1504,149
1505,149
1506,149
1507,149
1508,149
1509,149
1510,148
1511,149
1512,148
1513,148
1514,149
1515,148
1516,148
1517,148
1518,148
1519,148
1520,148
1521,148
1522,148
1523,148
1524,149
1525,149
1526,149
1527,149
1528,149
1529,149
1530,148
1531,148
1532,148
1533,148
1534,148
1535,148
1536,148
1537,148
1538,148
1539,147
1540,147
1541,148
1542,148
1543,149
1544,149
1545,149
1546,149
1547,149
1548,149
1549,150
1550,149
1551,149
1552,149
1553,149
1554,149
1555,149
1556,149
1557,149
1558,149
1559,149
1560,149
1561,149
1562,148
1563,148
1564,148
1565,148
1566,149
1567,149
1568,148
1569,148
1570,148
1571,149
1572,149
1573,148
1574,148
1575,149
1576,149
1577,149
1578,149
1579,149
1580,149
1581,149
1582,149
1583,149
1584,149
1585,149
1586,149
1587,149
1588,149
1589,150
1590,150
1591,150
1592,150
1593,149
1594,149
1595,149
1596,149
1597,149
1598,149
1599,149
1600,149
1601,149
1602,150
1603,150
1604,150
1605,149
1606,149
1607,149
1608,149
1609,150
1610,149
1611,149
1612,149
1613,149
1614,149
1615,148
1616,148
1617,148
1618,148
1619,147
1620,147
1621,148
1622,148
1623,148
1624,148
1625,148
1626,148
1627,148
1628,148
1629,147
1630,148
1631,147
1632,148
1633,148
1634,147
1635,148
1636,148
1637,148
1638,147
1639,147
1640,147
1641,147
1642,148
1643,147
1644,148
1645,148
1646,148
1647,148
1648,148
1649,148
1650,148
1651,148
1652,148
1653,149
1654,148
1655,148
1656,148
1657,148
1658,148
1659,148
1660,148
1661,148
1662,148
1663,148
1664,148
1665,148
1666,148
1667,148
1668,148
1669,148
1670,148
1671,148
1672,148
1673,148
1674,149
1675,149
1676,149
1677,149
1678,149
1679,150
1680,150
1681,149
1682,149
1683,149
1684,149
1685,148
1686,148
1687,148
1688,148
1689,148
1690,148
1691,148
1692,147
1693,148
1694,147
1695,147
1696,148
1697,148
1698,148
1699,147
1700,147
1701,147
1702,147
1703,147
1704,146
1705,147
1706,147
1707,147
1708,147
1709,147
1710,146
1711,147
1712,147
1713,147
1714,146
1715,147
1716,147
1717,147
1718,147
1719,147
1720,147
1721,147
1722,147
1723,147
1724,147
1725,147
1726,147
1727,147
1728,147
1729,147
1730,146
1731,146
1732,147
1733,147
1734,147
1735,148
1736,148
1737,148
1738,148
1739,148
1740,148
1741,148
1742,147
1743,148
1744,148
1745,148
1746,149
1747,149
1748,148
1749,148
1750,148
1751,148
1752,148
1753,148
1754,148
1755,148
1756,148
1757,148
1758,148
1759,148
1760,148
1761,148
1762,148
1763,148
1764,148
1765,148
1766,148
1767,148
1768,148
1769,148
1770,148
1771,148
1772,148
1773,148
1774,148
1775,148
1776,148
1777,148
1778,148
1779,148
1780,147
1781,147
1782,147
1783,147
1784,147
1785,148
1786,147
1787,148
1788,148
1789,148
1790,147
1791,147
1792,148
1793,147
1794,147
1795,147
1796,148
1797,148
1798,148
1799,148
1800,148
1801,148
1802,148
1803,148
1804,149
1805,149
1806,149
1807,148
1808,149
1809,149
1810,149
1811,149
1812,149
1813,149
1814,149
1815,149
1816,149
1817,149
1818,150
1819,150
1820,150
1821,151
1822,151
1823,151
1824,151
1825,151
1826,151
1827,151
1828,152
1829,151
1830,151
1831,151
1832,151
1833,151
1834,151
1835,150
1836,151
1837,151
1838,151
1839,151
1840,151
1841,151
1842,151
1843,151
1844,151
1845,151
1846,151
1847,151
1848,151
1849,151
1850,151
1851,151
1852,151
1853,151
1854,151
1855,151
1856,151
1857,151
1858,151
1859,151
1860,151
1861,151
1862,151
1863,152
1864,152
1865,152
1866,152
1867,152
1868,152
1869,152
1870,153
1871,153
1872,153
1873,153
1874,153
1875,152
1876,152
1877,152
1878,152
1879,152
1880,152
1881,153
1882,153
1883,153
1884,153
1885,153
1886,153
1887,153
1888,153
1889,153
1890,153
1891,152
1892,152
1893,152
1894,152
1895,152
1896,152
1897,152
1898,152
1899,153
1900,153
1901,153
1902,153
1903,154
1904,154
1905,153
1906,153
1907,154
1908,154
1909,154
1910,154
1911,154
1912,154
1913,154
1914,153
1915,154
1916,154
1917,154
1918,154
1919,154
1920,154
1921,154
1922,154
1923,154
1924,154
1925,154
1926,154
1927,154
1928,154
1929,154
1930,154
1931,154
1932,154
1933,154
1934,154
1935,154
1936,154
1937,154
1938,154
1939,154
1940,154
1941,154
1942,154
1943,154
1944,154
1945,154
1946,154
1947,154
1948,154
1949,154
1950,154
1951,154
1952,154
1953,154
1954,154
1955,154
1956,154
1957,154
1958,154
1959,154
1960,154
1961,154
1962,153
1963,153
1964,153
1965,153
1966,153
1967,153
1968,153
1969,153
1970,153
1971,153
1972,153
1973,153
1974,153
1975,153
1976,153
1977,153
1978,153
1979,153
1980,153
1981,153
1982,153
1983,153
1984,153
1985,153
1986,153
1987,153
1988,153
1989,153
1990,153
1991,153
1992,153
1993,153
1994,153
1995,153
1996,153
1997,153
1998,153
1999,153
2000,153
2001,153
2002,153
2003,153
2004,153
2005,153
2006,153
2007,153
2008,153
2009,153
2010,153
2011,153
2012,153
2013,153
2014,153
2015,153
2016,153
2017,153
2018,153
2019,153
2020,153
2021,153
2022,153
2023,153
2024,153
2025,153
2026,153
2027,153
2028,153
2029,153
2030,153
2031,153
2032,153
2033,154
2034,153
2035,154
2036,154
2037,154
2038,153
2039,153
2040,153
2041,153
2042,154
2043,154
2044,154
2045,153
2046,153
2047,153
2048,153
2049,153
2050,153
2051,153
2052,153
2053,153
2054,153
2055,153
2056,153
2057,153
2058,153
2059,153
2060,153
2061,153
2062,153
2063,154
2064,154
2065,153
2066,153
2067,153
2068,153
2069,153
2070,153
2071,153
2072,153
2073,153
2074,153
2075,153
2076,153
2077,153
2078,153
2079,153
2080,153
2081,153
2082,153
2083,153
2084,153
2085,153
2086,152
2087,153
2088,153
2089,153
2090,153
2091,153
2092,153
2093,153
2094,153
2095,153
2096,153
2097,153
2098,153
2099,153
2100,153
2101,153
2102,153
2103,153
2104,153
2105,153
2106,153
2107,153
2108,153
2109,153
2110,153
2111,153
2112,153
2113,153
2114,153
2115,152
2116,152
2117,152
2118,152
2119,152
2120,152
2121,152
2122,152
2123,152
2124,152
2125,153
2126,152
2127,152
2128,153
2129,153
2130,153
2131,153
2132,153
2133,153
2134,152
2135,152
2136,152
2137,152
2138,152
2139,153
2140,153
2141,153
2142,153
2143,153
2144,153
2145,153
2146,153
2147,153
2148,153
2149,152
2150,152
2151,152
2152,153
2153,153
2154,153
2155,153
2156,153
2157,153
2158,153
2159,153
2160,153
2161,153
2162,153
2163,153
2164,153
2165,152
2166,152
2167,152
2168,152
2169,152
2170,152
2171,152
2172,152
2173,152
2174,152
2175,152
2176,152
2177,152
2178,152
2179,152
2180,152
2181,152
2182,152
2183,152
2184,152
2185,152
2186,152
2187,152
2188,152
2189,152
2190,152
2191,152
2192,152
2193,152
2194,152
2195,152
2196,152
2197,152
2198,152
2199,152
2200,152
2201,152
2202,152
2203,152
2204,152
2205,152
2206,152
2207,152
2208,152
2209,152
2210,152
2211,152
2212,152
2213,152
2214,152
2215,152
2216,152
2217,152
2218,152
2219,153
2220,153
2221,152
2222,152
2223,152
2224,152
2225,152
2226,152
2227,152
2228,152
2229,152
2230,152
2231,153
2232,153
2233,153
2234,153
2235,153
2236,153
2237,153
2238,153
2239,153
2240,153
2241,153
2242,153
2243,153
2244,153
2245,153
2246,154
2247,154
2248,154
2249,154
2250,154
2251,154
2252,154
2253,154
2254,154
2255,154
2256,154
2257,154
2258,154
2259,154
2260,154
2261,154
2262,154
2263,154
2264,154
2265,154
2266,154
2267,154
2268,154
2269,154
2270,154
2271,154
2272,154
2273,154
2274,154
2275,154
2276,154
2277,154
2278,154
2279,155
2280,155
2281,155
2282,155
2283,155
2284,154
2285,154
2286,154
2287,154
2288,155
2289,155
2290,154
2291,154
2292,154
2293,154
2294,154
2295,154
2296,154
2297,154
2298,154
2299,154
2300,154
2301,154
2302,154
2303,154
2304,154
2305,154
2306,154
2307,154
2308,154
2309,154
2310,154
2311,154
2312,154
2313,154
2314,154
2315,154
2316,154
2317,154
2318,154
2319,154
2320,154
2321,154
2322,155
2323,155
2324,155
2325,155
2326,155
2327,155
2328,155
2329,155
2330,155
2331,155
2332,155
2333,155
2334,155
2335,155
2336,155
2337,154
2338,154
2339,154
2340,154
2341,154
2342,154
2343,155
2344,155
2345,155
2346,155
2347,155
2348,155
2349,155
2350,155
2351,155
2352,155
2353,155
2354,155
2355,155
2356,155
2357,155
2358,154
2359,154
2360,154
2361,154
2362,155
2363,155
2364,155
2365,155
2366,155
2367,155
2368,155
2369,156
2370,156
2371,156
2372,156
2373,155
2374,156
2375,156
2376,156
2377,156
2378,156
2379,156
2380,156
2381,156
2382,156
2383,156
2384,156
2385,156
2386,156
2387,156
2388,156
2389,155
2390,155
2391,155
2392,156
2393,156
2394,156
2395,156
2396,156
2397,156
2398,156
2399,156
2400,156
2401,156
2402,156
2403,156
2404,156
2405,156
2406,156
2407,157
2408,157
2409,156
2410,157
2411,157
2412,156
2413,157
2414,156
2415,156
2416,156
2417,156
2418,156
2419,156
2420,156
2421,156
2422,156
2423,156
2424,156
2425,156
2426,156
2427,156
2428,156
2429,156
2430,156
2431,156
2432,156
2433,156
2434,157
2435,157
2436,157
2437,157
2438,157
2439,157
2440,157
2441,157
2442,157
2443,157
2444,157
2445,157
2446,157
2447,157
2448,157
2449,157
2450,157
2451,157
2452,157
2453,158
2454,157
2455,157
2456,157
2457,157
2458,157
2459,158
2460,158
2461,158
2462,158
2463,157
2464,158
2465,158
2466,158
2467,158
2468,158
2469,158
2470,158
2471,158
2472,158
2473,158
2474,158
2475,158
2476,158
2477,158
2478,158
2479,159
2480,159
2481,159
2482,159
2483,158
2484,158
2485,158
2486,158
2487,158
2488,158
2489,158
2490,159
2491,158
2492,158
2493,159
2494,159
2495,159
2496,159
2497,159
2498,159
2499,159
2500,159
2501,159
2502,159
2503,159
2504,159
2505,159
2506,159
2507,159
2508,159
2509,159
2510,159
2511,159
2512,159
2513,159
2514,159
2515,158
2516,159
2517,158
2518,158
2519,159
2520,159
2521,159
2522,159
2523,159
2524,159
2525,159
2526,159
2527,159
2528,159
2529,159
2530,159
2531,159
2532,159
2533,159
2534,159
2535,159
2536,159
2537,158
2538,159
2539,159
2540,159
2541,159
2542,159
2543,159
2544,159
2545,159
2546,159
2547,159
2548,159
2549,159
2550,158
2551,158
2552,158
2553,158
2554,159
2555,159
2556,159
2557,159
2558,159
2559,159
2560,159
2561,159
2562,159
2563,159
2564,159
2565,159
2566,159
2567,159
2568,159
2569,159
2570,159
2571,159
2572,159
2573,159
2574,160
2575,160
2576,160
2577,160
2578,160
2579,160
2580,160
2581,160
2582,160
2583,160
2584,160
2585,160
2586,160
2587,160
2588,160
2589,160
2590,160
2591,160
2592,160
2593,160
2594,160
2595,160
2596,160
2597,161
2598,160
2599,160
2600,160
2601,160
2602,160
2603,160
2604,160
2605,160
2606,160
2607,160
2608,160
2609,160
2610,160
2611,160
2612,160
2613,161
2614,161
2615,161
2616,161
2617,161
2618,161
2619,161
2620,161
2621,161
2622,161
2623,161
2624,161
2625,161
2626,161
2627,161
2628,161
2629,161
2630,161
2631,161
2632,161
2633,161
2634,162
2635,162
2636,162
2637,162
2638,162
2639,161
2640,162
2641,162
2642,162
2643,162
2644,162
2645,162
2646,162
2647,162
2648,162
2649,162
2650,162
2651,162
2652,162
2653,162
2654,162
2655,162
2656,162
2657,162
2658,162
2659,162
2660,162
2661,162
2662,162
2663,162
2664,162
2665,162
2666,162
2667,162
2668,162
2669,162
2670,162
2671,162
2672,162
2673,162
2674,162
2675,162
2676,162
2677,162
2678,162
2679,162
2680,162
2681,162
2682,162
2683,162
2684,162
2685,162
2686,162
2687,162
2688,161
2689,162
2690,162
2691,162
2692,161
2693,161
2694,162
2695,162
2696,162
2697,162
2698,162
2699,161
2700,162
2701,162
2702,162
2703,162
2704,162
2705,162
2706,162
2707,162
2708,162
2709,161
2710,161
2711,161
2712,161
2713,161
2714,161
2715,161
2716,161
2717,161
2718,161
2719,161
2720,161
2721,161
2722,161
2723,161
2724,161
2725,161
2726,161
2727,161
2728,161
2729,161
2730,161
2731,161
2732,161
2733,161
2734,161
2735,161
2736,161
2737,161
2738,161
2739,161
2740,161
2741,161
2742,161
2743,161
2744,161
2745,161
2746,161
2747,161
2748,160
2749,160
2750,161
2751,161
2752,161
2753,161
2754,161
2755,161
2756,161
2757,161
2758,161
2759,161
2760,161
2761,161
2762,161
2763,161
2764,161
2765,161
2766,161
2767,161
2768,161
2769,161
2770,161
2771,161
2772,161
2773,161
2774,161
2775,161
2776,161
2777,160
2778,161
2779,161
2780,161
2781,161
2782,161
2783,161
2784,161
2785,161
2786,161
2787,161
2788,161
2789,161
2790,161
2791,161
2792,161
2793,161
2794,161
2795,161
2796,161
2797,161
2798,161
2799,161
2800,161
2801,161
2802,161
2803,161
2804,161
2805,160
2806,161
2807,160
2808,160
2809,161
2810,161
2811,161
2812,161
2813,161
2814,161
2815,161
2816,161
2817,160
2818,160
2819,160
2820,160
2821,160
2822,160
2823,160
2824,160
2825,160
2826,160
2827,160
2828,160
2829,160
2830,160
2831,161
2832,161
2833,161
2834,161
2835,161
2836,161
2837,161
2838,161
2839,161
2840,161
2841,160
2842,160
2843,160
2844,160
2845,160
2846,160
2847,160
2848,160
2849,160
2850,160
2851,160
2852,160
2853,160
2854,160
2855,160
2856,160
2857,160
2858,160
2859,160
2860,160
2861,159
2862,160
2863,160
2864,160
2865,160
2866,160
2867,160
2868,160
2869,160
2870,160
2871,160
2872,159
2873,159
2874,159
2875,159
2876,159
2877,159
2878,159
2879,159
2880,160
2881,159
2882,159
2883,159
2884,159
2885,159
2886,159
2887,160
2888,159
2889,159
2890,160
2891,160
2892,160
2893,160
2894,160
2895,160
2896,160
2897,160
2898,160
2899,160
2900,160
2901,160
2902,160
2903,160
2904,160
2905,159
2906,159
2907,159
2908,159
2909,159
2910,159
2911,159
2912,159
2913,159
2914,159
2915,159
2916,159
2917,159
2918,159
2919,159
2920,159
2921,159
2922,159
2923,159
2924,159
2925,159
2926,159
2927,159
2928,159
2929,159
2930,159
2931,159
2932,159
2933,160
2934,160
2935,160
2936,160
2937,160
2938,160
2939,160
2940,160
2941,160
2942,160
2943,160
2944,160
2945,160
2946,160
2947,160
2948,160
2949,160
2950,160
2951,160
2952,160
2953,160
2954,160
2955,160
2956,160
2957,160
2958,160
2959,160
2960,160
2961,160
2962,160
2963,159
2964,159
2965,159
2966,159
2967,159
2968,160
2969,160
2970,160
2971,160
2972,160
2973,160
2974,160
2975,160
2976,160
2977,160
2978,160
2979,160
2980,160
2981,160
2982,161
2983,161
2984,161
2985,161
2986,160
2987,161
2988,161
2989,161
2990,161
2991,161
2992,161
2993,161
2994,161
2995,160
2996,160
2997,160
2998,160
2999,160
3000,160
3001,160
3002,160
3003,160
3004,160
3005,160
3006,160
3007,160
3008,160
3009,160
3010,160
3011,160
3012,159
3013,159
3014,160
3015,160
3016,160
3017,160
3018,160
3019,160
3020,160
3021,160
3022,160
3023,160
3024,160
3025,160
3026,160
3027,161
3028,161
3029,161
3030,161
3031,161
3032,161
3033,161
3034,161
3035,161
3036,161
3037,161
3038,161
3039,161
3040,161
3041,161
3042,161
3043,161
3044,161
3045,161
3046,161
3047,161
3048,161
3049,161
3050,161
3051,161
3052,161
3053,161
3054,161
3055,161
3056,161
3057,161
3058,161
3059,161
3060,161
3061,161
3062,161
3063,161
3064,161
3065,161
3066,161
3067,161
3068,161
3069,161
3070,161
3071,161
3072,161
3073,161
3074,161
3075,160
3076,161
3077,161
3078,161
3079,161
3080,161
3081,161
3082,161
3083,160
3084,160
3085,160
3086,161
3087,161
3088,161
3089,161
3090,161
3091,161
3092,161
3093,161
3094,161
3095,161
3096,161
3097,161
3098,161
3099,161
3100,161
3101,161
3102,161
3103,161
3104,161
3105,161
3106,161
3107,161
3108,161
3109,161
3110,161
3111,161
3112,161
3113,161
3114,161
3115,161
3116,161
3117,161
3118,161
3119,161
3120,161
3121,161
3122,161
3123,161
3124,161
3125,161
3126,161
3127,161
3128,161
3129,161
3130,161
3131,161
3132,161
3133,161
3134,161
3135,161
3136,161
3137,161
3138,161
3139,161
3140,161
3141,161
3142,161
3143,161
3144,161
3145,161
3146,161
3147,161
3148,161
3149,161
3150,161
3151,160
3152,160
3153,160
3154,160
3155,160
3156,160
3157,160
3158,160
3159,160
3160,160
3161,160
3162,160
3163,160
3164,160
3165,160
3166,160
3167,160
3168,160
3169,160
3170,160
3171,161
3172,160
3173,160
3174,160
3175,160
3176,160
3177,160
3178,160
3179,160
3180,160
3181,160
3182,160
3183,161
3184,160
3185,160
3186,160
3187,161
3188,161
3189,161
3190,161
3191,161
3192,161
3193,161
3194,161
3195,161
3196,161
3197,161
3198,161
3199,161
3200,161
3201,161
3202,161
3203,161
3204,161
3205,161
3206,161
3207,161
3208,161
3209,161
3210,161
3211,161
3212,161
3213,161
3214,161
3215,161
3216,161
3217,161
3218,161
3219,161
3220,161
3221,161
3222,160
3223,161
3224,160
3225,161
3226,161
3227,161
3228,161
3229,161
3230,161
3231,161
3232,161
3233,161
3234,161
3235,161
3236,161
3237,161
3238,161
3239,162
3240,161
3241,162
3242,162
3243,162
3244,162
3245,162
3246,162
3247,162
3248,162
3249,163
3250,163
3251,163
3252,163
3253,163
3254,163
3255,163
3256,163
3257,163
3258,163
3259,163
3260,163
3261,163
3262,163
3263,163
3264,163
3265,163
3266,162
3267,162
3268,162
3269,162
3270,162
3271,162
3272,162
3273,162
3274,162
3275,162
3276,162
3277,162
3278,162
3279,162
3280,162
3281,162
3282,162
3283,162
3284,162
3285,162
3286,162
3287,163
3288,162
3289,162
3290,162
3291,162
3292,162
3293,162
3294,162
3295,163
3296,162
3297,162
3298,162
3299,162
3300,162
3301,162
3302,162
3303,162
3304,162
3305,162
3306,162
3307,163
3308,163
3309,163
3310,163
3311,163
3312,163
3313,163
3314,164
3315,164
3316,163
3317,163
3318,163
3319,163
3320,164
3321,164
3322,164
3323,164
3324,164
3325,164
3326,163
3327,163
3328,163
3329,163
3330,163
3331,163
3332,163
3333,163
3334,163
3335,163
3336,163
3337,163
3338,163
3339,163
3340,163
3341,163
3342,163
3343,163
3344,163
3345,163
3346,163
3347,164
3348,164
3349,164
3350,163
3351,164
3352,164
3353,164
3354,164
3355,164
3356,164
3357,163
3358,163
3359,164
3360,163
3361,163
3362,163
3363,163
3364,163
3365,163
3366,163
3367,163
3368,163
3369,163
3370,163
3371,163
3372,163
3373,163
3374,162
3375,163
3376,163
3377,163
3378,163
3379,163
3380,163
3381,163
3382,163
3383,162
3384,162
3385,163
3386,163
3387,163
3388,163
3389,163
3390,163
3391,162
3392,162
3393,162
3394,162
3395,162
3396,162
3397,162
3398,162
3399,162
3400,162
3401,162
3402,162
3403,162
3404,161
3405,162
3406,162
3407,162
3408,162
3409,162
3410,162
3411,162
3412,162
3413,162
3414,162
3415,162
3416,162
3417,162
3418,162
3419,162
3420,162
3421,162
3422,162
3423,163
3424,163
3425,163
3426,163
3427,163
3428,163
3429,163
3430,163
3431,163
3432,163
3433,163
3434,163
3435,163
3436,163
3437,163
3438,163
3439,163
3440,163
3441,163
3442,163
3443,163
3444,163
3445,163
3446,163
3447,163
3448,163
3449,163
3450,163
3451,163
3452,163
3453,163
3454,163
3455,163
3456,163
3457,163
3458,163
3459,163
3460,163
3461,163
3462,163
3463,163
3464,163
3465,163
3466,163
3467,163
3468,163
3469,163
3470,163
3471,163
3472,163
3473,163
3474,163
3475,163
3476,163
3477,163
3478,162
3479,162
3480,162
3481,162
3482,162
3483,162
3484,162
3485,162
3486,162
3487,162
3488,162
3489,162
3490,162
3491,161
3492,161
3493,161
3494,161
3495,161
3496,161
3497,161
3498,161
3499,161
3500,161
3501,161
3502,161
3503,161
3504,161
3505,161
3506,161
3507,161
3508,161
3509,161
3510,161
3511,161
3512,161
3513,161
3514,161
3515,161
3516,161
3517,161
3518,161
3519,161
3520,161
3521,161
3522,161
3523,161
3524,161
3525,161
3526,160
3527,161
3528,161
3529,161
3530,161
3531,161
3532,161
3533,161
3534,161
3535,161
3536,161
3537,161
3538,161
3539,161
3540,161
3541,161
3542,161
3543,161
3544,161
3545,161
3546,161
3547,160
3548,160
3549,160
3550,161
3551,161
3552,161
3553,161
3554,161
3555,161
3556,161
3557,161
3558,161
3559,161
3560,161
3561,160
3562,160
3563,160
3564,160
3565,160
3566,160
3567,160
3568,160
3569,160
3570,159
3571,159
3572,159
3573,159
3574,159
3575,159
3576,159
3577,159
3578,159
3579,160
3580,160
3581,160
3582,160
3583,160
3584,160
3585,160
3586,160
3587,161
3588,161
3589,161
3590,161
3591,161
3592,161
3593,161
3594,161
3595,162
3596,162
3597,162
3598,162
3599,162
3600,161
3601,161
3602,161
3603,161
3604,161
3605,162
3606,161
3607,161
3608,161
3609,161
3610,161
3611,161
3612,162
3613,162
3614,162
3615,161
3616,161
3617,161
3618,161
3619,161
3620,161
3621,161
3622,161
3623,161
3624,161
3625,161
3626,161
3627,161
3628,161
3629,161
3630,161
3631,161
3632,161
3633,162
3634,162
3635,162
3636,162
3637,162
3638,162
3639,162
3640,162
3641,162
3642,162
3643,162
3644,162
3645,162
3646,162
3647,162
3648,162
3649,162
3650,162
3651,162
3652,162
3653,162
3654,162
3655,162
3656,161
3657,161
3658,161
3659,161
3660,161
3661,161
3662,161
3663,161
3664,161
3665,161
3666,161
3667,161
3668,162
3669,162
3670,162
3671,162
3672,162
3673,162
3674,162
3675,162
3676,163
3677,163
3678,163
3679,163
3680,163
3681,163
3682,163
3683,163
3684,163
3685,163
3686,163
3687,163
3688,163
3689,163
3690,163
3691,162
3692,162
3693,162
3694,163
3695,162
3696,162
3697,163
3698,163
3699,163
3700,163
3701,163
3702,163
3703,163
3704,163
3705,163
3706,163
3707,163
3708,163
3709,163
3710,163
3711,163
3712,162
3713,163
3714,162
3715,163
3716,163
3717,163
3718,163
3719,163
3720,163
3721,163
3722,163
3723,163
3724,163
3725,163
3726,163
3727,163
3728,163
3729,163
3730,163
3731,162
3732,163
3733,162
3734,162
3735,162
3736,163
3737,163
3738,163
3739,163
3740,163
3741,163
3742,163
3743,163
3744,162
3745,162
3746,162
3747,162
3748,162
3749,162
3750,162
3751,162
3752,162
3753,162
3754,162
3755,162
3756,163
3757,163
3758,162
3759,163
3760,163
3761,163
3762,163
3763,162
3764,162
3765,162
3766,162
3767,162
3768,162
3769,163
3770,163
3771,163
3772,163
3773,163
3774,163
3775,163
3776,163
3777,163
3778,163
3779,163
3780,163
3781,163
3782,163
3783,163
3784,163
3785,163
3786,163
3787,163
3788,163
3789,163
3790,163
3791,163
3792,163
3793,163
3794,164
3795,163
3796,163
3797,163
3798,163
3799,163
3800,163
3801,163
3802,163
3803,163
3804,163
3805,163
3806,163
3807,163
3808,163
3809,163
3810,163
3811,163
3812,163
3813,163
3814,163
3815,164
3816,163
3817,163
3818,163
3819,163
3820,163
3821,164
3822,163
3823,163
3824,164
3825,164
3826,164
3827,163
3828,163
3829,163
3830,163
3831,163
3832,163
3833,163
3834,163
3835,163
3836,163
3837,163
3838,163
3839,164
3840,163
3841,163
3842,163
3843,163
3844,163
3845,163
3846,163
3847,163
3848,163
3849,163
3850,163
3851,163
3852,163
3853,162
3854,162
3855,162
3856,162
3857,162
3858,162
3859,162
3860,162
3861,162
3862,162
3863,162
3864,162
3865,162
3866,163
3867,163
3868,163
3869,163
3870,163
3871,163
3872,163
3873,163
3874,163
3875,163
3876,163
3877,163
3878,162
3879,162
3880,162
3881,163
3882,163
3883,163
3884,163
3885,163
3886,163
3887,163
3888,162
3889,162
3890,162
3891,162
3892,162
3893,162
3894,162
3895,162
3896,162
3897,162
3898,162
3899,162
3900,162
3901,162
3902,162
3903,162
3904,162
3905,162
3906,162
3907,162
3908,162
3909,161
3910,162
3911,162
3912,161
3913,161
3914,161
3915,161
3916,161
3917,161
3918,161
3919,161
3920,161
3921,161
3922,161
3923,161
3924,161
3925,161
3926,161
3927,161
3928,161
3929,160
3930,160
3931,160
3932,160
3933,160
3934,160
3935,160
3936,160
3937,160
3938,159
3939,159
3940,159
3941,159
3942,160
3943,160
3944,160
3945,160
3946,160
3947,160
3948,160
3949,160
3950,160
3951,160
3952,160
3953,160
3954,160
3955,160
3956,159
3957,159
3958,159
3959,159
3960,159
3961,159
3962,159
3963,159
3964,159
3965,159
3966,159
3967,159
3968,159
3969,159
3970,159
3971,159
3972,159
3973,159
3974,159
3975,158
3976,158
3977,159
3978,159
3979,159
3980,159
3981,158
3982,159
3983,159
3984,159
3985,159
3986,159
3987,159
3988,159
3989,159
3990,159
3991,159
3992,159
3993,159
3994,159
3995,159
3996,159
3997,159
3998,159
3999,159
4000,159
4001,159
4002,159
4003,159
4004,159
4005,159
4006,159
4007,158
4008,158
4009,158
4010,158
4011,158
4012,158
4013,158
4014,158
4015,158
4016,158
4017,158
4018,159
4019,159
4020,159
4021,159
4022,159
4023,159
4024,159
4025,159
4026,159
4027,159
4028,159
4029,159
4030,159
4031,159
4032,159
4033,159
4034,159
4035,159
4036,159
4037,159
4038,159
4039,159
4040,159
4041,159
4042,159
4043,159
4044,159
4045,159
4046,159
4047,159
4048,159
4049,159
4050,159
4051,158
4052,158
4053,158
4054,158
4055,158
4056,158
4057,158
4058,158
4059,158
4060,158
4061,158
4062,158
4063,158
4064,158
4065,158
4066,158
4067,158
4068,158
4069,158
4070,158
4071,158
4072,158
4073,158
4074,159
4075,159
4076,159
4077,158
4078,159
4079,159
4080,159
4081,159
4082,159
4083,159
4084,159
4085,159
4086,159
4087,159
4088,159
4089,159
4090,159
4091,159
4092,159
4093,159
4094,159
4095,159
4096,159
4097,159
4098,159
4099,159
4100,159
4101,159
4102,159
4103,159
4104,159
4105,159
4106,159
4107,159
4108,159
4109,160
4110,160
4111,160
4112,160
4113,161
4114,161
4115,161
4116,161
4117,161
4118,161
4119,161
4120,161
4121,160
4122,160
4123,160
4124,160
4125,160
4126,160
4127,160
4128,160
4129,160
4130,160
4131,160
4132,160
4133,160
4134,161
4135,161
4136,161
4137,161
4138,161
4139,161
4140,161
4141,161
4142,161
4143,161
4144,161
4145,161
4146,160
4147,160
4148,160
4149,160
4150,160
4151,160
4152,160
4153,160
4154,160
4155,160
4156,160
4157,160
4158,161
4159,161
4160,161
4161,161
4162,161
4163,161
4164,161
4165,161
4166,161
4167,161
4168,161
4169,161
4170,161
4171,161
4172,161
4173,161
4174,161
4175,161
4176,161
4177,161
4178,161
4179,160
4180,161
4181,161
4182,161
4183,161
4184,161
4185,161
4186,161
4187,161
4188,161
4189,161
4190,161
4191,161
4192,160
4193,160
4194,160
4195,161
4196,161
4197,161
4198,161
4199,161
4200,161
4201,161
4202,161
4203,161
4204,161
4205,161
4206,161
4207,161
4208,161
4209,161
4210,161
4211,161
4212,161
4213,161
4214,161
4215,161
4216,162
4217,162
4218,162
4219,162
4220,162
4221,162
4222,162
4223,161
4224,161
4225,162
4226,162
4227,162
4228,161
4229,161
4230,162
4231,162
4232,162
4233,162
4234,162
4235,161
4236,161
4237,162
4238,161
4239,162
4240,162
4241,162
4242,162
4243,162
4244,162
4245,162
4246,161
4247,162
4248,161
4249,162
4250,162
4251,162
4252,162
4253,162
4254,162
4255,162
4256,162
4257,162
4258,162
4259,162
4260,163
4261,163
4262,163
4263,163
4264,163
4265,162
4266,163
4267,163
4268,163
4269,163
4270,163
4271,163
4272,163
4273,163
4274,163
4275,163
4276,163
4277,163
4278,163
4279,163
4280,163
4281,163
4282,163
4283,163
4284,163
4285,163
4286,163
4287,163
4288,163
4289,163
4290,163
4291,163
4292,163
4293,163
4294,163
4295,163
4296,163
4297,163
4298,163
4299,163
4300,163
4301,163
4302,163
4303,163
4304,163
4305,162
4306,163
4307,163
4308,163
4309,163
4310,163
4311,163
4312,163
4313,163
4314,162
4315,162
4316,162
4317,162
4318,162
4319,162
4320,163
4321,163
4322,163
4323,163
4324,163
4325,163
4326,163
4327,163
4328,163
4329,163
4330,163
4331,163
4332,163
4333,163
4334,163
4335,163
4336,162
4337,163
4338,163
4339,162
4340,163
4341,162
4342,163
4343,163
4344,163
4345,163
4346,163
4347,163
4348,163
4349,163
4350,163
4351,163
4352,163
4353,163
4354,163
4355,164
4356,164
4357,164
4358,164
4359,164
4360,164
4361,164
4362,164
4363,164
4364,164
4365,164
4366,164
4367,164
4368,164
4369,164
4370,164
4371,163
4372,163
4373,163
4374,163
4375,163
4376,163
4377,163
4378,163
4379,163
4380,163
4381,163
4382,163
4383,163
4384,163
4385,163
4386,163
4387,163
4388,163
4389,164
4390,164
4391,164
4392,164
4393,163
4394,163
4395,163
4396,163
4397,163
4398,163
4399,163
4400,163
4401,163
4402,163
4403,163
4404,163
4405,163
4406,163
4407,163
4408,163
4409,163
4410,163
4411,162
4412,162
4413,162
4414,162
4415,162
4416,162
4417,162
4418,162
4419,162
4420,162
4421,162
4422,162
4423,162
4424,162
4425,162
4426,162
4427,162
4428,163
4429,163
4430,162
4431,162
4432,163
4433,163
4434,163
4435,163
4436,163
4437,163
4438,163
4439,163
4440,163
4441,163
4442,163
4443,163
4444,163
4445,163
4446,163
4447,163
4448,163
4449,163
4450,163
4451,163
4452,163
4453,163
4454,163
4455,163
4456,163
4457,163
4458,163
4459,163
4460,163
4461,162
4462,162
4463,162
4464,162
4465,162
4466,162
4467,162
4468,162
4469,162
4470,162
4471,162
4472,162
4473,162
4474,162
4475,162
4476,162
4477,162
4478,162
4479,162
4480,162
4481,162
4482,162
4483,162
4484,162
4485,162
4486,162
4487,162
4488,162
4489,162
4490,162
4491,162
4492,162
4493,162
4494,161
4495,162
4496,162
4497,162
4498,161
4499,161
4500,161
4501,161
4502,161
4503,161
4504,161
4505,161
4506,161
4507,161
4508,161
4509,161
4510,161
4511,161
4512,161
4513,161
4514,161
4515,161
4516,161
4517,161
4518,161
4519,161
4520,161
4521,161
4522,161
4523,161
4524,161
4525,161
4526,161
4527,161
4528,161
4529,161
4530,161
4531,161
4532,161
4533,161
4534,161
4535,161
4536,161
4537,161
4538,161
4539,161
4540,161
4541,161
4542,161
4543,161
4544,161
4545,161
4546,160
4547,160
4548,160
4549,160
4550,161
4551,161
4552,161
4553,160
4554,161
4555,161
4556,161
4557,161
4558,161
4559,161
4560,161
4561,161
4562,161
4563,161
4564,161
4565,161
4566,161
4567,161
4568,161
4569,161
4570,161
4571,161
4572,161
4573,161
4574,161
4575,161
4576,161
4577,161
4578,161
4579,161
4580,161
4581,161
4582,161
4583,161
4584,161
4585,161
4586,161
4587,161
4588,161
4589,161
4590,161
4591,161
4592,161
4593,160
4594,160
4595,160
4596,160
4597,160
4598,160
4599,160
4600,160
4601,160
4602,159
4603,159
4604,159
4605,159
4606,159
4607,159
4608,158
4609,158
4610,158
4611,158
4612,158
4613,158
4614,158
4615,158
4616,158
4617,159
4618,158
4619,159
4620,158
4621,158
4622,158
4623,159
4624,159
4625,159
4626,159
4627,159
4628,158
4629,159
4630,159
4631,159
4632,159
4633,159
4634,158
4635,159
4636,159
4637,159
4638,159
4639,159
4640,159
4641,159
4642,159
4643,159
4644,159
4645,158
4646,158
4647,158
4648,158
4649,158
4650,158
4651,158
4652,157
4653,158
4654,157
4655,157
4656,158
4657,158
4658,158
4659,158
4660,158
4661,158
4662,158
4663,158
4664,158
4665,158
4666,158
4667,158
4668,158
4669,158
4670,159
4671,159
4672,159
4673,159
4674,159
4675,159
4676,159
4677,159
4678,159
4679,159
4680,159
4681,159
4682,159
4683,159
4684,159
4685,160
4686,159
4687,159
4688,159
4689,159
4690,159
4691,159
4692,159
4693,159
4694,159
4695,159
4696,158
4697,159
4698,159
4699,158
4700,158
4701,158
4702,158
4703,158
4704,158
4705,157
4706,157
4707,158
4708,157
4709,157
4710,157
4711,157
4712,158
4713,157
4714,156
4715,156
4716,155
4717,156
4718,156
4719,156
4720,155
4721,156
4722,156
4723,157
4724,156
4725,157
4726,157
4727,157
4728,157
4729,157
4730,157
4731,157
4732,157
4733,157
4734,157
4735,156
4736,156
4737,156
4738,156
4739,156
4740,157
4741,156
4742,157
4743,157
4744,157
4745,157
4746,157
4747,157
4748,157
4749,157
4750,157
4751,157
4752,157
4753,157
4754,157
4755,157
4756,157
4757,157
4758,157
4759,157
4760,157
4761,157
4762,157
4763,157
4764,157
4765,157
4766,157
4767,157
4768,157
4769,156
4770,157
4771,157
4772,157
4773,158
4774,158
4775,158
4776,158
4777,158
4778,159
4779,159
4780,159
4781,159
4782,159
4783,159
4784,159
4785,160
4786,159
4787,159
4788,159
4789,159
4790,159
4791,159
4792,159
4793,158
4794,158
4795,158
4796,158
4797,158
4798,158
4799,158
4800,158
4801,158
4802,157
4803,157
4804,157
4805,158
4806,157
4807,158
4808,157
4809,158
4810,158
4811,159
4812,159
4813,159
4814,159
4815,158
4816,158
4817,158
4818,158
4819,158
4820,158
4821,158
4822,158
4823,158
4824,158
4825,158
4826,158
4827,157
4828,157
4829,158
4830,158
4831,158
4832,158
4833,158
4834,158
4835,158
4836,158
4837,158
4838,157
4839,157
4840,158
4841,157
4842,157
4843,157
4844,158
4845,158
4846,158
4847,158
4848,158
4849,158
4850,158
4851,157
4852,158
4853,158
4854,158
4855,158
4856,158
4857,159
4858,158
4859,159
4860,159
4861,159
4862,159
4863,159
4864,159
4865,159
4866,159
4867,159
4868,159
4869,159
4870,159
4871,159
4872,160
4873,160
4874,159
4875,159
4876,159
4877,159
4878,159
4879,160
4880,161
4881,161
4882,161
4883,161
4884,161
4885,161
4886,161
4887,161
4888,161
4889,161
4890,161
4891,161
4892,161
4893,161
4894,161
4895,162
4896,162
4897,162
4898,162
4899,162
4900,162
4901,162
4902,162
4903,162
4904,162
4905,162
4906,162
4907,162
4908,162
4909,162
4910,162
4911,162
4912,162
4913,162
4914,162
4915,162
4916,162
4917,162
4918,162
4919,162
4920,162
4921,162
4922,162
4923,161
4924,161
4925,162
4926,162
4927,162
4928,162
4929,162
4930,162
4931,162
4932,162
4933,162
4934,162
4935,162
4936,162
4937,162
4938,162
4939,162
4940,162
4941,162
4942,162
4943,162
4944,162
4945,162
4946,162
4947,162
4948,162
4949,162
4950,162
4951,162
4952,162
4953,162
4954,162
4955,162
4956,162
4957,162
4958,162
4959,162
4960,162
4961,162
4962,162
4963,162
4964,161
4965,161
4966,161
4967,161
4968,161
4969,162
4970,162
4971,162
4972,162
4973,162
4974,161
4975,162
4976,161
4977,162
4978,161
4979,162
4980,162
4981,162
4982,162
4983,162
4984,161
4985,161
4986,161
4987,161
4988,161
4989,161
4990,161
4991,161
4992,161
4993,161
4994,161
4995,161
4996,161
4997,161
4998,161
4999,161
5000,161
5001,161
5002,161
5003,161
5004,161
5005,162
5006,162
5007,162
5008,161
5009,162
5010,162
5011,162
5012,161
5013,161
5014,162
5015,162
5016,162
5017,162
5018,161
5019,162
5020,162
5021,162
5022,162
5023,162
5024,162
5025,162
5026,162
5027,162
5028,162
5029,162
5030,162
5031,162
5032,162
5033,162
5034,162
5035,162
5036,162
5037,162
5038,162
5039,162
5040,162
5041,162
5042,162
5043,162
5044,162
5045,162
5046,162
5047,162
5048,162
5049,162
5050,162
5051,163
5052,162
5053,162
5054,162
5055,162
5056,162
5057,162
5058,162
5059,162
5060,162
5061,162
5062,162
5063,162
5064,162
5065,162
5066,162
5067,162
5068,162
5069,162
5070,162
5071,162
5072,162
5073,162
5074,162
5075,162
5076,162
5077,162
5078,161
5079,162
5080,161
5081,161
5082,161
5083,161
5084,161
5085,161
5086,161
5087,161
5088,161
5089,161
5090,161
5091,161
5092,162
5093,162
5094,162
5095,162
5096,162
5097,162
5098,162
5099,162
5100,162
5101,162
5102,162
5103,162
5104,162
5105,163
5106,163
5107,163
5108,162
5109,162
5110,162
5111,162
5112,162
5113,162
5114,162
5115,162
5116,162
5117,162
5118,162
5119,162
5120,162
5121,163
5122,163
5123,163
5124,163
5125,163
5126,163
5127,163
5128,163
5129,163
5130,163
5131,163
5132,163
5133,163
5134,163
5135,162
5136,162
5137,163
5138,163
5139,163
5140,163
5141,163
5142,162
5143,162
5144,162
5145,162
5146,162
5147,162
5148,162
5149,162
5150,162
5151,162
5152,162
5153,162
5154,162
5155,162
5156,162
5157,162
5158,162
5159,162
5160,162
5161,162
5162,162
5163,162
5164,162
5165,162
5166,162
5167,162
5168,161
5169,161
5170,161
5171,161
5172,161
5173,161
5174,161
5175,161
5176,162
5177,162
5178,162
5179,162
5180,162
5181,162
5182,162
5183,162
5184,162
5185,162
5186,162
5187,162
5188,162
5189,162
5190,162
5191,162
5192,162
5193,162
5194,162
5195,162
5196,162
5197,162
5198,162
5199,162
5200,162
5201,162
5202,162
5203,162
5204,162
5205,162
5206,162
5207,162
5208,162
5209,162
5210,162
5211,161
5212,162
5213,162
5214,162
5215,162
5216,162
5217,162
5218,162
5219,162
5220,162
5221,162
5222,162
5223,162
5224,162
5225,162
5226,162
5227,162
5228,162
5229,162
5230,162
5231,162
5232,162
5233,162
5234,162
5235,162
5236,162
5237,162
5238,162
5239,162
5240,162
5241,162
5242,162
5243,162
5244,162
5245,162
5246,162
5247,161
5248,162
5249,162
5250,162
5251,162
5252,162
5253,162
5254,162
5255,162
5256,162
5257,162
5258,162
5259,162
5260,162
5261,162
5262,162
5263,162
5264,162
5265,162
5266,162
5267,162
5268,162
5269,162
5270,162
5271,162
5272,162
5273,162
5274,162
5275,162
5276,162
5277,162
5278,162
5279,161
5280,161
5281,161
5282,161
5283,161
5284,161
5285,161
5286,161
5287,161
5288,162
5289,162
5290,162
5291,161
5292,161
5293,161
5294,161
5295,161
5296,162
5297,161
5298,161
5299,161
5300,161
5301,161
5302,161
5303,161
5304,161
5305,161
5306,161
5307,161
5308,161
5309,161
5310,161
5311,161
5312,161
5313,160
5314,161
5315,161
5316,161
5317,161
5318,161
5319,161
5320,161
5321,162
5322,162
5323,162
5324,162
5325,162
5326,162
5327,162
5328,162
5329,162
5330,162
5331,162
5332,162
5333,162
5334,162
5335,162
5336,162
5337,162
5338,162
5339,162
5340,162
5341,162
5342,162
5343,162
5344,163
5345,163
5346,163
5347,163
5348,163
5349,162
5350,162
5351,162
5352,163
5353,163
5354,162
5355,162
5356,162
5357,162
5358,162
5359,162
5360,162
5361,162
5362,162
5363,162
5364,162
5365,162
5366,162
5367,162
5368,162
5369,162
5370,162
5371,162
5372,162
5373,162
5374,162
5375,162
5376,162
5377,162
5378,162
5379,162
5380,162
5381,162
5382,162
5383,162
5384,162
5385,162
5386,162
5387,162
5388,162
5389,162
5390,162
5391,162
5392,162
5393,162
5394,162
5395,162
5396,162
5397,163
5398,163
5399,163
5400,163
5401,163
5402,163
5403,163
5404,163
5405,163
5406,163
5407,163
5408,164
5409,164
5410,164
5411,164
5412,164
5413,164
5414,164
5415,164
5416,164
5417,164
5418,164
5419,164
5420,164
5421,163
5422,163
5423,164
5424,164
5425,164
5426,164
5427,164
5428,164
5429,165
5430,164
5431,164
5432,165
5433,165
5434,165
5435,165
5436,165
5437,165
5438,165
5439,165
5440,165
5441,165
5442,165
5443,165
5444,165
5445,165
5446,165
5447,165
5448,165
5449,165
5450,165
5451,165
5452,165
5453,165
5454,165
5455,165
5456,165
5457,165
5458,165
5459,165
5460,165
5461,165
5462,165
5463,165
5464,165
5465,165
5466,164
5467,164
5468,164
5469,164
5470,164
5471,164
5472,164
5473,164
5474,164
5475,164
5476,164
5477,164
5478,164
5479,164
5480,164
5481,164
5482,164
5483,164
5484,164
5485,164
5486,164
5487,164
5488,164
5489,164
5490,164
5491,164
5492,164
5493,164
5494,164
5495,164
5496,164
5497,164
5498,164
5499,164
5500,164
5501,164
5502,164
5503,164
5504,164
5505,164
5506,164
5507,164
5508,164
5509,164
5510,164
5511,164
5512,163
5513,164
5514,164
5515,164
5516,164
5517,164
5518,163
5519,163
5520,163
5521,163
5522,163
5523,163
5524,163
5525,163
5526,163
5527,163
5528,163
5529,163
5530,164
5531,164
5532,164
5533,163
5534,163
5535,163
5536,163
5537,163
5538,163
5539,163
5540,163
5541,163
5542,163
5543,163
5544,163
5545,163
5546,163
5547,163
5548,163
5549,163
5550,163
5551,163
5552,163
5553,163
5554,163
5555,163
5556,163
5557,163
5558,163
5559,163
5560,163
5561,163
5562,163
5563,163
5564,163
5565,163
5566,163
5567,163
5568,163
5569,163
5570,163
5571,163
5572,163
5573,163
5574,163
5575,163
5576,163
5577,163
5578,163
5579,163
5580,163
5581,163
5582,163
5583,163
5584,163
5585,163
5586,163
5587,163
5588,163
5589,163
5590,163
5591,163
5592,163
5593,163
5594,162
5595,162
5596,162
5597,162
5598,163
5599,163
5600,163
5601,163
5602,163
5603,163
5604,163
5605,163
5606,163
5607,163
5608,163
5609,163
5610,163
5611,163
5612,163
5613,163
5614,163
5615,163
5616,163
5617,163
5618,163
5619,163
5620,163
5621,163
5622,163
5623,163
5624,163
5625,163
5626,163
5627,163
5628,163
5629,163
5630,163
5631,163
5632,163
5633,163
5634,163
5635,163
5636,163
5637,163
5638,163
5639,163
5640,162
5641,162
5642,163
5643,163
5644,163
5645,163
5646,162
5647,163
5648,163
5649,163
5650,163
5651,163
5652,163
5653,163
5654,163
5655,163
5656,163
5657,163
5658,163
5659,163
5660,163
5661,163
5662,163
5663,163
5664,163
5665,163
5666,163
5667,163
5668,163
5669,162
5670,162
5671,162
5672,163
5673,163
5674,163
5675,163
5676,163
5677,162
5678,162
5679,162
5680,162
5681,162
5682,162
5683,162
5684,162
5685,162
5686,162
5687,163
5688,163
5689,163
5690,163
5691,163
5692,163
5693,163
5694,163
5695,163
5696,163
5697,163
5698,163
5699,163
5700,163
5701,163
5702,163
5703,163
5704,163
5705,163
5706,162
5707,162
5708,162
5709,162
5710,162
5711,162
5712,162
5713,162
5714,162
5715,163
5716,162
5717,162
5718,163
5719,163
5720,163
5721,163
5722,163
5723,163
5724,162
5725,162
5726,162
5727,163
5728,163
5729,162
5730,162
5731,162
5732,162
5733,162
5734,162
5735,162
5736,162
5737,162
5738,162
5739,162
5740,162
5741,162
5742,161
5743,161
5744,161
5745,161
5746,161
5747,161
5748,161
5749,161
5750,161
5751,161
5752,161
5753,161
5754,161
5755,161
5756,161
5757,161
5758,161
5759,161
5760,161
5761,161
5762,161
5763,161
5764,161
5765,161
5766,161
5767,161
5768,161
5769,161
5770,161
5771,161
5772,160
5773,161
5774,160
5775,161
5776,161
5777,161
5778,161
5779,161
5780,161
5781,161
5782,161
5783,161
5784,161
5785,161
5786,161
5787,161
5788,161
5789,161
5790,161
5791,161
5792,161
5793,161
5794,161
5795,161
5796,161
5797,161
5798,161
5799,161
5800,161
5801,161
5802,161
5803,161
5804,161
5805,161
5806,161
5807,161
5808,161
5809,161
5810,161
5811,161
5812,160
5813,160
5814,160
5815,160
5816,160
5817,160
5818,160
5819,160
5820,160
5821,160
5822,160
5823,160
5824,160
5825,160
5826,160
5827,160
5828,161
5829,161
5830,161
5831,161
5832,161
5833,161
5834,160
5835,160
5836,160
5837,160
5838,160
5839,160
5840,160
5841,160
5842,160
5843,159
5844,160
5845,159
5846,159
5847,159
5848,159
5849,160
5850,160
5851,160
5852,160
5853,160
5854,160
5855,159
5856,159
5857,159
5858,159
5859,159
5860,159
5861,159
5862,159
5863,159
5864,159
5865,159
5866,159
5867,159
5868,160
5869,159
5870,159
5871,159
5872,160
5873,160
5874,160
5875,160
5876,159
5877,159
5878,160
5879,159
5880,159
5881,160
5882,160
5883,160
5884,160
5885,160
5886,160
5887,160
5888,160
5889,160
5890,160
5891,160
5892,160
5893,160
5894,160
5895,160
5896,160
5897,160
5898,160
5899,160
5900,160
5901,160
5902,160
5903,160
5904,159
5905,159
5906,159
5907,159
5908,159
5909,159
5910,159
5911,159
5912,159
5913,159
5914,159
5915,159
5916,160
5917,160
5918,160
5919,160
5920,160
5921,160
5922,160
5923,161
5924,161
5925,161
5926,161
5927,161
5928,161
5929,160
5930,160
5931,160
5932,161
5933,161
5934,161
5935,161
5936,161
5937,161
5938,161
5939,161
5940,161
5941,161
5942,161
5943,161
5944,161
5945,161
5946,161
5947,161
5948,161
5949,161
5950,161
5951,161
5952,161
5953,161
5954,161
5955,161
5956,161
5957,160
5958,160
5959,161
5960,161
5961,161
5962,161
5963,161
5964,161
5965,161
5966,161
5967,161
5968,161
5969,161
5970,161
5971,161
5972,161
5973,161
5974,162
5975,162
5976,162
5977,162
5978,161
5979,162
5980,162
5981,162
5982,162
5983,162
5984,162
5985,161
5986,162
5987,162
5988,162
5989,162
5990,162
5991,162
5992,162
5993,162
5994,163
5995,163
5996,163
5997,163
5998,163
5999,163
6000,163
6001,163
6002,163
6003,163
6004,163
6005,163
6006,163
6007,163
6008,163
6009,163
6010,163
6011,163
6012,163
6013,163
6014,163
6015,163
6016,163
6017,163
6018,163
6019,163
6020,163
6021,163
6022,163
6023,163
6024,163
6025,163
6026,163
6027,163
6028,163
6029,163
6030,163
6031,163
6032,163
6033,163
6034,163
6035,163
6036,162
6037,163
6038,162
6039,162
6040,162
6041,162
6042,162
6043,162
6044,162
6045,163
6046,163
6047,163
6048,163
6049,163
6050,163
6051,163
6052,163
6053,163
6054,163
6055,164
6056,164
6057,164
6058,164
6059,164
6060,164
6061,165
6062,164
6063,165
6064,165
6065,165
6066,165
6067,165
6068,165
6069,165
6070,165
6071,165
6072,165
6073,165
6074,165
6075,165
6076,165
6077,165
6078,165
6079,165
6080,165
6081,165
6082,165
6083,165
6084,165
6085,165
6086,165
6087,165
6088,165
6089,165
6090,165
6091,165
6092,165
6093,165
6094,165
6095,165
6096,165
6097,165
6098,165
6099,165
6100,165
6101,165
6102,165
6103,165
6104,166
6105,166
6106,165
6107,166
6108,166
6109,166
6110,166
6111,165
6112,165
6113,165
6114,166
6115,165
6116,166
6117,166
6118,166
6119,166
6120,166
6121,166
6122,166
6123,166
6124,166
6125,165
6126,165
6127,165
6128,165
6129,165
6130,165
6131,166
6132,165
6133,166
6134,166
6135,166
6136,166
6137,166
6138,166
6139,166
6140,165
6141,166
6142,166
6143,166
6144,166
6145,166
6146,165
6147,165
6148,166
6149,166
6150,166
6151,166
6152,166
6153,166
6154,165
6155,165
6156,166
6157,166
6158,166
6159,166
6160,166
6161,166
6162,165
6163,165
6164,165
6165,165
6166,165
6167,165
6168,166
6169,165
6170,165
6171,165
6172,165
6173,165
6174,165
6175,165
6176,165
6177,165
6178,165
6179,165
6180,165
6181,165
6182,165
6183,165
6184,165
6185,165
6186,165
6187,165
6188,165
6189,165
6190,165
6191,165
6192,165
6193,165
6194,165
6195,165
6196,165
6197,165
6198,165
6199,165
6200,165
6201,165
6202,165
6203,165
6204,165
6205,165
6206,165
6207,165
6208,165
6209,165
6210,165
6211,165
6212,165
6213,165
6214,165
6215,165
6216,165
6217,166
6218,166
6219,166
6220,166
6221,166
6222,166
6223,166
6224,166
6225,166
6226,166
6227,166
6228,166
6229,166
6230,166
6231,166
6232,166
6233,166
6234,166
6235,166
6236,166
6237,166
6238,166
6239,166
6240,166
6241,166
6242,166
6243,166
6244,166
6245,166
6246,166
6247,166
6248,166
6249,166
6250,166
6251,166
6252,165
6253,165
6254,165
6255,165
6256,165
6257,166
6258,166
6259,166
6260,166
6261,166
6262,166
6263,166
6264,166
6265,166
6266,166
6267,165
6268,165
6269,166
6270,166
6271,166
6272,166
6273,166
6274,166
6275,165
6276,166
6277,166
6278,166
6279,166
6280,165
6281,165
6282,165
6283,166
6284,166
6285,166
6286,166
6287,166
6288,166
6289,166
6290,166
6291,166
6292,166
6293,166
6294,166
6295,166
6296,166
6297,165
6298,165
6299,166
6300,165
6301,166
6302,165
6303,166
6304,166
6305,166
6306,166
6307,166
6308,166
6309,166
6310,166
6311,166
6312,166
6313,166
6314,166
6315,166
6316,165
6317,166
6318,166
6319,166
6320,166
6321,166
6322,166
6323,166
6324,166
6325,166
6326,166
6327,166
6328,166
6329,166
6330,166
6331,166
6332,166
6333,166
6334,167
6335,166
6336,166
6337,166
6338,166
6339,166
6340,166
6341,166
6342,166
6343,166
6344,166
6345,166
6346,166
6347,166
6348,166
6349,166
6350,166
6351,166
6352,166
6353,166
6354,166
6355,166
6356,166
6357,166
6358,165
6359,165
6360,165
6361,165
6362,165
6363,165
6364,165
6365,166
6366,166
6367,166
6368,166
6369,166
6370,165
6371,165
6372,165
6373,165
6374,165
6375,165
6376,166
6377,166
6378,166
6379,166
6380,166
6381,166
6382,166
6383,166
6384,166
6385,166
6386,166
6387,166
6388,166
6389,166
6390,166
6391,167
6392,167
6393,167
6394,167
6395,168
6396,168
6397,167
6398,167
6399,167
6400,167
6401,167
6402,166
6403,167
6404,167
6405,167
6406,167
6407,166
6408,166
6409,166
6410,166
6411,166
6412,166
6413,167
6414,167
6415,167
6416,167
6417,167
6418,167
6419,167
6420,167
6421,167
6422,167
6423,167
6424,167
6425,167
6426,167
6427,168
6428,167
6429,167
6430,168
6431,167
6432,168
6433,167
6434,167
6435,168
6436,167
6437,167
6438,168
6439,168
6440,168
6441,168
6442,168
6443,167
6444,167
6445,168
6446,168
6447,168
6448,168
6449,168
6450,168
6451,168
6452,168
6453,168
6454,168
6455,168
6456,167
6457,167
6458,167
6459,167
6460,167
6461,167
6462,166
6463,166
6464,166
6465,166
6466,166
6467,166
6468,166
6469,166
6470,166
6471,166
6472,166
6473,166
6474,166
6475,166
6476,166
6477,166
6478,165
6479,165
6480,165
6481,165
6482,165
6483,166
6484,165
6485,165
6486,165
6487,164
6488,164
6489,165
6490,165
6491,165
6492,165
6493,165
6494,165
6495,165
6496,165
6497,165
6498,165
6499,165
6500,165
6501,165
6502,165
6503,165
6504,165
6505,165
6506,165
6507,165
6508,165
6509,165
6510,165
6511,164
6512,164
6513,165
6514,164
6515,164
6516,164
6517,164
6518,164
6519,164
6520,164
6521,164
6522,164
6523,165
6524,165
6525,166
6526,165
6527,166
6528,165
6529,165
6530,166
6531,166
6532,167
6533,167
6534,167
6535,166
6536,166
6537,166
6538,166
6539,166
6540,166
6541,166
6542,166
6543,165
6544,165
6545,165
6546,166
6547,166
6548,166
6549,166
6550,166
6551,166
6552,166
6553,166
6554,166
6555,166
6556,166
6557,166
6558,166
6559,166
6560,166
6561,166
6562,166
6563,167
6564,167
6565,167
6566,167
6567,168
6568,168
6569,168
6570,168
6571,168
6572,168
6573,168
6574,168
6575,169
6576,169
6577,169
6578,169
6579,169
6580,169
6581,169
6582,169
6583,168
6584,168
6585,168
6586,168
6587,168
6588,168
6589,168
6590,168
6591,168
6592,168
6593,168
6594,168
6595,168
6596,168
6597,168
6598,168
6599,168
6600,168
6601,168
6602,168
6603,168
6604,168
6605,169
6606,169
6607,169
6608,169
6609,169
6610,169
6611,169
6612,169
6613,169
6614,169
6615,169
6616,168
6617,168
6618,169
6619,169
6620,169
6621,169
6622,169
6623,170
6624,169
6625,169
6626,169
6627,169
6628,169
6629,169
6630,169
6631,169
6632,169
6633,169
6634,168
6635,169
6636,169
6637,169
6638,168
6639,169
6640,169
6641,168
6642,169
6643,168
6644,168
6645,168
6646,168
6647,168
6648,168
6649,168
6650,168
6651,168
6652,168
6653,168
6654,168
6655,167
6656,167
6657,167
6658,167
6659,168
6660,168
6661,168
6662,168
6663,168
6664,168
6665,168
6666,168
6667,168
6668,168
6669,168
6670,168
6671,168
6672,168
6673,168
6674,168
6675,169
6676,168
6677,168
6678,169
6679,168
6680,168
6681,168
6682,168
6683,169
6684,169
6685,169
6686,170
6687,170
6688,170
6689,169
6690,169
6691,170
6692,169
6693,169
6694,169
6695,169
6696,169
6697,169
6698,169
6699,169
6700,169
6701,169
6702,169
6703,169
6704,169
6705,169
6706,169
6707,169
6708,169
6709,169
6710,169
6711,169
6712,169
6713,169
6714,169
6715,169
6716,169
6717,169
6718,169
6719,169
6720,169
6721,169
6722,169
6723,168
6724,168
6725,168
6726,168
6727,168
6728,168
6729,168
6730,168
6731,168
6732,168
6733,167
6734,167
6735,167
6736,167
6737,167
6738,167
6739,167
6740,167
6741,167
6742,167
6743,167
6744,167
6745,167
6746,167
6747,167
6748,166
6749,166
6750,166
6751,166
6752,166
6753,166
6754,165
6755,165
6756,165
6757,166
6758,165
6759,165
6760,165
6761,165
6762,165
6763,165
6764,165
6765,165
6766,165
6767,165
6768,165
6769,165
6770,164
6771,165
6772,165
6773,165
6774,165
6775,165
6776,165
6777,165
6778,165
6779,165
6780,165
6781,165
6782,165
6783,165
6784,166
6785,165
6786,166
6787,166
6788,166
6789,166
6790,166
6791,166
6792,166
6793,166
6794,165
6795,165
6796,165
6797,165
6798,165
6799,165
6800,165
6801,166
6802,166
6803,165
6804,166
6805,166
6806,165
6807,165
6808,165
6809,165
6810,165
6811,165
6812,165
6813,166
6814,166
6815,165
6816,165
6817,165
6818,165
6819,165
6820,165
6821,165
6822,165
6823,165
6824,165
6825,164
6826,165
6827,165
6828,165
6829,165
6830,165
6831,165
6832,165
6833,165
6834,165
6835,165
6836,165
6837,165
6838,165
6839,165
6840,165
6841,165
6842,165
6843,165
6844,165
6845,165
6846,166
6847,166
6848,166
6849,166
6850,166
6851,166
6852,165
6853,165
6854,165
6855,165
6856,165
6857,166
6858,165
6859,165
6860,165
6861,165
6862,165
6863,166
6864,166
6865,167
6866,166
6867,167
6868,166
6869,167
6870,167
6871,167
6872,167
6873,167
6874,167
6875,167
6876,167
6877,167
6878,167
6879,167
6880,167
6881,167
6882,167
6883,167
6884,168
6885,167
6886,168
6887,168
6888,168
6889,168
6890,168
6891,168
6892,169
6893,169
6894,169
6895,169
6896,169
6897,169
6898,169
6899,169
6900,169
6901,169
6902,169
6903,169
6904,169
6905,169
6906,169
6907,169
6908,169
6909,169
6910,169
6911,169
6912,169
6913,168
6914,169
6915,168
6916,168
6917,169
6918,169
6919,168
6920,169
6921,169
6922,168
6923,168
6924,169
6925,169
6926,169
6927,169
6928,169
6929,169
6930,169
6931,168
6932,168
6933,168
6934,168
6935,169
6936,169
6937,169
6938,169
6939,169
6940,169
6941,169
6942,169
6943,169
6944,169
6945,169
6946,169
6947,169
6948,169
6949,169
6950,169
6951,169
6952,169
6953,169
6954,168
6955,168
6956,168
6957,168
6958,168
6959,168
6960,168
6961,168
6962,168
6963,168
6964,169
6965,168
6966,168
6967,168
6968,168
6969,168
6970,168
6971,169
6972,168
6973,168
6974,168
6975,168
6976,168
6977,168
6978,168
6979,168
6980,168
6981,168
6982,168
6983,167
6984,168
6985,168
6986,167
6987,167
6988,167
6989,167
6990,167
6991,167
6992,167
6993,167
6994,167
6995,166
6996,167
6997,166
6998,166
6999,167
7000,167
7001,167
7002,167
7003,167
7004,167
7005,167
7006,167
7007,167
7008,168
7009,167
7010,167
7011,167
7012,167
7013,168
7014,168
7015,168
7016,169
7017,168
7018,169
7019,169
7020,169
7021,168
7022,168
7023,168
7024,168
7025,168
7026,168
7027,168
7028,168
7029,168
7030,168
7031,168
7032,168
7033,168
7034,168
7035,168
7036,167
7037,167
7038,167
7039,167
7040,167
7041,167
7042,167
7043,167
7044,167
7045,168
7046,168
7047,168
7048,167
7049,167
7050,168
7051,168
7052,168
7053,168
7054,168
7055,168
7056,168
7057,169
7058,169
7059,169
7060,169
7061,169
7062,169
7063,169
7064,169
7065,169
7066,169
7067,169
7068,169
7069,169
7070,169
7071,169
7072,169
7073,169
7074,169
7075,169
7076,169
7077,169
7078,169
7079,169
7080,169
7081,169
7082,169
7083,169
7084,169
7085,169
7086,169
7087,169
7088,169
7089,170
7090,170
7091,170
7092,170
7093,170
7094,170
7095,170
7096,170
7097,170
7098,170
7099,170
7100,170
7101,170
7102,170
7103,170
7104,170
7105,170
7106,170
7107,169
7108,169
7109,169
7110,170
7111,169
7112,169
7113,169
7114,169
7115,169
7116,169
7117,169
7118,169
7119,169
7120,169
7121,169
7122,169
7123,170
7124,170
7125,170
7126,170
7127,170
7128,170
7129,170
7130,170
7131,170
7132,170
7133,170
7134,170
7135,170
7136,170
7137,169
7138,169
7139,169
7140,169
7141,169
7142,169
7143,169
7144,169
7145,169
7146,169
7147,169
7148,169
7149,169
7150,169
7151,170
7152,170
7153,170
7154,170
7155,170
7156,170
7157,170
7158,170
7159,170
7160,170
7161,170
7162,170
7163,170
7164,170
7165,170
7166,169
7167,170
7168,170
7169,170
7170,170
7171,170
7172,170
7173,170
7174,170
7175,170
7176,170
7177,170
7178,170
7179,170
7180,170
7181,170
7182,170
7183,170
7184,170
7185,171
7186,171
7187,171
7188,171
7189,171
7190,170
7191,171
7192,171
7193,170
7194,170
7195,171
7196,171
7197,171
7198,171
7199,171
7200,171
7201,171
7202,171
7203,171
7204,171
7205,171
7206,171
7207,171
7208,171
7209,171
7210,171
7211,171
7212,171
7213,170
7214,170
7215,170
7216,170
7217,170
7218,170
7219,170
7220,170
7221,170
7222,170
7223,170
7224,170
7225,170
7226,170
7227,170
7228,169
7229,169
7230,169
7231,169
7232,170
7233,170
7234,170
7235,170
7236,170
7237,170
7238,170
7239,170
7240,170
7241,170
7242,170
7243,170
7244,170
7245,169
7246,170
7247,170
7248,170
7249,170
7250,170
7251,170
7252,170
7253,170
7254,170
7255,170
7256,170
7257,170
7258,170
7259,170
7260,170
7261,170
7262,170
7263,170
7264,170
7265,170
7266,170
7267,170
7268,170
7269,170
7270,170
7271,171
7272,171
7273,171
7274,171
7275,171
7276,171
7277,170
7278,171
7279,171
7280,171
7281,171
7282,171
7283,171
7284,171
7285,171
7286,171
7287,171
7288,171
7289,171
7290,171
7291,171
7292,171
7293,171
7294,171
7295,171
7296,171
7297,171
7298,171
7299,171
7300,171
7301,171
7302,171
7303,171
7304,171
7305,171
7306,171
7307,171
7308,171
7309,171
7310,171
7311,171
7312,171
7313,171
7314,171
7315,171
7316,171
7317,171
7318,171
7319,171
7320,171
7321,171
7322,171
7323,171
7324,171
7325,171
7326,171
7327,171
7328,171
7329,171
7330,171
7331,171
7332,171
7333,171
7334,171
7335,171
7336,171
7337,171
7338,171
7339,172
7340,172
7341,172
7342,172
7343,172
7344,172
7345,172
7346,172
7347,172
7348,172
7349,172
7350,172
7351,172
7352,172
7353,172
7354,172
7355,172
7356,172
7357,172
7358,172
7359,172
7360,172
7361,172
7362,172
7363,172
7364,172
7365,172
7366,172
7367,172
7368,172
7369,172
7370,172
7371,172
7372,172
7373,172
7374,172
7375,172
7376,172
7377,172
7378,172
7379,172
7380,171
7381,171
7382,171
7383,172
7384,172
7385,172
7386,172
7387,172
7388,172
7389,171
7390,171
7391,172
7392,171
7393,172
7394,171
7395,171
7396,171
7397,171
7398,172
7399,172
7400,172
7401,172
7402,172
7403,172
7404,172
7405,172
7406,172
7407,172
7408,172
7409,172
7410,172
7411,172
7412,172
7413,172
7414,172
7415,172
7416,172
7417,172
7418,172
7419,172
7420,171
7421,172
7422,172
7423,171
7424,172
7425,172
7426,172
7427,172
7428,172
7429,172
7430,172
7431,172
7432,172
7433,172
7434,172
7435,173
7436,173
7437,173
7438,173
7439,172
7440,173
7441,173
7442,173
7443,173
7444,173
7445,173
7446,173
7447,173
7448,173
7449,173
7450,173
7451,173
7452,173
7453,173
7454,173
7455,173
7456,173
7457,173
7458,173
7459,173
7460,174
7461,174
7462,174
7463,174
7464,174
7465,174
7466,174
7467,174
7468,174
7469,173
7470,174
7471,173
7472,174
7473,174
7474,174
7475,174
7476,174
7477,174
7478,174
7479,174
7480,174
7481,174
7482,173
7483,173
7484,173
7485,173
7486,173
7487,173
7488,174
7489,174
7490,174
7491,174
7492,174
7493,174
7494,174
7495,174
7496,174
7497,174
7498,174
7499,174
7500,174
7501,174
7502,174
7503,173
7504,173
7505,174
7506,173
7507,174
7508,174
7509,174
7510,174
7511,174
7512,174
7513,174
7514,174
7515,174
7516,174
7517,174
7518,174
7519,175
7520,174
7521,175
7522,175
7523,175
7524,175
7525,175
7526,175
7527,175
7528,175
7529,175
7530,175
7531,175
7532,175
7533,175
7534,175
7535,175
7536,175
7537,175
7538,174
7539,175
7540,174
7541,175
7542,174
7543,174
7544,174
7545,174
7546,175
7547,175
7548,174
7549,174
7550,174
7551,174
7552,174
7553,174
7554,175
7555,174
7556,174
7557,174
7558,174
7559,174
7560,174
7561,174
7562,174
7563,174
7564,174
7565,174
7566,174
7567,175
7568,175
7569,175
7570,175
7571,175
7572,175
7573,175
7574,175
7575,175
7576,175
7577,175
7578,175
7579,175
7580,175
7581,176
7582,175
7583,175
7584,176
7585,176
7586,176
7587,176
7588,176
7589,175
7590,176
7591,176
7592,176
7593,176
7594,176
7595,175
7596,175
7597,175
7598,175
7599,176
7600,175
7601,175
7602,175
7603,175
7604,175
7605,175
7606,175
7607,175
7608,175
7609,175
7610,175
7611,175
7612,175
7613,174
7614,175
7615,175
7616,175
7617,175
7618,175
7619,175
7620,175
7621,175
7622,175
7623,175
7624,175
7625,175
7626,175
7627,175
7628,175
7629,175
7630,175
7631,174
7632,174
7633,174
7634,174
7635,174
7636,174
7637,174
7638,174
7639,174
7640,174
7641,174
7642,174
7643,174
7644,174
7645,174
7646,174
7647,174
7648,174
7649,174
7650,174
7651,174
7652,174
7653,174
7654,174
7655,174
7656,175
7657,175
7658,175
7659,175
7660,175
7661,175
7662,175
7663,175
7664,175
7665,175
7666,175
7667,175
7668,175
7669,175
7670,175
7671,175
7672,175
7673,175
7674,176
7675,176
7676,176
7677,176
7678,176
7679,176
7680,176
7681,176
7682,176
7683,176
7684,176
7685,176
7686,176
7687,176
7688,176
7689,177
7690,177
7691,177
7692,177
7693,177
7694,177
7695,177
7696,177
7697,177
7698,177
7699,177
7700,177
7701,177
7702,178
7703,177
7704,178
7705,178
7706,178
7707,177
7708,177
7709,177
7710,177
7711,177
7712,177
7713,177
7714,177
7715,177
7716,177
7717,177
7718,177
7719,177
7720,177
7721,177
7722,176
7723,176
7724,176
7725,176
7726,176
7727,176
7728,177
7729,177
7730,177
7731,177
7732,177
7733,177
7734,177
7735,177
7736,177
7737,177
7738,177
7739,177
7740,178
7741,178
7742,178
7743,178
7744,178
7745,178
7746,178
7747,178
7748,177
7749,177
7750,177
7751,177
7752,178
7753,178
7754,178
7755,178
7756,178
7757,178
7758,178
7759,178
7760,178
7761,178
7762,178
7763,178
7764,178
7765,178
7766,178
7767,178
7768,178
7769,177
7770,178
7771,178
7772,178
7773,178
7774,178
7775,178
7776,178
7777,178
7778,178
7779,178
7780,178
7781,178
7782,178
7783,178
7784,178
7785,178
7786,178
7787,178
7788,177
7789,177
7790,177
7791,177
7792,177
7793,177
7794,177
7795,177
7796,177
7797,177
7798,177
7799,177
7800,177
7801,177
7802,177
7803,177
7804,176
7805,176
7806,177
7807,177
7808,177
7809,177
7810,177
7811,177
7812,177
7813,177
7814,177
7815,177
7816,177
7817,177
7818,177
7819,177
7820,177
7821,177
7822,177
7823,177
7824,177
7825,177
7826,177
7827,178
7828,178
7829,178
7830,178
7831,177
7832,178
7833,178
7834,178
7835,178
7836,178
7837,178
7838,178
7839,178
7840,178
7841,178
7842,178
7843,178
7844,179
7845,179
7846,179
7847,178
7848,178
7849,178
7850,178
7851,179
7852,178
7853,179
7854,178
7855,179
7856,179
7857,179
7858,179
7859,179
7860,178
7861,178
7862,178
7863,178
7864,178
7865,178
7866,178
7867,178
7868,178
7869,178
7870,178
7871,178
7872,178
7873,178
7874,178
7875,178
7876,178
7877,178
7878,178
7879,178
7880,178
7881,178
7882,178
7883,178
7884,178
7885,179
7886,178
7887,179
7888,179
7889,179
7890,179
7891,179
7892,179
7893,179
7894,179
7895,179
7896,179
7897,179
7898,179
7899,179
7900,178
7901,178
7902,178
7903,178
7904,178
7905,178
7906,178
7907,178
7908,178
7909,178
7910,178
7911,178
7912,178
7913,178
7914,178
7915,178
7916,178
7917,178
7918,178
7919,178
7920,178
7921,178
7922,178
7923,179
7924,178
7925,178
7926,178
7927,178
7928,178
7929,178
7930,178
7931,178
7932,178
7933,178
7934,178
7935,178
7936,178
7937,177
7938,177
7939,177
7940,177
7941,177
7942,176
7943,176
7944,177
7945,177
7946,177
7947,177
7948,177
7949,177
7950,177
7951,178
7952,178
7953,178
7954,178
7955,178
7956,178
7957,178
7958,178
7959,178
7960,178
7961,178
7962,178
7963,178
7964,178
7965,178
7966,178
7967,178
7968,178
7969,178
7970,178
7971,178
7972,178
7973,178
7974,178
7975,178
7976,178
7977,178
7978,178
7979,178
7980,179
7981,178
7982,178
7983,178
7984,178
7985,178
7986,178
7987,179
7988,178
7989,178
7990,178
7991,178
7992,178
7993,178
7994,178
7995,178
7996,177
7997,178
7998,178
7999,179
8000,179
8001,179
8002,179
8003,179
8004,180
8005,180
8006,180
8007,181
8008,181
8009,181
8010,181
8011,181
8012,181
8013,181
8014,180
8015,181
8016,181
8017,181
8018,181
8019,180
8020,180
8021,180
8022,180
8023,180
8024,180
8025,180
8026,181
8027,181
8028,181
8029,181
8030,181
8031,181
8032,181
8033,181
8034,181
8035,181
8036,181
8037,182
8038,181
8039,182
8040,182
8041,182
8042,182
8043,182
8044,182
8045,182
8046,182
8047,182
8048,182
8049,182
8050,182
8051,182
8052,182
8053,182
8054,182
8055,182
8056,182
8057,182
8058,182
8059,182
8060,181
8061,182
8062,182
8063,182
8064,182
8065,182
8066,182
8067,182
8068,182
8069,182
8070,182
8071,182
8072,182
8073,182
8074,182
8075,182
8076,182
8077,182
8078,182
8079,182
8080,182
8081,182
8082,182
8083,182
8084,182
8085,182
8086,182
8087,182
8088,182
8089,182
8090,182
8091,182
8092,182
8093,182
8094,182
8095,182
8096,182
8097,182
8098,182
8099,182
8100,182
8101,182
8102,182
8103,183
8104,183
8105,183
8106,183
8107,183
8108,183
8109,183
8110,183
8111,183
8112,183
8113,183
8114,183
8115,183
8116,183
8117,183
8118,184
8119,184
8120,184
8121,184
8122,184
8123,184
8124,184
8125,184
8126,183
8127,183
8128,183
8129,184
8130,184
8131,183
8132,183
8133,184
8134,184
8135,184
8136,184
8137,184
8138,184
8139,184
8140,184
8141,184
8142,184
8143,184
8144,184
8145,184
8146,184
8147,184
8148,184
8149,184
8150,183
8151,183
8152,184
8153,184
8154,184
8155,184
8156,184
8157,184
8158,184
8159,184
8160,184
8161,184
8162,184
8163,184
8164,184
8165,184
8166,184
8167,184
8168,184
8169,184
8170,184
8171,184
8172,184
8173,184
8174,184
8175,184
8176,185
8177,185
8178,185
8179,184
8180,184
8181,184
8182,183
8183,183
8184,184
8185,183
8186,184
8187,183
8188,183
8189,183
8190,183
8191,183
8192,184
8193,184
8194,184
8195,184
8196,184
8197,185
8198,185
8199,185
8200,185
8201,185
8202,184
8203,185
8204,184
8205,185
8206,185
8207,184
8208,184
8209,185
8210,185
8211,185
8212,185
8213,185
8214,185
8215,185
8216,185
8217,185
8218,186
8219,185
8220,185
8221,185
8222,185
8223,185
8224,185
8225,185
8226,185
8227,186
8228,186
8229,186
8230,186
8231,186
8232,186
8233,186
8234,186
8235,186
8236,186
8237,186
8238,186
8239,186
8240,185
8241,185
8242,185
8243,185
8244,185
8245,185
8246,185
8247,185
8248,185
8249,185
8250,184
8251,184
8252,185
8253,185
8254,185
8255,185
8256,185
8257,184
8258,184
8259,184
8260,184
8261,184
8262,184
8263,184
8264,184
8265,184
8266,184
8267,184
8268,184
8269,184
8270,184
8271,184
8272,184
8273,184
8274,184
8275,184
8276,184
8277,184
8278,184
8279,184
8280,184
8281,184
8282,184
8283,184
8284,184
8285,184
8286,184
8287,184
8288,184
8289,185
8290,185
8291,185
8292,185
8293,184
8294,184
8295,184
8296,184
8297,184
8298,184
8299,184
8300,184
8301,184
8302,184
8303,184
8304,184
8305,184
8306,184
8307,184
8308,184
8309,184
8310,184
8311,184
8312,184
8313,184
8314,184
8315,185
8316,185
8317,185
8318,185
8319,185
8320,185
8321,185
8322,185
8323,185
8324,185
8325,185
8326,185
8327,185
8328,185
8329,185
8330,186
8331,186
8332,186
8333,186
8334,186
8335,186
8336,186
8337,186
8338,186
8339,186
8340,186
8341,186
8342,185
8343,185
8344,186
8345,186
8346,186
8347,186
8348,185
8349,185
8350,185
8351,185
8352,185
8353,185
8354,185
8355,185
8356,185
8357,185
8358,185
8359,185
8360,185
8361,186
8362,186
8363,186
8364,186
8365,185
8366,185
8367,185
8368,185
8369,186
8370,186
8371,186
8372,186
8373,186
8374,186
8375,186
8376,186
8377,186
8378,186
8379,186
8380,186
8381,186
8382,185
8383,186
8384,186
8385,186
8386,186
8387,186
8388,186
8389,186
8390,186
8391,186
8392,186
8393,186
8394,186
8395,186
8396,186
8397,186
8398,187
8399,187
8400,187
8401,187
8402,187
8403,187
8404,186
8405,187
8406,187
8407,187
8408,187
8409,187
8410,187
8411,187
8412,187
8413,187
8414,187
8415,187
8416,187
8417,187
8418,186
8419,187
8420,187
8421,187
8422,187
8423,187
8424,186
8425,186
8426,186
8427,186
8428,186
8429,186
8430,186
8431,186
8432,186
8433,186
8434,186
8435,186
8436,186
8437,186
8438,186
8439,186
8440,186
8441,186
8442,186
8443,186
8444,186
8445,186
8446,186
8447,186
8448,186
8449,187
8450,187
8451,186
8452,186
8453,186
8454,186
8455,186
8456,186
8457,187
8458,187
8459,186
8460,187
8461,187
8462,187
8463,187
8464,187
8465,187
8466,187
8467,187
8468,187
8469,187
8470,187
8471,187
8472,187
8473,187
8474,187
8475,187
8476,187
8477,187
8478,187
8479,187
8480,187
8481,187
8482,187
8483,187
8484,187
8485,187
8486,186
8487,187
8488,186
8489,186
8490,186
8491,187
8492,186
8493,186
8494,186
8495,186
8496,186
8497,186
8498,187
8499,186
8500,186
8501,187
8502,187
8503,187
8504,187
8505,187
8506,187
8507,186
8508,187
8509,187
8510,187
8511,187
8512,187
8513,187
8514,187
8515,186
8516,186
8517,187
8518,186
8519,186
8520,186
8521,186
8522,187
8523,187
8524,187
8525,187
8526,187
8527,188
8528,188
8529,188
8530,188
8531,188
8532,188
8533,188
8534,188
8535,188
8536,187
8537,187
8538,188
8539,188
8540,188
8541,188
8542,188
8543,188
8544,188
8545,188
8546,188
8547,188
8548,188
8549,187
8550,187
8551,187
8552,187
8553,187
8554,187
8555,187
8556,187
8557,187
8558,187
8559,187
8560,187
8561,188
8562,188
8563,188
8564,188
8565,188
8566,188
8567,188
8568,188
8569,188
8570,188
8571,188
8572,189
8573,189
8574,189
8575,189
8576,188
8577,188
8578,189
8579,189
8580,189
8581,189
8582,189
8583,189
8584,189
8585,190
8586,190
8587,190
8588,190
8589,190
8590,190
8591,190
8592,190
8593,190
8594,189
8595,189
8596,190
8597,190
8598,190
8599,190
8600,190
8601,190
8602,190
8603,190
8604,190
8605,190
8606,190
8607,190
8608,190
8609,190
8610,190
8611,190
8612,190
8613,190
8614,190
8615,190
8616,190
8617,190
8618,190
8619,190
8620,190
8621,190
8622,190
8623,190
8624,190
8625,190
8626,190
8627,190
8628,190
8629,190
8630,190
8631,190
8632,190
8633,190
8634,190
8635,190
8636,190
8637,190
8638,190
8639,190
8640,190
8641,190
8642,190
8643,190
8644,190
8645,190
8646,190
8647,190
8648,190
8649,190
8650,190
8651,190
8652,190
8653,190
8654,190
8655,190
8656,190
8657,190
8658,190
8659,190
8660,190
8661,190
8662,190
8663,190
8664,190
8665,190
8666,190
8667,190
8668,190
8669,190
8670,190
8671,190
8672,189
8673,189
8674,189
8675,189
8676,189
8677,189
8678,190
8679,190
8680,190
8681,190
8682,190
8683,190
8684,190
8685,190
8686,190
8687,190
8688,190
8689,190
8690,189
8691,189
8692,189
8693,189
8694,190
8695,189
8696,189
8697,189
8698,190
8699,190
8700,190
8701,190
8702,189
8703,189
8704,189
8705,189
8706,189
8707,189
8708,189
8709,190
8710,190
8711,190
8712,190
8713,190
8714,189
8715,190
8716,190
8717,190
8718,190
8719,190
8720,190
8721,190
8722,190
8723,190
8724,190
8725,190
8726,190
8727,190
8728,190
8729,190
8730,190
8731,190
8732,190
8733,189
8734,190
8735,189
8736,189
8737,189
8738,189
8739,189
8740,189
8741,190
8742,190
8743,190
8744,190
8745,190
8746,190
8747,190
8748,190
8749,190
8750,190
8751,190
8752,190
8753,190
8754,190
8755,190
8756,190
8757,189
8758,189
8759,189
8760,189
8761,189
8762,189
8763,189
8764,189
8765,189
8766,189
8767,189
8768,189
8769,189
8770,189
8771,189
8772,189
8773,189
8774,189
8775,189
8776,189
8777,189
8778,189
8779,189
8780,189
8781,189
8782,189
8783,188
8784,188
8785,188
8786,188
8787,188
8788,188
8789,188
8790,188
8791,188
8792,188
8793,188
8794,188
8795,188
8796,188
8797,188
8798,188
8799,189
8800,188
8801,188
8802,189
8803,188
8804,188
8805,189
8806,189
8807,188
8808,188
8809,188
8810,188
8811,189
8812,189
8813,189
8814,189
8815,189
8816,189
8817,189
8818,189
8819,189
8820,189
8821,189
8822,189
8823,189
8824,189
8825,189
8826,189
8827,190
8828,190
8829,190
8830,190
8831,190
8832,190
8833,190
8834,190
8835,190
8836,190
8837,190
8838,190
8839,189
8840,189
8841,189
8842,189
8843,189
8844,189
8845,189
8846,189
8847,190
8848,189
8849,190
8850,190
8851,190
8852,190
8853,190
8854,190
8855,190
8856,190
8857,190
8858,189
8859,189
8860,190
8861,190
8862,190
8863,190
8864,190
8865,190
8866,190
8867,190
8868,190
8869,190
8870,190
8871,190
8872,190
8873,190
8874,190
8875,190
8876,190
8877,190
8878,190
8879,191
8880,191
8881,190
8882,191
8883,191
8884,191
8885,191
8886,191
8887,190
8888,190
8889,190
8890,190
8891,190
8892,190
8893,190
8894,190
8895,190
8896,190
8897,190
8898,190
8899,190
8900,190
8901,190
8902,190
8903,190
8904,190
8905,190
8906,190
8907,190
8908,190
8909,190
8910,189
8911,189
8912,189
8913,189
8914,190
8915,190
8916,190
8917,190
8918,190
8919,190
8920,190
8921,190
8922,190
8923,190
8924,189
8925,189
8926,189
8927,189
8928,189
8929,190
8930,189
8931,189
8932,189
8933,189
8934,189
8935,189
8936,189
8937,189
8938,189
8939,189
8940,189
8941,190
8942,190
8943,190
8944,190
8945,190
8946,190
8947,190
8948,190
8949,190
8950,190
8951,190
8952,190
8953,190
8954,190
8955,190
8956,190
8957,190
8958,190
8959,190
8960,190
8961,190
8962,190
8963,190
8964,190
8965,190
8966,190
8967,189
8968,190
8969,190
8970,190
8971,190
8972,190
8973,190
8974,190
8975,190
8976,190
8977,190
8978,190
8979,190
8980,190
8981,190
8982,190
8983,190
8984,190
8985,190
8986,190
8987,190
8988,190
8989,190
8990,190
8991,190
8992,190
8993,190
8994,190
8995,190
8996,190
8997,190
8998,190
8999,190
9000,190
9001,190
9002,190
9003,190
9004,190
9005,189
9006,189
9007,189
9008,189
9009,189
9010,190
9011,190
9012,190
9013,190
9014,190
9015,190
9016,189
9017,189
9018,189
9019,189
9020,189
9021,189
9022,189
9023,189
9024,189
9025,189
9026,189
9027,189
9028,189
9029,188
9030,188
9031,188
9032,188
9033,188
9034,188
9035,188
9036,188
9037,188
9038,188
9039,188
9040,188
9041,188
9042,188
9043,188
9044,188
9045,188
9046,188
9047,188
9048,188
9049,188
9050,188
9051,188
9052,188
9053,188
9054,188
9055,188
9056,188
9057,188
9058,188
9059,188
9060,188
9061,188
9062,188
9063,188
9064,188
9065,188
9066,188
9067,188
9068,188
9069,188
9070,188
9071,188
9072,188
9073,187
9074,187
9075,187
9076,187
9077,187
9078,187
9079,187
9080,187
9081,187
9082,187
9083,187
9084,187
9085,187
9086,187
9087,187
9088,187
9089,187
9090,187
9091,187
9092,187
9093,187
9094,187
9095,187
9096,187
9097,187
9098,187
9099,187
9100,187
9101,187
9102,187
9103,187
9104,188
9105,188
9106,188
9107,188
9108,188
9109,188
9110,188
9111,188
9112,188
9113,188
9114,188
9115,188
9116,188
9117,188
9118,188
9119,188
9120,188
9121,187
9122,187
9123,188
9124,188
9125,188
9126,188
9127,188
9128,188
9129,188
9130,188
9131,188
9132,188
9133,188
9134,188
9135,187
9136,188
9137,188
9138,188
9139,188
9140,188
9141,188
9142,188
9143,187
9144,187
9145,187
9146,187
9147,187
9148,187
9149,188
9150,188
9151,188
9152,188
9153,188
9154,187
9155,187
9156,188
9157,187
9158,187
9159,188
9160,188
9161,187
9162,187
9163,187
9164,187
9165,187
9166,187
9167,187
9168,187
9169,187
9170,188
9171,188
9172,187
9173,187
9174,187
9175,187
9176,187
9177,187
9178,187
9179,187
9180,187
9181,187
9182,187
9183,187
9184,187
9185,188
9186,188
9187,188
9188,188
9189,187
9190,187
9191,187
9192,187
9193,187
9194,187
9195,187
9196,187
9197,187
9198,188
9199,188
9200,188
9201,188
9202,188
9203,188
9204,188
9205,188
9206,188
9207,188
9208,188
9209,188
9210,188
9211,188
9212,188
9213,188
9214,188
9215,188
9216,187
9217,187
9218,187
9219,187
9220,188
9221,188
9222,188
9223,188
9224,188
9225,188
9226,188
9227,188
9228,188
9229,188
9230,188
9231,188
9232,188
9233,188
9234,188
9235,188
9236,188
9237,188
9238,188
9239,188
9240,188
9241,188
9242,188
9243,188
9244,187
9245,187
9246,187
9247,187
9248,187
9249,187
9250,187
9251,187
9252,187
9253,187
9254,187
9255,187
9256,187
9257,187
9258,187
9259,187
9260,188
9261,188
9262,188
9263,188
9264,188
9265,188
9266,188
9267,187
9268,187
9269,187
9270,187
9271,187
9272,187
9273,187
9274,187
9275,187
9276,187
9277,187
9278,187
9279,187
9280,187
9281,187
9282,187
9283,187
9284,187
9285,187
9286,187
9287,187
9288,187
9289,188
9290,188
9291,188
9292,187
9293,187
9294,187
9295,188
9296,188
9297,187
9298,187
9299,188
9300,188
9301,188
9302,188
9303,188
9304,188
9305,188
9306,188
9307,188
9308,188
9309,188
9310,188
9311,188
9312,188
9313,188
9314,188
9315,188
9316,188
9317,188
9318,188
9319,188
9320,188
9321,188
9322,188
9323,188
9324,189
9325,189
9326,189
9327,189
9328,189
9329,189
9330,189
9331,189
9332,189
9333,189
9334,189
9335,189
9336,189
9337,189
9338,189
9339,189
9340,189
9341,189
9342,189
9343,189
9344,189
9345,189
9346,189
9347,189
9348,189
9349,189
9350,189
9351,189
9352,189
9353,189
9354,189
9355,190
9356,190
9357,190
9358,190
9359,190
9360,190
9361,190
9362,190
9363,190
9364,190
9365,190
9366,190
9367,190
9368,190
9369,190
9370,190
9371,190
9372,190
9373,190
9374,190
9375,190
9376,190
9377,190
9378,190
9379,190
9380,190
9381,190
9382,190
9383,190
9384,190
9385,189
9386,189
9387,189
9388,189
9389,189
9390,189
9391,189
9392,189
9393,189
9394,189
9395,189
9396,189
9397,189
9398,189
9399,189
9400,189
9401,189
9402,189
9403,189
9404,189
9405,189
9406,189
9407,189
9408,189
9409,189
9410,189
9411,189
9412,189
9413,189
9414,189
9415,189
9416,189
9417,190
9418,190
9419,190
9420,190
9421,190
9422,190
9423,190
9424,190
9425,190
9426,190
9427,190
9428,190
9429,190
9430,190
9431,190
9432,190
9433,190
9434,190
9435,190
9436,190
9437,190
9438,190
9439,190
9440,190
9441,190
9442,190
9443,190
9444,190
9445,190
9446,190
9447,190
9448,190
9449,190
9450,190
9451,190
9452,190
9453,190
9454,190
9455,190
9456,190
9457,190
9458,190
9459,190
9460,190
9461,190
9462,190
9463,191
9464,190
9465,191
9466,191
9467,191
9468,191
9469,190
9470,190
9471,190
9472,190
9473,190
9474,190
9475,190
9476,190
9477,190
9478,190
9479,190
9480,189
9481,189
9482,189
9483,190
9484,190
9485,190
9486,189
9487,189
9488,190
9489,190
9490,190
9491,190
9492,190
9493,190
9494,190
9495,190
9496,190
9497,190
9498,190
9499,190
9500,190
9501,190
9502,190
9503,189
9504,189
9505,189
9506,189
9507,189
9508,189
9509,189
9510,189
9511,189
9512,189
9513,189
9514,189
9515,190
9516,190
9517,190
9518,190
9519,190
9520,190
9521,190
9522,190
9523,190
9524,190
9525,190
9526,190
9527,190
9528,191
9529,191
9530,191
9531,191
9532,191
9533,191
9534,191
9535,191
9536,191
9537,191
9538,192
9539,191
9540,191
9541,192
9542,192
9543,192
9544,192
9545,192
9546,192
9547,192
9548,192
9549,192
9550,192
9551,192
9552,192
9553,192
9554,192
9555,192
9556,192
9557,193
9558,193
9559,193
9560,193
9561,193
9562,193
9563,193
9564,193
9565,193
9566,193
9567,193
9568,193
9569,193
9570,193
9571,193
9572,192
9573,192
9574,192
9575,193
9576,192
9577,192
9578,192
9579,192
9580,191
9581,192
9582,192
9583,192
9584,192
9585,192
9586,192
9587,192
9588,193
9589,192
9590,192
9591,192
9592,193
9593,193
9594,192
9595,192
9596,193
9597,193
9598,193
9599,193
9600,193
9601,193
9602,193
9603,193
9604,193
9605,193
9606,193
9607,193
9608,193
9609,194
9610,194
9611,194
9612,194
9613,194
9614,194
9615,194
9616,194
9617,194
9618,193
9619,194
9620,194
9621,194
9622,194
9623,194
9624,194
9625,194
9626,194
9627,194
9628,194
9629,194
9630,194
9631,194
9632,194
9633,193
9634,193
9635,193
9636,193
9637,193
9638,193
9639,194
9640,194
9641,194
9642,194
9643,193
9644,193
9645,193
9646,193
9647,193
9648,193
9649,193
9650,193
9651,193
9652,193
9653,193
9654,193
9655,193
9656,193
9657,193
9658,193
9659,193
9660,193
9661,193
9662,193
9663,193
9664,193
9665,193
9666,193
9667,193
9668,193
9669,193
9670,193
9671,193
9672,193
9673,193
9674,193
9675,193
9676,193
9677,193
9678,193
9679,193
9680,193
9681,193
9682,193
9683,193
9684,193
9685,193
9686,193
9687,193
9688,193
9689,193
9690,193
9691,193
9692,193
9693,193
9694,193
9695,193
9696,193
9697,193
9698,193
9699,193
9700,193
9701,193
9702,193
9703,193
9704,193
9705,193
9706,193
9707,192
9708,193
9709,192
9710,192
9711,192
9712,193
9713,193
9714,193
9715,193
9716,193
9717,192
9718,193
9719,193
9720,192
9721,193
9722,193
9723,193
9724,193
9725,193
9726,193
9727,193
9728,193
9729,193
9730,192
9731,193
9732,193
9733,193
9734,193
9735,193
9736,193
9737,193
9738,193
9739,193
9740,193
9741,193
9742,193
9743,193
9744,193
9745,193
9746,193
9747,193
9748,193
9749,193
9750,193
9751,193
9752,193
9753,193
9754,194
9755,194
9756,194
9757,194
9758,194
9759,194
9760,194
9761,194
9762,194
9763,194
9764,194
9765,193
9766,193
9767,193
9768,193
9769,193
9770,193
9771,193
9772,193
9773,193
9774,193
9775,193
9776,193
9777,193
9778,193
9779,194
9780,193
9781,193
9782,193
9783,193
9784,193
9785,193
9786,193
9787,193
9788,193
9789,193
9790,193
9791,193
9792,193
9793,193
9794,193
9795,193
9796,193
9797,193
9798,193
9799,194
9800,194
9801,194
9802,194
9803,194
9804,194
9805,193
9806,193
9807,193
9808,193
9809,193
9810,193
9811,193
9812,193
9813,193
9814,193
9815,193
9816,193
9817,193
9818,194
9819,194
9820,194
9821,193
9822,193
9823,193
9824,193
9825,193
9826,193
9827,193
9828,193
9829,193
9830,193
9831,193
9832,193
9833,193
9834,193
9835,193
9836,193
9837,193
9838,193
9839,193
9840,193
9841,193
9842,193
9843,193
9844,193
9845,193
9846,193
9847,193
9848,193
9849,193
9850,193
9851,193
9852,193
9853,193
9854,193
9855,193
9856,193
9857,193
9858,193
9859,193
9860,194
9861,194
9862,194
9863,194
9864,194
9865,194
9866,194
9867,194
9868,194
9869,194
9870,194
9871,194
9872,194
9873,194
9874,194
9875,194
9876,194
9877,193
9878,193
9879,193
9880,193
9881,193
9882,193
9883,193
9884,193
9885,193
9886,194
9887,194
9888,193
9889,193
9890,193
9891,194
9892,193
9893,193
9894,194
9895,194
9896,193
9897,193
9898,193
9899,193
9900,194
9901,194
9902,194
9903,194
9904,194
9905,194
9906,194
9907,194
9908,194
9909,194
9910,194
9911,194
9912,194
9913,194
9914,194
9915,194
9916,194
9917,194
9918,194
9919,194
9920,195
9921,195
9922,195
9923,194
9924,194
9925,195
9926,195
9927,194
9928,195
9929,194
9930,195
9931,195
9932,195
9933,194
9934,195
9935,195
9936,195
9937,195
9938,195
9939,195
9940,195
9941,195
9942,195
9943,195
9944,195
9945,195
9946,195
9947,195
9948,195
9949,195
9950,195
9951,195
9952,195
9953,195
9954,195
9955,195
9956,195
9957,195
9958,195
9959,195
9960,195
9961,195
9962,195
9963,195
9964,194
9965,195
9966,195
9967,195
9968,195
9969,195
9970,195
9971,195
9972,195
9973,195
9974,195
9975,195
9976,195
9977,195
9978,195
9979,195
9980,195
9981,195
9982,195
9983,195
9984,195
9985,196
9986,196
9987,196
9988,196
9989,196
9990,196
9991,196
9992,196
9993,195
9994,195
9995,195
9996,195
9997,195
9998,195
9999,195
