0,150
1,150
2,150
3,150
4,150
5,150
6,150
7,150
8,150
9,151
10,151
11,150
12,151
13,151
14,151
15,151
16,151
17,151
18,151
19,151
20,151
21,151
22,151
23,151
24,151
25,151
26,151
27,151
28,151
29,151
30,151
31,152
32,152
33,152
34,152
35,152
36,151
37,151
38,151
39,152
40,152
41,152
42,152
43,152
44,152
45,152
46,152
47,152
48,152
49,152
50,152
51,152
52,152
53,152
54,152
55,152
56,152
57,152
58,153
59,153
60,153
61,153
62,153
63,153
64,153
65,153
66,153
67,153
68,153
69,153
70,153
71,153
72,153
73,152
74,152
75,153
76,153
77,153
78,153
79,152
80,153
81,153
82,153
83,153
84,153
85,153
86,153
87,153
88,153
89,153
90,153
91,153
92,153
93,153
94,153
95,153
96,153
97,153
98,153
99,153
100,153
101,153
102,153
103,152
104,152
105,152
106,152
107,153
108,153
109,152
110,153
111,153
112,153
113,153
114,153
115,153
116,153
117,153
118,152
119,152
120,152
121,153
122,152
123,152
124,153
125,153
126,153
127,153
128,153
129,153
130,153
131,153
132,153
133,153
134,153
135,153
136,153
137,153
138,153
139,153
140,153
141,153
142,153
143,153
144,153
145,153
146,153
147,153
148,153
149,153
150,153
151,154
152,154
153,154
154,154
155,154
156,154
157,154
158,154
159,154
160,154
161,154
162,154
163,154
164,154
165,154
166,154
167,153
168,154
169,154
170,154
171,154
172,153
173,153
174,154
175,154
176,154
177,154
178,154
179,154
180,154
181,154
182,153
183,153
184,153
185,153
186,153
187,153
188,154
189,154
190,154
191,154
192,154
193,153
194,153
195,154
196,154
197,154
198,154
199,153
200,153
201,153
202,153
203,153
204,153
205,153
206,153
207,153
208,152
209,153
210,152
211,153
212,152
213,152
214,152
215,152
216,152
217,152
218,152
219,152
220,152
221,152
222,152
223,152
224,151
225,152
226,152
227,152
228,152
229,152
230,152
231,152
232,152
233,152
234,152
235,152
236,152
237,152
238,152
239,152
240,152
241,152
242,152
243,152
244,151
245,151
246,152
247,152
248,152
249,152
250,152
251,151
252,151
253,151
254,151
255,152
256,152
257,152
258,152
259,151
260,152
261,152
262,152
263,152
264,152
265,152
266,152
267,151
268,151
269,151
270,151
271,151
272,151
273,151
274,151
275,151
276,151
277,151
278,151
279,151
280,151
281,151
282,151
283,151
284,151
285,151
286,151
287,151
288,151
289,151
290,151
291,151
292,151
293,151
294,151
295,151
296,151
297,151
298,151
299,151
300,151
301,152
302,151
303,151
304,151
305,151
306,151
307,151
308,151
309,151
310,151
311,151
312,151
313,151
314,151
315,151
316,151
317,151
318,151
319,151
320,151
321,151
322,151
323,151
324,151
325,151
326,151
327,151
328,151
329,151
330,151
331,151
332,151
333,150
334,150
335,150
336,150
337,150
338,150
339,150
340,150
341,150
342,150
343,150
344,150
345,150
346,150
347,151
348,151
349,151
350,151
351,151
352,151
353,150
354,150
355,150
356,151
357,151
358,151
359,151
360,151
361,151
362,151
363,151
364,151
365,151
366,151
367,151
368,151
369,151
370,151
371,151
372,151
373,151
374,151
375,151
376,151
377,151
378,151
379,150
380,150
381,151
382,151
383,151
384,151
385,151
386,151
387,150
388,150
389,150
390,150
391,150
392,151
393,151
394,151
395,151
396,151
397,151
398,151
399,151
400,151
401,151
402,151
403,151
404,151
405,151
406,151
407,151
408,151
409,151
410,151
411,151
412,150
413,151
414,151
415,151
416,150
417,150
418,150
419,150
420,150
421,150
422,150
423,150
424,150
425,150
426,150
427,150
428,150
429,150
430,150
431,150
432,150
433,149
434,149
435,149
436,149
437,149
438,149
439,149
440,149
441,149
442,149
443,149
444,149
445,149
446,149
447,149
448,149
449,149
450,150
451,150
452,150
453,150
454,150
455,150
456,150
457,150
458,150
459,150
460,150
461,150
462,150
463,150
464,150
465,150
466,150
467,150
468,150
469,150
470,150
471,150
472,151
473,151
474,150
475,151
476,151
477,151
478,151
479,151
480,151
481,151
482,151
483,151
484,151
485,151
486,151
487,151
488,151
489,151
490,151
491,151
492,151
493,151
494,151
495,151
496,151
497,151
498,151
499,151
500,151
501,151
502,151
503,152
504,152
505,152
506,152
507,152
508,152
509,152
510,152
511,152
512,152
513,152
514,152
515,152
516,152
517,152
518,152
519,152
520,152
521,152
522,152
523,152
524,152
525,152
526,152
527,152
528,152
529,152
530,152
531,152
532,152
533,151
534,151
535,151
536,151
537,152
538,152
539,152
540,152
541,152
542,152
543,152
544,152
545,152
546,152
547,152
548,152
549,152
550,152
551,152
552,152
553,152
554,152
555,152
556,152
557,152
558,152
559,152
560,152
561,152
562,152
563,152
564,152
565,152
566,152
567,152
568,152
569,152
570,152
571,152
572,152
573,152
574,152
575,152
576,152
577,152
578,152
579,152
580,152
581,152
582,152
583,152
584,152
585,152
586,152
587,152
588,152
589,152
590,152
591,152
592,152
593,152
594,152
595,152
596,152
597,152
598,152
599,152
600,152
601,152
602,152
603,152
604,152
605,152
606,152
607,152
608,152
609,152
610,152
611,152
612,152
613,152
614,152
615,152
616,152
617,152
618,152
619,152
620,152
621,152
622,152
623,152
624,151
625,151
626,151
627,152
628,151
629,151
630,152
631,151
632,152
633,152
634,152
635,152
636,152
637,152
638,152
639,152
640,152
641,152
642,152
643,152
644,152
645,152
646,152
647,152
648,152
649,152
650,153
651,152
652,152
653,152
654,152
655,152
656,152
657,152
658,152
659,152
660,152
661,152
662,152
663,152
664,152
665,152
666,153
667,153
668,153
669,153
670,153
671,153
672,153
673,153
674,153
675,153
676,153
677,153
678,153
679,153
680,153
681,153
682,153
683,153
684,153
685,153
686,153
687,153
688,153
689,153
690,153
691,153
692,153
693,152
694,152
695,152
696,153
697,153
698,153
699,153
700,153
701,153
702,153
703,153
704,153
705,153
706,153
707,153
708,153
709,153
710,153
711,153
712,153
713,153
714,153
715,153
716,153
717,153
718,153
719,152
720,152
721,152
722,152
723,152
724,152
725,152
726,152
727,152
728,151
729,152
730,151
731,151
732,152
733,152
734,152
735,152
736,152
737,152
738,151
739,152
740,152
741,152
742,152
743,152
744,152
745,152
746,152
747,152
748,152
749,152
750,152
751,152
752,152
753,152
754,152
755,152
756,152
757,152
758,152
759,152
760,152
761,152
762,152
763,152
764,152
765,152
766,152
767,152
768,152
769,152
770,152
771,152
772,152
773,152
774,152
775,151
776,151
777,152
778,152
779,152
780,152
781,152
782,152
783,152
784,152
785,152
786,152
787,152
788,152
789,152
790,152
791,152
792,152
793,152
794,152
795,152
796,152
797,152
798,152
799,152
800,152
801,152
802,152
803,152
804,152
805,152
806,152
807,152
808,152
809,152
810,152
811,152
812,152
813,152
814,152
815,152
816,152
817,152
818,152
819,152
820,152
821,152
822,152
823,152
824,152
825,152
826,152
827,152
828,152
829,152
830,152
831,152
832,152
833,152
834,152
835,152
836,152
837,152
838,152
839,152
840,152
841,151
842,151
843,152
844,151
845,152
846,152
847,152
848,152
849,152
850,152
851,152
852,152
853,152
854,152
855,152
856,152
857,152
858,152
859,152
860,152
861,152
862,152
863,152
864,151
865,151
866,151
867,151
868,151
869,151
870,151
871,150
872,150
873,150
874,150
875,150
876,150
877,151
878,151
879,151
880,151
881,151
882,151
883,150
884,151
885,151
886,151
887,151
888,151
889,151
890,151
891,151
892,151
893,151
894,151
895,151
896,151
897,151
898,151
899,151
900,151
901,151
902,151
903,151
904,151
905,151
906,151
907,151
908,151
909,151
910,151
911,151
912,151
913,151
914,151
915,151
916,151
917,151
918,151
919,151
920,151
921,151
922,151
923,151
924,151
925,151
926,151
927,151
928,150
929,150
930,150
931,150
932,150
933,150
934,149
935,149
936,149
937,149
938,150
939,150
940,149
941,149
942,149
943,150
944,150
945,150
946,150
947,150
948,150
949,150
950,150
951,150
952,150
953,150
954,150
955,150
956,150
957,150
958,150
959,150
960,150
961,150
962,150
963,150
964,150
965,150
966,150
967,150
968,150
969,150
970,150
971,150
972,150
973,150
974,150
975,150
976,150
977,150
978,150
979,150
980,150
981,150
982,150
983,150
984,150
985,150
986,150
987,150
988,150
989,150
990,150
991,150
992,150
993,150
994,150
995,150
996,150
997,150
998,150
999,149
1000,149
1001,149
1002,149
1003,149
1004,149
1005,149
1006,149
1007,149
1008,149
1009,149
1010,149
1011,149
1012,149
1013,149
1014,149
1015,149
1016,149
1017,149
1018,149
1019,149
1020,149
1021,149
1022,149
1023,149
1024,149
1025,149
1026,149
1027,149
1028,149
1029,149
1030,149
1031,149
1032,149
1033,149
1034,149
1035,149
1036,149
1037,149
1038,149
1039,149
1040,149
1041,149
1042,149
1043,149
1044,149
1045,149
1046,149
1047,149
1048,150
1049,150
1050,150
1051,150
1052,150
1053,150
1054,150
1055,150
1056,150
1057,150
1058,150
1059,150
1060,150
1061,150
1062,149
1063,150
1064,150
1065,150
1066,150
1067,150
1068,150
1069,149
1070,149
1071,149
1072,149
1073,149
1074,149
1075,149
1076,149
1077,149
1078,149
1079,149
1080,149
1081,149
1082,149
1083,149
1084,149
1085,149
1086,149
1087,149
1088,149
1089,149
1090,149
1091,149
1092,149
1093,149
1094,149
1095,149
1096,149
1097,149
1098,149
1099,149
1100,149
1101,149
1102,149
1103,149
1104,149
1105,149
1106,149
1107,149
1108,149
1109,148
1110,149
1111,149
1112,149
1113,149
1114,149
1115,149
1116,149
1117,148
1118,148
1119,149
1120,149
1121,149
1122,149
1123,149
1124,149
1125,149
1126,149
1127,148
1128,149
1129,148
1130,148
1131,149
1132,149
1133,149
1134,149
1135,149
1136,149
1137,149
1138,148
1139,148
1140,149
1141,149
1142,149
1143,149
1144,149
1145,149
1146,149
1147,149
1148,149
1149,149
1150,149
1151,149
1152,149
1153,149
1154,149
1155,149
1156,149
1157,149
1158,149
1159,149
1160,149
1161,149
1162,149
1163,149
1164,149
1165,149
1166,149
1167,149
1168,150
1169,150
1170,150
1171,150
1172,150
1173,150
1174,150
1175,150
1176,150
1177,150
1178,150
1179,150
1180,150
1181,150
1182,150
1183,150
1184,150
1185,150
1186,150
1187,150
1188,150
1189,150
1190,150
1191,150
1192,150
1193,150
1194,150
1195,150
1196,150
1197,150
1198,150
1199,150
1200,151
1201,151
1202,151
1203,151
1204,151
1205,151
1206,151
1207,151
1208,150
1209,151
1210,151
1211,151
1212,151
1213,151
1214,151
1215,151
1216,152
1217,152
1218,152
1219,152
1220,152
1221,152
1222,152
1223,152
1224,152
1225,152
1226,152
1227,152
1228,152
1229,152
1230,152
1231,152
1232,152
1233,152
1234,152
1235,152
1236,152
1237,152
1238,152
1239,152
1240,152
1241,152
1242,153
1243,153
1244,153
1245,153
1246,153
1247,153
1248,153
1249,153
1250,153
1251,153
1252,153
1253,153
1254,153
1255,153
1256,153
1257,153
1258,153
1259,153
1260,153
1261,153
1262,153
1263,153
1264,153
1265,153
1266,153
1267,153
1268,153
1269,153
1270,153
1271,153
1272,153
1273,153
1274,153
1275,153
1276,153
1277,153
1278,153
1279,153
1280,153
1281,153
1282,154
1283,154
1284,154
1285,154
1286,154
1287,154
1288,154
1289,154
1290,154
1291,153
1292,153
1293,153
1294,153
1295,154
1296,154
1297,154
1298,154
1299,154
1300,154
1301,154
1302,154
1303,154
1304,154
1305,154
1306,154
1307,154
1308,154
1309,154
1310,154
1311,154
1312,154
1313,154
1314,154
1315,154
1316,154
1317,154
1318,154
1319,154
1320,154
1321,154
1322,154
1323,154
1324,153
1325,154
1326,154
1327,154
1328,154
1329,154
1330,154
1331,154
1332,154
1333,154
1334,154
1335,154
1336,154
1337,154
1338,154
1339,154
1340,153
1341,153
1342,153
1343,153
1344,153
1345,153
1346,153
1347,153
1348,154
1349,154
1350,154
1351,154
1352,154
1353,154
1354,154
1355,153
1356,153
1357,154
1358,154
1359,154
1360,154
1361,153
1362,153
1363,153
1364,153
1365,153
1366,153
1367,153
1368,153
1369,153
1370,153
1371,153
1372,153
1373,153
1374,153
1375,153
1376,153
1377,153
1378,153
1379,153
1380,153
1381,153
1382,153
1383,153
1384,153
1385,153
1386,153
1387,153
1388,153
1389,153
1390,153
1391,153
1392,153
1393,153
1394,153
1395,153
1396,153
1397,153
1398,153
1399,153
1400,153
1401,153
1402,153
1403,153
1404,153
1405,153
1406,153
1407,154
1408,154
1409,154
1410,154
1411,154
1412,154
1413,153
1414,153
1415,153
1416,153
1417,153
1418,153
1419,153
1420,153
1421,153
1422,153
1423,154
1424,154
1425,154
1426,154
1427,154
1428,154
1429,154
1430,154
1431,153
1432,153
1433,153
1434,153
1435,154
1436,154
1437,154
1438,154
1439,154
1440,154
1441,154
1442,154
1443,154
1444,153
1445,153
1446,153
1447,153
1448,154
1449,153
1450,153
1451,154
1452,154
1453,154
1454,154
1455,154
1456,154
1457,154
1458,154
1459,154
1460,154
1461,154
1462,154
1463,154
1464,154
1465,154
1466,154
1467,155
1468,155
1469,155
1470,155
1471,155
1472,155
1473,155
1474,155
1475,154
1476,154
1477,154
1478,154
1479,154
1480,155
1481,154
1482,154
1483,154
1484,154
1485,154
1486,154
1487,154
1488,154
1489,154
1490,154
1491,155
1492,155
1493,155
1494,155
1495,155
1496,155
1497,155
1498,155
1499,155
1500,155
1501,155
1502,155
1503,155
1504,155
1505,155
1506,155
1507,155
1508,155
1509,155
1510,155
1511,155
1512,155
1513,155
1514,155
1515,155
1516,155
1517,155
1518,154
1519,154
1520,155
1521,155
1522,155
1523,155
1524,155
1525,155
1526,155
1527,155
1528,155
1529,155
1530,155
1531,155
1532,154
1533,154
1534,154
1535,155
1536,155
1537,155
1538,155
1539,155
1540,155
1541,155
1542,155
1543,155
1544,155
1545,155
1546,155
1547,155
1548,155
1549,155
1550,155
1551,155
1552,155
1553,155
1554,155
1555,155
1556,155
1557,155
1558,155
1559,155
1560,155
1561,155
1562,155
1563,154
1564,154
1565,154
1566,154
1567,154
1568,154
1569,154
1570,154
1571,154
1572,154
1573,154
1574,154
1575,154
1576,154
1577,154
1578,154
1579,154
1580,154
1581,154
1582,154
1583,154
1584,154
1585,154
1586,154
1587,154
1588,154
1589,154
1590,154
1591,154
1592,155
1593,154
1594,155
1595,155
1596,154
1597,154
1598,154
1599,155
1600,155
1601,155
1602,155
1603,155
1604,155
1605,155
1606,155
1607,155
1608,154
1609,155
1610,155
1611,155
1612,155
1613,155
1614,155
1615,155
1616,155
1617,155
1618,155
1619,155
1620,155
1621,155
1622,154
1623,154
1624,154
1625,154
1626,154
1627,155
1628,155
1629,155
1630,155
1631,155
1632,155
1633,154
1634,154
1635,154
1636,154
1637,154
1638,154
1639,155
1640,155
1641,155
1642,155
1643,155
1644,155
1645,155
1646,155
1647,155
1648,154
1649,155
1650,155
1651,155
1652,155
1653,155
1654,155
1655,155
1656,154
1657,155
1658,155
1659,154
1660,154
1661,154
1662,154
1663,154
1664,155
1665,155
1666,155
1667,155
1668,155
1669,155
1670,155
1671,155
1672,155
1673,155
1674,155
1675,155
1676,155
1677,154
1678,155
1679,155
1680,155
1681,155
1682,155
1683,155
1684,155
1685,155
1686,155
1687,155
1688,155
1689,155
1690,154
1691,154
1692,155
1693,155
1694,155
1695,155
1696,154
1697,155
1698,155
1699,155
1700,155
1701,155
1702,154
1703,154
1704,154
1705,154
1706,154
1707,154
1708,154
1709,155
1710,155
1711,154
1712,155
1713,155
1714,155
1715,155
1716,155
1717,155
1718,155
1719,155
1720,155
1721,155
1722,155
1723,155
1724,155
1725,155
1726,155
1727,155
1728,155
1729,156
1730,156
1731,156
1732,156
1733,156
1734,156
1735,157
1736,157
1737,157
1738,157
1739,157
1740,157
1741,157
1742,157
1743,157
1744,157
1745,157
1746,157
1747,157
1748,157
1749,157
1750,157
1751,157
1752,157
1753,157
1754,157
1755,156
1756,156
1757,156
1758,156
1759,156
1760,156
1761,156
1762,156
1763,156
1764,156
1765,156
1766,156
1767,156
1768,156
1769,156
1770,156
1771,156
1772,156
1773,156
1774,156
1775,156
1776,156
1777,155
1778,155
1779,155
1780,155
1781,156
1782,156
1783,156
1784,156
1785,156
1786,156
1787,156
1788,156
1789,156
1790,156
1791,156
1792,156
1793,156
1794,156
1795,156
1796,156
1797,156
1798,156
1799,157
1800,157
1801,157
1802,157
1803,157
1804,157
1805,157
1806,156
1807,156
1808,156
1809,156
1810,156
1811,155
1812,156
1813,156
1814,155
1815,155
1816,155
1817,155
1818,156
1819,155
1820,156
1821,156
1822,156
1823,156
1824,156
1825,156
1826,156
1827,156
1828,156
1829,156
1830,156
1831,156
1832,157
1833,157
1834,157
1835,157
1836,157
1837,157
1838,156
1839,157
1840,157
1841,157
1842,157
1843,157
1844,157
1845,157
1846,157
1847,157
1848,157
1849,157
1850,157
1851,157
1852,157
1853,157
1854,157
1855,157
1856,157
1857,157
1858,157
1859,157
1860,157
1861,157
1862,157
1863,156
1864,156
1865,156
1866,156
1867,156
1868,156
1869,156
1870,156
1871,156
1872,156
1873,156
1874,156
1875,156
1876,156
1877,156
1878,155
1879,155
1880,155
1881,155
1882,156
1883,156
1884,155
1885,156
1886,156
1887,156
1888,156
1889,156
1890,156
1891,156
1892,156
1893,156
1894,156
1895,156
1896,156
1897,156
1898,156
1899,156
1900,156
1901,156
1902,156
1903,156
1904,156
1905,157
1906,157
1907,156
1908,156
1909,156
1910,156
1911,156
1912,156
1913,156
1914,156
1915,156
1916,156
1917,156
1918,156
1919,155
1920,155
1921,155
1922,155
1923,155
1924,156
1925,156
1926,155
1927,156
1928,156
1929,156
1930,156
1931,155
1932,156
1933,155
1934,155
1935,155
1936,155
1937,155
1938,155
1939,155
1940,155
1941,155
1942,155
1943,155
1944,155
1945,155
1946,155
1947,155
1948,155
1949,155
1950,155
1951,155
1952,155
1953,155
1954,155
1955,155
1956,154
1957,154
1958,155
1959,155
1960,155
1961,155
1962,155
1963,155
1964,155
1965,155
1966,155
1967,155
1968,155
1969,154
1970,155
1971,155
1972,155
1973,155
1974,154
1975,154
1976,154
1977,154
1978,154
1979,154
1980,154
1981,154
1982,154
1983,154
1984,154
1985,154
1986,154
1987,154
1988,154
1989,154
1990,154
1991,154
1992,154
1993,154
1994,154
1995,154
1996,154
1997,154
1998,154
1999,154
2000,154
2001,153
2002,154
2003,154
2004,154
2005,154
2006,154
2007,154
2008,154
2009,154
2010,154
2011,154
2012,154
2013,154
2014,154
2015,153
2016,153
2017,153
2018,153
2019,153
2020,153
2021,153
2022,153
2023,153
2024,153
2025,153
2026,153
2027,153
2028,154
2029,154
2030,154
2031,154
2032,154
2033,153
2034,153
2035,153
2036,154
2037,153
2038,153
2039,153
2040,153
2041,153
2042,153
2043,153
2044,153
2045,153
2046,153
2047,153
2048,153
2049,153
2050,153
2051,153
2052,153
2053,153
2054,153
2055,153
2056,153
2057,153
2058,154
2059,154
2060,154
2061,154
2062,154
2063,154
2064,153
2065,153
2066,154
2067,154
2068,154
2069,154
2070,154
2071,154
2072,154
2073,154
2074,154
2075,153
2076,153
2077,154
2078,154
2079,154
2080,154
2081,154
2082,154
2083,154
2084,154
2085,154
2086,154
2087,154
2088,154
2089,154
2090,154
2091,154
2092,154
2093,154
2094,154
2095,154
2096,154
2097,154
2098,154
2099,154
2100,154
2101,154
2102,155
2103,155
2104,155
2105,155
2106,155
2107,155
2108,155
2109,155
2110,155
2111,156
2112,155
2113,155
2114,156
2115,156
2116,156
2117,156
2118,156
2119,156
2120,156
2121,156
2122,156
2123,156
2124,156
2125,156
2126,156
2127,156
2128,156
2129,156
2130,156
2131,156
2132,156
2133,156
2134,156
2135,156
2136,156
2137,156
2138,156
2139,156
2140,156
2141,156
2142,156
2143,156
2144,156
2145,156
2146,156
2147,156
2148,155
2149,155
2150,155
2151,155
2152,155
2153,156
2154,155
2155,155
2156,155
2157,155
2158,155
2159,155
2160,155
2161,155
2162,155
2163,155
2164,155
2165,156
2166,155
2167,155
2168,155
2169,155
2170,155
2171,155
2172,155
2173,155
2174,155
2175,155
2176,156
2177,156
2178,156
2179,155
2180,156
2181,156
2182,156
2183,156
2184,156
2185,155
2186,156
2187,155
2188,156
2189,156
2190,155
2191,155
2192,155
2193,156
2194,156
2195,156
2196,156
2197,156
2198,156
2199,156
2200,156
2201,155
2202,155
2203,155
2204,155
2205,155
2206,155
2207,155
2208,155
2209,155
2210,155
2211,155
2212,155
2213,155
2214,155
2215,155
2216,155
2217,155
2218,155
2219,154
2220,155
2221,155
2222,154
2223,154
2224,154
2225,154
2226,154
2227,154
2228,154
2229,154
2230,154
2231,154
2232,154
2233,154
2234,154
2235,154
2236,154
2237,154
2238,154
2239,154
2240,153
2241,154
2242,153
2243,153
2244,153
2245,153
2246,153
2247,153
2248,153
2249,153
2250,153
2251,153
2252,153
2253,153
2254,153
2255,153
2256,153
2257,153
2258,153
2259,153
2260,153
2261,152
2262,152
2263,152
2264,152
2265,152
2266,153
2267,153
2268,153
2269,153
2270,153
2271,153
2272,152
2273,152
2274,153
2275,152
2276,152
2277,152
2278,152
2279,152
2280,152
2281,152
2282,152
2283,152
2284,153
2285,153
2286,153
2287,152
2288,152
2289,152
2290,153
2291,153
2292,153
2293,152
2294,152
2295,152
2296,153
2297,152
2298,152
2299,152
2300,152
2301,151
2302,152
2303,151
2304,152
2305,152
2306,152
2307,152
2308,152
2309,152
2310,152
2311,151
2312,151
2313,151
2314,151
2315,151
2316,151
2317,151
2318,151
2319,151
2320,151
2321,151
2322,152
2323,152
2324,152
2325,152
2326,152
2327,152
2328,152
2329,152
2330,152
2331,152
2332,152
2333,152
2334,152
2335,152
2336,152
2337,152
2338,152
2339,152
2340,152
2341,152
2342,152
2343,152
2344,152
2345,152
2346,152
2347,152
2348,152
2349,152
2350,152
2351,152
2352,152
2353,152
2354,152
2355,152
2356,152
2357,152
2358,152
2359,153
2360,153
2361,153
2362,153
2363,153
2364,153
2365,153
2366,152
2367,152
2368,152
2369,152
2370,152
2371,152
2372,152
2373,153
2374,153
2375,153
2376,153
2377,153
2378,153
2379,153
2380,153
2381,153
2382,153
2383,153
2384,153
2385,153
2386,153
2387,153
2388,152
2389,152
2390,152
2391,152
2392,152
2393,152
2394,152
2395,152
2396,152
2397,152
2398,153
2399,152
2400,152
2401,152
2402,152
2403,152
2404,151
2405,151
2406,152
2407,151
2408,151
2409,151
2410,151
2411,151
2412,151
2413,151
2414,151
2415,151
2416,151
2417,151
2418,151
2419,151
2420,151
2421,151
2422,151
2423,151
2424,151
2425,151
2426,151
2427,150
2428,151
2429,151
2430,151
2431,151
2432,151
2433,151
2434,151
2435,150
2436,151
2437,151
2438,151
2439,151
2440,150
2441,150
2442,150
2443,150
2444,150
2445,150
2446,150
2447,150
2448,150
2449,150
2450,150
2451,150
2452,150
2453,150
2454,151
2455,151
2456,150
2457,150
2458,150
2459,150
2460,150
2461,150
2462,150
2463,150
2464,150
2465,150
2466,150
2467,150
2468,150
2469,150
2470,150
2471,150
2472,150
2473,150
2474,150
2475,150
2476,150
2477,150
2478,150
2479,150
2480,150
2481,150
2482,150
2483,150
2484,150
2485,150
2486,150
2487,150
2488,150
2489,150
2490,150
2491,150
2492,150
2493,149
2494,149
2495,149
2496,150
2497,150
2498,150
2499,150
2500,150
2501,150
2502,150
2503,150
2504,150
2505,150
2506,150
2507,150
2508,150
2509,150
2510,150
2511,150
2512,150
2513,150
2514,150
2515,150
2516,150
2517,150
2518,150
2519,150
2520,150
2521,149
2522,149
2523,150
2524,150
2525,149
2526,150
2527,150
2528,150
2529,150
2530,150
2531,150
2532,149
2533,149
2534,150
2535,149
2536,149
2537,149
2538,149
2539,149
2540,149
2541,149
2542,149
2543,149
2544,149
2545,149
2546,150
2547,150
2548,149
2549,149
2550,150
2551,150
2552,150
2553,150
2554,150
2555,150
2556,150
2557,149
2558,149
2559,149
2560,149
2561,149
2562,149
2563,149
2564,149
2565,149
2566,150
2567,150
2568,149
2569,149
2570,149
2571,150
2572,150
2573,150
2574,150
2575,150
2576,150
2577,150
2578,150
2579,150
2580,150
2581,150
2582,150
2583,150
2584,150
2585,151
2586,151
2587,151
2588,151
2589,151
2590,151
2591,151
2592,151
2593,151
2594,151
2595,151
2596,151
2597,151
2598,151
2599,151
2600,151
2601,151
2602,151
2603,151
2604,151
2605,151
2606,151
2607,151
2608,151
2609,151
2610,151
2611,151
2612,150
2613,150
2614,150
2615,150
2616,150
2617,150
2618,151
2619,151
2620,151
2621,151
2622,151
2623,151
2624,151
2625,151
2626,151
2627,151
2628,151
2629,151
2630,151
2631,151
2632,151
2633,151
2634,151
2635,151
2636,151
2637,151
2638,151
2639,151
2640,151
2641,151
2642,151
2643,150
2644,150
2645,150
2646,150
2647,150
2648,150
2649,151
2650,151
2651,151
2652,151
2653,151
2654,151
2655,151
2656,151
2657,151
2658,151
2659,151
2660,151
2661,151
2662,151
2663,151
2664,151
2665,151
2666,151
2667,151
2668,151
2669,151
2670,151
2671,151
2672,151
2673,151
2674,151
2675,151
2676,151
2677,151
2678,151
2679,151
2680,151
2681,151
2682,151
2683,151
2684,151
2685,151
2686,151
2687,151
2688,151
2689,151
2690,151
2691,150
2692,150
2693,150
2694,150
2695,150
2696,150
2697,150
2698,150
2699,150
2700,150
2701,150
2702,150
2703,150
2704,150
2705,150
2706,150
2707,150
2708,150
2709,150
2710,150
2711,150
2712,150
2713,149
2714,150
2715,150
2716,150
2717,150
2718,150
2719,150
2720,150
2721,150
2722,150
2723,150
2724,150
2725,150
2726,150
2727,150
2728,150
2729,150
2730,150
2731,150
2732,150
2733,150
2734,150
2735,150
2736,150
2737,150
2738,150
2739,150
2740,150
2741,150
2742,150
2743,150
2744,150
2745,150
2746,150
2747,150
2748,150
2749,150
2750,150
2751,149
2752,150
2753,150
2754,150
2755,150
2756,150
2757,150
2758,150
2759,150
2760,149
2761,149
2762,150
2763,150
2764,150
2765,150
2766,150
2767,150
2768,150
2769,150
2770,150
2771,150
2772,150
2773,150
2774,150
2775,150
2776,150
2777,150
2778,150
2779,150
2780,150
2781,150
2782,150
2783,150
2784,150
2785,150
2786,150
2787,150
2788,150
2789,150
2790,151
2791,151
2792,151
2793,151
2794,151
2795,151
2796,151
2797,151
2798,152
2799,152
2800,152
2801,152
2802,152
2803,152
2804,152
2805,152
2806,152
2807,152
2808,152
2809,152
2810,152
2811,152
2812,151
2813,151
2814,151
2815,151
2816,151
2817,151
2818,152
2819,152
2820,152
2821,152
2822,152
2823,152
2824,152
2825,152
2826,151
2827,151
2828,151
2829,151
2830,151
2831,151
2832,151
2833,151
2834,151
2835,152
2836,151
2837,151
2838,151
2839,152
2840,152
2841,152
2842,152
2843,152
2844,152
2845,152
2846,152
2847,152
2848,152
2849,151
2850,151
2851,152
2852,152
2853,152
2854,152
2855,152
2856,152
2857,152
2858,152
2859,151
2860,152
2861,152
2862,152
2863,152
2864,152
2865,152
2866,152
2867,152
2868,152
2869,152
2870,152
2871,152
2872,152
2873,152
2874,152
2875,152
2876,152
2877,152
2878,152
2879,152
2880,152
2881,152
2882,153
2883,153
2884,152
2885,152
2886,153
2887,153
2888,152
2889,153
2890,153
2891,153
2892,153
2893,153
2894,152
2895,153
2896,153
2897,153
2898,152
2899,152
2900,152
2901,152
2902,152
2903,152
2904,152
2905,152
2906,152
2907,152
2908,152
2909,152
2910,152
2911,152
2912,152
2913,152
2914,152
2915,153
2916,152
2917,153
2918,153
2919,153
2920,153
2921,153
2922,153
2923,153
2924,154
2925,154
2926,154
2927,154
2928,154
2929,154
2930,154
2931,154
2932,154
2933,154
2934,153
2935,154
2936,154
2937,154
2938,154
2939,154
2940,153
2941,153
2942,153
2943,153
2944,154
2945,154
2946,154
2947,154
2948,154
2949,154
2950,154
2951,154
2952,154
2953,154
2954,154
2955,154
2956,154
2957,154
2958,154
2959,154
2960,154
2961,154
2962,154
2963,154
2964,154
2965,153
2966,154
2967,153
2968,154
2969,154
2970,154
2971,154
2972,154
2973,154
2974,154
2975,154
2976,154
2977,154
2978,154
2979,154
2980,154
2981,155
2982,155
2983,155
2984,154
2985,155
2986,155
2987,155
2988,155
2989,155
2990,155
2991,154
2992,155
2993,155
2994,155
2995,155
2996,155
2997,155
2998,155
2999,155
3000,155
3001,155
3002,155
3003,155
3004,155
3005,155
3006,155
3007,155
3008,155
3009,155
3010,155
3011,155
3012,155
3013,155
3014,155
3015,155
3016,155
3017,155
3018,155
3019,155
3020,154
3021,155
3022,154
3023,154
3024,154
3025,154
3026,154
3027,154
3028,154
3029,154
3030,154
3031,154
3032,154
3033,155
3034,155
3035,155
3036,155
3037,155
3038,155
3039,154
3040,154
3041,154
3042,155
3043,155
3044,155
3045,155
3046,155
3047,155
3048,155
3049,155
3050,155
3051,155
3052,155
3053,155
3054,155
3055,155
3056,155
3057,155
3058,155
3059,155
3060,155
3061,155
3062,154
3063,154
3064,154
3065,154
3066,154
3067,154
3068,155
3069,155
3070,155
3071,154
3072,154
3073,154
3074,155
3075,155
3076,155
3077,155
3078,154
3079,155
3080,155
3081,155
3082,155
3083,155
3084,155
3085,155
3086,155
3087,155
3088,155
3089,155
3090,155
3091,155
3092,155
3093,155
3094,155
3095,155
3096,155
3097,155
3098,155
3099,155
3100,155
3101,156
3102,156
3103,156
3104,156
3105,156
3106,156
3107,156
3108,156
3109,156
3110,156
3111,156
3112,156
3113,155
3114,156
3115,156
3116,156
3117,156
3118,156
3119,156
3120,156
3121,156
3122,156
3123,156
3124,155
3125,155
3126,155
3127,155
3128,155
3129,155
3130,155
3131,155
3132,155
3133,155
3134,155
3135,155
3136,155
3137,155
3138,155
3139,155
3140,155
3141,155
3142,155
3143,155
3144,154
3145,154
3146,154
3147,155
3148,155
3149,155
3150,155
3151,155
3152,155
3153,154
3154,154
3155,155
3156,155
3157,155
3158,155
3159,155
3160,155
3161,155
3162,155
3163,155
3164,155
3165,155
3166,155
3167,155
3168,156
3169,156
3170,156
3171,155
3172,155
3173,155
3174,155
3175,155
3176,155
3177,155
3178,155
3179,156
3180,156
3181,156
3182,155
3183,155
3184,155
3185,155
3186,155
3187,155
3188,154
3189,155
3190,155
3191,155
3192,154
3193,154
3194,154
3195,154
3196,154
3197,154
3198,154
3199,154
3200,154
3201,154
3202,154
3203,154
3204,154
3205,154
3206,154
3207,154
3208,154
3209,153
3210,154
3211,154
3212,154
3213,153
3214,153
3215,153
3216,153
3217,153
3218,152
3219,152
3220,152
3221,151
3222,151
3223,151
3224,152
3225,152
3226,152
3227,152
3228,152
3229,152
3230,152
3231,152
3232,152
3233,152
3234,152
3235,152
3236,152
3237,152
3238,152
3239,152
3240,152
3241,151
3242,151
3243,151
3244,151
3245,151
3246,151
3247,150
3248,151
3249,150
3250,151
3251,151
3252,151
3253,151
3254,151
3255,151
3256,151
3257,151
3258,151
3259,151
3260,151
3261,151
3262,151
3263,151
3264,151
3265,151
3266,151
3267,151
3268,150
3269,150
3270,150
3271,150
3272,150
3273,150
3274,150
3275,150
3276,150
3277,150
3278,150
3279,150
3280,150
3281,150
3282,151
3283,151
3284,151
3285,151
3286,151
3287,151
3288,151
3289,150
3290,150
3291,150
3292,150
3293,150
3294,150
3295,150
3296,150
3297,150
3298,150
3299,150
3300,150
3301,150
3302,150
3303,150
3304,150
3305,150
3306,150
3307,150
3308,150
3309,150
3310,150
3311,150
3312,149
3313,150
3314,149
3315,149
3316,149
3317,149
3318,150
3319,150
3320,150
3321,149
3322,149
3323,149
3324,150
3325,150
3326,150
3327,150
3328,150
3329,150
3330,150
3331,149
3332,149
3333,149
3334,149
3335,149
3336,149
3337,149
3338,149
3339,150
3340,150
3341,149
3342,149
3343,149
3344,149
3345,149
3346,149
3347,149
3348,149
3349,149
3350,149
3351,149
3352,149
3353,150
3354,149
3355,149
3356,149
3357,149
3358,149
3359,149
3360,149
3361,149
3362,149
3363,149
3364,149
3365,149
3366,149
3367,149
3368,149
3369,149
3370,149
3371,149
3372,149
3373,149
3374,149
3375,149
3376,149
3377,149
3378,150
3379,149
3380,150
3381,150
3382,150
3383,150
3384,150
3385,150
3386,150
3387,150
3388,150
3389,150
3390,150
3391,150
3392,150
3393,150
3394,150
3395,150
3396,150
3397,150
3398,150
3399,150
3400,150
3401,150
3402,150
3403,150
3404,150
3405,151
3406,150
3407,150
3408,151
3409,150
3410,150
3411,151
3412,151
3413,151
3414,150
3415,150
3416,150
3417,151
3418,150
3419,150
3420,150
3421,150
3422,150
3423,151
3424,151
3425,150
3426,150
3427,150
3428,150
3429,150
3430,150
3431,150
3432,150
3433,150
3434,150
3435,150
3436,150
3437,150
3438,150
3439,150
3440,150
3441,150
3442,150
3443,150
3444,150
3445,150
3446,150
3447,150
3448,150
3449,150
3450,150
3451,150
3452,149
3453,149
3454,149
3455,149
3456,149
3457,149
3458,149
3459,149
3460,150
3461,150
3462,150
3463,150
3464,150
3465,150
3466,150
3467,150
3468,150
3469,150
3470,150
3471,150
3472,150
3473,150
3474,150
3475,150
3476,150
3477,150
3478,151
3479,151
3480,151
3481,151
3482,151
3483,151
3484,151
3485,151
3486,151
3487,151
3488,151
3489,151
3490,151
3491,151
3492,151
3493,151
3494,151
3495,151
3496,151
3497,151
3498,151
3499,151
3500,151
3501,151
3502,151
3503,151
3504,151
3505,151
3506,151
3507,151
3508,151
3509,151
3510,151
3511,152
3512,152
3513,152
3514,152
3515,152
3516,151
3517,151
3518,151
3519,151
3520,151
3521,151
3522,151
3523,151
3524,151
3525,151
3526,151
3527,150
3528,150
3529,150
3530,150
3531,150
3532,150
3533,150
3534,150
3535,150
3536,150
3537,150
3538,150
3539,150
3540,150
3541,150
3542,150
3543,150
3544,150
3545,150
3546,150
3547,150
3548,150
3549,150
3550,150
3551,150
3552,150
3553,150
3554,150
3555,150
3556,150
3557,150
3558,150
3559,150
3560,150
3561,150
3562,150
3563,150
3564,150
3565,150
3566,150
3567,150
3568,150
3569,150
3570,150
3571,150
3572,150
3573,150
3574,150
3575,150
3576,150
3577,150
3578,150
3579,150
3580,150
3581,150
3582,150
3583,150
3584,150
3585,150
3586,150
3587,150
3588,150
3589,150
3590,150
3591,150
3592,150
3593,150
3594,150
3595,150
3596,150
3597,149
3598,149
3599,149
3600,149
3601,149
3602,149
3603,149
3604,149
3605,148
3606,148
3607,148
3608,148
3609,148
3610,148
3611,149
3612,149
3613,149
3614,149
3615,149
3616,149
3617,149
3618,149
3619,149
3620,149
3621,149
3622,149
3623,150
3624,150
3625,150
3626,150
3627,150
3628,150
3629,150
3630,150
3631,150
3632,150
3633,150
3634,150
3635,150
3636,150
3637,149
3638,149
3639,149
3640,150
3641,150
3642,150
3643,150
3644,150
3645,150
3646,150
3647,150
3648,150
3649,150
3650,150
3651,150
3652,150
3653,150
3654,150
3655,150
3656,151
3657,150
3658,150
3659,150
3660,150
3661,150
3662,150
3663,150
3664,150
3665,150
3666,150
3667,150
3668,150
3669,150
3670,150
3671,150
3672,150
3673,151
3674,151
3675,151
3676,151
3677,151
3678,151
3679,151
3680,151
3681,151
3682,150
3683,150
3684,150
3685,150
3686,150
3687,150
3688,151
3689,151
3690,151
3691,151
3692,151
3693,151
3694,151
3695,151
3696,151
3697,151
3698,151
3699,151
3700,151
3701,151
3702,151
3703,151
3704,151
3705,151
3706,151
3707,151
3708,151
3709,151
3710,151
3711,151
3712,151
3713,151
3714,151
3715,151
3716,151
3717,151
3718,151
3719,151
3720,151
3721,151
3722,151
3723,151
3724,151
3725,151
3726,151
3727,151
3728,151
3729,151
3730,151
3731,151
3732,151
3733,151
3734,151
3735,151
3736,151
3737,151
3738,151
3739,151
3740,151
3741,150
3742,150
3743,150
3744,150
3745,150
3746,150
3747,150
3748,150
3749,150
3750,150
3751,150
3752,150
3753,150
3754,150
3755,150
3756,150
3757,150
3758,150
3759,150
3760,150
3761,150
3762,150
3763,150
3764,150
3765,150
3766,150
3767,150
3768,150
3769,150
3770,150
3771,150
3772,150
3773,150
3774,150
3775,150
3776,150
3777,150
3778,150
3779,150
3780,150
3781,150
3782,150
3783,150
3784,150
3785,150
3786,150
3787,150
3788,151
3789,151
3790,151
3791,151
3792,151
3793,151
3794,151
3795,151
3796,151
3797,151
3798,151
3799,151
3800,151
3801,151
3802,151
3803,151
3804,150
3805,150
3806,150
3807,150
3808,150
3809,150
3810,150
3811,151
3812,150
3813,151
3814,151
3815,151
3816,151
3817,151
3818,151
3819,151
3820,151
3821,151
3822,151
3823,151
3824,151
3825,151
3826,151
3827,151
3828,150
3829,151
3830,151
3831,151
3832,151
3833,151
3834,151
3835,151
3836,151
3837,151
3838,150
3839,151
3840,151
3841,151
3842,150
3843,150
3844,151
3845,151
3846,151
3847,151
3848,151
3849,151
3850,150
3851,150
3852,151
3853,151
3854,151
3855,151
3856,151
3857,151
3858,151
3859,151
3860,151
3861,151
3862,151
3863,150
3864,150
3865,150
3866,149
3867,149
3868,149
3869,149
3870,148
3871,148
3872,148
3873,148
3874,148
3875,148
3876,148
3877,148
3878,148
3879,148
3880,148
3881,148
3882,148
3883,147
3884,147
3885,147
3886,148
3887,148
3888,148
3889,148
3890,148
3891,148
3892,147
3893,147
3894,147
3895,148
3896,148
3897,148
3898,148
3899,148
3900,148
3901,148
3902,148
3903,148
3904,148
3905,148
3906,148
3907,148
3908,148
3909,148
3910,148
3911,148
3912,147
3913,148
3914,148
3915,148
3916,148
3917,148
3918,148
3919,148
3920,148
3921,148
3922,148
3923,148
3924,147
3925,147
3926,147
3927,147
3928,147
3929,147
3930,147
3931,147
3932,147
3933,147
3934,147
3935,147
3936,147
3937,148
3938,148
3939,148
3940,148
3941,148
3942,148
3943,148
3944,148
3945,148
3946,148
3947,148
3948,148
3949,148
3950,148
3951,148
3952,147
3953,148
3954,148
3955,148
3956,148
3957,148
3958,148
3959,148
3960,148
3961,148
3962,148
3963,148
3964,148
3965,148
3966,148
3967,148
3968,148
3969,148
3970,148
3971,148
3972,147
3973,147
3974,147
3975,147
3976,147
3977,147
3978,147
3979,147
3980,147
3981,147
3982,147
3983,147
3984,147
3985,147
3986,147
3987,147
3988,147
3989,147
3990,147
3991,147
3992,147
3993,147
3994,147
3995,147
3996,147
3997,147
3998,147
3999,147
4000,147
4001,147
4002,147
4003,147
4004,147
4005,147
4006,147
4007,147
4008,147
4009,147
4010,147
4011,147
4012,147
4013,147
4014,147
4015,147
4016,147
4017,147
4018,147
4019,146
4020,147
4021,147
4022,147
4023,147
4024,147
4025,147
4026,147
4027,147
4028,147
4029,147
4030,147
4031,147
4032,147
4033,147
4034,147
4035,147
4036,147
4037,147
4038,147
4039,147
4040,147
4041,147
4042,147
4043,147
4044,146
4045,146
4046,146
4047,147
4048,146
4049,146
4050,147
4051,146
4052,146
4053,146
4054,146
4055,146
4056,146
4057,146
4058,146
4059,146
4060,146
4061,146
4062,146
4063,146
4064,146
4065,146
4066,146
4067,146
4068,147
4069,147
4070,147
4071,147
4072,147
4073,147
4074,147
4075,146
4076,146
4077,147
4078,147
4079,147
4080,146
4081,146
4082,146
4083,146
4084,146
4085,146
4086,146
4087,146
4088,147
4089,147
4090,147
4091,147
4092,147
4093,147
4094,147
4095,147
4096,147
4097,146
4098,146
4099,146
4100,146
4101,146
4102,146
4103,146
4104,146
4105,146
4106,147
4107,147
4108,147
4109,147
4110,147
4111,147
4112,147
4113,148
4114,148
4115,148
4116,148
4117,148
4118,148
4119,148
4120,148
4121,149
4122,149
4123,149
4124,149
4125,149
4126,149
4127,149
4128,149
4129,149
4130,149
4131,149
4132,149
4133,149
4134,149
4135,149
4136,150
4137,150
4138,150
4139,150
4140,150
4141,150
4142,149
4143,149
4144,149
4145,149
4146,149
4147,149
4148,149
4149,149
4150,149
4151,149
4152,149
4153,149
4154,149
4155,149
4156,149
4157,149
4158,150
4159,150
4160,150
4161,150
4162,150
4163,149
4164,150
4165,150
4166,150
4167,150
4168,150
4169,150
4170,150
4171,150
4172,150
4173,150
4174,150
4175,150
4176,150
4177,150
4178,150
4179,150
4180,150
4181,150
4182,150
4183,150
4184,150
4185,150
4186,151
4187,151
4188,151
4189,151
4190,150
4191,151
4192,151
4193,151
4194,151
4195,150
4196,150
4197,150
4198,150
4199,150
4200,150
4201,150
4202,150
4203,150
4204,150
4205,150
4206,150
4207,150
4208,150
4209,150
4210,150
4211,150
4212,150
4213,150
4214,150
4215,150
4216,150
4217,150
4218,150
4219,150
4220,150
4221,150
4222,150
4223,150
4224,150
4225,150
4226,150
4227,150
4228,150
4229,150
4230,150
4231,150
4232,150
4233,150
4234,150
4235,150
4236,150
4237,150
4238,150
4239,150
4240,150
4241,150
4242,150
4243,150
4244,149
4245,149
4246,149
4247,149
4248,149
4249,149
4250,150
4251,150
4252,150
4253,150
4254,150
4255,150
4256,150
4257,150
4258,150
4259,150
4260,150
4261,150
4262,150
4263,150
4264,150
4265,150
4266,150
4267,150
4268,150
4269,149
4270,149
4271,149
4272,149
4273,149
4274,149
4275,149
4276,149
4277,149
4278,149
4279,149
4280,149
4281,149
4282,150
4283,150
4284,150
4285,150
4286,149
4287,149
4288,149
4289,149
4290,150
4291,150
4292,150
4293,150
4294,150
4295,150
4296,150
4297,150
4298,150
4299,150
4300,150
4301,150
4302,150
4303,150
4304,150
4305,150
4306,150
4307,150
4308,150
4309,150
4310,150
4311,150
4312,150
4313,150
4314,150
4315,150
4316,150
4317,150
4318,150
4319,151
4320,151
4321,151
4322,150
4323,150
4324,150
4325,150
4326,150
4327,151
4328,151
4329,151
4330,151
4331,151
4332,151
4333,151
4334,151
4335,151
4336,151
4337,151
4338,151
4339,151
4340,150
4341,150
4342,151
4343,151
4344,151
4345,151
4346,151
4347,151
4348,151
4349,151
4350,151
4351,151
4352,151
4353,151
4354,152
4355,151
4356,151
4357,152
4358,152
4359,152
4360,152
4361,152
4362,152
4363,152
4364,152
4365,151
4366,151
4367,151
4368,151
4369,151
4370,151
4371,152
4372,152
4373,152
4374,152
4375,152
4376,152
4377,152
4378,152
4379,152
4380,152
4381,152
4382,152
4383,152
4384,152
4385,152
4386,152
4387,152
4388,152
4389,152
4390,152
4391,152
4392,152
4393,152
4394,152
4395,152
4396,152
4397,152
4398,152
4399,152
4400,152
4401,152
4402,152
4403,151
4404,151
4405,151
4406,151
4407,152
4408,152
4409,152
4410,152
4411,152
4412,152
4413,152
4414,152
4415,151
4416,152
4417,152
4418,152
4419,151
4420,151
4421,152
4422,152
4423,152
4424,152
4425,152
4426,152
4427,152
4428,152
4429,152
4430,152
4431,152
4432,152
4433,152
4434,152
4435,152
4436,152
4437,152
4438,152
4439,153
4440,153
4441,153
4442,153
4443,153
4444,153
4445,153
4446,153
4447,153
4448,153
4449,153
4450,153
4451,153
4452,153
4453,153
4454,153
4455,153
4456,153
4457,153
4458,153
4459,153
4460,153
4461,153
4462,153
4463,153
4464,153
4465,153
4466,153
4467,153
4468,153
4469,153
4470,153
4471,153
4472,153
4473,153
4474,153
4475,153
4476,153
4477,153
4478,153
4479,153
4480,153
4481,153
4482,153
4483,153
4484,153
4485,153
4486,153
4487,153
4488,153
4489,153
4490,153
4491,153
4492,153
4493,153
4494,153
4495,153
4496,153
4497,153
4498,153
4499,153
4500,153
4501,153
4502,153
4503,153
4504,153
4505,153
4506,153
4507,153
4508,153
4509,153
4510,153
4511,153
4512,153
4513,153
4514,153
4515,153
4516,153
4517,153
4518,153
4519,153
4520,153
4521,153
4522,153
4523,153
4524,153
4525,153
4526,153
4527,153
4528,154
4529,153
4530,153
4531,153
4532,154
4533,154
4534,154
4535,154
4536,154
4537,154
4538,155
4539,155
4540,155
4541,155
4542,155
4543,155
4544,155
4545,155
4546,155
4547,155
4548,154
4549,155
4550,155
4551,154
4552,155
4553,154
4554,154
4555,154
4556,154
4557,154
4558,154
4559,155
4560,155
4561,155
4562,155
4563,155
4564,155
4565,155
4566,155
4567,154
4568,154
4569,155
4570,155
4571,155
4572,155
4573,155
4574,155
4575,155
4576,155
4577,155
4578,155
4579,155
4580,155
4581,154
4582,155
4583,155
4584,155
4585,155
4586,155
4587,155
4588,155
4589,155
4590,154
4591,155
4592,155
4593,155
4594,154
4595,154
4596,154
4597,154
4598,155
4599,154
4600,154
4601,155
4602,155
4603,155
4604,155
4605,155
4606,155
4607,155
4608,155
4609,155
4610,155
4611,155
4612,155
4613,155
4614,155
4615,155
4616,154
4617,155
4618,155
4619,155
4620,155
4621,155
4622,155
4623,155
4624,154
4625,154
4626,154
4627,155
4628,155
4629,154
4630,154
4631,155
4632,155
4633,155
4634,155
4635,155
4636,155
4637,155
4638,155
4639,155
4640,155
4641,155
4642,155
4643,155
4644,156
4645,156
4646,156
4647,156
4648,156
4649,156
4650,156
4651,156
4652,156
4653,156
4654,156
4655,156
4656,156
4657,156
4658,156
4659,156
4660,156
4661,156
4662,156
4663,156
4664,156
4665,156
4666,156
4667,156
4668,156
4669,156
4670,156
4671,156
4672,156
4673,156
4674,156
4675,156
4676,156
4677,156
4678,156
4679,156
4680,156
4681,156
4682,156
4683,156
4684,156
4685,156
4686,156
4687,156
4688,156
4689,156
4690,156
4691,156
4692,156
4693,156
4694,156
4695,156
4696,156
4697,156
4698,156
4699,156
4700,156
4701,156
4702,156
4703,156
4704,156
4705,156
4706,156
4707,156
4708,156
4709,156
4710,156
4711,156
4712,156
4713,156
4714,156
4715,156
4716,156
4717,156
4718,156
4719,156
4720,156
4721,156
4722,156
4723,156
4724,157
4725,156
4726,156
4727,156
4728,156
4729,157
4730,157
4731,157
4732,157
4733,157
4734,157
4735,157
4736,157
4737,157
4738,157
4739,157
4740,157
4741,157
4742,157
4743,157
4744,157
4745,157
4746,157
4747,157
4748,157
4749,157
4750,157
4751,157
4752,157
4753,157
4754,157
4755,157
4756,157
4757,158
4758,158
4759,158
4760,158
4761,158
4762,158
4763,158
4764,158
4765,158
4766,158
4767,158
4768,158
4769,158
4770,158
4771,158
4772,158
4773,158
4774,158
4775,158
4776,158
4777,158
4778,158
4779,158
4780,158
4781,157
4782,157
4783,157
4784,158
4785,158
4786,158
4787,158
4788,158
4789,158
4790,158
4791,158
4792,157
4793,158
4794,158
4795,158
4796,158
4797,158
4798,158
4799,158
4800,158
4801,158
4802,158
4803,158
4804,158
4805,158
4806,158
4807,158
4808,157
4809,157
4810,157
4811,157
4812,157
4813,157
4814,157
4815,157
4816,157
4817,157
4818,157
4819,157
4820,157
4821,157
4822,157
4823,157
4824,157
4825,157
4826,157
4827,157
4828,157
4829,157
4830,157
4831,157
4832,157
4833,157
4834,157
4835,157
4836,157
4837,157
4838,157
4839,157
4840,157
4841,157
4842,157
4843,157
4844,157
4845,157
4846,157
4847,157
4848,157
4849,157
4850,157
4851,157
4852,157
4853,157
4854,157
4855,157
4856,157
4857,157
4858,158
4859,158
4860,158
4861,157
4862,157
4863,157
4864,157
4865,158
4866,158
4867,158
4868,158
4869,158
4870,158
4871,158
4872,158
4873,158
4874,158
4875,158
4876,158
4877,158
4878,158
4879,158
4880,158
4881,158
4882,158
4883,158
4884,158
4885,158
4886,158
4887,158
4888,158
4889,158
4890,158
4891,158
4892,158
4893,158
4894,158
4895,157
4896,157
4897,157
4898,157
4899,157
4900,157
4901,157
4902,157
4903,157
4904,157
4905,157
4906,157
4907,157
4908,157
4909,158
4910,158
4911,158
4912,158
4913,158
4914,158
4915,158
4916,158
4917,158
4918,158
4919,158
4920,157
4921,157
4922,157
4923,158
4924,158
4925,158
4926,158
4927,158
4928,158
4929,158
4930,157
4931,158
4932,158
4933,158
4934,157
4935,157
4936,157
4937,158
4938,158
4939,158
4940,158
4941,158
4942,158
4943,158
4944,158
4945,157
4946,158
4947,158
4948,157
4949,157
4950,157
4951,158
4952,158
4953,158
4954,158
4955,157
4956,157
4957,157
4958,157
4959,158
4960,158
4961,158
4962,158
4963,158
4964,158
4965,158
4966,158
4967,158
4968,158
4969,158
4970,158
4971,158
4972,158
4973,157
4974,158
4975,157
4976,157
4977,158
4978,158
4979,158
4980,157
4981,157
4982,157
4983,157
4984,157
4985,157
4986,157
4987,157
4988,157
4989,156
4990,156
4991,156
4992,156
4993,156
4994,156
4995,156
4996,156
4997,156
4998,156
4999,155
5000,156
5001,156
5002,156
5003,156
5004,156
5005,156
5006,155
5007,156
5008,156
5009,156
5010,156
5011,156
5012,156
5013,156
5014,156
5015,156
5016,156
5017,156
5018,156
5019,156
5020,156
5021,156
5022,156
5023,156
5024,156
5025,156
5026,156
5027,156
5028,156
5029,156
5030,156
5031,156
5032,156
5033,156
5034,156
5035,156
5036,156
5037,156
5038,156
5039,156
5040,157
5041,157
5042,157
5043,156
5044,156
5045,156
5046,156
5047,157
5048,157
5049,156
5050,157
5051,157
5052,156
5053,156
5054,156
5055,156
5056,156
5057,156
5058,157
5059,157
5060,156
5061,157
5062,157
5063,157
5064,157
5065,157
5066,157
5067,157
5068,157
5069,157
5070,157
5071,157
5072,157
5073,157
5074,158
5075,158
5076,158
5077,158
5078,158
5079,158
5080,158
5081,158
5082,158
5083,158
5084,158
5085,158
5086,158
5087,158
5088,159
5089,159
5090,159
5091,159
5092,159
5093,159
5094,159
5095,159
5096,159
5097,159
5098,158
5099,158
5100,158
5101,158
5102,158
5103,158
5104,158
5105,158
5106,158
5107,158
5108,158
5109,158
5110,158
5111,159
5112,159
5113,159
5114,159
5115,159
5116,159
5117,159
5118,159
5119,159
5120,159
5121,159
5122,159
5123,159
5124,159
5125,159
5126,159
5127,159
5128,159
5129,159
5130,159
5131,159
5132,159
5133,159
5134,159
5135,159
5136,159
5137,159
5138,159
5139,159
5140,159
5141,159
5142,159
5143,159
5144,159
5145,159
5146,159
5147,159
5148,159
5149,159
5150,160
5151,160
5152,160
5153,160
5154,159
5155,159
5156,159
5157,159
5158,159
5159,159
5160,159
5161,159
5162,159
5163,159
5164,159
5165,159
5166,159
5167,159
5168,159
5169,159
5170,159
5171,158
5172,158
5173,158
5174,158
5175,159
5176,159
5177,159
5178,159
5179,159
5180,159
5181,159
5182,159
5183,159
5184,159
5185,159
5186,159
5187,159
5188,159
5189,160
5190,160
5191,160
5192,160
5193,160
5194,160
5195,160
5196,160
5197,160
5198,160
5199,160
5200,160
5201,160
5202,160
5203,160
5204,160
5205,160
5206,160
5207,160
5208,160
5209,160
5210,160
5211,160
5212,160
5213,160
5214,160
5215,160
5216,160
5217,160
5218,160
5219,160
5220,160
5221,160
5222,160
5223,160
5224,160
5225,160
5226,160
5227,161
5228,161
5229,161
5230,161
5231,161
5232,162
5233,162
5234,161
5235,161
5236,162
5237,162
5238,162
5239,161
5240,161
5241,162
5242,162
5243,162
5244,162
5245,162
5246,162
5247,162
5248,162
5249,162
5250,162
5251,162
5252,162
5253,162
5254,162
5255,162
5256,162
5257,162
5258,161
5259,161
5260,161
5261,161
5262,161
5263,162
5264,162
5265,162
5266,162
5267,161
5268,162
5269,161
5270,162
5271,162
5272,162
5273,162
5274,162
5275,162
5276,162
5277,162
5278,162
5279,162
5280,161
5281,161
5282,162
5283,162
5284,162
5285,162
5286,162
5287,162
5288,162
5289,162
5290,162
5291,163
5292,163
5293,162
5294,163
5295,163
5296,163
5297,163
5298,163
5299,163
5300,163
5301,163
5302,163
5303,163
5304,163
5305,163
5306,163
5307,163
5308,163
5309,163
5310,163
5311,163
5312,163
5313,163
5314,163
5315,162
5316,163
5317,163
5318,163
5319,163
5320,163
5321,163
5322,163
5323,163
5324,163
5325,163
5326,163
5327,163
5328,162
5329,162
5330,162
5331,162
5332,162
5333,162
5334,162
5335,162
5336,162
5337,162
5338,162
5339,162
5340,162
5341,162
5342,162
5343,162
5344,162
5345,162
5346,162
5347,162
5348,162
5349,162
5350,162
5351,162
5352,162
5353,162
5354,162
5355,162
5356,162
5357,162
5358,162
5359,162
5360,162
5361,162
5362,162
5363,162
5364,162
5365,162
5366,162
5367,162
5368,162
5369,162
5370,162
5371,162
5372,162
5373,163
5374,162
5375,163
5376,163
5377,163
5378,163
5379,162
5380,162
5381,162
5382,163
5383,163
5384,163
5385,163
5386,163
5387,163
5388,163
5389,163
5390,163
5391,163
5392,163
5393,163
5394,163
5395,162
5396,162
5397,163
5398,163
5399,163
5400,163
5401,163
5402,163
5403,163
5404,163
5405,163
5406,163
5407,163
5408,163
5409,163
5410,164
5411,164
5412,164
5413,164
5414,164
5415,164
5416,164
5417,164
5418,164
5419,164
5420,164
5421,164
5422,164
5423,164
5424,164
5425,164
5426,164
5427,164
5428,164
5429,164
5430,164
5431,164
5432,164
5433,164
5434,164
5435,164
5436,164
5437,164
5438,164
5439,164
5440,164
5441,164
5442,164
5443,164
5444,164
5445,164
5446,164
5447,164
5448,164
5449,164
5450,164
5451,164
5452,164
5453,164
5454,164
5455,164
5456,164
5457,164
5458,164
5459,164
5460,164
5461,164
5462,164
5463,164
5464,164
5465,164
5466,164
5467,164
5468,164
5469,164
5470,164
5471,164
5472,164
5473,164
5474,164
5475,164
5476,164
5477,165
5478,165
5479,165
5480,165
5481,165
5482,164
5483,165
5484,165
5485,165
5486,165
5487,165
5488,165
5489,165
5490,165
5491,165
5492,165
5493,164
5494,164
5495,164
5496,164
5497,164
5498,164
5499,165
5500,165
5501,165
5502,165
5503,165
5504,165
5505,165
5506,165
5507,165
5508,165
5509,165
5510,165
5511,165
5512,165
5513,165
5514,165
5515,165
5516,165
5517,165
5518,165
5519,165
5520,165
5521,165
5522,165
5523,165
5524,165
5525,165
5526,165
5527,165
5528,165
5529,165
5530,165
5531,165
5532,165
5533,165
5534,165
5535,165
5536,165
5537,165
5538,165
5539,165
5540,165
5541,165
5542,165
5543,165
5544,164
5545,164
5546,164
5547,165
5548,165
5549,165
5550,165
5551,165
5552,165
5553,165
5554,165
5555,165
5556,165
5557,165
5558,165
5559,165
5560,165
5561,165
5562,165
5563,164
5564,164
5565,164
5566,164
5567,164
5568,164
5569,164
5570,164
5571,164
5572,164
5573,164
5574,164
5575,164
5576,164
5577,164
5578,164
5579,164
5580,164
5581,164
5582,164
5583,164
5584,164
5585,164
5586,164
5587,164
5588,164
5589,164
5590,164
5591,164
5592,164
5593,164
5594,164
5595,164
5596,164
5597,164
5598,164
5599,164
5600,164
5601,164
5602,164
5603,164
5604,164
5605,164
5606,164
5607,164
5608,163
5609,163
5610,163
5611,164
5612,164
5613,164
5614,164
5615,164
5616,164
5617,164
5618,164
5619,164
5620,164
5621,164
5622,164
5623,164
5624,164
5625,164
5626,164
5627,164
5628,164
5629,163
5630,163
5631,163
5632,163
5633,163
5634,163
5635,163
5636,163
5637,163
5638,163
5639,163
5640,163
5641,163
5642,163
5643,164
5644,164
5645,163
5646,164
5647,163
5648,164
5649,164
5650,163
5651,164
5652,164
5653,164
5654,164
5655,164
5656,164
5657,164
5658,164
5659,163
5660,163
5661,164
5662,164
5663,164
5664,164
5665,164
5666,164
5667,164
5668,164
5669,164
5670,164
5671,164
5672,164
5673,164
5674,164
5675,164
5676,164
5677,164
5678,164
5679,164
5680,164
5681,164
5682,164
5683,164
5684,164
5685,164
5686,164
5687,164
5688,164
5689,164
5690,164
5691,164
5692,164
5693,164
5694,164
5695,164
5696,164
5697,164
5698,164
5699,164
5700,163
5701,163
5702,164
5703,163
5704,163
5705,164
5706,164
5707,164
5708,164
5709,164
5710,163
5711,163
5712,163
5713,163
5714,164
5715,164
5716,164
5717,164
5718,163
5719,163
5720,163
5721,163
5722,163
5723,163
5724,163
5725,163
5726,163
5727,164
5728,164
5729,164
5730,164
5731,164
5732,164
5733,164
5734,164
5735,164
5736,164
5737,164
5738,164
5739,164
5740,165
5741,164
5742,165
5743,165
5744,165
5745,165
5746,164
5747,165
5748,165
5749,165
5750,165
5751,165
5752,166
5753,166
5754,166
5755,165
5756,165
5757,165
5758,165
5759,165
5760,165
5761,165
5762,165
5763,165
5764,165
5765,166
5766,166
5767,166
5768,166
5769,166
5770,166
5771,166
5772,166
5773,166
5774,166
5775,165
5776,165
5777,166
5778,166
5779,166
5780,165
5781,165
5782,166
5783,166
5784,166
5785,166
5786,166
5787,166
5788,167
5789,167
5790,167
5791,167
5792,167
5793,167
5794,167
5795,167
5796,167
5797,167
5798,167
5799,167
5800,167
5801,167
5802,167
5803,167
5804,167
5805,167
5806,167
5807,167
5808,167
5809,167
5810,167
5811,167
5812,166
5813,166
5814,166
5815,166
5816,166
5817,166
5818,166
5819,166
5820,166
5821,166
5822,166
5823,166
5824,166
5825,166
5826,166
5827,166
5828,166
5829,166
5830,166
5831,166
5832,166
5833,166
5834,166
5835,167
5836,167
5837,166
5838,166
5839,167
5840,167
5841,167
5842,167
5843,167
5844,167
5845,167
5846,167
5847,167
5848,167
5849,167
5850,167
5851,167
5852,167
5853,166
5854,167
5855,167
5856,167
5857,167
5858,166
5859,167
5860,167
5861,166
5862,166
5863,166
5864,166
5865,166
5866,166
5867,166
5868,166
5869,166
5870,166
5871,166
5872,166
5873,165
5874,165
5875,165
5876,166
5877,166
5878,166
5879,166
5880,166
5881,166
5882,166
5883,166
5884,166
5885,166
5886,166
5887,166
5888,166
5889,166
5890,166
5891,165
5892,165
5893,165
5894,166
5895,165
5896,165
5897,165
5898,165
5899,166
5900,166
5901,166
5902,166
5903,166
5904,166
5905,166
5906,166
5907,166
5908,166
5909,166
5910,166
5911,166
5912,165
5913,165
5914,165
5915,165
5916,165
5917,165
5918,165
5919,165
5920,165
5921,165
5922,165
5923,165
5924,165
5925,165
5926,165
5927,165
5928,165
5929,165
5930,165
5931,165
5932,165
5933,165
5934,165
5935,165
5936,165
5937,165
5938,165
5939,165
5940,165
5941,164
5942,164
5943,164
5944,164
5945,164
5946,164
5947,164
5948,164
5949,164
5950,164
5951,164
5952,164
5953,164
5954,164
5955,164
5956,164
5957,164
5958,164
5959,164
5960,164
5961,164
5962,163
5963,164
5964,164
5965,163
5966,163
5967,163
5968,163
5969,163
5970,164
5971,164
5972,164
5973,164
5974,164
5975,164
5976,164
5977,164
5978,164
5979,164
5980,164
5981,164
5982,163
5983,163
5984,163
5985,163
5986,163
5987,163
5988,163
5989,163
5990,163
5991,163
5992,163
5993,163
5994,163
5995,163
5996,163
5997,163
5998,163
5999,163
6000,163
6001,163
6002,163
6003,163
6004,163
6005,163
6006,163
6007,163
6008,163
6009,163
6010,163
6011,163
6012,163
6013,163
6014,163
6015,163
6016,163
6017,163
6018,163
6019,163
6020,163
6021,163
6022,163
6023,163
6024,163
6025,163
6026,163
6027,163
6028,163
6029,163
6030,163
6031,163
6032,163
6033,163
6034,163
6035,163
6036,163
6037,163
6038,163
6039,163
6040,163
6041,163
6042,163
6043,163
6044,163
6045,163
6046,163
6047,163
6048,163
6049,162
6050,162
6051,162
6052,162
6053,162
6054,163
6055,162
6056,162
6057,162
6058,162
6059,162
6060,162
6061,162
6062,162
6063,162
6064,162
6065,162
6066,162
6067,162
6068,163
6069,163
6070,163
6071,163
6072,163
6073,163
6074,163
6075,163
6076,163
6077,163
6078,163
6079,163
6080,163
6081,163
6082,163
6083,163
6084,162
6085,162
6086,163
6087,163
6088,163
6089,162
6090,162
6091,162
6092,163
6093,163
6094,162
6095,163
6096,163
6097,163
6098,163
6099,163
6100,163
6101,163
6102,163
6103,163
6104,163
6105,163
6106,163
6107,163
6108,163
6109,163
6110,163
6111,163
6112,163
6113,163
6114,163
6115,163
6116,163
6117,163
6118,163
6119,163
6120,163
6121,163
6122,163
6123,163
6124,163
6125,163
6126,163
6127,163
6128,163
6129,163
6130,163
6131,163
6132,163
6133,163
6134,163
6135,163
6136,163
6137,163
6138,163
6139,163
6140,163
6141,163
6142,163
6143,163
6144,163
6145,163
6146,163
6147,163
6148,163
6149,163
6150,163
6151,163
6152,162
6153,163
6154,163
6155,163
6156,163
6157,163
6158,163
6159,162
6160,162
6161,162
6162,162
6163,162
6164,162
6165,162
6166,163
6167,163
6168,163
6169,163
6170,163
6171,162
6172,163
6173,163
6174,163
6175,163
6176,163
6177,163
6178,163
6179,163
6180,163
6181,163
6182,163
6183,163
6184,163
6185,163
6186,163
6187,163
6188,163
6189,163
6190,163
6191,162
6192,162
6193,163
6194,163
6195,163
6196,163
6197,163
6198,163
6199,163
6200,163
6201,163
6202,163
6203,163
6204,162
6205,162
6206,162
6207,162
6208,162
6209,162
6210,162
6211,163
6212,163
6213,163
6214,163
6215,163
6216,163
6217,163
6218,163
6219,162
6220,162
6221,163
6222,163
6223,163
6224,163
6225,163
6226,163
6227,163
6228,163
6229,163
6230,163
6231,163
6232,163
6233,163
6234,163
6235,163
6236,163
6237,163
6238,163
6239,163
6240,163
6241,163
6242,162
6243,163
6244,163
6245,163
6246,162
6247,163
6248,163
6249,163
6250,163
6251,163
6252,163
6253,163
6254,163
6255,163
6256,162
6257,163
6258,163
6259,163
6260,163
6261,162
6262,162
6263,162
6264,162
6265,163
6266,163
6267,163
6268,163
6269,163
6270,163
6271,163
6272,163
6273,163
6274,163
6275,163
6276,163
6277,163
6278,163
6279,163
6280,163
6281,163
6282,164
6283,164
6284,163
6285,163
6286,163
6287,163
6288,163
6289,164
6290,164
6291,164
6292,164
6293,164
6294,164
6295,164
6296,164
6297,164
6298,164
6299,164
6300,164
6301,164
6302,164
6303,164
6304,164
6305,163
6306,163
6307,163
6308,163
6309,163
6310,163
6311,163
6312,163
6313,164
6314,164
6315,164
6316,164
6317,163
6318,164
6319,164
6320,164
6321,164
6322,164
6323,163
6324,163
6325,163
6326,163
6327,163
6328,163
6329,163
6330,163
6331,163
6332,163
6333,163
6334,163
6335,163
6336,163
6337,163
6338,163
6339,163
6340,163
6341,163
6342,163
6343,163
6344,163
6345,163
6346,163
6347,164
6348,163
6349,163
6350,163
6351,163
6352,163
6353,163
6354,163
6355,163
6356,163
6357,163
6358,164
6359,164
6360,164
6361,164
6362,164
6363,164
6364,163
6365,164
6366,164
6367,163
6368,163
6369,164
6370,164
6371,164
6372,164
6373,164
6374,164
6375,164
6376,164
6377,164
6378,165
6379,165
6380,165
6381,165
6382,165
6383,165
6384,166
6385,166
6386,166
6387,165
6388,165
6389,166
6390,166
6391,166
6392,166
6393,165
6394,165
6395,165
6396,165
6397,165
6398,165
6399,165
6400,164
6401,164
6402,164
6403,164
6404,164
6405,163
6406,163
6407,163
6408,163
6409,163
6410,163
6411,163
6412,163
6413,163
6414,163
6415,163
6416,163
6417,163
6418,163
6419,163
6420,163
6421,163
6422,163
6423,163
6424,163
6425,163
6426,163
6427,163
6428,163
6429,163
6430,163
6431,162
6432,163
6433,162
6434,162
6435,162
6436,162
6437,162
6438,162
6439,162
6440,162
6441,162
6442,162
6443,163
6444,163
6445,162
6446,162
6447,162
6448,162
6449,162
6450,162
6451,162
6452,162
6453,162
6454,162
6455,162
6456,162
6457,161
6458,162
6459,161
6460,161
6461,161
6462,161
6463,161
6464,161
6465,161
6466,161
6467,161
6468,161
6469,161
6470,161
6471,161
6472,161
6473,161
6474,161
6475,161
6476,161
6477,161
6478,161
6479,161
6480,161
6481,161
6482,161
6483,161
6484,161
6485,161
6486,161
6487,161
6488,161
6489,162
6490,162
6491,162
6492,162
6493,162
6494,162
6495,162
6496,162
6497,162
6498,163
6499,163
6500,163
6501,163
6502,163
6503,163
6504,162
6505,162
6506,162
6507,162
6508,162
6509,162
6510,162
6511,162
6512,162
6513,162
6514,162
6515,162
6516,162
6517,162
6518,161
6519,162
6520,162
6521,162
6522,162
6523,162
6524,162
6525,162
6526,161
6527,162
6528,162
6529,162
6530,161
6531,162
6532,162
6533,162
6534,162
6535,162
6536,162
6537,161
6538,162
6539,162
6540,162
6541,162
6542,162
6543,162
6544,161
6545,162
6546,162
6547,162
6548,162
6549,162
6550,162
6551,162
6552,162
6553,162
6554,162
6555,162
6556,162
6557,162
6558,162
6559,162
6560,162
6561,162
6562,162
6563,162
6564,162
6565,162
6566,162
6567,162
6568,162
6569,162
6570,162
6571,162
6572,162
6573,162
6574,162
6575,162
6576,162
6577,162
6578,162
6579,161
6580,161
6581,161
6582,162
6583,162
6584,162
6585,162
6586,162
6587,162
6588,162
6589,161
6590,161
6591,161
6592,161
6593,161
6594,161
6595,162
6596,162
6597,162
6598,162
6599,162
6600,162
6601,161
6602,161
6603,161
6604,161
6605,161
6606,161
6607,161
6608,161
6609,161
6610,161
6611,161
6612,161
6613,161
6614,161
6615,161
6616,161
6617,161
6618,161
6619,161
6620,161
6621,162
6622,161
6623,161
6624,161
6625,161
6626,161
6627,161
6628,161
6629,162
6630,162
6631,162
6632,162
6633,162
6634,161
6635,161
6636,161
6637,161
6638,161
6639,161
6640,161
6641,161
6642,161
6643,161
6644,161
6645,161
6646,161
6647,161
6648,161
6649,161
6650,161
6651,161
6652,161
6653,161
6654,161
6655,161
6656,161
6657,161
6658,161
6659,161
6660,161
6661,161
6662,161
6663,161
6664,161
6665,161
6666,161
6667,161
6668,161
6669,161
6670,161
6671,161
6672,161
6673,161
6674,161
6675,161
6676,161
6677,161
6678,161
6679,161
6680,161
6681,161
6682,161
6683,161
6684,161
6685,161
6686,161
6687,161
6688,161
6689,161
6690,161
6691,162
6692,162
6693,162
6694,162
6695,162
6696,162
6697,162
6698,162
6699,162
6700,162
6701,162
6702,162
6703,162
6704,162
6705,162
6706,162
6707,162
6708,162
6709,162
6710,162
6711,162
6712,162
6713,162
6714,162
6715,161
6716,161
6717,161
6718,161
6719,161
6720,161
6721,161
6722,162
6723,162
6724,161
6725,162
6726,161
6727,161
6728,161
6729,161
6730,161
6731,161
6732,161
6733,161
6734,161
6735,161
6736,161
6737,161
6738,161
6739,161
6740,160
6741,160
6742,160
6743,160
6744,160
6745,160
6746,160
6747,160
6748,160
6749,160
6750,160
6751,160
6752,160
6753,160
6754,160
6755,160
6756,160
6757,160
6758,160
6759,160
6760,160
6761,160
6762,160
6763,159
6764,159
6765,159
6766,160
6767,160
6768,160
6769,160
6770,160
6771,160
6772,159
6773,159
6774,159
6775,159
6776,159
6777,159
6778,159
6779,159
6780,159
6781,159
6782,159
6783,159
6784,159
6785,159
6786,159
6787,159
6788,159
6789,159
6790,159
6791,159
6792,159
6793,159
6794,159
6795,159
6796,159
6797,159
6798,159
6799,159
6800,160
6801,160
6802,160
6803,160
6804,160
6805,160
6806,159
6807,160
6808,160
6809,159
6810,159
6811,159
6812,159
6813,159
6814,160
6815,160
6816,160
6817,160
6818,160
6819,160
6820,160
6821,160
6822,160
6823,160
6824,160
6825,160
6826,160
6827,160
6828,160
6829,160
6830,160
6831,160
6832,160
6833,160
6834,160
6835,160
6836,160
6837,160
6838,160
6839,159
6840,159
6841,160
6842,160
6843,159
6844,159
6845,159
6846,159
6847,159
6848,160
6849,160
6850,160
6851,160
6852,160
6853,160
6854,160
6855,160
6856,160
6857,160
6858,160
6859,160
6860,160
6861,160
6862,161
6863,161
6864,161
6865,161
6866,161
6867,161
6868,161
6869,161
6870,160
6871,160
6872,160
6873,160
6874,160
6875,160
6876,161
6877,161
6878,161
6879,161
6880,161
6881,161
6882,161
6883,161
6884,160
6885,161
6886,161
6887,161
6888,161
6889,161
6890,161
6891,161
6892,161
6893,161
6894,161
6895,161
6896,161
6897,161
6898,161
6899,161
6900,161
6901,161
6902,161
6903,161
6904,161
6905,161
6906,162
6907,162
6908,162
6909,162
6910,161
6911,162
6912,162
6913,161
6914,161
6915,161
6916,161
6917,161
6918,161
6919,161
6920,161
6921,161
6922,161
6923,161
6924,161
6925,160
6926,161
6927,160
6928,160
6929,160
6930,160
6931,160
6932,160
6933,160
6934,160
6935,160
6936,160
6937,160
6938,160
6939,159
6940,159
6941,159
6942,159
6943,159
6944,159
6945,160
6946,160
6947,160
6948,160
6949,160
6950,160
6951,160
6952,159
6953,159
6954,160
6955,160
6956,160
6957,160
6958,160
6959,160
6960,159
6961,160
6962,160
6963,160
6964,160
6965,160
6966,160
6967,160
6968,160
6969,160
6970,160
6971,160
6972,160
6973,160
6974,160
6975,161
6976,161
6977,160
6978,161
6979,161
6980,161
6981,161
6982,161
6983,161
6984,161
6985,160
6986,161
6987,161
6988,161
6989,160
6990,161
6991,161
6992,161
6993,161
6994,161
6995,161
6996,161
6997,161
6998,161
6999,161
7000,161
7001,161
7002,161
7003,161
7004,161
7005,161
7006,160
7007,160
7008,160
7009,160
7010,160
7011,160
7012,161
7013,161
7014,161
7015,161
7016,161
7017,161
7018,161
7019,161
7020,161
7021,161
7022,161
7023,161
7024,161
7025,161
7026,161
7027,161
7028,161
7029,161
7030,161
7031,161
7032,161
7033,161
7034,161
7035,161
7036,161
7037,161
7038,161
7039,161
7040,161
7041,161
7042,161
7043,161
7044,162
7045,162
7046,162
7047,161
7048,161
7049,161
7050,161
7051,161
7052,162
7053,161
7054,162
7055,162
7056,162
7057,162
7058,161
7059,161
7060,161
7061,161
7062,161
7063,161
7064,161
7065,161
7066,161
7067,161
7068,161
7069,161
7070,161
7071,161
7072,161
7073,161
7074,161
7075,161
7076,161
7077,161
7078,161
7079,161
7080,161
7081,161
7082,161
7083,161
7084,161
7085,161
7086,161
7087,161
7088,161
7089,161
7090,161
7091,161
7092,160
7093,160
7094,160
7095,160
7096,160
7097,160
7098,160
7099,160
7100,160
7101,160
7102,160
7103,160
7104,160
7105,160
7106,160
7107,160
7108,160
7109,160
7110,160
7111,160
7112,160
7113,160
7114,160
7115,160
7116,161
7117,161
7118,161
7119,161
7120,161
7121,161
7122,161
7123,161
7124,161
7125,161
7126,161
7127,161
7128,161
7129,161
7130,162
7131,162
7132,162
7133,162
7134,162
7135,162
7136,163
7137,162
7138,162
7139,163
7140,163
7141,163
7142,162
7143,162
7144,162
7145,163
7146,163
7147,163
7148,163
7149,162
7150,162
7151,162
7152,162
7153,162
7154,162
7155,161
7156,161
7157,161
7158,162
7159,161
7160,162
7161,162
7162,161
7163,161
7164,161
7165,162
7166,162
7167,162
7168,162
7169,162
7170,162
7171,162
7172,162
7173,163
7174,162
7175,163
7176,163
7177,163
7178,163
7179,163
7180,163
7181,164
7182,164
7183,164
7184,164
7185,164
7186,164
7187,163
7188,163
7189,163
7190,163
7191,163
7192,164
7193,164
7194,164
7195,164
7196,164
7197,164
7198,164
7199,164
7200,165
7201,165
7202,165
7203,164
7204,164
7205,164
7206,165
7207,165
7208,165
7209,164
7210,165
7211,165
7212,165
7213,165
7214,165
7215,165
7216,165
7217,164
7218,164
7219,164
7220,165
7221,165
7222,165
7223,165
7224,165
7225,165
7226,165
7227,165
7228,165
7229,165
7230,165
7231,165
7232,165
7233,165
7234,165
7235,165
7236,164
7237,164
7238,165
7239,165
7240,165
7241,165
7242,165
7243,165
7244,164
7245,164
7246,164
7247,164
7248,164
7249,164
7250,164
7251,164
7252,164
7253,164
7254,164
7255,164
7256,164
7257,164
7258,164
7259,164
7260,164
7261,165
7262,164
7263,164
7264,164
7265,164
7266,164
7267,164
7268,164
7269,164
7270,164
7271,164
7272,164
7273,164
7274,164
7275,164
7276,164
7277,164
7278,164
7279,164
7280,164
7281,165
7282,165
7283,165
7284,165
7285,165
7286,165
7287,165
7288,165
7289,165
7290,165
7291,165
7292,165
7293,165
7294,165
7295,165
7296,165
7297,165
7298,165
7299,164
7300,164
7301,165
7302,165
7303,165
7304,165
7305,165
7306,165
7307,165
7308,165
7309,165
7310,165
7311,165
7312,164
7313,164
7314,165
7315,165
7316,165
7317,165
7318,165
7319,165
7320,165
7321,165
7322,165
7323,165
7324,165
7325,165
7326,165
7327,165
7328,165
7329,165
7330,165
7331,165
7332,165
7333,165
7334,165
7335,165
7336,165
7337,165
7338,166
7339,166
7340,166
7341,166
7342,166
7343,166
7344,166
7345,165
7346,165
7347,165
7348,165
7349,165
7350,166
7351,166
7352,166
7353,166
7354,166
7355,166
7356,165
7357,166
7358,165
7359,165
7360,165
7361,165
7362,165
7363,165
7364,165
7365,165
7366,165
7367,165
7368,165
7369,165
7370,165
7371,165
7372,165
7373,165
7374,165
7375,165
7376,165
7377,165
7378,165
7379,165
7380,165
7381,165
7382,165
7383,165
7384,165
7385,165
7386,165
7387,165
7388,165
7389,165
7390,165
7391,165
7392,165
7393,165
7394,165
7395,165
7396,165
7397,165
7398,165
7399,165
7400,165
7401,165
7402,165
7403,165
7404,165
7405,165
7406,165
7407,165
7408,165
7409,165
7410,165
7411,165
7412,165
7413,165
7414,165
7415,165
7416,164
7417,164
7418,165
7419,165
7420,165
7421,165
7422,165
7423,165
7424,165
7425,165
7426,165
7427,165
7428,165
7429,165
7430,165
7431,165
7432,165
7433,165
7434,165
7435,165
7436,165
7437,165
7438,165
7439,165
7440,165
7441,165
7442,164
7443,164
7444,164
7445,164
7446,165
7447,165
7448,164
7449,164
7450,164
7451,164
7452,165
7453,165
7454,164
7455,165
7456,164
7457,165
7458,164
7459,164
7460,164
7461,164
7462,164
7463,165
7464,164
7465,164
7466,164
7467,164
7468,164
7469,165
7470,165
7471,165
7472,165
7473,165
7474,165
7475,164
7476,164
7477,164
7478,164
7479,164
7480,165
7481,165
7482,165
7483,165
7484,165
7485,165
7486,165
7487,165
7488,164
7489,164
7490,164
7491,164
7492,164
7493,164
7494,164
7495,164
7496,164
7497,164
7498,164
7499,164
7500,165
7501,165
7502,165
7503,165
7504,165
7505,164
7506,164
7507,164
7508,164
7509,164
7510,164
7511,165
7512,165
7513,165
7514,165
7515,165
7516,165
7517,165
7518,165
7519,165
7520,165
7521,165
7522,165
7523,165
7524,165
7525,165
7526,165
7527,165
7528,165
7529,165
7530,165
7531,165
7532,165
7533,165
7534,165
7535,165
7536,165
7537,165
7538,165
7539,165
7540,165
7541,165
7542,165
7543,165
7544,165
7545,165
7546,165
7547,164
7548,164
7549,164
7550,164
7551,164
7552,163
7553,163
7554,163
7555,163
7556,163
7557,163
7558,163
7559,163
7560,163
7561,164
7562,164
7563,164
7564,164
7565,164
7566,164
7567,164
7568,164
7569,164
7570,164
7571,164
7572,164
7573,164
7574,164
7575,164
7576,164
7577,164
7578,165
7579,164
7580,164
7581,164
7582,164
7583,164
7584,164
7585,164
7586,164
7587,164
7588,165
7589,165
7590,165
7591,165
7592,165
7593,165
7594,165
7595,165
7596,165
7597,165
7598,165
7599,165
7600,165
7601,165
7602,165
7603,165
7604,165
7605,165
7606,165
7607,165
7608,165
7609,165
7610,165
7611,165
7612,165
7613,165
7614,164
7615,164
7616,165
7617,165
7618,165
7619,165
7620,165
7621,165
7622,165
7623,165
7624,165
7625,165
7626,165
7627,165
7628,165
7629,165
7630,165
7631,165
7632,165
7633,165
7634,165
7635,165
7636,165
7637,165
7638,165
7639,165
7640,165
7641,165
7642,165
7643,165
7644,165
7645,165
7646,165
7647,165
7648,165
7649,165
7650,166
7651,165
7652,165
7653,166
7654,166
7655,166
7656,165
7657,165
7658,165
7659,165
7660,165
7661,165
7662,165
7663,165
7664,165
7665,165
7666,165
7667,165
7668,165
7669,165
7670,165
7671,166
7672,166
7673,165
7674,165
7675,166
7676,166
7677,166
7678,166
7679,166
7680,166
7681,166
7682,167
7683,167
7684,167
7685,167
7686,166
7687,167
7688,167
7689,167
7690,167
7691,167
7692,167
7693,168
7694,168
7695,168
7696,167
7697,168
7698,168
7699,167
7700,168
7701,168
7702,168
7703,168
7704,168
7705,168
7706,168
7707,168
7708,168
7709,167
7710,168
7711,168
7712,168
7713,168
7714,168
7715,168
7716,168
7717,168
7718,168
7719,168
7720,168
7721,168
7722,169
7723,169
7724,169
7725,169
7726,169
7727,169
7728,169
7729,169
7730,169
7731,169
7732,169
7733,169
7734,169
7735,169
7736,169
7737,169
7738,169
7739,169
7740,168
7741,169
7742,169
7743,169
7744,169
7745,169
7746,169
7747,169
7748,169
7749,169
7750,169
7751,169
7752,169
7753,169
7754,169
7755,169
7756,169
7757,169
7758,169
7759,169
7760,169
7761,169
7762,169
7763,169
7764,169
7765,169
7766,169
7767,169
7768,169
7769,169
7770,169
7771,169
7772,169
7773,169
7774,169
7775,169
7776,169
7777,169
7778,169
7779,169
7780,169
7781,169
7782,169
7783,169
7784,169
7785,168
7786,169
7787,169
7788,169
7789,169
7790,169
7791,169
7792,169
7793,169
7794,168
7795,168
7796,168
7797,168
7798,168
7799,168
7800,168
7801,168
7802,169
7803,169
7804,168
7805,168
7806,168
7807,168
7808,168
7809,169
7810,169
7811,169
7812,169
7813,169
7814,169
7815,169
7816,169
7817,169
7818,169
7819,169
7820,168
7821,168
7822,168
7823,168
7824,168
7825,168
7826,168
7827,168
7828,168
7829,168
7830,168
7831,168
7832,168
7833,168
7834,168
7835,168
7836,168
7837,169
7838,169
7839,168
7840,168
7841,168
7842,168
7843,168
7844,168
7845,168
7846,168
7847,169
7848,169
7849,169
7850,169
7851,169
7852,169
7853,169
7854,169
7855,169
7856,169
7857,169
7858,169
7859,169
7860,169
7861,169
7862,169
7863,169
7864,169
7865,169
7866,169
7867,169
7868,169
7869,169
7870,169
7871,169
7872,169
7873,169
7874,169
7875,169
7876,169
7877,169
7878,169
7879,169
7880,169
7881,169
7882,169
7883,169
7884,169
7885,169
7886,169
7887,169
7888,169
7889,169
7890,169
7891,169
7892,169
7893,169
7894,169
7895,169
7896,169
7897,169
7898,169
7899,169
7900,169
7901,169
7902,169
7903,169
7904,169
7905,169
7906,169
7907,169
7908,169
7909,169
7910,169
7911,169
7912,169
7913,169
7914,169
7915,169
7916,169
7917,169
7918,169
7919,169
7920,169
7921,169
7922,169
7923,169
7924,169
7925,169
7926,169
7927,169
7928,169
7929,169
7930,169
7931,169
7932,169
7933,169
7934,169
7935,169
7936,169
7937,169
7938,169
7939,169
7940,169
7941,169
7942,169
7943,169
7944,169
7945,169
7946,169
7947,169
7948,169
7949,169
7950,169
7951,169
7952,169
7953,169
7954,169
7955,169
7956,169
7957,169
7958,169
7959,169
7960,169
7961,169
7962,169
7963,169
7964,169
7965,169
7966,169
7967,169
7968,169
7969,169
7970,169
7971,169
7972,169
7973,169
7974,169
7975,170
7976,170
7977,170
7978,170
7979,170
7980,170
7981,170
7982,170
7983,170
7984,170
7985,170
7986,170
7987,170
7988,170
7989,170
7990,170
7991,170
7992,170
7993,170
7994,170
7995,170
7996,170
7997,170
7998,170
7999,170
8000,170
8001,170
8002,170
8003,169
8004,170
8005,170
8006,169
8007,169
8008,169
8009,169
8010,169
8011,169
8012,170
8013,170
8014,170
8015,170
8016,170
8017,170
8018,170
8019,170
8020,170
8021,170
8022,170
8023,169
8024,169
8025,170
8026,170
8027,170
8028,170
8029,170
8030,170
8031,170
8032,170
8033,170
8034,170
8035,170
8036,169
8037,169
8038,169
8039,169
8040,169
8041,169
8042,169
8043,169
8044,169
8045,169
8046,169
8047,169
8048,169
8049,169
8050,169
8051,169
8052,169
8053,169
8054,169
8055,169
8056,169
8057,169
8058,169
8059,169
8060,170
8061,170
8062,170
8063,169
8064,169
8065,169
8066,169
8067,169
8068,169
8069,169
8070,169
8071,169
8072,169
8073,169
8074,169
8075,169
8076,169
8077,169
8078,169
8079,169
8080,169
8081,169
8082,169
8083,169
8084,169
8085,169
8086,169
8087,169
8088,169
8089,169
8090,169
8091,169
8092,169
8093,169
8094,169
8095,169
8096,169
8097,169
8098,169
8099,169
8100,169
8101,169
8102,169
8103,169
8104,169
8105,169
8106,169
8107,169
8108,169
8109,169
8110,169
8111,169
8112,169
8113,169
8114,169
8115,169
8116,169
8117,169
8118,169
8119,170
8120,169
8121,169
8122,169
8123,169
8124,169
8125,169
8126,170
8127,170
8128,170
8129,170
8130,171
8131,171
8132,171
8133,170
8134,170
8135,170
8136,170
8137,171
8138,171
8139,171
8140,171
8141,171
8142,171
8143,171
8144,171
8145,171
8146,171
8147,171
8148,171
8149,172
8150,172
8151,172
8152,172
8153,172
8154,172
8155,172
8156,172
8157,172
8158,172
8159,172
8160,172
8161,171
8162,172
8163,172
8164,172
8165,172
8166,171
8167,172
8168,172
8169,172
8170,172
8171,172
8172,172
8173,172
8174,172
8175,172
8176,172
8177,172
8178,172
8179,172
8180,171
8181,172
8182,172
8183,172
8184,172
8185,172
8186,172
8187,172
8188,172
8189,172
8190,172
8191,172
8192,172
8193,172
8194,172
8195,172
8196,172
8197,172
8198,173
8199,173
8200,173
8201,172
8202,172
8203,172
8204,172
8205,172
8206,172
8207,172
8208,172
8209,172
8210,172
8211,172
8212,172
8213,172
8214,172
8215,172
8216,172
8217,172
8218,172
8219,172
8220,172
8221,172
8222,172
8223,172
8224,172
8225,172
8226,172
8227,172
8228,172
8229,172
8230,171
8231,171
8232,172
8233,172
8234,171
8235,171
8236,171
8237,171
8238,171
8239,171
8240,172
8241,172
8242,172
8243,172
8244,172
8245,172
8246,172
8247,172
8248,172
8249,172
8250,172
8251,172
8252,172
8253,172
8254,172
8255,172
8256,172
8257,172
8258,172
8259,172
8260,172
8261,172
8262,172
8263,172
8264,172
8265,172
8266,172
8267,172
8268,172
8269,172
8270,172
8271,172
8272,172
8273,172
8274,172
8275,171
8276,171
8277,172
8278,172
8279,172
8280,172
8281,172
8282,172
8283,172
8284,171
8285,171
8286,171
8287,171
8288,171
8289,171
8290,171
8291,171
8292,171
8293,170
8294,170
8295,170
8296,170
8297,170
8298,170
8299,170
8300,170
8301,170
8302,170
8303,170
8304,170
8305,170
8306,170
8307,170
8308,170
8309,170
8310,170
8311,170
8312,170
8313,170
8314,170
8315,170
8316,170
8317,170
8318,170
8319,170
8320,170
8321,170
8322,170
8323,170
8324,170
8325,170
8326,170
8327,170
8328,170
8329,170
8330,170
8331,170
8332,170
8333,170
8334,170
8335,170
8336,170
8337,170
8338,170
8339,170
8340,170
8341,170
8342,170
8343,170
8344,170
8345,170
8346,170
8347,169
8348,170
8349,169
8350,169
8351,169
8352,169
8353,169
8354,170
8355,170
8356,170
8357,170
8358,170
8359,170
8360,170
8361,170
8362,170
8363,170
8364,171
8365,171
8366,171
8367,171
8368,171
8369,171
8370,171
8371,170
8372,170
8373,170
8374,170
8375,171
8376,171
8377,171
8378,171
8379,171
8380,171
8381,171
8382,171
8383,171
8384,171
8385,170
8386,170
8387,170
8388,170
8389,170
8390,170
8391,170
8392,170
8393,170
8394,170
8395,169
8396,169
8397,169
8398,169
8399,169
8400,169
8401,169
8402,169
8403,169
8404,170
8405,170
8406,170
8407,170
8408,170
8409,170
8410,170
8411,170
8412,170
8413,170
8414,170
8415,170
8416,170
8417,170
8418,170
8419,170
8420,170
8421,170
8422,170
8423,170
8424,170
8425,170
8426,170
8427,169
8428,169
8429,169
8430,169
8431,168
8432,168
8433,168
8434,169
8435,169
8436,169
8437,169
8438,169
8439,169
8440,169
8441,169
8442,169
8443,169
8444,169
8445,169
8446,170
8447,169
8448,170
8449,170
8450,170
8451,170
8452,170
8453,170
8454,170
8455,170
8456,171
8457,171
8458,171
8459,171
8460,171
8461,171
8462,171
8463,171
8464,172
8465,172
8466,172
8467,172
8468,172
8469,172
8470,172
8471,172
8472,172
8473,172
8474,172
8475,172
8476,173
8477,172
8478,172
8479,172
8480,173
8481,173
8482,173
8483,173
8484,173
8485,173
8486,173
8487,173
8488,173
8489,173
8490,172
8491,173
8492,173
8493,172
8494,173
8495,173
8496,173
8497,173
8498,173
8499,173
8500,172
8501,172
8502,172
8503,172
8504,173
8505,173
8506,173
8507,173
8508,173
8509,173
8510,173
8511,173
8512,173
8513,173
8514,172
8515,172
8516,173
8517,173
8518,173
8519,173
8520,173
8521,173
8522,173
8523,173
8524,173
8525,173
8526,173
8527,173
8528,173
8529,173
8530,173
8531,172
8532,172
8533,172
8534,172
8535,172
8536,172
8537,172
8538,173
8539,173
8540,172
8541,172
8542,172
8543,173
8544,173
8545,173
8546,173
8547,173
8548,173
8549,173
8550,173
8551,173
8552,173
8553,173
8554,173
8555,173
8556,173
8557,173
8558,173
8559,173
8560,173
8561,173
8562,173
8563,173
8564,173
8565,173
8566,173
8567,172
8568,173
8569,172
8570,173
8571,173
8572,173
8573,173
8574,173
8575,173
8576,173
8577,173
8578,173
8579,172
8580,172
8581,172
8582,172
8583,172
8584,172
8585,172
8586,172
8587,172
8588,172
8589,172
8590,172
8591,172
8592,172
8593,172
8594,172
8595,173
8596,173
8597,173
8598,172
8599,173
8600,173
8601,173
8602,173
8603,172
8604,172
8605,172
8606,172
8607,172
8608,172
8609,172
8610,172
8611,172
8612,172
8613,172
8614,171
8615,171
8616,171
8617,171
8618,171
8619,171
8620,171
8621,171
8622,171
8623,171
8624,172
8625,172
8626,172
8627,173
8628,173
8629,173
8630,173
8631,173
8632,173
8633,173
8634,173
8635,174
8636,174
8637,174
8638,174
8639,174
8640,174
8641,174
8642,173
8643,173
8644,173
8645,174
8646,174
8647,173
8648,174
8649,174
8650,174
8651,174
8652,174
8653,174
8654,174
8655,174
8656,174
8657,174
8658,174
8659,174
8660,174
8661,174
8662,174
8663,174
8664,173
8665,173
8666,173
8667,173
8668,174
8669,174
8670,174
8671,174
8672,174
8673,174
8674,174
8675,174
8676,174
8677,174
8678,174
8679,174
8680,174
8681,174
8682,174
8683,174
8684,174
8685,174
8686,174
8687,175
8688,175
8689,175
8690,175
8691,175
8692,175
8693,175
8694,175
8695,175
8696,175
8697,175
8698,175
8699,175
8700,175
8701,175
8702,175
8703,175
8704,175
8705,175
8706,175
8707,175
8708,175
8709,175
8710,175
8711,175
8712,175
8713,175
8714,175
8715,175
8716,175
8717,175
8718,175
8719,175
8720,175
8721,175
8722,175
8723,175
8724,175
8725,175
8726,175
8727,175
8728,176
8729,176
8730,176
8731,175
8732,175
8733,176
8734,176
8735,176
8736,176
8737,176
8738,176
8739,176
8740,176
8741,176
8742,176
8743,176
8744,176
8745,176
8746,176
8747,176
8748,176
8749,176
8750,175
8751,175
8752,176
8753,176
8754,176
8755,176
8756,176
8757,176
8758,176
8759,176
8760,176
8761,176
8762,176
8763,176
8764,176
8765,176
8766,176
8767,175
8768,175
8769,175
8770,175
8771,175
8772,175
8773,175
8774,175
8775,175
8776,175
8777,176
8778,176
8779,176
8780,176
8781,176
8782,176
8783,176
8784,176
8785,175
8786,176
8787,176
8788,176
8789,176
8790,176
8791,176
8792,176
8793,176
8794,176
8795,176
8796,176
8797,176
8798,176
8799,176
8800,176
8801,176
8802,176
8803,176
8804,176
8805,176
8806,176
8807,176
8808,176
8809,176
8810,176
8811,176
8812,176
8813,175
8814,175
8815,175
8816,175
8817,175
8818,175
8819,175
8820,175
8821,175
8822,175
8823,175
8824,175
8825,175
8826,175
8827,175
8828,175
8829,175
8830,176
8831,176
8832,176
8833,176
8834,176
8835,176
8836,176
8837,176
8838,176
8839,176
8840,176
8841,176
8842,176
8843,176
8844,176
8845,176
8846,176
8847,176
8848,176
8849,175
8850,175
8851,175
8852,175
8853,175
8854,176
8855,175
8856,175
8857,175
8858,175
8859,175
8860,175
8861,175
8862,175
8863,175
8864,176
8865,176
8866,176
8867,176
8868,176
8869,176
8870,176
8871,176
8872,176
8873,176
8874,176
8875,176
8876,176
8877,176
8878,176
8879,177
8880,177
8881,177
8882,177
8883,177
8884,177
8885,177
8886,177
8887,177
8888,177
8889,177
8890,177
8891,177
8892,177
8893,177
8894,177
8895,177
8896,177
8897,177
8898,177
8899,177
8900,177
8901,177
8902,177
8903,177
8904,177
8905,177
8906,177
8907,177
8908,177
8909,177
8910,177
8911,177
8912,177
8913,177
8914,177
8915,176
8916,176
8917,176
8918,176
8919,176
8920,176
8921,176
8922,176
8923,176
8924,176
8925,176
8926,177
8927,177
8928,177
8929,177
8930,177
8931,177
8932,177
8933,177
8934,177
8935,177
8936,177
8937,177
8938,176
8939,177
8940,177
8941,176
8942,176
8943,176
8944,177
8945,177
8946,177
8947,177
8948,177
8949,177
8950,177
8951,177
8952,177
8953,177
8954,177
8955,177
8956,177
8957,177
8958,177
8959,177
8960,177
8961,177
8962,177
8963,176
8964,177
8965,177
8966,177
8967,177
8968,177
8969,177
8970,177
8971,177
8972,177
8973,177
8974,176
8975,176
8976,176
8977,177
8978,176
8979,177
8980,177
8981,177
8982,177
8983,177
8984,176
8985,177
8986,177
8987,177
8988,177
8989,177
8990,177
8991,177
8992,177
8993,177
8994,177
8995,177
8996,177
8997,177
8998,177
8999,177
9000,177
9001,177
9002,177
9003,177
9004,177
9005,177
9006,177
9007,177
9008,177
9009,177
9010,177
9011,177
9012,177
9013,177
9014,177
9015,177
9016,177
9017,177
9018,177
9019,177
9020,177
9021,177
9022,177
9023,177
9024,176
9025,176
9026,176
9027,176
9028,176
9029,176
9030,176
9031,176
9032,176
9033,176
9034,176
9035,176
9036,176
9037,176
9038,177
9039,177
9040,177
9041,177
9042,177
9043,177
9044,177
9045,177
9046,177
9047,177
9048,177
9049,177
9050,177
9051,177
9052,177
9053,177
9054,177
9055,177
9056,176
9057,176
9058,176
9059,176
9060,176
9061,176
9062,176
9063,176
9064,176
9065,176
9066,176
9067,176
9068,176
9069,176
9070,176
9071,176
9072,176
9073,176
9074,176
9075,176
9076,175
9077,176
9078,176
9079,176
9080,176
9081,175
9082,175
9083,176
9084,176
9085,176
9086,176
9087,176
9088,176
9089,176
9090,176
9091,176
9092,176
9093,176
9094,176
9095,176
9096,176
9097,176
9098,176
9099,176
9100,176
9101,176
9102,176
9103,176
9104,175
9105,175
9106,175
9107,175
9108,175
9109,175
9110,175
9111,175
9112,175
9113,175
9114,175
9115,175
9116,175
9117,175
9118,175
9119,175
9120,175
9121,175
9122,175
9123,176
9124,175
9125,175
9126,175
9127,175
9128,175
9129,175
9130,175
9131,175
9132,175
9133,176
9134,176
9135,176
9136,176
9137,176
9138,176
9139,176
9140,175
9141,176
9142,176
9143,176
9144,176
9145,176
9146,176
9147,175
9148,175
9149,175
9150,175
9151,175
9152,175
9153,175
9154,175
9155,175
9156,175
9157,175
9158,175
9159,175
9160,175
9161,175
9162,175
9163,175
9164,175
9165,175
9166,175
9167,175
9168,175
9169,176
9170,176
9171,176
9172,176
9173,176
9174,176
9175,176
9176,176
9177,176
9178,176
9179,176
9180,176
9181,176
9182,176
9183,176
9184,176
9185,176
9186,176
9187,176
9188,176
9189,175
9190,175
9191,175
9192,175
9193,175
9194,176
9195,176
9196,176
9197,176
9198,176
9199,176
9200,176
9201,176
9202,176
9203,176
9204,176
9205,176
9206,176
9207,176
9208,176
9209,176
9210,176
9211,176
9212,176
9213,176
9214,176
9215,176
9216,176
9217,176
9218,176
9219,176
9220,176
9221,176
9222,176
9223,176
9224,176
9225,176
9226,176
9227,176
9228,176
9229,176
9230,176
9231,176
9232,176
9233,176
9234,176
9235,177
9236,177
9237,177
9238,177
9239,177
9240,177
9241,177
9242,177
9243,177
9244,177
9245,177
9246,177
9247,177
9248,177
9249,177
9250,177
9251,177
9252,177
9253,177
9254,177
9255,177
9256,177
9257,177
9258,177
9259,177
9260,177
9261,177
9262,178
9263,178
9264,178
9265,178
9266,178
9267,179
9268,179
9269,179
9270,178
9271,178
9272,178
9273,179
9274,179
9275,179
9276,179
9277,179
9278,179
9279,179
9280,179
9281,179
9282,179
9283,179
9284,179
9285,179
9286,179
9287,179
9288,180
9289,180
9290,180
9291,180
9292,180
9293,180
9294,180
9295,180
9296,180
9297,180
9298,180
9299,180
9300,181
9301,181
9302,181
9303,181
9304,181
9305,181
9306,181
9307,181
9308,181
9309,181
9310,181
9311,181
9312,181
9313,181
9314,181
9315,181
9316,181
9317,181
9318,181
9319,181
9320,181
9321,181
9322,181
9323,181
9324,181
9325,181
9326,181
9327,181
9328,181
9329,180
9330,180
9331,180
9332,180
9333,180
9334,180
9335,180
9336,180
9337,180
9338,181
9339,181
9340,180
9341,180
9342,180
9343,180
9344,180
9345,180
9346,180
9347,180
9348,180
9349,180
9350,180
9351,180
9352,180
9353,180
9354,179
9355,179
9356,179
9357,179
9358,179
9359,179
9360,179
9361,179
9362,179
9363,179
9364,179
9365,179
9366,179
9367,179
9368,179
9369,179
9370,179
9371,180
9372,180
9373,180
9374,180
9375,180
9376,180
9377,180
9378,180
9379,180
9380,180
9381,180
9382,180
9383,180
9384,180
9385,180
9386,180
9387,180
9388,180
9389,180
9390,180
9391,180
9392,180
9393,180
9394,179
9395,180
9396,180
9397,180
9398,180
9399,179
9400,180
9401,180
9402,180
9403,180
9404,180
9405,180
9406,180
9407,180
9408,180
9409,180
9410,180
9411,180
9412,180
9413,180
9414,180
9415,180
9416,180
9417,180
9418,180
9419,180
9420,180
9421,180
9422,180
9423,180
9424,180
9425,180
9426,180
9427,180
9428,180
9429,180
9430,180
9431,180
9432,180
9433,180
9434,180
9435,180
9436,180
9437,180
9438,180
9439,180
9440,180
9441,180
9442,180
9443,180
9444,180
9445,180
9446,180
9447,180
9448,180
9449,180
9450,181
9451,181
9452,181
9453,181
9454,181
9455,181
9456,181
9457,181
9458,181
9459,181
9460,181
9461,182
9462,181
9463,181
9464,181
9465,181
9466,181
9467,181
9468,181
9469,181
9470,181
9471,181
9472,181
9473,181
9474,181
9475,181
9476,181
9477,181
9478,181
9479,181
9480,181
9481,181
9482,181
9483,181
9484,181
9485,181
9486,181
9487,182
9488,182
9489,182
9490,182
9491,182
9492,182
9493,182
9494,182
9495,182
9496,182
9497,182
9498,182
9499,182
9500,182
9501,182
9502,182
9503,182
9504,182
9505,182
9506,182
9507,182
9508,182
9509,182
9510,182
9511,182
9512,182
9513,182
9514,182
9515,182
9516,182
9517,182
9518,182
9519,181
9520,181
9521,181
9522,181
9523,181
9524,181
9525,181
9526,181
9527,181
9528,181
9529,181
9530,181
9531,181
9532,181
9533,181
9534,181
9535,181
9536,181
9537,181
9538,181
9539,181
9540,181
9541,181
9542,181
9543,181
9544,181
9545,181
9546,180
9547,180
9548,180
9549,181
9550,181
9551,181
9552,181
9553,181
9554,181
9555,181
9556,181
9557,181
9558,181
9559,180
9560,180
9561,180
9562,181
9563,181
9564,181
9565,181
9566,181
9567,180
9568,180
9569,180
9570,180
9571,181
9572,181
9573,181
9574,181
9575,181
9576,181
9577,181
9578,181
9579,181
9580,181
9581,181
9582,181
9583,181
9584,181
9585,181
9586,181
9587,181
9588,181
9589,181
9590,181
9591,181
9592,180
9593,181
9594,181
9595,181
9596,181
9597,181
9598,181
9599,181
9600,181
9601,181
9602,181
9603,181
9604,181
9605,181
9606,181
9607,181
9608,181
9609,181
9610,181
9611,181
9612,181
9613,181
9614,181
9615,181
9616,181
9617,180
9618,181
9619,181
9620,181
9621,181
9622,181
9623,181
9624,181
9625,181
9626,181
9627,181
9628,181
9629,181
9630,181
9631,181
9632,181
9633,181
9634,181
9635,181
9636,181
9637,181
9638,180
9639,180
9640,180
9641,180
9642,180
9643,180
9644,180
9645,180
9646,180
9647,180
9648,180
9649,180
9650,180
9651,180
9652,181
9653,181
9654,181
9655,181
9656,181
9657,181
9658,181
9659,181
9660,181
9661,181
9662,181
9663,181
9664,181
9665,181
9666,181
9667,181
9668,182
9669,182
9670,182
9671,181
9672,181
9673,181
9674,181
9675,181
9676,181
9677,181
9678,181
9679,181
9680,181
9681,181
9682,181
9683,181
9684,181
9685,181
9686,181
9687,181
9688,181
9689,181
9690,181
9691,181
9692,181
9693,181
9694,181
9695,181
9696,182
9697,182
9698,182
9699,182
9700,182
9701,182
9702,182
9703,182
9704,182
9705,182
9706,181
9707,181
9708,181
9709,181
9710,181
9711,181
9712,181
9713,181
9714,181
9715,181
9716,181
9717,181
9718,182
9719,182
9720,182
9721,182
9722,182
9723,182
9724,182
9725,182
9726,182
9727,182
9728,182
9729,182
9730,182
9731,182
9732,182
9733,182
9734,182
9735,182
9736,182
9737,182
9738,181
9739,181
9740,181
9741,181
9742,182
9743,182
9744,182
9745,182
9746,182
9747,182
9748,182
9749,182
9750,182
9751,182
9752,182
9753,182
9754,182
9755,182
9756,182
9757,182
9758,181
9759,182
9760,182
9761,182
9762,182
9763,181
9764,182
9765,182
9766,182
9767,182
9768,182
9769,182
9770,182
9771,182
9772,182
9773,181
9774,182
9775,182
9776,182
9777,182
9778,182
9779,182
9780,182
9781,182
9782,182
9783,182
9784,181
9785,182
9786,182
9787,182
9788,182
9789,182
9790,182
9791,182
9792,182
9793,182
9794,182
9795,182
9796,182
9797,182
9798,182
9799,182
9800,182
9801,182
9802,182
9803,182
9804,182
9805,182
9806,182
9807,182
9808,182
9809,182
9810,182
9811,182
9812,182
9813,182
9814,182
9815,182
9816,182
9817,182
9818,182
9819,182
9820,182
9821,182
9822,182
9823,182
9824,182
9825,183
9826,183
9827,183
9828,183
9829,183
9830,183
9831,183
9832,183
9833,183
9834,183
9835,183
9836,182
9837,183
9838,183
9839,183
9840,183
9841,183
9842,183
9843,183
9844,183
9845,183
9846,183
9847,182
9848,183
9849,183
9850,183
9851,183
9852,183
9853,183
9854,183
9855,183
9856,183
9857,183
9858,183
9859,182
9860,183
9861,183
9862,183
9863,183
9864,183
9865,183
9866,183
9867,183
9868,183
9869,183
9870,183
9871,183
9872,183
9873,183
9874,183
9875,182
9876,182
9877,182
9878,182
9879,182
9880,183
9881,182
9882,182
9883,182
9884,182
9885,182
9886,182
9887,182
9888,182
9889,182
9890,182
9891,182
9892,182
9893,182
9894,182
9895,182
9896,182
9897,183
9898,183
9899,183
9900,183
9901,183
9902,183
9903,183
9904,183
9905,183
9906,183
9907,183
9908,183
9909,183
9910,182
9911,182
9912,182
9913,182
9914,182
9915,182
9916,182
9917,182
9918,182
9919,182
9920,182
9921,182
9922,182
9923,182
9924,182
9925,182
9926,182
9927,182
9928,182
9929,182
9930,182
9931,182
9932,182
9933,182
9934,182
9935,182
9936,182
9937,182
9938,182
9939,182
9940,182
9941,182
9942,182
9943,182
9944,182
9945,182
9946,182
9947,182
9948,182
9949,182
9950,182
9951,182
9952,182
9953,182
9954,182
9955,182
9956,182
9957,182
9958,182
9959,182
9960,182
9961,182
9962,182
9963,182
9964,182
9965,183
9966,182
9967,183
9968,183
9969,183
9970,183
9971,183
9972,183
9973,183
9974,183
9975,183
9976,183
9977,183
9978,183
9979,183
9980,183
9981,183
9982,183
9983,183
9984,183
9985,183
9986,183
9987,183
9988,183
9989,183
9990,183
9991,183
9992,183
9993,183
9994,183
9995,182
9996,182
9997,182
9998,182
9999,182
