0,150
1,149
2,149
3,150
4,150
5,150
6,150
7,150
8,150
9,150
10,150
11,150
12,150
13,150
14,150
15,150
16,150
17,150
18,150
19,150
20,150
21,150
22,150
23,150
24,150
25,150
26,151
27,151
28,151
29,151
30,151
31,151
32,151
33,151
34,150
35,151
36,151
37,150
38,150
39,150
40,150
41,150
42,150
43,150
44,150
45,150
46,150
47,150
48,150
49,150
50,150
51,150
52,151
53,151
54,151
55,151
56,151
57,151
58,151
59,151
60,151
61,151
62,151
63,150
64,151
65,151
66,151
67,150
68,151
69,151
70,151
71,151
72,151
73,150
74,150
75,150
76,150
77,150
78,150
79,150
80,150
81,150
82,150
83,150
84,150
85,150
86,150
87,150
88,150
89,150
90,150
91,150
92,150
93,150
94,150
95,150
96,150
97,149
98,149
99,150
100,150
101,149
102,149
103,149
104,150
105,149
106,149
107,149
108,150
109,149
110,149
111,150
112,150
113,150
114,150
115,150
116,150
117,150
118,150
119,151
120,150
121,150
122,150
123,150
124,150
125,150
126,150
127,150
128,150
129,150
130,150
131,150
132,150
133,150
134,150
135,150
136,150
137,150
138,150
139,150
140,150
141,150
142,150
143,150
144,149
145,149
146,149
147,149
148,149
149,149
150,149
151,149
152,149
153,149
154,150
155,150
156,150
157,150
158,150
159,150
160,150
161,150
162,150
163,150
164,150
165,150
166,150
167,150
168,150
169,150
170,149
171,150
172,149
173,150
174,150
175,150
176,150
177,150
178,150
179,149
180,150
181,149
182,149
183,150
184,150
185,150
186,149
187,150
188,150
189,150
190,150
191,149
192,150
193,150
194,150
195,150
196,150
197,150
198,150
199,150
200,150
201,150
202,150
203,150
204,150
205,150
206,151
207,151
208,151
209,150
210,150
211,150
212,150
213,150
214,150
215,150
216,150
217,150
218,150
219,150
220,150
221,150
222,150
223,150
224,150
225,150
226,150
227,150
228,150
229,149
230,149
231,149
232,149
233,149
234,149
235,149
236,149
237,149
238,149
239,149
240,149
241,149
242,148
243,149
244,149
245,149
246,149
247,149
248,149
249,149
250,149
251,149
252,149
253,149
254,149
255,150
256,150
257,150
258,150
259,150
260,149
261,149
262,149
263,149
264,149
265,149
266,149
267,149
268,149
269,149
270,150
271,150
272,150
273,150
274,150
275,149
276,150
277,150
278,149
279,149
280,149
281,149
282,149
283,149
284,149
285,149
286,149
287,149
288,149
289,149
290,149
291,149
292,149
293,149
294,149
295,149
296,149
297,149
298,149
299,149
300,149
301,149
302,149
303,149
304,149
305,149
306,149
307,148
308,149
309,149
310,149
311,149
312,149
313,149
314,149
315,149
316,149
317,149
318,149
319,149
320,149
321,149
322,149
323,148
324,149
325,149
326,149
327,149
328,149
329,149
330,149
331,149
332,149
333,149
334,149
335,149
336,149
337,148
338,148
339,148
340,148
341,148
342,148
343,148
344,148
345,148
346,148
347,148
348,148
349,147
350,148
351,147
352,147
353,147
354,147
355,147
356,148
357,148
358,148
359,148
360,148
361,148
362,148
363,148
364,148
365,148
366,148
367,148
368,148
369,148
370,148
371,148
372,148
373,148
374,148
375,147
376,147
377,147
378,147
379,148
380,147
381,147
382,147
383,147
384,147
385,147
386,148
387,147
388,147
389,147
390,147
391,147
392,147
393,147
394,147
395,148
396,148
397,147
398,147
399,147
400,147
401,147
402,148
403,148
404,148
405,147
406,147
407,147
408,147
409,147
410,147
411,147
412,147
413,147
414,147
415,147
416,147
417,147
418,147
419,147
420,147
421,147
422,146
423,146
424,146
425,146
426,146
427,146
428,146
429,146
430,146
431,146
432,146
433,146
434,147
435,147
436,146
437,146
438,146
439,146
440,146
441,146
442,146
443,146
444,147
445,147
446,147
447,147
448,147
449,147
450,147
451,147
452,147
453,146
454,146
455,146
456,146
457,147
458,147
459,147
460,147
461,147
462,148
463,148
464,148
465,147
466,148
467,147
468,148
469,147
470,148
471,147
472,147
473,147
474,148
475,148
476,148
477,148
478,148
479,148
480,147
481,147
482,147
483,147
484,147
485,147
486,147
487,148
488,148
489,147
490,147
491,147
492,147
493,148
494,148
495,147
496,147
497,147
498,147
499,147
500,147
501,147
502,147
503,147
504,147
505,147
506,147
507,147
508,147
509,147
510,147
511,146
512,146
513,146
514,147
515,147
516,147
517,146
518,147
519,147
520,147
521,147
522,147
523,147
524,147
525,147
526,147
527,147
528,147
529,147
530,147
531,147
532,147
533,147
534,147
535,147
536,147
537,147
538,147
539,147
540,147
541,147
542,147
543,147
544,147
545,147
546,147
547,147
548,147
549,147
550,146
551,146
552,146
553,146
554,146
555,147
556,146
557,146
558,146
559,146
560,146
561,146
562,146
563,146
564,146
565,146
566,146
567,146
568,146
569,146
570,146
571,146
572,146
573,146
574,147
575,147
576,147
577,146
578,147
579,147
580,147
581,147
582,147
583,147
584,146
585,146
586,146
587,146
588,146
589,146
590,146
591,146
592,147
593,147
594,146
595,146
596,146
597,147
598,146
599,146
600,147
601,147
602,147
603,147
604,146
605,147
606,146
607,146
608,146
609,146
610,146
611,146
612,146
613,146
614,147
615,147
616,147
617,147
618,147
619,147
620,147
621,147
622,147
623,147
624,147
625,147
626,147
627,147
628,147
629,147
630,146
631,146
632,147
633,146
634,147
635,147
636,147
637,147
638,147
639,148
640,148
641,147
642,147
643,147
644,147
645,147
646,147
647,147
648,147
649,147
650,147
651,148
652,148
653,148
654,148
655,148
656,148
657,148
658,148
659,148
660,148
661,148
662,148
663,147
664,147
665,147
666,147
667,147
668,147
669,147
670,147
671,147
672,147
673,147
674,147
675,147
676,147
677,147
678,147
679,147
680,147
681,148
682,147
683,148
684,148
685,147
686,148
687,148
688,148
689,148
690,148
691,148
692,148
693,148
694,149
695,149
696,149
697,149
698,149
699,149
700,149
701,149
702,149
703,148
704,148
705,148
706,148
707,147
708,147
709,147
710,147
711,147
712,147
713,147
714,147
715,147
716,147
717,147
718,146
719,147
720,147
721,147
722,147
723,147
724,147
725,147
726,147
727,147
728,147
729,147
730,147
731,147
732,147
733,147
734,147
735,147
736,147
737,147
738,147
739,146
740,146
741,147
742,147
743,147
744,147
745,148
746,148
747,147
748,148
749,148
750,148
751,147
752,148
753,148
754,148
755,148
756,148
757,148
758,148
759,148
760,149
761,148
762,149
763,149
764,148
765,149
766,149
767,149
768,149
769,149
770,149
771,149
772,149
773,149
774,149
775,149
776,149
777,149
778,149
779,149
780,149
781,149
782,149
783,150
784,149
785,149
786,150
787,150
788,150
789,150
790,150
791,150
792,150
793,150
794,150
795,149
796,149
797,149
798,150
799,150
800,150
801,151
802,150
803,150
804,150
805,150
806,150
807,150
808,150
809,150
810,150
811,150
812,150
813,150
814,151
815,150
816,150
817,151
818,151
819,151
820,151
821,151
822,151
823,151
824,151
825,150
826,151
827,151
828,151
829,151
830,151
831,151
832,150
833,150
834,150
835,150
836,151
837,151
838,151
839,151
840,152
841,151
842,152
843,152
844,152
845,152
846,152
847,152
848,152
849,152
850,153
851,153
852,153
853,153
854,153
855,153
856,153
857,153
858,153
859,152
860,152
861,153
862,153
863,153
864,153
865,153
866,153
867,153
868,153
869,153
870,153
871,153
872,153
873,153
874,153
875,153
876,153
877,153
878,153
879,153
880,153
881,153
882,153
883,153
884,153
885,153
886,153
887,153
888,153
889,153
890,153
891,152
892,152
893,152
894,153
895,153
896,153
897,153
898,153
899,153
900,152
901,153
902,153
903,153
904,153
905,153
906,153
907,153
908,152
909,152
910,152
911,152
912,152
913,152
914,153
915,153
916,153
917,153
918,153
919,153
920,153
921,153
922,152
923,152
924,152
925,152
926,152
927,152
928,152
929,152
930,153
931,152
932,153
933,153
934,153
935,153
936,153
937,153
938,153
939,154
940,154
941,154
942,154
943,154
944,154
945,154
946,154
947,154
948,154
949,154
950,154
951,154
952,154
953,153
954,153
955,153
956,153
957,154
958,154
959,154
960,154
961,154
962,154
963,154
964,154
965,154
966,154
967,154
968,154
969,154
970,154
971,154
972,154
973,154
974,154
975,154
976,154
977,154
978,154
979,154
980,154
981,154
982,154
983,154
984,154
985,154
986,154
987,154
988,154
989,154
990,154
991,154
992,154
993,154
994,154
995,154
996,154
997,154
998,154
999,154
1000,154
1001,154
1002,154
1003,154
1004,154
1005,154
1006,154
1007,154
1008,154
1009,154
1010,154
1011,154
1012,154
1013,154
1014,153
1015,153
1016,153
1017,153
1018,154
1019,154
1020,153
1021,153
1022,153
1023,153
1024,153
1025,153
1026,153
1027,154
1028,154
1029,153
1030,153
1031,153
1032,153
1033,153
1034,153
1035,153
1036,153
1037,153
1038,153
1039,153
1040,153
1041,153
1042,153
1043,153
1044,153
1045,153
1046,153
1047,153
1048,153
1049,154
1050,154
1051,153
1052,153
1053,153
1054,153
1055,153
1056,153
1057,153
1058,153
1059,153
1060,153
1061,153
1062,153
1063,153
1064,153
1065,153
1066,153
1067,153
1068,153
1069,153
1070,153
1071,153
1072,153
1073,153
1074,153
1075,153
1076,153
1077,153
1078,153
1079,153
1080,153
1081,154
1082,154
1083,153
1084,153
1085,153
1086,154
1087,153
1088,153
1089,153
1090,153
1091,153
1092,153
1093,153
1094,154
1095,153
1096,153
1097,153
1098,153
1099,153
1100,153
1101,154
1102,153
1103,153
1104,154
1105,154
1106,154
1107,153
1108,153
1109,154
1110,154
1111,153
1112,154
1113,154
1114,154
1115,154
1116,154
1117,154
1118,154
1119,154
1120,154
1121,153
1122,153
1123,153
1124,154
1125,154
1126,154
1127,154
1128,154
1129,154
1130,153
1131,153
1132,153
1133,153
1134,153
1135,153
1136,153
1137,153
1138,153
1139,153
1140,153
1141,153
1142,153
1143,153
1144,153
1145,153
1146,154
1147,154
1148,154
1149,154
1150,154
1151,154
1152,154
1153,154
1154,154
1155,154
1156,154
1157,154
1158,154
1159,154
1160,154
1161,154
1162,154
1163,153
1164,153
1165,153
1166,153
1167,153
1168,153
1169,153
1170,153
1171,153
1172,153
1173,153
1174,153
1175,153
1176,153
1177,153
1178,153
1179,154
1180,154
1181,154
1182,154
1183,154
1184,154
1185,154
1186,154
1187,154
1188,153
1189,153
1190,154
1191,154
1192,154
1193,154
1194,154
1195,154
1196,154
1197,154
1198,154
1199,153
1200,153
1201,154
1202,154
1203,154
1204,154
1205,154
1206,154
1207,154
1208,154
1209,154
1210,153
1211,154
1212,154
1213,154
1214,154
1215,154
1216,154
1217,154
1218,153
1219,153
1220,153
1221,153
1222,153
1223,153
1224,154
1225,153
1226,153
1227,153
1228,153
1229,153
1230,153
1231,153
1232,153
1233,152
1234,153
1235,153
1236,153
1237,153
1238,153
1239,153
1240,153
1241,153
1242,153
1243,153
1244,153
1245,153
1246,153
1247,153
1248,153
1249,153
1250,153
1251,153
1252,154
1253,153
1254,153
1255,154
1256,154
1257,154
1258,154
1259,154
1260,154
1261,154
1262,153
1263,154
1264,154
1265,154
1266,154
1267,154
1268,154
1269,154
1270,154
1271,154
1272,154
1273,154
1274,154
1275,154
1276,155
1277,155
1278,155
1279,155
1280,155
1281,155
1282,155
1283,155
1284,155
1285,155
1286,155
1287,155
1288,155
1289,155
1290,155
1291,155
1292,155
1293,155
1294,155
1295,155
1296,155
1297,155
1298,154
1299,154
1300,154
1301,155
1302,155
1303,154
1304,154
1305,154
1306,154
1307,155
1308,154
1309,154
1310,154
1311,154
1312,154
1313,154
1314,154
1315,154
1316,154
1317,154
1318,154
1319,153
1320,154
1321,154
1322,154
1323,154
1324,154
1325,154
1326,154
1327,154
1328,154
1329,154
1330,153
1331,153
1332,154
1333,153
1334,153
1335,153
1336,153
1337,153
1338,153
1339,153
1340,153
1341,153
1342,154
1343,154
1344,154
1345,154
1346,154
1347,154
1348,154
1349,153
1350,154
1351,153
1352,153
1353,153
1354,154
1355,153
1356,154
1357,154
1358,154
1359,154
1360,154
1361,154
1362,154
1363,154
1364,154
1365,153
1366,154
1367,154
1368,154
1369,154
1370,154
1371,154
1372,154
1373,154
1374,154
1375,154
1376,154
1377,154
1378,154
1379,154
1380,154
1381,154
1382,154
1383,154
1384,154
1385,154
1386,154
1387,154
1388,154
1389,154
1390,155
1391,155
1392,155
1393,155
1394,155
1395,155
1396,154
1397,154
1398,155
1399,154
1400,155
1401,154
1402,154
1403,154
1404,154
1405,154
1406,153
1407,153
1408,154
1409,154
1410,154
1411,154
1412,154
1413,154
1414,154
1415,154
1416,154
1417,154
1418,154
1419,154
1420,154
1421,154
1422,154
1423,154
1424,153
1425,154
1426,154
1427,154
1428,153
1429,153
1430,154
1431,154
1432,154
1433,154
1434,154
1435,154
1436,154
1437,154
1438,154
1439,154
1440,154
1441,154
1442,154
1443,154
1444,154
1445,154
1446,154
1447,154
1448,154
1449,154
1450,154
1451,154
1452,154
1453,154
1454,155
1455,155
1456,155
1457,155
1458,155
1459,155
1460,155
1461,155
1462,155
1463,155
1464,155
1465,155
1466,155
1467,155
1468,155
1469,155
1470,155
1471,155
1472,155
1473,155
1474,155
1475,155
1476,155
1477,155
1478,155
1479,155
1480,155
1481,155
1482,155
1483,155
1484,155
1485,155
1486,155
1487,155
1488,155
1489,155
1490,155
1491,155
1492,156
1493,156
1494,156
1495,156
1496,156
1497,156
1498,156
1499,156
1500,156
1501,156
1502,156
1503,156
1504,156
1505,156
1506,156
1507,156
1508,156
1509,156
1510,156
1511,156
1512,156
1513,155
1514,155
1515,156
1516,156
1517,156
1518,156
1519,156
1520,156
1521,156
1522,156
1523,156
1524,156
1525,156
1526,155
1527,155
1528,155
1529,155
1530,155
1531,155
1532,155
1533,155
1534,156
1535,156
1536,156
1537,156
1538,156
1539,155
1540,155
1541,156
1542,155
1543,156
1544,155
1545,155
1546,155
1547,155
1548,155
1549,155
1550,155
1551,155
1552,155
1553,155
1554,156
1555,156
1556,156
1557,156
1558,156
1559,155
1560,155
1561,155
1562,155
1563,155
1564,155
1565,155
1566,155
1567,155
1568,155
1569,155
1570,155
1571,155
1572,155
1573,156
1574,156
1575,155
1576,155
1577,155
1578,155
1579,156
1580,155
1581,155
1582,155
1583,155
1584,155
1585,155
1586,155
1587,155
1588,155
1589,155
1590,155
1591,155
1592,155
1593,155
1594,155
1595,155
1596,155
1597,155
1598,155
1599,155
1600,155
1601,155
1602,155
1603,155
1604,155
1605,155
1606,155
1607,155
1608,155
1609,155
1610,155
1611,155
1612,155
1613,155
1614,155
1615,155
1616,155
1617,155
1618,155
1619,155
1620,156
1621,156
1622,156
1623,156
1624,156
1625,156
1626,156
1627,156
1628,156
1629,156
1630,156
1631,156
1632,156
1633,156
1634,156
1635,156
1636,156
1637,156
1638,156
1639,156
1640,156
1641,156
1642,156
1643,156
1644,156
1645,156
1646,155
1647,155
1648,155
1649,155
1650,155
1651,155
1652,155
1653,155
1654,156
1655,156
1656,156
1657,156
1658,156
1659,156
1660,156
1661,156
1662,156
1663,156
1664,156
1665,156
1666,156
1667,156
1668,156
1669,156
1670,156
1671,157
1672,157
1673,157
1674,157
1675,157
1676,157
1677,157
1678,157
1679,157
1680,157
1681,157
1682,157
1683,157
1684,157
1685,157
1686,157
1687,157
1688,157
1689,157
1690,157
1691,157
1692,156
1693,157
1694,157
1695,157
1696,157
1697,157
1698,157
1699,157
1700,157
1701,157
1702,157
1703,157
1704,157
1705,157
1706,157
1707,157
1708,157
1709,157
1710,157
1711,157
1712,157
1713,157
1714,157
1715,157
1716,156
1717,156
1718,156
1719,156
1720,156
1721,157
1722,157
1723,157
1724,157
1725,157
1726,157
1727,157
1728,156
1729,156
1730,156
1731,157
1732,157
1733,157
1734,156
1735,156
1736,157
1737,157
1738,157
1739,157
1740,156
1741,156
1742,156
1743,156
1744,156
1745,156
1746,156
1747,156
1748,156
1749,156
1750,156
1751,156
1752,156
1753,156
1754,156
1755,156
1756,156
1757,156
1758,156
1759,156
1760,156
1761,156
1762,156
1763,156
1764,156
1765,156
1766,156
1767,156
1768,155
1769,155
1770,156
1771,156
1772,155
1773,155
1774,155
1775,155
1776,155
1777,155
1778,155
1779,155
1780,155
1781,155
1782,155
1783,155
1784,155
1785,155
1786,155
1787,155
1788,155
1789,155
1790,155
1791,155
1792,155
1793,155
1794,155
1795,155
1796,155
1797,155
1798,155
1799,155
1800,155
1801,155
1802,155
1803,155
1804,155
1805,156
1806,156
1807,156
1808,155
1809,155
1810,155
1811,155
1812,156
1813,156
1814,156
1815,155
1816,155
1817,155
1818,155
1819,156
1820,156
1821,156
1822,156
1823,156
1824,156
1825,155
1826,155
1827,155
1828,156
1829,155
1830,155
1831,155
1832,156
1833,156
1834,156
1835,156
1836,156
1837,156
1838,156
1839,156
1840,156
1841,156
1842,156
1843,156
1844,156
1845,156
1846,156
1847,156
1848,156
1849,156
1850,156
1851,156
1852,156
1853,156
1854,156
1855,156
1856,156
1857,156
1858,156
1859,156
1860,156
1861,156
1862,156
1863,155
1864,156
1865,156
1866,156
1867,156
1868,155
1869,156
1870,156
1871,156
1872,156
1873,155
1874,156
1875,156
1876,156
1877,156
1878,156
1879,156
1880,156
1881,156
1882,156
1883,156
1884,156
1885,156
1886,156
1887,156
1888,156
1889,156
1890,155
1891,155
1892,156
1893,156
1894,156
1895,156
1896,155
1897,155
1898,155
1899,156
1900,156
1901,156
1902,156
1903,156
1904,156
1905,155
1906,156
1907,155
1908,156
1909,156
1910,155
1911,156
1912,156
1913,156
1914,156
1915,156
1916,156
1917,157
1918,156
1919,157
1920,157
1921,157
1922,157
1923,156
1924,156
1925,156
1926,156
1927,156
1928,157
1929,157
1930,157
1931,157
1932,157
1933,157
1934,157
1935,157
1936,157
1937,158
1938,158
1939,158
1940,158
1941,158
1942,158
1943,158
1944,158
1945,158
1946,158
1947,158
1948,158
1949,158
1950,158
1951,158
1952,158
1953,158
1954,158
1955,157
1956,157
1957,157
1958,157
1959,157
1960,157
1961,157
1962,157
1963,157
1964,156
1965,156
1966,156
1967,156
1968,157
1969,157
1970,157
1971,156
1972,156
1973,156
1974,156
1975,156
1976,156
1977,156
1978,156
1979,156
1980,156
1981,156
1982,156
1983,155
1984,155
1985,155
1986,155
1987,155
1988,155
1989,155
1990,155
1991,155
1992,155
1993,155
1994,155
1995,154
1996,154
1997,154
1998,154
1999,155
2000,155
2001,155
2002,155
2003,155
2004,155
2005,155
2006,155
2007,155
2008,155
2009,155
2010,155
2011,155
2012,155
2013,155
2014,155
2015,155
2016,155
2017,155
2018,155
2019,155
2020,155
2021,155
2022,155
2023,155
2024,155
2025,155
2026,155
2027,155
2028,155
2029,155
2030,155
2031,155
2032,155
2033,155
2034,155
2035,155
2036,155
2037,155
2038,155
2039,155
2040,155
2041,155
2042,155
2043,155
2044,155
2045,155
2046,155
2047,155
2048,155
2049,155
2050,155
2051,155
2052,155
2053,155
2054,155
2055,155
2056,155
2057,155
2058,155
2059,155
2060,155
2061,155
2062,155
2063,155
2064,155
2065,155
2066,155
2067,155
2068,155
2069,155
2070,154
2071,154
2072,155
2073,155
2074,155
2075,155
2076,155
2077,155
2078,155
2079,155
2080,155
2081,155
2082,154
2083,154
2084,154
2085,155
2086,155
2087,155
2088,155
2089,154
2090,154
2091,155
2092,155
2093,155
2094,155
2095,155
2096,155
2097,155
2098,155
2099,155
2100,155
2101,155
2102,155
2103,155
2104,155
2105,154
2106,155
2107,155
2108,155
2109,155
2110,155
2111,155
2112,155
2113,154
2114,154
2115,154
2116,154
2117,154
2118,154
2119,154
2120,154
2121,154
2122,155
2123,155
2124,155
2125,155
2126,155
2127,155
2128,155
2129,155
2130,155
2131,155
2132,155
2133,155
2134,155
2135,155
2136,155
2137,155
2138,154
2139,154
2140,155
2141,155
2142,155
2143,154
2144,154
2145,154
2146,154
2147,154
2148,154
2149,154
2150,154
2151,154
2152,154
2153,154
2154,154
2155,154
2156,154
2157,154
2158,154
2159,154
2160,154
2161,154
2162,154
2163,154
2164,154
2165,154
2166,154
2167,154
2168,154
2169,153
2170,153
2171,153
2172,153
2173,153
2174,153
2175,153
2176,153
2177,153
2178,154
2179,154
2180,154
2181,153
2182,153
2183,153
2184,153
2185,153
2186,153
2187,153
2188,153
2189,153
2190,153
2191,153
2192,153
2193,153
2194,153
2195,153
2196,153
2197,153
2198,152
2199,152
2200,152
2201,152
2202,153
2203,153
2204,153
2205,153
2206,153
2207,153
2208,152
2209,152
2210,152
2211,153
2212,153
2213,153
2214,153
2215,153
2216,153
2217,153
2218,153
2219,153
2220,153
2221,154
2222,154
2223,154
2224,154
2225,153
2226,153
2227,154
2228,154
2229,153
2230,153
2231,153
2232,153
2233,153
2234,153
2235,153
2236,153
2237,153
2238,153
2239,153
2240,153
2241,153
2242,153
2243,153
2244,153
2245,153
2246,153
2247,153
2248,153
2249,153
2250,153
2251,153
2252,153
2253,153
2254,153
2255,153
2256,153
2257,153
2258,153
2259,153
2260,153
2261,153
2262,153
2263,153
2264,153
2265,153
2266,153
2267,153
2268,153
2269,153
2270,153
2271,153
2272,153
2273,153
2274,153
2275,153
2276,153
2277,153
2278,153
2279,154
2280,154
2281,154
2282,153
2283,153
2284,153
2285,154
2286,154
2287,154
2288,154
2289,154
2290,154
2291,154
2292,154
2293,154
2294,154
2295,154
2296,154
2297,154
2298,154
2299,154
2300,154
2301,154
2302,154
2303,154
2304,154
2305,154
2306,154
2307,154
2308,154
2309,154
2310,154
2311,154
2312,154
2313,154
2314,153
2315,153
2316,153
2317,153
2318,153
2319,153
2320,153
2321,153
2322,153
2323,153
2324,153
2325,153
2326,153
2327,153
2328,153
2329,153
2330,153
2331,152
2332,153
2333,153
2334,153
2335,153
2336,154
2337,154
2338,154
2339,154
2340,154
2341,154
2342,153
2343,153
2344,154
2345,154
2346,154
2347,154
2348,154
2349,154
2350,154
2351,153
2352,153
2353,154
2354,154
2355,154
2356,154
2357,154
2358,154
2359,153
2360,154
2361,154
2362,154
2363,154
2364,154
2365,154
2366,154
2367,154
2368,154
2369,153
2370,153
2371,153
2372,153
2373,154
2374,154
2375,154
2376,154
2377,154
2378,154
2379,154
2380,154
2381,154
2382,154
2383,153
2384,153
2385,154
2386,153
2387,153
2388,153
2389,153
2390,153
2391,153
2392,153
2393,153
2394,153
2395,153
2396,153
2397,153
2398,153
2399,153
2400,153
2401,153
2402,152
2403,152
2404,152
2405,152
2406,152
2407,152
2408,152
2409,152
2410,153
2411,153
2412,153
2413,153
2414,153
2415,153
2416,153
2417,153
2418,153
2419,153
2420,153
2421,153
2422,153
2423,153
2424,153
2425,153
2426,153
2427,153
2428,153
2429,153
2430,153
2431,153
2432,153
2433,153
2434,152
2435,153
2436,153
2437,153
2438,152
2439,153
2440,153
2441,153
2442,153
2443,153
2444,152
2445,153
2446,153
2447,152
2448,153
2449,153
2450,153
2451,153
2452,153
2453,153
2454,153
2455,153
2456,153
2457,153
2458,153
2459,153
2460,153
2461,153
2462,153
2463,153
2464,152
2465,153
2466,153
2467,153
2468,153
2469,152
2470,152
2471,153
2472,153
2473,153
2474,153
2475,153
2476,153
2477,153
2478,153
2479,153
2480,153
2481,153
2482,153
2483,153
2484,153
2485,153
2486,153
2487,153
2488,153
2489,153
2490,153
2491,153
2492,153
2493,154
2494,154
2495,154
2496,154
2497,154
2498,154
2499,154
2500,154
2501,154
2502,154
2503,154
2504,154
2505,154
2506,154
2507,154
2508,154
2509,154
2510,154
2511,154
2512,154
2513,154
2514,154
2515,154
2516,154
2517,153
2518,154
2519,153
2520,153
2521,154
2522,154
2523,154
2524,154
2525,154
2526,154
2527,154
2528,154
2529,154
2530,154
2531,154
2532,154
2533,154
2534,154
2535,154
2536,154
2537,154
2538,154
2539,155
2540,155
2541,155
2542,155
2543,155
2544,155
2545,155
2546,155
2547,155
2548,155
2549,155
2550,155
2551,155
2552,155
2553,155
2554,155
2555,155
2556,155
2557,155
2558,155
2559,155
2560,154
2561,155
2562,155
2563,155
2564,155
2565,155
2566,155
2567,155
2568,155
2569,155
2570,155
2571,155
2572,155
2573,155
2574,155
2575,155
2576,156
2577,156
2578,156
2579,156
2580,156
2581,156
2582,156
2583,156
2584,156
2585,156
2586,156
2587,156
2588,156
2589,156
2590,156
2591,156
2592,156
2593,156
2594,156
2595,156
2596,155
2597,155
2598,155
2599,155
2600,155
2601,155
2602,155
2603,154
2604,154
2605,154
2606,154
2607,154
2608,155
2609,154
2610,154
2611,154
2612,154
2613,155
2614,155
2615,155
2616,155
2617,155
2618,155
2619,155
2620,155
2621,155
2622,155
2623,155
2624,155
2625,155
2626,155
2627,155
2628,155
2629,155
2630,156
2631,156
2632,156
2633,156
2634,156
2635,156
2636,156
2637,156
2638,156
2639,156
2640,156
2641,156
2642,156
2643,156
2644,156
2645,157
2646,157
2647,157
2648,156
2649,156
2650,157
2651,157
2652,157
2653,157
2654,157
2655,157
2656,157
2657,157
2658,157
2659,157
2660,157
2661,157
2662,157
2663,157
2664,157
2665,157
2666,157
2667,157
2668,157
2669,157
2670,157
2671,157
2672,157
2673,157
2674,157
2675,157
2676,157
2677,157
2678,157
2679,157
2680,157
2681,157
2682,157
2683,157
2684,157
2685,157
2686,157
2687,157
2688,157
2689,157
2690,157
2691,157
2692,157
2693,157
2694,157
2695,157
2696,157
2697,157
2698,157
2699,157
2700,157
2701,157
2702,157
2703,157
2704,157
2705,157
2706,157
2707,157
2708,157
2709,157
2710,157
2711,157
2712,157
2713,157
2714,157
2715,157
2716,157
2717,157
2718,156
2719,156
2720,156
2721,156
2722,156
2723,156
2724,156
2725,156
2726,156
2727,156
2728,156
2729,156
2730,156
2731,156
2732,156
2733,156
2734,156
2735,156
2736,156
2737,156
2738,156
2739,156
2740,156
2741,156
2742,156
2743,156
2744,157
2745,157
2746,157
2747,157
2748,157
2749,156
2750,157
2751,156
2752,156
2753,156
2754,157
2755,157
2756,157
2757,157
2758,157
2759,157
2760,157
2761,157
2762,157
2763,157
2764,157
2765,157
2766,157
2767,157
2768,157
2769,157
2770,157
2771,157
2772,157
2773,157
2774,157
2775,157
2776,157
2777,156
2778,156
2779,156
2780,156
2781,156
2782,156
2783,156
2784,156
2785,156
2786,157
2787,157
2788,157
2789,157
2790,157
2791,157
2792,157
2793,157
2794,157
2795,157
2796,157
2797,157
2798,157
2799,157
2800,157
2801,157
2802,157
2803,157
2804,157
2805,157
2806,157
2807,157
2808,157
2809,157
2810,157
2811,157
2812,157
2813,157
2814,158
2815,158
2816,158
2817,158
2818,158
2819,158
2820,158
2821,158
2822,158
2823,158
2824,158
2825,158
2826,158
2827,158
2828,158
2829,157
2830,157
2831,158
2832,158
2833,158
2834,158
2835,158
2836,158
2837,158
2838,158
2839,158
2840,158
2841,157
2842,158
2843,158
2844,158
2845,158
2846,158
2847,158
2848,158
2849,158
2850,158
2851,158
2852,158
2853,157
2854,158
2855,157
2856,157
2857,157
2858,157
2859,157
2860,157
2861,157
2862,157
2863,157
2864,157
2865,157
2866,157
2867,157
2868,157
2869,157
2870,156
2871,157
2872,157
2873,157
2874,157
2875,157
2876,156
2877,157
2878,157
2879,157
2880,157
2881,157
2882,157
2883,157
2884,157
2885,157
2886,157
2887,157
2888,157
2889,157
2890,157
2891,157
2892,157
2893,157
2894,157
2895,157
2896,157
2897,157
2898,157
2899,157
2900,157
2901,157
2902,157
2903,157
2904,157
2905,157
2906,157
2907,157
2908,157
2909,156
2910,157
2911,157
2912,156
2913,156
2914,156
2915,156
2916,156
2917,156
2918,156
2919,156
2920,156
2921,156
2922,156
2923,156
2924,156
2925,156
2926,156
2927,156
2928,156
2929,156
2930,156
2931,157
2932,156
2933,157
2934,157
2935,157
2936,157
2937,157
2938,157
2939,157
2940,157
2941,157
2942,157
2943,157
2944,157
2945,158
2946,157
2947,157
2948,157
2949,157
2950,158
2951,158
2952,158
2953,158
2954,158
2955,158
2956,158
2957,158
2958,158
2959,157
2960,158
2961,158
2962,158
2963,158
2964,158
2965,157
2966,158
2967,158
2968,157
2969,157
2970,157
2971,157
2972,157
2973,157
2974,157
2975,157
2976,157
2977,157
2978,157
2979,157
2980,157
2981,157
2982,157
2983,157
2984,157
2985,157
2986,157
2987,157
2988,157
2989,157
2990,157
2991,156
2992,156
2993,156
2994,156
2995,156
2996,156
2997,156
2998,156
2999,156
3000,156
3001,156
3002,156
3003,156
3004,156
3005,156
3006,156
3007,156
3008,156
3009,156
3010,156
3011,155
3012,155
3013,156
3014,156
3015,156
3016,156
3017,156
3018,156
3019,156
3020,156
3021,156
3022,156
3023,156
3024,156
3025,156
3026,156
3027,156
3028,156
3029,156
3030,156
3031,156
3032,156
3033,156
3034,156
3035,156
3036,156
3037,156
3038,156
3039,155
3040,155
3041,155
3042,155
3043,155
3044,155
3045,155
3046,155
3047,155
3048,155
3049,155
3050,155
3051,155
3052,155
3053,155
3054,155
3055,155
3056,155
3057,155
3058,154
3059,154
3060,154
3061,154
3062,154
3063,154
3064,154
3065,154
3066,154
3067,154
3068,154
3069,154
3070,154
3071,154
3072,154
3073,154
3074,154
3075,154
3076,154
3077,154
3078,155
3079,155
3080,154
3081,154
3082,154
3083,154
3084,154
3085,155
3086,155
3087,155
3088,154
3089,155
3090,154
3091,155
3092,155
3093,155
3094,155
3095,155
3096,155
3097,155
3098,155
3099,155
3100,155
3101,155
3102,156
3103,156
3104,156
3105,156
3106,156
3107,156
3108,156
3109,156
3110,156
3111,156
3112,156
3113,156
3114,156
3115,156
3116,155
3117,156
3118,156
3119,155
3120,155
3121,156
3122,156
3123,155
3124,156
3125,155
3126,156
3127,156
3128,156
3129,156
3130,156
3131,156
3132,156
3133,156
3134,156
3135,156
3136,155
3137,155
3138,156
3139,156
3140,156
3141,156
3142,156
3143,156
3144,156
3145,156
3146,156
3147,156
3148,156
3149,156
3150,156
3151,156
3152,156
3153,156
3154,156
3155,156
3156,155
3157,155
3158,155
3159,155
3160,155
3161,155
3162,155
3163,155
3164,155
3165,155
3166,155
3167,155
3168,155
3169,155
3170,155
3171,155
3172,155
3173,155
3174,155
3175,155
3176,155
3177,155
3178,155
3179,155
3180,154
3181,154
3182,155
3183,155
3184,155
3185,155
3186,155
3187,155
3188,155
3189,155
3190,154
3191,154
3192,154
3193,154
3194,155
3195,154
3196,154
3197,154
3198,154
3199,154
3200,154
3201,154
3202,154
3203,154
3204,154
3205,155
3206,155
3207,155
3208,155
3209,155
3210,155
3211,155
3212,155
3213,155
3214,155
3215,155
3216,155
3217,155
3218,155
3219,154
3220,154
3221,154
3222,154
3223,154
3224,155
3225,155
3226,155
3227,155
3228,155
3229,155
3230,155
3231,154
3232,154
3233,155
3234,155
3235,155
3236,155
3237,155
3238,155
3239,156
3240,156
3241,156
3242,156
3243,156
3244,156
3245,156
3246,156
3247,156
3248,156
3249,156
3250,156
3251,155
3252,155
3253,156
3254,156
3255,156
3256,156
3257,156
3258,156
3259,156
3260,156
3261,156
3262,156
3263,156
3264,156
3265,156
3266,156
3267,156
3268,156
3269,155
3270,155
3271,156
3272,156
3273,156
3274,156
3275,156
3276,156
3277,156
3278,156
3279,156
3280,156
3281,156
3282,156
3283,156
3284,156
3285,156
3286,156
3287,156
3288,156
3289,156
3290,156
3291,156
3292,156
3293,156
3294,156
3295,156
3296,156
3297,156
3298,156
3299,156
3300,156
3301,156
3302,156
3303,156
3304,156
3305,156
3306,156
3307,156
3308,155
3309,156
3310,156
3311,156
3312,155
3313,155
3314,155
3315,155
3316,156
3317,156
3318,156
3319,156
3320,156
3321,156
3322,156
3323,156
3324,155
3325,155
3326,155
3327,155
3328,156
3329,155
3330,156
3331,156
3332,156
3333,156
3334,156
3335,156
3336,156
3337,156
3338,156
3339,156
3340,156
3341,156
3342,156
3343,156
3344,156
3345,156
3346,155
3347,155
3348,155
3349,155
3350,155
3351,155
3352,155
3353,155
3354,155
3355,155
3356,155
3357,155
3358,155
3359,155
3360,155
3361,155
3362,155
3363,155
3364,155
3365,155
3366,155
3367,155
3368,155
3369,155
3370,155
3371,155
3372,155
3373,155
3374,155
3375,155
3376,155
3377,155
3378,155
3379,155
3380,156
3381,155
3382,156
3383,156
3384,156
3385,155
3386,155
3387,155
3388,155
3389,155
3390,155
3391,155
3392,155
3393,155
3394,155
3395,155
3396,155
3397,155
3398,156
3399,155
3400,155
3401,155
3402,155
3403,155
3404,155
3405,156
3406,156
3407,155
3408,155
3409,156
3410,156
3411,156
3412,156
3413,156
3414,156
3415,156
3416,156
3417,156
3418,156
3419,156
3420,156
3421,156
3422,156
3423,156
3424,156
3425,156
3426,155
3427,155
3428,155
3429,155
3430,155
3431,155
3432,155
3433,155
3434,156
3435,156
3436,156
3437,156
3438,156
3439,156
3440,156
3441,156
3442,156
3443,155
3444,155
3445,156
3446,156
3447,156
3448,156
3449,156
3450,156
3451,156
3452,156
3453,156
3454,156
3455,156
3456,156
3457,156
3458,155
3459,156
3460,156
3461,156
3462,156
3463,156
3464,156
3465,156
3466,156
3467,157
3468,157
3469,157
3470,157
3471,157
3472,157
3473,157
3474,157
3475,157
3476,157
3477,156
3478,156
3479,156
3480,157
3481,157
3482,157
3483,157
3484,157
3485,157
3486,157
3487,157
3488,157
3489,156
3490,156
3491,156
3492,156
3493,156
3494,156
3495,156
3496,157
3497,157
3498,157
3499,157
3500,156
3501,157
3502,157
3503,156
3504,156
3505,157
3506,157
3507,157
3508,157
3509,157
3510,157
3511,157
3512,157
3513,157
3514,157
3515,157
3516,157
3517,157
3518,157
3519,157
3520,157
3521,157
3522,157
3523,157
3524,157
3525,157
3526,157
3527,157
3528,157
3529,158
3530,157
3531,158
3532,158
3533,158
3534,158
3535,158
3536,158
3537,158
3538,158
3539,158
3540,158
3541,158
3542,158
3543,158
3544,158
3545,158
3546,158
3547,158
3548,158
3549,158
3550,158
3551,158
3552,158
3553,157
3554,158
3555,158
3556,158
3557,158
3558,158
3559,158
3560,158
3561,158
3562,158
3563,158
3564,158
3565,158
3566,158
3567,158
3568,158
3569,158
3570,158
3571,158
3572,158
3573,158
3574,158
3575,158
3576,158
3577,158
3578,158
3579,158
3580,158
3581,158
3582,158
3583,158
3584,158
3585,158
3586,158
3587,158
3588,158
3589,158
3590,157
3591,158
3592,158
3593,158
3594,158
3595,158
3596,158
3597,158
3598,158
3599,158
3600,158
3601,158
3602,158
3603,158
3604,158
3605,158
3606,158
3607,157
3608,157
3609,158
3610,158
3611,158
3612,158
3613,158
3614,158
3615,158
3616,158
3617,158
3618,158
3619,158
3620,158
3621,158
3622,158
3623,158
3624,158
3625,158
3626,158
3627,158
3628,158
3629,158
3630,158
3631,158
3632,158
3633,158
3634,158
3635,158
3636,158
3637,158
3638,158
3639,158
3640,158
3641,158
3642,158
3643,158
3644,159
3645,159
3646,159
3647,159
3648,159
3649,159
3650,159
3651,159
3652,159
3653,159
3654,159
3655,159
3656,159
3657,159
3658,160
3659,160
3660,159
3661,159
3662,159
3663,159
3664,159
3665,159
3666,159
3667,159
3668,159
3669,159
3670,159
3671,159
3672,159
3673,159
3674,159
3675,159
3676,159
3677,158
3678,159
3679,159
3680,159
3681,159
3682,159
3683,158
3684,158
3685,158
3686,158
3687,158
3688,158
3689,159
3690,159
3691,159
3692,159
3693,158
3694,158
3695,158
3696,158
3697,158
3698,159
3699,159
3700,158
3701,158
3702,158
3703,158
3704,158
3705,158
3706,158
3707,158
3708,158
3709,158
3710,158
3711,158
3712,158
3713,158
3714,158
3715,158
3716,158
3717,158
3718,158
3719,158
3720,158
3721,157
3722,157
3723,157
3724,157
3725,157
3726,157
3727,157
3728,157
3729,156
3730,156
3731,156
3732,156
3733,156
3734,156
3735,156
3736,156
3737,157
3738,157
3739,156
3740,156
3741,157
3742,156
3743,156
3744,156
3745,156
3746,156
3747,157
3748,157
3749,157
3750,157
3751,157
3752,157
3753,157
3754,157
3755,157
3756,157
3757,157
3758,157
3759,157
3760,157
3761,157
3762,157
3763,157
3764,157
3765,157
3766,157
3767,157
3768,157
3769,157
3770,157
3771,157
3772,157
3773,156
3774,157
3775,157
3776,156
3777,156
3778,156
3779,156
3780,156
3781,156
3782,156
3783,156
3784,156
3785,156
3786,156
3787,156
3788,156
3789,156
3790,156
3791,156
3792,156
3793,156
3794,156
3795,156
3796,156
3797,156
3798,156
3799,156
3800,156
3801,156
3802,156
3803,156
3804,156
3805,156
3806,156
3807,156
3808,156
3809,156
3810,156
3811,156
3812,156
3813,155
3814,156
3815,156
3816,155
3817,155
3818,155
3819,155
3820,155
3821,155
3822,155
3823,155
3824,155
3825,155
3826,155
3827,156
3828,156
3829,156
3830,156
3831,156
3832,156
3833,156
3834,157
3835,157
3836,157
3837,157
3838,157
3839,157
3840,157
3841,156
3842,156
3843,157
3844,156
3845,157
3846,157
3847,157
3848,157
3849,157
3850,157
3851,157
3852,157
3853,157
3854,157
3855,157
3856,156
3857,157
3858,157
3859,157
3860,157
3861,157
3862,157
3863,157
3864,157
3865,157
3866,157
3867,157
3868,157
3869,157
3870,157
3871,157
3872,157
3873,157
3874,157
3875,157
3876,157
3877,157
3878,157
3879,157
3880,157
3881,157
3882,157
3883,157
3884,157
3885,158
3886,157
3887,157
3888,157
3889,157
3890,157
3891,157
3892,158
3893,158
3894,158
3895,158
3896,158
3897,158
3898,158
3899,158
3900,158
3901,158
3902,158
3903,158
3904,158
3905,159
3906,159
3907,158
3908,158
3909,158
3910,158
3911,158
3912,158
3913,158
3914,158
3915,158
3916,158
3917,158
3918,158
3919,159
3920,158
3921,158
3922,159
3923,159
3924,159
3925,159
3926,159
3927,159
3928,159
3929,159
3930,159
3931,159
3932,159
3933,159
3934,159
3935,159
3936,159
3937,159
3938,159
3939,159
3940,159
3941,159
3942,159
3943,159
3944,159
3945,159
3946,159
3947,159
3948,159
3949,159
3950,159
3951,159
3952,159
3953,159
3954,158
3955,159
3956,159
3957,159
3958,159
3959,159
3960,159
3961,159
3962,159
3963,159
3964,159
3965,158
3966,158
3967,158
3968,158
3969,158
3970,158
3971,158
3972,158
3973,158
3974,158
3975,158
3976,158
3977,159
3978,159
3979,159
3980,159
3981,159
3982,159
3983,159
3984,159
3985,159
3986,159
3987,159
3988,159
3989,159
3990,159
3991,159
3992,160
3993,160
3994,160
3995,159
3996,159
3997,159
3998,159
3999,159
4000,159
4001,159
4002,158
4003,158
4004,158
4005,159
4006,159
4007,158
4008,158
4009,159
4010,159
4011,159
4012,158
4013,159
4014,159
4015,159
4016,159
4017,159
4018,159
4019,159
4020,159
4021,159
4022,159
4023,159
4024,159
4025,159
4026,159
4027,159
4028,159
4029,159
4030,159
4031,159
4032,159
4033,159
4034,159
4035,159
4036,159
4037,159
4038,159
4039,159
4040,159
4041,159
4042,160
4043,160
4044,160
4045,160
4046,160
4047,160
4048,160
4049,160
4050,160
4051,160
4052,160
4053,160
4054,160
4055,160
4056,160
4057,160
4058,160
4059,161
4060,160
4061,160
4062,160
4063,160
4064,160
4065,160
4066,160
4067,160
4068,160
4069,160
4070,160
4071,160
4072,160
4073,160
4074,160
4075,160
4076,160
4077,160
4078,160
4079,160
4080,160
4081,160
4082,160
4083,160
4084,160
4085,160
4086,160
4087,160
4088,160
4089,160
4090,159
4091,160
4092,160
4093,160
4094,160
4095,160
4096,160
4097,160
4098,160
4099,160
4100,160
4101,160
4102,160
4103,160
4104,160
4105,160
4106,160
4107,161
4108,161
4109,161
4110,161
4111,162
4112,161
4113,161
4114,161
4115,161
4116,161
4117,162
4118,162
4119,162
4120,162
4121,162
4122,162
4123,162
4124,162
4125,162
4126,163
4127,163
4128,163
4129,163
4130,163
4131,163
4132,163
4133,163
4134,163
4135,163
4136,163
4137,162
4138,162
4139,162
4140,162
4141,162
4142,162
4143,162
4144,162
4145,163
4146,163
4147,163
4148,163
4149,163
4150,163
4151,163
4152,163
4153,163
4154,164
4155,163
4156,163
4157,163
4158,163
4159,163
4160,163
4161,163
4162,163
4163,163
4164,163
4165,163
4166,163
4167,162
4168,163
4169,163
4170,163
4171,162
4172,162
4173,163
4174,162
4175,162
4176,162
4177,162
4178,162
4179,162
4180,162
4181,162
4182,162
4183,162
4184,162
4185,162
4186,162
4187,162
4188,162
4189,162
4190,162
4191,162
4192,162
4193,162
4194,162
4195,162
4196,162
4197,162
4198,162
4199,162
4200,162
4201,162
4202,162
4203,162
4204,162
4205,161
4206,161
4207,162
4208,162
4209,162
4210,162
4211,162
4212,162
4213,162
4214,161
4215,161
4216,161
4217,162
4218,162
4219,162
4220,162
4221,162
4222,162
4223,162
4224,162
4225,162
4226,162
4227,162
4228,161
4229,161
4230,161
4231,161
4232,161
4233,161
4234,161
4235,161
4236,161
4237,161
4238,161
4239,161
4240,161
4241,161
4242,160
4243,160
4244,160
4245,160
4246,160
4247,160
4248,160
4249,160
4250,160
4251,160
4252,160
4253,160
4254,160
4255,160
4256,160
4257,160
4258,160
4259,160
4260,160
4261,160
4262,160
4263,160
4264,160
4265,160
4266,160
4267,160
4268,160
4269,160
4270,160
4271,160
4272,160
4273,160
4274,160
4275,160
4276,160
4277,160
4278,160
4279,160
4280,160
4281,160
4282,160
4283,160
4284,160
4285,160
4286,160
4287,160
4288,160
4289,160
4290,160
4291,160
4292,160
4293,161
4294,161
4295,161
4296,160
4297,161
4298,161
4299,161
4300,160
4301,160
4302,160
4303,160
4304,160
4305,160
4306,160
4307,160
4308,160
4309,160
4310,160
4311,160
4312,160
4313,160
4314,160
4315,160
4316,160
4317,160
4318,160
4319,160
4320,160
4321,160
4322,160
4323,160
4324,160
4325,160
4326,159
4327,160
4328,160
4329,160
4330,159
4331,160
4332,160
4333,160
4334,160
4335,160
4336,160
4337,160
4338,161
4339,161
4340,161
4341,161
4342,161
4343,161
4344,161
4345,161
4346,160
4347,160
4348,161
4349,160
4350,161
4351,160
4352,160
4353,160
4354,160
4355,160
4356,160
4357,160
4358,161
4359,161
4360,161
4361,161
4362,161
4363,161
4364,161
4365,162
4366,162
4367,162
4368,161
4369,161
4370,161
4371,162
4372,162
4373,162
4374,162
4375,162
4376,162
4377,162
4378,162
4379,162
4380,162
4381,162
4382,162
4383,162
4384,162
4385,162
4386,162
4387,162
4388,162
4389,162
4390,162
4391,162
4392,162
4393,162
4394,162
4395,162
4396,162
4397,162
4398,162
4399,162
4400,162
4401,162
4402,162
4403,162
4404,162
4405,162
4406,162
4407,162
4408,162
4409,162
4410,162
4411,162
4412,162
4413,162
4414,162
4415,162
4416,162
4417,162
4418,162
4419,162
4420,162
4421,161
4422,162
4423,162
4424,162
4425,162
4426,162
4427,162
4428,161
4429,161
4430,161
4431,161
4432,161
4433,161
4434,161
4435,161
4436,161
4437,161
4438,162
4439,162
4440,162
4441,161
4442,161
4443,161
4444,162
4445,162
4446,162
4447,162
4448,162
4449,161
4450,161
4451,161
4452,161
4453,161
4454,161
4455,162
4456,162
4457,162
4458,162
4459,162
4460,162
4461,161
4462,161
4463,162
4464,162
4465,161
4466,161
4467,161
4468,162
4469,162
4470,162
4471,162
4472,162
4473,162
4474,162
4475,162
4476,162
4477,162
4478,162
4479,162
4480,162
4481,162
4482,162
4483,162
4484,162
4485,162
4486,162
4487,162
4488,162
4489,162
4490,162
4491,162
4492,162
4493,162
4494,162
4495,162
4496,163
4497,163
4498,163
4499,163
4500,163
4501,163
4502,163
4503,163
4504,163
4505,163
4506,163
4507,163
4508,163
4509,163
4510,163
4511,163
4512,163
4513,163
4514,163
4515,163
4516,163
4517,163
4518,163
4519,163
4520,163
4521,163
4522,163
4523,163
4524,163
4525,163
4526,163
4527,163
4528,163
4529,162
4530,162
4531,162
4532,162
4533,162
4534,161
4535,161
4536,162
4537,161
4538,161
4539,162
4540,162
4541,162
4542,162
4543,162
4544,162
4545,162
4546,162
4547,162
4548,162
4549,162
4550,162
4551,161
4552,161
4553,162
4554,162
4555,162
4556,162
4557,162
4558,162
4559,162
4560,161
4561,162
4562,162
4563,162
4564,161
4565,161
4566,161
4567,162
4568,161
4569,161
4570,161
4571,161
4572,161
4573,162
4574,162
4575,162
4576,162
4577,162
4578,162
4579,162
4580,162
4581,162
4582,162
4583,162
4584,162
4585,163
4586,163
4587,163
4588,163
4589,163
4590,163
4591,163
4592,162
4593,162
4594,162
4595,162
4596,162
4597,162
4598,162
4599,162
4600,162
4601,162
4602,162
4603,163
4604,163
4605,163
4606,163
4607,163
4608,163
4609,163
4610,163
4611,163
4612,163
4613,163
4614,163
4615,163
4616,163
4617,163
4618,163
4619,163
4620,163
4621,162
4622,162
4623,162
4624,162
4625,162
4626,162
4627,162
4628,162
4629,162
4630,162
4631,162
4632,162
4633,162
4634,162
4635,162
4636,162
4637,162
4638,162
4639,162
4640,162
4641,162
4642,162
4643,162
4644,162
4645,162
4646,162
4647,162
4648,162
4649,162
4650,162
4651,162
4652,161
4653,161
4654,161
4655,161
4656,161
4657,161
4658,161
4659,161
4660,161
4661,161
4662,161
4663,161
4664,161
4665,162
4666,162
4667,162
4668,162
4669,162
4670,162
4671,162
4672,162
4673,162
4674,162
4675,162
4676,162
4677,162
4678,163
4679,163
4680,163
4681,163
4682,163
4683,163
4684,163
4685,163
4686,163
4687,163
4688,163
4689,163
4690,163
4691,162
4692,162
4693,163
4694,163
4695,163
4696,163
4697,163
4698,163
4699,163
4700,163
4701,163
4702,163
4703,163
4704,163
4705,163
4706,163
4707,163
4708,163
4709,163
4710,163
4711,163
4712,163
4713,163
4714,163
4715,163
4716,163
4717,163
4718,163
4719,163
4720,163
4721,163
4722,163
4723,163
4724,163
4725,163
4726,163
4727,163
4728,163
4729,163
4730,163
4731,163
4732,163
4733,163
4734,163
4735,163
4736,163
4737,163
4738,163
4739,163
4740,162
4741,163
4742,163
4743,163
4744,163
4745,163
4746,163
4747,163
4748,162
4749,162
4750,163
4751,163
4752,163
4753,163
4754,163
4755,162
4756,162
4757,162
4758,162
4759,162
4760,163
4761,162
4762,162
4763,162
4764,163
4765,162
4766,162
4767,162
4768,163
4769,163
4770,163
4771,163
4772,163
4773,163
4774,163
4775,163
4776,162
4777,162
4778,163
4779,163
4780,163
4781,163
4782,163
4783,163
4784,163
4785,163
4786,163
4787,163
4788,162
4789,163
4790,163
4791,163
4792,163
4793,163
4794,163
4795,163
4796,163
4797,163
4798,163
4799,162
4800,162
4801,162
4802,162
4803,162
4804,162
4805,162
4806,162
4807,162
4808,162
4809,162
4810,161
4811,162
4812,162
4813,162
4814,162
4815,162
4816,162
4817,162
4818,162
4819,162
4820,162
4821,162
4822,162
4823,162
4824,162
4825,162
4826,162
4827,162
4828,162
4829,162
4830,162
4831,162
4832,162
4833,162
4834,163
4835,163
4836,163
4837,162
4838,162
4839,162
4840,162
4841,162
4842,162
4843,162
4844,162
4845,162
4846,162
4847,162
4848,162
4849,162
4850,162
4851,162
4852,162
4853,162
4854,162
4855,162
4856,162
4857,162
4858,162
4859,162
4860,162
4861,162
4862,162
4863,162
4864,162
4865,162
4866,162
4867,162
4868,162
4869,162
4870,162
4871,162
4872,162
4873,162
4874,162
4875,162
4876,162
4877,162
4878,161
4879,161
4880,161
4881,161
4882,161
4883,162
4884,161
4885,161
4886,161
4887,161
4888,161
4889,161
4890,161
4891,160
4892,160
4893,160
4894,160
4895,160
4896,160
4897,160
4898,160
4899,160
4900,160
4901,160
4902,160
4903,160
4904,160
4905,160
4906,160
4907,160
4908,160
4909,161
4910,161
4911,161
4912,161
4913,161
4914,161
4915,161
4916,161
4917,161
4918,161
4919,160
4920,161
4921,161
4922,161
4923,161
4924,161
4925,161
4926,161
4927,160
4928,161
4929,161
4930,161
4931,161
4932,161
4933,161
4934,162
4935,161
4936,161
4937,162
4938,162
4939,162
4940,162
4941,162
4942,162
4943,162
4944,162
4945,162
4946,161
4947,161
4948,161
4949,161
4950,161
4951,161
4952,161
4953,161
4954,161
4955,161
4956,161
4957,161
4958,161
4959,161
4960,161
4961,160
4962,160
4963,160
4964,160
4965,160
4966,160
4967,160
4968,160
4969,161
4970,161
4971,161
4972,161
4973,161
4974,161
4975,160
4976,160
4977,160
4978,160
4979,160
4980,160
4981,160
4982,160
4983,160
4984,160
4985,160
4986,160
4987,160
4988,160
4989,160
4990,160
4991,161
4992,161
4993,161
4994,161
4995,161
4996,161
4997,161
4998,160
4999,160
5000,161
5001,161
5002,161
5003,161
5004,161
5005,161
5006,161
5007,160
5008,160
5009,160
5010,161
5011,161
5012,161
5013,161
5014,161
5015,161
5016,161
5017,161
5018,161
5019,161
5020,161
5021,161
5022,162
5023,162
5024,162
5025,162
5026,162
5027,162
5028,162
5029,162
5030,162
5031,162
5032,162
5033,162
5034,162
5035,162
5036,162
5037,162
5038,162
5039,162
5040,162
5041,162
5042,162
5043,162
5044,162
5045,162
5046,162
5047,162
5048,162
5049,163
5050,163
5051,163
5052,163
5053,163
5054,163
5055,162
5056,162
5057,163
5058,163
5059,163
5060,163
5061,163
5062,163
5063,163
5064,163
5065,163
5066,163
5067,163
5068,163
5069,163
5070,163
5071,163
5072,163
5073,163
5074,163
5075,163
5076,163
5077,163
5078,163
5079,163
5080,162
5081,162
5082,162
5083,162
5084,162
5085,162
5086,162
5087,162
5088,162
5089,162
5090,161
5091,161
5092,161
5093,161
5094,161
5095,161
5096,161
5097,161
5098,161
5099,161
5100,160
5101,160
5102,160
5103,161
5104,161
5105,161
5106,161
5107,161
5108,161
5109,161
5110,161
5111,161
5112,161
5113,161
5114,161
5115,162
5116,162
5117,162
5118,162
5119,162
5120,162
5121,162
5122,162
5123,162
5124,162
5125,162
5126,162
5127,162
5128,162
5129,162
5130,162
5131,162
5132,162
5133,162
5134,162
5135,162
5136,162
5137,162
5138,162
5139,162
5140,162
5141,162
5142,161
5143,161
5144,162
5145,162
5146,162
5147,162
5148,162
5149,162
5150,162
5151,162
5152,162
5153,162
5154,162
5155,162
5156,162
5157,162
5158,162
5159,162
5160,161
5161,161
5162,161
5163,161
5164,161
5165,161
5166,162
5167,161
5168,161
5169,161
5170,161
5171,161
5172,161
5173,161
5174,161
5175,161
5176,161
5177,161
5178,161
5179,161
5180,161
5181,162
5182,162
5183,162
5184,162
5185,162
5186,162
5187,162
5188,163
5189,163
5190,163
5191,163
5192,163
5193,163
5194,163
5195,163
5196,163
5197,163
5198,163
5199,163
5200,163
5201,163
5202,163
5203,163
5204,163
5205,163
5206,163
5207,163
5208,163
5209,163
5210,163
5211,163
5212,163
5213,163
5214,163
5215,163
5216,163
5217,162
5218,162
5219,163
5220,162
5221,162
5222,162
5223,162
5224,162
5225,162
5226,162
5227,162
5228,162
5229,163
5230,163
5231,163
5232,163
5233,163
5234,163
5235,163
5236,163
5237,163
5238,163
5239,163
5240,163
5241,163
5242,163
5243,163
5244,163
5245,163
5246,162
5247,162
5248,162
5249,162
5250,163
5251,163
5252,163
5253,163
5254,163
5255,163
5256,163
5257,163
5258,163
5259,163
5260,163
5261,163
5262,163
5263,163
5264,163
5265,163
5266,163
5267,163
5268,163
5269,163
5270,163
5271,163
5272,163
5273,163
5274,164
5275,164
5276,164
5277,164
5278,164
5279,163
5280,163
5281,163
5282,164
5283,164
5284,164
5285,164
5286,164
5287,164
5288,164
5289,164
5290,164
5291,164
5292,164
5293,163
5294,163
5295,163
5296,163
5297,163
5298,163
5299,163
5300,163
5301,162
5302,162
5303,163
5304,163
5305,163
5306,163
5307,163
5308,163
5309,163
5310,163
5311,163
5312,163
5313,163
5314,163
5315,163
5316,163
5317,163
5318,163
5319,163
5320,163
5321,163
5322,162
5323,162
5324,162
5325,162
5326,162
5327,162
5328,162
5329,162
5330,162
5331,162
5332,163
5333,163
5334,163
5335,163
5336,163
5337,163
5338,163
5339,163
5340,163
5341,163
5342,163
5343,163
5344,163
5345,163
5346,163
5347,163
5348,163
5349,163
5350,163
5351,163
5352,163
5353,163
5354,162
5355,163
5356,163
5357,163
5358,163
5359,162
5360,162
5361,162
5362,162
5363,162
5364,162
5365,162
5366,162
5367,162
5368,162
5369,162
5370,162
5371,162
5372,162
5373,162
5374,162
5375,162
5376,162
5377,162
5378,161
5379,162
5380,161
5381,161
5382,162
5383,162
5384,162
5385,162
5386,162
5387,162
5388,162
5389,161
5390,162
5391,162
5392,162
5393,162
5394,162
5395,162
5396,162
5397,161
5398,162
5399,162
5400,162
5401,162
5402,162
5403,162
5404,162
5405,162
5406,162
5407,162
5408,162
5409,162
5410,162
5411,162
5412,161
5413,161
5414,161
5415,161
5416,162
5417,162
5418,162
5419,161
5420,161
5421,161
5422,161
5423,161
5424,161
5425,161
5426,161
5427,161
5428,161
5429,161
5430,161
5431,161
5432,161
5433,161
5434,161
5435,162
5436,161
5437,161
5438,161
5439,161
5440,161
5441,161
5442,161
5443,161
5444,161
5445,161
5446,161
5447,160
5448,160
5449,160
5450,161
5451,161
5452,161
5453,161
5454,161
5455,161
5456,161
5457,161
5458,161
5459,161
5460,161
5461,161
5462,161
5463,161
5464,161
5465,161
5466,162
5467,162
5468,162
5469,162
5470,162
5471,162
5472,162
5473,162
5474,162
5475,162
5476,162
5477,162
5478,162
5479,162
5480,161
5481,162
5482,161
5483,161
5484,161
5485,161
5486,162
5487,161
5488,162
5489,162
5490,162
5491,161
5492,161
5493,161
5494,161
5495,161
5496,161
5497,161
5498,161
5499,161
5500,161
5501,161
5502,161
5503,161
5504,161
5505,161
5506,161
5507,161
5508,161
5509,161
5510,161
5511,161
5512,161
5513,161
5514,161
5515,161
5516,161
5517,160
5518,160
5519,160
5520,160
5521,161
5522,160
5523,160
5524,160
5525,160
5526,161
5527,160
5528,161
5529,161
5530,161
5531,161
5532,161
5533,161
5534,161
5535,161
5536,160
5537,160
5538,160
5539,160
5540,160
5541,160
5542,160
5543,160
5544,160
5545,160
5546,160
5547,160
5548,160
5549,160
5550,160
5551,160
5552,160
5553,160
5554,160
5555,161
5556,161
5557,161
5558,161
5559,161
5560,161
5561,161
5562,162
5563,162
5564,161
5565,161
5566,161
5567,161
5568,161
5569,161
5570,161
5571,161
5572,160
5573,160
5574,160
5575,160
5576,160
5577,159
5578,159
5579,160
5580,160
5581,160
5582,160
5583,160
5584,160
5585,160
5586,160
5587,160
5588,160
5589,160
5590,160
5591,160
5592,161
5593,161
5594,161
5595,161
5596,161
5597,161
5598,161
5599,161
5600,161
5601,161
5602,161
5603,161
5604,161
5605,161
5606,161
5607,161
5608,161
5609,161
5610,161
5611,161
5612,161
5613,161
5614,161
5615,161
5616,161
5617,161
5618,161
5619,161
5620,161
5621,161
5622,161
5623,161
5624,161
5625,160
5626,161
5627,161
5628,161
5629,161
5630,161
5631,161
5632,161
5633,161
5634,161
5635,161
5636,161
5637,161
5638,161
5639,161
5640,160
5641,160
5642,160
5643,160
5644,160
5645,161
5646,161
5647,161
5648,161
5649,161
5650,161
5651,161
5652,161
5653,161
5654,161
5655,161
5656,161
5657,161
5658,161
5659,161
5660,161
5661,161
5662,161
5663,161
5664,161
5665,161
5666,161
5667,161
5668,161
5669,161
5670,161
5671,161
5672,161
5673,161
5674,161
5675,161
5676,161
5677,161
5678,161
5679,161
5680,161
5681,161
5682,161
5683,161
5684,161
5685,161
5686,161
5687,161
5688,161
5689,160
5690,161
5691,161
5692,161
5693,161
5694,161
5695,161
5696,161
5697,161
5698,161
5699,161
5700,161
5701,161
5702,161
5703,161
5704,161
5705,161
5706,161
5707,161
5708,161
5709,161
5710,161
5711,161
5712,161
5713,161
5714,161
5715,161
5716,161
5717,161
5718,161
5719,161
5720,161
5721,161
5722,161
5723,161
5724,161
5725,161
5726,162
5727,162
5728,162
5729,162
5730,162
5731,162
5732,162
5733,162
5734,162
5735,162
5736,162
5737,162
5738,162
5739,162
5740,162
5741,162
5742,162
5743,162
5744,162
5745,162
5746,162
5747,162
5748,162
5749,162
5750,162
5751,162
5752,162
5753,162
5754,162
5755,162
5756,162
5757,162
5758,162
5759,162
5760,162
5761,162
5762,162
5763,162
5764,162
5765,162
5766,162
5767,162
5768,162
5769,162
5770,162
5771,162
5772,162
5773,162
5774,162
5775,162
5776,162
5777,162
5778,162
5779,162
5780,162
5781,162
5782,162
5783,162
5784,162
5785,163
5786,163
5787,163
5788,163
5789,163
5790,163
5791,163
5792,163
5793,163
5794,163
5795,163
5796,163
5797,162
5798,162
5799,162
5800,162
5801,162
5802,162
5803,162
5804,162
5805,162
5806,162
5807,163
5808,163
5809,163
5810,163
5811,162
5812,162
5813,163
5814,163
5815,163
5816,163
5817,163
5818,163
5819,163
5820,163
5821,163
5822,163
5823,163
5824,163
5825,163
5826,163
5827,163
5828,163
5829,163
5830,163
5831,163
5832,162
5833,163
5834,162
5835,162
5836,162
5837,162
5838,163
5839,162
5840,163
5841,163
5842,163
5843,163
5844,163
5845,163
5846,162
5847,163
5848,163
5849,163
5850,163
5851,163
5852,163
5853,163
5854,163
5855,164
5856,164
5857,164
5858,163
5859,164
5860,164
5861,163
5862,163
5863,163
5864,164
5865,164
5866,164
5867,164
5868,164
5869,165
5870,165
5871,165
5872,165
5873,165
5874,164
5875,165
5876,165
5877,165
5878,165
5879,165
5880,165
5881,165
5882,165
5883,165
5884,165
5885,165
5886,165
5887,165
5888,165
5889,165
5890,165
5891,165
5892,165
5893,165
5894,165
5895,165
5896,164
5897,165
5898,165
5899,165
5900,165
5901,165
5902,164
5903,165
5904,164
5905,164
5906,164
5907,164
5908,165
5909,165
5910,165
5911,165
5912,164
5913,164
5914,164
5915,164
5916,164
5917,164
5918,164
5919,164
5920,164
5921,164
5922,164
5923,164
5924,164
5925,164
5926,164
5927,164
5928,164
5929,164
5930,163
5931,163
5932,163
5933,163
5934,163
5935,163
5936,163
5937,163
5938,163
5939,163
5940,163
5941,163
5942,163
5943,163
5944,163
5945,163
5946,163
5947,163
5948,163
5949,163
5950,163
5951,163
5952,163
5953,163
5954,163
5955,164
5956,164
5957,164
5958,164
5959,164
5960,164
5961,164
5962,164
5963,164
5964,164
5965,164
5966,164
5967,164
5968,164
5969,164
5970,164
5971,163
5972,163
5973,163
5974,163
5975,163
5976,163
5977,163
5978,163
5979,163
5980,163
5981,163
5982,163
5983,163
5984,163
5985,163
5986,163
5987,164
5988,163
5989,164
5990,164
5991,164
5992,164
5993,164
5994,164
5995,164
5996,164
5997,164
5998,164
5999,164
6000,163
6001,164
6002,164
6003,163
6004,163
6005,163
6006,163
6007,163
6008,163
6009,163
6010,163
6011,164
6012,163
6013,163
6014,163
6015,163
6016,163
6017,163
6018,163
6019,163
6020,163
6021,163
6022,163
6023,163
6024,163
6025,163
6026,163
6027,163
6028,163
6029,163
6030,163
6031,163
6032,163
6033,163
6034,163
6035,163
6036,163
6037,163
6038,163
6039,163
6040,163
6041,163
6042,163
6043,164
6044,164
6045,164
6046,164
6047,164
6048,164
6049,163
6050,163
6051,164
6052,164
6053,164
6054,164
6055,164
6056,164
6057,164
6058,164
6059,164
6060,163
6061,163
6062,163
6063,163
6064,163
6065,164
6066,164
6067,164
6068,164
6069,164
6070,164
6071,164
6072,164
6073,164
6074,163
6075,163
6076,164
6077,164
6078,163
6079,163
6080,164
6081,164
6082,164
6083,164
6084,164
6085,163
6086,163
6087,163
6088,163
6089,164
6090,164
6091,164
6092,164
6093,164
6094,164
6095,164
6096,164
6097,164
6098,164
6099,163
6100,163
6101,163
6102,164
6103,164
6104,164
6105,164
6106,164
6107,164
6108,164
6109,164
6110,164
6111,164
6112,164
6113,164
6114,164
6115,164
6116,164
6117,164
6118,165
6119,165
6120,165
6121,165
6122,165
6123,165
6124,165
6125,164
6126,164
6127,164
6128,165
6129,165
6130,165
6131,164
6132,164
6133,164
6134,165
6135,165
6136,165
6137,165
6138,165
6139,165
6140,165
6141,165
6142,165
6143,165
6144,165
6145,165
6146,165
6147,165
6148,165
6149,166
6150,166
6151,166
6152,166
6153,166
6154,166
6155,166
6156,166
6157,166
6158,166
6159,166
6160,166
6161,166
6162,166
6163,166
6164,166
6165,166
6166,166
6167,166
6168,166
6169,166
6170,166
6171,166
6172,166
6173,166
6174,166
6175,166
6176,166
6177,166
6178,166
6179,166
6180,166
6181,166
6182,166
6183,166
6184,166
6185,166
6186,166
6187,166
6188,166
6189,166
6190,166
6191,166
6192,166
6193,166
6194,166
6195,166
6196,166
6197,166
6198,166
6199,166
6200,166
6201,166
6202,166
6203,166
6204,166
6205,166
6206,166
6207,166
6208,166
6209,166
6210,166
6211,166
6212,167
6213,167
6214,167
6215,167
6216,167
6217,167
6218,167
6219,167
6220,167
6221,167
6222,166
6223,166
6224,166
6225,166
6226,167
6227,166
6228,166
6229,166
6230,166
6231,166
6232,165
6233,166
6234,165
6235,166
6236,166
6237,166
6238,166
6239,166
6240,166
6241,166
6242,166
6243,166
6244,166
6245,166
6246,166
6247,166
6248,166
6249,166
6250,166
6251,166
6252,166
6253,166
6254,166
6255,166
6256,166
6257,166
6258,166
6259,166
6260,166
6261,166
6262,166
6263,166
6264,166
6265,166
6266,166
6267,166
6268,166
6269,165
6270,166
6271,165
6272,166
6273,166
6274,166
6275,165
6276,166
6277,166
6278,166
6279,166
6280,166
6281,166
6282,166
6283,166
6284,166
6285,166
6286,166
6287,166
6288,166
6289,165
6290,166
6291,165
6292,166
6293,166
6294,166
6295,166
6296,166
6297,166
6298,166
6299,166
6300,166
6301,166
6302,166
6303,166
6304,166
6305,166
6306,166
6307,166
6308,166
6309,166
6310,166
6311,166
6312,165
6313,165
6314,165
6315,165
6316,165
6317,165
6318,165
6319,166
6320,166
6321,167
6322,167
6323,167
6324,166
6325,167
6326,167
6327,167
6328,167
6329,167
6330,167
6331,167
6332,167
6333,167
6334,167
6335,167
6336,167
6337,167
6338,167
6339,167
6340,167
6341,167
6342,167
6343,167
6344,167
6345,167
6346,168
6347,168
6348,168
6349,167
6350,167
6351,167
6352,167
6353,167
6354,167
6355,167
6356,167
6357,167
6358,168
6359,168
6360,167
6361,168
6362,168
6363,168
6364,168
6365,168
6366,168
6367,168
6368,168
6369,168
6370,168
6371,168
6372,168
6373,168
6374,168
6375,169
6376,168
6377,168
6378,169
6379,169
6380,169
6381,169
6382,169
6383,168
6384,168
6385,168
6386,168
6387,168
6388,168
6389,167
6390,167
6391,167
6392,168
6393,167
6394,167
6395,167
6396,168
6397,168
6398,168
6399,168
6400,167
6401,167
6402,167
6403,167
6404,167
6405,167
6406,168
6407,168
6408,168
6409,168
6410,168
6411,168
6412,168
6413,168
6414,168
6415,167
6416,167
6417,167
6418,168
6419,168
6420,168
6421,168
6422,168
6423,168
6424,169
6425,169
6426,169
6427,169
6428,169
6429,169
6430,169
6431,169
6432,169
6433,169
6434,170
6435,170
6436,170
6437,170
6438,170
6439,169
6440,169
6441,169
6442,169
6443,169
6444,169
6445,169
6446,169
6447,169
6448,169
6449,169
6450,169
6451,169
6452,169
6453,170
6454,170
6455,170
6456,169
6457,170
6458,170
6459,170
6460,170
6461,170
6462,170
6463,170
6464,170
6465,170
6466,170
6467,170
6468,170
6469,170
6470,170
6471,169
6472,169
6473,169
6474,168
6475,169
6476,169
6477,169
6478,169
6479,169
6480,169
6481,170
6482,170
6483,169
6484,169
6485,170
6486,169
6487,169
6488,169
6489,170
6490,169
6491,170
6492,170
6493,170
6494,170
6495,170
6496,170
6497,170
6498,170
6499,170
6500,170
6501,171
6502,171
6503,170
6504,171
6505,171
6506,171
6507,170
6508,171
6509,171
6510,170
6511,170
6512,171
6513,170
6514,170
6515,170
6516,170
6517,170
6518,171
6519,171
6520,171
6521,171
6522,171
6523,170
6524,170
6525,170
6526,170
6527,170
6528,170
6529,170
6530,171
6531,171
6532,171
6533,171
6534,171
6535,171
6536,170
6537,170
6538,170
6539,171
6540,171
6541,171
6542,171
6543,171
6544,171
6545,171
6546,170
6547,171
6548,171
6549,171
6550,171
6551,171
6552,171
6553,172
6554,171
6555,171
6556,171
6557,171
6558,171
6559,170
6560,171
6561,171
6562,171
6563,171
6564,171
6565,171
6566,171
6567,171
6568,171
6569,171
6570,172
6571,171
6572,172
6573,172
6574,172
6575,172
6576,172
6577,172
6578,173
6579,173
6580,173
6581,172
6582,172
6583,172
6584,173
6585,173
6586,173
6587,173
6588,173
6589,173
6590,172
6591,172
6592,173
6593,172
6594,172
6595,172
6596,173
6597,172
6598,172
6599,172
6600,172
6601,173
6602,173
6603,173
6604,172
6605,172
6606,172
6607,172
6608,172
6609,172
6610,172
6611,172
6612,172
6613,172
6614,173
6615,173
6616,173
6617,173
6618,173
6619,173
6620,173
6621,173
6622,173
6623,173
6624,173
6625,173
6626,173
6627,173
6628,173
6629,173
6630,173
6631,173
6632,173
6633,173
6634,173
6635,173
6636,173
6637,173
6638,172
6639,172
6640,173
6641,173
6642,173
6643,173
6644,173
6645,173
6646,173
6647,173
6648,173
6649,173
6650,173
6651,173
6652,173
6653,173
6654,173
6655,173
6656,174
6657,174
6658,174
6659,173
6660,173
6661,173
6662,174
6663,174
6664,173
6665,173
6666,173
6667,173
6668,173
6669,173
6670,173
6671,173
6672,173
6673,173
6674,173
6675,173
6676,173
6677,173
6678,173
6679,173
6680,173
6681,173
6682,173
6683,173
6684,172
6685,172
6686,172
6687,172
6688,173
6689,173
6690,173
6691,173
6692,172
6693,172
6694,172
6695,172
6696,172
6697,172
6698,172
6699,172
6700,172
6701,172
6702,172
6703,172
6704,173
6705,173
6706,172
6707,173
6708,173
6709,172
6710,173
6711,173
6712,173
6713,173
6714,173
6715,173
6716,173
6717,173
6718,173
6719,173
6720,173
6721,173
6722,173
6723,173
6724,173
6725,173
6726,173
6727,173
6728,172
6729,172
6730,173
6731,173
6732,173
6733,173
6734,173
6735,173
6736,173
6737,173
6738,173
6739,173
6740,173
6741,173
6742,173
6743,174
6744,174
6745,173
6746,174
6747,174
6748,174
6749,174
6750,174
6751,174
6752,174
6753,174
6754,174
6755,174
6756,174
6757,174
6758,174
6759,174
6760,174
6761,174
6762,174
6763,174
6764,174
6765,174
6766,174
6767,174
6768,174
6769,174
6770,174
6771,174
6772,174
6773,174
6774,174
6775,174
6776,174
6777,174
6778,174
6779,173
6780,174
6781,174
6782,174
6783,174
6784,173
6785,173
6786,173
6787,173
6788,173
6789,173
6790,173
6791,173
6792,173
6793,173
6794,173
6795,173
6796,173
6797,174
6798,174
6799,174
6800,174
6801,174
6802,174
6803,174
6804,174
6805,174
6806,174
6807,174
6808,174
6809,174
6810,174
6811,174
6812,174
6813,174
6814,174
6815,174
6816,174
6817,174
6818,174
6819,175
6820,175
6821,175
6822,174
6823,174
6824,174
6825,175
6826,175
6827,175
6828,174
6829,175
6830,175
6831,175
6832,175
6833,175
6834,175
6835,175
6836,175
6837,175
6838,175
6839,175
6840,175
6841,175
6842,175
6843,175
6844,175
6845,175
6846,175
6847,175
6848,175
6849,175
6850,175
6851,175
6852,175
6853,175
6854,174
6855,174
6856,175
6857,175
6858,175
6859,175
6860,175
6861,175
6862,175
6863,175
6864,175
6865,175
6866,175
6867,175
6868,175
6869,175
6870,175
6871,175
6872,175
6873,175
6874,175
6875,175
6876,175
6877,175
6878,174
6879,174
6880,175
6881,175
6882,175
6883,175
6884,175
6885,175
6886,175
6887,175
6888,175
6889,175
6890,175
6891,175
6892,175
6893,175
6894,175
6895,175
6896,175
6897,175
6898,175
6899,175
6900,175
6901,175
6902,175
6903,175
6904,175
6905,175
6906,175
6907,175
6908,175
6909,175
6910,175
6911,175
6912,175
6913,175
6914,175
6915,175
6916,175
6917,175
6918,175
6919,175
6920,175
6921,175
6922,175
6923,175
6924,175
6925,175
6926,176
6927,176
6928,176
6929,175
6930,176
6931,176
6932,176
6933,176
6934,176
6935,176
6936,176
6937,176
6938,176
6939,176
6940,176
6941,176
6942,176
6943,176
6944,176
6945,176
6946,176
6947,176
6948,176
6949,176
6950,176
6951,176
6952,176
6953,176
6954,176
6955,176
6956,176
6957,176
6958,176
6959,176
6960,176
6961,176
6962,176
6963,176
6964,176
6965,176
6966,176
6967,177
6968,177
6969,177
6970,177
6971,177
6972,177
6973,177
6974,177
6975,177
6976,177
6977,177
6978,177
6979,177
6980,177
6981,177
6982,177
6983,177
6984,177
6985,177
6986,177
6987,177
6988,177
6989,177
6990,177
6991,177
6992,177
6993,178
6994,178
6995,178
6996,178
6997,178
6998,178
6999,178
7000,178
7001,178
7002,178
7003,178
7004,178
7005,178
7006,178
7007,178
7008,178
7009,178
7010,178
7011,178
7012,178
7013,177
7014,177
7015,177
7016,178
7017,178
7018,178
7019,178
7020,178
7021,178
7022,178
7023,178
7024,178
7025,178
7026,177
7027,177
7028,177
7029,177
7030,177
7031,177
7032,177
7033,177
7034,177
7035,177
7036,177
7037,177
7038,177
7039,177
7040,177
7041,177
7042,177
7043,178
7044,177
7045,178
7046,178
7047,178
7048,178
7049,178
7050,178
7051,177
7052,177
7053,177
7054,177
7055,177
7056,177
7057,177
7058,177
7059,177
7060,177
7061,177
7062,177
7063,177
7064,177
7065,177
7066,177
7067,177
7068,176
7069,177
7070,177
7071,177
7072,177
7073,177
7074,177
7075,177
7076,177
7077,177
7078,177
7079,176
7080,177
7081,177
7082,177
7083,176
7084,177
7085,177
7086,176
7087,176
7088,176
7089,176
7090,176
7091,176
7092,176
7093,176
7094,176
7095,176
7096,176
7097,176
7098,176
7099,176
7100,176
7101,176
7102,176
7103,177
7104,176
7105,176
7106,176
7107,176
7108,176
7109,176
7110,176
7111,176
7112,176
7113,176
7114,176
7115,176
7116,176
7117,176
7118,176
7119,176
7120,176
7121,176
7122,176
7123,176
7124,176
7125,176
7126,176
7127,177
7128,177
7129,177
7130,177
7131,177
7132,177
7133,177
7134,177
7135,177
7136,177
7137,177
7138,177
7139,177
7140,176
7141,176
7142,176
7143,176
7144,176
7145,176
7146,176
7147,176
7148,176
7149,176
7150,176
7151,176
7152,176
7153,176
7154,175
7155,176
7156,176
7157,176
7158,176
7159,176
7160,176
7161,176
7162,176
7163,176
7164,176
7165,176
7166,176
7167,176
7168,176
7169,176
7170,176
7171,176
7172,176
7173,176
7174,176
7175,176
7176,176
7177,176
7178,176
7179,176
7180,176
7181,175
7182,176
7183,176
7184,176
7185,176
7186,176
7187,176
7188,176
7189,176
7190,176
7191,176
7192,176
7193,176
7194,176
7195,176
7196,176
7197,176
7198,176
7199,176
7200,176
7201,176
7202,176
7203,176
7204,176
7205,176
7206,175
7207,175
7208,176
7209,175
7210,175
7211,175
7212,175
7213,175
7214,175
7215,175
7216,175
7217,176
7218,176
7219,176
7220,176
7221,176
7222,176
7223,176
7224,176
7225,176
7226,176
7227,176
7228,176
7229,176
7230,176
7231,175
7232,175
7233,176
7234,175
7235,175
7236,175
7237,176
7238,176
7239,175
7240,175
7241,175
7242,175
7243,175
7244,175
7245,175
7246,175
7247,175
7248,175
7249,175
7250,175
7251,175
7252,175
7253,175
7254,175
7255,175
7256,175
7257,175
7258,175
7259,175
7260,175
7261,175
7262,175
7263,175
7264,175
7265,175
7266,175
7267,175
7268,175
7269,175
7270,175
7271,175
7272,175
7273,175
7274,175
7275,174
7276,175
7277,175
7278,175
7279,175
7280,175
7281,175
7282,174
7283,174
7284,174
7285,174
7286,174
7287,174
7288,174
7289,174
7290,174
7291,174
7292,174
7293,174
7294,174
7295,175
7296,175
7297,175
7298,175
7299,175
7300,175
7301,175
7302,175
7303,175
7304,175
7305,175
7306,174
7307,174
7308,174
7309,174
7310,174
7311,174
7312,174
7313,174
7314,174
7315,174
7316,174
7317,174
7318,174
7319,174
7320,174
7321,174
7322,175
7323,175
7324,175
7325,175
7326,175
7327,175
7328,175
7329,175
7330,175
7331,175
7332,175
7333,175
7334,175
7335,175
7336,175
7337,175
7338,175
7339,175
7340,175
7341,175
7342,175
7343,176
7344,176
7345,176
7346,176
7347,176
7348,176
7349,176
7350,176
7351,176
7352,176
7353,176
7354,176
7355,176
7356,176
7357,176
7358,176
7359,176
7360,176
7361,176
7362,176
7363,176
7364,176
7365,176
7366,176
7367,176
7368,176
7369,176
7370,176
7371,176
7372,176
7373,176
7374,176
7375,175
7376,175
7377,175
7378,175
7379,175
7380,175
7381,175
7382,175
7383,175
7384,175
7385,175
7386,175
7387,175
7388,175
7389,175
7390,174
7391,174
7392,174
7393,174
7394,174
7395,174
7396,174
7397,174
7398,174
7399,174
7400,174
7401,174
7402,175
7403,174
7404,174
7405,174
7406,174
7407,174
7408,175
7409,175
7410,175
7411,175
7412,175
7413,175
7414,175
7415,175
7416,175
7417,175
7418,175
7419,175
7420,175
7421,175
7422,175
7423,175
7424,175
7425,175
7426,175
7427,175
7428,175
7429,175
7430,175
7431,175
7432,175
7433,175
7434,175
7435,175
7436,175
7437,175
7438,175
7439,175
7440,175
7441,175
7442,175
7443,175
7444,175
7445,175
7446,175
7447,175
7448,175
7449,175
7450,175
7451,175
7452,175
7453,175
7454,174
7455,174
7456,175
7457,175
7458,175
7459,175
7460,175
7461,175
7462,175
7463,175
7464,175
7465,175
7466,175
7467,175
7468,175
7469,175
7470,175
7471,175
7472,174
7473,174
7474,174
7475,174
7476,175
7477,175
7478,175
7479,174
7480,174
7481,174
7482,174
7483,174
7484,174
7485,174
7486,174
7487,174
7488,174
7489,174
7490,174
7491,174
7492,174
7493,174
7494,174
7495,174
7496,174
7497,174
7498,174
7499,174
7500,174
7501,174
7502,174
7503,174
7504,174
7505,174
7506,174
7507,174
7508,174
7509,174
7510,175
7511,175
7512,175
7513,175
7514,175
7515,175
7516,175
7517,175
7518,175
7519,175
7520,175
7521,175
7522,175
7523,175
7524,175
7525,175
7526,175
7527,175
7528,175
7529,175
7530,175
7531,175
7532,175
7533,175
7534,175
7535,175
7536,175
7537,175
7538,175
7539,175
7540,175
7541,175
7542,175
7543,175
7544,175
7545,175
7546,175
7547,175
7548,175
7549,175
7550,175
7551,175
7552,175
7553,175
7554,175
7555,175
7556,175
7557,175
7558,175
7559,175
7560,175
7561,175
7562,175
7563,175
7564,175
7565,175
7566,175
7567,175
7568,175
7569,175
7570,175
7571,174
7572,175
7573,175
7574,175
7575,175
7576,175
7577,175
7578,175
7579,175
7580,175
7581,175
7582,175
7583,175
7584,175
7585,175
7586,176
7587,175
7588,176
7589,175
7590,175
7591,175
7592,175
7593,175
7594,175
7595,175
7596,175
7597,175
7598,175
7599,175
7600,175
7601,175
7602,175
7603,175
7604,175
7605,175
7606,174
7607,174
7608,174
7609,175
7610,175
7611,175
7612,175
7613,175
7614,175
7615,175
7616,175
7617,175
7618,175
7619,175
7620,175
7621,175
7622,175
7623,175
7624,175
7625,175
7626,175
7627,175
7628,175
7629,175
7630,175
7631,175
7632,175
7633,175
7634,175
7635,175
7636,175
7637,175
7638,175
7639,175
7640,175
7641,175
7642,175
7643,175
7644,175
7645,175
7646,175
7647,176
7648,176
7649,176
7650,176
7651,176
7652,176
7653,175
7654,175
7655,175
7656,175
7657,175
7658,175
7659,175
7660,175
7661,176
7662,175
7663,175
7664,176
7665,176
7666,176
7667,175
7668,176
7669,175
7670,175
7671,176
7672,176
7673,176
7674,175
7675,175
7676,176
7677,176
7678,176
7679,176
7680,176
7681,176
7682,175
7683,175
7684,175
7685,175
7686,175
7687,175
7688,175
7689,175
7690,175
7691,175
7692,175
7693,174
7694,174
7695,174
7696,175
7697,175
7698,175
7699,175
7700,175
7701,175
7702,175
7703,175
7704,175
7705,175
7706,175
7707,175
7708,175
7709,175
7710,175
7711,175
7712,175
7713,175
7714,175
7715,175
7716,174
7717,174
7718,175
7719,175
7720,174
7721,174
7722,174
7723,174
7724,174
7725,174
7726,174
7727,174
7728,174
7729,174
7730,174
7731,174
7732,174
7733,174
7734,174
7735,174
7736,174
7737,174
7738,174
7739,174
7740,174
7741,174
7742,174
7743,174
7744,174
7745,174
7746,174
7747,174
7748,174
7749,174
7750,173
7751,173
7752,174
7753,174
7754,174
7755,173
7756,174
7757,174
7758,174
7759,174
7760,174
7761,174
7762,175
7763,175
7764,175
7765,175
7766,175
7767,175
7768,174
7769,175
7770,175
7771,175
7772,175
7773,174
7774,174
7775,174
7776,174
7777,174
7778,174
7779,174
7780,174
7781,174
7782,174
7783,174
7784,174
7785,174
7786,174
7787,174
7788,174
7789,173
7790,174
7791,173
7792,174
7793,173
7794,173
7795,173
7796,173
7797,173
7798,173
7799,173
7800,173
7801,173
7802,173
7803,173
7804,174
7805,173
7806,173
7807,173
7808,174
7809,174
7810,173
7811,173
7812,173
7813,173
7814,173
7815,173
7816,173
7817,173
7818,173
7819,173
7820,173
7821,173
7822,173
7823,173
7824,173
7825,173
7826,173
7827,173
7828,173
7829,173
7830,173
7831,173
7832,172
7833,173
7834,173
7835,173
7836,173
7837,173
7838,173
7839,173
7840,173
7841,173
7842,173
7843,173
7844,173
7845,173
7846,174
7847,174
7848,174
7849,174
7850,174
7851,174
7852,174
7853,173
7854,173
7855,173
7856,173
7857,173
7858,173
7859,174
7860,173
7861,173
7862,173
7863,173
7864,173
7865,173
7866,174
7867,174
7868,174
7869,174
7870,174
7871,174
7872,174
7873,174
7874,173
7875,173
7876,173
7877,173
7878,173
7879,173
7880,173
7881,173
7882,173
7883,173
7884,173
7885,174
7886,174
7887,174
7888,174
7889,174
7890,174
7891,174
7892,174
7893,174
7894,175
7895,175
7896,175
7897,175
7898,175
7899,174
7900,174
7901,174
7902,174
7903,174
7904,174
7905,175
7906,174
7907,174
7908,174
7909,174
7910,174
7911,174
7912,175
7913,175
7914,174
7915,174
7916,174
7917,174
7918,174
7919,174
7920,175
7921,174
7922,174
7923,174
7924,174
7925,174
7926,174
7927,174
7928,174
7929,174
7930,174
7931,174
7932,174
7933,174
7934,174
7935,174
7936,174
7937,173
7938,173
7939,173
7940,173
7941,173
7942,173
7943,172
7944,172
7945,172
7946,172
7947,172
7948,172
7949,172
7950,173
7951,173
7952,172
7953,172
7954,172
7955,172
7956,172
7957,172
7958,172
7959,172
7960,171
7961,171
7962,171
7963,171
7964,171
7965,171
7966,171
7967,171
7968,171
7969,171
7970,171
7971,171
7972,170
7973,170
7974,170
7975,170
7976,170
7977,170
7978,170
7979,170
7980,171
7981,170
7982,171
7983,171
7984,171
7985,171
7986,171
7987,172
7988,171
7989,171
7990,172
7991,172
7992,172
7993,171
7994,171
7995,171
7996,171
7997,171
7998,171
7999,171
8000,171
8001,171
8002,171
8003,171
8004,171
8005,171
8006,171
8007,171
8008,171
8009,171
8010,171
8011,171
8012,170
8013,170
8014,170
8015,170
8016,170
8017,170
8018,170
8019,169
8020,169
8021,170
8022,170
8023,170
8024,170
8025,170
8026,170
8027,170
8028,170
8029,170
8030,170
8031,170
8032,170
8033,170
8034,170
8035,170
8036,170
8037,170
8038,170
8039,170
8040,170
8041,170
8042,170
8043,170
8044,170
8045,170
8046,170
8047,170
8048,170
8049,170
8050,170
8051,170
8052,170
8053,170
8054,169
8055,170
8056,170
8057,170
8058,170
8059,170
8060,170
8061,170
8062,170
8063,170
8064,170
8065,170
8066,170
8067,170
8068,170
8069,170
8070,170
8071,170
8072,170
8073,170
8074,170
8075,170
8076,170
8077,170
8078,170
8079,170
8080,170
8081,170
8082,171
8083,171
8084,171
8085,171
8086,171
8087,171
8088,171
8089,171
8090,171
8091,171
8092,171
8093,171
8094,171
8095,171
8096,171
8097,171
8098,171
8099,170
8100,171
8101,171
8102,171
8103,171
8104,171
8105,171
8106,171
8107,171
8108,170
8109,170
8110,170
8111,171
8112,171
8113,171
8114,171
8115,171
8116,171
8117,171
8118,171
8119,171
8120,172
8121,171
8122,171
8123,171
8124,171
8125,171
8126,171
8127,171
8128,172
8129,171
8130,172
8131,172
8132,172
8133,171
8134,171
8135,171
8136,172
8137,172
8138,172
8139,172
8140,172
8141,172
8142,172
8143,172
8144,172
8145,172
8146,172
8147,172
8148,172
8149,172
8150,172
8151,172
8152,172
8153,172
8154,172
8155,172
8156,172
8157,172
8158,172
8159,172
8160,172
8161,172
8162,172
8163,172
8164,172
8165,172
8166,172
8167,172
8168,172
8169,172
8170,172
8171,172
8172,172
8173,172
8174,172
8175,172
8176,172
8177,172
8178,172
8179,172
8180,172
8181,173
8182,173
8183,173
8184,173
8185,173
8186,173
8187,173
8188,173
8189,173
8190,172
8191,172
8192,172
8193,172
8194,172
8195,173
8196,173
8197,173
8198,173
8199,173
8200,173
8201,173
8202,173
8203,173
8204,173
8205,172
8206,172
8207,173
8208,173
8209,173
8210,173
8211,173
8212,173
8213,173
8214,173
8215,173
8216,172
8217,172
8218,172
8219,172
8220,172
8221,172
8222,172
8223,172
8224,172
8225,172
8226,172
8227,172
8228,172
8229,172
8230,172
8231,172
8232,172
8233,172
8234,172
8235,172
8236,172
8237,172
8238,172
8239,172
8240,172
8241,172
8242,172
8243,172
8244,172
8245,172
8246,172
8247,172
8248,172
8249,172
8250,172
8251,172
8252,172
8253,171
8254,171
8255,171
8256,171
8257,171
8258,171
8259,172
8260,171
8261,171
8262,171
8263,172
8264,171
8265,172
8266,172
8267,171
8268,171
8269,171
8270,172
8271,171
8272,171
8273,172
8274,171
8275,171
8276,171
8277,170
8278,170
8279,171
8280,171
8281,171
8282,171
8283,171
8284,171
8285,171
8286,172
8287,172
8288,171
8289,171
8290,172
8291,172
8292,172
8293,172
8294,172
8295,172
8296,172
8297,172
8298,172
8299,172
8300,172
8301,172
8302,172
8303,172
8304,172
8305,172
8306,172
8307,171
8308,171
8309,171
8310,172
8311,172
8312,172
8313,172
8314,172
8315,172
8316,172
8317,171
8318,171
8319,171
8320,171
8321,171
8322,172
8323,172
8324,171
8325,171
8326,172
8327,171
8328,171
8329,171
8330,171
8331,171
8332,171
8333,172
8334,172
8335,172
8336,172
8337,172
8338,172
8339,172
8340,173
8341,173
8342,173
8343,172
8344,172
8345,172
8346,172
8347,173
8348,173
8349,173
8350,173
8351,173
8352,173
8353,173
8354,173
8355,173
8356,173
8357,173
8358,173
8359,173
8360,172
8361,172
8362,173
8363,173
8364,173
8365,173
8366,173
8367,173
8368,172
8369,172
8370,172
8371,173
8372,173
8373,173
8374,173
8375,173
8376,173
8377,173
8378,173
8379,173
8380,173
8381,173
8382,173
8383,173
8384,173
8385,173
8386,173
8387,172
8388,173
8389,173
8390,173
8391,173
8392,173
8393,173
8394,173
8395,173
8396,173
8397,173
8398,173
8399,173
8400,173
8401,173
8402,173
8403,173
8404,173
8405,173
8406,173
8407,173
8408,173
8409,173
8410,173
8411,173
8412,173
8413,173
8414,173
8415,173
8416,173
8417,173
8418,173
8419,173
8420,173
8421,173
8422,173
8423,173
8424,173
8425,173
8426,173
8427,173
8428,173
8429,173
8430,172
8431,172
8432,172
8433,172
8434,172
8435,172
8436,172
8437,173
8438,173
8439,173
8440,173
8441,173
8442,173
8443,173
8444,173
8445,173
8446,173
8447,173
8448,173
8449,173
8450,173
8451,173
8452,173
8453,173
8454,173
8455,173
8456,173
8457,173
8458,173
8459,173
8460,172
8461,172
8462,173
8463,173
8464,173
8465,173
8466,173
8467,173
8468,173
8469,173
8470,173
8471,173
8472,173
8473,173
8474,173
8475,173
8476,173
8477,173
8478,173
8479,173
8480,173
8481,173
8482,173
8483,173
8484,173
8485,173
8486,173
8487,173
8488,173
8489,173
8490,173
8491,173
8492,173
8493,174
8494,174
8495,174
8496,174
8497,173
8498,173
8499,174
8500,174
8501,174
8502,174
8503,173
8504,173
8505,173
8506,173
8507,173
8508,173
8509,172
8510,173
8511,173
8512,173
8513,173
8514,173
8515,173
8516,173
8517,173
8518,173
8519,173
8520,173
8521,173
8522,173
8523,173
8524,173
8525,173
8526,173
8527,173
8528,173
8529,173
8530,173
8531,173
8532,173
8533,173
8534,173
8535,173
8536,173
8537,173
8538,173
8539,173
8540,173
8541,173
8542,173
8543,173
8544,173
8545,173
8546,173
8547,173
8548,173
8549,173
8550,173
8551,173
8552,173
8553,173
8554,173
8555,173
8556,173
8557,173
8558,173
8559,173
8560,173
8561,173
8562,173
8563,173
8564,173
8565,173
8566,173
8567,173
8568,173
8569,173
8570,173
8571,173
8572,173
8573,173
8574,173
8575,172
8576,173
8577,173
8578,173
8579,173
8580,173
8581,173
8582,173
8583,173
8584,173
8585,173
8586,173
8587,173
8588,173
8589,173
8590,173
8591,173
8592,173
8593,173
8594,173
8595,173
8596,173
8597,173
8598,173
8599,173
8600,173
8601,173
8602,173
8603,173
8604,173
8605,173
8606,173
8607,173
8608,173
8609,173
8610,173
8611,173
8612,173
8613,173
8614,173
8615,173
8616,173
8617,173
8618,173
8619,173
8620,173
8621,173
8622,173
8623,172
8624,172
8625,172
8626,172
8627,172
8628,172
8629,172
8630,172
8631,173
8632,173
8633,173
8634,173
8635,173
8636,172
8637,172
8638,172
8639,172
8640,172
8641,172
8642,172
8643,172
8644,172
8645,172
8646,172
8647,172
8648,171
8649,171
8650,172
8651,171
8652,171
8653,171
8654,171
8655,171
8656,171
8657,171
8658,171
8659,170
8660,170
8661,169
8662,169
8663,169
8664,169
8665,169
8666,169
8667,169
8668,169
8669,169
8670,169
8671,169
8672,169
8673,169
8674,169
8675,170
8676,170
8677,170
8678,170
8679,170
8680,170
8681,170
8682,170
8683,170
8684,170
8685,170
8686,170
8687,170
8688,170
8689,170
8690,170
8691,170
8692,170
8693,170
8694,170
8695,170
8696,170
8697,171
8698,171
8699,171
8700,171
8701,171
8702,170
8703,170
8704,170
8705,170
8706,170
8707,171
8708,171
8709,171
8710,171
8711,171
8712,171
8713,171
8714,171
8715,171
8716,171
8717,171
8718,171
8719,171
8720,171
8721,171
8722,171
8723,171
8724,171
8725,171
8726,171
8727,171
8728,171
8729,171
8730,171
8731,171
8732,171
8733,171
8734,171
8735,171
8736,170
8737,170
8738,170
8739,170
8740,170
8741,170
8742,169
8743,169
8744,169
8745,169
8746,169
8747,169
8748,169
8749,169
8750,169
8751,169
8752,169
8753,169
8754,169
8755,169
8756,169
8757,170
8758,170
8759,170
8760,170
8761,170
8762,170
8763,170
8764,170
8765,170
8766,170
8767,170
8768,170
8769,170
8770,170
8771,170
8772,170
8773,170
8774,170
8775,170
8776,170
8777,169
8778,169
8779,170
8780,170
8781,170
8782,170
8783,171
8784,170
8785,170
8786,171
8787,171
8788,171
8789,171
8790,171
8791,170
8792,170
8793,170
8794,170
8795,170
8796,170
8797,170
8798,170
8799,170
8800,171
8801,171
8802,170
8803,171
8804,171
8805,171
8806,171
8807,171
8808,171
8809,171
8810,170
8811,170
8812,170
8813,170
8814,170
8815,170
8816,170
8817,170
8818,170
8819,170
8820,170
8821,170
8822,170
8823,170
8824,170
8825,170
8826,170
8827,170
8828,170
8829,169
8830,169
8831,169
8832,169
8833,169
8834,169
8835,169
8836,169
8837,169
8838,169
8839,169
8840,169
8841,169
8842,169
8843,168
8844,169
8845,169
8846,169
8847,169
8848,169
8849,169
8850,169
8851,169
8852,169
8853,170
8854,170
8855,170
8856,169
8857,169
8858,169
8859,169
8860,169
8861,170
8862,170
8863,170
8864,170
8865,170
8866,170
8867,170
8868,170
8869,170
8870,170
8871,170
8872,170
8873,170
8874,170
8875,170
8876,170
8877,170
8878,170
8879,170
8880,170
8881,170
8882,170
8883,170
8884,170
8885,170
8886,170
8887,170
8888,170
8889,169
8890,169
8891,170
8892,170
8893,170
8894,170
8895,170
8896,170
8897,170
8898,170
8899,170
8900,170
8901,170
8902,170
8903,170
8904,170
8905,170
8906,170
8907,170
8908,170
8909,170
8910,170
8911,170
8912,170
8913,170
8914,170
8915,170
8916,170
8917,170
8918,170
8919,170
8920,170
8921,169
8922,169
8923,169
8924,169
8925,169
8926,169
8927,169
8928,169
8929,169
8930,169
8931,169
8932,169
8933,169
8934,169
8935,169
8936,169
8937,169
8938,169
8939,169
8940,169
8941,169
8942,169
8943,169
8944,169
8945,169
8946,169
8947,168
8948,168
8949,168
8950,168
8951,168
8952,168
8953,168
8954,168
8955,168
8956,168
8957,168
8958,168
8959,168
8960,168
8961,168
8962,167
8963,167
8964,167
8965,167
8966,167
8967,166
8968,166
8969,166
8970,167
8971,167
8972,167
8973,167
8974,167
8975,167
8976,167
8977,167
8978,166
8979,166
8980,166
8981,167
8982,167
8983,167
8984,167
8985,166
8986,167
8987,167
8988,166
8989,167
8990,167
8991,167
8992,166
8993,166
8994,166
8995,167
8996,167
8997,167
8998,166
8999,167
9000,167
9001,167
9002,167
9003,167
9004,167
9005,167
9006,167
9007,167
9008,167
9009,167
9010,167
9011,167
9012,166
9013,167
9014,167
9015,167
9016,167
9017,167
9018,167
9019,167
9020,167
9021,167
9022,167
9023,167
9024,167
9025,167
9026,167
9027,167
9028,167
9029,167
9030,167
9031,167
9032,167
9033,167
9034,167
9035,167
9036,167
9037,168
9038,168
9039,168
9040,167
9041,168
9042,168
9043,167
9044,167
9045,167
9046,167
9047,167
9048,167
9049,167
9050,167
9051,167
9052,167
9053,167
9054,167
9055,167
9056,167
9057,167
9058,167
9059,167
9060,167
9061,167
9062,167
9063,167
9064,167
9065,167
9066,167
9067,167
9068,167
9069,167
9070,167
9071,167
9072,167
9073,167
9074,166
9075,166
9076,166
9077,166
9078,166
9079,166
9080,166
9081,167
9082,166
9083,166
9084,167
9085,167
9086,167
9087,166
9088,166
9089,167
9090,167
9091,167
9092,167
9093,167
9094,166
9095,166
9096,166
9097,167
9098,167
9099,167
9100,167
9101,167
9102,168
9103,168
9104,168
9105,168
9106,168
9107,168
9108,168
9109,168
9110,168
9111,167
9112,168
9113,168
9114,168
9115,168
9116,168
9117,168
9118,168
9119,167
9120,167
9121,168
9122,168
9123,168
9124,167
9125,167
9126,167
9127,167
9128,167
9129,168
9130,168
9131,168
9132,168
9133,168
9134,168
9135,168
9136,168
9137,168
9138,168
9139,168
9140,168
9141,168
9142,169
9143,169
9144,169
9145,169
9146,169
9147,169
9148,169
9149,169
9150,169
9151,169
9152,169
9153,170
9154,170
9155,170
9156,170
9157,170
9158,170
9159,170
9160,170
9161,170
9162,170
9163,170
9164,170
9165,170
9166,170
9167,170
9168,170
9169,170
9170,170
9171,170
9172,170
9173,170
9174,170
9175,171
9176,171
9177,171
9178,171
9179,171
9180,171
9181,171
9182,171
9183,171
9184,171
9185,171
9186,171
9187,171
9188,171
9189,171
9190,171
9191,171
9192,171
9193,171
9194,171
9195,171
9196,171
9197,171
9198,171
9199,171
9200,171
9201,171
9202,171
9203,171
9204,171
9205,171
9206,171
9207,171
9208,171
9209,171
9210,171
9211,171
9212,172
9213,172
9214,171
9215,171
9216,172
9217,172
9218,172
9219,172
9220,172
9221,172
9222,172
9223,172
9224,172
9225,172
9226,172
9227,172
9228,172
9229,172
9230,172
9231,172
9232,172
9233,172
9234,172
9235,171
9236,171
9237,171
9238,171
9239,171
9240,171
9241,171
9242,171
9243,171
9244,171
9245,171
9246,171
9247,171
9248,171
9249,172
9250,172
9251,172
9252,172
9253,172
9254,172
9255,172
9256,172
9257,172
9258,172
9259,172
9260,172
9261,172
9262,172
9263,172
9264,172
9265,172
9266,172
9267,172
9268,172
9269,172
9270,172
9271,172
9272,172
9273,172
9274,172
9275,172
9276,172
9277,172
9278,172
9279,172
9280,172
9281,172
9282,171
9283,172
9284,172
9285,172
9286,172
9287,171
9288,171
9289,171
9290,171
9291,171
9292,171
9293,171
9294,171
9295,171
9296,171
9297,172
9298,172
9299,172
9300,172
9301,172
9302,172
9303,172
9304,172
9305,172
9306,172
9307,172
9308,172
9309,172
9310,172
9311,172
9312,172
9313,172
9314,171
9315,171
9316,171
9317,171
9318,171
9319,171
9320,171
9321,171
9322,171
9323,171
9324,171
9325,171
9326,171
9327,171
9328,171
9329,171
9330,171
9331,171
9332,171
9333,171
9334,171
9335,171
9336,171
9337,171
9338,171
9339,171
9340,171
9341,171
9342,171
9343,171
9344,171
9345,171
9346,171
9347,171
9348,171
9349,171
9350,171
9351,171
9352,171
9353,171
9354,171
9355,171
9356,171
9357,171
9358,171
9359,171
9360,171
9361,171
9362,170
9363,170
9364,171
9365,171
9366,170
9367,170
9368,170
9369,170
9370,170
9371,170
9372,170
9373,170
9374,170
9375,170
9376,170
9377,170
9378,170
9379,170
9380,170
9381,170
9382,170
9383,170
9384,170
9385,170
9386,170
9387,170
9388,171
9389,171
9390,171
9391,170
9392,171
9393,171
9394,171
9395,171
9396,171
9397,171
9398,171
9399,171
9400,171
9401,171
9402,171
9403,171
9404,171
9405,171
9406,171
9407,171
9408,171
9409,170
9410,171
9411,171
9412,171
9413,171
9414,171
9415,171
9416,171
9417,171
9418,171
9419,171
9420,171
9421,171
9422,171
9423,171
9424,171
9425,170
9426,171
9427,170
9428,170
9429,170
9430,170
9431,170
9432,170
9433,170
9434,170
9435,170
9436,170
9437,170
9438,170
9439,170
9440,169
9441,169
9442,169
9443,169
9444,169
9445,170
9446,170
9447,170
9448,170
9449,170
9450,170
9451,170
9452,170
9453,170
9454,170
9455,170
9456,170
9457,170
9458,170
9459,170
9460,170
9461,170
9462,170
9463,170
9464,170
9465,170
9466,170
9467,170
9468,170
9469,170
9470,170
9471,170
9472,170
9473,170
9474,170
9475,170
9476,170
9477,170
9478,170
9479,170
9480,170
9481,170
9482,170
9483,170
9484,169
9485,169
9486,169
9487,169
9488,169
9489,169
9490,169
9491,169
9492,169
9493,169
9494,169
9495,169
9496,170
9497,170
9498,170
9499,170
9500,170
9501,170
9502,170
9503,170
9504,170
9505,170
9506,169
9507,169
9508,169
9509,170
9510,170
9511,170
9512,170
9513,170
9514,170
9515,170
9516,170
9517,170
9518,170
9519,170
9520,170
9521,170
9522,170
9523,170
9524,170
9525,170
9526,170
9527,170
9528,170
9529,170
9530,170
9531,170
9532,170
9533,170
9534,170
9535,170
9536,170
9537,170
9538,170
9539,170
9540,170
9541,170
9542,170
9543,170
9544,170
9545,169
9546,169
9547,169
9548,170
9549,170
9550,169
9551,169
9552,169
9553,169
9554,169
9555,169
9556,169
9557,169
9558,170
9559,170
9560,170
9561,170
9562,170
9563,170
9564,170
9565,170
9566,170
9567,170
9568,170
9569,169
9570,170
9571,170
9572,170
9573,170
9574,170
9575,170
9576,170
9577,170
9578,170
9579,170
9580,170
9581,170
9582,170
9583,170
9584,170
9585,171
9586,171
9587,170
9588,170
9589,170
9590,170
9591,170
9592,170
9593,170
9594,170
9595,170
9596,170
9597,170
9598,170
9599,170
9600,170
9601,170
9602,170
9603,170
9604,171
9605,171
9606,171
9607,170
9608,171
9609,171
9610,171
9611,171
9612,171
9613,171
9614,171
9615,171
9616,171
9617,171
9618,171
9619,171
9620,171
9621,171
9622,171
9623,171
9624,171
9625,170
9626,170
9627,170
9628,170
9629,170
9630,171
9631,171
9632,171
9633,171
9634,171
9635,171
9636,171
9637,171
9638,171
9639,171
9640,171
9641,171
9642,171
9643,171
9644,171
9645,171
9646,171
9647,171
9648,171
9649,171
9650,170
9651,171
9652,171
9653,171
9654,171
9655,171
9656,171
9657,171
9658,171
9659,171
9660,171
9661,171
9662,171
9663,171
9664,171
9665,171
9666,171
9667,170
9668,170
9669,171
9670,171
9671,171
9672,171
9673,171
9674,171
9675,171
9676,171
9677,171
9678,171
9679,171
9680,171
9681,171
9682,171
9683,171
9684,171
9685,170
9686,170
9687,170
9688,170
9689,170
9690,170
9691,170
9692,170
9693,170
9694,170
9695,170
9696,170
9697,170
9698,170
9699,170
9700,170
9701,170
9702,169
9703,169
9704,169
9705,169
9706,169
9707,169
9708,169
9709,169
9710,169
9711,169
9712,169
9713,169
9714,169
9715,169
9716,169
9717,169
9718,169
9719,169
9720,169
9721,169
9722,169
9723,169
9724,170
9725,170
9726,170
9727,170
9728,170
9729,170
9730,170
9731,170
9732,170
9733,170
9734,170
9735,170
9736,170
9737,170
9738,170
9739,170
9740,170
9741,170
9742,170
9743,170
9744,170
9745,170
9746,170
9747,170
9748,170
9749,170
9750,170
9751,169
9752,170
9753,170
9754,170
9755,170
9756,170
9757,169
9758,169
9759,169
9760,169
9761,169
9762,169
9763,169
9764,169
9765,169
9766,169
9767,169
9768,170
9769,169
9770,169
9771,169
9772,169
9773,170
9774,170
9775,170
9776,170
9777,170
9778,170
9779,170
9780,170
9781,170
9782,170
9783,170
9784,171
9785,171
9786,171
9787,171
9788,171
9789,171
9790,171
9791,171
9792,171
9793,171
9794,171
9795,171
9796,171
9797,171
9798,171
9799,171
9800,171
9801,171
9802,171
9803,171
9804,171
9805,171
9806,171
9807,171
9808,171
9809,171
9810,171
9811,171
9812,170
9813,170
9814,170
9815,170
9816,170
9817,170
9818,170
9819,170
9820,170
9821,170
9822,171
9823,171
9824,171
9825,171
9826,171
9827,171
9828,171
9829,171
9830,170
9831,171
9832,171
9833,171
9834,171
9835,170
9836,170
9837,170
9838,170
9839,170
9840,170
9841,170
9842,170
9843,170
9844,170
9845,170
9846,170
9847,171
9848,171
9849,171
9850,171
9851,171
9852,171
9853,170
9854,170
9855,170
9856,170
9857,170
9858,171
9859,171
9860,171
9861,170
9862,170
9863,170
9864,170
9865,170
9866,170
9867,170
9868,171
9869,171
9870,171
9871,171
9872,171
9873,171
9874,171
9875,170
9876,171
9877,171
9878,170
9879,170
9880,170
9881,170
9882,170
9883,170
9884,170
9885,170
9886,170
9887,170
9888,170
9889,170
9890,170
9891,170
9892,170
9893,170
9894,170
9895,170
9896,170
9897,170
9898,170
9899,171
9900,171
9901,170
9902,171
9903,171
9904,171
9905,171
9906,171
9907,171
9908,171
9909,171
9910,171
9911,170
9912,171
9913,171
9914,170
9915,171
9916,171
9917,170
9918,170
9919,171
9920,170
9921,170
9922,170
9923,170
9924,170
9925,170
9926,170
9927,170
9928,170
9929,171
9930,171
9931,171
9932,171
9933,171
9934,171
9935,171
9936,171
9937,170
9938,170
9939,170
9940,170
9941,170
9942,170
9943,170
9944,170
9945,169
9946,169
9947,169
9948,169
9949,170
9950,170
9951,170
9952,170
9953,170
9954,170
9955,170
9956,170
9957,171
9958,170
9959,170
9960,170
9961,170
9962,170
9963,171
9964,171
9965,171
9966,171
9967,171
9968,171
9969,171
9970,171
9971,171
9972,171
9973,171
9974,171
9975,171
9976,171
9977,172
9978,171
9979,172
9980,172
9981,172
9982,172
9983,172
9984,172
9985,172
9986,172
9987,172
9988,172
9989,172
9990,172
9991,172
9992,172
9993,172
9994,172
9995,172
9996,172
9997,172
9998,172
9999,171
