0,149
1,150
2,150
3,150
4,150
5,150
6,150
7,150
8,150
9,150
10,150
11,150
12,150
13,149
14,149
15,150
16,150
17,150
18,150
19,150
20,150
21,150
22,150
23,150
24,150
25,150
26,150
27,150
28,150
29,150
30,150
31,150
32,150
33,150
34,150
35,150
36,150
37,150
38,150
39,150
40,150
41,150
42,149
43,149
44,149
45,149
46,148
47,148
48,149
49,148
50,148
51,148
52,148
53,148
54,149
55,149
56,149
57,149
58,149
59,149
60,149
61,149
62,148
63,148
64,148
65,148
66,149
67,148
68,148
69,148
70,148
71,148
72,148
73,148
74,148
75,148
76,149
77,149
78,149
79,149
80,149
81,149
82,149
83,149
84,149
85,149
86,149
87,149
88,149
89,149
90,149
91,149
92,149
93,149
94,149
95,148
96,148
97,148
98,148
99,148
100,149
101,148
102,148
103,148
104,148
105,148
106,148
107,148
108,148
109,148
110,148
111,148
112,148
113,148
114,148
115,148
116,148
117,148
118,147
119,147
120,147
121,147
122,147
123,147
124,147
125,147
126,147
127,147
128,147
129,147
130,147
131,147
132,147
133,147
134,147
135,147
136,147
137,147
138,147
139,147
140,147
141,147
142,147
143,147
144,146
145,146
146,146
147,146
148,146
149,146
150,146
151,146
152,146
153,146
154,145
155,146
156,145
157,146
158,145
159,145
160,145
161,145
162,145
163,145
164,145
165,145
166,145
167,145
168,145
169,145
170,145
171,145
172,145
173,145
174,145
175,145
176,145
177,145
178,145
179,145
180,145
181,145
182,145
183,145
184,145
185,145
186,145
187,145
188,145
189,144
190,144
191,144
192,144
193,144
194,144
195,144
196,144
197,144
198,144
199,144
200,144
201,144
202,144
203,144
204,144
205,144
206,144
207,144
208,144
209,144
210,144
211,144
212,144
213,144
214,144
215,144
216,144
217,145
218,145
219,145
220,145
221,145
222,145
223,145
224,145
225,145
226,145
227,145
228,145
229,145
230,145
231,145
232,145
233,145
234,145
235,145
236,144
237,144
238,144
239,144
240,145
241,145
242,145
243,145
244,144
245,145
246,145
247,145
248,145
249,145
250,145
251,145
252,145
253,145
254,145
255,145
256,145
257,145
258,145
259,145
260,145
261,145
262,145
263,145
264,145
265,145
266,144
267,145
268,145
269,145
270,145
271,145
272,145
273,145
274,145
275,144
276,144
277,144
278,144
279,144
280,144
281,144
282,144
283,144
284,144
285,144
286,144
287,144
288,144
289,144
290,144
291,144
292,144
293,144
294,144
295,145
296,144
297,144
298,144
299,144
300,144
301,144
302,144
303,144
304,145
305,145
306,145
307,144
308,144
309,144
310,144
311,144
312,144
313,144
314,144
315,144
316,144
317,144
318,144
319,145
320,144
321,144
322,144
323,144
324,144
325,144
326,144
327,144
328,144
329,144
330,144
331,144
332,144
333,144
334,145
335,145
336,144
337,145
338,145
339,145
340,145
341,145
342,145
343,145
344,145
345,145
346,145
347,145
348,145
349,145
350,145
351,145
352,145
353,145
354,145
355,144
356,144
357,144
358,144
359,145
360,145
361,145
362,145
363,145
364,144
365,144
366,144
367,144
368,144
369,144
370,144
371,144
372,144
373,144
374,144
375,144
376,144
377,145
378,145
379,145
380,145
381,144
382,145
383,145
384,145
385,145
386,145
387,145
388,145
389,145
390,145
391,145
392,145
393,145
394,145
395,145
396,145
397,145
398,145
399,145
400,145
401,145
402,145
403,144
404,145
405,145
406,145
407,145
408,145
409,145
410,145
411,145
412,145
413,145
414,145
415,145
416,145
417,145
418,145
419,145
420,145
421,145
422,145
423,145
424,145
425,145
426,145
427,145
428,145
429,145
430,145
431,144
432,144
433,144
434,144
435,144
436,144
437,144
438,144
439,144
440,145
441,145
442,145
443,145
444,145
445,145
446,145
447,144
448,144
449,145
450,145
451,145
452,145
453,144
454,144
455,144
456,144
457,144
458,145
459,144
460,144
461,144
462,144
463,144
464,144
465,144
466,144
467,144
468,144
469,145
470,145
471,145
472,145
473,145
474,145
475,144
476,144
477,144
478,145
479,145
480,145
481,145
482,145
483,145
484,145
485,145
486,145
487,145
488,145
489,145
490,145
491,145
492,145
493,145
494,145
495,145
496,145
497,145
498,145
499,145
500,145
501,145
502,145
503,145
504,145
505,145
506,145
507,145
508,145
509,145
510,145
511,145
512,145
513,145
514,145
515,145
516,145
517,145
518,145
519,145
520,145
521,146
522,146
523,146
524,146
525,146
526,146
527,146
528,146
529,146
530,146
531,146
532,146
533,146
534,146
535,146
536,145
537,145
538,145
539,145
540,146
541,146
542,146
543,145
544,146
545,145
546,145
547,145
548,146
549,146
550,146
551,146
552,146
553,146
554,146
555,146
556,146
557,146
558,146
559,146
560,146
561,146
562,146
563,146
564,146
565,146
566,146
567,146
568,146
569,146
570,146
571,146
572,146
573,146
574,146
575,146
576,146
577,146
578,146
579,145
580,145
581,145
582,145
583,145
584,145
585,146
586,146
587,146
588,145
589,145
590,145
591,145
592,145
593,145
594,145
595,145
596,145
597,145
598,145
599,145
600,145
601,145
602,145
603,145
604,145
605,145
606,145
607,145
608,146
609,145
610,145
611,146
612,146
613,146
614,145
615,145
616,145
617,145
618,145
619,145
620,146
621,146
622,146
623,146
624,146
625,145
626,145
627,145
628,145
629,145
630,145
631,145
632,145
633,145
634,145
635,145
636,145
637,146
638,146
639,146
640,146
641,146
642,146
643,146
644,146
645,146
646,146
647,146
648,146
649,146
650,146
651,146
652,146
653,146
654,146
655,146
656,146
657,146
658,146
659,146
660,146
661,146
662,146
663,146
664,146
665,146
666,146
667,146
668,146
669,146
670,145
671,146
672,146
673,146
674,146
675,146
676,146
677,146
678,145
679,145
680,145
681,145
682,145
683,145
684,145
685,145
686,145
687,145
688,145
689,145
690,145
691,144
692,145
693,145
694,145
695,144
696,145
697,144
698,144
699,144
700,144
701,144
702,144
703,144
704,144
705,143
706,143
707,143
708,143
709,144
710,144
711,144
712,144
713,144
714,144
715,144
716,144
717,144
718,144
719,144
720,143
721,144
722,144
723,144
724,144
725,144
726,144
727,144
728,144
729,144
730,144
731,145
732,145
733,145
734,145
735,144
736,144
737,144
738,144
739,144
740,144
741,144
742,145
743,145
744,145
745,144
746,144
747,145
748,145
749,145
750,145
751,145
752,145
753,144
754,145
755,145
756,144
757,145
758,145
759,144
760,145
761,145
762,145
763,145
764,145
765,145
766,145
767,145
768,145
769,145
770,145
771,145
772,145
773,145
774,145
775,145
776,145
777,145
778,145
779,145
780,145
781,145
782,145
783,145
784,145
785,145
786,145
787,145
788,145
789,145
790,145
791,145
792,145
793,145
794,145
795,145
796,144
797,144
798,144
799,144
800,145
801,145
802,145
803,145
804,145
805,145
806,145
807,145
808,145
809,144
810,145
811,145
812,145
813,145
814,145
815,145
816,145
817,145
818,145
819,145
820,146
821,146
822,146
823,146
824,145
825,145
826,146
827,146
828,146
829,146
830,146
831,146
832,146
833,146
834,146
835,146
836,146
837,146
838,145
839,145
840,145
841,146
842,146
843,146
844,146
845,146
846,145
847,145
848,145
849,145
850,145
851,145
852,145
853,145
854,145
855,145
856,145
857,145
858,145
859,145
860,145
861,145
862,145
863,145
864,144
865,145
866,145
867,145
868,145
869,145
870,144
871,145
872,145
873,144
874,145
875,145
876,145
877,145
878,145
879,145
880,145
881,145
882,145
883,145
884,145
885,145
886,145
887,145
888,145
889,145
890,145
891,145
892,145
893,145
894,145
895,146
896,146
897,146
898,146
899,146
900,146
901,146
902,146
903,146
904,146
905,146
906,146
907,146
908,145
909,145
910,145
911,145
912,145
913,145
914,145
915,145
916,146
917,146
918,146
919,146
920,146
921,146
922,146
923,146
924,146
925,146
926,146
927,146
928,146
929,146
930,146
931,146
932,146
933,146
934,146
935,147
936,147
937,147
938,147
939,147
940,147
941,147
942,147
943,147
944,147
945,146
946,146
947,146
948,146
949,147
950,146
951,146
952,146
953,146
954,147
955,147
956,147
957,146
958,146
959,146
960,146
961,146
962,146
963,146
964,146
965,146
966,146
967,146
968,146
969,147
970,147
971,147
972,147
973,147
974,147
975,147
976,147
977,147
978,147
979,147
980,146
981,146
982,146
983,146
984,146
985,146
986,145
987,145
988,145
989,145
990,145
991,146
992,146
993,146
994,146
995,146
996,146
997,146
998,146
999,146
1000,146
1001,146
1002,146
1003,146
1004,146
1005,146
1006,146
1007,146
1008,146
1009,146
1010,146
1011,146
1012,146
1013,147
1014,147
1015,147
1016,147
1017,147
1018,147
1019,147
1020,147
1021,147
1022,147
1023,146
1024,147
1025,147
1026,147
1027,147
1028,147
1029,147
1030,147
1031,146
1032,146
1033,146
1034,146
1035,146
1036,146
1037,146
1038,146
1039,146
1040,146
1041,146
1042,146
1043,146
1044,146
1045,146
1046,146
1047,146
1048,146
1049,146
1050,146
1051,146
1052,146
1053,146
1054,146
1055,146
1056,146
1057,146
1058,146
1059,146
1060,146
1061,146
1062,146
1063,146
1064,147
1065,147
1066,147
1067,147
1068,147
1069,147
1070,146
1071,146
1072,146
1073,146
1074,146
1075,147
1076,147
1077,146
1078,146
1079,146
1080,147
1081,146
1082,147
1083,147
1084,146
1085,147
1086,147
1087,147
1088,147
1089,147
1090,147
1091,147
1092,147
1093,147
1094,147
1095,147
1096,147
1097,147
1098,147
1099,147
1100,147
1101,147
1102,147
1103,147
1104,147
1105,147
1106,147
1107,147
1108,146
1109,146
1110,146
1111,147
1112,147
1113,147
1114,147
1115,147
1116,148
1117,148
1118,148
1119,148
1120,148
1121,148
1122,148
1123,148
1124,148
1125,148
1126,148
1127,148
1128,148
1129,148
1130,148
1131,148
1132,148
1133,148
1134,148
1135,148
1136,148
1137,148
1138,148
1139,148
1140,148
1141,148
1142,148
1143,148
1144,147
1145,148
1146,148
1147,148
1148,148
1149,148
1150,148
1151,148
1152,148
1153,148
1154,148
1155,148
1156,148
1157,148
1158,148
1159,148
1160,148
1161,148
1162,148
1163,148
1164,148
1165,148
1166,147
1167,147
1168,147
1169,147
1170,147
1171,147
1172,147
1173,147
1174,147
1175,147
1176,147
1177,147
1178,147
1179,147
1180,147
1181,147
1182,147
1183,147
1184,147
1185,147
1186,147
1187,147
1188,147
1189,147
1190,147
1191,147
1192,147
1193,147
1194,147
1195,147
1196,147
1197,147
1198,147
1199,147
1200,147
1201,147
1202,147
1203,147
1204,147
1205,147
1206,147
1207,147
1208,147
1209,147
1210,147
1211,147
1212,147
1213,147
1214,147
1215,147
1216,146
1217,146
1218,146
1219,146
1220,146
1221,146
1222,146
1223,146
1224,146
1225,146
1226,145
1227,146
1228,146
1229,146
1230,146
1231,146
1232,146
1233,146
1234,146
1235,146
1236,145
1237,146
1238,146
1239,145
1240,146
1241,146
1242,146
1243,146
1244,146
1245,146
1246,146
1247,146
1248,146
1249,146
1250,146
1251,145
1252,145
1253,145
1254,146
1255,146
1256,146
1257,146
1258,146
1259,146
1260,146
1261,146
1262,146
1263,146
1264,146
1265,146
1266,146
1267,146
1268,146
1269,146
1270,145
1271,145
1272,145
1273,145
1274,144
1275,145
1276,145
1277,145
1278,145
1279,145
1280,145
1281,145
1282,145
1283,145
1284,145
1285,145
1286,145
1287,145
1288,145
1289,145
1290,145
1291,145
1292,145
1293,145
1294,145
1295,145
1296,145
1297,145
1298,145
1299,145
1300,145
1301,145
1302,145
1303,145
1304,145
1305,145
1306,145
1307,145
1308,145
1309,144
1310,145
1311,145
1312,144
1313,145
1314,145
1315,145
1316,145
1317,145
1318,145
1319,145
1320,145
1321,145
1322,145
1323,145
1324,145
1325,145
1326,145
1327,145
1328,145
1329,145
1330,145
1331,144
1332,144
1333,144
1334,144
1335,144
1336,144
1337,144
1338,144
1339,144
1340,144
1341,144
1342,145
1343,145
1344,145
1345,145
1346,145
1347,145
1348,145
1349,145
1350,145
1351,145
1352,145
1353,145
1354,145
1355,145
1356,145
1357,145
1358,145
1359,145
1360,145
1361,145
1362,145
1363,145
1364,145
1365,145
1366,145
1367,145
1368,145
1369,145
1370,146
1371,146
1372,146
1373,146
1374,146
1375,145
1376,145
1377,146
1378,146
1379,146
1380,146
1381,146
1382,146
1383,146
1384,146
1385,146
1386,146
1387,146
1388,146
1389,146
1390,146
1391,147
1392,147
1393,147
1394,147
1395,147
1396,146
1397,146
1398,146
1399,147
1400,147
1401,147
1402,147
1403,146
1404,146
1405,147
1406,147
1407,147
1408,147
1409,147
1410,147
1411,147
1412,147
1413,147
1414,147
1415,146
1416,147
1417,147
1418,147
1419,147
1420,147
1421,147
1422,147
1423,147
1424,147
1425,147
1426,147
1427,147
1428,147
1429,147
1430,147
1431,147
1432,147
1433,147
1434,147
1435,147
1436,147
1437,147
1438,147
1439,147
1440,147
1441,147
1442,147
1443,147
1444,147
1445,146
1446,146
1447,147
1448,147
1449,146
1450,147
1451,147
1452,147
1453,147
1454,147
1455,147
1456,147
1457,147
1458,147
1459,147
1460,147
1461,147
1462,147
1463,147
1464,147
1465,147
1466,147
1467,147
1468,147
1469,147
1470,147
1471,148
1472,148
1473,148
1474,148
1475,148
1476,148
1477,148
1478,148
1479,148
1480,148
1481,148
1482,148
1483,148
1484,148
1485,148
1486,148
1487,148
1488,148
1489,148
1490,148
1491,148
1492,148
1493,148
1494,148
1495,148
1496,148
1497,148
1498,148
1499,148
1500,148
1501,148
1502,148
1503,148
1504,148
1505,148
1506,148
1507,148
1508,148
1509,148
1510,147
1511,147
1512,147
1513,147
1514,147
1515,147
1516,147
1517,147
1518,147
1519,147
1520,147
1521,147
1522,147
1523,147
1524,147
1525,147
1526,148
1527,148
1528,148
1529,148
1530,148
1531,148
1532,148
1533,148
1534,148
1535,148
1536,148
1537,148
1538,148
1539,148
1540,148
1541,148
1542,148
1543,148
1544,148
1545,148
1546,147
1547,147
1548,147
1549,147
1550,147
1551,147
1552,147
1553,147
1554,147
1555,147
1556,147
1557,147
1558,147
1559,147
1560,147
1561,147
1562,147
1563,147
1564,147
1565,147
1566,147
1567,147
1568,147
1569,147
1570,147
1571,147
1572,147
1573,147
1574,147
1575,146
1576,146
1577,147
1578,147
1579,147
1580,147
1581,146
1582,147
1583,147
1584,147
1585,147
1586,147
1587,146
1588,146
1589,146
1590,146
1591,146
1592,146
1593,146
1594,146
1595,146
1596,146
1597,146
1598,146
1599,146
1600,146
1601,146
1602,146
1603,146
1604,146
1605,146
1606,146
1607,146
1608,146
1609,146
1610,146
1611,146
1612,147
1613,147
1614,147
1615,147
1616,147
1617,146
1618,146
1619,146
1620,146
1621,146
1622,146
1623,146
1624,146
1625,146
1626,146
1627,146
1628,146
1629,146
1630,146
1631,146
1632,146
1633,146
1634,146
1635,146
1636,146
1637,146
1638,146
1639,146
1640,147
1641,147
1642,147
1643,146
1644,146
1645,147
1646,147
1647,147
1648,147
1649,147
1650,147
1651,147
1652,147
1653,147
1654,147
1655,147
1656,147
1657,147
1658,147
1659,147
1660,147
1661,147
1662,147
1663,147
1664,147
1665,147
1666,147
1667,147
1668,147
1669,147
1670,146
1671,146
1672,146
1673,146
1674,146
1675,146
1676,146
1677,146
1678,146
1679,146
1680,146
1681,146
1682,146
1683,145
1684,145
1685,145
1686,145
1687,146
1688,146
1689,146
1690,146
1691,146
1692,146
1693,146
1694,146
1695,146
1696,146
1697,146
1698,146
1699,146
1700,146
1701,146
1702,146
1703,146
1704,146
1705,146
1706,146
1707,146
1708,146
1709,146
1710,145
1711,146
1712,146
1713,146
1714,146
1715,146
1716,147
1717,147
1718,146
1719,146
1720,146
1721,146
1722,146
1723,146
1724,146
1725,146
1726,146
1727,146
1728,146
1729,146
1730,147
1731,147
1732,147
1733,146
1734,146
1735,146
1736,146
1737,146
1738,146
1739,147
1740,147
1741,147
1742,148
1743,148
1744,148
1745,148
1746,148
1747,148
1748,148
1749,148
1750,148
1751,148
1752,148
1753,148
1754,148
1755,149
1756,149
1757,149
1758,148
1759,149
1760,149
1761,148
1762,149
1763,148
1764,148
1765,148
1766,148
1767,149
1768,149
1769,149
1770,149
1771,149
1772,149
1773,149
1774,149
1775,149
1776,148
1777,149
1778,149
1779,149
1780,148
1781,149
1782,148
1783,149
1784,149
1785,149
1786,149
1787,148
1788,148
1789,148
1790,148
1791,148
1792,149
1793,149
1794,149
1795,149
1796,149
1797,149
1798,148
1799,148
1800,148
1801,149
1802,149
1803,149
1804,148
1805,148
1806,148
1807,148
1808,149
1809,149
1810,149
1811,149
1812,149
1813,149
1814,149
1815,149
1816,149
1817,149
1818,149
1819,148
1820,149
1821,149
1822,149
1823,149
1824,149
1825,148
1826,149
1827,148
1828,148
1829,148
1830,148
1831,149
1832,149
1833,149
1834,149
1835,149
1836,149
1837,149
1838,149
1839,149
1840,149
1841,149
1842,149
1843,149
1844,148
1845,148
1846,148
1847,148
1848,148
1849,148
1850,148
1851,148
1852,148
1853,148
1854,147
1855,147
1856,147
1857,147
1858,147
1859,147
1860,147
1861,147
1862,147
1863,147
1864,147
1865,148
1866,148
1867,148
1868,148
1869,148
1870,148
1871,148
1872,148
1873,148
1874,148
1875,148
1876,148
1877,148
1878,148
1879,148
1880,148
1881,148
1882,148
1883,148
1884,147
1885,147
1886,147
1887,147
1888,147
1889,147
1890,147
1891,147
1892,147
1893,147
1894,148
1895,148
1896,148
1897,148
1898,147
1899,148
1900,148
1901,148
1902,148
1903,148
1904,148
1905,148
1906,147
1907,147
1908,148
1909,148
1910,148
1911,148
1912,148
1913,147
1914,148
1915,148
1916,148
1917,148
1918,148
1919,148
1920,148
1921,148
1922,148
1923,148
1924,148
1925,148
1926,148
1927,148
1928,148
1929,148
1930,148
1931,148
1932,148
1933,148
1934,148
1935,148
1936,148
1937,148
1938,147
1939,147
1940,147
1941,147
1942,147
1943,147
1944,147
1945,147
1946,147
1947,147
1948,147
1949,147
1950,147
1951,147
1952,147
1953,147
1954,147
1955,147
1956,147
1957,148
1958,148
1959,147
1960,147
1961,148
1962,148
1963,148
1964,148
1965,148
1966,147
1967,147
1968,147
1969,147
1970,148
1971,148
1972,148
1973,148
1974,148
1975,148
1976,148
1977,148
1978,148
1979,148
1980,148
1981,148
1982,148
1983,148
1984,148
1985,148
1986,148
1987,148
1988,148
1989,148
1990,148
1991,148
1992,148
1993,148
1994,148
1995,147
1996,147
1997,147
1998,147
1999,147
2000,147
2001,147
2002,147
2003,147
2004,147
2005,147
2006,147
2007,147
2008,147
2009,148
2010,147
2011,147
2012,147
2013,147
2014,147
2015,147
2016,147
2017,147
2018,147
2019,147
2020,147
2021,147
2022,147
2023,147
2024,147
2025,147
2026,146
2027,146
2028,146
2029,146
2030,147
2031,146
2032,146
2033,146
2034,146
2035,146
2036,146
2037,146
2038,146
2039,146
2040,146
2041,146
2042,146
2043,146
2044,145
2045,146
2046,145
2047,146
2048,146
2049,145
2050,145
2051,146
2052,146
2053,146
2054,145
2055,145
2056,145
2057,146
2058,145
2059,146
2060,146
2061,145
2062,145
2063,145
2064,145
2065,145
2066,145
2067,145
2068,145
2069,145
2070,145
2071,145
2072,145
2073,145
2074,145
2075,145
2076,145
2077,145
2078,145
2079,145
2080,145
2081,145
2082,145
2083,145
2084,145
2085,145
2086,145
2087,146
2088,146
2089,145
2090,145
2091,146
2092,146
2093,145
2094,146
2095,146
2096,146
2097,146
2098,146
2099,146
2100,146
2101,146
2102,146
2103,147
2104,147
2105,147
2106,147
2107,146
2108,146
2109,146
2110,146
2111,147
2112,146
2113,147
2114,147
2115,146
2116,147
2117,147
2118,147
2119,147
2120,147
2121,147
2122,147
2123,147
2124,147
2125,147
2126,147
2127,147
2128,147
2129,147
2130,147
2131,147
2132,147
2133,147
2134,147
2135,147
2136,147
2137,147
2138,147
2139,147
2140,147
2141,147
2142,147
2143,148
2144,148
2145,148
2146,148
2147,148
2148,148
2149,148
2150,149
2151,149
2152,149
2153,149
2154,149
2155,149
2156,149
2157,149
2158,149
2159,149
2160,149
2161,149
2162,149
2163,149
2164,149
2165,149
2166,149
2167,150
2168,150
2169,150
2170,150
2171,150
2172,150
2173,150
2174,150
2175,150
2176,150
2177,149
2178,149
2179,149
2180,150
2181,149
2182,149
2183,149
2184,149
2185,149
2186,150
2187,149
2188,150
2189,149
2190,150
2191,150
2192,150
2193,150
2194,150
2195,150
2196,150
2197,150
2198,150
2199,150
2200,150
2201,150
2202,150
2203,150
2204,150
2205,150
2206,150
2207,150
2208,150
2209,150
2210,150
2211,150
2212,150
2213,150
2214,150
2215,150
2216,150
2217,150
2218,150
2219,151
2220,151
2221,151
2222,151
2223,150
2224,150
2225,150
2226,150
2227,151
2228,151
2229,151
2230,151
2231,151
2232,151
2233,151
2234,151
2235,151
2236,151
2237,151
2238,151
2239,151
2240,151
2241,151
2242,151
2243,151
2244,151
2245,151
2246,151
2247,151
2248,151
2249,151
2250,150
2251,150
2252,150
2253,151
2254,151
2255,151
2256,151
2257,151
2258,151
2259,151
2260,151
2261,151
2262,151
2263,151
2264,151
2265,152
2266,152
2267,152
2268,152
2269,152
2270,152
2271,152
2272,152
2273,152
2274,152
2275,152
2276,152
2277,152
2278,152
2279,152
2280,152
2281,152
2282,152
2283,152
2284,152
2285,153
2286,153
2287,153
2288,153
2289,153
2290,153
2291,153
2292,153
2293,153
2294,153
2295,153
2296,153
2297,153
2298,153
2299,153
2300,153
2301,153
2302,153
2303,153
2304,153
2305,153
2306,153
2307,153
2308,153
2309,153
2310,153
2311,153
2312,153
2313,153
2314,153
2315,153
2316,153
2317,153
2318,153
2319,153
2320,152
2321,152
2322,152
2323,153
2324,152
2325,153
2326,153
2327,153
2328,153
2329,153
2330,153
2331,153
2332,153
2333,152
2334,153
2335,152
2336,152
2337,152
2338,152
2339,153
2340,152
2341,152
2342,152
2343,152
2344,152
2345,152
2346,153
2347,153
2348,153
2349,152
2350,153
2351,153
2352,153
2353,153
2354,153
2355,153
2356,153
2357,153
2358,153
2359,153
2360,154
2361,154
2362,154
2363,154
2364,154
2365,154
2366,154
2367,154
2368,154
2369,154
2370,154
2371,153
2372,153
2373,153
2374,153
2375,153
2376,153
2377,153
2378,153
2379,153
2380,153
2381,153
2382,153
2383,153
2384,153
2385,153
2386,154
2387,153
2388,153
2389,153
2390,154
2391,154
2392,154
2393,153
2394,153
2395,153
2396,153
2397,153
2398,153
2399,153
2400,153
2401,154
2402,154
2403,153
2404,153
2405,153
2406,153
2407,153
2408,153
2409,153
2410,153
2411,153
2412,153
2413,153
2414,153
2415,153
2416,153
2417,154
2418,154
2419,154
2420,154
2421,154
2422,154
2423,154
2424,154
2425,154
2426,154
2427,154
2428,154
2429,154
2430,154
2431,154
2432,154
2433,154
2434,154
2435,154
2436,154
2437,154
2438,154
2439,154
2440,154
2441,154
2442,154
2443,154
2444,154
2445,153
2446,153
2447,153
2448,153
2449,153
2450,153
2451,153
2452,153
2453,153
2454,153
2455,153
2456,153
2457,153
2458,154
2459,154
2460,154
2461,154
2462,154
2463,154
2464,153
2465,153
2466,153
2467,154
2468,153
2469,153
2470,153
2471,153
2472,154
2473,154
2474,154
2475,154
2476,154
2477,154
2478,154
2479,154
2480,154
2481,154
2482,154
2483,154
2484,154
2485,154
2486,154
2487,153
2488,153
2489,153
2490,154
2491,154
2492,154
2493,154
2494,154
2495,154
2496,154
2497,154
2498,154
2499,154
2500,153
2501,153
2502,153
2503,153
2504,153
2505,153
2506,153
2507,153
2508,153
2509,153
2510,152
2511,152
2512,153
2513,152
2514,152
2515,152
2516,153
2517,153
2518,153
2519,153
2520,153
2521,153
2522,154
2523,154
2524,154
2525,154
2526,154
2527,154
2528,154
2529,154
2530,154
2531,154
2532,154
2533,154
2534,153
2535,154
2536,153
2537,154
2538,154
2539,154
2540,154
2541,154
2542,154
2543,155
2544,155
2545,155
2546,155
2547,155
2548,155
2549,155
2550,155
2551,155
2552,156
2553,156
2554,155
2555,155
2556,156
2557,156
2558,156
2559,156
2560,156
2561,156
2562,156
2563,156
2564,155
2565,155
2566,156
2567,156
2568,156
2569,156
2570,156
2571,156
2572,156
2573,156
2574,156
2575,156
2576,156
2577,156
2578,156
2579,156
2580,156
2581,156
2582,156
2583,156
2584,156
2585,156
2586,156
2587,156
2588,156
2589,156
2590,156
2591,156
2592,156
2593,157
2594,157
2595,157
2596,157
2597,157
2598,157
2599,157
2600,157
2601,157
2602,157
2603,157
2604,157
2605,157
2606,157
2607,157
2608,157
2609,157
2610,157
2611,157
2612,157
2613,157
2614,157
2615,157
2616,156
2617,157
2618,157
2619,157
2620,157
2621,157
2622,157
2623,157
2624,157
2625,157
2626,157
2627,157
2628,157
2629,157
2630,157
2631,157
2632,157
2633,157
2634,157
2635,157
2636,157
2637,157
2638,157
2639,157
2640,157
2641,157
2642,157
2643,157
2644,157
2645,157
2646,157
2647,157
2648,157
2649,157
2650,157
2651,156
2652,156
2653,156
2654,156
2655,156
2656,156
2657,156
2658,156
2659,156
2660,156
2661,156
2662,156
2663,156
2664,157
2665,157
2666,157
2667,156
2668,157
2669,157
2670,156
2671,156
2672,156
2673,156
2674,156
2675,156
2676,156
2677,156
2678,156
2679,156
2680,156
2681,156
2682,156
2683,156
2684,156
2685,156
2686,156
2687,156
2688,155
2689,155
2690,155
2691,155
2692,155
2693,156
2694,156
2695,156
2696,156
2697,156
2698,155
2699,156
2700,156
2701,156
2702,156
2703,156
2704,156
2705,156
2706,156
2707,156
2708,156
2709,156
2710,156
2711,156
2712,156
2713,156
2714,155
2715,156
2716,156
2717,156
2718,156
2719,156
2720,156
2721,156
2722,156
2723,156
2724,156
2725,156
2726,156
2727,156
2728,156
2729,156
2730,156
2731,157
2732,157
2733,157
2734,157
2735,157
2736,157
2737,157
2738,157
2739,156
2740,156
2741,156
2742,156
2743,156
2744,156
2745,157
2746,157
2747,157
2748,157
2749,157
2750,157
2751,157
2752,157
2753,157
2754,157
2755,157
2756,157
2757,157
2758,157
2759,156
2760,156
2761,156
2762,156
2763,156
2764,156
2765,156
2766,156
2767,156
2768,156
2769,156
2770,156
2771,156
2772,156
2773,156
2774,156
2775,156
2776,156
2777,156
2778,156
2779,156
2780,156
2781,156
2782,156
2783,156
2784,156
2785,156
2786,156
2787,156
2788,156
2789,156
2790,156
2791,156
2792,156
2793,156
2794,156
2795,156
2796,156
2797,156
2798,155
2799,155
2800,155
2801,155
2802,155
2803,155
2804,155
2805,155
2806,155
2807,156
2808,156
2809,155
2810,155
2811,155
2812,156
2813,156
2814,156
2815,156
2816,155
2817,155
2818,155
2819,156
2820,156
2821,156
2822,156
2823,156
2824,156
2825,156
2826,156
2827,156
2828,156
2829,156
2830,156
2831,156
2832,156
2833,156
2834,156
2835,156
2836,156
2837,156
2838,156
2839,156
2840,156
2841,156
2842,156
2843,156
2844,156
2845,156
2846,156
2847,156
2848,156
2849,156
2850,156
2851,156
2852,156
2853,156
2854,156
2855,156
2856,156
2857,156
2858,155
2859,156
2860,156
2861,156
2862,156
2863,156
2864,156
2865,156
2866,157
2867,156
2868,156
2869,156
2870,156
2871,156
2872,156
2873,156
2874,156
2875,157
2876,157
2877,157
2878,157
2879,156
2880,156
2881,156
2882,157
2883,157
2884,157
2885,157
2886,157
2887,157
2888,157
2889,157
2890,157
2891,157
2892,157
2893,157
2894,157
2895,157
2896,157
2897,157
2898,157
2899,157
2900,157
2901,157
2902,157
2903,157
2904,157
2905,157
2906,157
2907,157
2908,157
2909,157
2910,157
2911,157
2912,157
2913,157
2914,157
2915,157
2916,157
2917,157
2918,157
2919,157
2920,157
2921,157
2922,157
2923,157
2924,157
2925,157
2926,157
2927,157
2928,157
2929,157
2930,157
2931,157
2932,157
2933,157
2934,157
2935,157
2936,157
2937,157
2938,157
2939,157
2940,157
2941,158
2942,158
2943,158
2944,158
2945,158
2946,157
2947,157
2948,157
2949,157
2950,157
2951,157
2952,158
2953,158
2954,158
2955,158
2956,158
2957,158
2958,158
2959,158
2960,158
2961,158
2962,158
2963,158
2964,158
2965,158
2966,158
2967,158
2968,158
2969,158
2970,158
2971,158
2972,157
2973,157
2974,157
2975,157
2976,157
2977,157
2978,157
2979,157
2980,157
2981,157
2982,157
2983,157
2984,157
2985,157
2986,157
2987,157
2988,157
2989,157
2990,157
2991,157
2992,157
2993,157
2994,157
2995,157
2996,157
2997,157
2998,157
2999,157
3000,157
3001,157
3002,157
3003,157
3004,157
3005,157
3006,157
3007,156
3008,156
3009,156
3010,156
3011,156
3012,156
3013,156
3014,156
3015,156
3016,156
3017,156
3018,156
3019,156
3020,156
3021,156
3022,156
3023,156
3024,156
3025,156
3026,156
3027,156
3028,156
3029,156
3030,156
3031,156
3032,156
3033,156
3034,156
3035,156
3036,156
3037,157
3038,157
3039,157
3040,157
3041,157
3042,156
3043,156
3044,156
3045,157
3046,157
3047,157
3048,157
3049,157
3050,157
3051,157
3052,157
3053,157
3054,157
3055,157
3056,157
3057,157
3058,157
3059,157
3060,157
3061,157
3062,157
3063,157
3064,157
3065,157
3066,157
3067,157
3068,157
3069,157
3070,156
3071,157
3072,157
3073,156
3074,156
3075,157
3076,157
3077,157
3078,157
3079,157
3080,157
3081,157
3082,156
3083,156
3084,157
3085,157
3086,157
3087,157
3088,157
3089,157
3090,157
3091,157
3092,157
3093,157
3094,157
3095,156
3096,156
3097,156
3098,156
3099,156
3100,156
3101,156
3102,156
3103,156
3104,156
3105,156
3106,156
3107,157
3108,156
3109,156
3110,156
3111,156
3112,156
3113,156
3114,157
3115,157
3116,157
3117,157
3118,157
3119,157
3120,157
3121,157
3122,157
3123,157
3124,157
3125,156
3126,156
3127,156
3128,156
3129,156
3130,157
3131,156
3132,157
3133,157
3134,156
3135,157
3136,157
3137,157
3138,156
3139,156
3140,156
3141,156
3142,156
3143,157
3144,157
3145,157
3146,157
3147,157
3148,157
3149,157
3150,157
3151,157
3152,158
3153,158
3154,158
3155,158
3156,158
3157,158
3158,158
3159,158
3160,158
3161,158
3162,158
3163,158
3164,158
3165,158
3166,158
3167,158
3168,158
3169,157
3170,157
3171,157
3172,157
3173,157
3174,157
3175,157
3176,158
3177,158
3178,157
3179,157
3180,157
3181,157
3182,157
3183,157
3184,158
3185,157
3186,157
3187,157
3188,157
3189,157
3190,157
3191,157
3192,157
3193,157
3194,157
3195,157
3196,157
3197,157
3198,157
3199,157
3200,157
3201,158
3202,158
3203,158
3204,158
3205,157
3206,157
3207,158
3208,158
3209,157
3210,157
3211,157
3212,157
3213,157
3214,158
3215,158
3216,158
3217,158
3218,158
3219,158
3220,158
3221,158
3222,158
3223,158
3224,157
3225,157
3226,157
3227,157
3228,157
3229,156
3230,156
3231,156
3232,156
3233,156
3234,155
3235,155
3236,155
3237,155
3238,155
3239,155
3240,155
3241,155
3242,155
3243,155
3244,155
3245,155
3246,155
3247,155
3248,155
3249,155
3250,154
3251,154
3252,154
3253,154
3254,155
3255,154
3256,155
3257,154
3258,155
3259,155
3260,155
3261,155
3262,155
3263,155
3264,155
3265,154
3266,154
3267,154
3268,155
3269,155
3270,155
3271,154
3272,155
3273,155
3274,155
3275,155
3276,155
3277,155
3278,155
3279,155
3280,155
3281,155
3282,155
3283,155
3284,155
3285,155
3286,155
3287,155
3288,155
3289,155
3290,155
3291,155
3292,155
3293,155
3294,155
3295,154
3296,154
3297,154
3298,154
3299,154
3300,155
3301,155
3302,156
3303,156
3304,156
3305,156
3306,156
3307,156
3308,156
3309,156
3310,156
3311,156
3312,156
3313,156
3314,156
3315,156
3316,156
3317,155
3318,155
3319,156
3320,155
3321,155
3322,155
3323,156
3324,156
3325,156
3326,156
3327,156
3328,156
3329,156
3330,156
3331,157
3332,157
3333,156
3334,156
3335,156
3336,156
3337,156
3338,155
3339,155
3340,155
3341,155
3342,156
3343,155
3344,155
3345,155
3346,155
3347,155
3348,155
3349,155
3350,155
3351,156
3352,156
3353,155
3354,156
3355,156
3356,156
3357,156
3358,156
3359,156
3360,156
3361,156
3362,156
3363,155
3364,155
3365,155
3366,155
3367,154
3368,154
3369,153
3370,153
3371,152
3372,153
3373,153
3374,152
3375,152
3376,152
3377,152
3378,152
3379,151
3380,151
3381,152
3382,151
3383,152
3384,151
3385,151
3386,152
3387,151
3388,151
3389,151
3390,151
3391,152
3392,151
3393,151
3394,152
3395,152
3396,152
3397,151
3398,151
3399,152
3400,152
3401,152
3402,152
3403,152
3404,152
3405,152
3406,152
3407,152
3408,152
3409,152
3410,152
3411,152
3412,152
3413,152
3414,152
3415,152
3416,152
3417,152
3418,152
3419,152
3420,152
3421,152
3422,152
3423,152
3424,152
3425,152
3426,152
3427,152
3428,152
3429,152
3430,152
3431,152
3432,152
3433,152
3434,152
3435,152
3436,152
3437,152
3438,152
3439,152
3440,152
3441,152
3442,153
3443,152
3444,152
3445,152
3446,152
3447,151
3448,151
3449,152
3450,152
3451,152
3452,152
3453,152
3454,152
3455,151
3456,152
3457,152
3458,152
3459,152
3460,152
3461,152
3462,152
3463,152
3464,152
3465,152
3466,152
3467,152
3468,152
3469,151
3470,152
3471,152
3472,152
3473,152
3474,153
3475,153
3476,152
3477,153
3478,152
3479,152
3480,152
3481,152
3482,152
3483,152
3484,152
3485,153
3486,153
3487,154
3488,153
3489,154
3490,154
3491,154
3492,155
3493,155
3494,155
3495,155
3496,155
3497,155
3498,155
3499,155
3500,155
3501,155
3502,155
3503,155
3504,155
3505,155
3506,155
3507,155
3508,155
3509,156
3510,156
3511,156
3512,156
3513,156
3514,156
3515,156
3516,156
3517,156
3518,156
3519,156
3520,157
3521,157
3522,157
3523,157
3524,157
3525,157
3526,157
3527,156
3528,156
3529,156
3530,156
3531,156
3532,156
3533,156
3534,157
3535,156
3536,156
3537,156
3538,157
3539,156
3540,156
3541,156
3542,156
3543,156
3544,157
3545,157
3546,157
3547,158
3548,157
3549,158
3550,157
3551,157
3552,156
3553,156
3554,156
3555,156
3556,156
3557,155
3558,155
3559,155
3560,155
3561,155
3562,155
3563,155
3564,155
3565,156
3566,156
3567,156
3568,156
3569,156
3570,156
3571,156
3572,155
3573,156
3574,156
3575,156
3576,156
3577,155
3578,156
3579,156
3580,156
3581,156
3582,155
3583,155
3584,155
3585,155
3586,155
3587,155
3588,155
3589,155
3590,155
3591,155
3592,155
3593,155
3594,155
3595,155
3596,155
3597,155
3598,155
3599,155
3600,155
3601,155
3602,155
3603,155
3604,155
3605,155
3606,155
3607,155
3608,155
3609,155
3610,155
3611,155
3612,155
3613,155
3614,155
3615,155
3616,155
3617,155
3618,155
3619,155
3620,155
3621,155
3622,155
3623,156
3624,156
3625,156
3626,157
3627,157
3628,156
3629,156
3630,156
3631,156
3632,157
3633,157
3634,157
3635,157
3636,157
3637,156
3638,156
3639,156
3640,156
3641,155
3642,155
3643,156
3644,156
3645,156
3646,156
3647,155
3648,155
3649,155
3650,155
3651,155
3652,156
3653,155
3654,155
3655,156
3656,156
3657,157
3658,157
3659,157
3660,157
3661,157
3662,157
3663,156
3664,157
3665,157
3666,157
3667,157
3668,157
3669,158
3670,158
3671,158
3672,158
3673,159
3674,159
3675,159
3676,158
3677,159
3678,159
3679,159
3680,160
3681,160
3682,160
3683,160
3684,160
3685,160
3686,159
3687,160
3688,159
3689,159
3690,160
3691,160
3692,160
3693,160
3694,160
3695,160
3696,160
3697,160
3698,160
3699,160
3700,160
3701,160
3702,160
3703,160
3704,160
3705,159
3706,159
3707,159
3708,159
3709,159
3710,159
3711,159
3712,160
3713,160
3714,160
3715,159
3716,159
3717,159
3718,159
3719,159
3720,159
3721,159
3722,159
3723,160
3724,160
3725,160
3726,159
3727,159
3728,160
3729,160
3730,160
3731,160
3732,160
3733,160
3734,160
3735,161
3736,161
3737,161
3738,160
3739,160
3740,160
3741,160
3742,160
3743,159
3744,159
3745,159
3746,159
3747,159
3748,160
3749,160
3750,160
3751,160
3752,159
3753,159
3754,159
3755,159
3756,160
3757,160
3758,160
3759,160
3760,160
3761,160
3762,160
3763,161
3764,161
3765,162
3766,161
3767,161
3768,161
3769,161
3770,162
3771,162
3772,162
3773,162
3774,162
3775,162
3776,162
3777,162
3778,162
3779,162
3780,161
3781,161
3782,161
3783,161
3784,161
3785,162
3786,162
3787,162
3788,161
3789,161
3790,161
3791,161
3792,161
3793,161
3794,162
3795,162
3796,162
3797,161
3798,161
3799,161
3800,161
3801,161
3802,161
3803,162
3804,162
3805,162
3806,162
3807,162
3808,162
3809,162
3810,161
3811,162
3812,162
3813,162
3814,162
3815,162
3816,162
3817,162
3818,162
3819,162
3820,162
3821,162
3822,162
3823,162
3824,163
3825,163
3826,163
3827,163
3828,163
3829,163
3830,163
3831,163
3832,162
3833,162
3834,163
3835,163
3836,162
3837,163
3838,162
3839,162
3840,162
3841,162
3842,162
3843,162
3844,162
3845,163
3846,163
3847,163
3848,163
3849,162
3850,162
3851,163
3852,163
3853,163
3854,164
3855,164
3856,164
3857,164
3858,164
3859,164
3860,164
3861,165
3862,165
3863,165
3864,165
3865,165
3866,165
3867,165
3868,165
3869,165
3870,165
3871,166
3872,165
3873,166
3874,166
3875,166
3876,166
3877,166
3878,166
3879,166
3880,166
3881,165
3882,165
3883,165
3884,165
3885,165
3886,165
3887,165
3888,165
3889,165
3890,165
3891,165
3892,165
3893,165
3894,165
3895,165
3896,165
3897,165
3898,165
3899,165
3900,165
3901,165
3902,166
3903,165
3904,165
3905,166
3906,166
3907,166
3908,165
3909,166
3910,165
3911,166
3912,166
3913,166
3914,166
3915,166
3916,166
3917,166
3918,166
3919,167
3920,166
3921,166
3922,166
3923,166
3924,166
3925,166
3926,166
3927,166
3928,166
3929,166
3930,166
3931,166
3932,166
3933,166
3934,166
3935,166
3936,166
3937,166
3938,166
3939,166
3940,166
3941,166
3942,166
3943,166
3944,166
3945,166
3946,166
3947,166
3948,166
3949,166
3950,167
3951,166
3952,166
3953,166
3954,167
3955,167
3956,167
3957,167
3958,167
3959,167
3960,167
3961,168
3962,168
3963,167
3964,168
3965,167
3966,167
3967,168
3968,167
3969,167
3970,167
3971,167
3972,168
3973,168
3974,168
3975,169
3976,169
3977,169
3978,169
3979,169
3980,169
3981,169
3982,169
3983,169
3984,169
3985,169
3986,169
3987,169
3988,168
3989,168
3990,168
3991,169
3992,169
3993,169
3994,169
3995,169
3996,169
3997,169
3998,169
3999,169
4000,169
4001,169
4002,169
4003,169
4004,169
4005,169
4006,169
4007,169
4008,169
4009,169
4010,169
4011,169
4012,169
4013,169
4014,169
4015,169
4016,169
4017,169
4018,169
4019,169
4020,169
4021,169
4022,169
4023,169
4024,169
4025,169
4026,169
4027,169
4028,169
4029,169
4030,169
4031,169
4032,169
4033,169
4034,169
4035,169
4036,169
4037,169
4038,169
4039,168
4040,168
4041,168
4042,169
4043,169
4044,169
4045,168
4046,169
4047,169
4048,169
4049,169
4050,169
4051,169
4052,169
4053,169
4054,169
4055,169
4056,169
4057,169
4058,169
4059,169
4060,169
4061,169
4062,169
4063,169
4064,169
4065,169
4066,169
4067,169
4068,169
4069,169
4070,169
4071,169
4072,169
4073,168
4074,168
4075,168
4076,168
4077,168
4078,169
4079,169
4080,169
4081,169
4082,169
4083,169
4084,169
4085,169
4086,169
4087,169
4088,169
4089,169
4090,168
4091,168
4092,168
4093,168
4094,168
4095,168
4096,168
4097,168
4098,168
4099,168
4100,168
4101,168
4102,168
4103,168
4104,168
4105,168
4106,168
4107,168
4108,168
4109,168
4110,168
4111,168
4112,168
4113,168
4114,168
4115,168
4116,168
4117,168
4118,168
4119,168
4120,168
4121,168
4122,167
4123,167
4124,167
4125,167
4126,167
4127,167
4128,167
4129,167
4130,167
4131,166
4132,166
4133,166
4134,166
4135,166
4136,166
4137,166
4138,166
4139,166
4140,166
4141,166
4142,166
4143,166
4144,166
4145,166
4146,166
4147,166
4148,166
4149,166
4150,166
4151,166
4152,166
4153,166
4154,166
4155,166
4156,166
4157,166
4158,166
4159,166
4160,166
4161,166
4162,166
4163,166
4164,166
4165,166
4166,166
4167,167
4168,167
4169,167
4170,167
4171,167
4172,167
4173,167
4174,167
4175,167
4176,167
4177,167
4178,167
4179,167
4180,167
4181,167
4182,167
4183,167
4184,167
4185,167
4186,167
4187,167
4188,166
4189,166
4190,167
4191,167
4192,167
4193,167
4194,167
4195,167
4196,167
4197,167
4198,167
4199,167
4200,167
4201,167
4202,167
4203,167
4204,167
4205,167
4206,167
4207,167
4208,167
4209,167
4210,166
4211,166
4212,166
4213,166
4214,166
4215,166
4216,166
4217,167
4218,167
4219,167
4220,167
4221,167
4222,167
4223,167
4224,167
4225,167
4226,167
4227,167
4228,167
4229,167
4230,166
4231,166
4232,166
4233,167
4234,167
4235,167
4236,166
4237,167
4238,166
4239,166
4240,166
4241,166
4242,166
4243,166
4244,166
4245,166
4246,166
4247,166
4248,166
4249,166
4250,166
4251,166
4252,166
4253,166
4254,166
4255,166
4256,166
4257,166
4258,166
4259,166
4260,166
4261,166
4262,166
4263,166
4264,165
4265,166
4266,166
4267,166
4268,166
4269,166
4270,165
4271,166
4272,166
4273,166
4274,166
4275,166
4276,166
4277,166
4278,166
4279,166
4280,166
4281,166
4282,166
4283,166
4284,166
4285,166
4286,166
4287,166
4288,166
4289,166
4290,166
4291,166
4292,166
4293,166
4294,166
4295,166
4296,166
4297,166
4298,166
4299,166
4300,166
4301,166
4302,166
4303,167
4304,167
4305,167
4306,167
4307,167
4308,167
4309,167
4310,167
4311,167
4312,167
4313,167
4314,167
4315,167
4316,167
4317,167
4318,167
4319,168
4320,168
4321,168
4322,168
4323,167
4324,167
4325,167
4326,167
4327,167
4328,168
4329,168
4330,168
4331,168
4332,168
4333,168
4334,168
4335,168
4336,168
4337,168
4338,168
4339,168
4340,168
4341,168
4342,169
4343,169
4344,169
4345,169
4346,169
4347,169
4348,169
4349,169
4350,169
4351,169
4352,169
4353,169
4354,169
4355,169
4356,169
4357,168
4358,168
4359,168
4360,168
4361,168
4362,168
4363,169
4364,169
4365,169
4366,169
4367,169
4368,169
4369,169
4370,169
4371,169
4372,169
4373,169
4374,169
4375,169
4376,169
4377,170
4378,170
4379,170
4380,169
4381,170
4382,170
4383,169
4384,169
4385,169
4386,170
4387,170
4388,170
4389,170
4390,170
4391,170
4392,169
4393,170
4394,169
4395,170
4396,170
4397,170
4398,169
4399,170
4400,170
4401,170
4402,170
4403,170
4404,170
4405,170
4406,170
4407,170
4408,170
4409,170
4410,170
4411,170
4412,170
4413,170
4414,170
4415,169
4416,169
4417,169
4418,169
4419,169
4420,170
4421,170
4422,170
4423,170
4424,169
4425,169
4426,169
4427,169
4428,169
4429,169
4430,168
4431,168
4432,168
4433,168
4434,168
4435,168
4436,168
4437,168
4438,168
4439,168
4440,168
4441,168
4442,168
4443,168
4444,168
4445,168
4446,168
4447,168
4448,169
4449,169
4450,169
4451,168
4452,168
4453,168
4454,168
4455,168
4456,168
4457,168
4458,168
4459,168
4460,168
4461,168
4462,168
4463,168
4464,168
4465,168
4466,168
4467,168
4468,168
4469,168
4470,168
4471,167
4472,168
4473,168
4474,168
4475,168
4476,168
4477,168
4478,168
4479,168
4480,168
4481,168
4482,167
4483,167
4484,167
4485,167
4486,167
4487,167
4488,167
4489,167
4490,167
4491,167
4492,167
4493,167
4494,168
4495,168
4496,168
4497,168
4498,168
4499,168
4500,168
4501,168
4502,168
4503,168
4504,168
4505,168
4506,168
4507,168
4508,167
4509,168
4510,168
4511,168
4512,168
4513,168
4514,168
4515,168
4516,168
4517,168
4518,168
4519,168
4520,168
4521,168
4522,168
4523,168
4524,168
4525,168
4526,167
4527,167
4528,167
4529,167
4530,167
4531,168
4532,168
4533,168
4534,168
4535,168
4536,168
4537,168
4538,167
4539,167
4540,167
4541,167
4542,167
4543,167
4544,167
4545,167
4546,167
4547,167
4548,167
4549,167
4550,167
4551,167
4552,167
4553,167
4554,167
4555,167
4556,167
4557,167
4558,167
4559,167
4560,167
4561,167
4562,167
4563,167
4564,167
4565,167
4566,167
4567,167
4568,167
4569,167
4570,167
4571,167
4572,167
4573,167
4574,167
4575,167
4576,167
4577,167
4578,167
4579,167
4580,167
4581,166
4582,166
4583,166
4584,166
4585,166
4586,166
4587,166
4588,166
4589,166
4590,166
4591,165
4592,165
4593,165
4594,165
4595,165
4596,165
4597,166
4598,166
4599,166
4600,166
4601,166
4602,166
4603,166
4604,166
4605,166
4606,166
4607,166
4608,166
4609,166
4610,166
4611,166
4612,166
4613,166
4614,165
4615,165
4616,165
4617,165
4618,165
4619,165
4620,165
4621,166
4622,166
4623,166
4624,166
4625,166
4626,166
4627,166
4628,166
4629,166
4630,166
4631,166
4632,166
4633,166
4634,166
4635,165
4636,166
4637,166
4638,166
4639,166
4640,166
4641,166
4642,166
4643,166
4644,166
4645,166
4646,166
4647,166
4648,166
4649,166
4650,166
4651,166
4652,166
4653,166
4654,166
4655,166
4656,166
4657,166
4658,166
4659,166
4660,166
4661,166
4662,166
4663,166
4664,166
4665,166
4666,166
4667,166
4668,166
4669,166
4670,166
4671,166
4672,166
4673,166
4674,166
4675,166
4676,166
4677,166
4678,167
4679,167
4680,167
4681,167
4682,167
4683,167
4684,167
4685,167
4686,167
4687,167
4688,168
4689,168
4690,168
4691,167
4692,168
4693,168
4694,167
4695,167
4696,168
4697,168
4698,167
4699,168
4700,167
4701,167
4702,168
4703,168
4704,168
4705,168
4706,169
4707,169
4708,169
4709,169
4710,168
4711,169
4712,169
4713,169
4714,169
4715,169
4716,169
4717,169
4718,169
4719,169
4720,169
4721,169
4722,168
4723,168
4724,168
4725,168
4726,168
4727,169
4728,169
4729,169
4730,169
4731,169
4732,168
4733,168
4734,169
4735,169
4736,169
4737,169
4738,169
4739,169
4740,169
4741,169
4742,169
4743,169
4744,169
4745,169
4746,169
4747,168
4748,169
4749,169
4750,169
4751,169
4752,169
4753,169
4754,168
4755,168
4756,168
4757,168
4758,168
4759,168
4760,168
4761,168
4762,169
4763,169
4764,168
4765,168
4766,169
4767,169
4768,169
4769,168
4770,168
4771,168
4772,168
4773,168
4774,168
4775,168
4776,168
4777,168
4778,168
4779,168
4780,168
4781,168
4782,168
4783,168
4784,168
4785,168
4786,167
4787,167
4788,168
4789,167
4790,168
4791,167
4792,168
4793,167
4794,167
4795,167
4796,167
4797,167
4798,168
4799,167
4800,168
4801,168
4802,168
4803,168
4804,168
4805,168
4806,168
4807,168
4808,168
4809,168
4810,167
4811,167
4812,167
4813,167
4814,167
4815,167
4816,167
4817,167
4818,167
4819,167
4820,167
4821,167
4822,167
4823,167
4824,167
4825,167
4826,167
4827,168
4828,167
4829,167
4830,167
4831,167
4832,166
4833,166
4834,166
4835,166
4836,166
4837,166
4838,166
4839,166
4840,166
4841,166
4842,166
4843,166
4844,166
4845,166
4846,166
4847,166
4848,166
4849,166
4850,166
4851,166
4852,166
4853,166
4854,166
4855,166
4856,165
4857,166
4858,166
4859,166
4860,166
4861,166
4862,166
4863,166
4864,166
4865,166
4866,166
4867,166
4868,166
4869,166
4870,166
4871,166
4872,166
4873,166
4874,166
4875,166
4876,166
4877,166
4878,166
4879,166
4880,166
4881,166
4882,166
4883,166
4884,166
4885,166
4886,166
4887,167
4888,167
4889,167
4890,167
4891,167
4892,167
4893,167
4894,167
4895,167
4896,167
4897,167
4898,167
4899,167
4900,167
4901,167
4902,167
4903,167
4904,167
4905,167
4906,167
4907,167
4908,168
4909,168
4910,168
4911,168
4912,168
4913,168
4914,168
4915,168
4916,167
4917,167
4918,167
4919,167
4920,167
4921,167
4922,167
4923,167
4924,167
4925,167
4926,167
4927,167
4928,167
4929,167
4930,167
4931,167
4932,167
4933,167
4934,167
4935,167
4936,167
4937,167
4938,167
4939,167
4940,167
4941,167
4942,167
4943,167
4944,167
4945,167
4946,166
4947,166
4948,166
4949,167
4950,167
4951,167
4952,167
4953,167
4954,167
4955,167
4956,167
4957,168
4958,168
4959,168
4960,168
4961,168
4962,168
4963,168
4964,168
4965,168
4966,168
4967,168
4968,168
4969,168
4970,168
4971,168
4972,168
4973,168
4974,168
4975,168
4976,168
4977,168
4978,168
4979,168
4980,167
4981,167
4982,167
4983,167
4984,168
4985,168
4986,168
4987,168
4988,168
4989,167
4990,168
4991,168
4992,168
4993,168
4994,168
4995,168
4996,169
4997,169
4998,169
4999,169
5000,169
5001,169
5002,170
5003,169
5004,169
5005,169
5006,169
5007,168
5008,168
5009,168
5010,168
5011,168
5012,167
5013,167
5014,167
5015,167
5016,167
5017,167
5018,167
5019,167
5020,167
5021,167
5022,167
5023,167
5024,167
5025,167
5026,167
5027,167
5028,167
5029,166
5030,167
5031,167
5032,166
5033,166
5034,166
5035,166
5036,166
5037,166
5038,166
5039,166
5040,166
5041,166
5042,166
5043,166
5044,166
5045,166
5046,166
5047,166
5048,166
5049,166
5050,166
5051,166
5052,166
5053,166
5054,167
5055,166
5056,166
5057,166
5058,166
5059,166
5060,166
5061,166
5062,166
5063,166
5064,166
5065,166
5066,166
5067,166
5068,166
5069,165
5070,166
5071,165
5072,166
5073,166
5074,166
5075,166
5076,166
5077,166
5078,166
5079,165
5080,165
5081,165
5082,165
5083,165
5084,165
5085,165
5086,165
5087,165
5088,165
5089,166
5090,166
5091,166
5092,166
5093,166
5094,166
5095,166
5096,166
5097,166
5098,166
5099,166
5100,166
5101,166
5102,166
5103,166
5104,166
5105,166
5106,166
5107,166
5108,166
5109,166
5110,166
5111,167
5112,167
5113,167
5114,167
5115,167
5116,167
5117,167
5118,167
5119,167
5120,167
5121,167
5122,167
5123,167
5124,167
5125,166
5126,167
5127,167
5128,167
5129,167
5130,166
5131,166
5132,166
5133,166
5134,166
5135,166
5136,167
5137,167
5138,167
5139,167
5140,167
5141,167
5142,167
5143,167
5144,167
5145,166
5146,167
5147,167
5148,167
5149,167
5150,167
5151,167
5152,167
5153,167
5154,167
5155,167
5156,167
5157,167
5158,167
5159,167
5160,167
5161,167
5162,167
5163,168
5164,168
5165,168
5166,168
5167,168
5168,168
5169,168
5170,168
5171,167
5172,167
5173,167
5174,167
5175,167
5176,167
5177,167
5178,167
5179,167
5180,167
5181,167
5182,167
5183,168
5184,168
5185,168
5186,168
5187,168
5188,168
5189,168
5190,167
5191,167
5192,167
5193,166
5194,167
5195,167
5196,167
5197,167
5198,167
5199,167
5200,167
5201,167
5202,167
5203,167
5204,167
5205,167
5206,167
5207,167
5208,167
5209,167
5210,167
5211,167
5212,167
5213,167
5214,167
5215,167
5216,167
5217,167
5218,166
5219,166
5220,166
5221,167
5222,167
5223,166
5224,167
5225,167
5226,167
5227,167
5228,167
5229,167
5230,167
5231,167
5232,167
5233,167
5234,166
5235,167
5236,167
5237,167
5238,167
5239,167
5240,167
5241,167
5242,167
5243,167
5244,167
5245,167
5246,167
5247,167
5248,166
5249,167
5250,167
5251,167
5252,167
5253,167
5254,167
5255,167
5256,166
5257,167
5258,166
5259,167
5260,166
5261,166
5262,166
5263,167
5264,167
5265,167
5266,167
5267,167
5268,167
5269,167
5270,167
5271,167
5272,167
5273,167
5274,167
5275,167
5276,167
5277,167
5278,167
5279,167
5280,167
5281,167
5282,167
5283,167
5284,167
5285,167
5286,167
5287,167
5288,167
5289,167
5290,167
5291,167
5292,167
5293,167
5294,167
5295,167
5296,167
5297,167
5298,167
5299,167
5300,167
5301,167
5302,167
5303,167
5304,167
5305,167
5306,167
5307,167
5308,167
5309,167
5310,167
5311,168
5312,168
5313,167
5314,167
5315,168
5316,167
5317,167
5318,167
5319,168
5320,168
5321,168
5322,168
5323,168
5324,168
5325,168
5326,168
5327,168
5328,168
5329,168
5330,168
5331,168
5332,168
5333,168
5334,168
5335,168
5336,168
5337,168
5338,168
5339,168
5340,168
5341,168
5342,168
5343,168
5344,168
5345,168
5346,169
5347,169
5348,169
5349,169
5350,169
5351,169
5352,169
5353,169
5354,169
5355,169
5356,169
5357,169
5358,169
5359,169
5360,170
5361,170
5362,170
5363,170
5364,170
5365,170
5366,169
5367,169
5368,169
5369,169
5370,169
5371,169
5372,169
5373,169
5374,169
5375,169
5376,169
5377,169
5378,169
5379,169
5380,169
5381,169
5382,169
5383,170
5384,170
5385,170
5386,170
5387,170
5388,170
5389,169
5390,169
5391,169
5392,170
5393,170
5394,170
5395,170
5396,170
5397,170
5398,169
5399,169
5400,169
5401,169
5402,170
5403,170
5404,170
5405,170
5406,170
5407,170
5408,170
5409,170
5410,170
5411,170
5412,170
5413,170
5414,170
5415,170
5416,170
5417,170
5418,170
5419,170
5420,170
5421,170
5422,169
5423,169
5424,169
5425,169
5426,169
5427,169
5428,170
5429,169
5430,169
5431,169
5432,169
5433,169
5434,169
5435,169
5436,169
5437,169
5438,169
5439,169
5440,169
5441,169
5442,169
5443,170
5444,170
5445,170
5446,170
5447,170
5448,170
5449,170
5450,170
5451,170
5452,169
5453,169
5454,169
5455,169
5456,169
5457,169
5458,169
5459,169
5460,169
5461,169
5462,169
5463,169
5464,169
5465,169
5466,169
5467,169
5468,169
5469,169
5470,169
5471,168
5472,168
5473,168
5474,169
5475,169
5476,168
5477,169
5478,169
5479,169
5480,169
5481,169
5482,169
5483,169
5484,170
5485,170
5486,170
5487,170
5488,170
5489,170
5490,170
5491,170
5492,170
5493,170
5494,170
5495,170
5496,170
5497,170
5498,170
5499,170
5500,170
5501,170
5502,170
5503,170
5504,170
5505,169
5506,170
5507,170
5508,170
5509,170
5510,170
5511,170
5512,170
5513,170
5514,170
5515,170
5516,170
5517,170
5518,171
5519,171
5520,171
5521,171
5522,171
5523,171
5524,171
5525,171
5526,171
5527,171
5528,171
5529,171
5530,171
5531,170
5532,170
5533,170
5534,170
5535,170
5536,170
5537,170
5538,171
5539,170
5540,170
5541,170
5542,170
5543,170
5544,170
5545,170
5546,171
5547,171
5548,171
5549,171
5550,171
5551,171
5552,171
5553,170
5554,170
5555,170
5556,170
5557,170
5558,170
5559,170
5560,170
5561,170
5562,170
5563,170
5564,170
5565,171
5566,171
5567,171
5568,171
5569,172
5570,171
5571,171
5572,171
5573,171
5574,171
5575,171
5576,171
5577,171
5578,171
5579,171
5580,171
5581,171
5582,171
5583,171
5584,171
5585,171
5586,171
5587,171
5588,171
5589,171
5590,171
5591,171
5592,172
5593,172
5594,171
5595,172
5596,172
5597,172
5598,172
5599,172
5600,172
5601,171
5602,171
5603,172
5604,171
5605,171
5606,170
5607,170
5608,170
5609,170
5610,170
5611,170
5612,171
5613,170
5614,170
5615,170
5616,170
5617,170
5618,170
5619,170
5620,170
5621,170
5622,170
5623,170
5624,170
5625,169
5626,169
5627,169
5628,170
5629,170
5630,170
5631,170
5632,170
5633,169
5634,169
5635,169
5636,169
5637,169
5638,169
5639,170
5640,169
5641,169
5642,169
5643,169
5644,169
5645,169
5646,169
5647,169
5648,169
5649,169
5650,169
5651,169
5652,169
5653,169
5654,169
5655,169
5656,170
5657,170
5658,170
5659,169
5660,169
5661,170
5662,170
5663,170
5664,170
5665,170
5666,170
5667,170
5668,170
5669,170
5670,170
5671,170
5672,170
5673,169
5674,169
5675,169
5676,169
5677,169
5678,169
5679,169
5680,169
5681,169
5682,169
5683,170
5684,169
5685,170
5686,170
5687,170
5688,170
5689,170
5690,170
5691,169
5692,169
5693,169
5694,170
5695,170
5696,170
5697,170
5698,170
5699,170
5700,170
5701,170
5702,170
5703,170
5704,170
5705,170
5706,170
5707,170
5708,170
5709,170
5710,170
5711,170
5712,170
5713,170
5714,170
5715,170
5716,170
5717,170
5718,170
5719,170
5720,170
5721,170
5722,170
5723,170
5724,170
5725,170
5726,171
5727,170
5728,170
5729,170
5730,170
5731,170
5732,170
5733,170
5734,170
5735,170
5736,170
5737,170
5738,170
5739,170
5740,170
5741,170
5742,170
5743,170
5744,170
5745,170
5746,170
5747,169
5748,169
5749,169
5750,169
5751,169
5752,169
5753,169
5754,169
5755,169
5756,168
5757,169
5758,169
5759,169
5760,169
5761,169
5762,169
5763,169
5764,169
5765,168
5766,169
5767,168
5768,168
5769,168
5770,169
5771,169
5772,169
5773,168
5774,168
5775,168
5776,168
5777,169
5778,169
5779,169
5780,169
5781,169
5782,168
5783,168
5784,168
5785,168
5786,168
5787,168
5788,168
5789,168
5790,168
5791,168
5792,168
5793,168
5794,168
5795,168
5796,168
5797,168
5798,167
5799,167
5800,167
5801,168
5802,168
5803,167
5804,168
5805,168
5806,168
5807,168
5808,168
5809,167
5810,167
5811,167
5812,168
5813,168
5814,168
5815,168
5816,168
5817,168
5818,168
5819,168
5820,168
5821,168
5822,168
5823,168
5824,168
5825,168
5826,168
5827,168
5828,168
5829,168
5830,168
5831,168
5832,168
5833,168
5834,168
5835,167
5836,167
5837,167
5838,167
5839,168
5840,168
5841,168
5842,168
5843,168
5844,167
5845,167
5846,168
5847,168
5848,168
5849,168
5850,168
5851,168
5852,168
5853,167
5854,167
5855,167
5856,167
5857,167
5858,167
5859,167
5860,167
5861,167
5862,167
5863,167
5864,167
5865,167
5866,167
5867,167
5868,167
5869,167
5870,167
5871,167
5872,167
5873,167
5874,167
5875,167
5876,167
5877,167
5878,167
5879,167
5880,167
5881,167
5882,167
5883,167
5884,167
5885,167
5886,167
5887,167
5888,167
5889,167
5890,167
5891,167
5892,167
5893,167
5894,167
5895,166
5896,166
5897,167
5898,167
5899,167
5900,167
5901,167
5902,167
5903,167
5904,167
5905,167
5906,167
5907,167
5908,167
5909,167
5910,167
5911,167
5912,167
5913,167
5914,167
5915,168
5916,168
5917,168
5918,168
5919,168
5920,168
5921,168
5922,168
5923,168
5924,168
5925,168
5926,168
5927,168
5928,168
5929,168
5930,167
5931,168
5932,168
5933,168
5934,168
5935,168
5936,168
5937,168
5938,168
5939,167
5940,168
5941,168
5942,168
5943,168
5944,168
5945,168
5946,168
5947,168
5948,168
5949,168
5950,168
5951,168
5952,168
5953,168
5954,168
5955,168
5956,168
5957,168
5958,168
5959,168
5960,168
5961,168
5962,168
5963,168
5964,168
5965,168
5966,168
5967,168
5968,168
5969,168
5970,169
5971,169
5972,169
5973,169
5974,169
5975,169
5976,169
5977,169
5978,169
5979,169
5980,169
5981,169
5982,169
5983,168
5984,168
5985,168
5986,168
5987,168
5988,168
5989,167
5990,167
5991,167
5992,168
5993,168
5994,168
5995,168
5996,168
5997,168
5998,168
5999,168
6000,168
6001,168
6002,168
6003,168
6004,168
6005,167
6006,167
6007,167
6008,167
6009,167
6010,167
6011,167
6012,167
6013,167
6014,167
6015,167
6016,167
6017,167
6018,166
6019,166
6020,166
6021,166
6022,166
6023,166
6024,166
6025,167
6026,167
6027,167
6028,167
6029,167
6030,167
6031,167
6032,167
6033,167
6034,167
6035,167
6036,167
6037,167
6038,167
6039,166
6040,166
6041,166
6042,166
6043,166
6044,167
6045,166
6046,167
6047,167
6048,167
6049,167
6050,167
6051,167
6052,167
6053,167
6054,167
6055,167
6056,167
6057,167
6058,167
6059,167
6060,167
6061,167
6062,167
6063,167
6064,167
6065,167
6066,167
6067,167
6068,167
6069,166
6070,166
6071,166
6072,166
6073,166
6074,166
6075,166
6076,166
6077,166
6078,167
6079,166
6080,166
6081,166
6082,166
6083,166
6084,166
6085,166
6086,166
6087,166
6088,166
6089,166
6090,166
6091,166
6092,166
6093,166
6094,166
6095,166
6096,166
6097,166
6098,166
6099,166
6100,166
6101,166
6102,166
6103,166
6104,166
6105,167
6106,166
6107,167
6108,167
6109,167
6110,167
6111,167
6112,167
6113,167
6114,168
6115,168
6116,168
6117,168
6118,168
6119,168
6120,168
6121,168
6122,168
6123,168
6124,168
6125,168
6126,168
6127,168
6128,168
6129,168
6130,168
6131,168
6132,168
6133,168
6134,168
6135,168
6136,168
6137,168
6138,168
6139,168
6140,168
6141,168
6142,168
6143,168
6144,168
6145,168
6146,168
6147,168
6148,168
6149,168
6150,168
6151,168
6152,168
6153,168
6154,168
6155,167
6156,168
6157,168
6158,168
6159,168
6160,168
6161,168
6162,168
6163,168
6164,168
6165,168
6166,168
6167,168
6168,168
6169,168
6170,168
6171,168
6172,168
6173,168
6174,168
6175,168
6176,168
6177,168
6178,168
6179,168
6180,168
6181,168
6182,168
6183,168
6184,168
6185,168
6186,168
6187,168
6188,168
6189,168
6190,168
6191,168
6192,168
6193,168
6194,168
6195,168
6196,168
6197,168
6198,168
6199,168
6200,168
6201,168
6202,168
6203,167
6204,167
6205,167
6206,167
6207,167
6208,167
6209,167
6210,167
6211,167
6212,167
6213,168
6214,168
6215,168
6216,167
6217,168
6218,168
6219,168
6220,168
6221,168
6222,168
6223,167
6224,168
6225,168
6226,167
6227,167
6228,167
6229,167
6230,167
6231,167
6232,167
6233,167
6234,168
6235,168
6236,168
6237,168
6238,167
6239,167
6240,167
6241,167
6242,167
6243,167
6244,167
6245,167
6246,167
6247,167
6248,167
6249,167
6250,167
6251,167
6252,167
6253,167
6254,167
6255,167
6256,167
6257,167
6258,167
6259,167
6260,167
6261,167
6262,167
6263,167
6264,167
6265,167
6266,167
6267,167
6268,167
6269,167
6270,167
6271,167
6272,167
6273,167
6274,167
6275,167
6276,166
6277,166
6278,166
6279,166
6280,166
6281,167
6282,167
6283,167
6284,166
6285,166
6286,166
6287,166
6288,166
6289,166
6290,166
6291,166
6292,166
6293,167
6294,167
6295,167
6296,167
6297,167
6298,166
6299,166
6300,166
6301,167
6302,167
6303,166
6304,167
6305,167
6306,167
6307,167
6308,167
6309,167
6310,167
6311,167
6312,166
6313,167
6314,167
6315,167
6316,167
6317,167
6318,167
6319,167
6320,167
6321,166
6322,166
6323,166
6324,166
6325,166
6326,167
6327,167
6328,167
6329,167
6330,167
6331,167
6332,167
6333,167
6334,167
6335,167
6336,167
6337,167
6338,167
6339,167
6340,167
6341,167
6342,167
6343,167
6344,166
6345,166
6346,166
6347,167
6348,167
6349,167
6350,167
6351,167
6352,167
6353,167
6354,167
6355,167
6356,167
6357,167
6358,167
6359,167
6360,167
6361,167
6362,167
6363,167
6364,167
6365,167
6366,167
6367,167
6368,167
6369,167
6370,167
6371,167
6372,167
6373,167
6374,167
6375,167
6376,167
6377,167
6378,167
6379,167
6380,167
6381,167
6382,167
6383,167
6384,166
6385,167
6386,166
6387,166
6388,166
6389,166
6390,166
6391,166
6392,167
6393,167
6394,167
6395,167
6396,167
6397,167
6398,167
6399,167
6400,167
6401,167
6402,167
6403,167
6404,167
6405,167
6406,167
6407,167
6408,167
6409,167
6410,167
6411,167
6412,167
6413,167
6414,166
6415,166
6416,167
6417,167
6418,167
6419,167
6420,167
6421,167
6422,167
6423,167
6424,167
6425,167
6426,167
6427,167
6428,167
6429,167
6430,167
6431,167
6432,166
6433,166
6434,167
6435,166
6436,167
6437,167
6438,167
6439,166
6440,167
6441,167
6442,167
6443,167
6444,167
6445,167
6446,167
6447,166
6448,166
6449,166
6450,166
6451,166
6452,167
6453,167
6454,167
6455,167
6456,167
6457,167
6458,167
6459,167
6460,167
6461,167
6462,167
6463,167
6464,167
6465,167
6466,167
6467,167
6468,167
6469,167
6470,167
6471,167
6472,167
6473,167
6474,167
6475,167
6476,167
6477,167
6478,167
6479,167
6480,166
6481,166
6482,167
6483,167
6484,166
6485,167
6486,167
6487,167
6488,167
6489,167
6490,167
6491,167
6492,167
6493,167
6494,167
6495,167
6496,167
6497,168
6498,168
6499,168
6500,168
6501,168
6502,168
6503,167
6504,168
6505,168
6506,168
6507,168
6508,168
6509,168
6510,168
6511,168
6512,168
6513,167
6514,168
6515,168
6516,168
6517,168
6518,168
6519,168
6520,168
6521,168
6522,167
6523,167
6524,167
6525,167
6526,167
6527,167
6528,167
6529,166
6530,166
6531,167
6532,167
6533,167
6534,167
6535,167
6536,167
6537,167
6538,167
6539,167
6540,166
6541,166
6542,167
6543,167
6544,167
6545,166
6546,167
6547,167
6548,167
6549,167
6550,167
6551,167
6552,167
6553,167
6554,167
6555,166
6556,166
6557,166
6558,166
6559,166
6560,166
6561,166
6562,166
6563,166
6564,166
6565,166
6566,166
6567,166
6568,166
6569,166
6570,166
6571,166
6572,165
6573,165
6574,165
6575,166
6576,166
6577,166
6578,165
6579,166
6580,166
6581,165
6582,165
6583,165
6584,165
6585,165
6586,165
6587,165
6588,165
6589,165
6590,165
6591,165
6592,165
6593,165
6594,165
6595,165
6596,165
6597,165
6598,165
6599,165
6600,165
6601,165
6602,165
6603,165
6604,165
6605,165
6606,165
6607,165
6608,165
6609,165
6610,165
6611,165
6612,165
6613,165
6614,165
6615,165
6616,165
6617,165
6618,165
6619,165
6620,165
6621,165
6622,165
6623,165
6624,165
6625,165
6626,165
6627,165
6628,165
6629,165
6630,165
6631,164
6632,164
6633,164
6634,164
6635,164
6636,164
6637,164
6638,164
6639,164
6640,165
6641,165
6642,164
6643,164
6644,164
6645,164
6646,164
6647,164
6648,164
6649,164
6650,164
6651,164
6652,164
6653,164
6654,164
6655,164
6656,164
6657,164
6658,164
6659,164
6660,164
6661,165
6662,164
6663,164
6664,164
6665,164
6666,164
6667,164
6668,164
6669,164
6670,164
6671,165
6672,164
6673,165
6674,165
6675,165
6676,164
6677,164
6678,164
6679,164
6680,165
6681,164
6682,164
6683,165
6684,165
6685,165
6686,165
6687,165
6688,165
6689,165
6690,164
6691,165
6692,165
6693,165
6694,165
6695,165
6696,165
6697,165
6698,165
6699,165
6700,165
6701,165
6702,165
6703,164
6704,165
6705,165
6706,165
6707,164
6708,164
6709,164
6710,164
6711,165
6712,165
6713,165
6714,164
6715,164
6716,164
6717,164
6718,164
6719,164
6720,164
6721,164
6722,164
6723,164
6724,164
6725,164
6726,164
6727,164
6728,164
6729,165
6730,165
6731,164
6732,164
6733,164
6734,164
6735,164
6736,164
6737,164
6738,164
6739,164
6740,164
6741,164
6742,164
6743,164
6744,164
6745,164
6746,164
6747,163
6748,163
6749,163
6750,163
6751,164
6752,164
6753,164
6754,164
6755,164
6756,164
6757,164
6758,164
6759,164
6760,165
6761,165
6762,164
6763,164
6764,164
6765,164
6766,164
6767,165
6768,164
6769,164
6770,164
6771,164
6772,164
6773,164
6774,164
6775,164
6776,164
6777,164
6778,164
6779,164
6780,164
6781,164
6782,164
6783,164
6784,165
6785,165
6786,165
6787,165
6788,165
6789,165
6790,165
6791,165
6792,165
6793,165
6794,164
6795,165
6796,165
6797,165
6798,165
6799,164
6800,164
6801,164
6802,164
6803,164
6804,164
6805,164
6806,164
6807,164
6808,164
6809,164
6810,164
6811,164
6812,164
6813,164
6814,164
6815,164
6816,164
6817,164
6818,164
6819,164
6820,164
6821,164
6822,164
6823,164
6824,164
6825,164
6826,164
6827,164
6828,164
6829,164
6830,164
6831,164
6832,164
6833,164
6834,164
6835,164
6836,164
6837,164
6838,164
6839,164
6840,163
6841,163
6842,163
6843,163
6844,163
6845,163
6846,164
6847,164
6848,164
6849,164
6850,164
6851,163
6852,163
6853,163
6854,163
6855,163
6856,163
6857,163
6858,163
6859,163
6860,162
6861,162
6862,163
6863,163
6864,163
6865,163
6866,163
6867,162
6868,163
6869,163
6870,163
6871,163
6872,164
6873,164
6874,164
6875,164
6876,164
6877,164
6878,164
6879,164
6880,164
6881,164
6882,164
6883,164
6884,164
6885,164
6886,164
6887,164
6888,164
6889,164
6890,164
6891,164
6892,164
6893,164
6894,164
6895,164
6896,164
6897,163
6898,163
6899,163
6900,163
6901,163
6902,163
6903,163
6904,163
6905,164
6906,164
6907,164
6908,164
6909,164
6910,164
6911,163
6912,164
6913,164
6914,164
6915,164
6916,164
6917,164
6918,164
6919,164
6920,164
6921,164
6922,164
6923,164
6924,164
6925,164
6926,164
6927,164
6928,164
6929,164
6930,164
6931,164
6932,164
6933,164
6934,164
6935,164
6936,164
6937,164
6938,164
6939,164
6940,164
6941,164
6942,164
6943,164
6944,164
6945,164
6946,164
6947,164
6948,164
6949,164
6950,164
6951,165
6952,165
6953,164
6954,164
6955,164
6956,164
6957,164
6958,164
6959,164
6960,165
6961,165
6962,165
6963,165
6964,165
6965,165
6966,165
6967,165
6968,165
6969,165
6970,165
6971,164
6972,164
6973,164
6974,164
6975,164
6976,164
6977,164
6978,164
6979,165
6980,165
6981,165
6982,165
6983,165
6984,165
6985,165
6986,165
6987,165
6988,165
6989,165
6990,165
6991,165
6992,165
6993,165
6994,165
6995,165
6996,165
6997,164
6998,164
6999,164
7000,164
7001,165
7002,165
7003,165
7004,165
7005,165
7006,164
7007,165
7008,164
7009,164
7010,164
7011,164
7012,164
7013,164
7014,164
7015,164
7016,164
7017,164
7018,164
7019,164
7020,164
7021,164
7022,164
7023,164
7024,164
7025,164
7026,164
7027,164
7028,164
7029,165
7030,165
7031,165
7032,165
7033,165
7034,164
7035,164
7036,164
7037,164
7038,164
7039,164
7040,164
7041,164
7042,164
7043,164
7044,164
7045,164
7046,164
7047,164
7048,164
7049,164
7050,164
7051,164
7052,164
7053,164
7054,164
7055,164
7056,164
7057,164
7058,164
7059,164
7060,164
7061,164
7062,164
7063,164
7064,164
7065,164
7066,163
7067,164
7068,164
7069,163
7070,163
7071,163
7072,164
7073,163
7074,164
7075,164
7076,163
7077,164
7078,164
7079,163
7080,163
7081,163
7082,163
7083,163
7084,163
7085,163
7086,163
7087,164
7088,164
7089,164
7090,164
7091,164
7092,164
7093,164
7094,163
7095,164
7096,164
7097,164
7098,164
7099,164
7100,164
7101,165
7102,165
7103,165
7104,164
7105,164
7106,164
7107,164
7108,164
7109,165
7110,165
7111,165
7112,165
7113,165
7114,165
7115,165
7116,165
7117,165
7118,165
7119,165
7120,165
7121,165
7122,165
7123,165
7124,165
7125,165
7126,165
7127,165
7128,165
7129,165
7130,165
7131,165
7132,165
7133,165
7134,165
7135,165
7136,165
7137,165
7138,165
7139,165
7140,165
7141,165
7142,165
7143,165
7144,165
7145,165
7146,165
7147,165
7148,165
7149,165
7150,164
7151,164
7152,164
7153,164
7154,163
7155,163
7156,163
7157,163
7158,163
7159,164
7160,163
7161,163
7162,163
7163,164
7164,164
7165,164
7166,163
7167,163
7168,163
7169,164
7170,163
7171,164
7172,164
7173,164
7174,164
7175,164
7176,164
7177,164
7178,164
7179,163
7180,163
7181,164
7182,164
7183,164
7184,164
7185,164
7186,164
7187,164
7188,164
7189,164
7190,163
7191,163
7192,163
7193,163
7194,163
7195,163
7196,163
7197,163
7198,163
7199,163
7200,163
7201,163
7202,163
7203,163
7204,163
7205,163
7206,163
7207,163
7208,163
7209,163
7210,163
7211,163
7212,163
7213,163
7214,163
7215,163
7216,163
7217,163
7218,163
7219,163
7220,163
7221,164
7222,164
7223,164
7224,164
7225,164
7226,164
7227,164
7228,164
7229,164
7230,164
7231,164
7232,164
7233,164
7234,164
7235,164
7236,164
7237,164
7238,164
7239,164
7240,164
7241,164
7242,165
7243,165
7244,164
7245,164
7246,164
7247,164
7248,164
7249,164
7250,164
7251,164
7252,164
7253,164
7254,164
7255,164
7256,164
7257,164
7258,164
7259,164
7260,164
7261,164
7262,164
7263,164
7264,164
7265,164
7266,164
7267,164
7268,164
7269,164
7270,164
7271,164
7272,164
7273,164
7274,164
7275,164
7276,164
7277,164
7278,164
7279,164
7280,164
7281,164
7282,164
7283,164
7284,164
7285,164
7286,164
7287,164
7288,164
7289,164
7290,164
7291,164
7292,164
7293,164
7294,164
7295,164
7296,164
7297,164
7298,164
7299,164
7300,163
7301,163
7302,163
7303,163
7304,163
7305,163
7306,163
7307,163
7308,163
7309,163
7310,163
7311,163
7312,163
7313,163
7314,163
7315,163
7316,163
7317,163
7318,163
7319,163
7320,163
7321,163
7322,163
7323,163
7324,163
7325,163
7326,163
7327,163
7328,163
7329,163
7330,163
7331,163
7332,163
7333,163
7334,163
7335,163
7336,163
7337,163
7338,164
7339,164
7340,164
7341,163
7342,164
7343,163
7344,163
7345,163
7346,163
7347,163
7348,163
7349,164
7350,164
7351,164
7352,164
7353,164
7354,164
7355,164
7356,164
7357,164
7358,164
7359,164
7360,164
7361,164
7362,164
7363,164
7364,164
7365,164
7366,164
7367,164
7368,163
7369,163
7370,163
7371,163
7372,163
7373,163
7374,163
7375,163
7376,163
7377,164
7378,163
7379,163
7380,163
7381,163
7382,163
7383,163
7384,163
7385,163
7386,163
7387,163
7388,163
7389,163
7390,163
7391,163
7392,163
7393,163
7394,163
7395,163
7396,163
7397,163
7398,163
7399,163
7400,163
7401,163
7402,163
7403,163
7404,163
7405,163
7406,163
7407,163
7408,163
7409,163
7410,163
7411,163
7412,163
7413,163
7414,163
7415,163
7416,164
7417,164
7418,164
7419,164
7420,164
7421,164
7422,164
7423,164
7424,164
7425,164
7426,164
7427,165
7428,165
7429,165
7430,165
7431,165
7432,165
7433,165
7434,165
7435,165
7436,165
7437,166
7438,166
7439,166
7440,166
7441,166
7442,166
7443,166
7444,165
7445,166
7446,165
7447,166
7448,166
7449,166
7450,166
7451,166
7452,166
7453,166
7454,166
7455,165
7456,166
7457,166
7458,166
7459,166
7460,166
7461,166
7462,166
7463,166
7464,166
7465,166
7466,166
7467,166
7468,166
7469,166
7470,166
7471,166
7472,166
7473,166
7474,166
7475,166
7476,166
7477,166
7478,166
7479,165
7480,165
7481,165
7482,165
7483,165
7484,165
7485,165
7486,166
7487,166
7488,166
7489,166
7490,166
7491,166
7492,166
7493,166
7494,166
7495,166
7496,166
7497,166
7498,166
7499,165
7500,165
7501,166
7502,166
7503,166
7504,165
7505,165
7506,165
7507,165
7508,165
7509,165
7510,166
7511,165
7512,165
7513,165
7514,165
7515,165
7516,165
7517,165
7518,165
7519,165
7520,165
7521,165
7522,165
7523,165
7524,165
7525,165
7526,165
7527,165
7528,165
7529,165
7530,165
7531,165
7532,165
7533,165
7534,165
7535,166
7536,166
7537,166
7538,166
7539,166
7540,166
7541,166
7542,166
7543,166
7544,166
7545,166
7546,165
7547,166
7548,166
7549,165
7550,165
7551,165
7552,165
7553,165
7554,165
7555,165
7556,165
7557,165
7558,165
7559,165
7560,165
7561,165
7562,165
7563,165
7564,165
7565,165
7566,165
7567,165
7568,165
7569,165
7570,165
7571,165
7572,165
7573,164
7574,165
7575,165
7576,165
7577,164
7578,164
7579,164
7580,164
7581,164
7582,164
7583,164
7584,164
7585,164
7586,164
7587,164
7588,164
7589,164
7590,164
7591,164
7592,164
7593,164
7594,164
7595,164
7596,164
7597,164
7598,164
7599,164
7600,164
7601,164
7602,164
7603,164
7604,163
7605,163
7606,163
7607,164
7608,163
7609,164
7610,164
7611,164
7612,164
7613,164
7614,164
7615,164
7616,164
7617,164
7618,164
7619,164
7620,164
7621,165
7622,165
7623,165
7624,165
7625,165
7626,165
7627,165
7628,165
7629,165
7630,165
7631,164
7632,165
7633,164
7634,164
7635,164
7636,165
7637,164
7638,165
7639,164
7640,164
7641,164
7642,163
7643,164
7644,164
7645,163
7646,164
7647,164
7648,164
7649,164
7650,164
7651,163
7652,163
7653,162
7654,162
7655,162
7656,162
7657,162
7658,162
7659,162
7660,162
7661,162
7662,162
7663,162
7664,162
7665,162
7666,163
7667,163
7668,163
7669,163
7670,163
7671,163
7672,162
7673,162
7674,162
7675,162
7676,163
7677,163
7678,163
7679,163
7680,163
7681,164
7682,163
7683,163
7684,163
7685,163
7686,163
7687,163
7688,163
7689,163
7690,163
7691,163
7692,163
7693,163
7694,163
7695,163
7696,163
7697,163
7698,162
7699,162
7700,162
7701,162
7702,162
7703,163
7704,163
7705,163
7706,163
7707,163
7708,162
7709,163
7710,162
7711,162
7712,162
7713,162
7714,162
7715,162
7716,162
7717,162
7718,162
7719,162
7720,162
7721,162
7722,162
7723,162
7724,162
7725,163
7726,163
7727,163
7728,162
7729,162
7730,162
7731,163
7732,163
7733,163
7734,163
7735,163
7736,164
7737,164
7738,164
7739,164
7740,164
7741,164
7742,164
7743,164
7744,164
7745,164
7746,164
7747,164
7748,164
7749,164
7750,164
7751,164
7752,164
7753,164
7754,165
7755,165
7756,165
7757,165
7758,165
7759,165
7760,165
7761,165
7762,165
7763,165
7764,165
7765,165
7766,165
7767,166
7768,165
7769,165
7770,165
7771,165
7772,165
7773,165
7774,166
7775,166
7776,166
7777,165
7778,165
7779,166
7780,166
7781,165
7782,166
7783,166
7784,166
7785,166
7786,166
7787,166
7788,166
7789,166
7790,166
7791,166
7792,165
7793,166
7794,165
7795,166
7796,166
7797,166
7798,165
7799,165
7800,165
7801,165
7802,165
7803,165
7804,165
7805,165
7806,165
7807,165
7808,165
7809,165
7810,165
7811,165
7812,165
7813,165
7814,165
7815,165
7816,165
7817,165
7818,165
7819,165
7820,165
7821,164
7822,164
7823,164
7824,165
7825,165
7826,165
7827,164
7828,165
7829,164
7830,164
7831,164
7832,164
7833,163
7834,164
7835,164
7836,164
7837,164
7838,164
7839,164
7840,164
7841,164
7842,164
7843,165
7844,165
7845,165
7846,165
7847,165
7848,165
7849,165
7850,165
7851,166
7852,166
7853,166
7854,166
7855,166
7856,166
7857,166
7858,166
7859,166
7860,166
7861,166
7862,166
7863,166
7864,166
7865,166
7866,166
7867,166
7868,166
7869,166
7870,166
7871,166
7872,166
7873,166
7874,166
7875,166
7876,166
7877,166
7878,166
7879,166
7880,166
7881,165
7882,165
7883,166
7884,166
7885,165
7886,166
7887,166
7888,166
7889,166
7890,166
7891,166
7892,166
7893,166
7894,166
7895,166
7896,166
7897,166
7898,166
7899,167
7900,167
7901,167
7902,167
7903,167
7904,167
7905,167
7906,166
7907,166
7908,166
7909,167
7910,167
7911,167
7912,167
7913,168
7914,167
7915,167
7916,167
7917,167
7918,167
7919,166
7920,167
7921,166
7922,166
7923,166
7924,166
7925,165
7926,165
7927,166
7928,166
7929,166
7930,166
7931,166
7932,165
7933,166
7934,165
7935,166
7936,166
7937,166
7938,166
7939,166
7940,166
7941,166
7942,166
7943,166
7944,166
7945,166
7946,166
7947,166
7948,166
7949,166
7950,166
7951,166
7952,166
7953,166
7954,166
7955,167
7956,167
7957,167
7958,167
7959,167
7960,167
7961,167
7962,167
7963,167
7964,167
7965,166
7966,166
7967,167
7968,166
7969,166
7970,166
7971,167
7972,167
7973,167
7974,167
7975,167
7976,166
7977,166
7978,166
7979,166
7980,166
7981,167
7982,167
7983,167
7984,167
7985,167
7986,167
7987,167
7988,168
7989,167
7990,167
7991,167
7992,167
7993,167
7994,167
7995,167
7996,167
7997,167
7998,167
7999,167
8000,167
8001,167
8002,167
8003,167
8004,167
8005,167
8006,167
8007,167
8008,167
8009,167
8010,167
8011,167
8012,167
8013,166
8014,167
8015,167
8016,167
8017,167
8018,167
8019,167
8020,167
8021,166
8022,167
8023,167
8024,166
8025,166
8026,166
8027,166
8028,166
8029,166
8030,166
8031,167
8032,166
8033,166
8034,167
8035,166
8036,166
8037,166
8038,166
8039,166
8040,166
8041,166
8042,166
8043,166
8044,166
8045,166
8046,166
8047,166
8048,166
8049,166
8050,166
8051,166
8052,166
8053,166
8054,166
8055,166
8056,166
8057,166
8058,166
8059,166
8060,166
8061,166
8062,166
8063,166
8064,165
8065,166
8066,166
8067,166
8068,167
8069,166
8070,166
8071,166
8072,166
8073,167
8074,166
8075,167
8076,167
8077,167
8078,167
8079,167
8080,167
8081,167
8082,167
8083,167
8084,167
8085,167
8086,167
8087,167
8088,167
8089,168
8090,168
8091,168
8092,168
8093,168
8094,167
8095,167
8096,167
8097,167
8098,167
8099,167
8100,167
8101,167
8102,167
8103,167
8104,167
8105,167
8106,167
8107,167
8108,167
8109,167
8110,167
8111,167
8112,167
8113,167
8114,167
8115,167
8116,166
8117,167
8118,167
8119,167
8120,167
8121,167
8122,167
8123,167
8124,167
8125,167
8126,167
8127,167
8128,167
8129,167
8130,167
8131,167
8132,167
8133,167
8134,167
8135,167
8136,167
8137,167
8138,167
8139,167
8140,167
8141,167
8142,167
8143,167
8144,167
8145,167
8146,167
8147,167
8148,167
8149,167
8150,167
8151,167
8152,167
8153,167
8154,167
8155,167
8156,167
8157,167
8158,167
8159,167
8160,167
8161,166
8162,166
8163,166
8164,166
8165,166
8166,166
8167,166
8168,166
8169,166
8170,166
8171,166
8172,166
8173,166
8174,166
8175,166
8176,166
8177,166
8178,166
8179,166
8180,166
8181,166
8182,166
8183,166
8184,166
8185,166
8186,166
8187,166
8188,167
8189,167
8190,167
8191,167
8192,167
8193,167
8194,167
8195,167
8196,166
8197,167
8198,167
8199,167
8200,167
8201,167
8202,167
8203,167
8204,167
8205,167
8206,167
8207,167
8208,167
8209,167
8210,167
8211,167
8212,167
8213,166
8214,166
8215,166
8216,166
8217,167
8218,167
8219,167
8220,167
8221,167
8222,167
8223,167
8224,167
8225,167
8226,167
8227,167
8228,167
8229,167
8230,167
8231,166
8232,166
8233,167
8234,167
8235,166
8236,167
8237,167
8238,167
8239,167
8240,167
8241,167
8242,167
8243,167
8244,167
8245,168
8246,168
8247,168
8248,168
8249,168
8250,168
8251,168
8252,168
8253,168
8254,168
8255,168
8256,168
8257,168
8258,168
8259,168
8260,168
8261,168
8262,169
8263,169
8264,169
8265,169
8266,168
8267,169
8268,169
8269,169
8270,168
8271,168
8272,169
8273,169
8274,168
8275,169
8276,169
8277,169
8278,169
8279,169
8280,169
8281,169
8282,169
8283,169
8284,169
8285,169
8286,169
8287,169
8288,169
8289,169
8290,169
8291,169
8292,169
8293,169
8294,169
8295,169
8296,169
8297,169
8298,169
8299,169
8300,169
8301,169
8302,169
8303,169
8304,169
8305,169
8306,169
8307,169
8308,169
8309,169
8310,168
8311,168
8312,168
8313,168
8314,168
8315,168
8316,168
8317,168
8318,168
8319,168
8320,168
8321,168
8322,169
8323,168
8324,168
8325,168
8326,168
8327,168
8328,168
8329,168
8330,169
8331,169
8332,169
8333,169
8334,169
8335,169
8336,169
8337,169
8338,169
8339,169
8340,169
8341,169
8342,169
8343,168
8344,168
8345,168
8346,168
8347,168
8348,168
8349,168
8350,168
8351,168
8352,168
8353,168
8354,168
8355,168
8356,168
8357,168
8358,168
8359,168
8360,168
8361,168
8362,168
8363,168
8364,168
8365,168
8366,168
8367,168
8368,168
8369,168
8370,168
8371,168
8372,168
8373,168
8374,168
8375,168
8376,168
8377,168
8378,168
8379,168
8380,168
8381,168
8382,167
8383,167
8384,167
8385,167
8386,167
8387,167
8388,168
8389,168
8390,168
8391,168
8392,168
8393,168
8394,168
8395,169
8396,168
8397,168
8398,168
8399,168
8400,169
8401,169
8402,168
8403,169
8404,168
8405,168
8406,168
8407,168
8408,168
8409,168
8410,168
8411,169
8412,169
8413,169
8414,169
8415,169
8416,169
8417,169
8418,169
8419,169
8420,169
8421,169
8422,169
8423,169
8424,169
8425,169
8426,169
8427,169
8428,169
8429,169
8430,169
8431,169
8432,169
8433,169
8434,169
8435,169
8436,169
8437,169
8438,169
8439,169
8440,169
8441,169
8442,169
8443,169
8444,169
8445,169
8446,169
8447,169
8448,169
8449,169
8450,169
8451,169
8452,169
8453,169
8454,169
8455,169
8456,169
8457,169
8458,169
8459,169
8460,169
8461,169
8462,170
8463,170
8464,170
8465,170
8466,170
8467,170
8468,170
8469,170
8470,170
8471,170
8472,170
8473,170
8474,170
8475,170
8476,170
8477,170
8478,170
8479,170
8480,170
8481,170
8482,170
8483,170
8484,170
8485,170
8486,170
8487,170
8488,170
8489,170
8490,170
8491,170
8492,171
8493,171
8494,170
8495,170
8496,170
8497,170
8498,170
8499,170
8500,170
8501,170
8502,170
8503,170
8504,170
8505,170
8506,170
8507,171
8508,171
8509,170
8510,170
8511,170
8512,171
8513,171
8514,171
8515,171
8516,171
8517,171
8518,171
8519,171
8520,171
8521,171
8522,171
8523,171
8524,171
8525,171
8526,171
8527,171
8528,171
8529,170
8530,171
8531,171
8532,171
8533,170
8534,170
8535,170
8536,170
8537,170
8538,170
8539,170
8540,170
8541,170
8542,170
8543,169
8544,170
8545,169
8546,169
8547,169
8548,169
8549,169
8550,169
8551,169
8552,169
8553,169
8554,169
8555,169
8556,169
8557,169
8558,169
8559,169
8560,169
8561,169
8562,169
8563,169
8564,169
8565,169
8566,169
8567,169
8568,169
8569,169
8570,170
8571,170
8572,169
8573,169
8574,169
8575,169
8576,169
8577,169
8578,169
8579,169
8580,169
8581,169
8582,169
8583,169
8584,169
8585,168
8586,168
8587,168
8588,168
8589,168
8590,168
8591,168
8592,168
8593,168
8594,168
8595,168
8596,168
8597,168
8598,168
8599,168
8600,168
8601,168
8602,168
8603,168
8604,168
8605,168
8606,169
8607,169
8608,169
8609,169
8610,169
8611,169
8612,169
8613,169
8614,169
8615,169
8616,169
8617,169
8618,169
8619,169
8620,169
8621,169
8622,169
8623,169
8624,169
8625,169
8626,169
8627,169
8628,169
8629,168
8630,168
8631,168
8632,168
8633,168
8634,168
8635,168
8636,168
8637,168
8638,168
8639,168
8640,169
8641,169
8642,169
8643,168
8644,168
8645,168
8646,168
8647,168
8648,169
8649,168
8650,168
8651,168
8652,168
8653,169
8654,169
8655,169
8656,169
8657,169
8658,169
8659,169
8660,169
8661,169
8662,169
8663,169
8664,169
8665,169
8666,168
8667,168
8668,168
8669,168
8670,168
8671,168
8672,168
8673,168
8674,168
8675,168
8676,168
8677,169
8678,169
8679,169
8680,169
8681,169
8682,169
8683,169
8684,169
8685,169
8686,168
8687,169
8688,169
8689,169
8690,169
8691,169
8692,169
8693,170
8694,170
8695,170
8696,170
8697,170
8698,169
8699,169
8700,169
8701,169
8702,169
8703,169
8704,169
8705,169
8706,169
8707,169
8708,169
8709,169
8710,169
8711,169
8712,169
8713,169
8714,169
8715,169
8716,169
8717,169
8718,169
8719,169
8720,169
8721,169
8722,169
8723,169
8724,169
8725,169
8726,169
8727,169
8728,169
8729,169
8730,169
8731,169
8732,169
8733,169
8734,169
8735,169
8736,169
8737,169
8738,169
8739,169
8740,169
8741,169
8742,169
8743,169
8744,169
8745,169
8746,169
8747,169
8748,169
8749,169
8750,169
8751,169
8752,169
8753,169
8754,169
8755,169
8756,169
8757,170
8758,170
8759,170
8760,170
8761,170
8762,170
8763,170
8764,170
8765,170
8766,170
8767,170
8768,170
8769,170
8770,170
8771,170
8772,170
8773,170
8774,171
8775,171
8776,171
8777,170
8778,170
8779,170
8780,170
8781,170
8782,170
8783,170
8784,170
8785,170
8786,170
8787,170
8788,170
8789,170
8790,170
8791,170
8792,170
8793,170
8794,170
8795,170
8796,169
8797,169
8798,170
8799,170
8800,170
8801,170
8802,170
8803,171
8804,170
8805,170
8806,170
8807,170
8808,170
8809,170
8810,170
8811,170
8812,170
8813,170
8814,170
8815,170
8816,170
8817,170
8818,170
8819,170
8820,170
8821,170
8822,170
8823,170
8824,170
8825,170
8826,170
8827,170
8828,170
8829,171
8830,171
8831,171
8832,171
8833,171
8834,171
8835,171
8836,171
8837,171
8838,171
8839,171
8840,170
8841,170
8842,171
8843,171
8844,171
8845,171
8846,171
8847,171
8848,171
8849,171
8850,171
8851,171
8852,171
8853,170
8854,170
8855,170
8856,170
8857,170
8858,170
8859,170
8860,170
8861,170
8862,170
8863,170
8864,170
8865,170
8866,170
8867,170
8868,170
8869,170
8870,170
8871,170
8872,170
8873,170
8874,170
8875,171
8876,171
8877,171
8878,171
8879,171
8880,171
8881,170
8882,170
8883,170
8884,171
8885,171
8886,171
8887,170
8888,170
8889,170
8890,170
8891,170
8892,170
8893,170
8894,170
8895,170
8896,170
8897,169
8898,170
8899,170
8900,169
8901,170
8902,170
8903,170
8904,170
8905,170
8906,170
8907,170
8908,170
8909,170
8910,170
8911,170
8912,169
8913,170
8914,170
8915,170
8916,170
8917,170
8918,170
8919,170
8920,170
8921,171
8922,170
8923,171
8924,171
8925,171
8926,171
8927,171
8928,171
8929,171
8930,171
8931,171
8932,171
8933,172
8934,171
8935,171
8936,171
8937,171
8938,171
8939,171
8940,171
8941,171
8942,171
8943,171
8944,171
8945,171
8946,171
8947,171
8948,171
8949,171
8950,171
8951,171
8952,171
8953,171
8954,171
8955,171
8956,171
8957,171
8958,171
8959,171
8960,171
8961,171
8962,171
8963,171
8964,171
8965,171
8966,171
8967,172
8968,172
8969,172
8970,172
8971,171
8972,171
8973,171
8974,171
8975,171
8976,171
8977,171
8978,171
8979,171
8980,171
8981,170
8982,171
8983,170
8984,171
8985,171
8986,171
8987,171
8988,171
8989,171
8990,171
8991,171
8992,171
8993,171
8994,170
8995,171
8996,171
8997,171
8998,171
8999,171
9000,171
9001,171
9002,170
9003,171
9004,171
9005,171
9006,171
9007,171
9008,170
9009,170
9010,170
9011,170
9012,170
9013,170
9014,170
9015,170
9016,170
9017,170
9018,170
9019,170
9020,170
9021,170
9022,170
9023,170
9024,170
9025,170
9026,170
9027,170
9028,170
9029,170
9030,170
9031,170
9032,170
9033,170
9034,170
9035,170
9036,170
9037,170
9038,170
9039,170
9040,170
9041,170
9042,170
9043,170
9044,170
9045,170
9046,170
9047,170
9048,169
9049,169
9050,169
9051,169
9052,169
9053,169
9054,169
9055,170
9056,170
9057,170
9058,170
9059,170
9060,170
9061,170
9062,170
9063,170
9064,170
9065,170
9066,170
9067,170
9068,169
9069,169
9070,169
9071,169
9072,169
9073,170
9074,170
9075,170
9076,170
9077,170
9078,170
9079,169
9080,170
9081,170
9082,170
9083,170
9084,170
9085,169
9086,170
9087,170
9088,170
9089,170
9090,170
9091,170
9092,170
9093,170
9094,170
9095,170
9096,170
9097,170
9098,170
9099,170
9100,170
9101,170
9102,170
9103,170
9104,170
9105,170
9106,170
9107,171
9108,171
9109,171
9110,170
9111,170
9112,170
9113,170
9114,170
9115,170
9116,170
9117,170
9118,170
9119,170
9120,170
9121,170
9122,169
9123,169
9124,169
9125,170
9126,170
9127,170
9128,170
9129,170
9130,170
9131,169
9132,169
9133,170
9134,170
9135,170
9136,170
9137,170
9138,170
9139,170
9140,170
9141,170
9142,170
9143,170
9144,170
9145,170
9146,170
9147,170
9148,170
9149,170
9150,170
9151,170
9152,170
9153,170
9154,170
9155,170
9156,171
9157,171
9158,171
9159,171
9160,171
9161,171
9162,171
9163,171
9164,171
9165,171
9166,171
9167,171
9168,171
9169,171
9170,171
9171,171
9172,171
9173,171
9174,171
9175,171
9176,171
9177,171
9178,171
9179,171
9180,171
9181,171
9182,171
9183,171
9184,170
9185,170
9186,170
9187,170
9188,170
9189,170
9190,170
9191,170
9192,170
9193,170
9194,170
9195,170
9196,170
9197,170
9198,170
9199,170
9200,170
9201,170
9202,169
9203,170
9204,169
9205,169
9206,169
9207,169
9208,169
9209,169
9210,170
9211,170
9212,170
9213,170
9214,170
9215,170
9216,170
9217,170
9218,170
9219,170
9220,171
9221,170
9222,171
9223,171
9224,171
9225,171
9226,171
9227,171
9228,170
9229,171
9230,171
9231,171
9232,171
9233,171
9234,171
9235,171
9236,171
9237,171
9238,171
9239,171
9240,171
9241,171
9242,171
9243,171
9244,170
9245,170
9246,170
9247,171
9248,171
9249,171
9250,171
9251,171
9252,171
9253,171
9254,171
9255,171
9256,171
9257,171
9258,171
9259,171
9260,171
9261,171
9262,171
9263,171
9264,171
9265,171
9266,171
9267,171
9268,171
9269,171
9270,171
9271,171
9272,171
9273,172
9274,172
9275,172
9276,172
9277,172
9278,172
9279,172
9280,172
9281,172
9282,172
9283,172
9284,172
9285,172
9286,171
9287,171
9288,171
9289,171
9290,171
9291,171
9292,171
9293,171
9294,171
9295,171
9296,171
9297,171
9298,171
9299,171
9300,171
9301,171
9302,171
9303,171
9304,172
9305,172
9306,172
9307,172
9308,172
9309,172
9310,172
9311,172
9312,172
9313,172
9314,172
9315,172
9316,172
9317,172
9318,172
9319,172
9320,172
9321,172
9322,172
9323,172
9324,172
9325,173
9326,173
9327,173
9328,173
9329,173
9330,173
9331,172
9332,172
9333,172
9334,172
9335,172
9336,172
9337,172
9338,172
9339,172
9340,172
9341,172
9342,173
9343,173
9344,173
9345,173
9346,173
9347,173
9348,173
9349,173
9350,173
9351,173
9352,172
9353,173
9354,173
9355,173
9356,173
9357,173
9358,173
9359,172
9360,173
9361,173
9362,173
9363,173
9364,173
9365,173
9366,173
9367,173
9368,172
9369,172
9370,172
9371,172
9372,172
9373,172
9374,172
9375,172
9376,172
9377,172
9378,172
9379,172
9380,173
9381,173
9382,173
9383,172
9384,172
9385,172
9386,172
9387,172
9388,173
9389,173
9390,173
9391,172
9392,172
9393,172
9394,173
9395,173
9396,173
9397,173
9398,173
9399,173
9400,173
9401,173
9402,173
9403,173
9404,173
9405,173
9406,173
9407,173
9408,173
9409,173
9410,173
9411,173
9412,173
9413,173
9414,173
9415,173
9416,173
9417,173
9418,173
9419,173
9420,173
9421,174
9422,174
9423,174
9424,174
9425,174
9426,174
9427,174
9428,174
9429,173
9430,173
9431,174
9432,174
9433,174
9434,174
9435,174
9436,174
9437,174
9438,174
9439,174
9440,174
9441,174
9442,174
9443,174
9444,174
9445,174
9446,174
9447,174
9448,174
9449,174
9450,174
9451,174
9452,174
9453,174
9454,174
9455,174
9456,174
9457,174
9458,174
9459,174
9460,174
9461,174
9462,175
9463,174
9464,175
9465,175
9466,174
9467,174
9468,174
9469,174
9470,174
9471,174
9472,174
9473,174
9474,174
9475,174
9476,174
9477,174
9478,174
9479,174
9480,174
9481,174
9482,174
9483,174
9484,174
9485,174
9486,174
9487,174
9488,174
9489,174
9490,174
9491,174
9492,174
9493,174
9494,174
9495,174
9496,174
9497,174
9498,174
9499,174
9500,174
9501,174
9502,174
9503,174
9504,175
9505,175
9506,175
9507,175
9508,175
9509,174
9510,175
9511,175
9512,175
9513,175
9514,175
9515,175
9516,175
9517,175
9518,175
9519,175
9520,175
9521,175
9522,175
9523,175
9524,175
9525,175
9526,175
9527,175
9528,175
9529,175
9530,175
9531,175
9532,175
9533,176
9534,176
9535,176
9536,176
9537,176
9538,176
9539,176
9540,176
9541,176
9542,176
9543,176
9544,176
9545,176
9546,176
9547,175
9548,175
9549,175
9550,175
9551,175
9552,175
9553,175
9554,175
9555,175
9556,175
9557,175
9558,174
9559,175
9560,175
9561,174
9562,174
9563,175
9564,175
9565,174
9566,175
9567,175
9568,175
9569,175
9570,175
9571,175
9572,174
9573,175
9574,175
9575,175
9576,175
9577,174
9578,174
9579,174
9580,174
9581,174
9582,174
9583,174
9584,174
9585,174
9586,174
9587,174
9588,174
9589,174
9590,175
9591,175
9592,175
9593,175
9594,175
9595,175
9596,175
9597,175
9598,175
9599,175
9600,175
9601,175
9602,175
9603,175
9604,175
9605,175
9606,175
9607,175
9608,176
9609,176
9610,176
9611,176
9612,176
9613,176
9614,176
9615,176
9616,176
9617,176
9618,176
9619,176
9620,176
9621,176
9622,176
9623,175
9624,175
9625,175
9626,175
9627,175
9628,175
9629,175
9630,175
9631,175
9632,175
9633,175
9634,175
9635,175
9636,176
9637,176
9638,176
9639,176
9640,176
9641,176
9642,176
9643,176
9644,176
9645,176
9646,176
9647,176
9648,176
9649,175
9650,176
9651,175
9652,175
9653,175
9654,176
9655,175
9656,176
9657,175
9658,176
9659,176
9660,176
9661,176
9662,176
9663,176
9664,176
9665,175
9666,175
9667,176
9668,176
9669,175
9670,175
9671,175
9672,175
9673,175
9674,175
9675,175
9676,175
9677,175
9678,175
9679,175
9680,175
9681,175
9682,175
9683,175
9684,175
9685,175
9686,174
9687,174
9688,174
9689,174
9690,174
9691,174
9692,174
9693,174
9694,174
9695,174
9696,174
9697,174
9698,174
9699,174
9700,174
9701,174
9702,174
9703,174
9704,174
9705,174
9706,174
9707,174
9708,174
9709,174
9710,174
9711,174
9712,174
9713,174
9714,174
9715,174
9716,174
9717,174
9718,174
9719,174
9720,174
9721,174
9722,174
9723,173
9724,173
9725,173
9726,173
9727,173
9728,173
9729,173
9730,173
9731,173
9732,173
9733,173
9734,173
9735,173
9736,173
9737,174
9738,174
9739,174
9740,174
9741,174
9742,174
9743,174
9744,174
9745,174
9746,174
9747,174
9748,174
9749,174
9750,174
9751,174
9752,174
9753,174
9754,174
9755,174
9756,174
9757,174
9758,174
9759,174
9760,174
9761,174
9762,174
9763,174
9764,174
9765,174
9766,174
9767,174
9768,175
9769,175
9770,175
9771,174
9772,174
9773,174
9774,174
9775,174
9776,174
9777,174
9778,174
9779,174
9780,174
9781,174
9782,174
9783,174
9784,174
9785,174
9786,174
9787,174
9788,173
9789,173
9790,173
9791,174
9792,174
9793,174
9794,174
9795,174
9796,174
9797,174
9798,174
9799,174
9800,174
9801,174
9802,174
9803,174
9804,174
9805,174
9806,174
9807,174
9808,173
9809,173
9810,173
9811,173
9812,173
9813,173
9814,173
9815,173
9816,173
9817,173
9818,173
9819,173
9820,173
9821,173
9822,173
9823,173
9824,173
9825,173
9826,173
9827,173
9828,173
9829,174
9830,174
9831,174
9832,174
9833,173
9834,173
9835,174
9836,174
9837,174
9838,174
9839,174
9840,174
9841,174
9842,174
9843,174
9844,173
9845,173
9846,173
9847,173
9848,174
9849,174
9850,174
9851,174
9852,174
9853,173
9854,174
9855,173
9856,173
9857,173
9858,173
9859,173
9860,173
9861,173
9862,173
9863,173
9864,173
9865,173
9866,173
9867,173
9868,173
9869,173
9870,173
9871,173
9872,172
9873,172
9874,172
9875,173
9876,173
9877,173
9878,173
9879,173
9880,173
9881,173
9882,173
9883,173
9884,173
9885,173
9886,173
9887,173
9888,173
9889,173
9890,173
9891,173
9892,173
9893,173
9894,173
9895,172
9896,172
9897,173
9898,173
9899,173
9900,172
9901,172
9902,172
9903,173
9904,173
9905,173
9906,173
9907,173
9908,172
9909,173
9910,173
9911,173
9912,172
9913,172
9914,172
9915,172
9916,172
9917,172
9918,171
9919,171
9920,171
9921,171
9922,171
9923,171
9924,171
9925,171
9926,171
9927,171
9928,171
9929,172
9930,172
9931,172
9932,172
9933,172
9934,171
9935,171
9936,172
9937,172
9938,172
9939,172
9940,172
9941,172
9942,172
9943,172
9944,172
9945,172
9946,172
9947,173
9948,172
9949,173
9950,173
9951,173
9952,172
9953,172
9954,173
9955,173
9956,173
9957,173
9958,174
9959,174
9960,174
9961,174
9962,174
9963,174
9964,174
9965,174
9966,174
9967,174
9968,174
9969,173
9970,173
9971,174
9972,173
9973,173
9974,174
9975,174
9976,174
9977,175
9978,175
9979,175
9980,175
9981,175
9982,175
9983,175
9984,175
9985,175
9986,175
9987,175
9988,175
9989,175
9990,175
9991,175
9992,174
9993,174
9994,174
9995,174
9996,174
9997,174
9998,174
9999,174
