0,150
1,149
2,149
3,150
4,149
5,150
6,150
7,150
8,149
9,150
10,150
11,150
12,150
13,150
14,150
15,150
16,150
17,150
18,150
19,150
20,150
21,150
22,150
23,150
24,150
25,150
26,149
27,150
28,150
29,150
30,150
31,150
32,150
33,150
34,150
35,150
36,149
37,149
38,149
39,149
40,149
41,149
42,149
43,149
44,149
45,149
46,149
47,149
48,149
49,149
50,149
51,149
52,149
53,149
54,149
55,149
56,149
57,149
58,149
59,149
60,149
61,149
62,149
63,149
64,149
65,149
66,149
67,149
68,149
69,149
70,149
71,149
72,149
73,149
74,149
75,149
76,149
77,149
78,149
79,149
80,149
81,149
82,149
83,150
84,150
85,150
86,150
87,150
88,150
89,149
90,149
91,150
92,150
93,149
94,150
95,150
96,150
97,149
98,149
99,150
100,150
101,150
102,150
103,150
104,150
105,150
106,150
107,150
108,150
109,150
110,150
111,150
112,150
113,150
114,150
115,150
116,150
117,150
118,150
119,150
120,150
121,149
122,149
123,149
124,149
125,149
126,149
127,149
128,149
129,149
130,149
131,149
132,149
133,150
134,150
135,150
136,150
137,150
138,150
139,150
140,150
141,150
142,150
143,150
144,149
145,149
146,149
147,150
148,150
149,150
150,149
151,150
152,150
153,149
154,150
155,150
156,150
157,150
158,150
159,150
160,150
161,150
162,150
163,150
164,150
165,150
166,150
167,150
168,150
169,150
170,150
171,150
172,150
173,150
174,150
175,150
176,150
177,150
178,150
179,150
180,150
181,150
182,150
183,150
184,149
185,150
186,149
187,149
188,149
189,149
190,149
191,149
192,149
193,149
194,149
195,149
196,149
197,149
198,149
199,149
200,149
201,149
202,149
203,149
204,149
205,149
206,149
207,149
208,149
209,149
210,149
211,149
212,149
213,149
214,149
215,149
216,149
217,149
218,149
219,149
220,149
221,149
222,149
223,150
224,150
225,150
226,150
227,149
228,149
229,150
230,150
231,150
232,150
233,150
234,150
235,150
236,150
237,150
238,149
239,150
240,150
241,150
242,150
243,150
244,151
245,151
246,151
247,151
248,151
249,151
250,151
251,151
252,151
253,151
254,151
255,151
256,151
257,151
258,151
259,151
260,151
261,151
262,150
263,150
264,151
265,151
266,151
267,151
268,151
269,151
270,151
271,150
272,150
273,150
274,150
275,150
276,150
277,150
278,150
279,150
280,150
281,150
282,151
283,151
284,151
285,151
286,150
287,151
288,151
289,151
290,151
291,151
292,151
293,152
294,152
295,152
296,152
297,152
298,152
299,152
300,152
301,152
302,152
303,152
304,152
305,152
306,152
307,152
308,152
309,152
310,152
311,152
312,152
313,152
314,152
315,152
316,152
317,151
318,151
319,151
320,151
321,151
322,151
323,151
324,151
325,151
326,151
327,151
328,151
329,151
330,151
331,151
332,151
333,151
334,151
335,151
336,151
337,151
338,151
339,151
340,151
341,151
342,152
343,152
344,152
345,152
346,152
347,152
348,152
349,152
350,152
351,152
352,152
353,152
354,152
355,152
356,152
357,152
358,152
359,152
360,152
361,152
362,152
363,152
364,151
365,151
366,151
367,151
368,152
369,152
370,152
371,152
372,152
373,152
374,152
375,152
376,152
377,152
378,152
379,152
380,151
381,152
382,152
383,152
384,152
385,152
386,152
387,152
388,152
389,152
390,152
391,152
392,152
393,152
394,152
395,152
396,152
397,152
398,152
399,152
400,152
401,152
402,152
403,152
404,152
405,152
406,152
407,152
408,152
409,152
410,152
411,152
412,152
413,152
414,152
415,152
416,152
417,152
418,153
419,153
420,153
421,153
422,153
423,153
424,153
425,153
426,153
427,153
428,153
429,152
430,152
431,152
432,152
433,152
434,152
435,152
436,153
437,153
438,153
439,152
440,153
441,153
442,153
443,153
444,153
445,152
446,153
447,153
448,153
449,153
450,153
451,153
452,153
453,153
454,153
455,153
456,153
457,153
458,152
459,153
460,153
461,153
462,153
463,153
464,153
465,153
466,153
467,153
468,152
469,152
470,152
471,153
472,153
473,153
474,153
475,153
476,153
477,153
478,153
479,153
480,153
481,153
482,153
483,153
484,153
485,153
486,153
487,153
488,153
489,153
490,153
491,153
492,153
493,153
494,153
495,153
496,152
497,152
498,152
499,152
500,152
501,152
502,152
503,152
504,152
505,152
506,152
507,151
508,151
509,151
510,151
511,151
512,151
513,151
514,151
515,151
516,151
517,151
518,152
519,151
520,152
521,151
522,151
523,151
524,151
525,151
526,151
527,151
528,151
529,151
530,151
531,151
532,151
533,151
534,151
535,151
536,151
537,150
538,150
539,150
540,150
541,150
542,150
543,151
544,151
545,151
546,151
547,151
548,151
549,151
550,151
551,152
552,151
553,152
554,152
555,152
556,152
557,152
558,151
559,151
560,151
561,151
562,151
563,151
564,151
565,151
566,151
567,152
568,152
569,152
570,152
571,152
572,151
573,151
574,152
575,152
576,152
577,152
578,152
579,151
580,151
581,151
582,151
583,152
584,152
585,152
586,151
587,152
588,152
589,152
590,152
591,152
592,152
593,152
594,152
595,152
596,152
597,152
598,152
599,152
600,152
601,153
602,153
603,153
604,153
605,153
606,153
607,153
608,153
609,153
610,153
611,153
612,153
613,153
614,153
615,153
616,153
617,153
618,153
619,153
620,153
621,154
622,154
623,154
624,153
625,153
626,153
627,153
628,153
629,153
630,153
631,153
632,153
633,153
634,153
635,153
636,153
637,153
638,153
639,153
640,153
641,153
642,152
643,152
644,152
645,152
646,152
647,152
648,152
649,152
650,152
651,152
652,152
653,151
654,152
655,152
656,152
657,152
658,152
659,152
660,152
661,152
662,152
663,152
664,152
665,152
666,152
667,152
668,152
669,152
670,152
671,152
672,152
673,152
674,152
675,152
676,152
677,152
678,152
679,152
680,152
681,151
682,151
683,152
684,152
685,152
686,152
687,152
688,152
689,152
690,152
691,151
692,151
693,152
694,152
695,152
696,152
697,152
698,152
699,152
700,152
701,152
702,151
703,151
704,151
705,151
706,151
707,151
708,151
709,151
710,151
711,151
712,152
713,152
714,152
715,152
716,152
717,152
718,152
719,152
720,152
721,152
722,152
723,152
724,151
725,151
726,151
727,151
728,151
729,151
730,151
731,151
732,151
733,151
734,151
735,152
736,152
737,152
738,151
739,152
740,152
741,152
742,151
743,151
744,151
745,151
746,152
747,152
748,152
749,152
750,152
751,152
752,151
753,151
754,151
755,152
756,152
757,152
758,152
759,152
760,152
761,152
762,152
763,152
764,152
765,152
766,152
767,152
768,152
769,152
770,152
771,151
772,151
773,152
774,152
775,152
776,151
777,151
778,152
779,152
780,152
781,152
782,151
783,151
784,151
785,151
786,151
787,151
788,151
789,151
790,151
791,151
792,152
793,152
794,152
795,152
796,152
797,152
798,152
799,152
800,152
801,152
802,152
803,152
804,152
805,152
806,152
807,151
808,151
809,151
810,151
811,151
812,151
813,151
814,151
815,151
816,151
817,151
818,151
819,151
820,151
821,151
822,151
823,151
824,151
825,151
826,151
827,151
828,151
829,151
830,151
831,151
832,151
833,150
834,150
835,151
836,151
837,151
838,151
839,151
840,151
841,151
842,151
843,151
844,151
845,151
846,151
847,151
848,151
849,151
850,150
851,150
852,150
853,150
854,151
855,151
856,150
857,150
858,150
859,150
860,150
861,150
862,150
863,149
864,149
865,149
866,149
867,149
868,149
869,150
870,149
871,150
872,149
873,149
874,150
875,150
876,150
877,150
878,150
879,150
880,150
881,150
882,150
883,150
884,150
885,150
886,150
887,150
888,150
889,150
890,150
891,150
892,150
893,150
894,150
895,150
896,150
897,150
898,150
899,150
900,149
901,150
902,150
903,150
904,150
905,150
906,150
907,150
908,150
909,150
910,150
911,151
912,151
913,151
914,151
915,151
916,151
917,151
918,151
919,151
920,151
921,151
922,151
923,151
924,152
925,152
926,152
927,151
928,151
929,151
930,151
931,151
932,151
933,151
934,151
935,151
936,151
937,151
938,151
939,151
940,151
941,151
942,151
943,151
944,151
945,151
946,151
947,151
948,151
949,151
950,151
951,151
952,151
953,151
954,151
955,151
956,151
957,151
958,151
959,151
960,151
961,151
962,151
963,151
964,151
965,151
966,151
967,151
968,151
969,151
970,151
971,151
972,151
973,151
974,150
975,150
976,150
977,150
978,150
979,150
980,150
981,150
982,150
983,151
984,151
985,151
986,151
987,151
988,151
989,151
990,151
991,151
992,150
993,151
994,151
995,151
996,151
997,151
998,151
999,152
1000,152
1001,151
1002,151
1003,151
1004,151
1005,152
1006,151
1007,151
1008,151
1009,151
1010,151
1011,152
1012,151
1013,152
1014,152
1015,152
1016,152
1017,152
1018,152
1019,152
1020,152
1021,152
1022,152
1023,152
1024,152
1025,152
1026,152
1027,152
1028,152
1029,152
1030,152
1031,152
1032,152
1033,152
1034,152
1035,151
1036,151
1037,151
1038,151
1039,151
1040,151
1041,151
1042,151
1043,151
1044,151
1045,150
1046,151
1047,151
1048,151
1049,151
1050,151
1051,151
1052,151
1053,151
1054,151
1055,151
1056,151
1057,151
1058,151
1059,151
1060,151
1061,151
1062,151
1063,151
1064,151
1065,151
1066,151
1067,151
1068,151
1069,151
1070,151
1071,151
1072,151
1073,151
1074,150
1075,150
1076,150
1077,150
1078,150
1079,150
1080,150
1081,151
1082,150
1083,150
1084,150
1085,150
1086,150
1087,150
1088,150
1089,150
1090,150
1091,150
1092,150
1093,150
1094,150
1095,150
1096,150
1097,150
1098,150
1099,150
1100,150
1101,150
1102,150
1103,150
1104,151
1105,150
1106,150
1107,151
1108,151
1109,151
1110,151
1111,151
1112,151
1113,151
1114,150
1115,150
1116,151
1117,151
1118,151
1119,151
1120,151
1121,151
1122,151
1123,151
1124,151
1125,150
1126,150
1127,151
1128,151
1129,150
1130,151
1131,151
1132,151
1133,151
1134,151
1135,151
1136,151
1137,151
1138,151
1139,151
1140,151
1141,151
1142,151
1143,151
1144,151
1145,151
1146,151
1147,150
1148,151
1149,151
1150,151
1151,150
1152,150
1153,151
1154,150
1155,151
1156,151
1157,151
1158,151
1159,151
1160,151
1161,151
1162,151
1163,151
1164,151
1165,151
1166,151
1167,151
1168,151
1169,151
1170,151
1171,151
1172,151
1173,151
1174,151
1175,150
1176,150
1177,150
1178,150
1179,150
1180,150
1181,150
1182,150
1183,150
1184,150
1185,150
1186,150
1187,150
1188,150
1189,150
1190,150
1191,151
1192,151
1193,151
1194,151
1195,151
1196,151
1197,151
1198,151
1199,151
1200,151
1201,151
1202,151
1203,150
1204,150
1205,150
1206,151
1207,151
1208,151
1209,150
1210,150
1211,150
1212,150
1213,150
1214,150
1215,150
1216,151
1217,150
1218,151
1219,151
1220,151
1221,150
1222,150
1223,150
1224,150
1225,150
1226,150
1227,150
1228,150
1229,150
1230,150
1231,150
1232,150
1233,149
1234,149
1235,149
1236,149
1237,149
1238,149
1239,149
1240,149
1241,149
1242,149
1243,149
1244,149
1245,149
1246,149
1247,149
1248,149
1249,149
1250,149
1251,149
1252,149
1253,149
1254,149
1255,149
1256,149
1257,149
1258,149
1259,149
1260,149
1261,149
1262,149
1263,149
1264,149
1265,149
1266,149
1267,149
1268,149
1269,149
1270,149
1271,149
1272,148
1273,149
1274,149
1275,149
1276,149
1277,148
1278,148
1279,148
1280,149
1281,149
1282,149
1283,149
1284,149
1285,148
1286,149
1287,149
1288,149
1289,149
1290,148
1291,149
1292,149
1293,149
1294,149
1295,149
1296,149
1297,149
1298,149
1299,149
1300,149
1301,149
1302,149
1303,149
1304,149
1305,149
1306,149
1307,149
1308,149
1309,149
1310,149
1311,149
1312,149
1313,149
1314,149
1315,150
1316,150
1317,150
1318,150
1319,150
1320,150
1321,150
1322,150
1323,150
1324,150
1325,150
1326,150
1327,150
1328,150
1329,150
1330,149
1331,149
1332,150
1333,150
1334,150
1335,150
1336,150
1337,150
1338,150
1339,150
1340,150
1341,150
1342,150
1343,150
1344,150
1345,150
1346,150
1347,150
1348,150
1349,149
1350,149
1351,149
1352,149
1353,149
1354,149
1355,149
1356,149
1357,149
1358,149
1359,149
1360,149
1361,149
1362,149
1363,149
1364,149
1365,149
1366,149
1367,149
1368,149
1369,149
1370,149
1371,149
1372,149
1373,149
1374,149
1375,149
1376,149
1377,149
1378,149
1379,149
1380,149
1381,149
1382,149
1383,149
1384,149
1385,149
1386,149
1387,149
1388,149
1389,149
1390,149
1391,149
1392,149
1393,149
1394,149
1395,149
1396,149
1397,149
1398,149
1399,149
1400,149
1401,149
1402,149
1403,149
1404,149
1405,149
1406,149
1407,149
1408,149
1409,149
1410,149
1411,149
1412,148
1413,148
1414,149
1415,149
1416,149
1417,149
1418,149
1419,149
1420,149
1421,149
1422,149
1423,149
1424,149
1425,149
1426,149
1427,149
1428,149
1429,149
1430,149
1431,149
1432,148
1433,148
1434,149
1435,149
1436,149
1437,149
1438,149
1439,149
1440,149
1441,149
1442,149
1443,149
1444,149
1445,149
1446,149
1447,149
1448,150
1449,150
1450,150
1451,150
1452,150
1453,149
1454,150
1455,150
1456,150
1457,150
1458,150
1459,150
1460,149
1461,150
1462,150
1463,150
1464,150
1465,150
1466,150
1467,150
1468,150
1469,150
1470,150
1471,150
1472,150
1473,150
1474,150
1475,150
1476,150
1477,150
1478,150
1479,150
1480,149
1481,150
1482,149
1483,149
1484,149
1485,149
1486,149
1487,150
1488,149
1489,149
1490,149
1491,149
1492,149
1493,149
1494,149
1495,149
1496,149
1497,149
1498,149
1499,149
1500,149
1501,149
1502,149
1503,149
1504,149
1505,149
1506,149
1507,149
1508,149
1509,149
1510,149
1511,149
1512,149
1513,149
1514,149
1515,149
1516,149
1517,149
1518,149
1519,149
1520,149
1521,149
1522,149
1523,149
1524,149
1525,149
1526,149
1527,149
1528,149
1529,149
1530,149
1531,149
1532,149
1533,149
1534,149
1535,148
1536,148
1537,148
1538,148
1539,148
1540,148
1541,148
1542,148
1543,148
1544,148
1545,147
1546,147
1547,147
1548,147
1549,147
1550,147
1551,147
1552,147
1553,147
1554,147
1555,147
1556,147
1557,147
1558,147
1559,147
1560,147
1561,147
1562,147
1563,147
1564,148
1565,148
1566,148
1567,148
1568,148
1569,148
1570,148
1571,148
1572,148
1573,148
1574,148
1575,148
1576,148
1577,148
1578,148
1579,148
1580,148
1581,148
1582,148
1583,148
1584,149
1585,149
1586,149
1587,149
1588,149
1589,149
1590,149
1591,149
1592,149
1593,149
1594,149
1595,149
1596,149
1597,149
1598,149
1599,149
1600,149
1601,149
1602,149
1603,149
1604,149
1605,149
1606,148
1607,148
1608,148
1609,149
1610,149
1611,149
1612,149
1613,149
1614,149
1615,149
1616,149
1617,149
1618,149
1619,149
1620,149
1621,149
1622,149
1623,149
1624,149
1625,149
1626,149
1627,149
1628,149
1629,149
1630,149
1631,149
1632,149
1633,149
1634,149
1635,149
1636,148
1637,149
1638,149
1639,149
1640,149
1641,149
1642,149
1643,149
1644,149
1645,149
1646,149
1647,149
1648,149
1649,149
1650,149
1651,149
1652,149
1653,149
1654,149
1655,149
1656,149
1657,149
1658,149
1659,149
1660,149
1661,149
1662,149
1663,149
1664,149
1665,149
1666,149
1667,150
1668,150
1669,150
1670,150
1671,150
1672,150
1673,150
1674,150
1675,150
1676,150
1677,150
1678,150
1679,150
1680,150
1681,150
1682,150
1683,150
1684,150
1685,150
1686,150
1687,150
1688,150
1689,150
1690,150
1691,149
1692,149
1693,149
1694,149
1695,149
1696,149
1697,149
1698,149
1699,149
1700,149
1701,150
1702,150
1703,150
1704,150
1705,150
1706,150
1707,149
1708,149
1709,150
1710,150
1711,150
1712,150
1713,150
1714,150
1715,150
1716,150
1717,150
1718,150
1719,150
1720,150
1721,150
1722,150
1723,150
1724,150
1725,150
1726,150
1727,150
1728,150
1729,150
1730,150
1731,150
1732,150
1733,150
1734,150
1735,150
1736,150
1737,149
1738,149
1739,149
1740,149
1741,149
1742,149
1743,149
1744,149
1745,149
1746,149
1747,148
1748,148
1749,148
1750,148
1751,148
1752,149
1753,148
1754,148
1755,148
1756,148
1757,148
1758,149
1759,149
1760,149
1761,149
1762,149
1763,149
1764,149
1765,149
1766,149
1767,149
1768,149
1769,149
1770,149
1771,149
1772,149
1773,149
1774,149
1775,149
1776,149
1777,149
1778,149
1779,149
1780,149
1781,149
1782,149
1783,149
1784,149
1785,149
1786,148
1787,148
1788,148
1789,148
1790,148
1791,148
1792,148
1793,149
1794,149
1795,149
1796,149
1797,149
1798,149
1799,149
1800,149
1801,149
1802,149
1803,149
1804,149
1805,149
1806,149
1807,149
1808,149
1809,149
1810,149
1811,149
1812,149
1813,149
1814,149
1815,149
1816,149
1817,149
1818,149
1819,149
1820,149
1821,149
1822,149
1823,149
1824,149
1825,150
1826,150
1827,150
1828,150
1829,150
1830,150
1831,150
1832,150
1833,150
1834,150
1835,150
1836,150
1837,150
1838,150
1839,150
1840,150
1841,150
1842,150
1843,150
1844,150
1845,150
1846,150
1847,150
1848,150
1849,150
1850,150
1851,150
1852,150
1853,150
1854,150
1855,150
1856,150
1857,150
1858,150
1859,150
1860,150
1861,150
1862,150
1863,150
1864,150
1865,150
1866,150
1867,150
1868,150
1869,150
1870,150
1871,151
1872,151
1873,151
1874,151
1875,150
1876,151
1877,151
1878,151
1879,151
1880,151
1881,151
1882,151
1883,151
1884,151
1885,151
1886,151
1887,151
1888,151
1889,151
1890,151
1891,151
1892,151
1893,151
1894,151
1895,151
1896,151
1897,151
1898,151
1899,151
1900,151
1901,151
1902,151
1903,151
1904,151
1905,150
1906,150
1907,150
1908,150
1909,150
1910,151
1911,151
1912,151
1913,151
1914,151
1915,151
1916,151
1917,151
1918,151
1919,151
1920,151
1921,151
1922,151
1923,151
1924,151
1925,151
1926,151
1927,151
1928,151
1929,151
1930,151
1931,151
1932,151
1933,151
1934,151
1935,151
1936,151
1937,151
1938,151
1939,151
1940,151
1941,151
1942,151
1943,151
1944,151
1945,151
1946,150
1947,150
1948,150
1949,151
1950,151
1951,151
1952,151
1953,151
1954,151
1955,151
1956,151
1957,151
1958,151
1959,151
1960,151
1961,152
1962,152
1963,152
1964,152
1965,152
1966,152
1967,152
1968,152
1969,152
1970,152
1971,152
1972,152
1973,152
1974,152
1975,153
1976,153
1977,153
1978,153
1979,153
1980,153
1981,153
1982,153
1983,153
1984,153
1985,153
1986,153
1987,153
1988,153
1989,153
1990,153
1991,153
1992,153
1993,153
1994,154
1995,154
1996,154
1997,153
1998,153
1999,153
2000,153
2001,153
2002,153
2003,153
2004,153
2005,153
2006,154
2007,154
2008,154
2009,154
2010,154
2011,154
2012,154
2013,154
2014,155
2015,155
2016,155
2017,155
2018,155
2019,155
2020,155
2021,155
2022,155
2023,155
2024,155
2025,155
2026,155
2027,155
2028,155
2029,155
2030,155
2031,154
2032,155
2033,154
2034,155
2035,155
2036,154
2037,155
2038,155
2039,155
2040,155
2041,155
2042,155
2043,155
2044,155
2045,155
2046,155
2047,155
2048,155
2049,154
2050,154
2051,155
2052,155
2053,155
2054,155
2055,155
2056,155
2057,155
2058,154
2059,154
2060,154
2061,154
2062,154
2063,154
2064,154
2065,154
2066,154
2067,154
2068,154
2069,154
2070,154
2071,154
2072,154
2073,154
2074,153
2075,154
2076,153
2077,153
2078,153
2079,153
2080,153
2081,153
2082,153
2083,153
2084,153
2085,153
2086,153
2087,153
2088,153
2089,152
2090,152
2091,152
2092,152
2093,152
2094,152
2095,153
2096,153
2097,153
2098,153
2099,153
2100,153
2101,153
2102,153
2103,153
2104,153
2105,153
2106,153
2107,153
2108,153
2109,153
2110,153
2111,153
2112,153
2113,153
2114,153
2115,153
2116,152
2117,153
2118,152
2119,152
2120,152
2121,152
2122,152
2123,152
2124,152
2125,152
2126,152
2127,152
2128,152
2129,152
2130,152
2131,152
2132,152
2133,152
2134,152
2135,152
2136,153
2137,153
2138,153
2139,153
2140,153
2141,153
2142,153
2143,153
2144,153
2145,153
2146,153
2147,152
2148,152
2149,152
2150,153
2151,153
2152,153
2153,153
2154,153
2155,153
2156,153
2157,153
2158,153
2159,153
2160,153
2161,153
2162,153
2163,153
2164,153
2165,153
2166,153
2167,153
2168,152
2169,153
2170,153
2171,153
2172,153
2173,153
2174,153
2175,153
2176,153
2177,153
2178,153
2179,153
2180,153
2181,153
2182,153
2183,153
2184,153
2185,153
2186,153
2187,152
2188,153
2189,153
2190,153
2191,152
2192,152
2193,152
2194,152
2195,152
2196,152
2197,153
2198,153
2199,153
2200,153
2201,153
2202,152
2203,153
2204,152
2205,152
2206,153
2207,153
2208,153
2209,152
2210,153
2211,153
2212,153
2213,153
2214,152
2215,152
2216,152
2217,153
2218,153
2219,153
2220,153
2221,153
2222,153
2223,153
2224,153
2225,153
2226,153
2227,153
2228,153
2229,153
2230,153
2231,153
2232,153
2233,153
2234,153
2235,153
2236,153
2237,153
2238,153
2239,153
2240,153
2241,153
2242,153
2243,153
2244,153
2245,153
2246,153
2247,153
2248,153
2249,153
2250,153
2251,153
2252,153
2253,153
2254,153
2255,153
2256,153
2257,153
2258,153
2259,153
2260,153
2261,153
2262,154
2263,154
2264,154
2265,154
2266,154
2267,154
2268,154
2269,154
2270,154
2271,153
2272,153
2273,154
2274,154
2275,154
2276,154
2277,154
2278,154
2279,154
2280,154
2281,154
2282,154
2283,154
2284,154
2285,154
2286,154
2287,154
2288,154
2289,154
2290,154
2291,154
2292,154
2293,154
2294,154
2295,154
2296,153
2297,153
2298,153
2299,153
2300,153
2301,153
2302,153
2303,153
2304,153
2305,153
2306,153
2307,153
2308,153
2309,154
2310,153
2311,153
2312,153
2313,153
2314,153
2315,153
2316,153
2317,153
2318,153
2319,153
2320,153
2321,153
2322,153
2323,153
2324,153
2325,153
2326,153
2327,153
2328,153
2329,153
2330,153
2331,153
2332,152
2333,152
2334,152
2335,152
2336,152
2337,152
2338,152
2339,152
2340,152
2341,152
2342,152
2343,152
2344,152
2345,152
2346,152
2347,151
2348,152
2349,152
2350,152
2351,152
2352,152
2353,152
2354,152
2355,151
2356,151
2357,151
2358,151
2359,151
2360,152
2361,152
2362,152
2363,152
2364,152
2365,152
2366,152
2367,152
2368,152
2369,152
2370,152
2371,152
2372,152
2373,152
2374,152
2375,152
2376,152
2377,152
2378,152
2379,152
2380,152
2381,152
2382,152
2383,152
2384,152
2385,152
2386,152
2387,152
2388,152
2389,152
2390,152
2391,152
2392,152
2393,152
2394,152
2395,152
2396,152
2397,152
2398,152
2399,152
2400,152
2401,152
2402,153
2403,153
2404,152
2405,152
2406,152
2407,153
2408,153
2409,152
2410,153
2411,153
2412,153
2413,153
2414,153
2415,153
2416,153
2417,153
2418,153
2419,153
2420,153
2421,153
2422,153
2423,153
2424,153
2425,153
2426,153
2427,153
2428,153
2429,153
2430,153
2431,153
2432,153
2433,153
2434,153
2435,153
2436,153
2437,153
2438,153
2439,153
2440,153
2441,153
2442,153
2443,154
2444,153
2445,154
2446,154
2447,154
2448,153
2449,153
2450,153
2451,154
2452,154
2453,154
2454,154
2455,154
2456,154
2457,154
2458,154
2459,153
2460,153
2461,153
2462,153
2463,154
2464,154
2465,154
2466,154
2467,154
2468,153
2469,153
2470,153
2471,153
2472,153
2473,153
2474,153
2475,153
2476,153
2477,153
2478,154
2479,154
2480,154
2481,154
2482,154
2483,154
2484,154
2485,154
2486,154
2487,154
2488,154
2489,154
2490,154
2491,154
2492,154
2493,154
2494,153
2495,153
2496,153
2497,153
2498,153
2499,153
2500,154
2501,154
2502,154
2503,154
2504,154
2505,154
2506,154
2507,153
2508,153
2509,154
2510,154
2511,154
2512,154
2513,154
2514,154
2515,154
2516,154
2517,154
2518,154
2519,154
2520,154
2521,154
2522,154
2523,154
2524,154
2525,154
2526,154
2527,154
2528,154
2529,154
2530,154
2531,154
2532,154
2533,154
2534,154
2535,154
2536,154
2537,154
2538,154
2539,154
2540,154
2541,154
2542,154
2543,154
2544,155
2545,155
2546,155
2547,155
2548,154
2549,154
2550,154
2551,155
2552,154
2553,155
2554,154
2555,155
2556,155
2557,155
2558,155
2559,155
2560,155
2561,155
2562,154
2563,154
2564,154
2565,154
2566,154
2567,154
2568,154
2569,154
2570,154
2571,154
2572,154
2573,154
2574,154
2575,154
2576,154
2577,154
2578,154
2579,154
2580,154
2581,154
2582,154
2583,154
2584,154
2585,154
2586,154
2587,154
2588,154
2589,154
2590,154
2591,154
2592,154
2593,153
2594,153
2595,153
2596,154
2597,154
2598,154
2599,154
2600,154
2601,153
2602,154
2603,154
2604,154
2605,154
2606,154
2607,154
2608,154
2609,154
2610,154
2611,154
2612,154
2613,154
2614,155
2615,155
2616,155
2617,155
2618,155
2619,155
2620,155
2621,154
2622,155
2623,155
2624,155
2625,155
2626,155
2627,155
2628,155
2629,155
2630,154
2631,154
2632,154
2633,154
2634,154
2635,154
2636,154
2637,154
2638,154
2639,154
2640,154
2641,154
2642,154
2643,154
2644,153
2645,153
2646,154
2647,154
2648,154
2649,154
2650,153
2651,153
2652,153
2653,154
2654,154
2655,154
2656,154
2657,154
2658,154
2659,154
2660,153
2661,153
2662,153
2663,153
2664,153
2665,153
2666,153
2667,153
2668,153
2669,153
2670,153
2671,153
2672,153
2673,152
2674,152
2675,153
2676,153
2677,153
2678,153
2679,152
2680,152
2681,152
2682,153
2683,153
2684,153
2685,153
2686,153
2687,153
2688,153
2689,153
2690,153
2691,153
2692,153
2693,153
2694,153
2695,153
2696,152
2697,152
2698,152
2699,153
2700,153
2701,153
2702,153
2703,152
2704,153
2705,153
2706,153
2707,153
2708,153
2709,153
2710,153
2711,153
2712,153
2713,153
2714,153
2715,153
2716,153
2717,153
2718,153
2719,153
2720,153
2721,153
2722,153
2723,153
2724,153
2725,153
2726,153
2727,153
2728,153
2729,152
2730,153
2731,153
2732,153
2733,152
2734,152
2735,152
2736,152
2737,152
2738,152
2739,152
2740,152
2741,153
2742,152
2743,152
2744,152
2745,153
2746,153
2747,153
2748,153
2749,153
2750,153
2751,152
2752,152
2753,153
2754,153
2755,153
2756,153
2757,153
2758,153
2759,153
2760,153
2761,153
2762,153
2763,153
2764,153
2765,153
2766,153
2767,153
2768,153
2769,153
2770,153
2771,153
2772,153
2773,153
2774,153
2775,153
2776,152
2777,152
2778,153
2779,152
2780,152
2781,152
2782,152
2783,152
2784,152
2785,153
2786,152
2787,152
2788,152
2789,152
2790,152
2791,152
2792,152
2793,152
2794,152
2795,152
2796,152
2797,152
2798,152
2799,152
2800,152
2801,152
2802,152
2803,152
2804,152
2805,152
2806,152
2807,152
2808,152
2809,152
2810,152
2811,152
2812,152
2813,152
2814,152
2815,152
2816,152
2817,152
2818,152
2819,152
2820,152
2821,151
2822,151
2823,151
2824,151
2825,151
2826,152
2827,151
2828,152
2829,152
2830,152
2831,151
2832,151
2833,152
2834,152
2835,151
2836,151
2837,151
2838,151
2839,151
2840,151
2841,151
2842,151
2843,151
2844,151
2845,151
2846,151
2847,151
2848,151
2849,151
2850,151
2851,151
2852,150
2853,150
2854,150
2855,150
2856,150
2857,150
2858,150
2859,150
2860,151
2861,150
2862,150
2863,151
2864,150
2865,150
2866,151
2867,151
2868,151
2869,151
2870,151
2871,151
2872,151
2873,151
2874,151
2875,151
2876,150
2877,150
2878,150
2879,151
2880,151
2881,151
2882,151
2883,151
2884,151
2885,151
2886,150
2887,150
2888,150
2889,151
2890,151
2891,151
2892,151
2893,151
2894,151
2895,151
2896,151
2897,151
2898,151
2899,151
2900,151
2901,151
2902,151
2903,151
2904,151
2905,151
2906,150
2907,151
2908,150
2909,151
2910,151
2911,150
2912,151
2913,151
2914,151
2915,151
2916,151
2917,151
2918,151
2919,151
2920,151
2921,151
2922,151
2923,151
2924,152
2925,152
2926,151
2927,151
2928,151
2929,152
2930,152
2931,152
2932,152
2933,152
2934,151
2935,151
2936,151
2937,151
2938,151
2939,151
2940,151
2941,151
2942,151
2943,151
2944,151
2945,150
2946,151
2947,151
2948,151
2949,151
2950,151
2951,151
2952,151
2953,151
2954,151
2955,151
2956,151
2957,151
2958,151
2959,151
2960,151
2961,151
2962,151
2963,151
2964,151
2965,151
2966,151
2967,151
2968,151
2969,151
2970,151
2971,151
2972,151
2973,151
2974,151
2975,151
2976,151
2977,150
2978,151
2979,151
2980,151
2981,151
2982,151
2983,151
2984,151
2985,151
2986,151
2987,151
2988,151
2989,151
2990,151
2991,151
2992,150
2993,150
2994,150
2995,150
2996,150
2997,150
2998,150
2999,150
3000,150
3001,150
3002,150
3003,150
3004,150
3005,150
3006,150
3007,150
3008,150
3009,150
3010,150
3011,149
3012,150
3013,150
3014,150
3015,150
3016,150
3017,149
3018,150
3019,150
3020,150
3021,150
3022,150
3023,150
3024,150
3025,150
3026,150
3027,150
3028,150
3029,150
3030,150
3031,150
3032,150
3033,150
3034,150
3035,150
3036,150
3037,149
3038,149
3039,150
3040,150
3041,150
3042,150
3043,150
3044,150
3045,150
3046,150
3047,150
3048,150
3049,150
3050,150
3051,150
3052,150
3053,150
3054,150
3055,150
3056,150
3057,150
3058,150
3059,149
3060,149
3061,149
3062,149
3063,150
3064,150
3065,150
3066,150
3067,150
3068,150
3069,150
3070,150
3071,150
3072,150
3073,150
3074,150
3075,150
3076,150
3077,150
3078,150
3079,150
3080,150
3081,150
3082,150
3083,150
3084,150
3085,150
3086,150
3087,150
3088,150
3089,150
3090,150
3091,150
3092,150
3093,150
3094,149
3095,149
3096,149
3097,149
3098,149
3099,149
3100,149
3101,149
3102,149
3103,149
3104,149
3105,149
3106,149
3107,149
3108,149
3109,149
3110,149
3111,149
3112,149
3113,149
3114,149
3115,149
3116,150
3117,150
3118,150
3119,150
3120,150
3121,149
3122,150
3123,150
3124,150
3125,150
3126,150
3127,150
3128,150
3129,150
3130,150
3131,150
3132,150
3133,150
3134,150
3135,150
3136,150
3137,149
3138,149
3139,150
3140,150
3141,150
3142,150
3143,150
3144,150
3145,150
3146,150
3147,150
3148,150
3149,150
3150,150
3151,150
3152,150
3153,150
3154,150
3155,150
3156,150
3157,150
3158,150
3159,150
3160,150
3161,150
3162,149
3163,149
3164,149
3165,149
3166,149
3167,150
3168,150
3169,150
3170,150
3171,150
3172,150
3173,150
3174,150
3175,150
3176,150
3177,150
3178,150
3179,150
3180,150
3181,150
3182,150
3183,150
3184,150
3185,150
3186,150
3187,149
3188,149
3189,149
3190,149
3191,149
3192,149
3193,149
3194,149
3195,149
3196,150
3197,150
3198,149
3199,149
3200,149
3201,149
3202,149
3203,149
3204,149
3205,150
3206,150
3207,150
3208,150
3209,150
3210,150
3211,150
3212,150
3213,150
3214,150
3215,150
3216,150
3217,150
3218,149
3219,149
3220,149
3221,149
3222,149
3223,149
3224,149
3225,148
3226,149
3227,148
3228,148
3229,148
3230,148
3231,149
3232,149
3233,149
3234,149
3235,149
3236,149
3237,149
3238,149
3239,149
3240,148
3241,148
3242,148
3243,149
3244,149
3245,149
3246,148
3247,148
3248,148
3249,149
3250,149
3251,149
3252,149
3253,149
3254,149
3255,149
3256,149
3257,149
3258,149
3259,149
3260,149
3261,150
3262,150
3263,150
3264,150
3265,150
3266,150
3267,149
3268,150
3269,150
3270,150
3271,150
3272,150
3273,150
3274,150
3275,150
3276,150
3277,150
3278,150
3279,150
3280,150
3281,150
3282,150
3283,150
3284,150
3285,150
3286,150
3287,149
3288,150
3289,150
3290,149
3291,150
3292,150
3293,150
3294,150
3295,150
3296,150
3297,150
3298,150
3299,150
3300,150
3301,150
3302,150
3303,150
3304,150
3305,150
3306,149
3307,149
3308,149
3309,149
3310,149
3311,149
3312,149
3313,149
3314,149
3315,149
3316,149
3317,149
3318,149
3319,149
3320,149
3321,149
3322,149
3323,149
3324,149
3325,149
3326,149
3327,149
3328,149
3329,149
3330,149
3331,149
3332,149
3333,149
3334,149
3335,149
3336,149
3337,149
3338,149
3339,149
3340,149
3341,148
3342,148
3343,149
3344,149
3345,149
3346,149
3347,149
3348,149
3349,149
3350,149
3351,149
3352,149
3353,149
3354,149
3355,149
3356,149
3357,149
3358,150
3359,150
3360,149
3361,149
3362,149
3363,149
3364,149
3365,149
3366,149
3367,149
3368,149
3369,149
3370,149
3371,149
3372,149
3373,149
3374,149
3375,149
3376,149
3377,149
3378,149
3379,149
3380,149
3381,149
3382,149
3383,149
3384,149
3385,149
3386,148
3387,148
3388,148
3389,148
3390,148
3391,148
3392,148
3393,148
3394,148
3395,148
3396,149
3397,149
3398,149
3399,149
3400,149
3401,149
3402,149
3403,149
3404,149
3405,149
3406,149
3407,149
3408,149
3409,149
3410,149
3411,149
3412,148
3413,148
3414,149
3415,149
3416,148
3417,148
3418,148
3419,148
3420,148
3421,149
3422,149
3423,149
3424,149
3425,149
3426,149
3427,149
3428,149
3429,149
3430,149
3431,149
3432,149
3433,149
3434,149
3435,149
3436,149
3437,149
3438,149
3439,149
3440,149
3441,148
3442,149
3443,149
3444,149
3445,149
3446,149
3447,149
3448,149
3449,149
3450,148
3451,148
3452,148
3453,148
3454,148
3455,148
3456,148
3457,148
3458,148
3459,148
3460,148
3461,148
3462,148
3463,148
3464,148
3465,148
3466,148
3467,148
3468,148
3469,148
3470,148
3471,148
3472,148
3473,148
3474,148
3475,148
3476,148
3477,148
3478,148
3479,148
3480,148
3481,148
3482,148
3483,148
3484,148
3485,148
3486,148
3487,148
3488,148
3489,148
3490,148
3491,148
3492,148
3493,148
3494,148
3495,148
3496,148
3497,148
3498,148
3499,148
3500,148
3501,147
3502,147
3503,147
3504,147
3505,148
3506,148
3507,148
3508,148
3509,148
3510,148
3511,148
3512,148
3513,148
3514,148
3515,148
3516,148
3517,148
3518,148
3519,149
3520,149
3521,149
3522,148
3523,148
3524,149
3525,149
3526,149
3527,149
3528,149
3529,149
3530,149
3531,149
3532,149
3533,149
3534,149
3535,149
3536,149
3537,149
3538,149
3539,149
3540,149
3541,149
3542,149
3543,149
3544,149
3545,149
3546,149
3547,149
3548,150
3549,150
3550,150
3551,150
3552,150
3553,150
3554,150
3555,150
3556,150
3557,150
3558,150
3559,149
3560,150
3561,149
3562,149
3563,149
3564,150
3565,150
3566,150
3567,150
3568,150
3569,150
3570,150
3571,150
3572,150
3573,150
3574,150
3575,150
3576,150
3577,150
3578,150
3579,150
3580,150
3581,150
3582,150
3583,150
3584,150
3585,150
3586,150
3587,149
3588,150
3589,150
3590,150
3591,150
3592,150
3593,150
3594,150
3595,150
3596,150
3597,149
3598,149
3599,149
3600,149
3601,149
3602,149
3603,149
3604,149
3605,149
3606,149
3607,149
3608,149
3609,149
3610,148
3611,148
3612,148
3613,149
3614,149
3615,149
3616,149
3617,149
3618,149
3619,149
3620,149
3621,148
3622,148
3623,148
3624,148
3625,148
3626,148
3627,148
3628,148
3629,148
3630,148
3631,149
3632,149
3633,149
3634,149
3635,149
3636,149
3637,149
3638,149
3639,149
3640,149
3641,149
3642,149
3643,149
3644,149
3645,149
3646,149
3647,149
3648,149
3649,149
3650,149
3651,149
3652,149
3653,149
3654,149
3655,149
3656,149
3657,150
3658,150
3659,150
3660,150
3661,150
3662,150
3663,150
3664,150
3665,150
3666,150
3667,150
3668,150
3669,150
3670,150
3671,150
3672,150
3673,150
3674,150
3675,150
3676,150
3677,150
3678,150
3679,150
3680,150
3681,151
3682,151
3683,151
3684,151
3685,151
3686,151
3687,151
3688,151
3689,151
3690,151
3691,151
3692,151
3693,151
3694,151
3695,151
3696,151
3697,150
3698,151
3699,151
3700,151
3701,151
3702,151
3703,151
3704,151
3705,150
3706,150
3707,150
3708,150
3709,150
3710,150
3711,151
3712,151
3713,151
3714,151
3715,151
3716,151
3717,150
3718,150
3719,151
3720,151
3721,151
3722,150
3723,150
3724,150
3725,150
3726,151
3727,151
3728,151
3729,151
3730,151
3731,151
3732,151
3733,151
3734,151
3735,151
3736,151
3737,151
3738,151
3739,152
3740,152
3741,152
3742,152
3743,152
3744,152
3745,152
3746,152
3747,152
3748,152
3749,152
3750,152
3751,152
3752,152
3753,152
3754,152
3755,152
3756,152
3757,152
3758,151
3759,151
3760,151
3761,152
3762,152
3763,152
3764,152
3765,152
3766,152
3767,152
3768,152
3769,152
3770,152
3771,151
3772,152
3773,152
3774,152
3775,152
3776,152
3777,152
3778,152
3779,152
3780,152
3781,152
3782,152
3783,152
3784,152
3785,152
3786,152
3787,152
3788,152
3789,152
3790,152
3791,152
3792,152
3793,152
3794,152
3795,152
3796,152
3797,153
3798,153
3799,153
3800,153
3801,153
3802,152
3803,153
3804,153
3805,153
3806,152
3807,152
3808,152
3809,152
3810,152
3811,152
3812,152
3813,152
3814,152
3815,152
3816,152
3817,153
3818,153
3819,153
3820,153
3821,153
3822,152
3823,153
3824,153
3825,153
3826,153
3827,153
3828,153
3829,153
3830,153
3831,153
3832,153
3833,153
3834,153
3835,153
3836,153
3837,152
3838,152
3839,152
3840,152
3841,153
3842,153
3843,153
3844,152
3845,152
3846,153
3847,153
3848,153
3849,153
3850,153
3851,153
3852,153
3853,153
3854,153
3855,153
3856,153
3857,153
3858,153
3859,153
3860,153
3861,153
3862,153
3863,153
3864,153
3865,153
3866,153
3867,153
3868,153
3869,153
3870,153
3871,153
3872,153
3873,153
3874,153
3875,153
3876,152
3877,152
3878,152
3879,152
3880,152
3881,152
3882,152
3883,152
3884,152
3885,152
3886,152
3887,152
3888,152
3889,152
3890,152
3891,152
3892,152
3893,152
3894,152
3895,152
3896,152
3897,152
3898,152
3899,152
3900,152
3901,152
3902,153
3903,153
3904,153
3905,153
3906,153
3907,153
3908,153
3909,153
3910,153
3911,153
3912,153
3913,153
3914,153
3915,153
3916,153
3917,152
3918,152
3919,153
3920,153
3921,153
3922,152
3923,152
3924,152
3925,152
3926,152
3927,152
3928,152
3929,153
3930,153
3931,153
3932,153
3933,153
3934,153
3935,153
3936,152
3937,152
3938,152
3939,153
3940,152
3941,152
3942,152
3943,152
3944,152
3945,152
3946,152
3947,152
3948,152
3949,152
3950,152
3951,152
3952,152
3953,152
3954,151
3955,152
3956,152
3957,152
3958,152
3959,152
3960,152
3961,152
3962,152
3963,152
3964,152
3965,152
3966,152
3967,152
3968,152
3969,152
3970,152
3971,152
3972,152
3973,152
3974,152
3975,152
3976,152
3977,152
3978,152
3979,153
3980,153
3981,153
3982,153
3983,153
3984,153
3985,153
3986,153
3987,153
3988,153
3989,153
3990,153
3991,153
3992,153
3993,153
3994,153
3995,153
3996,153
3997,153
3998,153
3999,153
4000,153
4001,153
4002,152
4003,152
4004,152
4005,152
4006,152
4007,152
4008,152
4009,152
4010,152
4011,152
4012,152
4013,152
4014,152
4015,152
4016,152
4017,152
4018,152
4019,152
4020,152
4021,152
4022,152
4023,152
4024,152
4025,151
4026,151
4027,151
4028,151
4029,151
4030,151
4031,151
4032,151
4033,151
4034,151
4035,152
4036,152
4037,152
4038,152
4039,152
4040,152
4041,152
4042,152
4043,152
4044,152
4045,152
4046,152
4047,152
4048,152
4049,151
4050,151
4051,152
4052,152
4053,152
4054,152
4055,151
4056,152
4057,151
4058,151
4059,151
4060,151
4061,151
4062,151
4063,151
4064,151
4065,151
4066,151
4067,151
4068,151
4069,151
4070,150
4071,150
4072,151
4073,151
4074,150
4075,150
4076,150
4077,150
4078,150
4079,150
4080,150
4081,150
4082,150
4083,150
4084,150
4085,150
4086,151
4087,151
4088,151
4089,151
4090,151
4091,151
4092,151
4093,151
4094,150
4095,150
4096,150
4097,151
4098,150
4099,150
4100,150
4101,150
4102,150
4103,150
4104,150
4105,150
4106,150
4107,150
4108,150
4109,150
4110,150
4111,150
4112,150
4113,150
4114,150
4115,150
4116,150
4117,150
4118,150
4119,150
4120,150
4121,150
4122,150
4123,150
4124,150
4125,150
4126,150
4127,150
4128,150
4129,150
4130,150
4131,150
4132,150
4133,150
4134,150
4135,150
4136,150
4137,150
4138,150
4139,150
4140,150
4141,150
4142,150
4143,150
4144,150
4145,150
4146,149
4147,149
4148,149
4149,149
4150,149
4151,149
4152,149
4153,149
4154,149
4155,149
4156,149
4157,149
4158,150
4159,150
4160,150
4161,150
4162,150
4163,150
4164,150
4165,150
4166,150
4167,150
4168,150
4169,150
4170,150
4171,149
4172,149
4173,149
4174,149
4175,149
4176,149
4177,149
4178,150
4179,149
4180,149
4181,149
4182,149
4183,149
4184,149
4185,149
4186,149
4187,149
4188,149
4189,149
4190,149
4191,149
4192,149
4193,149
4194,149
4195,149
4196,150
4197,150
4198,150
4199,150
4200,150
4201,150
4202,150
4203,151
4204,150
4205,150
4206,151
4207,151
4208,151
4209,151
4210,151
4211,151
4212,151
4213,151
4214,151
4215,151
4216,151
4217,151
4218,151
4219,151
4220,151
4221,151
4222,151
4223,151
4224,151
4225,151
4226,151
4227,151
4228,151
4229,151
4230,151
4231,151
4232,151
4233,151
4234,151
4235,151
4236,151
4237,151
4238,152
4239,151
4240,152
4241,152
4242,152
4243,151
4244,151
4245,151
4246,151
4247,151
4248,151
4249,151
4250,152
4251,152
4252,152
4253,152
4254,152
4255,152
4256,152
4257,152
4258,152
4259,152
4260,152
4261,152
4262,152
4263,152
4264,152
4265,152
4266,152
4267,152
4268,152
4269,152
4270,152
4271,152
4272,152
4273,152
4274,153
4275,153
4276,153
4277,153
4278,152
4279,152
4280,153
4281,153
4282,153
4283,153
4284,153
4285,152
4286,153
4287,153
4288,153
4289,153
4290,153
4291,153
4292,153
4293,153
4294,153
4295,153
4296,153
4297,153
4298,153
4299,153
4300,153
4301,153
4302,153
4303,153
4304,153
4305,153
4306,153
4307,153
4308,153
4309,153
4310,153
4311,153
4312,153
4313,153
4314,153
4315,153
4316,153
4317,153
4318,153
4319,153
4320,153
4321,153
4322,153
4323,153
4324,153
4325,153
4326,153
4327,152
4328,152
4329,152
4330,152
4331,152
4332,152
4333,152
4334,152
4335,152
4336,152
4337,152
4338,152
4339,152
4340,152
4341,153
4342,153
4343,153
4344,153
4345,153
4346,153
4347,153
4348,153
4349,153
4350,153
4351,153
4352,153
4353,153
4354,153
4355,154
4356,154
4357,154
4358,154
4359,154
4360,154
4361,154
4362,154
4363,154
4364,153
4365,154
4366,154
4367,154
4368,154
4369,154
4370,154
4371,154
4372,154
4373,154
4374,154
4375,153
4376,153
4377,153
4378,153
4379,153
4380,153
4381,153
4382,153
4383,153
4384,153
4385,152
4386,152
4387,152
4388,153
4389,153
4390,153
4391,153
4392,153
4393,153
4394,153
4395,153
4396,153
4397,153
4398,153
4399,153
4400,153
4401,153
4402,153
4403,153
4404,153
4405,153
4406,153
4407,153
4408,153
4409,153
4410,153
4411,153
4412,153
4413,153
4414,153
4415,153
4416,153
4417,153
4418,153
4419,153
4420,152
4421,153
4422,153
4423,153
4424,153
4425,152
4426,152
4427,152
4428,152
4429,153
4430,153
4431,153
4432,153
4433,153
4434,153
4435,153
4436,153
4437,153
4438,153
4439,153
4440,153
4441,153
4442,152
4443,153
4444,153
4445,153
4446,153
4447,153
4448,153
4449,153
4450,153
4451,153
4452,153
4453,153
4454,153
4455,153
4456,153
4457,153
4458,153
4459,153
4460,154
4461,154
4462,154
4463,154
4464,154
4465,154
4466,154
4467,154
4468,154
4469,154
4470,154
4471,154
4472,154
4473,154
4474,154
4475,154
4476,154
4477,154
4478,154
4479,154
4480,154
4481,154
4482,154
4483,154
4484,154
4485,154
4486,154
4487,154
4488,154
4489,154
4490,154
4491,154
4492,154
4493,154
4494,154
4495,154
4496,154
4497,154
4498,154
4499,154
4500,154
4501,154
4502,154
4503,154
4504,154
4505,154
4506,154
4507,154
4508,154
4509,154
4510,154
4511,154
4512,154
4513,154
4514,153
4515,153
4516,153
4517,153
4518,153
4519,153
4520,153
4521,153
4522,153
4523,153
4524,153
4525,153
4526,153
4527,153
4528,153
4529,153
4530,153
4531,153
4532,153
4533,153
4534,153
4535,153
4536,153
4537,153
4538,153
4539,153
4540,153
4541,153
4542,153
4543,153
4544,153
4545,153
4546,153
4547,154
4548,153
4549,153
4550,153
4551,153
4552,153
4553,153
4554,153
4555,153
4556,153
4557,153
4558,153
4559,153
4560,153
4561,153
4562,153
4563,153
4564,154
4565,154
4566,154
4567,154
4568,154
4569,154
4570,154
4571,154
4572,154
4573,154
4574,154
4575,154
4576,154
4577,154
4578,154
4579,154
4580,154
4581,154
4582,154
4583,153
4584,154
4585,154
4586,154
4587,154
4588,154
4589,154
4590,153
4591,154
4592,153
4593,153
4594,153
4595,153
4596,153
4597,153
4598,154
4599,154
4600,154
4601,154
4602,154
4603,154
4604,154
4605,154
4606,154
4607,154
4608,154
4609,154
4610,154
4611,154
4612,154
4613,154
4614,154
4615,153
4616,154
4617,154
4618,154
4619,154
4620,154
4621,154
4622,154
4623,154
4624,154
4625,154
4626,153
4627,153
4628,153
4629,153
4630,153
4631,153
4632,153
4633,153
4634,153
4635,153
4636,154
4637,154
4638,154
4639,154
4640,154
4641,154
4642,154
4643,154
4644,154
4645,154
4646,154
4647,154
4648,154
4649,154
4650,154
4651,153
4652,154
4653,154
4654,154
4655,154
4656,154
4657,154
4658,153
4659,153
4660,153
4661,153
4662,153
4663,154
4664,154
4665,154
4666,154
4667,154
4668,154
4669,154
4670,154
4671,154
4672,154
4673,154
4674,154
4675,154
4676,154
4677,154
4678,154
4679,155
4680,155
4681,155
4682,155
4683,155
4684,155
4685,154
4686,154
4687,154
4688,154
4689,154
4690,154
4691,154
4692,154
4693,154
4694,154
4695,154
4696,154
4697,154
4698,154
4699,154
4700,154
4701,154
4702,154
4703,154
4704,154
4705,153
4706,153
4707,153
4708,153
4709,153
4710,153
4711,153
4712,154
4713,154
4714,153
4715,154
4716,154
4717,154
4718,154
4719,153
4720,154
4721,153
4722,153
4723,153
4724,153
4725,153
4726,153
4727,153
4728,153
4729,153
4730,153
4731,154
4732,154
4733,154
4734,154
4735,154
4736,154
4737,154
4738,153
4739,154
4740,154
4741,154
4742,153
4743,153
4744,153
4745,153
4746,153
4747,153
4748,153
4749,153
4750,153
4751,153
4752,153
4753,153
4754,153
4755,153
4756,152
4757,152
4758,152
4759,152
4760,152
4761,152
4762,152
4763,152
4764,152
4765,152
4766,152
4767,152
4768,152
4769,152
4770,152
4771,152
4772,152
4773,152
4774,152
4775,152
4776,152
4777,152
4778,152
4779,152
4780,152
4781,152
4782,152
4783,152
4784,152
4785,152
4786,152
4787,152
4788,152
4789,152
4790,152
4791,152
4792,152
4793,152
4794,152
4795,152
4796,152
4797,152
4798,152
4799,152
4800,152
4801,152
4802,152
4803,152
4804,152
4805,152
4806,152
4807,152
4808,152
4809,152
4810,152
4811,152
4812,152
4813,152
4814,152
4815,152
4816,152
4817,152
4818,152
4819,152
4820,152
4821,152
4822,152
4823,151
4824,151
4825,151
4826,152
4827,152
4828,152
4829,151
4830,151
4831,151
4832,151
4833,150
4834,151
4835,151
4836,151
4837,151
4838,151
4839,151
4840,151
4841,151
4842,151
4843,151
4844,151
4845,151
4846,151
4847,151
4848,151
4849,151
4850,151
4851,151
4852,151
4853,151
4854,151
4855,151
4856,151
4857,151
4858,151
4859,151
4860,151
4861,151
4862,151
4863,151
4864,151
4865,150
4866,150
4867,150
4868,150
4869,150
4870,150
4871,150
4872,150
4873,150
4874,150
4875,150
4876,150
4877,150
4878,151
4879,151
4880,151
4881,151
4882,151
4883,151
4884,151
4885,151
4886,152
4887,152
4888,151
4889,151
4890,151
4891,151
4892,151
4893,152
4894,151
4895,152
4896,152
4897,152
4898,152
4899,152
4900,152
4901,152
4902,152
4903,152
4904,152
4905,152
4906,152
4907,152
4908,152
4909,152
4910,152
4911,152
4912,151
4913,151
4914,151
4915,151
4916,151
4917,151
4918,151
4919,152
4920,152
4921,152
4922,152
4923,152
4924,152
4925,152
4926,152
4927,152
4928,152
4929,152
4930,152
4931,152
4932,152
4933,152
4934,152
4935,152
4936,152
4937,152
4938,152
4939,152
4940,152
4941,152
4942,152
4943,152
4944,152
4945,152
4946,152
4947,152
4948,152
4949,152
4950,152
4951,152
4952,152
4953,152
4954,152
4955,152
4956,152
4957,151
4958,151
4959,151
4960,151
4961,151
4962,151
4963,151
4964,152
4965,152
4966,152
4967,152
4968,152
4969,152
4970,152
4971,152
4972,152
4973,152
4974,152
4975,152
4976,153
4977,153
4978,152
4979,152
4980,152
4981,152
4982,152
4983,152
4984,152
4985,153
4986,152
4987,153
4988,153
4989,153
4990,152
4991,152
4992,152
4993,153
4994,152
4995,152
4996,153
4997,153
4998,153
4999,153
5000,153
5001,153
5002,153
5003,153
5004,153
5005,153
5006,152
5007,152
5008,153
5009,153
5010,152
5011,152
5012,152
5013,153
5014,153
5015,152
5016,152
5017,153
5018,152
5019,152
5020,152
5021,152
5022,152
5023,152
5024,152
5025,152
5026,152
5027,152
5028,152
5029,152
5030,152
5031,152
5032,152
5033,152
5034,152
5035,152
5036,152
5037,152
5038,152
5039,153
5040,153
5041,153
5042,153
5043,153
5044,152
5045,152
5046,152
5047,152
5048,152
5049,152
5050,152
5051,152
5052,152
5053,152
5054,152
5055,152
5056,152
5057,151
5058,151
5059,151
5060,151
5061,151
5062,151
5063,151
5064,150
5065,150
5066,150
5067,151
5068,151
5069,151
5070,151
5071,151
5072,151
5073,151
5074,151
5075,151
5076,151
5077,151
5078,151
5079,151
5080,151
5081,151
5082,151
5083,151
5084,151
5085,150
5086,150
5087,150
5088,150
5089,150
5090,150
5091,150
5092,150
5093,151
5094,150
5095,150
5096,151
5097,151
5098,151
5099,151
5100,151
5101,151
5102,151
5103,151
5104,151
5105,152
5106,151
5107,152
5108,151
5109,152
5110,151
5111,151
5112,151
5113,152
5114,152
5115,152
5116,152
5117,152
5118,152
5119,152
5120,152
5121,152
5122,152
5123,152
5124,152
5125,152
5126,152
5127,152
5128,152
5129,152
5130,152
5131,152
5132,152
5133,153
5134,153
5135,153
5136,153
5137,153
5138,153
5139,153
5140,153
5141,153
5142,153
5143,153
5144,153
5145,153
5146,153
5147,152
5148,153
5149,153
5150,153
5151,153
5152,153
5153,153
5154,153
5155,153
5156,153
5157,154
5158,154
5159,154
5160,154
5161,154
5162,154
5163,154
5164,154
5165,154
5166,154
5167,153
5168,153
5169,154
5170,154
5171,154
5172,154
5173,154
5174,154
5175,154
5176,154
5177,154
5178,154
5179,153
5180,153
5181,153
5182,153
5183,153
5184,153
5185,153
5186,153
5187,153
5188,154
5189,154
5190,154
5191,153
5192,153
5193,153
5194,154
5195,154
5196,154
5197,154
5198,154
5199,154
5200,154
5201,154
5202,154
5203,154
5204,154
5205,154
5206,154
5207,154
5208,154
5209,154
5210,154
5211,154
5212,154
5213,154
5214,154
5215,154
5216,154
5217,154
5218,154
5219,155
5220,155
5221,155
5222,155
5223,154
5224,154
5225,155
5226,155
5227,155
5228,155
5229,155
5230,155
5231,155
5232,155
5233,155
5234,155
5235,155
5236,155
5237,155
5238,155
5239,155
5240,155
5241,155
5242,155
5243,155
5244,155
5245,155
5246,155
5247,154
5248,154
5249,154
5250,154
5251,154
5252,154
5253,153
5254,154
5255,154
5256,154
5257,153
5258,153
5259,153
5260,154
5261,154
5262,154
5263,153
5264,153
5265,153
5266,153
5267,153
5268,153
5269,153
5270,153
5271,153
5272,154
5273,154
5274,154
5275,154
5276,153
5277,153
5278,154
5279,154
5280,154
5281,153
5282,153
5283,153
5284,153
5285,153
5286,153
5287,153
5288,154
5289,154
5290,154
5291,154
5292,154
5293,154
5294,154
5295,154
5296,154
5297,154
5298,154
5299,154
5300,155
5301,155
5302,155
5303,155
5304,155
5305,155
5306,155
5307,155
5308,155
5309,155
5310,155
5311,155
5312,155
5313,155
5314,155
5315,155
5316,155
5317,155
5318,155
5319,155
5320,155
5321,155
5322,155
5323,155
5324,155
5325,155
5326,155
5327,155
5328,155
5329,155
5330,155
5331,155
5332,155
5333,155
5334,155
5335,156
5336,156
5337,156
5338,156
5339,155
5340,155
5341,155
5342,155
5343,155
5344,155
5345,155
5346,155
5347,156
5348,155
5349,155
5350,155
5351,155
5352,155
5353,155
5354,155
5355,155
5356,156
5357,156
5358,156
5359,156
5360,156
5361,156
5362,156
5363,156
5364,156
5365,156
5366,156
5367,156
5368,156
5369,156
5370,156
5371,157
5372,157
5373,157
5374,157
5375,157
5376,157
5377,157
5378,157
5379,157
5380,157
5381,157
5382,157
5383,157
5384,157
5385,157
5386,157
5387,157
5388,157
5389,157
5390,157
5391,157
5392,157
5393,157
5394,157
5395,157
5396,157
5397,156
5398,156
5399,156
5400,156
5401,157
5402,157
5403,157
5404,157
5405,157
5406,157
5407,157
5408,157
5409,157
5410,157
5411,156
5412,156
5413,156
5414,156
5415,156
5416,157
5417,157
5418,157
5419,156
5420,156
5421,156
5422,157
5423,157
5424,157
5425,157
5426,157
5427,157
5428,157
5429,157
5430,157
5431,157
5432,157
5433,157
5434,156
5435,156
5436,156
5437,157
5438,157
5439,157
5440,157
5441,157
5442,157
5443,157
5444,156
5445,156
5446,157
5447,157
5448,156
5449,156
5450,156
5451,156
5452,157
5453,157
5454,157
5455,157
5456,157
5457,157
5458,157
5459,157
5460,156
5461,156
5462,156
5463,156
5464,156
5465,156
5466,156
5467,156
5468,156
5469,156
5470,156
5471,156
5472,156
5473,156
5474,156
5475,156
5476,156
5477,157
5478,156
5479,156
5480,156
5481,157
5482,157
5483,157
5484,157
5485,157
5486,157
5487,157
5488,157
5489,157
5490,157
5491,157
5492,157
5493,157
5494,157
5495,157
5496,157
5497,157
5498,157
5499,157
5500,157
5501,157
5502,158
5503,158
5504,158
5505,158
5506,158
5507,158
5508,158
5509,158
5510,158
5511,159
5512,159
5513,159
5514,159
5515,159
5516,159
5517,159
5518,159
5519,158
5520,158
5521,158
5522,158
5523,158
5524,158
5525,158
5526,158
5527,158
5528,158
5529,158
5530,158
5531,158
5532,158
5533,157
5534,157
5535,157
5536,157
5537,157
5538,157
5539,157
5540,157
5541,157
5542,157
5543,157
5544,157
5545,157
5546,157
5547,157
5548,157
5549,157
5550,157
5551,157
5552,157
5553,157
5554,157
5555,157
5556,157
5557,157
5558,157
5559,157
5560,157
5561,157
5562,158
5563,158
5564,158
5565,158
5566,158
5567,158
5568,158
5569,158
5570,158
5571,158
5572,158
5573,158
5574,158
5575,158
5576,158
5577,158
5578,158
5579,158
5580,158
5581,159
5582,159
5583,159
5584,159
5585,159
5586,159
5587,159
5588,159
5589,159
5590,159
5591,159
5592,159
5593,159
5594,159
5595,159
5596,159
5597,159
5598,159
5599,159
5600,159
5601,159
5602,159
5603,158
5604,158
5605,158
5606,158
5607,159
5608,159
5609,159
5610,159
5611,159
5612,159
5613,159
5614,159
5615,159
5616,159
5617,159
5618,159
5619,159
5620,159
5621,159
5622,159
5623,159
5624,159
5625,158
5626,159
5627,159
5628,159
5629,159
5630,159
5631,159
5632,159
5633,160
5634,160
5635,160
5636,160
5637,160
5638,159
5639,160
5640,159
5641,159
5642,159
5643,159
5644,159
5645,159
5646,159
5647,159
5648,159
5649,159
5650,159
5651,159
5652,159
5653,159
5654,159
5655,159
5656,159
5657,159
5658,159
5659,159
5660,159
5661,159
5662,159
5663,159
5664,159
5665,159
5666,159
5667,159
5668,158
5669,159
5670,159
5671,159
5672,159
5673,159
5674,159
5675,159
5676,159
5677,159
5678,159
5679,159
5680,159
5681,159
5682,159
5683,159
5684,159
5685,159
5686,159
5687,159
5688,159
5689,159
5690,159
5691,159
5692,159
5693,159
5694,159
5695,159
5696,159
5697,159
5698,159
5699,159
5700,159
5701,159
5702,159
5703,159
5704,159
5705,159
5706,159
5707,158
5708,158
5709,159
5710,159
5711,159
5712,159
5713,159
5714,159
5715,159
5716,159
5717,159
5718,159
5719,159
5720,159
5721,158
5722,159
5723,158
5724,158
5725,159
5726,159
5727,158
5728,159
5729,159
5730,159
5731,159
5732,159
5733,159
5734,159
5735,159
5736,159
5737,159
5738,159
5739,159
5740,159
5741,159
5742,159
5743,159
5744,159
5745,159
5746,159
5747,159
5748,159
5749,159
5750,159
5751,159
5752,159
5753,159
5754,159
5755,159
5756,159
5757,159
5758,159
5759,158
5760,158
5761,158
5762,159
5763,159
5764,158
5765,158
5766,159
5767,159
5768,159
5769,159
5770,159
5771,159
5772,159
5773,159
5774,159
5775,159
5776,159
5777,159
5778,159
5779,159
5780,159
5781,159
5782,159
5783,159
5784,159
5785,159
5786,159
5787,159
5788,159
5789,159
5790,159
5791,159
5792,159
5793,159
5794,159
5795,158
5796,158
5797,158
5798,158
5799,158
5800,158
5801,158
5802,158
5803,158
5804,158
5805,158
5806,158
5807,158
5808,158
5809,158
5810,158
5811,158
5812,158
5813,158
5814,158
5815,158
5816,158
5817,158
5818,158
5819,159
5820,159
5821,159
5822,159
5823,159
5824,159
5825,159
5826,159
5827,159
5828,159
5829,159
5830,159
5831,159
5832,159
5833,159
5834,159
5835,159
5836,160
5837,160
5838,160
5839,160
5840,160
5841,160
5842,160
5843,160
5844,159
5845,159
5846,159
5847,159
5848,159
5849,159
5850,159
5851,159
5852,159
5853,159
5854,160
5855,160
5856,160
5857,160
5858,160
5859,160
5860,160
5861,160
5862,160
5863,160
5864,160
5865,160
5866,160
5867,159
5868,160
5869,160
5870,160
5871,160
5872,160
5873,159
5874,160
5875,160
5876,160
5877,160
5878,160
5879,160
5880,160
5881,160
5882,160
5883,160
5884,160
5885,160
5886,160
5887,160
5888,160
5889,160
5890,160
5891,160
5892,160
5893,160
5894,160
5895,160
5896,160
5897,160
5898,159
5899,160
5900,160
5901,160
5902,160
5903,160
5904,160
5905,159
5906,160
5907,160
5908,159
5909,159
5910,160
5911,160
5912,160
5913,160
5914,160
5915,160
5916,160
5917,160
5918,160
5919,160
5920,160
5921,160
5922,160
5923,160
5924,160
5925,160
5926,160
5927,160
5928,160
5929,159
5930,160
5931,160
5932,160
5933,160
5934,160
5935,160
5936,160
5937,160
5938,160
5939,159
5940,159
5941,159
5942,159
5943,159
5944,159
5945,159
5946,159
5947,159
5948,159
5949,159
5950,158
5951,158
5952,159
5953,159
5954,159
5955,159
5956,159
5957,159
5958,159
5959,159
5960,159
5961,159
5962,158
5963,158
5964,158
5965,158
5966,158
5967,158
5968,158
5969,158
5970,158
5971,158
5972,158
5973,158
5974,158
5975,158
5976,158
5977,158
5978,158
5979,159
5980,159
5981,159
5982,159
5983,159
5984,159
5985,158
5986,158
5987,158
5988,159
5989,159
5990,159
5991,159
5992,159
5993,158
5994,159
5995,159
5996,159
5997,159
5998,159
5999,159
6000,158
6001,158
6002,158
6003,158
6004,158
6005,158
6006,158
6007,158
6008,158
6009,159
6010,159
6011,159
6012,159
6013,159
6014,159
6015,159
6016,159
6017,159
6018,159
6019,159
6020,159
6021,159
6022,159
6023,159
6024,158
6025,158
6026,158
6027,158
6028,158
6029,158
6030,158
6031,158
6032,158
6033,158
6034,158
6035,158
6036,158
6037,158
6038,158
6039,158
6040,158
6041,158
6042,158
6043,157
6044,158
6045,158
6046,158
6047,158
6048,158
6049,158
6050,158
6051,158
6052,158
6053,158
6054,158
6055,158
6056,158
6057,158
6058,158
6059,158
6060,158
6061,158
6062,158
6063,158
6064,158
6065,158
6066,157
6067,157
6068,158
6069,157
6070,158
6071,158
6072,158
6073,158
6074,158
6075,158
6076,158
6077,158
6078,158
6079,158
6080,158
6081,157
6082,157
6083,157
6084,157
6085,157
6086,157
6087,158
6088,158
6089,158
6090,158
6091,158
6092,158
6093,158
6094,158
6095,158
6096,158
6097,158
6098,158
6099,158
6100,158
6101,158
6102,158
6103,158
6104,158
6105,158
6106,158
6107,158
6108,157
6109,157
6110,158
6111,158
6112,158
6113,158
6114,158
6115,158
6116,158
6117,158
6118,158
6119,158
6120,158
6121,158
6122,158
6123,158
6124,158
6125,157
6126,158
6127,158
6128,158
6129,158
6130,158
6131,158
6132,158
6133,158
6134,158
6135,158
6136,159
6137,159
6138,159
6139,159
6140,159
6141,158
6142,158
6143,158
6144,158
6145,158
6146,158
6147,158
6148,158
6149,158
6150,158
6151,158
6152,158
6153,159
6154,159
6155,158
6156,158
6157,158
6158,158
6159,158
6160,158
6161,158
6162,158
6163,158
6164,158
6165,158
6166,158
6167,158
6168,158
6169,158
6170,158
6171,158
6172,158
6173,158
6174,158
6175,158
6176,158
6177,158
6178,158
6179,158
6180,159
6181,159
6182,159
6183,159
6184,159
6185,159
6186,159
6187,159
6188,159
6189,158
6190,158
6191,159
6192,159
6193,159
6194,159
6195,159
6196,159
6197,159
6198,159
6199,159
6200,159
6201,159
6202,159
6203,159
6204,159
6205,159
6206,159
6207,159
6208,159
6209,159
6210,159
6211,159
6212,159
6213,159
6214,159
6215,159
6216,159
6217,159
6218,159
6219,159
6220,159
6221,159
6222,159
6223,159
6224,159
6225,158
6226,158
6227,159
6228,159
6229,159
6230,159
6231,159
6232,159
6233,159
6234,159
6235,159
6236,159
6237,159
6238,159
6239,159
6240,159
6241,158
6242,159
6243,159
6244,159
6245,159
6246,159
6247,159
6248,159
6249,159
6250,159
6251,159
6252,159
6253,159
6254,159
6255,159
6256,159
6257,159
6258,159
6259,159
6260,159
6261,159
6262,159
6263,159
6264,159
6265,159
6266,159
6267,159
6268,159
6269,159
6270,159
6271,160
6272,160
6273,160
6274,160
6275,160
6276,160
6277,160
6278,160
6279,160
6280,160
6281,160
6282,160
6283,159
6284,159
6285,159
6286,160
6287,160
6288,160
6289,160
6290,160
6291,160
6292,160
6293,160
6294,160
6295,160
6296,159
6297,160
6298,160
6299,160
6300,160
6301,160
6302,159
6303,159
6304,159
6305,159
6306,159
6307,159
6308,159
6309,159
6310,159
6311,159
6312,159
6313,159
6314,158
6315,158
6316,158
6317,158
6318,158
6319,158
6320,158
6321,158
6322,158
6323,158
6324,158
6325,158
6326,158
6327,159
6328,159
6329,159
6330,159
6331,159
6332,158
6333,159
6334,159
6335,159
6336,159
6337,158
6338,159
6339,159
6340,159
6341,159
6342,159
6343,159
6344,159
6345,159
6346,159
6347,159
6348,159
6349,159
6350,159
6351,159
6352,159
6353,159
6354,159
6355,159
6356,159
6357,159
6358,159
6359,159
6360,159
6361,159
6362,159
6363,159
6364,158
6365,159
6366,159
6367,158
6368,159
6369,159
6370,159
6371,159
6372,159
6373,159
6374,159
6375,159
6376,159
6377,159
6378,159
6379,159
6380,159
6381,159
6382,159
6383,158
6384,159
6385,158
6386,158
6387,159
6388,159
6389,158
6390,158
6391,158
6392,159
6393,158
6394,159
6395,159
6396,159
6397,159
6398,159
6399,159
6400,159
6401,159
6402,159
6403,159
6404,159
6405,159
6406,159
6407,159
6408,159
6409,159
6410,159
6411,159
6412,159
6413,159
6414,159
6415,159
6416,159
6417,158
6418,158
6419,158
6420,158
6421,158
6422,158
6423,158
6424,158
6425,158
6426,158
6427,158
6428,158
6429,158
6430,158
6431,158
6432,158
6433,158
6434,158
6435,158
6436,158
6437,159
6438,159
6439,159
6440,159
6441,159
6442,160
6443,160
6444,160
6445,160
6446,160
6447,160
6448,160
6449,160
6450,160
6451,160
6452,160
6453,160
6454,160
6455,160
6456,160
6457,160
6458,160
6459,160
6460,160
6461,160
6462,160
6463,160
6464,160
6465,161
6466,161
6467,161
6468,161
6469,161
6470,161
6471,160
6472,161
6473,161
6474,161
6475,161
6476,161
6477,161
6478,161
6479,161
6480,161
6481,161
6482,161
6483,161
6484,161
6485,161
6486,161
6487,161
6488,161
6489,161
6490,161
6491,161
6492,161
6493,161
6494,161
6495,161
6496,161
6497,161
6498,161
6499,161
6500,161
6501,161
6502,161
6503,161
6504,161
6505,161
6506,160
6507,161
6508,161
6509,161
6510,161
6511,160
6512,160
6513,160
6514,160
6515,160
6516,161
6517,161
6518,161
6519,161
6520,161
6521,161
6522,161
6523,161
6524,161
6525,161
6526,161
6527,161
6528,161
6529,161
6530,162
6531,162
6532,162
6533,162
6534,162
6535,161
6536,162
6537,162
6538,162
6539,162
6540,162
6541,161
6542,161
6543,161
6544,161
6545,161
6546,161
6547,162
6548,162
6549,161
6550,161
6551,161
6552,161
6553,161
6554,161
6555,162
6556,162
6557,162
6558,161
6559,161
6560,162
6561,162
6562,162
6563,162
6564,162
6565,162
6566,162
6567,162
6568,162
6569,162
6570,162
6571,162
6572,161
6573,161
6574,161
6575,162
6576,162
6577,161
6578,161
6579,161
6580,161
6581,161
6582,161
6583,161
6584,161
6585,161
6586,162
6587,161
6588,161
6589,161
6590,161
6591,161
6592,161
6593,161
6594,161
6595,160
6596,160
6597,160
6598,161
6599,161
6600,161
6601,161
6602,161
6603,161
6604,161
6605,161
6606,161
6607,161
6608,161
6609,161
6610,160
6611,160
6612,160
6613,160
6614,161
6615,161
6616,161
6617,161
6618,161
6619,161
6620,162
6621,162
6622,162
6623,162
6624,162
6625,162
6626,162
6627,163
6628,163
6629,163
6630,162
6631,162
6632,162
6633,163
6634,162
6635,162
6636,162
6637,161
6638,161
6639,161
6640,161
6641,161
6642,160
6643,161
6644,161
6645,161
6646,161
6647,161
6648,161
6649,161
6650,161
6651,161
6652,161
6653,161
6654,161
6655,161
6656,160
6657,160
6658,160
6659,160
6660,160
6661,160
6662,160
6663,160
6664,161
6665,161
6666,161
6667,161
6668,161
6669,161
6670,161
6671,161
6672,161
6673,161
6674,161
6675,161
6676,161
6677,161
6678,161
6679,161
6680,161
6681,161
6682,160
6683,160
6684,161
6685,161
6686,161
6687,161
6688,161
6689,161
6690,161
6691,161
6692,161
6693,161
6694,161
6695,161
6696,160
6697,160
6698,160
6699,160
6700,160
6701,160
6702,161
6703,161
6704,160
6705,161
6706,161
6707,161
6708,162
6709,161
6710,161
6711,161
6712,161
6713,161
6714,161
6715,161
6716,161
6717,161
6718,161
6719,161
6720,161
6721,161
6722,161
6723,161
6724,161
6725,161
6726,161
6727,161
6728,160
6729,160
6730,160
6731,160
6732,160
6733,160
6734,160
6735,160
6736,160
6737,159
6738,160
6739,160
6740,160
6741,160
6742,159
6743,160
6744,160
6745,159
6746,159
6747,159
6748,159
6749,159
6750,159
6751,159
6752,159
6753,158
6754,157
6755,158
6756,158
6757,158
6758,158
6759,158
6760,158
6761,158
6762,158
6763,158
6764,158
6765,158
6766,158
6767,157
6768,157
6769,157
6770,157
6771,157
6772,157
6773,157
6774,157
6775,157
6776,157
6777,157
6778,157
6779,157
6780,157
6781,157
6782,158
6783,158
6784,158
6785,158
6786,158
6787,158
6788,158
6789,158
6790,158
6791,158
6792,158
6793,158
6794,158
6795,158
6796,158
6797,158
6798,157
6799,157
6800,157
6801,157
6802,157
6803,157
6804,157
6805,157
6806,157
6807,157
6808,157
6809,157
6810,157
6811,157
6812,157
6813,157
6814,157
6815,157
6816,157
6817,157
6818,157
6819,157
6820,157
6821,157
6822,157
6823,157
6824,157
6825,157
6826,157
6827,157
6828,157
6829,157
6830,157
6831,157
6832,157
6833,157
6834,157
6835,156
6836,156
6837,156
6838,157
6839,157
6840,157
6841,157
6842,157
6843,157
6844,157
6845,157
6846,157
6847,157
6848,157
6849,157
6850,157
6851,157
6852,156
6853,156
6854,156
6855,156
6856,156
6857,157
6858,156
6859,156
6860,156
6861,157
6862,157
6863,157
6864,157
6865,157
6866,156
6867,157
6868,156
6869,157
6870,157
6871,157
6872,157
6873,158
6874,157
6875,157
6876,158
6877,158
6878,158
6879,158
6880,158
6881,158
6882,158
6883,158
6884,158
6885,158
6886,158
6887,158
6888,158
6889,158
6890,158
6891,158
6892,158
6893,158
6894,159
6895,159
6896,159
6897,159
6898,159
6899,159
6900,159
6901,159
6902,159
6903,159
6904,159
6905,159
6906,159
6907,159
6908,159
6909,159
6910,159
6911,159
6912,159
6913,158
6914,158
6915,159
6916,159
6917,159
6918,158
6919,158
6920,158
6921,158
6922,158
6923,158
6924,158
6925,158
6926,158
6927,158
6928,158
6929,158
6930,158
6931,158
6932,158
6933,158
6934,158
6935,158
6936,158
6937,158
6938,158
6939,158
6940,158
6941,158
6942,158
6943,158
6944,158
6945,158
6946,158
6947,158
6948,158
6949,158
6950,158
6951,158
6952,158
6953,158
6954,158
6955,158
6956,158
6957,158
6958,158
6959,158
6960,158
6961,158
6962,158
6963,157
6964,157
6965,157
6966,157
6967,157
6968,157
6969,157
6970,157
6971,157
6972,157
6973,157
6974,157
6975,157
6976,157
6977,156
6978,156
6979,156
6980,156
6981,156
6982,156
6983,156
6984,156
6985,156
6986,156
6987,156
6988,156
6989,156
6990,156
6991,156
6992,156
6993,156
6994,156
6995,156
6996,156
6997,156
6998,156
6999,156
7000,156
7001,156
7002,156
7003,156
7004,156
7005,156
7006,156
7007,156
7008,156
7009,156
7010,156
7011,156
7012,156
7013,156
7014,156
7015,156
7016,156
7017,157
7018,156
7019,156
7020,157
7021,157
7022,157
7023,157
7024,157
7025,157
7026,157
7027,157
7028,157
7029,157
7030,157
7031,157
7032,157
7033,157
7034,157
7035,157
7036,157
7037,157
7038,157
7039,156
7040,156
7041,156
7042,156
7043,156
7044,156
7045,156
7046,156
7047,156
7048,157
7049,157
7050,156
7051,156
7052,157
7053,157
7054,157
7055,157
7056,157
7057,157
7058,157
7059,157
7060,157
7061,157
7062,157
7063,157
7064,157
7065,157
7066,157
7067,157
7068,157
7069,157
7070,157
7071,157
7072,157
7073,157
7074,157
7075,157
7076,156
7077,156
7078,156
7079,157
7080,156
7081,156
7082,156
7083,156
7084,156
7085,156
7086,155
7087,155
7088,155
7089,155
7090,155
7091,155
7092,155
7093,155
7094,155
7095,155
7096,155
7097,155
7098,155
7099,155
7100,155
7101,155
7102,156
7103,156
7104,156
7105,156
7106,155
7107,156
7108,156
7109,156
7110,156
7111,156
7112,156
7113,156
7114,156
7115,156
7116,156
7117,156
7118,155
7119,155
7120,155
7121,155
7122,156
7123,156
7124,156
7125,156
7126,155
7127,155
7128,156
7129,156
7130,155
7131,155
7132,156
7133,156
7134,156
7135,156
7136,156
7137,156
7138,156
7139,156
7140,156
7141,156
7142,156
7143,156
7144,156
7145,156
7146,156
7147,156
7148,156
7149,156
7150,156
7151,156
7152,156
7153,156
7154,156
7155,156
7156,156
7157,156
7158,156
7159,155
7160,156
7161,156
7162,156
7163,156
7164,157
7165,157
7166,157
7167,157
7168,157
7169,156
7170,156
7171,156
7172,156
7173,156
7174,156
7175,156
7176,156
7177,156
7178,156
7179,156
7180,156
7181,156
7182,156
7183,157
7184,157
7185,157
7186,157
7187,157
7188,157
7189,157
7190,157
7191,157
7192,157
7193,157
7194,157
7195,158
7196,158
7197,158
7198,158
7199,158
7200,158
7201,158
7202,158
7203,158
7204,158
7205,158
7206,158
7207,158
7208,158
7209,158
7210,158
7211,159
7212,159
7213,159
7214,159
7215,159
7216,159
7217,159
7218,159
7219,159
7220,159
7221,159
7222,159
7223,158
7224,159
7225,158
7226,159
7227,159
7228,158
7229,158
7230,158
7231,158
7232,158
7233,157
7234,157
7235,157
7236,157
7237,158
7238,158
7239,158
7240,158
7241,158
7242,157
7243,157
7244,158
7245,158
7246,158
7247,158
7248,158
7249,158
7250,158
7251,157
7252,157
7253,157
7254,157
7255,158
7256,158
7257,158
7258,157
7259,158
7260,158
7261,157
7262,157
7263,157
7264,157
7265,157
7266,157
7267,157
7268,157
7269,157
7270,157
7271,157
7272,157
7273,157
7274,157
7275,157
7276,157
7277,157
7278,157
7279,157
7280,157
7281,157
7282,157
7283,158
7284,158
7285,158
7286,158
7287,158
7288,158
7289,158
7290,158
7291,158
7292,158
7293,158
7294,158
7295,157
7296,157
7297,157
7298,158
7299,158
7300,158
7301,158
7302,158
7303,158
7304,158
7305,158
7306,158
7307,158
7308,158
7309,158
7310,158
7311,158
7312,159
7313,158
7314,158
7315,158
7316,158
7317,158
7318,158
7319,159
7320,159
7321,159
7322,158
7323,159
7324,158
7325,158
7326,158
7327,158
7328,158
7329,158
7330,158
7331,158
7332,158
7333,158
7334,158
7335,158
7336,158
7337,158
7338,158
7339,158
7340,157
7341,157
7342,157
7343,157
7344,157
7345,157
7346,157
7347,157
7348,157
7349,157
7350,157
7351,157
7352,157
7353,157
7354,157
7355,157
7356,157
7357,158
7358,158
7359,158
7360,158
7361,158
7362,158
7363,158
7364,158
7365,158
7366,158
7367,158
7368,158
7369,158
7370,158
7371,158
7372,158
7373,158
7374,158
7375,158
7376,158
7377,158
7378,158
7379,158
7380,158
7381,158
7382,158
7383,158
7384,158
7385,158
7386,158
7387,158
7388,158
7389,158
7390,158
7391,158
7392,158
7393,158
7394,158
7395,158
7396,158
7397,158
7398,158
7399,158
7400,157
7401,158
7402,158
7403,158
7404,158
7405,158
7406,158
7407,158
7408,159
7409,159
7410,158
7411,159
7412,158
7413,159
7414,159
7415,159
7416,159
7417,159
7418,158
7419,158
7420,158
7421,158
7422,158
7423,158
7424,158
7425,158
7426,158
7427,158
7428,158
7429,158
7430,158
7431,158
7432,158
7433,158
7434,158
7435,158
7436,158
7437,158
7438,158
7439,158
7440,158
7441,158
7442,158
7443,158
7444,157
7445,157
7446,157
7447,157
7448,157
7449,157
7450,157
7451,157
7452,157
7453,157
7454,157
7455,156
7456,157
7457,157
7458,157
7459,156
7460,157
7461,157
7462,157
7463,157
7464,157
7465,157
7466,157
7467,157
7468,157
7469,157
7470,156
7471,156
7472,157
7473,157
7474,157
7475,157
7476,157
7477,157
7478,157
7479,157
7480,157
7481,157
7482,157
7483,157
7484,157
7485,157
7486,157
7487,157
7488,157
7489,157
7490,157
7491,157
7492,157
7493,157
7494,157
7495,157
7496,157
7497,157
7498,157
7499,157
7500,157
7501,157
7502,157
7503,157
7504,157
7505,157
7506,157
7507,156
7508,156
7509,157
7510,157
7511,157
7512,157
7513,157
7514,156
7515,156
7516,156
7517,156
7518,156
7519,156
7520,156
7521,157
7522,157
7523,157
7524,157
7525,157
7526,157
7527,157
7528,157
7529,157
7530,157
7531,157
7532,157
7533,157
7534,157
7535,157
7536,157
7537,157
7538,157
7539,157
7540,157
7541,157
7542,157
7543,157
7544,157
7545,157
7546,157
7547,157
7548,157
7549,157
7550,157
7551,157
7552,157
7553,157
7554,157
7555,157
7556,157
7557,157
7558,157
7559,157
7560,157
7561,156
7562,156
7563,156
7564,156
7565,156
7566,157
7567,157
7568,157
7569,157
7570,157
7571,157
7572,157
7573,157
7574,156
7575,156
7576,156
7577,156
7578,156
7579,156
7580,156
7581,157
7582,157
7583,157
7584,157
7585,157
7586,157
7587,157
7588,157
7589,156
7590,156
7591,156
7592,157
7593,157
7594,157
7595,157
7596,157
7597,157
7598,157
7599,157
7600,157
7601,157
7602,157
7603,157
7604,157
7605,157
7606,157
7607,156
7608,156
7609,156
7610,156
7611,156
7612,156
7613,156
7614,156
7615,156
7616,156
7617,156
7618,156
7619,156
7620,156
7621,156
7622,156
7623,156
7624,157
7625,156
7626,156
7627,156
7628,156
7629,155
7630,155
7631,155
7632,156
7633,155
7634,155
7635,155
7636,155
7637,155
7638,155
7639,155
7640,155
7641,155
7642,155
7643,155
7644,155
7645,155
7646,155
7647,155
7648,154
7649,154
7650,154
7651,153
7652,154
7653,153
7654,153
7655,153
7656,154
7657,153
7658,153
7659,154
7660,154
7661,154
7662,154
7663,154
7664,154
7665,154
7666,155
7667,155
7668,155
7669,155
7670,155
7671,155
7672,155
7673,155
7674,155
7675,155
7676,155
7677,155
7678,155
7679,155
7680,155
7681,155
7682,155
7683,155
7684,155
7685,155
7686,155
7687,155
7688,155
7689,155
7690,155
7691,155
7692,156
7693,156
7694,156
7695,156
7696,156
7697,156
7698,156
7699,156
7700,156
7701,156
7702,156
7703,156
7704,156
7705,156
7706,156
7707,156
7708,156
7709,156
7710,156
7711,156
7712,156
7713,156
7714,156
7715,156
7716,156
7717,156
7718,156
7719,156
7720,156
7721,156
7722,156
7723,156
7724,156
7725,156
7726,157
7727,156
7728,156
7729,156
7730,157
7731,157
7732,157
7733,157
7734,157
7735,157
7736,156
7737,156
7738,157
7739,157
7740,156
7741,157
7742,157
7743,157
7744,157
7745,157
7746,156
7747,156
7748,156
7749,156
7750,156
7751,156
7752,156
7753,156
7754,156
7755,156
7756,156
7757,157
7758,157
7759,157
7760,157
7761,157
7762,157
7763,157
7764,157
7765,157
7766,157
7767,157
7768,157
7769,157
7770,157
7771,157
7772,157
7773,157
7774,157
7775,157
7776,157
7777,156
7778,156
7779,157
7780,157
7781,157
7782,157
7783,157
7784,157
7785,157
7786,157
7787,157
7788,157
7789,157
7790,157
7791,157
7792,157
7793,157
7794,157
7795,157
7796,157
7797,157
7798,157
7799,157
7800,157
7801,157
7802,157
7803,157
7804,157
7805,157
7806,157
7807,157
7808,157
7809,157
7810,157
7811,157
7812,157
7813,157
7814,157
7815,157
7816,157
7817,157
7818,156
7819,156
7820,157
7821,157
7822,157
7823,157
7824,157
7825,157
7826,157
7827,157
7828,157
7829,157
7830,157
7831,157
7832,157
7833,157
7834,157
7835,156
7836,156
7837,156
7838,156
7839,156
7840,156
7841,156
7842,157
7843,157
7844,156
7845,157
7846,156
7847,156
7848,156
7849,156
7850,156
7851,156
7852,156
7853,157
7854,157
7855,157
7856,157
7857,157
7858,157
7859,157
7860,157
7861,157
7862,157
7863,157
7864,157
7865,157
7866,157
7867,157
7868,157
7869,157
7870,157
7871,157
7872,157
7873,157
7874,157
7875,157
7876,157
7877,157
7878,157
7879,157
7880,157
7881,157
7882,157
7883,157
7884,157
7885,157
7886,157
7887,157
7888,157
7889,157
7890,156
7891,157
7892,157
7893,156
7894,156
7895,157
7896,157
7897,156
7898,156
7899,156
7900,156
7901,157
7902,157
7903,157
7904,157
7905,157
7906,157
7907,157
7908,157
7909,157
7910,157
7911,157
7912,156
7913,157
7914,157
7915,157
7916,157
7917,157
7918,157
7919,157
7920,157
7921,157
7922,157
7923,157
7924,157
7925,157
7926,157
7927,158
7928,158
7929,158
7930,158
7931,158
7932,158
7933,157
7934,157
7935,157
7936,158
7937,158
7938,158
7939,158
7940,158
7941,158
7942,158
7943,158
7944,157
7945,157
7946,157
7947,157
7948,158
7949,158
7950,158
7951,158
7952,158
7953,158
7954,158
7955,158
7956,158
7957,158
7958,158
7959,158
7960,158
7961,158
7962,158
7963,158
7964,158
7965,158
7966,158
7967,158
7968,158
7969,158
7970,158
7971,158
7972,158
7973,158
7974,158
7975,158
7976,158
7977,158
7978,158
7979,158
7980,158
7981,158
7982,158
7983,158
7984,158
7985,158
7986,158
7987,158
7988,158
7989,158
7990,158
7991,158
7992,158
7993,158
7994,158
7995,158
7996,158
7997,158
7998,158
7999,158
8000,158
8001,158
8002,158
8003,158
8004,158
8005,158
8006,158
8007,158
8008,158
8009,158
8010,158
8011,158
8012,157
8013,158
8014,158
8015,158
8016,158
8017,158
8018,158
8019,158
8020,158
8021,158
8022,158
8023,158
8024,158
8025,158
8026,158
8027,158
8028,158
8029,158
8030,158
8031,158
8032,158
8033,157
8034,158
8035,158
8036,158
8037,158
8038,158
8039,158
8040,158
8041,158
8042,158
8043,158
8044,158
8045,158
8046,158
8047,158
8048,157
8049,157
8050,157
8051,157
8052,157
8053,157
8054,157
8055,157
8056,157
8057,157
8058,157
8059,157
8060,157
8061,157
8062,157
8063,158
8064,158
8065,158
8066,158
8067,158
8068,158
8069,158
8070,158
8071,158
8072,158
8073,158
8074,158
8075,158
8076,158
8077,158
8078,158
8079,158
8080,158
8081,158
8082,158
8083,158
8084,158
8085,158
8086,158
8087,158
8088,158
8089,158
8090,158
8091,158
8092,158
8093,158
8094,158
8095,158
8096,158
8097,158
8098,158
8099,157
8100,157
8101,157
8102,157
8103,157
8104,157
8105,157
8106,157
8107,157
8108,158
8109,158
8110,158
8111,157
8112,157
8113,158
8114,157
8115,157
8116,157
8117,157
8118,157
8119,157
8120,157
8121,157
8122,157
8123,157
8124,158
8125,158
8126,157
8127,157
8128,157
8129,157
8130,157
8131,157
8132,157
8133,157
8134,157
8135,157
8136,157
8137,157
8138,157
8139,157
8140,157
8141,156
8142,156
8143,156
8144,156
8145,157
8146,156
8147,156
8148,156
8149,156
8150,156
8151,156
8152,156
8153,156
8154,156
8155,156
8156,156
8157,156
8158,156
8159,156
8160,156
8161,156
8162,156
8163,156
8164,156
8165,156
8166,156
8167,156
8168,156
8169,156
8170,156
8171,156
8172,156
8173,156
8174,156
8175,156
8176,156
8177,156
8178,156
8179,156
8180,156
8181,156
8182,156
8183,156
8184,156
8185,156
8186,156
8187,156
8188,156
8189,156
8190,156
8191,156
8192,156
8193,156
8194,156
8195,156
8196,156
8197,156
8198,156
8199,156
8200,155
8201,155
8202,155
8203,155
8204,156
8205,156
8206,156
8207,156
8208,155
8209,156
8210,156
8211,156
8212,156
8213,156
8214,156
8215,156
8216,156
8217,156
8218,156
8219,156
8220,156
8221,156
8222,156
8223,156
8224,156
8225,156
8226,157
8227,157
8228,157
8229,157
8230,157
8231,157
8232,157
8233,156
8234,156
8235,156
8236,156
8237,156
8238,156
8239,156
8240,156
8241,156
8242,156
8243,157
8244,157
8245,157
8246,157
8247,157
8248,157
8249,157
8250,157
8251,157
8252,157
8253,156
8254,156
8255,156
8256,156
8257,156
8258,156
8259,156
8260,156
8261,157
8262,157
8263,157
8264,157
8265,157
8266,157
8267,157
8268,157
8269,157
8270,157
8271,156
8272,157
8273,157
8274,157
8275,157
8276,156
8277,156
8278,157
8279,156
8280,157
8281,157
8282,157
8283,157
8284,157
8285,157
8286,156
8287,156
8288,156
8289,156
8290,156
8291,156
8292,156
8293,156
8294,157
8295,157
8296,157
8297,157
8298,157
8299,157
8300,157
8301,157
8302,157
8303,157
8304,157
8305,157
8306,157
8307,157
8308,157
8309,157
8310,157
8311,157
8312,157
8313,157
8314,157
8315,157
8316,157
8317,157
8318,157
8319,157
8320,157
8321,157
8322,157
8323,157
8324,157
8325,157
8326,157
8327,157
8328,157
8329,157
8330,157
8331,157
8332,157
8333,158
8334,157
8335,158
8336,158
8337,158
8338,158
8339,158
8340,158
8341,158
8342,158
8343,158
8344,157
8345,157
8346,157
8347,157
8348,157
8349,157
8350,157
8351,157
8352,158
8353,158
8354,158
8355,158
8356,158
8357,158
8358,158
8359,158
8360,158
8361,158
8362,158
8363,158
8364,158
8365,158
8366,158
8367,158
8368,157
8369,158
8370,158
8371,158
8372,158
8373,158
8374,158
8375,158
8376,158
8377,158
8378,158
8379,158
8380,159
8381,159
8382,159
8383,159
8384,159
8385,159
8386,159
8387,159
8388,159
8389,159
8390,159
8391,159
8392,159
8393,159
8394,160
8395,160
8396,159
8397,160
8398,160
8399,160
8400,160
8401,160
8402,160
8403,160
8404,160
8405,160
8406,160
8407,160
8408,160
8409,160
8410,160
8411,160
8412,160
8413,160
8414,160
8415,160
8416,160
8417,160
8418,160
8419,160
8420,160
8421,160
8422,160
8423,160
8424,159
8425,159
8426,160
8427,160
8428,160
8429,159
8430,160
8431,160
8432,160
8433,160
8434,160
8435,159
8436,160
8437,160
8438,160
8439,160
8440,159
8441,160
8442,160
8443,160
8444,160
8445,160
8446,160
8447,160
8448,160
8449,160
8450,159
8451,159
8452,159
8453,159
8454,160
8455,159
8456,159
8457,160
8458,160
8459,160
8460,160
8461,160
8462,160
8463,160
8464,160
8465,160
8466,160
8467,160
8468,160
8469,160
8470,160
8471,160
8472,160
8473,160
8474,160
8475,160
8476,160
8477,159
8478,159
8479,159
8480,159
8481,159
8482,159
8483,159
8484,159
8485,159
8486,159
8487,159
8488,159
8489,160
8490,160
8491,160
8492,160
8493,160
8494,160
8495,160
8496,160
8497,160
8498,160
8499,160
8500,160
8501,160
8502,160
8503,160
8504,160
8505,160
8506,160
8507,159
8508,159
8509,160
8510,160
8511,160
8512,160
8513,160
8514,160
8515,160
8516,159
8517,160
8518,159
8519,160
8520,160
8521,160
8522,160
8523,159
8524,159
8525,159
8526,159
8527,159
8528,159
8529,159
8530,159
8531,159
8532,159
8533,159
8534,159
8535,159
8536,159
8537,160
8538,160
8539,160
8540,160
8541,160
8542,160
8543,159
8544,159
8545,159
8546,159
8547,160
8548,160
8549,160
8550,159
8551,159
8552,160
8553,160
8554,160
8555,160
8556,160
8557,160
8558,159
8559,160
8560,160
8561,160
8562,160
8563,160
8564,160
8565,160
8566,160
8567,160
8568,159
8569,160
8570,160
8571,159
8572,160
8573,160
8574,159
8575,159
8576,159
8577,160
8578,160
8579,160
8580,159
8581,159
8582,159
8583,159
8584,159
8585,159
8586,159
8587,159
8588,159
8589,159
8590,159
8591,159
8592,159
8593,159
8594,159
8595,159
8596,159
8597,159
8598,159
8599,159
8600,158
8601,158
8602,158
8603,158
8604,158
8605,158
8606,158
8607,158
8608,158
8609,158
8610,158
8611,158
8612,158
8613,158
8614,158
8615,158
8616,158
8617,158
8618,158
8619,158
8620,158
8621,158
8622,158
8623,158
8624,158
8625,158
8626,158
8627,158
8628,158
8629,158
8630,158
8631,158
8632,158
8633,158
8634,158
8635,158
8636,158
8637,159
8638,158
8639,158
8640,158
8641,158
8642,158
8643,159
8644,159
8645,159
8646,159
8647,159
8648,159
8649,159
8650,159
8651,159
8652,159
8653,159
8654,159
8655,159
8656,159
8657,159
8658,159
8659,159
8660,159
8661,158
8662,158
8663,158
8664,158
8665,158
8666,158
8667,158
8668,158
8669,158
8670,158
8671,158
8672,158
8673,158
8674,158
8675,158
8676,158
8677,158
8678,158
8679,158
8680,158
8681,158
8682,158
8683,158
8684,158
8685,158
8686,158
8687,158
8688,158
8689,158
8690,158
8691,158
8692,158
8693,158
8694,158
8695,158
8696,158
8697,158
8698,158
8699,158
8700,157
8701,157
8702,157
8703,157
8704,157
8705,157
8706,157
8707,157
8708,157
8709,157
8710,157
8711,157
8712,157
8713,157
8714,157
8715,157
8716,158
8717,158
8718,158
8719,158
8720,158
8721,158
8722,158
8723,158
8724,158
8725,158
8726,158
8727,158
8728,158
8729,158
8730,158
8731,158
8732,158
8733,158
8734,158
8735,158
8736,158
8737,158
8738,158
8739,158
8740,158
8741,158
8742,158
8743,158
8744,158
8745,158
8746,158
8747,158
8748,159
8749,159
8750,158
8751,159
8752,159
8753,159
8754,159
8755,158
8756,158
8757,158
8758,158
8759,158
8760,158
8761,158
8762,158
8763,158
8764,158
8765,158
8766,158
8767,158
8768,158
8769,158
8770,158
8771,158
8772,158
8773,158
8774,158
8775,157
8776,158
8777,157
8778,158
8779,157
8780,157
8781,157
8782,158
8783,157
8784,157
8785,157
8786,157
8787,157
8788,157
8789,157
8790,157
8791,157
8792,157
8793,157
8794,157
8795,157
8796,157
8797,157
8798,157
8799,157
8800,157
8801,158
8802,157
8803,158
8804,158
8805,158
8806,157
8807,157
8808,157
8809,157
8810,157
8811,157
8812,157
8813,158
8814,158
8815,158
8816,159
8817,158
8818,158
8819,158
8820,159
8821,159
8822,159
8823,159
8824,159
8825,159
8826,159
8827,159
8828,159
8829,159
8830,159
8831,159
8832,159
8833,159
8834,159
8835,159
8836,159
8837,159
8838,159
8839,159
8840,159
8841,159
8842,159
8843,159
8844,159
8845,159
8846,159
8847,159
8848,159
8849,160
8850,160
8851,160
8852,160
8853,160
8854,160
8855,160
8856,160
8857,160
8858,160
8859,160
8860,160
8861,160
8862,160
8863,160
8864,160
8865,160
8866,160
8867,159
8868,159
8869,159
8870,159
8871,159
8872,159
8873,159
8874,159
8875,159
8876,159
8877,159
8878,159
8879,159
8880,159
8881,159
8882,159
8883,159
8884,159
8885,159
8886,159
8887,159
8888,159
8889,160
8890,160
8891,160
8892,160
8893,160
8894,160
8895,159
8896,159
8897,159
8898,159
8899,159
8900,159
8901,159
8902,159
8903,159
8904,159
8905,159
8906,159
8907,159
8908,160
8909,160
8910,160
8911,160
8912,160
8913,160
8914,160
8915,160
8916,160
8917,160
8918,160
8919,160
8920,160
8921,160
8922,160
8923,160
8924,160
8925,160
8926,160
8927,160
8928,160
8929,160
8930,160
8931,160
8932,160
8933,160
8934,160
8935,160
8936,160
8937,160
8938,160
8939,160
8940,160
8941,160
8942,160
8943,160
8944,160
8945,160
8946,160
8947,160
8948,160
8949,160
8950,160
8951,160
8952,160
8953,160
8954,160
8955,160
8956,160
8957,160
8958,160
8959,160
8960,160
8961,160
8962,160
8963,160
8964,160
8965,161
8966,161
8967,161
8968,161
8969,161
8970,161
8971,161
8972,160
8973,161
8974,161
8975,161
8976,161
8977,160
8978,160
8979,160
8980,160
8981,160
8982,159
8983,159
8984,159
8985,159
8986,159
8987,159
8988,159
8989,158
8990,159
8991,159
8992,159
8993,159
8994,159
8995,159
8996,159
8997,159
8998,159
8999,159
9000,159
9001,159
9002,159
9003,159
9004,159
9005,159
9006,159
9007,159
9008,159
9009,159
9010,159
9011,159
9012,159
9013,158
9014,159
9015,159
9016,159
9017,159
9018,159
9019,159
9020,159
9021,159
9022,159
9023,159
9024,159
9025,159
9026,159
9027,159
9028,159
9029,159
9030,159
9031,159
9032,159
9033,159
9034,159
9035,159
9036,159
9037,159
9038,159
9039,159
9040,159
9041,159
9042,159
9043,159
9044,159
9045,158
9046,159
9047,159
9048,159
9049,158
9050,159
9051,159
9052,159
9053,158
9054,158
9055,159
9056,159
9057,159
9058,159
9059,159
9060,159
9061,159
9062,160
9063,160
9064,160
9065,160
9066,160
9067,160
9068,160
9069,160
9070,160
9071,160
9072,160
9073,160
9074,160
9075,160
9076,160
9077,160
9078,160
9079,160
9080,160
9081,160
9082,160
9083,160
9084,160
9085,160
9086,160
9087,160
9088,160
9089,160
9090,160
9091,160
9092,160
9093,160
9094,159
9095,160
9096,160
9097,160
9098,160
9099,160
9100,160
9101,160
9102,160
9103,160
9104,160
9105,160
9106,160
9107,160
9108,160
9109,160
9110,160
9111,160
9112,160
9113,161
9114,160
9115,160
9116,160
9117,160
9118,160
9119,161
9120,161
9121,161
9122,161
9123,161
9124,161
9125,161
9126,161
9127,160
9128,160
9129,160
9130,160
9131,160
9132,160
9133,160
9134,160
9135,160
9136,160
9137,160
9138,161
9139,161
9140,161
9141,161
9142,161
9143,161
9144,161
9145,161
9146,161
9147,161
9148,161
9149,161
9150,160
9151,161
9152,161
9153,161
9154,161
9155,161
9156,161
9157,161
9158,161
9159,161
9160,161
9161,161
9162,161
9163,161
9164,161
9165,161
9166,162
9167,162
9168,162
9169,162
9170,162
9171,162
9172,162
9173,162
9174,162
9175,162
9176,162
9177,162
9178,162
9179,162
9180,162
9181,162
9182,162
9183,162
9184,162
9185,162
9186,162
9187,162
9188,162
9189,162
9190,162
9191,162
9192,162
9193,162
9194,162
9195,161
9196,161
9197,162
9198,162
9199,162
9200,162
9201,162
9202,162
9203,162
9204,162
9205,162
9206,162
9207,162
9208,162
9209,162
9210,162
9211,162
9212,162
9213,162
9214,162
9215,162
9216,162
9217,162
9218,162
9219,162
9220,162
9221,162
9222,162
9223,162
9224,162
9225,162
9226,162
9227,162
9228,162
9229,162
9230,162
9231,162
9232,162
9233,162
9234,162
9235,162
9236,162
9237,162
9238,162
9239,161
9240,162
9241,162
9242,162
9243,162
9244,162
9245,162
9246,162
9247,162
9248,162
9249,162
9250,162
9251,162
9252,161
9253,161
9254,161
9255,161
9256,161
9257,161
9258,161
9259,162
9260,162
9261,161
9262,161
9263,161
9264,161
9265,161
9266,161
9267,161
9268,161
9269,161
9270,161
9271,161
9272,160
9273,160
9274,160
9275,160
9276,160
9277,160
9278,160
9279,160
9280,160
9281,160
9282,160
9283,160
9284,160
9285,160
9286,160
9287,160
9288,160
9289,160
9290,159
9291,160
9292,160
9293,159
9294,159
9295,159
9296,160
9297,160
9298,160
9299,159
9300,159
9301,160
9302,160
9303,159
9304,159
9305,159
9306,159
9307,159
9308,159
9309,159
9310,159
9311,159
9312,159
9313,159
9314,159
9315,159
9316,159
9317,159
9318,159
9319,159
9320,159
9321,159
9322,159
9323,159
9324,159
9325,159
9326,159
9327,159
9328,159
9329,159
9330,159
9331,159
9332,160
9333,160
9334,159
9335,159
9336,160
9337,159
9338,159
9339,159
9340,159
9341,159
9342,159
9343,159
9344,159
9345,159
9346,159
9347,159
9348,159
9349,159
9350,159
9351,159
9352,159
9353,159
9354,159
9355,160
9356,160
9357,160
9358,160
9359,160
9360,159
9361,159
9362,159
9363,159
9364,159
9365,158
9366,159
9367,159
9368,159
9369,159
9370,159
9371,159
9372,159
9373,159
9374,159
9375,159
9376,158
9377,159
9378,159
9379,159
9380,159
9381,159
9382,159
9383,159
9384,159
9385,159
9386,159
9387,159
9388,159
9389,159
9390,159
9391,159
9392,159
9393,159
9394,159
9395,159
9396,159
9397,159
9398,158
9399,159
9400,159
9401,158
9402,158
9403,159
9404,159
9405,159
9406,159
9407,159
9408,159
9409,159
9410,159
9411,159
9412,159
9413,159
9414,159
9415,159
9416,160
9417,160
9418,160
9419,160
9420,160
9421,160
9422,159
9423,160
9424,160
9425,159
9426,159
9427,160
9428,160
9429,160
9430,160
9431,160
9432,160
9433,160
9434,160
9435,160
9436,160
9437,160
9438,160
9439,159
9440,159
9441,159
9442,159
9443,159
9444,159
9445,159
9446,159
9447,159
9448,158
9449,159
9450,159
9451,159
9452,159
9453,159
9454,158
9455,158
9456,159
9457,159
9458,159
9459,159
9460,159
9461,159
9462,159
9463,159
9464,159
9465,159
9466,159
9467,159
9468,159
9469,159
9470,158
9471,158
9472,158
9473,158
9474,159
9475,159
9476,159
9477,159
9478,159
9479,159
9480,159
9481,159
9482,159
9483,159
9484,159
9485,159
9486,159
9487,159
9488,159
9489,159
9490,159
9491,159
9492,159
9493,159
9494,159
9495,159
9496,159
9497,159
9498,159
9499,159
9500,159
9501,159
9502,159
9503,159
9504,159
9505,159
9506,159
9507,159
9508,159
9509,159
9510,159
9511,159
9512,159
9513,159
9514,159
9515,159
9516,159
9517,159
9518,159
9519,159
9520,159
9521,159
9522,159
9523,159
9524,159
9525,159
9526,159
9527,159
9528,159
9529,159
9530,159
9531,159
9532,159
9533,159
9534,159
9535,159
9536,159
9537,159
9538,159
9539,159
9540,159
9541,159
9542,159
9543,159
9544,159
9545,159
9546,159
9547,159
9548,160
9549,160
9550,160
9551,159
9552,159
9553,159
9554,159
9555,159
9556,159
9557,160
9558,159
9559,160
9560,160
9561,160
9562,160
9563,160
9564,160
9565,160
9566,160
9567,160
9568,160
9569,160
9570,160
9571,160
9572,160
9573,160
9574,160
9575,160
9576,160
9577,160
9578,160
9579,160
9580,159
9581,160
9582,159
9583,159
9584,159
9585,159
9586,159
9587,159
9588,159
9589,159
9590,159
9591,159
9592,159
9593,159
9594,159
9595,159
9596,159
9597,159
9598,159
9599,159
9600,158
9601,158
9602,158
9603,158
9604,159
9605,159
9606,159
9607,159
9608,159
9609,159
9610,159
9611,159
9612,159
9613,159
9614,159
9615,159
9616,159
9617,159
9618,159
9619,159
9620,159
9621,159
9622,159
9623,158
9624,158
9625,158
9626,159
9627,159
9628,159
9629,159
9630,159
9631,159
9632,159
9633,159
9634,159
9635,159
9636,159
9637,159
9638,159
9639,159
9640,159
9641,159
9642,159
9643,159
9644,159
9645,159
9646,159
9647,159
9648,159
9649,159
9650,160
9651,160
9652,160
9653,159
9654,160
9655,160
9656,160
9657,159
9658,159
9659,159
9660,160
9661,160
9662,160
9663,160
9664,159
9665,159
9666,160
9667,159
9668,159
9669,159
9670,159
9671,159
9672,159
9673,159
9674,160
9675,159
9676,160
9677,160
9678,160
9679,160
9680,160
9681,160
9682,160
9683,160
9684,160
9685,160
9686,160
9687,160
9688,160
9689,160
9690,160
9691,160
9692,159
9693,159
9694,159
9695,159
9696,159
9697,159
9698,159
9699,159
9700,159
9701,159
9702,159
9703,159
9704,159
9705,159
9706,159
9707,159
9708,159
9709,159
9710,159
9711,159
9712,159
9713,159
9714,159
9715,159
9716,159
9717,159
9718,159
9719,159
9720,159
9721,159
9722,159
9723,159
9724,159
9725,159
9726,159
9727,159
9728,159
9729,159
9730,159
9731,159
9732,159
9733,159
9734,159
9735,159
9736,159
9737,159
9738,159
9739,159
9740,159
9741,159
9742,159
9743,159
9744,159
9745,159
9746,159
9747,159
9748,159
9749,159
9750,159
9751,159
9752,159
9753,159
9754,159
9755,159
9756,159
9757,159
9758,159
9759,159
9760,159
9761,159
9762,159
9763,159
9764,159
9765,159
9766,159
9767,159
9768,159
9769,159
9770,159
9771,158
9772,158
9773,158
9774,158
9775,158
9776,158
9777,158
9778,159
9779,159
9780,159
9781,159
9782,159
9783,159
9784,159
9785,159
9786,159
9787,159
9788,159
9789,159
9790,159
9791,159
9792,159
9793,159
9794,159
9795,159
9796,159
9797,159
9798,159
9799,159
9800,159
9801,159
9802,159
9803,159
9804,159
9805,159
9806,159
9807,159
9808,159
9809,159
9810,159
9811,159
9812,159
9813,159
9814,159
9815,159
9816,159
9817,159
9818,159
9819,159
9820,159
9821,159
9822,159
9823,159
9824,159
9825,158
9826,158
9827,158
9828,158
9829,158
9830,159
9831,159
9832,159
9833,159
9834,159
9835,159
9836,159
9837,159
9838,159
9839,159
9840,159
9841,159
9842,159
9843,159
9844,159
9845,159
9846,159
9847,159
9848,159
9849,159
9850,159
9851,159
9852,159
9853,159
9854,159
9855,159
9856,159
9857,159
9858,159
9859,159
9860,159
9861,159
9862,159
9863,159
9864,159
9865,159
9866,160
9867,160
9868,159
9869,160
9870,160
9871,160
9872,160
9873,160
9874,160
9875,160
9876,160
9877,160
9878,160
9879,160
9880,160
9881,160
9882,160
9883,160
9884,160
9885,159
9886,160
9887,160
9888,160
9889,160
9890,160
9891,160
9892,160
9893,160
9894,160
9895,160
9896,160
9897,160
9898,160
9899,160
9900,160
9901,160
9902,160
9903,160
9904,160
9905,160
9906,160
9907,160
9908,160
9909,160
9910,160
9911,160
9912,160
9913,160
9914,160
9915,160
9916,160
9917,160
9918,160
9919,160
9920,160
9921,160
9922,160
9923,160
9924,160
9925,160
9926,160
9927,159
9928,159
9929,159
9930,159
9931,159
9932,159
9933,159
9934,159
9935,159
9936,159
9937,159
9938,159
9939,160
9940,160
9941,160
9942,160
9943,160
9944,160
9945,160
9946,160
9947,160
9948,160
9949,160
9950,160
9951,160
9952,160
9953,160
9954,160
9955,160
9956,160
9957,160
9958,160
9959,160
9960,160
9961,160
9962,160
9963,160
9964,160
9965,160
9966,160
9967,160
9968,160
9969,160
9970,160
9971,160
9972,160
9973,160
9974,160
9975,159
9976,159
9977,159
9978,159
9979,160
9980,160
9981,160
9982,160
9983,160
9984,160
9985,160
9986,160
9987,160
9988,160
9989,160
9990,160
9991,160
9992,159
9993,160
9994,160
9995,160
9996,160
9997,160
9998,160
9999,160
