0,150
1,149
2,149
3,149
4,150
5,150
6,150
7,150
8,150
9,150
10,150
11,150
12,150
13,150
14,150
15,149
16,149
17,149
18,149
19,149
20,150
21,150
22,150
23,150
24,150
25,150
26,150
27,150
28,150
29,149
30,149
31,149
32,150
33,150
34,150
35,150
36,150
37,149
38,149
39,150
40,150
41,150
42,150
43,150
44,150
45,150
46,150
47,150
48,150
49,150
50,149
51,149
52,149
53,149
54,149
55,149
56,149
57,149
58,149
59,149
60,149
61,149
62,149
63,149
64,149
65,149
66,149
67,149
68,149
69,149
70,149
71,149
72,150
73,150
74,150
75,149
76,149
77,149
78,149
79,149
80,149
81,149
82,149
83,149
84,149
85,149
86,149
87,149
88,149
89,150
90,150
91,150
92,150
93,150
94,149
95,149
96,149
97,149
98,149
99,149
100,149
101,149
102,149
103,149
104,149
105,149
106,150
107,150
108,150
109,150
110,150
111,150
112,150
113,150
114,150
115,150
116,150
117,150
118,150
119,150
120,150
121,150
122,150
123,150
124,150
125,150
126,150
127,150
128,150
129,150
130,150
131,150
132,150
133,150
134,150
135,150
136,150
137,150
138,151
139,151
140,151
141,151
142,151
143,150
144,150
145,150
146,150
147,150
148,150
149,151
150,151
151,151
152,151
153,151
154,151
155,151
156,151
157,151
158,151
159,151
160,151
161,151
162,151
163,151
164,151
165,151
166,151
167,151
168,151
169,151
170,151
171,151
172,151
173,151
174,151
175,151
176,151
177,151
178,151
179,151
180,151
181,151
182,151
183,150
184,151
185,151
186,151
187,151
188,151
189,151
190,151
191,151
192,151
193,151
194,151
195,151
196,151
197,151
198,151
199,151
200,151
201,151
202,151
203,151
204,151
205,151
206,151
207,151
208,151
209,151
210,151
211,151
212,151
213,151
214,151
215,151
216,151
217,151
218,151
219,151
220,151
221,151
222,151
223,151
224,151
225,151
226,151
227,151
228,151
229,151
230,151
231,152
232,152
233,152
234,152
235,152
236,152
237,152
238,152
239,152
240,152
241,152
242,152
243,152
244,151
245,151
246,151
247,151
248,151
249,151
250,151
251,151
252,151
253,151
254,151
255,151
256,151
257,151
258,151
259,151
260,151
261,151
262,151
263,151
264,150
265,150
266,151
267,151
268,151
269,151
270,151
271,151
272,151
273,151
274,151
275,151
276,151
277,151
278,151
279,151
280,151
281,151
282,151
283,151
284,151
285,151
286,151
287,151
288,151
289,151
290,151
291,151
292,151
293,151
294,151
295,151
296,151
297,151
298,151
299,151
300,151
301,151
302,151
303,151
304,151
305,151
306,151
307,151
308,150
309,150
310,150
311,150
312,150
313,150
314,150
315,150
316,150
317,150
318,150
319,150
320,150
321,150
322,150
323,150
324,150
325,151
326,151
327,151
328,150
329,150
330,150
331,150
332,150
333,150
334,150
335,150
336,150
337,150
338,150
339,150
340,150
341,150
342,151
343,150
344,150
345,150
346,150
347,150
348,150
349,150
350,150
351,151
352,151
353,151
354,151
355,151
356,150
357,150
358,150
359,150
360,150
361,150
362,150
363,150
364,150
365,150
366,150
367,150
368,150
369,151
370,151
371,151
372,151
373,151
374,150
375,151
376,151
377,151
378,151
379,151
380,151
381,151
382,151
383,151
384,151
385,151
386,151
387,151
388,151
389,151
390,151
391,151
392,151
393,151
394,151
395,151
396,151
397,151
398,151
399,151
400,151
401,151
402,151
403,151
404,151
405,151
406,151
407,151
408,151
409,150
410,151
411,151
412,151
413,151
414,151
415,151
416,151
417,151
418,151
419,151
420,151
421,151
422,151
423,151
424,151
425,151
426,151
427,151
428,151
429,151
430,151
431,151
432,151
433,151
434,151
435,151
436,151
437,151
438,151
439,152
440,152
441,152
442,152
443,152
444,152
445,152
446,152
447,152
448,152
449,152
450,152
451,152
452,151
453,152
454,152
455,152
456,152
457,151
458,151
459,151
460,151
461,151
462,151
463,151
464,151
465,151
466,151
467,151
468,151
469,151
470,151
471,151
472,151
473,151
474,151
475,151
476,151
477,151
478,151
479,151
480,151
481,151
482,150
483,150
484,150
485,150
486,151
487,151
488,151
489,151
490,150
491,150
492,150
493,150
494,150
495,150
496,151
497,150
498,151
499,151
500,151
501,151
502,151
503,151
504,151
505,151
506,151
507,151
508,151
509,150
510,150
511,150
512,150
513,150
514,150
515,150
516,150
517,150
518,149
519,149
520,149
521,150
522,150
523,150
524,150
525,150
526,150
527,150
528,150
529,150
530,150
531,150
532,150
533,150
534,150
535,150
536,150
537,150
538,150
539,150
540,150
541,149
542,149
543,149
544,149
545,149
546,149
547,149
548,149
549,149
550,149
551,149
552,149
553,149
554,150
555,150
556,150
557,150
558,150
559,150
560,150
561,150
562,150
563,150
564,150
565,150
566,150
567,150
568,150
569,150
570,150
571,150
572,150
573,150
574,150
575,150
576,150
577,150
578,150
579,150
580,150
581,150
582,150
583,150
584,150
585,150
586,149
587,149
588,149
589,149
590,149
591,149
592,149
593,149
594,149
595,149
596,148
597,148
598,148
599,148
600,148
601,148
602,148
603,148
604,148
605,148
606,148
607,148
608,148
609,148
610,148
611,148
612,147
613,147
614,147
615,147
616,147
617,147
618,147
619,147
620,147
621,148
622,148
623,148
624,148
625,148
626,148
627,148
628,148
629,148
630,148
631,148
632,148
633,148
634,148
635,148
636,148
637,148
638,148
639,148
640,148
641,148
642,148
643,148
644,148
645,148
646,148
647,148
648,148
649,148
650,148
651,148
652,148
653,148
654,148
655,148
656,148
657,148
658,148
659,148
660,148
661,148
662,148
663,148
664,148
665,148
666,148
667,148
668,148
669,148
670,148
671,148
672,148
673,148
674,148
675,148
676,148
677,148
678,149
679,148
680,149
681,149
682,149
683,149
684,149
685,148
686,148
687,148
688,148
689,148
690,148
691,148
692,148
693,148
694,148
695,149
696,149
697,149
698,149
699,149
700,149
701,149
702,149
703,149
704,149
705,148
706,149
707,149
708,149
709,148
710,148
711,149
712,149
713,149
714,149
715,149
716,148
717,148
718,148
719,148
720,148
721,148
722,148
723,148
724,148
725,148
726,147
727,147
728,147
729,147
730,147
731,148
732,148
733,148
734,148
735,148
736,148
737,148
738,148
739,148
740,148
741,148
742,148
743,148
744,148
745,148
746,148
747,148
748,148
749,148
750,149
751,149
752,149
753,149
754,149
755,149
756,149
757,149
758,149
759,149
760,149
761,149
762,149
763,149
764,149
765,149
766,148
767,148
768,148
769,148
770,148
771,148
772,148
773,148
774,148
775,148
776,148
777,148
778,148
779,148
780,148
781,148
782,148
783,148
784,148
785,148
786,148
787,148
788,147
789,147
790,147
791,147
792,147
793,147
794,147
795,148
796,148
797,148
798,147
799,147
800,147
801,147
802,147
803,147
804,147
805,147
806,147
807,148
808,147
809,147
810,147
811,147
812,147
813,147
814,147
815,147
816,147
817,147
818,147
819,147
820,147
821,148
822,148
823,148
824,148
825,148
826,148
827,148
828,148
829,148
830,148
831,148
832,149
833,149
834,149
835,149
836,148
837,148
838,148
839,148
840,148
841,148
842,148
843,148
844,148
845,148
846,148
847,148
848,148
849,148
850,148
851,148
852,148
853,148
854,148
855,148
856,148
857,148
858,148
859,147
860,147
861,148
862,148
863,148
864,148
865,148
866,147
867,147
868,147
869,147
870,147
871,148
872,147
873,148
874,148
875,148
876,148
877,148
878,148
879,148
880,148
881,148
882,148
883,148
884,148
885,148
886,148
887,148
888,148
889,148
890,148
891,148
892,148
893,148
894,148
895,148
896,148
897,148
898,148
899,148
900,148
901,148
902,148
903,148
904,148
905,148
906,148
907,148
908,148
909,148
910,148
911,148
912,148
913,148
914,148
915,148
916,148
917,148
918,148
919,148
920,148
921,148
922,148
923,148
924,148
925,148
926,149
927,149
928,149
929,148
930,148
931,148
932,148
933,148
934,148
935,148
936,148
937,148
938,148
939,148
940,148
941,149
942,149
943,149
944,149
945,149
946,149
947,149
948,149
949,148
950,149
951,148
952,148
953,148
954,148
955,148
956,148
957,148
958,148
959,148
960,148
961,148
962,148
963,148
964,148
965,147
966,147
967,147
968,148
969,148
970,148
971,148
972,148
973,148
974,148
975,148
976,149
977,149
978,149
979,148
980,149
981,149
982,149
983,149
984,149
985,149
986,149
987,149
988,149
989,149
990,149
991,149
992,149
993,149
994,149
995,149
996,149
997,149
998,149
999,149
1000,149
1001,149
1002,149
1003,149
1004,149
1005,149
1006,149
1007,149
1008,149
1009,149
1010,149
1011,149
1012,149
1013,149
1014,149
1015,150
1016,150
1017,150
1018,150
1019,150
1020,150
1021,150
1022,150
1023,150
1024,150
1025,150
1026,150
1027,150
1028,149
1029,149
1030,149
1031,149
1032,149
1033,149
1034,149
1035,150
1036,150
1037,150
1038,150
1039,150
1040,150
1041,150
1042,150
1043,150
1044,150
1045,150
1046,150
1047,150
1048,150
1049,150
1050,151
1051,151
1052,151
1053,151
1054,151
1055,151
1056,151
1057,151
1058,151
1059,151
1060,151
1061,151
1062,151
1063,150
1064,150
1065,150
1066,151
1067,151
1068,151
1069,151
1070,151
1071,151
1072,151
1073,151
1074,151
1075,151
1076,151
1077,151
1078,151
1079,151
1080,151
1081,151
1082,150
1083,150
1084,150
1085,150
1086,150
1087,150
1088,151
1089,151
1090,151
1091,151
1092,151
1093,151
1094,151
1095,151
1096,151
1097,151
1098,151
1099,151
1100,151
1101,151
1102,151
1103,151
1104,151
1105,151
1106,151
1107,151
1108,151
1109,151
1110,151
1111,151
1112,151
1113,151
1114,151
1115,150
1116,151
1117,151
1118,151
1119,150
1120,150
1121,150
1122,150
1123,150
1124,150
1125,150
1126,150
1127,150
1128,150
1129,150
1130,150
1131,150
1132,150
1133,150
1134,150
1135,150
1136,150
1137,150
1138,150
1139,150
1140,150
1141,150
1142,150
1143,150
1144,150
1145,150
1146,150
1147,150
1148,150
1149,150
1150,150
1151,150
1152,150
1153,150
1154,150
1155,150
1156,150
1157,150
1158,150
1159,150
1160,150
1161,150
1162,150
1163,150
1164,150
1165,150
1166,150
1167,150
1168,150
1169,150
1170,151
1171,151
1172,151
1173,151
1174,151
1175,151
1176,151
1177,151
1178,151
1179,151
1180,151
1181,150
1182,150
1183,150
1184,150
1185,150
1186,151
1187,151
1188,151
1189,151
1190,151
1191,151
1192,151
1193,151
1194,151
1195,151
1196,151
1197,151
1198,151
1199,151
1200,151
1201,151
1202,151
1203,151
1204,151
1205,151
1206,151
1207,151
1208,151
1209,151
1210,151
1211,151
1212,151
1213,151
1214,151
1215,151
1216,151
1217,151
1218,151
1219,151
1220,151
1221,151
1222,151
1223,151
1224,150
1225,150
1226,150
1227,150
1228,150
1229,150
1230,150
1231,150
1232,150
1233,150
1234,150
1235,150
1236,150
1237,150
1238,150
1239,150
1240,150
1241,150
1242,150
1243,150
1244,150
1245,150
1246,150
1247,150
1248,150
1249,150
1250,150
1251,150
1252,150
1253,150
1254,150
1255,150
1256,150
1257,150
1258,150
1259,150
1260,150
1261,150
1262,150
1263,150
1264,149
1265,149
1266,149
1267,149
1268,149
1269,149
1270,149
1271,150
1272,150
1273,150
1274,150
1275,150
1276,150
1277,150
1278,150
1279,150
1280,150
1281,150
1282,150
1283,150
1284,150
1285,150
1286,150
1287,150
1288,150
1289,150
1290,151
1291,151
1292,151
1293,151
1294,151
1295,151
1296,151
1297,151
1298,150
1299,150
1300,150
1301,150
1302,150
1303,150
1304,150
1305,150
1306,150
1307,150
1308,150
1309,150
1310,150
1311,150
1312,150
1313,150
1314,150
1315,150
1316,149
1317,149
1318,149
1319,149
1320,150
1321,150
1322,150
1323,150
1324,150
1325,150
1326,150
1327,150
1328,150
1329,150
1330,150
1331,150
1332,150
1333,150
1334,151
1335,151
1336,150
1337,151
1338,151
1339,151
1340,151
1341,151
1342,151
1343,150
1344,151
1345,151
1346,151
1347,151
1348,151
1349,151
1350,151
1351,151
1352,151
1353,151
1354,151
1355,151
1356,151
1357,151
1358,151
1359,151
1360,151
1361,150
1362,150
1363,150
1364,150
1365,150
1366,151
1367,150
1368,150
1369,150
1370,150
1371,150
1372,150
1373,150
1374,150
1375,150
1376,150
1377,150
1378,150
1379,150
1380,150
1381,150
1382,150
1383,150
1384,150
1385,150
1386,150
1387,149
1388,150
1389,150
1390,150
1391,150
1392,150
1393,150
1394,150
1395,150
1396,150
1397,150
1398,150
1399,150
1400,150
1401,150
1402,150
1403,150
1404,150
1405,150
1406,150
1407,150
1408,150
1409,150
1410,150
1411,150
1412,150
1413,150
1414,151
1415,151
1416,151
1417,151
1418,151
1419,151
1420,151
1421,151
1422,151
1423,151
1424,151
1425,151
1426,151
1427,151
1428,151
1429,151
1430,151
1431,151
1432,151
1433,152
1434,151
1435,151
1436,151
1437,151
1438,151
1439,151
1440,151
1441,151
1442,151
1443,150
1444,150
1445,150
1446,150
1447,150
1448,150
1449,150
1450,150
1451,151
1452,150
1453,151
1454,151
1455,151
1456,151
1457,151
1458,151
1459,150
1460,151
1461,150
1462,150
1463,150
1464,150
1465,150
1466,150
1467,150
1468,150
1469,150
1470,150
1471,150
1472,150
1473,150
1474,150
1475,150
1476,150
1477,150
1478,150
1479,150
1480,150
1481,150
1482,150
1483,150
1484,149
1485,149
1486,149
1487,150
1488,150
1489,150
1490,150
1491,150
1492,150
1493,150
1494,150
1495,150
1496,150
1497,150
1498,150
1499,150
1500,150
1501,150
1502,149
1503,149
1504,149
1505,149
1506,149
1507,149
1508,150
1509,150
1510,150
1511,150
1512,150
1513,150
1514,150
1515,150
1516,150
1517,150
1518,149
1519,149
1520,150
1521,150
1522,150
1523,150
1524,150
1525,151
1526,150
1527,151
1528,151
1529,151
1530,151
1531,151
1532,151
1533,151
1534,151
1535,151
1536,151
1537,151
1538,151
1539,151
1540,151
1541,151
1542,151
1543,151
1544,151
1545,151
1546,151
1547,151
1548,151
1549,150
1550,150
1551,150
1552,150
1553,150
1554,150
1555,150
1556,150
1557,150
1558,150
1559,150
1560,150
1561,150
1562,150
1563,150
1564,150
1565,150
1566,150
1567,150
1568,150
1569,150
1570,150
1571,150
1572,150
1573,149
1574,149
1575,149
1576,149
1577,149
1578,149
1579,149
1580,149
1581,149
1582,149
1583,149
1584,149
1585,149
1586,149
1587,149
1588,149
1589,149
1590,149
1591,149
1592,149
1593,149
1594,149
1595,149
1596,149
1597,148
1598,149
1599,149
1600,149
1601,149
1602,149
1603,149
1604,149
1605,149
1606,149
1607,149
1608,149
1609,149
1610,149
1611,149
1612,149
1613,149
1614,149
1615,149
1616,149
1617,149
1618,149
1619,149
1620,149
1621,149
1622,149
1623,149
1624,149
1625,149
1626,149
1627,149
1628,149
1629,149
1630,149
1631,149
1632,149
1633,148
1634,148
1635,148
1636,148
1637,148
1638,148
1639,148
1640,148
1641,148
1642,148
1643,148
1644,148
1645,148
1646,148
1647,148
1648,147
1649,147
1650,147
1651,147
1652,148
1653,148
1654,147
1655,148
1656,148
1657,148
1658,148
1659,148
1660,148
1661,148
1662,148
1663,148
1664,149
1665,149
1666,149
1667,149
1668,149
1669,149
1670,149
1671,149
1672,149
1673,149
1674,149
1675,149
1676,149
1677,149
1678,149
1679,149
1680,149
1681,148
1682,148
1683,149
1684,148
1685,148
1686,148
1687,148
1688,148
1689,148
1690,148
1691,148
1692,148
1693,148
1694,148
1695,148
1696,148
1697,148
1698,148
1699,147
1700,148
1701,147
1702,147
1703,147
1704,148
1705,148
1706,148
1707,148
1708,148
1709,148
1710,148
1711,148
1712,148
1713,148
1714,148
1715,148
1716,148
1717,148
1718,148
1719,148
1720,148
1721,148
1722,148
1723,148
1724,148
1725,148
1726,148
1727,148
1728,149
1729,149
1730,149
1731,149
1732,149
1733,149
1734,149
1735,148
1736,148
1737,148
1738,148
1739,148
1740,148
1741,148
1742,148
1743,148
1744,148
1745,148
1746,148
1747,148
1748,148
1749,148
1750,148
1751,148
1752,148
1753,149
1754,149
1755,149
1756,149
1757,149
1758,149
1759,149
1760,149
1761,149
1762,149
1763,149
1764,149
1765,149
1766,149
1767,148
1768,149
1769,148
1770,148
1771,148
1772,148
1773,148
1774,148
1775,149
1776,149
1777,149
1778,149
1779,148
1780,148
1781,148
1782,148
1783,149
1784,149
1785,149
1786,149
1787,149
1788,149
1789,148
1790,148
1791,148
1792,148
1793,148
1794,148
1795,148
1796,148
1797,148
1798,148
1799,148
1800,148
1801,148
1802,149
1803,149
1804,149
1805,149
1806,149
1807,149
1808,149
1809,149
1810,149
1811,149
1812,149
1813,149
1814,149
1815,149
1816,149
1817,149
1818,149
1819,149
1820,149
1821,149
1822,149
1823,149
1824,149
1825,149
1826,149
1827,149
1828,149
1829,149
1830,149
1831,148
1832,148
1833,148
1834,148
1835,149
1836,149
1837,149
1838,149
1839,149
1840,149
1841,149
1842,149
1843,149
1844,148
1845,148
1846,148
1847,149
1848,149
1849,149
1850,149
1851,149
1852,149
1853,149
1854,149
1855,149
1856,149
1857,149
1858,149
1859,149
1860,149
1861,149
1862,149
1863,149
1864,149
1865,149
1866,150
1867,150
1868,150
1869,150
1870,150
1871,150
1872,150
1873,150
1874,150
1875,150
1876,150
1877,150
1878,150
1879,150
1880,150
1881,151
1882,151
1883,150
1884,150
1885,150
1886,150
1887,150
1888,150
1889,150
1890,150
1891,150
1892,150
1893,150
1894,150
1895,150
1896,151
1897,151
1898,151
1899,151
1900,151
1901,150
1902,150
1903,150
1904,150
1905,150
1906,150
1907,150
1908,150
1909,150
1910,150
1911,150
1912,150
1913,150
1914,150
1915,150
1916,150
1917,150
1918,150
1919,150
1920,150
1921,150
1922,150
1923,150
1924,150
1925,150
1926,150
1927,149
1928,150
1929,150
1930,150
1931,150
1932,150
1933,150
1934,151
1935,151
1936,151
1937,151
1938,151
1939,150
1940,151
1941,151
1942,151
1943,151
1944,150
1945,150
1946,150
1947,150
1948,150
1949,150
1950,150
1951,150
1952,150
1953,150
1954,151
1955,150
1956,150
1957,150
1958,150
1959,150
1960,150
1961,150
1962,150
1963,150
1964,150
1965,151
1966,151
1967,150
1968,150
1969,150
1970,150
1971,149
1972,149
1973,149
1974,149
1975,149
1976,149
1977,149
1978,149
1979,149
1980,149
1981,149
1982,149
1983,149
1984,149
1985,149
1986,149
1987,149
1988,149
1989,149
1990,149
1991,150
1992,150
1993,149
1994,149
1995,149
1996,149
1997,149
1998,149
1999,149
2000,149
2001,149
2002,149
2003,149
2004,149
2005,148
2006,148
2007,148
2008,148
2009,148
2010,147
2011,147
2012,147
2013,148
2014,148
2015,148
2016,148
2017,148
2018,148
2019,148
2020,148
2021,148
2022,148
2023,148
2024,148
2025,148
2026,148
2027,148
2028,148
2029,148
2030,148
2031,148
2032,148
2033,148
2034,148
2035,148
2036,148
2037,148
2038,148
2039,148
2040,148
2041,148
2042,148
2043,148
2044,148
2045,148
2046,148
2047,148
2048,148
2049,148
2050,148
2051,148
2052,148
2053,148
2054,148
2055,148
2056,148
2057,148
2058,148
2059,148
2060,148
2061,148
2062,148
2063,148
2064,148
2065,148
2066,149
2067,149
2068,149
2069,148
2070,149
2071,149
2072,149
2073,149
2074,149
2075,149
2076,149
2077,149
2078,149
2079,149
2080,149
2081,149
2082,149
2083,149
2084,149
2085,149
2086,149
2087,149
2088,149
2089,149
2090,149
2091,149
2092,149
2093,149
2094,149
2095,149
2096,149
2097,149
2098,149
2099,149
2100,149
2101,149
2102,149
2103,149
2104,149
2105,149
2106,149
2107,149
2108,149
2109,149
2110,149
2111,149
2112,149
2113,149
2114,149
2115,149
2116,149
2117,149
2118,149
2119,149
2120,149
2121,149
2122,149
2123,149
2124,149
2125,149
2126,149
2127,149
2128,149
2129,149
2130,148
2131,148
2132,149
2133,149
2134,149
2135,149
2136,149
2137,149
2138,148
2139,148
2140,149
2141,148
2142,148
2143,149
2144,148
2145,149
2146,149
2147,149
2148,149
2149,149
2150,149
2151,149
2152,149
2153,149
2154,149
2155,149
2156,149
2157,149
2158,149
2159,149
2160,149
2161,149
2162,149
2163,149
2164,148
2165,148
2166,148
2167,148
2168,148
2169,148
2170,148
2171,148
2172,148
2173,147
2174,147
2175,147
2176,147
2177,147
2178,147
2179,147
2180,147
2181,147
2182,147
2183,147
2184,146
2185,147
2186,147
2187,147
2188,147
2189,147
2190,147
2191,147
2192,147
2193,147
2194,147
2195,147
2196,147
2197,147
2198,147
2199,147
2200,147
2201,147
2202,148
2203,147
2204,148
2205,148
2206,148
2207,148
2208,148
2209,148
2210,148
2211,148
2212,148
2213,148
2214,148
2215,147
2216,148
2217,148
2218,148
2219,148
2220,148
2221,148
2222,148
2223,148
2224,149
2225,149
2226,148
2227,148
2228,148
2229,148
2230,148
2231,148
2232,148
2233,148
2234,148
2235,148
2236,148
2237,148
2238,148
2239,148
2240,148
2241,148
2242,148
2243,148
2244,147
2245,147
2246,147
2247,147
2248,148
2249,148
2250,148
2251,148
2252,148
2253,148
2254,148
2255,148
2256,148
2257,148
2258,148
2259,148
2260,148
2261,148
2262,148
2263,148
2264,147
2265,148
2266,148
2267,148
2268,147
2269,147
2270,147
2271,148
2272,148
2273,148
2274,148
2275,148
2276,148
2277,148
2278,148
2279,148
2280,148
2281,148
2282,147
2283,147
2284,147
2285,147
2286,147
2287,147
2288,147
2289,147
2290,147
2291,147
2292,146
2293,146
2294,146
2295,146
2296,146
2297,146
2298,146
2299,146
2300,146
2301,146
2302,146
2303,146
2304,146
2305,146
2306,146
2307,145
2308,145
2309,145
2310,145
2311,146
2312,146
2313,146
2314,146
2315,146
2316,146
2317,145
2318,145
2319,145
2320,145
2321,145
2322,145
2323,145
2324,145
2325,145
2326,145
2327,145
2328,145
2329,145
2330,145
2331,145
2332,145
2333,145
2334,145
2335,145
2336,145
2337,145
2338,145
2339,145
2340,145
2341,145
2342,145
2343,145
2344,145
2345,146
2346,146
2347,146
2348,146
2349,146
2350,146
2351,146
2352,146
2353,146
2354,146
2355,146
2356,146
2357,147
2358,147
2359,147
2360,147
2361,147
2362,147
2363,146
2364,146
2365,146
2366,146
2367,146
2368,146
2369,146
2370,146
2371,146
2372,146
2373,146
2374,146
2375,146
2376,146
2377,146
2378,146
2379,146
2380,147
2381,147
2382,147
2383,147
2384,147
2385,147
2386,147
2387,147
2388,147
2389,147
2390,147
2391,147
2392,147
2393,147
2394,147
2395,147
2396,147
2397,146
2398,147
2399,147
2400,147
2401,147
2402,147
2403,147
2404,147
2405,147
2406,147
2407,147
2408,147
2409,147
2410,147
2411,147
2412,147
2413,147
2414,147
2415,147
2416,147
2417,147
2418,147
2419,147
2420,146
2421,146
2422,147
2423,147
2424,146
2425,146
2426,146
2427,147
2428,147
2429,147
2430,147
2431,147
2432,147
2433,147
2434,147
2435,147
2436,146
2437,147
2438,147
2439,147
2440,147
2441,147
2442,147
2443,147
2444,147
2445,147
2446,147
2447,147
2448,147
2449,147
2450,146
2451,147
2452,147
2453,147
2454,147
2455,147
2456,147
2457,147
2458,147
2459,147
2460,147
2461,147
2462,147
2463,147
2464,147
2465,147
2466,146
2467,146
2468,146
2469,146
2470,147
2471,147
2472,146
2473,146
2474,146
2475,146
2476,146
2477,146
2478,146
2479,146
2480,146
2481,146
2482,146
2483,146
2484,146
2485,146
2486,146
2487,146
2488,146
2489,146
2490,146
2491,146
2492,146
2493,146
2494,146
2495,146
2496,146
2497,146
2498,146
2499,146
2500,146
2501,146
2502,146
2503,146
2504,146
2505,146
2506,146
2507,146
2508,147
2509,147
2510,147
2511,147
2512,147
2513,147
2514,147
2515,147
2516,147
2517,147
2518,147
2519,147
2520,147
2521,147
2522,147
2523,148
2524,147
2525,147
2526,148
2527,148
2528,148
2529,148
2530,148
2531,148
2532,148
2533,148
2534,148
2535,148
2536,148
2537,148
2538,149
2539,149
2540,149
2541,148
2542,148
2543,148
2544,148
2545,148
2546,148
2547,148
2548,148
2549,148
2550,149
2551,149
2552,148
2553,148
2554,148
2555,148
2556,148
2557,148
2558,148
2559,148
2560,148
2561,148
2562,148
2563,148
2564,148
2565,148
2566,148
2567,148
2568,148
2569,148
2570,148
2571,148
2572,148
2573,148
2574,148
2575,148
2576,148
2577,148
2578,148
2579,148
2580,148
2581,148
2582,148
2583,148
2584,148
2585,148
2586,148
2587,148
2588,147
2589,147
2590,147
2591,147
2592,148
2593,148
2594,148
2595,147
2596,147
2597,148
2598,148
2599,148
2600,147
2601,148
2602,148
2603,148
2604,148
2605,148
2606,148
2607,148
2608,148
2609,148
2610,148
2611,148
2612,148
2613,149
2614,149
2615,149
2616,149
2617,148
2618,149
2619,149
2620,149
2621,149
2622,149
2623,149
2624,149
2625,149
2626,149
2627,149
2628,149
2629,149
2630,149
2631,149
2632,149
2633,150
2634,150
2635,150
2636,150
2637,150
2638,150
2639,150
2640,150
2641,150
2642,150
2643,150
2644,150
2645,150
2646,151
2647,151
2648,151
2649,151
2650,151
2651,151
2652,151
2653,151
2654,151
2655,151
2656,151
2657,151
2658,151
2659,150
2660,150
2661,150
2662,150
2663,150
2664,150
2665,150
2666,150
2667,151
2668,151
2669,151
2670,151
2671,151
2672,151
2673,151
2674,151
2675,151
2676,151
2677,151
2678,151
2679,151
2680,151
2681,151
2682,151
2683,151
2684,151
2685,151
2686,151
2687,151
2688,151
2689,151
2690,151
2691,151
2692,151
2693,151
2694,151
2695,151
2696,151
2697,151
2698,151
2699,151
2700,151
2701,151
2702,151
2703,151
2704,151
2705,150
2706,150
2707,150
2708,150
2709,150
2710,151
2711,151
2712,151
2713,151
2714,151
2715,151
2716,151
2717,151
2718,151
2719,151
2720,151
2721,151
2722,151
2723,151
2724,151
2725,151
2726,150
2727,150
2728,150
2729,150
2730,150
2731,150
2732,150
2733,150
2734,150
2735,150
2736,149
2737,149
2738,149
2739,149
2740,149
2741,149
2742,150
2743,150
2744,150
2745,150
2746,150
2747,150
2748,150
2749,150
2750,150
2751,150
2752,150
2753,150
2754,150
2755,150
2756,150
2757,150
2758,150
2759,150
2760,150
2761,150
2762,150
2763,150
2764,151
2765,151
2766,151
2767,151
2768,151
2769,151
2770,151
2771,151
2772,151
2773,151
2774,151
2775,151
2776,151
2777,151
2778,151
2779,151
2780,150
2781,150
2782,150
2783,150
2784,150
2785,150
2786,151
2787,151
2788,151
2789,151
2790,151
2791,151
2792,152
2793,152
2794,152
2795,152
2796,152
2797,152
2798,152
2799,152
2800,152
2801,152
2802,152
2803,152
2804,152
2805,152
2806,152
2807,152
2808,152
2809,152
2810,152
2811,152
2812,152
2813,152
2814,152
2815,152
2816,152
2817,152
2818,152
2819,152
2820,153
2821,153
2822,152
2823,153
2824,152
2825,153
2826,152
2827,153
2828,153
2829,153
2830,153
2831,153
2832,153
2833,153
2834,153
2835,153
2836,153
2837,153
2838,153
2839,153
2840,153
2841,153
2842,153
2843,153
2844,153
2845,153
2846,153
2847,153
2848,153
2849,153
2850,153
2851,153
2852,153
2853,153
2854,153
2855,154
2856,154
2857,154
2858,154
2859,153
2860,153
2861,153
2862,154
2863,154
2864,153
2865,154
2866,153
2867,153
2868,154
2869,153
2870,153
2871,153
2872,153
2873,153
2874,153
2875,154
2876,154
2877,154
2878,154
2879,154
2880,154
2881,154
2882,154
2883,154
2884,154
2885,154
2886,154
2887,154
2888,155
2889,155
2890,155
2891,155
2892,155
2893,155
2894,155
2895,155
2896,155
2897,155
2898,155
2899,155
2900,155
2901,154
2902,154
2903,154
2904,155
2905,155
2906,155
2907,155
2908,155
2909,155
2910,155
2911,155
2912,155
2913,155
2914,155
2915,155
2916,155
2917,154
2918,154
2919,154
2920,155
2921,155
2922,155
2923,155
2924,155
2925,155
2926,155
2927,155
2928,155
2929,155
2930,155
2931,155
2932,155
2933,155
2934,155
2935,155
2936,155
2937,155
2938,155
2939,155
2940,155
2941,155
2942,155
2943,155
2944,154
2945,154
2946,154
2947,155
2948,155
2949,155
2950,155
2951,155
2952,155
2953,154
2954,155
2955,155
2956,155
2957,155
2958,155
2959,155
2960,155
2961,155
2962,155
2963,155
2964,155
2965,155
2966,155
2967,155
2968,155
2969,155
2970,155
2971,155
2972,155
2973,155
2974,155
2975,155
2976,155
2977,155
2978,155
2979,154
2980,154
2981,155
2982,155
2983,155
2984,154
2985,155
2986,155
2987,155
2988,155
2989,155
2990,155
2991,155
2992,155
2993,155
2994,155
2995,155
2996,155
2997,155
2998,155
2999,154
3000,154
3001,155
3002,155
3003,155
3004,155
3005,155
3006,154
3007,155
3008,155
3009,155
3010,155
3011,155
3012,155
3013,155
3014,155
3015,154
3016,154
3017,154
3018,155
3019,155
3020,155
3021,155
3022,155
3023,155
3024,155
3025,155
3026,155
3027,155
3028,155
3029,154
3030,154
3031,154
3032,154
3033,154
3034,154
3035,154
3036,154
3037,154
3038,154
3039,154
3040,155
3041,155
3042,155
3043,155
3044,155
3045,155
3046,154
3047,154
3048,155
3049,154
3050,154
3051,155
3052,155
3053,155
3054,155
3055,155
3056,155
3057,155
3058,154
3059,154
3060,155
3061,155
3062,155
3063,155
3064,155
3065,155
3066,155
3067,155
3068,155
3069,155
3070,155
3071,155
3072,155
3073,155
3074,155
3075,155
3076,155
3077,155
3078,155
3079,155
3080,155
3081,155
3082,155
3083,155
3084,155
3085,155
3086,155
3087,156
3088,156
3089,156
3090,156
3091,155
3092,156
3093,156
3094,156
3095,156
3096,156
3097,156
3098,156
3099,156
3100,156
3101,156
3102,156
3103,156
3104,156
3105,156
3106,155
3107,155
3108,155
3109,155
3110,155
3111,155
3112,155
3113,155
3114,155
3115,155
3116,155
3117,155
3118,155
3119,155
3120,155
3121,155
3122,155
3123,155
3124,155
3125,155
3126,155
3127,154
3128,154
3129,154
3130,154
3131,154
3132,154
3133,154
3134,154
3135,154
3136,154
3137,154
3138,154
3139,154
3140,154
3141,154
3142,154
3143,154
3144,155
3145,155
3146,155
3147,155
3148,154
3149,155
3150,155
3151,155
3152,155
3153,155
3154,154
3155,155
3156,155
3157,155
3158,155
3159,155
3160,155
3161,155
3162,155
3163,155
3164,155
3165,155
3166,155
3167,155
3168,155
3169,155
3170,155
3171,155
3172,155
3173,155
3174,155
3175,155
3176,155
3177,155
3178,155
3179,155
3180,155
3181,155
3182,155
3183,154
3184,154
3185,155
3186,155
3187,155
3188,155
3189,155
3190,154
3191,154
3192,154
3193,154
3194,154
3195,154
3196,154
3197,154
3198,154
3199,154
3200,154
3201,154
3202,154
3203,155
3204,155
3205,155
3206,155
3207,155
3208,155
3209,155
3210,155
3211,155
3212,155
3213,154
3214,154
3215,154
3216,154
3217,155
3218,155
3219,155
3220,155
3221,155
3222,155
3223,155
3224,155
3225,155
3226,155
3227,155
3228,155
3229,155
3230,155
3231,156
3232,156
3233,156
3234,156
3235,156
3236,156
3237,156
3238,156
3239,156
3240,156
3241,155
3242,155
3243,155
3244,155
3245,155
3246,155
3247,155
3248,155
3249,155
3250,155
3251,155
3252,155
3253,155
3254,155
3255,155
3256,156
3257,156
3258,156
3259,157
3260,157
3261,157
3262,156
3263,156
3264,156
3265,157
3266,157
3267,157
3268,157
3269,157
3270,157
3271,157
3272,157
3273,157
3274,157
3275,157
3276,156
3277,156
3278,156
3279,157
3280,157
3281,157
3282,157
3283,156
3284,157
3285,157
3286,157
3287,157
3288,157
3289,156
3290,157
3291,157
3292,157
3293,157
3294,157
3295,157
3296,157
3297,157
3298,157
3299,157
3300,157
3301,157
3302,157
3303,157
3304,156
3305,156
3306,157
3307,157
3308,157
3309,157
3310,157
3311,157
3312,157
3313,157
3314,157
3315,157
3316,157
3317,157
3318,157
3319,157
3320,157
3321,157
3322,158
3323,158
3324,157
3325,157
3326,157
3327,157
3328,157
3329,157
3330,158
3331,157
3332,157
3333,157
3334,157
3335,157
3336,157
3337,157
3338,157
3339,157
3340,157
3341,157
3342,157
3343,157
3344,157
3345,157
3346,157
3347,157
3348,157
3349,157
3350,157
3351,157
3352,157
3353,157
3354,157
3355,157
3356,157
3357,157
3358,157
3359,157
3360,157
3361,157
3362,157
3363,157
3364,157
3365,157
3366,156
3367,156
3368,157
3369,157
3370,157
3371,157
3372,157
3373,157
3374,157
3375,157
3376,157
3377,157
3378,156
3379,157
3380,157
3381,156
3382,157
3383,156
3384,157
3385,157
3386,157
3387,157
3388,157
3389,157
3390,157
3391,157
3392,156
3393,156
3394,156
3395,156
3396,156
3397,156
3398,156
3399,157
3400,156
3401,156
3402,156
3403,156
3404,157
3405,157
3406,157
3407,157
3408,157
3409,157
3410,157
3411,157
3412,157
3413,157
3414,157
3415,157
3416,157
3417,157
3418,156
3419,156
3420,156
3421,156
3422,156
3423,156
3424,156
3425,157
3426,157
3427,157
3428,157
3429,157
3430,157
3431,157
3432,157
3433,157
3434,157
3435,157
3436,157
3437,157
3438,157
3439,157
3440,157
3441,157
3442,157
3443,157
3444,157
3445,157
3446,157
3447,157
3448,157
3449,157
3450,157
3451,157
3452,157
3453,157
3454,157
3455,157
3456,157
3457,157
3458,157
3459,156
3460,156
3461,156
3462,156
3463,156
3464,156
3465,156
3466,156
3467,156
3468,156
3469,156
3470,156
3471,156
3472,155
3473,155
3474,155
3475,155
3476,155
3477,156
3478,156
3479,156
3480,156
3481,156
3482,156
3483,156
3484,156
3485,156
3486,156
3487,156
3488,156
3489,156
3490,156
3491,156
3492,156
3493,156
3494,156
3495,156
3496,156
3497,156
3498,156
3499,156
3500,156
3501,157
3502,157
3503,156
3504,156
3505,156
3506,156
3507,156
3508,156
3509,156
3510,156
3511,156
3512,156
3513,156
3514,156
3515,156
3516,156
3517,156
3518,155
3519,155
3520,155
3521,155
3522,155
3523,155
3524,155
3525,155
3526,155
3527,155
3528,155
3529,155
3530,155
3531,155
3532,155
3533,155
3534,154
3535,155
3536,155
3537,154
3538,154
3539,155
3540,155
3541,155
3542,155
3543,154
3544,154
3545,154
3546,154
3547,154
3548,154
3549,154
3550,154
3551,154
3552,154
3553,155
3554,154
3555,155
3556,155
3557,155
3558,155
3559,155
3560,155
3561,155
3562,155
3563,155
3564,155
3565,155
3566,155
3567,155
3568,155
3569,155
3570,155
3571,155
3572,155
3573,155
3574,155
3575,155
3576,155
3577,155
3578,155
3579,155
3580,155
3581,155
3582,155
3583,155
3584,155
3585,155
3586,155
3587,155
3588,155
3589,155
3590,155
3591,155
3592,155
3593,155
3594,155
3595,155
3596,155
3597,155
3598,155
3599,155
3600,155
3601,155
3602,156
3603,156
3604,155
3605,156
3606,156
3607,155
3608,155
3609,155
3610,155
3611,155
3612,155
3613,155
3614,155
3615,155
3616,155
3617,155
3618,155
3619,155
3620,155
3621,154
3622,155
3623,155
3624,155
3625,155
3626,155
3627,155
3628,155
3629,155
3630,154
3631,154
3632,154
3633,154
3634,154
3635,154
3636,154
3637,154
3638,154
3639,154
3640,154
3641,154
3642,155
3643,155
3644,154
3645,154
3646,154
3647,154
3648,154
3649,155
3650,155
3651,155
3652,155
3653,155
3654,155
3655,155
3656,155
3657,155
3658,155
3659,154
3660,155
3661,155
3662,155
3663,154
3664,154
3665,154
3666,154
3667,154
3668,154
3669,154
3670,154
3671,154
3672,154
3673,154
3674,154
3675,153
3676,154
3677,154
3678,153
3679,153
3680,153
3681,153
3682,154
3683,154
3684,154
3685,154
3686,154
3687,154
3688,153
3689,154
3690,154
3691,154
3692,154
3693,154
3694,154
3695,154
3696,153
3697,154
3698,153
3699,153
3700,154
3701,154
3702,154
3703,154
3704,154
3705,154
3706,154
3707,154
3708,154
3709,154
3710,154
3711,154
3712,154
3713,154
3714,154
3715,154
3716,154
3717,154
3718,154
3719,154
3720,154
3721,154
3722,154
3723,154
3724,154
3725,154
3726,154
3727,154
3728,154
3729,154
3730,154
3731,154
3732,154
3733,154
3734,154
3735,154
3736,154
3737,154
3738,154
3739,154
3740,154
3741,153
3742,153
3743,153
3744,153
3745,153
3746,154
3747,154
3748,154
3749,153
3750,153
3751,153
3752,153
3753,154
3754,153
3755,153
3756,153
3757,153
3758,153
3759,153
3760,153
3761,153
3762,153
3763,153
3764,153
3765,153
3766,153
3767,152
3768,152
3769,152
3770,152
3771,153
3772,153
3773,153
3774,152
3775,153
3776,153
3777,153
3778,153
3779,153
3780,153
3781,153
3782,153
3783,152
3784,153
3785,153
3786,153
3787,152
3788,152
3789,153
3790,153
3791,153
3792,153
3793,153
3794,153
3795,153
3796,153
3797,153
3798,153
3799,153
3800,153
3801,153
3802,153
3803,154
3804,154
3805,154
3806,153
3807,154
3808,154
3809,154
3810,154
3811,153
3812,153
3813,153
3814,153
3815,153
3816,154
3817,154
3818,154
3819,154
3820,154
3821,154
3822,154
3823,154
3824,154
3825,153
3826,154
3827,154
3828,154
3829,154
3830,153
3831,154
3832,153
3833,154
3834,154
3835,154
3836,153
3837,153
3838,154
3839,154
3840,154
3841,154
3842,154
3843,154
3844,154
3845,153
3846,153
3847,153
3848,153
3849,154
3850,154
3851,153
3852,153
3853,153
3854,153
3855,153
3856,153
3857,153
3858,153
3859,153
3860,153
3861,153
3862,153
3863,153
3864,153
3865,153
3866,153
3867,153
3868,153
3869,152
3870,152
3871,152
3872,153
3873,152
3874,152
3875,152
3876,152
3877,152
3878,152
3879,152
3880,152
3881,152
3882,152
3883,152
3884,151
3885,151
3886,151
3887,151
3888,151
3889,152
3890,151
3891,151
3892,151
3893,151
3894,151
3895,151
3896,151
3897,151
3898,151
3899,151
3900,151
3901,151
3902,151
3903,151
3904,151
3905,151
3906,151
3907,151
3908,151
3909,151
3910,151
3911,152
3912,152
3913,152
3914,152
3915,151
3916,151
3917,152
3918,152
3919,152
3920,152
3921,152
3922,153
3923,153
3924,153
3925,153
3926,153
3927,153
3928,153
3929,153
3930,153
3931,153
3932,153
3933,153
3934,153
3935,153
3936,153
3937,153
3938,153
3939,153
3940,153
3941,153
3942,153
3943,153
3944,153
3945,152
3946,152
3947,153
3948,153
3949,153
3950,153
3951,153
3952,153
3953,153
3954,153
3955,153
3956,153
3957,153
3958,153
3959,153
3960,153
3961,153
3962,153
3963,153
3964,152
3965,152
3966,152
3967,153
3968,153
3969,153
3970,153
3971,153
3972,153
3973,153
3974,153
3975,153
3976,153
3977,153
3978,153
3979,153
3980,153
3981,153
3982,153
3983,153
3984,153
3985,153
3986,153
3987,153
3988,153
3989,153
3990,152
3991,152
3992,152
3993,152
3994,152
3995,152
3996,152
3997,152
3998,152
3999,153
4000,153
4001,153
4002,153
4003,153
4004,153
4005,153
4006,153
4007,153
4008,153
4009,153
4010,153
4011,153
4012,153
4013,153
4014,153
4015,153
4016,153
4017,153
4018,153
4019,152
4020,152
4021,152
4022,152
4023,152
4024,152
4025,152
4026,152
4027,152
4028,152
4029,152
4030,152
4031,152
4032,152
4033,152
4034,152
4035,152
4036,152
4037,152
4038,151
4039,151
4040,151
4041,151
4042,151
4043,151
4044,151
4045,151
4046,151
4047,151
4048,151
4049,151
4050,151
4051,151
4052,151
4053,151
4054,151
4055,152
4056,152
4057,152
4058,151
4059,151
4060,151
4061,151
4062,151
4063,151
4064,151
4065,151
4066,151
4067,151
4068,151
4069,151
4070,151
4071,151
4072,152
4073,152
4074,152
4075,152
4076,152
4077,152
4078,152
4079,151
4080,151
4081,151
4082,151
4083,152
4084,152
4085,152
4086,152
4087,152
4088,152
4089,152
4090,152
4091,152
4092,152
4093,152
4094,152
4095,152
4096,152
4097,152
4098,152
4099,152
4100,152
4101,152
4102,152
4103,152
4104,152
4105,152
4106,152
4107,152
4108,152
4109,152
4110,152
4111,152
4112,152
4113,152
4114,152
4115,152
4116,153
4117,153
4118,153
4119,153
4120,153
4121,153
4122,153
4123,152
4124,152
4125,152
4126,152
4127,152
4128,152
4129,152
4130,153
4131,153
4132,152
4133,153
4134,153
4135,153
4136,153
4137,153
4138,153
4139,153
4140,153
4141,153
4142,153
4143,153
4144,153
4145,153
4146,153
4147,153
4148,153
4149,153
4150,153
4151,153
4152,153
4153,152
4154,152
4155,153
4156,153
4157,153
4158,153
4159,153
4160,153
4161,153
4162,153
4163,153
4164,153
4165,153
4166,153
4167,153
4168,153
4169,152
4170,152
4171,152
4172,153
4173,153
4174,153
4175,152
4176,153
4177,153
4178,152
4179,152
4180,152
4181,152
4182,153
4183,153
4184,153
4185,153
4186,153
4187,153
4188,152
4189,153
4190,152
4191,153
4192,153
4193,153
4194,153
4195,153
4196,154
4197,153
4198,154
4199,153
4200,154
4201,154
4202,154
4203,154
4204,154
4205,154
4206,154
4207,154
4208,153
4209,153
4210,153
4211,153
4212,153
4213,153
4214,154
4215,154
4216,154
4217,154
4218,154
4219,154
4220,154
4221,154
4222,154
4223,154
4224,154
4225,154
4226,154
4227,154
4228,154
4229,154
4230,154
4231,154
4232,154
4233,154
4234,154
4235,154
4236,154
4237,154
4238,154
4239,154
4240,154
4241,154
4242,154
4243,154
4244,154
4245,154
4246,154
4247,154
4248,154
4249,154
4250,154
4251,154
4252,154
4253,154
4254,155
4255,155
4256,155
4257,154
4258,154
4259,154
4260,154
4261,154
4262,154
4263,154
4264,154
4265,154
4266,154
4267,154
4268,155
4269,154
4270,155
4271,155
4272,155
4273,155
4274,155
4275,155
4276,155
4277,155
4278,155
4279,155
4280,155
4281,155
4282,155
4283,155
4284,155
4285,155
4286,155
4287,155
4288,155
4289,155
4290,155
4291,155
4292,155
4293,155
4294,155
4295,155
4296,155
4297,155
4298,155
4299,155
4300,155
4301,155
4302,155
4303,155
4304,155
4305,155
4306,155
4307,155
4308,155
4309,155
4310,154
4311,155
4312,155
4313,155
4314,155
4315,155
4316,155
4317,155
4318,155
4319,155
4320,154
4321,154
4322,154
4323,154
4324,154
4325,154
4326,154
4327,154
4328,154
4329,154
4330,154
4331,154
4332,154
4333,154
4334,154
4335,154
4336,154
4337,154
4338,154
4339,154
4340,154
4341,154
4342,154
4343,154
4344,154
4345,154
4346,154
4347,154
4348,154
4349,154
4350,154
4351,155
4352,155
4353,155
4354,155
4355,155
4356,155
4357,155
4358,155
4359,155
4360,155
4361,155
4362,155
4363,155
4364,155
4365,155
4366,155
4367,156
4368,156
4369,156
4370,156
4371,156
4372,156
4373,156
4374,156
4375,156
4376,155
4377,155
4378,156
4379,156
4380,155
4381,155
4382,156
4383,156
4384,155
4385,156
4386,156
4387,156
4388,156
4389,156
4390,156
4391,156
4392,156
4393,156
4394,156
4395,156
4396,156
4397,156
4398,156
4399,156
4400,156
4401,156
4402,156
4403,156
4404,156
4405,156
4406,156
4407,156
4408,156
4409,156
4410,156
4411,156
4412,156
4413,156
4414,156
4415,156
4416,156
4417,156
4418,156
4419,156
4420,156
4421,156
4422,156
4423,156
4424,157
4425,157
4426,156
4427,157
4428,156
4429,157
4430,157
4431,157
4432,157
4433,157
4434,157
4435,157
4436,157
4437,157
4438,157
4439,157
4440,157
4441,157
4442,156
4443,157
4444,157
4445,157
4446,157
4447,157
4448,157
4449,157
4450,156
4451,156
4452,156
4453,156
4454,156
4455,157
4456,156
4457,156
4458,156
4459,156
4460,156
4461,156
4462,156
4463,156
4464,156
4465,156
4466,156
4467,156
4468,156
4469,156
4470,156
4471,156
4472,156
4473,156
4474,156
4475,156
4476,156
4477,156
4478,156
4479,156
4480,156
4481,156
4482,156
4483,156
4484,156
4485,156
4486,156
4487,156
4488,156
4489,156
4490,156
4491,156
4492,156
4493,156
4494,156
4495,156
4496,156
4497,156
4498,156
4499,156
4500,156
4501,156
4502,156
4503,156
4504,156
4505,156
4506,156
4507,156
4508,156
4509,156
4510,156
4511,156
4512,156
4513,157
4514,157
4515,157
4516,157
4517,157
4518,157
4519,157
4520,157
4521,157
4522,157
4523,156
4524,156
4525,156
4526,156
4527,156
4528,156
4529,156
4530,156
4531,156
4532,156
4533,156
4534,156
4535,156
4536,156
4537,156
4538,157
4539,156
4540,156
4541,156
4542,156
4543,156
4544,156
4545,157
4546,157
4547,157
4548,156
4549,156
4550,156
4551,156
4552,156
4553,157
4554,157
4555,157
4556,157
4557,156
4558,157
4559,157
4560,157
4561,157
4562,157
4563,157
4564,157
4565,157
4566,157
4567,157
4568,157
4569,157
4570,157
4571,157
4572,157
4573,157
4574,157
4575,157
4576,157
4577,157
4578,157
4579,157
4580,157
4581,157
4582,157
4583,157
4584,157
4585,157
4586,157
4587,156
4588,156
4589,156
4590,156
4591,156
4592,156
4593,156
4594,156
4595,156
4596,156
4597,156
4598,156
4599,156
4600,156
4601,156
4602,156
4603,156
4604,156
4605,156
4606,156
4607,156
4608,157
4609,157
4610,157
4611,157
4612,156
4613,156
4614,157
4615,156
4616,156
4617,156
4618,156
4619,156
4620,156
4621,156
4622,156
4623,156
4624,156
4625,156
4626,156
4627,156
4628,157
4629,156
4630,157
4631,157
4632,157
4633,157
4634,157
4635,157
4636,157
4637,157
4638,157
4639,157
4640,157
4641,157
4642,157
4643,157
4644,157
4645,157
4646,157
4647,157
4648,157
4649,157
4650,157
4651,157
4652,157
4653,157
4654,157
4655,157
4656,157
4657,156
4658,157
4659,157
4660,156
4661,157
4662,157
4663,157
4664,157
4665,157
4666,157
4667,157
4668,157
4669,157
4670,157
4671,157
4672,156
4673,156
4674,157
4675,157
4676,157
4677,157
4678,157
4679,157
4680,157
4681,157
4682,157
4683,157
4684,157
4685,157
4686,156
4687,157
4688,157
4689,157
4690,157
4691,157
4692,157
4693,157
4694,157
4695,157
4696,157
4697,157
4698,157
4699,157
4700,157
4701,157
4702,157
4703,157
4704,157
4705,157
4706,157
4707,157
4708,157
4709,157
4710,157
4711,157
4712,157
4713,157
4714,157
4715,157
4716,157
4717,157
4718,157
4719,157
4720,157
4721,157
4722,157
4723,157
4724,157
4725,157
4726,157
4727,157
4728,157
4729,157
4730,157
4731,157
4732,157
4733,157
4734,157
4735,157
4736,158
4737,158
4738,158
4739,158
4740,158
4741,158
4742,158
4743,158
4744,158
4745,158
4746,158
4747,158
4748,158
4749,158
4750,158
4751,158
4752,158
4753,158
4754,158
4755,158
4756,158
4757,158
4758,158
4759,158
4760,158
4761,158
4762,158
4763,158
4764,158
4765,158
4766,158
4767,158
4768,158
4769,158
4770,157
4771,157
4772,157
4773,157
4774,157
4775,157
4776,157
4777,157
4778,157
4779,157
4780,157
4781,157
4782,157
4783,157
4784,157
4785,157
4786,157
4787,157
4788,157
4789,157
4790,157
4791,157
4792,157
4793,157
4794,157
4795,157
4796,157
4797,157
4798,157
4799,157
4800,157
4801,157
4802,157
4803,156
4804,156
4805,157
4806,156
4807,156
4808,156
4809,156
4810,157
4811,157
4812,157
4813,157
4814,157
4815,157
4816,157
4817,157
4818,157
4819,157
4820,157
4821,157
4822,157
4823,157
4824,157
4825,157
4826,157
4827,157
4828,157
4829,157
4830,157
4831,157
4832,157
4833,157
4834,157
4835,157
4836,157
4837,157
4838,157
4839,157
4840,157
4841,157
4842,157
4843,157
4844,157
4845,157
4846,157
4847,157
4848,158
4849,158
4850,158
4851,158
4852,158
4853,158
4854,158
4855,158
4856,158
4857,159
4858,159
4859,158
4860,158
4861,158
4862,158
4863,158
4864,159
4865,159
4866,158
4867,158
4868,159
4869,159
4870,159
4871,159
4872,159
4873,159
4874,158
4875,159
4876,159
4877,159
4878,158
4879,158
4880,158
4881,158
4882,158
4883,158
4884,158
4885,157
4886,157
4887,157
4888,157
4889,157
4890,157
4891,157
4892,157
4893,157
4894,157
4895,157
4896,157
4897,157
4898,157
4899,157
4900,158
4901,158
4902,158
4903,158
4904,158
4905,158
4906,158
4907,158
4908,157
4909,158
4910,158
4911,158
4912,158
4913,157
4914,157
4915,157
4916,157
4917,157
4918,157
4919,158
4920,158
4921,158
4922,158
4923,157
4924,158
4925,158
4926,157
4927,157
4928,157
4929,157
4930,158
4931,158
4932,158
4933,158
4934,158
4935,158
4936,158
4937,158
4938,159
4939,158
4940,158
4941,158
4942,158
4943,158
4944,158
4945,158
4946,158
4947,158
4948,158
4949,159
4950,158
4951,158
4952,158
4953,158
4954,158
4955,158
4956,158
4957,158
4958,158
4959,158
4960,158
4961,158
4962,158
4963,158
4964,158
4965,158
4966,158
4967,158
4968,158
4969,158
4970,158
4971,158
4972,158
4973,158
4974,158
4975,158
4976,158
4977,158
4978,159
4979,159
4980,158
4981,158
4982,159
4983,159
4984,160
4985,160
4986,160
4987,160
4988,159
4989,159
4990,160
4991,160
4992,160
4993,160
4994,160
4995,160
4996,160
4997,160
4998,160
4999,160
5000,160
5001,160
5002,160
5003,160
5004,160
5005,160
5006,161
5007,161
5008,161
5009,161
5010,161
5011,161
5012,161
5013,161
5014,161
5015,161
5016,161
5017,161
5018,161
5019,161
5020,161
5021,161
5022,161
5023,161
5024,161
5025,161
5026,161
5027,161
5028,161
5029,161
5030,161
5031,161
5032,161
5033,161
5034,161
5035,161
5036,161
5037,160
5038,160
5039,161
5040,161
5041,161
5042,161
5043,161
5044,161
5045,161
5046,161
5047,161
5048,161
5049,161
5050,161
5051,161
5052,161
5053,161
5054,161
5055,161
5056,161
5057,161
5058,161
5059,161
5060,161
5061,161
5062,161
5063,161
5064,161
5065,161
5066,161
5067,161
5068,161
5069,162
5070,162
5071,161
5072,161
5073,162
5074,162
5075,162
5076,162
5077,162
5078,162
5079,162
5080,163
5081,163
5082,163
5083,163
5084,163
5085,163
5086,163
5087,163
5088,163
5089,163
5090,163
5091,163
5092,163
5093,163
5094,163
5095,163
5096,163
5097,163
5098,162
5099,162
5100,162
5101,162
5102,162
5103,162
5104,162
5105,161
5106,161
5107,161
5108,161
5109,161
5110,161
5111,161
5112,161
5113,161
5114,161
5115,161
5116,161
5117,161
5118,161
5119,161
5120,160
5121,160
5122,160
5123,160
5124,160
5125,160
5126,160
5127,160
5128,160
5129,160
5130,160
5131,160
5132,160
5133,160
5134,160
5135,160
5136,160
5137,160
5138,161
5139,161
5140,161
5141,161
5142,161
5143,161
5144,161
5145,161
5146,161
5147,160
5148,161
5149,161
5150,161
5151,161
5152,161
5153,161
5154,161
5155,161
5156,161
5157,161
5158,161
5159,161
5160,161
5161,161
5162,161
5163,161
5164,161
5165,161
5166,161
5167,161
5168,161
5169,161
5170,161
5171,161
5172,160
5173,160
5174,160
5175,160
5176,160
5177,160
5178,160
5179,160
5180,160
5181,160
5182,160
5183,161
5184,161
5185,161
5186,161
5187,161
5188,161
5189,161
5190,161
5191,161
5192,161
5193,160
5194,160
5195,160
5196,160
5197,160
5198,160
5199,160
5200,160
5201,160
5202,160
5203,160
5204,160
5205,160
5206,159
5207,159
5208,159
5209,159
5210,159
5211,159
5212,159
5213,159
5214,159
5215,159
5216,159
5217,159
5218,159
5219,160
5220,160
5221,160
5222,160
5223,160
5224,160
5225,159
5226,159
5227,159
5228,159
5229,159
5230,159
5231,159
5232,159
5233,159
5234,159
5235,159
5236,159
5237,159
5238,159
5239,159
5240,159
5241,159
5242,160
5243,160
5244,160
5245,159
5246,159
5247,159
5248,159
5249,160
5250,160
5251,160
5252,160
5253,160
5254,160
5255,159
5256,159
5257,160
5258,160
5259,160
5260,160
5261,160
5262,160
5263,160
5264,160
5265,160
5266,160
5267,160
5268,159
5269,160
5270,160
5271,160
5272,159
5273,159
5274,160
5275,159
5276,159
5277,159
5278,160
5279,160
5280,160
5281,160
5282,160
5283,160
5284,160
5285,160
5286,160
5287,160
5288,160
5289,161
5290,161
5291,161
5292,161
5293,161
5294,161
5295,161
5296,161
5297,161
5298,161
5299,161
5300,161
5301,161
5302,161
5303,161
5304,161
5305,162
5306,162
5307,162
5308,162
5309,162
5310,162
5311,162
5312,162
5313,162
5314,162
5315,162
5316,162
5317,162
5318,162
5319,161
5320,162
5321,162
5322,162
5323,161
5324,161
5325,161
5326,161
5327,161
5328,161
5329,161
5330,161
5331,161
5332,161
5333,161
5334,161
5335,161
5336,161
5337,161
5338,161
5339,161
5340,160
5341,160
5342,161
5343,161
5344,161
5345,161
5346,161
5347,161
5348,161
5349,161
5350,160
5351,161
5352,161
5353,161
5354,161
5355,161
5356,161
5357,160
5358,161
5359,161
5360,161
5361,161
5362,161
5363,161
5364,161
5365,160
5366,160
5367,161
5368,161
5369,161
5370,161
5371,161
5372,161
5373,161
5374,161
5375,161
5376,161
5377,160
5378,160
5379,161
5380,161
5381,161
5382,161
5383,161
5384,161
5385,161
5386,161
5387,161
5388,160
5389,160
5390,160
5391,160
5392,160
5393,160
5394,159
5395,159
5396,159
5397,159
5398,159
5399,160
5400,160
5401,160
5402,160
5403,160
5404,160
5405,160
5406,160
5407,160
5408,160
5409,161
5410,161
5411,161
5412,160
5413,160
5414,160
5415,160
5416,160
5417,160
5418,160
5419,161
5420,160
5421,160
5422,160
5423,160
5424,160
5425,160
5426,160
5427,160
5428,160
5429,160
5430,160
5431,160
5432,160
5433,160
5434,160
5435,160
5436,160
5437,160
5438,160
5439,160
5440,160
5441,160
5442,160
5443,160
5444,160
5445,160
5446,160
5447,160
5448,160
5449,160
5450,160
5451,160
5452,160
5453,159
5454,159
5455,159
5456,159
5457,159
5458,159
5459,159
5460,159
5461,159
5462,159
5463,159
5464,159
5465,159
5466,159
5467,159
5468,159
5469,159
5470,158
5471,158
5472,158
5473,158
5474,158
5475,158
5476,158
5477,158
5478,158
5479,158
5480,157
5481,157
5482,157
5483,158
5484,158
5485,158
5486,158
5487,158
5488,158
5489,158
5490,158
5491,158
5492,158
5493,158
5494,159
5495,159
5496,159
5497,159
5498,159
5499,159
5500,158
5501,159
5502,159
5503,159
5504,159
5505,159
5506,159
5507,159
5508,159
5509,159
5510,159
5511,159
5512,159
5513,159
5514,159
5515,159
5516,159
5517,159
5518,159
5519,159
5520,159
5521,159
5522,159
5523,159
5524,159
5525,159
5526,159
5527,159
5528,159
5529,159
5530,159
5531,159
5532,159
5533,159
5534,159
5535,159
5536,159
5537,160
5538,160
5539,160
5540,160
5541,160
5542,160
5543,160
5544,160
5545,160
5546,160
5547,160
5548,160
5549,160
5550,160
5551,159
5552,160
5553,160
5554,160
5555,159
5556,160
5557,160
5558,160
5559,160
5560,160
5561,160
5562,160
5563,160
5564,160
5565,160
5566,160
5567,160
5568,160
5569,160
5570,160
5571,160
5572,160
5573,160
5574,160
5575,160
5576,159
5577,159
5578,159
5579,159
5580,159
5581,159
5582,159
5583,159
5584,159
5585,159
5586,159
5587,159
5588,159
5589,159
5590,159
5591,159
5592,159
5593,159
5594,159
5595,158
5596,158
5597,158
5598,158
5599,158
5600,158
5601,159
5602,159
5603,159
5604,158
5605,158
5606,159
5607,159
5608,159
5609,159
5610,159
5611,159
5612,159
5613,159
5614,159
5615,159
5616,159
5617,159
5618,159
5619,159
5620,159
5621,159
5622,158
5623,159
5624,158
5625,159
5626,159
5627,159
5628,159
5629,159
5630,159
5631,159
5632,159
5633,159
5634,159
5635,159
5636,159
5637,159
5638,159
5639,159
5640,159
5641,159
5642,159
5643,159
5644,159
5645,159
5646,159
5647,159
5648,159
5649,159
5650,159
5651,159
5652,159
5653,159
5654,159
5655,160
5656,160
5657,160
5658,159
5659,159
5660,159
5661,159
5662,159
5663,159
5664,159
5665,159
5666,159
5667,159
5668,159
5669,159
5670,159
5671,158
5672,158
5673,158
5674,158
5675,158
5676,158
5677,158
5678,158
5679,158
5680,158
5681,158
5682,158
5683,158
5684,158
5685,158
5686,157
5687,158
5688,158
5689,158
5690,158
5691,158
5692,158
5693,158
5694,158
5695,158
5696,158
5697,158
5698,158
5699,158
5700,158
5701,158
5702,158
5703,158
5704,158
5705,159
5706,159
5707,159
5708,159
5709,159
5710,159
5711,159
5712,159
5713,159
5714,159
5715,159
5716,159
5717,159
5718,159
5719,159
5720,159
5721,159
5722,159
5723,159
5724,159
5725,159
5726,158
5727,159
5728,159
5729,159
5730,160
5731,160
5732,160
5733,160
5734,160
5735,160
5736,160
5737,160
5738,160
5739,160
5740,160
5741,160
5742,160
5743,160
5744,160
5745,160
5746,159
5747,159
5748,159
5749,159
5750,159
5751,159
5752,158
5753,158
5754,159
5755,159
5756,159
5757,159
5758,159
5759,159
5760,159
5761,159
5762,159
5763,159
5764,158
5765,158
5766,159
5767,158
5768,158
5769,158
5770,158
5771,158
5772,158
5773,158
5774,158
5775,158
5776,158
5777,158
5778,158
5779,158
5780,158
5781,159
5782,159
5783,159
5784,159
5785,159
5786,159
5787,159
5788,159
5789,159
5790,159
5791,160
5792,160
5793,160
5794,160
5795,160
5796,160
5797,160
5798,160
5799,159
5800,159
5801,159
5802,159
5803,159
5804,159
5805,159
5806,159
5807,159
5808,159
5809,159
5810,159
5811,159
5812,158
5813,158
5814,158
5815,158
5816,158
5817,158
5818,158
5819,158
5820,158
5821,158
5822,159
5823,159
5824,159
5825,159
5826,159
5827,159
5828,159
5829,159
5830,159
5831,159
5832,159
5833,158
5834,159
5835,159
5836,158
5837,159
5838,159
5839,159
5840,159
5841,159
5842,159
5843,159
5844,159
5845,159
5846,159
5847,159
5848,159
5849,159
5850,159
5851,159
5852,159
5853,159
5854,159
5855,160
5856,159
5857,159
5858,160
5859,160
5860,160
5861,160
5862,160
5863,160
5864,160
5865,160
5866,160
5867,160
5868,160
5869,159
5870,159
5871,159
5872,159
5873,159
5874,159
5875,159
5876,159
5877,159
5878,159
5879,159
5880,159
5881,159
5882,159
5883,160
5884,160
5885,160
5886,160
5887,160
5888,160
5889,160
5890,160
5891,160
5892,160
5893,159
5894,159
5895,159
5896,159
5897,159
5898,159
5899,160
5900,160
5901,159
5902,159
5903,159
5904,159
5905,160
5906,160
5907,160
5908,160
5909,160
5910,160
5911,160
5912,160
5913,160
5914,159
5915,159
5916,159
5917,159
5918,159
5919,159
5920,159
5921,159
5922,159
5923,159
5924,159
5925,159
5926,159
5927,159
5928,159
5929,159
5930,159
5931,159
5932,159
5933,159
5934,159
5935,160
5936,160
5937,160
5938,160
5939,160
5940,160
5941,159
5942,159
5943,160
5944,160
5945,160
5946,160
5947,160
5948,160
5949,160
5950,160
5951,160
5952,160
5953,159
5954,159
5955,159
5956,160
5957,160
5958,160
5959,160
5960,160
5961,160
5962,160
5963,160
5964,160
5965,160
5966,160
5967,160
5968,160
5969,160
5970,160
5971,160
5972,160
5973,160
5974,160
5975,160
5976,160
5977,160
5978,160
5979,160
5980,160
5981,160
5982,160
5983,160
5984,160
5985,160
5986,160
5987,160
5988,160
5989,160
5990,160
5991,160
5992,160
5993,160
5994,160
5995,160
5996,160
5997,160
5998,160
5999,160
6000,160
6001,160
6002,160
6003,160
6004,160
6005,160
6006,160
6007,160
6008,160
6009,160
6010,160
6011,160
6012,160
6013,160
6014,160
6015,160
6016,160
6017,160
6018,160
6019,160
6020,160
6021,160
6022,160
6023,160
6024,160
6025,160
6026,160
6027,160
6028,160
6029,159
6030,159
6031,159
6032,159
6033,159
6034,159
6035,159
6036,159
6037,159
6038,159
6039,159
6040,159
6041,159
6042,159
6043,159
6044,159
6045,159
6046,158
6047,158
6048,158
6049,158
6050,159
6051,159
6052,159
6053,159
6054,159
6055,159
6056,159
6057,159
6058,159
6059,158
6060,158
6061,158
6062,158
6063,159
6064,159
6065,159
6066,159
6067,159
6068,159
6069,159
6070,159
6071,159
6072,159
6073,159
6074,159
6075,159
6076,159
6077,159
6078,159
6079,159
6080,159
6081,159
6082,159
6083,159
6084,159
6085,159
6086,159
6087,160
6088,160
6089,160
6090,160
6091,160
6092,160
6093,160
6094,160
6095,160
6096,160
6097,160
6098,160
6099,160
6100,160
6101,160
6102,160
6103,160
6104,160
6105,160
6106,160
6107,160
6108,160
6109,160
6110,160
6111,160
6112,160
6113,160
6114,160
6115,160
6116,160
6117,160
6118,159
6119,159
6120,160
6121,159
6122,160
6123,160
6124,160
6125,160
6126,159
6127,159
6128,159
6129,159
6130,159
6131,159
6132,159
6133,159
6134,159
6135,159
6136,160
6137,160
6138,160
6139,160
6140,160
6141,160
6142,160
6143,160
6144,160
6145,160
6146,160
6147,159
6148,159
6149,159
6150,159
6151,159
6152,159
6153,159
6154,159
6155,160
6156,160
6157,160
6158,160
6159,160
6160,159
6161,159
6162,159
6163,159
6164,160
6165,160
6166,160
6167,160
6168,159
6169,160
6170,160
6171,160
6172,160
6173,160
6174,160
6175,160
6176,160
6177,160
6178,160
6179,160
6180,160
6181,160
6182,160
6183,160
6184,160
6185,160
6186,160
6187,160
6188,160
6189,159
6190,160
6191,160
6192,160
6193,160
6194,160
6195,160
6196,160
6197,160
6198,160
6199,160
6200,160
6201,160
6202,160
6203,160
6204,160
6205,160
6206,160
6207,160
6208,160
6209,160
6210,160
6211,160
6212,160
6213,160
6214,160
6215,160
6216,160
6217,160
6218,160
6219,160
6220,159
6221,159
6222,159
6223,160
6224,160
6225,160
6226,160
6227,160
6228,160
6229,160
6230,160
6231,160
6232,160
6233,159
6234,160
6235,160
6236,160
6237,160
6238,160
6239,160
6240,160
6241,160
6242,160
6243,160
6244,160
6245,160
6246,160
6247,160
6248,160
6249,160
6250,159
6251,159
6252,159
6253,159
6254,159
6255,160
6256,160
6257,160
6258,160
6259,160
6260,160
6261,160
6262,160
6263,160
6264,160
6265,160
6266,160
6267,159
6268,159
6269,160
6270,160
6271,160
6272,160
6273,160
6274,160
6275,159
6276,160
6277,160
6278,160
6279,160
6280,160
6281,160
6282,160
6283,160
6284,160
6285,160
6286,159
6287,159
6288,159
6289,159
6290,159
6291,159
6292,159
6293,159
6294,159
6295,159
6296,159
6297,159
6298,159
6299,159
6300,159
6301,158
6302,158
6303,158
6304,158
6305,159
6306,159
6307,158
6308,159
6309,158
6310,158
6311,159
6312,159
6313,159
6314,159
6315,159
6316,159
6317,159
6318,158
6319,158
6320,158
6321,158
6322,158
6323,158
6324,158
6325,158
6326,158
6327,158
6328,158
6329,158
6330,159
6331,158
6332,158
6333,158
6334,158
6335,158
6336,158
6337,158
6338,158
6339,158
6340,158
6341,158
6342,158
6343,158
6344,158
6345,158
6346,158
6347,158
6348,158
6349,158
6350,159
6351,159
6352,159
6353,158
6354,158
6355,158
6356,158
6357,158
6358,158
6359,158
6360,158
6361,158
6362,158
6363,158
6364,158
6365,158
6366,158
6367,157
6368,157
6369,157
6370,157
6371,157
6372,157
6373,157
6374,157
6375,158
6376,158
6377,158
6378,158
6379,158
6380,158
6381,157
6382,157
6383,157
6384,157
6385,157
6386,157
6387,157
6388,157
6389,157
6390,158
6391,158
6392,158
6393,158
6394,158
6395,158
6396,158
6397,157
6398,158
6399,158
6400,157
6401,157
6402,158
6403,158
6404,158
6405,158
6406,158
6407,158
6408,158
6409,158
6410,157
6411,157
6412,157
6413,157
6414,157
6415,157
6416,156
6417,156
6418,156
6419,156
6420,156
6421,156
6422,156
6423,156
6424,157
6425,157
6426,157
6427,156
6428,156
6429,157
6430,157
6431,157
6432,157
6433,157
6434,157
6435,157
6436,157
6437,157
6438,157
6439,157
6440,157
6441,157
6442,157
6443,157
6444,157
6445,156
6446,157
6447,157
6448,157
6449,157
6450,157
6451,157
6452,157
6453,157
6454,156
6455,156
6456,156
6457,156
6458,156
6459,156
6460,156
6461,156
6462,156
6463,155
6464,155
6465,156
6466,156
6467,155
6468,155
6469,156
6470,156
6471,156
6472,156
6473,156
6474,156
6475,156
6476,156
6477,156
6478,156
6479,157
6480,157
6481,157
6482,157
6483,157
6484,157
6485,157
6486,157
6487,157
6488,157
6489,157
6490,157
6491,157
6492,156
6493,156
6494,157
6495,157
6496,157
6497,157
6498,157
6499,157
6500,157
6501,157
6502,157
6503,157
6504,157
6505,157
6506,157
6507,157
6508,157
6509,157
6510,157
6511,157
6512,157
6513,157
6514,157
6515,157
6516,157
6517,157
6518,157
6519,157
6520,157
6521,157
6522,157
6523,157
6524,157
6525,157
6526,157
6527,156
6528,156
6529,157
6530,157
6531,156
6532,156
6533,157
6534,156
6535,156
6536,156
6537,157
6538,157
6539,157
6540,157
6541,157
6542,157
6543,157
6544,156
6545,156
6546,157
6547,157
6548,157
6549,156
6550,157
6551,157
6552,157
6553,157
6554,157
6555,157
6556,156
6557,157
6558,157
6559,156
6560,156
6561,156
6562,156
6563,156
6564,156
6565,156
6566,156
6567,156
6568,156
6569,156
6570,156
6571,156
6572,156
6573,156
6574,155
6575,155
6576,155
6577,155
6578,155
6579,155
6580,155
6581,155
6582,155
6583,155
6584,155
6585,155
6586,155
6587,155
6588,155
6589,156
6590,156
6591,156
6592,156
6593,156
6594,156
6595,155
6596,156
6597,156
6598,156
6599,156
6600,156
6601,156
6602,156
6603,156
6604,156
6605,155
6606,155
6607,155
6608,155
6609,155
6610,155
6611,155
6612,155
6613,155
6614,155
6615,155
6616,155
6617,155
6618,154
6619,154
6620,155
6621,155
6622,155
6623,155
6624,155
6625,155
6626,155
6627,155
6628,155
6629,155
6630,155
6631,155
6632,155
6633,155
6634,155
6635,155
6636,155
6637,155
6638,154
6639,154
6640,155
6641,155
6642,155
6643,155
6644,155
6645,155
6646,155
6647,155
6648,155
6649,155
6650,154
6651,154
6652,154
6653,154
6654,155
6655,155
6656,154
6657,155
6658,155
6659,155
6660,155
6661,155
6662,155
6663,155
6664,155
6665,155
6666,155
6667,155
6668,155
6669,155
6670,154
6671,154
6672,155
6673,154
6674,154
6675,154
6676,155
6677,155
6678,154
6679,154
6680,154
6681,154
6682,155
6683,155
6684,154
6685,154
6686,154
6687,154
6688,154
6689,154
6690,155
6691,155
6692,155
6693,155
6694,155
6695,155
6696,155
6697,155
6698,155
6699,155
6700,155
6701,155
6702,155
6703,156
6704,155
6705,155
6706,156
6707,156
6708,156
6709,156
6710,155
6711,156
6712,156
6713,156
6714,156
6715,156
6716,156
6717,156
6718,156
6719,155
6720,155
6721,155
6722,155
6723,155
6724,155
6725,155
6726,155
6727,155
6728,155
6729,155
6730,155
6731,155
6732,155
6733,155
6734,155
6735,155
6736,155
6737,155
6738,155
6739,155
6740,155
6741,155
6742,155
6743,154
6744,154
6745,154
6746,154
6747,153
6748,153
6749,153
6750,153
6751,153
6752,153
6753,153
6754,153
6755,153
6756,153
6757,153
6758,153
6759,153
6760,153
6761,153
6762,153
6763,153
6764,153
6765,153
6766,153
6767,153
6768,153
6769,153
6770,154
6771,154
6772,154
6773,154
6774,154
6775,154
6776,154
6777,154
6778,154
6779,154
6780,154
6781,154
6782,154
6783,154
6784,154
6785,154
6786,154
6787,154
6788,154
6789,154
6790,154
6791,154
6792,154
6793,154
6794,153
6795,153
6796,154
6797,153
6798,154
6799,153
6800,153
6801,153
6802,153
6803,153
6804,153
6805,153
6806,153
6807,153
6808,153
6809,153
6810,153
6811,153
6812,153
6813,153
6814,152
6815,153
6816,153
6817,152
6818,152
6819,152
6820,152
6821,152
6822,153
6823,153
6824,153
6825,153
6826,153
6827,153
6828,153
6829,153
6830,154
6831,154
6832,154
6833,154
6834,154
6835,154
6836,154
6837,154
6838,154
6839,154
6840,154
6841,154
6842,154
6843,154
6844,154
6845,155
6846,154
6847,154
6848,154
6849,155
6850,155
6851,155
6852,155
6853,155
6854,155
6855,155
6856,155
6857,155
6858,154
6859,154
6860,154
6861,154
6862,154
6863,154
6864,154
6865,155
6866,155
6867,155
6868,155
6869,154
6870,155
6871,154
6872,155
6873,155
6874,155
6875,155
6876,155
6877,155
6878,155
6879,155
6880,155
6881,154
6882,155
6883,155
6884,155
6885,155
6886,154
6887,154
6888,154
6889,154
6890,154
6891,154
6892,154
6893,154
6894,154
6895,154
6896,154
6897,154
6898,154
6899,154
6900,154
6901,154
6902,154
6903,154
6904,154
6905,154
6906,154
6907,154
6908,153
6909,153
6910,153
6911,154
6912,154
6913,154
6914,154
6915,154
6916,154
6917,154
6918,154
6919,154
6920,154
6921,154
6922,154
6923,154
6924,154
6925,154
6926,154
6927,154
6928,154
6929,154
6930,154
6931,154
6932,154
6933,154
6934,154
6935,154
6936,154
6937,154
6938,154
6939,153
6940,153
6941,153
6942,153
6943,153
6944,153
6945,153
6946,153
6947,153
6948,154
6949,154
6950,154
6951,153
6952,153
6953,153
6954,153
6955,153
6956,154
6957,154
6958,154
6959,153
6960,153
6961,153
6962,152
6963,153
6964,153
6965,153
6966,153
6967,153
6968,153
6969,153
6970,153
6971,153
6972,153
6973,154
6974,154
6975,154
6976,154
6977,154
6978,154
6979,154
6980,154
6981,154
6982,154
6983,154
6984,154
6985,155
6986,154
6987,155
6988,154
6989,154
6990,155
6991,155
6992,155
6993,155
6994,155
6995,155
6996,155
6997,155
6998,155
6999,155
7000,155
7001,155
7002,156
7003,156
7004,156
7005,156
7006,156
7007,156
7008,156
7009,155
7010,155
7011,155
7012,155
7013,155
7014,155
7015,155
7016,155
7017,155
7018,155
7019,155
7020,155
7021,155
7022,156
7023,156
7024,155
7025,155
7026,155
7027,155
7028,155
7029,155
7030,156
7031,155
7032,155
7033,155
7034,155
7035,156
7036,156
7037,156
7038,155
7039,155
7040,155
7041,155
7042,156
7043,156
7044,156
7045,155
7046,155
7047,155
7048,156
7049,155
7050,156
7051,156
7052,155
7053,155
7054,155
7055,155
7056,155
7057,155
7058,155
7059,155
7060,154
7061,154
7062,154
7063,154
7064,155
7065,155
7066,155
7067,155
7068,155
7069,155
7070,154
7071,154
7072,154
7073,154
7074,154
7075,154
7076,154
7077,155
7078,155
7079,155
7080,155
7081,155
7082,155
7083,155
7084,155
7085,155
7086,155
7087,155
7088,155
7089,155
7090,155
7091,155
7092,155
7093,155
7094,155
7095,155
7096,154
7097,154
7098,155
7099,155
7100,155
7101,155
7102,155
7103,155
7104,156
7105,156
7106,156
7107,156
7108,156
7109,156
7110,156
7111,156
7112,157
7113,156
7114,156
7115,156
7116,156
7117,156
7118,156
7119,156
7120,156
7121,156
7122,156
7123,155
7124,155
7125,155
7126,155
7127,155
7128,155
7129,155
7130,155
7131,155
7132,155
7133,155
7134,155
7135,155
7136,155
7137,155
7138,155
7139,155
7140,155
7141,155
7142,155
7143,155
7144,155
7145,156
7146,156
7147,156
7148,156
7149,156
7150,155
7151,155
7152,155
7153,155
7154,155
7155,155
7156,155
7157,155
7158,155
7159,155
7160,155
7161,155
7162,155
7163,155
7164,155
7165,155
7166,155
7167,155
7168,156
7169,156
7170,156
7171,156
7172,156
7173,156
7174,156
7175,156
7176,156
7177,156
7178,155
7179,155
7180,155
7181,155
7182,155
7183,155
7184,155
7185,155
7186,155
7187,155
7188,155
7189,155
7190,155
7191,155
7192,154
7193,154
7194,155
7195,155
7196,155
7197,155
7198,155
7199,155
7200,155
7201,155
7202,155
7203,154
7204,155
7205,155
7206,155
7207,155
7208,155
7209,155
7210,155
7211,155
7212,155
7213,155
7214,155
7215,155
7216,155
7217,155
7218,155
7219,155
7220,155
7221,155
7222,155
7223,155
7224,155
7225,155
7226,156
7227,155
7228,155
7229,155
7230,155
7231,155
7232,155
7233,155
7234,155
7235,155
7236,155
7237,155
7238,155
7239,155
7240,155
7241,155
7242,155
7243,155
7244,155
7245,155
7246,156
7247,156
7248,156
7249,156
7250,156
7251,156
7252,156
7253,156
7254,156
7255,156
7256,156
7257,156
7258,156
7259,156
7260,156
7261,156
7262,156
7263,156
7264,156
7265,156
7266,156
7267,156
7268,156
7269,156
7270,156
7271,156
7272,156
7273,156
7274,156
7275,156
7276,156
7277,156
7278,156
7279,156
7280,155
7281,156
7282,156
7283,156
7284,156
7285,156
7286,156
7287,156
7288,156
7289,156
7290,156
7291,156
7292,156
7293,155
7294,155
7295,156
7296,156
7297,156
7298,156
7299,156
7300,156
7301,156
7302,156
7303,156
7304,156
7305,156
7306,156
7307,156
7308,156
7309,156
7310,156
7311,156
7312,156
7313,156
7314,156
7315,156
7316,156
7317,156
7318,156
7319,156
7320,155
7321,155
7322,155
7323,155
7324,155
7325,155
7326,155
7327,155
7328,155
7329,155
7330,155
7331,155
7332,156
7333,156
7334,156
7335,156
7336,156
7337,156
7338,156
7339,156
7340,156
7341,156
7342,156
7343,156
7344,156
7345,156
7346,156
7347,156
7348,156
7349,156
7350,157
7351,157
7352,157
7353,157
7354,157
7355,157
7356,157
7357,157
7358,157
7359,157
7360,157
7361,157
7362,157
7363,157
7364,157
7365,157
7366,157
7367,157
7368,157
7369,157
7370,157
7371,157
7372,157
7373,157
7374,157
7375,156
7376,156
7377,156
7378,156
7379,156
7380,156
7381,156
7382,156
7383,156
7384,156
7385,156
7386,157
7387,157
7388,157
7389,157
7390,157
7391,157
7392,157
7393,157
7394,157
7395,157
7396,157
7397,157
7398,157
7399,157
7400,157
7401,157
7402,157
7403,157
7404,157
7405,157
7406,157
7407,157
7408,157
7409,157
7410,157
7411,157
7412,157
7413,157
7414,157
7415,157
7416,157
7417,158
7418,158
7419,158
7420,158
7421,158
7422,158
7423,158
7424,158
7425,158
7426,158
7427,157
7428,157
7429,157
7430,157
7431,158
7432,158
7433,158
7434,158
7435,158
7436,158
7437,158
7438,158
7439,159
7440,158
7441,158
7442,158
7443,158
7444,158
7445,158
7446,158
7447,158
7448,158
7449,158
7450,158
7451,158
7452,158
7453,158
7454,158
7455,158
7456,158
7457,158
7458,158
7459,158
7460,158
7461,158
7462,158
7463,158
7464,158
7465,158
7466,158
7467,158
7468,158
7469,158
7470,158
7471,158
7472,158
7473,158
7474,158
7475,157
7476,158
7477,158
7478,157
7479,157
7480,157
7481,157
7482,158
7483,158
7484,157
7485,157
7486,157
7487,157
7488,157
7489,157
7490,157
7491,157
7492,157
7493,158
7494,158
7495,158
7496,158
7497,158
7498,158
7499,158
7500,158
7501,158
7502,158
7503,158
7504,158
7505,158
7506,158
7507,158
7508,158
7509,158
7510,158
7511,158
7512,157
7513,157
7514,158
7515,158
7516,158
7517,158
7518,158
7519,158
7520,158
7521,158
7522,158
7523,158
7524,158
7525,158
7526,158
7527,158
7528,158
7529,157
7530,157
7531,157
7532,157
7533,157
7534,158
7535,158
7536,158
7537,158
7538,158
7539,158
7540,158
7541,158
7542,158
7543,158
7544,158
7545,158
7546,158
7547,158
7548,158
7549,158
7550,158
7551,158
7552,158
7553,158
7554,158
7555,158
7556,158
7557,158
7558,158
7559,158
7560,158
7561,158
7562,158
7563,158
7564,158
7565,158
7566,158
7567,158
7568,158
7569,158
7570,158
7571,158
7572,158
7573,158
7574,158
7575,158
7576,158
7577,158
7578,158
7579,158
7580,158
7581,158
7582,158
7583,158
7584,158
7585,158
7586,159
7587,159
7588,158
7589,159
7590,159
7591,159
7592,159
7593,159
7594,159
7595,159
7596,159
7597,159
7598,160
7599,160
7600,160
7601,160
7602,160
7603,160
7604,160
7605,159
7606,159
7607,159
7608,159
7609,160
7610,159
7611,159
7612,160
7613,159
7614,160
7615,160
7616,160
7617,159
7618,159
7619,159
7620,159
7621,159
7622,158
7623,158
7624,158
7625,158
7626,158
7627,158
7628,158
7629,158
7630,158
7631,158
7632,158
7633,158
7634,158
7635,158
7636,158
7637,158
7638,158
7639,158
7640,158
7641,157
7642,157
7643,157
7644,157
7645,157
7646,157
7647,157
7648,157
7649,157
7650,157
7651,157
7652,157
7653,157
7654,157
7655,157
7656,158
7657,158
7658,157
7659,157
7660,157
7661,157
7662,157
7663,157
7664,157
7665,157
7666,157
7667,157
7668,158
7669,158
7670,158
7671,158
7672,158
7673,158
7674,158
7675,158
7676,158
7677,158
7678,158
7679,158
7680,158
7681,158
7682,158
7683,158
7684,158
7685,158
7686,158
7687,158
7688,159
7689,159
7690,159
7691,159
7692,159
7693,159
7694,158
7695,159
7696,159
7697,159
7698,159
7699,159
7700,159
7701,159
7702,159
7703,159
7704,159
7705,159
7706,159
7707,159
7708,159
7709,159
7710,159
7711,159
7712,159
7713,159
7714,159
7715,160
7716,160
7717,160
7718,160
7719,160
7720,160
7721,160
7722,160
7723,159
7724,159
7725,160
7726,160
7727,160
7728,160
7729,160
7730,160
7731,160
7732,160
7733,160
7734,160
7735,160
7736,160
7737,160
7738,160
7739,161
7740,161
7741,161
7742,160
7743,161
7744,161
7745,161
7746,161
7747,161
7748,161
7749,161
7750,161
7751,161
7752,161
7753,161
7754,161
7755,161
7756,161
7757,161
7758,161
7759,161
7760,160
7761,160
7762,160
7763,160
7764,160
7765,160
7766,160
7767,160
7768,160
7769,160
7770,161
7771,161
7772,161
7773,161
7774,161
7775,161
7776,161
7777,161
7778,161
7779,161
7780,161
7781,161
7782,161
7783,161
7784,161
7785,161
7786,161
7787,161
7788,161
7789,161
7790,161
7791,161
7792,161
7793,161
7794,161
7795,161
7796,161
7797,162
7798,162
7799,162
7800,162
7801,162
7802,162
7803,162
7804,162
7805,162
7806,162
7807,162
7808,162
7809,162
7810,162
7811,162
7812,162
7813,161
7814,161
7815,161
7816,162
7817,161
7818,161
7819,161
7820,161
7821,162
7822,162
7823,162
7824,162
7825,162
7826,162
7827,162
7828,161
7829,161
7830,162
7831,162
7832,161
7833,161
7834,161
7835,161
7836,161
7837,162
7838,162
7839,162
7840,162
7841,162
7842,162
7843,162
7844,162
7845,162
7846,162
7847,162
7848,162
7849,162
7850,162
7851,162
7852,162
7853,162
7854,162
7855,162
7856,162
7857,162
7858,162
7859,162
7860,162
7861,162
7862,162
7863,162
7864,162
7865,162
7866,162
7867,162
7868,162
7869,162
7870,162
7871,162
7872,162
7873,162
7874,162
7875,162
7876,162
7877,162
7878,162
7879,163
7880,163
7881,163
7882,162
7883,162
7884,162
7885,162
7886,162
7887,162
7888,162
7889,162
7890,162
7891,162
7892,163
7893,163
7894,163
7895,163
7896,163
7897,163
7898,163
7899,163
7900,163
7901,164
7902,163
7903,163
7904,163
7905,163
7906,163
7907,163
7908,163
7909,163
7910,163
7911,163
7912,163
7913,163
7914,163
7915,164
7916,164
7917,164
7918,164
7919,164
7920,164
7921,164
7922,164
7923,164
7924,164
7925,164
7926,164
7927,164
7928,164
7929,164
7930,164
7931,164
7932,164
7933,164
7934,164
7935,164
7936,164
7937,164
7938,164
7939,164
7940,164
7941,164
7942,164
7943,164
7944,164
7945,164
7946,164
7947,164
7948,164
7949,164
7950,164
7951,164
7952,164
7953,164
7954,164
7955,164
7956,164
7957,164
7958,164
7959,164
7960,164
7961,164
7962,165
7963,165
7964,165
7965,165
7966,165
7967,164
7968,165
7969,164
7970,164
7971,165
7972,164
7973,164
7974,164
7975,164
7976,164
7977,164
7978,164
7979,164
7980,164
7981,164
7982,164
7983,164
7984,165
7985,165
7986,165
7987,165
7988,165
7989,165
7990,165
7991,165
7992,165
7993,165
7994,164
7995,164
7996,164
7997,165
7998,164
7999,165
8000,165
8001,165
8002,165
8003,165
8004,165
8005,165
8006,165
8007,165
8008,165
8009,165
8010,165
8011,164
8012,165
8013,165
8014,165
8015,165
8016,165
8017,165
8018,165
8019,165
8020,165
8021,164
8022,165
8023,165
8024,165
8025,165
8026,165
8027,165
8028,165
8029,165
8030,165
8031,165
8032,165
8033,165
8034,165
8035,165
8036,165
8037,165
8038,165
8039,165
8040,165
8041,165
8042,165
8043,165
8044,165
8045,165
8046,165
8047,165
8048,165
8049,165
8050,165
8051,165
8052,164
8053,165
8054,165
8055,164
8056,164
8057,164
8058,164
8059,164
8060,164
8061,164
8062,164
8063,164
8064,164
8065,164
8066,164
8067,164
8068,164
8069,164
8070,164
8071,164
8072,164
8073,164
8074,164
8075,164
8076,164
8077,164
8078,165
8079,164
8080,165
8081,165
8082,164
8083,164
8084,165
8085,165
8086,165
8087,165
8088,165
8089,165
8090,165
8091,165
8092,165
8093,165
8094,165
8095,165
8096,165
8097,165
8098,165
8099,165
8100,164
8101,164
8102,164
8103,164
8104,165
8105,165
8106,165
8107,165
8108,165
8109,165
8110,165
8111,165
8112,165
8113,165
8114,165
8115,165
8116,165
8117,165
8118,165
8119,165
8120,165
8121,165
8122,165
8123,165
8124,164
8125,164
8126,165
8127,165
8128,165
8129,165
8130,165
8131,165
8132,165
8133,165
8134,166
8135,166
8136,166
8137,166
8138,166
8139,166
8140,166
8141,166
8142,167
8143,167
8144,167
8145,167
8146,167
8147,167
8148,166
8149,166
8150,166
8151,166
8152,166
8153,167
8154,167
8155,167
8156,167
8157,167
8158,167
8159,167
8160,167
8161,167
8162,167
8163,167
8164,166
8165,167
8166,167
8167,167
8168,167
8169,167
8170,167
8171,167
8172,167
8173,167
8174,167
8175,167
8176,167
8177,167
8178,167
8179,167
8180,167
8181,167
8182,167
8183,167
8184,167
8185,167
8186,167
8187,167
8188,167
8189,167
8190,167
8191,167
8192,166
8193,166
8194,166
8195,166
8196,166
8197,166
8198,166
8199,166
8200,166
8201,166
8202,166
8203,166
8204,166
8205,166
8206,166
8207,166
8208,166
8209,166
8210,166
8211,166
8212,166
8213,166
8214,166
8215,167
8216,167
8217,166
8218,167
8219,167
8220,167
8221,167
8222,167
8223,167
8224,167
8225,167
8226,167
8227,167
8228,167
8229,167
8230,167
8231,167
8232,167
8233,167
8234,167
8235,167
8236,167
8237,167
8238,167
8239,167
8240,167
8241,167
8242,167
8243,167
8244,167
8245,167
8246,167
8247,167
8248,167
8249,167
8250,167
8251,168
8252,168
8253,168
8254,168
8255,167
8256,168
8257,168
8258,168
8259,168
8260,168
8261,168
8262,168
8263,168
8264,168
8265,168
8266,168
8267,168
8268,168
8269,168
8270,168
8271,168
8272,168
8273,168
8274,168
8275,168
8276,168
8277,167
8278,168
8279,167
8280,167
8281,167
8282,167
8283,167
8284,167
8285,167
8286,167
8287,167
8288,167
8289,167
8290,167
8291,167
8292,167
8293,167
8294,167
8295,167
8296,167
8297,167
8298,167
8299,167
8300,167
8301,167
8302,167
8303,167
8304,167
8305,167
8306,167
8307,167
8308,167
8309,167
8310,167
8311,167
8312,167
8313,167
8314,167
8315,167
8316,167
8317,167
8318,167
8319,167
8320,167
8321,167
8322,166
8323,167
8324,167
8325,167
8326,167
8327,167
8328,167
8329,167
8330,167
8331,167
8332,167
8333,166
8334,166
8335,166
8336,166
8337,167
8338,167
8339,167
8340,167
8341,167
8342,167
8343,167
8344,167
8345,167
8346,166
8347,166
8348,167
8349,167
8350,167
8351,167
8352,167
8353,167
8354,167
8355,167
8356,167
8357,167
8358,167
8359,167
8360,167
8361,166
8362,167
8363,167
8364,167
8365,167
8366,166
8367,167
8368,167
8369,167
8370,167
8371,167
8372,167
8373,167
8374,167
8375,167
8376,167
8377,167
8378,167
8379,167
8380,167
8381,167
8382,167
8383,167
8384,167
8385,167
8386,167
8387,167
8388,167
8389,167
8390,167
8391,167
8392,167
8393,167
8394,167
8395,167
8396,167
8397,167
8398,167
8399,167
8400,167
8401,167
8402,167
8403,167
8404,167
8405,167
8406,168
8407,168
8408,168
8409,168
8410,168
8411,168
8412,168
8413,168
8414,168
8415,167
8416,168
8417,168
8418,168
8419,168
8420,168
8421,168
8422,168
8423,168
8424,168
8425,168
8426,168
8427,168
8428,168
8429,169
8430,169
8431,169
8432,169
8433,169
8434,169
8435,168
8436,169
8437,169
8438,169
8439,169
8440,169
8441,169
8442,169
8443,168
8444,168
8445,169
8446,169
8447,169
8448,169
8449,168
8450,168
8451,168
8452,168
8453,168
8454,168
8455,168
8456,168
8457,168
8458,168
8459,168
8460,168
8461,167
8462,167
8463,167
8464,168
8465,167
8466,167
8467,168
8468,168
8469,168
8470,168
8471,167
8472,168
8473,168
8474,168
8475,168
8476,168
8477,168
8478,168
8479,168
8480,168
8481,168
8482,168
8483,168
8484,168
8485,168
8486,168
8487,168
8488,168
8489,168
8490,168
8491,168
8492,168
8493,168
8494,168
8495,168
8496,168
8497,168
8498,167
8499,168
8500,168
8501,167
8502,168
8503,168
8504,168
8505,168
8506,167
8507,167
8508,167
8509,167
8510,167
8511,167
8512,167
8513,167
8514,167
8515,167
8516,167
8517,167
8518,167
8519,168
8520,168
8521,168
8522,168
8523,167
8524,167
8525,167
8526,167
8527,167
8528,167
8529,168
8530,167
8531,167
8532,167
8533,167
8534,167
8535,167
8536,167
8537,167
8538,167
8539,167
8540,167
8541,167
8542,168
8543,168
8544,168
8545,167
8546,168
8547,168
8548,168
8549,168
8550,167
8551,167
8552,167
8553,167
8554,168
8555,168
8556,168
8557,168
8558,168
8559,168
8560,168
8561,168
8562,168
8563,168
8564,168
8565,168
8566,168
8567,168
8568,168
8569,168
8570,168
8571,168
8572,167
8573,167
8574,167
8575,167
8576,167
8577,167
8578,167
8579,167
8580,167
8581,167
8582,167
8583,167
8584,167
8585,167
8586,167
8587,167
8588,167
8589,167
8590,167
8591,167
8592,168
8593,168
8594,168
8595,168
8596,168
8597,168
8598,168
8599,168
8600,168
8601,168
8602,168
8603,168
8604,167
8605,167
8606,167
8607,167
8608,167
8609,167
8610,167
8611,167
8612,167
8613,167
8614,167
8615,167
8616,167
8617,167
8618,167
8619,167
8620,167
8621,167
8622,167
8623,167
8624,167
8625,167
8626,167
8627,167
8628,167
8629,167
8630,167
8631,167
8632,166
8633,166
8634,167
8635,167
8636,167
8637,167
8638,167
8639,167
8640,167
8641,167
8642,166
8643,166
8644,166
8645,166
8646,166
8647,166
8648,166
8649,166
8650,166
8651,166
8652,166
8653,166
8654,166
8655,166
8656,166
8657,166
8658,166
8659,166
8660,166
8661,167
8662,167
8663,167
8664,167
8665,167
8666,167
8667,167
8668,167
8669,167
8670,167
8671,167
8672,167
8673,167
8674,167
8675,167
8676,167
8677,167
8678,166
8679,167
8680,167
8681,167
8682,167
8683,167
8684,167
8685,167
8686,167
8687,167
8688,167
8689,167
8690,167
8691,166
8692,167
8693,166
8694,166
8695,166
8696,166
8697,166
8698,166
8699,166
8700,166
8701,166
8702,166
8703,166
8704,166
8705,166
8706,167
8707,166
8708,166
8709,166
8710,166
8711,166
8712,166
8713,166
8714,166
8715,166
8716,166
8717,166
8718,166
8719,166
8720,166
8721,166
8722,166
8723,166
8724,166
8725,166
8726,166
8727,166
8728,166
8729,166
8730,166
8731,167
8732,167
8733,167
8734,167
8735,167
8736,167
8737,167
8738,168
8739,168
8740,168
8741,167
8742,168
8743,168
8744,168
8745,168
8746,168
8747,168
8748,168
8749,168
8750,168
8751,168
8752,168
8753,168
8754,168
8755,168
8756,168
8757,168
8758,167
8759,167
8760,167
8761,167
8762,167
8763,167
8764,168
8765,167
8766,167
8767,167
8768,167
8769,167
8770,167
8771,167
8772,167
8773,167
8774,167
8775,167
8776,167
8777,167
8778,167
8779,168
8780,168
8781,168
8782,168
8783,167
8784,167
8785,168
8786,168
8787,168
8788,168
8789,168
8790,169
8791,169
8792,169
8793,169
8794,169
8795,169
8796,169
8797,169
8798,169
8799,169
8800,169
8801,169
8802,169
8803,170
8804,169
8805,169
8806,170
8807,169
8808,169
8809,170
8810,170
8811,170
8812,170
8813,170
8814,170
8815,170
8816,170
8817,170
8818,170
8819,170
8820,169
8821,170
8822,170
8823,170
8824,170
8825,170
8826,169
8827,170
8828,170
8829,170
8830,169
8831,169
8832,170
8833,170
8834,170
8835,170
8836,170
8837,170
8838,170
8839,170
8840,170
8841,169
8842,169
8843,170
8844,170
8845,169
8846,170
8847,170
8848,170
8849,170
8850,170
8851,170
8852,170
8853,170
8854,170
8855,170
8856,170
8857,170
8858,170
8859,170
8860,170
8861,170
8862,170
8863,170
8864,170
8865,170
8866,170
8867,170
8868,170
8869,170
8870,170
8871,170
8872,169
8873,170
8874,169
8875,169
8876,169
8877,169
8878,169
8879,169
8880,169
8881,169
8882,169
8883,169
8884,169
8885,169
8886,169
8887,169
8888,169
8889,169
8890,169
8891,169
8892,169
8893,169
8894,169
8895,169
8896,169
8897,170
8898,170
8899,170
8900,169
8901,169
8902,169
8903,169
8904,169
8905,169
8906,169
8907,169
8908,169
8909,169
8910,169
8911,169
8912,169
8913,169
8914,169
8915,169
8916,169
8917,169
8918,169
8919,169
8920,169
8921,169
8922,169
8923,169
8924,169
8925,169
8926,168
8927,168
8928,168
8929,168
8930,169
8931,169
8932,169
8933,169
8934,168
8935,169
8936,169
8937,169
8938,169
8939,169
8940,169
8941,169
8942,169
8943,169
8944,169
8945,169
8946,168
8947,168
8948,168
8949,168
8950,168
8951,167
8952,168
8953,168
8954,168
8955,168
8956,168
8957,168
8958,168
8959,168
8960,168
8961,168
8962,168
8963,168
8964,168
8965,168
8966,168
8967,168
8968,169
8969,168
8970,168
8971,169
8972,169
8973,169
8974,169
8975,169
8976,169
8977,169
8978,169
8979,169
8980,169
8981,169
8982,169
8983,169
8984,169
8985,169
8986,169
8987,169
8988,169
8989,169
8990,169
8991,169
8992,169
8993,169
8994,169
8995,169
8996,169
8997,169
8998,168
8999,168
9000,168
9001,168
9002,168
9003,168
9004,168
9005,168
9006,167
9007,167
9008,168
9009,168
9010,168
9011,168
9012,168
9013,168
9014,168
9015,168
9016,167
9017,167
9018,167
9019,167
9020,167
9021,167
9022,168
9023,168
9024,167
9025,168
9026,168
9027,168
9028,168
9029,168
9030,168
9031,168
9032,168
9033,168
9034,167
9035,167
9036,167
9037,167
9038,167
9039,167
9040,167
9041,167
9042,167
9043,167
9044,167
9045,167
9046,167
9047,167
9048,167
9049,167
9050,167
9051,167
9052,168
9053,167
9054,167
9055,168
9056,168
9057,168
9058,168
9059,168
9060,168
9061,168
9062,168
9063,168
9064,168
9065,168
9066,167
9067,168
9068,168
9069,168
9070,168
9071,168
9072,168
9073,168
9074,168
9075,168
9076,168
9077,167
9078,167
9079,167
9080,167
9081,168
9082,168
9083,168
9084,168
9085,168
9086,168
9087,167
9088,167
9089,167
9090,167
9091,167
9092,167
9093,167
9094,167
9095,167
9096,167
9097,167
9098,167
9099,167
9100,167
9101,167
9102,167
9103,167
9104,167
9105,168
9106,168
9107,167
9108,167
9109,167
9110,167
9111,167
9112,167
9113,167
9114,167
9115,167
9116,167
9117,167
9118,167
9119,167
9120,167
9121,167
9122,167
9123,167
9124,167
9125,167
9126,167
9127,167
9128,166
9129,166
9130,166
9131,166
9132,166
9133,166
9134,166
9135,166
9136,165
9137,165
9138,165
9139,165
9140,165
9141,165
9142,165
9143,164
9144,164
9145,164
9146,164
9147,164
9148,164
9149,164
9150,164
9151,164
9152,164
9153,164
9154,164
9155,164
9156,164
9157,164
9158,164
9159,165
9160,165
9161,165
9162,165
9163,165
9164,165
9165,164
9166,164
9167,165
9168,164
9169,164
9170,164
9171,165
9172,165
9173,164
9174,164
9175,164
9176,164
9177,164
9178,164
9179,164
9180,164
9181,164
9182,164
9183,164
9184,164
9185,164
9186,165
9187,165
9188,165
9189,165
9190,165
9191,165
9192,165
9193,165
9194,165
9195,165
9196,165
9197,164
9198,165
9199,165
9200,165
9201,165
9202,165
9203,165
9204,165
9205,165
9206,165
9207,165
9208,165
9209,165
9210,165
9211,165
9212,164
9213,164
9214,164
9215,164
9216,164
9217,164
9218,164
9219,165
9220,165
9221,165
9222,165
9223,165
9224,165
9225,165
9226,164
9227,164
9228,165
9229,165
9230,165
9231,165
9232,165
9233,165
9234,165
9235,165
9236,165
9237,165
9238,165
9239,165
9240,165
9241,165
9242,166
9243,166
9244,166
9245,166
9246,165
9247,165
9248,165
9249,166
9250,166
9251,166
9252,166
9253,165
9254,166
9255,166
9256,166
9257,166
9258,166
9259,166
9260,166
9261,166
9262,166
9263,166
9264,166
9265,166
9266,166
9267,166
9268,166
9269,166
9270,166
9271,166
9272,166
9273,166
9274,166
9275,166
9276,166
9277,166
9278,167
9279,167
9280,167
9281,167
9282,167
9283,167
9284,167
9285,167
9286,167
9287,167
9288,167
9289,167
9290,167
9291,167
9292,167
9293,167
9294,167
9295,167
9296,166
9297,167
9298,167
9299,166
9300,167
9301,166
9302,166
9303,167
9304,167
9305,167
9306,167
9307,167
9308,167
9309,167
9310,167
9311,167
9312,167
9313,167
9314,167
9315,167
9316,167
9317,167
9318,167
9319,167
9320,167
9321,167
9322,167
9323,166
9324,166
9325,166
9326,166
9327,166
9328,166
9329,167
9330,167
9331,167
9332,167
9333,167
9334,167
9335,167
9336,167
9337,167
9338,167
9339,167
9340,167
9341,167
9342,167
9343,167
9344,167
9345,167
9346,167
9347,167
9348,167
9349,167
9350,167
9351,167
9352,167
9353,167
9354,167
9355,167
9356,167
9357,167
9358,167
9359,167
9360,167
9361,167
9362,167
9363,166
9364,166
9365,166
9366,166
9367,166
9368,166
9369,166
9370,166
9371,166
9372,166
9373,167
9374,166
9375,166
9376,167
9377,167
9378,167
9379,167
9380,167
9381,167
9382,167
9383,167
9384,167
9385,167
9386,167
9387,167
9388,167
9389,167
9390,167
9391,167
9392,167
9393,167
9394,167
9395,167
9396,167
9397,167
9398,167
9399,167
9400,167
9401,167
9402,166
9403,166
9404,167
9405,167
9406,167
9407,167
9408,167
9409,167
9410,167
9411,167
9412,167
9413,167
9414,167
9415,167
9416,167
9417,167
9418,166
9419,166
9420,166
9421,166
9422,166
9423,166
9424,166
9425,167
9426,167
9427,167
9428,167
9429,167
9430,167
9431,167
9432,166
9433,166
9434,167
9435,166
9436,166
9437,166
9438,166
9439,166
9440,166
9441,166
9442,166
9443,166
9444,166
9445,165
9446,165
9447,166
9448,166
9449,166
9450,166
9451,167
9452,167
9453,167
9454,167
9455,167
9456,167
9457,167
9458,167
9459,167
9460,167
9461,167
9462,167
9463,167
9464,167
9465,167
9466,167
9467,166
9468,166
9469,166
9470,166
9471,166
9472,166
9473,166
9474,166
9475,166
9476,166
9477,166
9478,166
9479,166
9480,166
9481,166
9482,166
9483,166
9484,166
9485,166
9486,166
9487,166
9488,166
9489,166
9490,166
9491,165
9492,166
9493,166
9494,166
9495,166
9496,166
9497,166
9498,165
9499,165
9500,166
9501,166
9502,166
9503,166
9504,166
9505,166
9506,166
9507,166
9508,166
9509,166
9510,166
9511,166
9512,165
9513,166
9514,165
9515,165
9516,165
9517,165
9518,165
9519,165
9520,165
9521,166
9522,166
9523,166
9524,165
9525,165
9526,166
9527,166
9528,166
9529,165
9530,165
9531,165
9532,166
9533,166
9534,166
9535,166
9536,166
9537,166
9538,166
9539,165
9540,166
9541,165
9542,165
9543,166
9544,165
9545,166
9546,166
9547,166
9548,166
9549,167
9550,167
9551,167
9552,167
9553,167
9554,167
9555,167
9556,167
9557,167
9558,167
9559,167
9560,167
9561,168
9562,168
9563,168
9564,168
9565,167
9566,168
9567,168
9568,167
9569,167
9570,167
9571,167
9572,167
9573,167
9574,167
9575,167
9576,167
9577,167
9578,167
9579,167
9580,167
9581,167
9582,167
9583,166
9584,166
9585,167
9586,167
9587,167
9588,167
9589,167
9590,167
9591,167
9592,167
9593,167
9594,167
9595,167
9596,167
9597,167
9598,167
9599,167
9600,167
9601,167
9602,168
9603,168
9604,168
9605,168
9606,168
9607,168
9608,167
9609,167
9610,167
9611,167
9612,167
9613,167
9614,167
9615,167
9616,167
9617,167
9618,167
9619,167
9620,167
9621,167
9622,167
9623,168
9624,168
9625,168
9626,168
9627,168
9628,168
9629,168
9630,168
9631,168
9632,168
9633,168
9634,168
9635,168
9636,168
9637,168
9638,168
9639,168
9640,168
9641,168
9642,168
9643,168
9644,168
9645,168
9646,168
9647,168
9648,168
9649,168
9650,168
9651,169
9652,168
9653,168
9654,168
9655,169
9656,169
9657,169
9658,169
9659,169
9660,169
9661,169
9662,169
9663,169
9664,169
9665,169
9666,169
9667,169
9668,169
9669,169
9670,169
9671,169
9672,169
9673,169
9674,169
9675,169
9676,169
9677,169
9678,169
9679,169
9680,169
9681,169
9682,169
9683,169
9684,169
9685,169
9686,169
9687,169
9688,169
9689,169
9690,169
9691,170
9692,170
9693,170
9694,170
9695,170
9696,170
9697,169
9698,170
9699,170
9700,170
9701,170
9702,170
9703,170
9704,170
9705,170
9706,170
9707,170
9708,170
9709,170
9710,170
9711,170
9712,170
9713,170
9714,170
9715,170
9716,170
9717,171
9718,170
9719,170
9720,170
9721,170
9722,170
9723,170
9724,171
9725,171
9726,171
9727,171
9728,171
9729,171
9730,170
9731,170
9732,170
9733,171
9734,171
9735,171
9736,171
9737,171
9738,171
9739,171
9740,171
9741,171
9742,171
9743,171
9744,171
9745,170
9746,170
9747,170
9748,170
9749,170
9750,170
9751,170
9752,170
9753,170
9754,170
9755,170
9756,170
9757,170
9758,170
9759,170
9760,170
9761,170
9762,170
9763,170
9764,170
9765,170
9766,170
9767,170
9768,170
9769,170
9770,170
9771,170
9772,170
9773,170
9774,170
9775,170
9776,170
9777,170
9778,170
9779,170
9780,170
9781,170
9782,170
9783,170
9784,170
9785,169
9786,169
9787,170
9788,170
9789,170
9790,170
9791,169
9792,169
9793,169
9794,169
9795,169
9796,169
9797,169
9798,169
9799,169
9800,169
9801,169
9802,169
9803,169
9804,170
9805,170
9806,170
9807,170
9808,169
9809,169
9810,169
9811,169
9812,169
9813,169
9814,170
9815,170
9816,170
9817,170
9818,170
9819,170
9820,170
9821,169
9822,169
9823,170
9824,170
9825,170
9826,170
9827,170
9828,170
9829,170
9830,170
9831,170
9832,170
9833,170
9834,170
9835,170
9836,170
9837,169
9838,170
9839,170
9840,170
9841,170
9842,170
9843,170
9844,170
9845,170
9846,170
9847,170
9848,170
9849,170
9850,170
9851,170
9852,170
9853,169
9854,169
9855,169
9856,169
9857,169
9858,170
9859,169
9860,170
9861,170
9862,169
9863,170
9864,170
9865,170
9866,170
9867,170
9868,170
9869,170
9870,170
9871,170
9872,170
9873,170
9874,171
9875,171
9876,171
9877,171
9878,171
9879,170
9880,170
9881,170
9882,170
9883,170
9884,171
9885,171
9886,171
9887,171
9888,171
9889,171
9890,171
9891,171
9892,171
9893,171
9894,171
9895,170
9896,170
9897,170
9898,170
9899,170
9900,171
9901,171
9902,171
9903,170
9904,170
9905,170
9906,170
9907,170
9908,170
9909,170
9910,170
9911,170
9912,170
9913,170
9914,170
9915,170
9916,170
9917,169
9918,169
9919,169
9920,169
9921,170
9922,170
9923,170
9924,170
9925,170
9926,169
9927,170
9928,170
9929,170
9930,170
9931,170
9932,170
9933,170
9934,170
9935,170
9936,170
9937,170
9938,169
9939,170
9940,170
9941,169
9942,170
9943,170
9944,170
9945,170
9946,170
9947,170
9948,170
9949,169
9950,169
9951,169
9952,169
9953,169
9954,169
9955,170
9956,169
9957,169
9958,170
9959,170
9960,170
9961,170
9962,170
9963,170
9964,169
9965,170
9966,170
9967,170
9968,170
9969,170
9970,169
9971,169
9972,169
9973,169
9974,169
9975,169
9976,169
9977,168
9978,168
9979,168
9980,168
9981,168
9982,168
9983,168
9984,168
9985,168
9986,168
9987,168
9988,169
9989,169
9990,169
9991,169
9992,169
9993,169
9994,169
9995,169
9996,169
9997,169
9998,169
9999,169
