0,149
1,149
2,150
3,150
4,150
5,150
6,150
7,150
8,150
9,150
10,150
11,150
12,150
13,150
14,150
15,150
16,150
17,150
18,150
19,150
20,149
21,149
22,149
23,149
24,149
25,149
26,149
27,149
28,149
29,149
30,149
31,149
32,149
33,149
34,149
35,149
36,149
37,149
38,149
39,149
40,149
41,149
42,149
43,149
44,149
45,149
46,149
47,149
48,149
49,149
50,149
51,149
52,149
53,149
54,149
55,149
56,149
57,149
58,149
59,149
60,149
61,149
62,149
63,149
64,149
65,149
66,149
67,149
68,149
69,149
70,149
71,149
72,149
73,149
74,149
75,149
76,149
77,149
78,149
79,149
80,149
81,149
82,149
83,149
84,149
85,149
86,149
87,149
88,149
89,149
90,150
91,150
92,149
93,149
94,149
95,149
96,149
97,149
98,149
99,149
100,150
101,150
102,150
103,150
104,149
105,150
106,150
107,150
108,150
109,150
110,150
111,150
112,150
113,150
114,150
115,150
116,150
117,150
118,150
119,150
120,150
121,150
122,150
123,150
124,150
125,150
126,150
127,150
128,150
129,150
130,150
131,150
132,150
133,150
134,150
135,150
136,150
137,150
138,150
139,150
140,150
141,150
142,150
143,150
144,150
145,150
146,150
147,150
148,150
149,150
150,150
151,150
152,150
153,150
154,150
155,149
156,149
157,149
158,149
159,149
160,149
161,149
162,149
163,149
164,149
165,150
166,150
167,150
168,150
169,150
170,150
171,150
172,150
173,150
174,150
175,150
176,150
177,150
178,150
179,150
180,150
181,149
182,150
183,150
184,150
185,150
186,150
187,150
188,149
189,149
190,149
191,149
192,149
193,149
194,149
195,149
196,149
197,150
198,150
199,150
200,149
201,149
202,149
203,149
204,149
205,149
206,149
207,149
208,149
209,149
210,149
211,150
212,149
213,149
214,149
215,150
216,150
217,150
218,150
219,150
220,150
221,150
222,150
223,150
224,150
225,150
226,150
227,150
228,150
229,150
230,150
231,150
232,150
233,150
234,150
235,150
236,150
237,150
238,150
239,150
240,150
241,150
242,150
243,150
244,150
245,150
246,150
247,150
248,150
249,150
250,150
251,150
252,150
253,150
254,150
255,150
256,150
257,150
258,150
259,150
260,150
261,150
262,150
263,150
264,150
265,151
266,151
267,151
268,151
269,150
270,150
271,150
272,150
273,150
274,150
275,150
276,150
277,150
278,150
279,150
280,150
281,150
282,150
283,150
284,150
285,150
286,151
287,151
288,151
289,151
290,151
291,151
292,151
293,151
294,151
295,151
296,151
297,151
298,151
299,151
300,151
301,151
302,151
303,151
304,151
305,151
306,151
307,151
308,151
309,151
310,151
311,151
312,152
313,152
314,152
315,152
316,152
317,152
318,152
319,152
320,152
321,152
322,152
323,152
324,152
325,152
326,152
327,152
328,152
329,152
330,152
331,152
332,152
333,152
334,152
335,152
336,152
337,152
338,152
339,152
340,152
341,152
342,152
343,152
344,152
345,152
346,152
347,152
348,152
349,151
350,151
351,151
352,152
353,152
354,152
355,152
356,152
357,152
358,152
359,152
360,152
361,152
362,152
363,152
364,152
365,152
366,152
367,152
368,152
369,152
370,152
371,152
372,152
373,152
374,152
375,152
376,152
377,153
378,153
379,153
380,153
381,153
382,153
383,153
384,153
385,153
386,153
387,153
388,153
389,153
390,153
391,153
392,153
393,153
394,153
395,153
396,153
397,153
398,153
399,153
400,153
401,153
402,153
403,153
404,153
405,153
406,153
407,153
408,153
409,153
410,153
411,153
412,153
413,153
414,153
415,153
416,154
417,153
418,153
419,153
420,153
421,153
422,153
423,153
424,153
425,153
426,153
427,153
428,153
429,152
430,152
431,152
432,153
433,153
434,153
435,153
436,153
437,153
438,153
439,153
440,153
441,153
442,153
443,153
444,153
445,153
446,153
447,153
448,153
449,153
450,153
451,153
452,153
453,153
454,153
455,153
456,153
457,153
458,153
459,153
460,154
461,154
462,153
463,153
464,153
465,153
466,153
467,153
468,153
469,153
470,153
471,153
472,153
473,153
474,153
475,153
476,153
477,153
478,153
479,153
480,153
481,153
482,153
483,153
484,153
485,153
486,153
487,153
488,153
489,153
490,153
491,153
492,153
493,153
494,153
495,153
496,153
497,153
498,153
499,153
500,153
501,153
502,153
503,153
504,153
505,153
506,153
507,153
508,153
509,153
510,153
511,153
512,153
513,153
514,153
515,153
516,153
517,153
518,153
519,153
520,153
521,153
522,153
523,153
524,153
525,153
526,153
527,153
528,153
529,153
530,153
531,153
532,153
533,154
534,154
535,154
536,154
537,153
538,153
539,153
540,153
541,153
542,153
543,153
544,153
545,153
546,153
547,153
548,153
549,153
550,153
551,153
552,153
553,153
554,153
555,153
556,153
557,153
558,153
559,153
560,153
561,153
562,153
563,153
564,153
565,153
566,153
567,153
568,153
569,153
570,153
571,153
572,153
573,153
574,153
575,153
576,153
577,153
578,153
579,153
580,153
581,153
582,153
583,153
584,153
585,153
586,153
587,153
588,153
589,153
590,153
591,153
592,153
593,153
594,153
595,153
596,153
597,153
598,153
599,153
600,153
601,153
602,153
603,153
604,153
605,153
606,153
607,153
608,153
609,153
610,153
611,153
612,153
613,153
614,153
615,153
616,152
617,152
618,152
619,153
620,153
621,152
622,153
623,152
624,152
625,152
626,152
627,152
628,152
629,152
630,152
631,152
632,152
633,152
634,152
635,152
636,152
637,152
638,152
639,152
640,152
641,152
642,152
643,152
644,152
645,152
646,152
647,152
648,152
649,152
650,152
651,152
652,152
653,152
654,152
655,152
656,152
657,152
658,152
659,153
660,153
661,153
662,152
663,152
664,152
665,152
666,152
667,152
668,152
669,152
670,152
671,152
672,152
673,152
674,152
675,152
676,152
677,152
678,152
679,152
680,152
681,152
682,153
683,153
684,153
685,153
686,153
687,153
688,153
689,153
690,153
691,153
692,153
693,152
694,153
695,153
696,153
697,153
698,153
699,152
700,152
701,152
702,152
703,152
704,153
705,152
706,152
707,153
708,153
709,153
710,153
711,153
712,153
713,153
714,153
715,153
716,153
717,153
718,153
719,153
720,153
721,153
722,153
723,153
724,153
725,153
726,153
727,153
728,153
729,153
730,153
731,153
732,153
733,153
734,153
735,153
736,153
737,153
738,153
739,153
740,153
741,153
742,153
743,153
744,153
745,153
746,153
747,153
748,153
749,153
750,153
751,153
752,153
753,153
754,153
755,153
756,153
757,153
758,153
759,153
760,153
761,153
762,153
763,153
764,153
765,153
766,153
767,153
768,153
769,153
770,153
771,153
772,153
773,153
774,153
775,153
776,153
777,153
778,153
779,153
780,153
781,153
782,153
783,153
784,153
785,153
786,153
787,153
788,153
789,153
790,153
791,153
792,153
793,153
794,153
795,153
796,153
797,153
798,153
799,153
800,153
801,153
802,153
803,153
804,153
805,153
806,153
807,153
808,153
809,153
810,153
811,153
812,153
813,153
814,153
815,153
816,153
817,153
818,153
819,153
820,153
821,154
822,154
823,154
824,154
825,154
826,154
827,154
828,154
829,154
830,154
831,154
832,154
833,154
834,154
835,154
836,154
837,154
838,154
839,154
840,154
841,154
842,154
843,154
844,154
845,154
846,154
847,154
848,154
849,154
850,154
851,154
852,154
853,154
854,154
855,154
856,154
857,153
858,153
859,153
860,153
861,153
862,153
863,153
864,153
865,154
866,154
867,154
868,154
869,154
870,154
871,154
872,154
873,154
874,154
875,154
876,154
877,154
878,154
879,154
880,154
881,154
882,154
883,154
884,154
885,154
886,154
887,154
888,154
889,154
890,154
891,154
892,154
893,154
894,154
895,154
896,154
897,154
898,154
899,154
900,154
901,154
902,154
903,154
904,154
905,154
906,154
907,154
908,154
909,154
910,154
911,154
912,155
913,154
914,154
915,154
916,154
917,155
918,154
919,155
920,154
921,154
922,154
923,154
924,155
925,155
926,155
927,155
928,155
929,155
930,155
931,155
932,155
933,155
934,155
935,155
936,155
937,155
938,155
939,155
940,155
941,155
942,155
943,155
944,155
945,155
946,155
947,155
948,154
949,154
950,154
951,154
952,154
953,154
954,154
955,154
956,154
957,154
958,154
959,155
960,155
961,155
962,155
963,155
964,155
965,155
966,155
967,155
968,155
969,155
970,155
971,155
972,155
973,155
974,155
975,155
976,155
977,155
978,155
979,155
980,155
981,155
982,155
983,155
984,155
985,155
986,155
987,155
988,155
989,155
990,155
991,155
992,155
993,155
994,155
995,155
996,154
997,154
998,155
999,155
1000,155
1001,155
1002,154
1003,155
1004,155
1005,155
1006,155
1007,155
1008,155
1009,155
1010,155
1011,155
1012,155
1013,155
1014,155
1015,155
1016,155
1017,155
1018,155
1019,155
1020,155
1021,155
1022,155
1023,155
1024,155
1025,155
1026,155
1027,155
1028,155
1029,156
1030,155
1031,156
1032,156
1033,156
1034,156
1035,156
1036,156
1037,156
1038,156
1039,156
1040,156
1041,156
1042,156
1043,156
1044,156
1045,156
1046,156
1047,156
1048,156
1049,156
1050,156
1051,156
1052,156
1053,156
1054,156
1055,156
1056,156
1057,156
1058,156
1059,156
1060,156
1061,156
1062,156
1063,156
1064,156
1065,156
1066,156
1067,156
1068,156
1069,156
1070,156
1071,156
1072,156
1073,156
1074,156
1075,156
1076,156
1077,156
1078,156
1079,156
1080,156
1081,156
1082,157
1083,157
1084,156
1085,156
1086,156
1087,156
1088,156
1089,156
1090,157
1091,157
1092,157
1093,157
1094,157
1095,157
1096,157
1097,157
1098,157
1099,157
1100,157
1101,157
1102,157
1103,157
1104,157
1105,157
1106,157
1107,157
1108,157
1109,157
1110,157
1111,157
1112,158
1113,158
1114,158
1115,158
1116,158
1117,158
1118,157
1119,157
1120,157
1121,157
1122,157
1123,157
1124,157
1125,157
1126,158
1127,158
1128,158
1129,158
1130,158
1131,158
1132,158
1133,158
1134,158
1135,158
1136,158
1137,158
1138,159
1139,159
1140,159
1141,159
1142,159
1143,159
1144,159
1145,159
1146,159
1147,159
1148,158
1149,158
1150,158
1151,158
1152,158
1153,159
1154,159
1155,159
1156,159
1157,159
1158,158
1159,159
1160,158
1161,158
1162,158
1163,158
1164,158
1165,158
1166,158
1167,158
1168,159
1169,159
1170,159
1171,159
1172,159
1173,159
1174,159
1175,159
1176,159
1177,159
1178,159
1179,159
1180,159
1181,159
1182,159
1183,159
1184,159
1185,159
1186,159
1187,159
1188,159
1189,159
1190,159
1191,159
1192,159
1193,159
1194,159
1195,159
1196,159
1197,159
1198,159
1199,159
1200,159
1201,159
1202,159
1203,159
1204,160
1205,160
1206,160
1207,160
1208,160
1209,160
1210,160
1211,160
1212,160
1213,160
1214,160
1215,160
1216,160
1217,160
1218,160
1219,160
1220,160
1221,161
1222,160
1223,161
1224,161
1225,161
1226,161
1227,161
1228,161
1229,161
1230,161
1231,161
1232,161
1233,161
1234,161
1235,161
1236,161
1237,161
1238,161
1239,161
1240,161
1241,161
1242,161
1243,161
1244,161
1245,161
1246,162
1247,162
1248,162
1249,162
1250,162
1251,162
1252,162
1253,162
1254,162
1255,162
1256,162
1257,162
1258,162
1259,162
1260,162
1261,162
1262,162
1263,162
1264,162
1265,162
1266,162
1267,162
1268,162
1269,162
1270,162
1271,162
1272,162
1273,162
1274,162
1275,162
1276,162
1277,162
1278,162
1279,162
1280,162
1281,162
1282,162
1283,162
1284,162
1285,162
1286,162
1287,162
1288,162
1289,162
1290,162
1291,162
1292,162
1293,162
1294,162
1295,162
1296,162
1297,162
1298,161
1299,161
1300,161
1301,161
1302,161
1303,161
1304,161
1305,161
1306,161
1307,161
1308,162
1309,161
1310,161
1311,161
1312,161
1313,161
1314,161
1315,161
1316,161
1317,161
1318,161
1319,161
1320,161
1321,161
1322,161
1323,161
1324,162
1325,162
1326,162
1327,162
1328,162
1329,162
1330,162
1331,162
1332,162
1333,162
1334,162
1335,162
1336,162
1337,162
1338,162
1339,162
1340,162
1341,162
1342,162
1343,162
1344,162
1345,162
1346,162
1347,162
1348,162
1349,162
1350,162
1351,162
1352,162
1353,162
1354,162
1355,161
1356,162
1357,162
1358,162
1359,162
1360,162
1361,162
1362,162
1363,162
1364,161
1365,162
1366,162
1367,162
1368,162
1369,162
1370,161
1371,162
1372,162
1373,162
1374,162
1375,162
1376,162
1377,162
1378,162
1379,162
1380,162
1381,162
1382,162
1383,162
1384,162
1385,162
1386,162
1387,162
1388,162
1389,162
1390,162
1391,162
1392,162
1393,162
1394,162
1395,162
1396,162
1397,162
1398,162
1399,162
1400,162
1401,162
1402,162
1403,162
1404,162
1405,162
1406,162
1407,162
1408,162
1409,162
1410,162
1411,162
1412,162
1413,162
1414,162
1415,162
1416,162
1417,162
1418,162
1419,162
1420,162
1421,162
1422,163
1423,163
1424,163
1425,163
1426,163
1427,163
1428,163
1429,163
1430,163
1431,163
1432,163
1433,163
1434,163
1435,163
1436,163
1437,163
1438,163
1439,163
1440,163
1441,163
1442,163
1443,163
1444,163
1445,163
1446,163
1447,163
1448,163
1449,163
1450,163
1451,163
1452,163
1453,163
1454,163
1455,163
1456,163
1457,163
1458,163
1459,163
1460,163
1461,163
1462,163
1463,163
1464,163
1465,163
1466,163
1467,163
1468,163
1469,163
1470,163
1471,163
1472,163
1473,163
1474,163
1475,163
1476,163
1477,163
1478,163
1479,163
1480,163
1481,163
1482,163
1483,163
1484,163
1485,163
1486,163
1487,163
1488,163
1489,163
1490,163
1491,163
1492,163
1493,163
1494,163
1495,163
1496,163
1497,163
1498,163
1499,163
1500,163
1501,163
1502,163
1503,163
1504,163
1505,163
1506,163
1507,163
1508,163
1509,163
1510,163
1511,163
1512,163
1513,163
1514,163
1515,163
1516,163
1517,163
1518,163
1519,163
1520,163
1521,163
1522,163
1523,163
1524,163
1525,163
1526,163
1527,163
1528,163
1529,163
1530,163
1531,163
1532,163
1533,163
1534,163
1535,163
1536,163
1537,163
1538,163
1539,163
1540,163
1541,163
1542,163
1543,163
1544,163
1545,163
1546,163
1547,163
1548,163
1549,163
1550,163
1551,163
1552,163
1553,163
1554,163
1555,163
1556,163
1557,163
1558,163
1559,163
1560,163
1561,163
1562,163
1563,163
1564,163
1565,163
1566,163
1567,163
1568,163
1569,163
1570,163
1571,163
1572,163
1573,163
1574,163
1575,163
1576,163
1577,163
1578,163
1579,163
1580,163
1581,163
1582,163
1583,163
1584,163
1585,163
1586,164
1587,164
1588,164
1589,164
1590,164
1591,164
1592,164
1593,164
1594,164
1595,164
1596,164
1597,164
1598,164
1599,164
1600,164
1601,164
1602,164
1603,164
1604,164
1605,164
1606,164
1607,164
1608,164
1609,164
1610,164
1611,164
1612,164
1613,164
1614,164
1615,164
1616,164
1617,164
1618,164
1619,164
1620,164
1621,164
1622,164
1623,164
1624,164
1625,164
1626,164
1627,164
1628,164
1629,164
1630,164
1631,164
1632,164
1633,164
1634,164
1635,164
1636,164
1637,164
1638,164
1639,164
1640,164
1641,165
1642,165
1643,164
1644,164
1645,164
1646,165
1647,164
1648,164
1649,164
1650,165
1651,165
1652,165
1653,164
1654,164
1655,165
1656,164
1657,165
1658,164
1659,164
1660,164
1661,165
1662,165
1663,165
1664,165
1665,165
1666,165
1667,165
1668,165
1669,165
1670,165
1671,165
1672,165
1673,165
1674,165
1675,165
1676,165
1677,165
1678,165
1679,165
1680,165
1681,165
1682,165
1683,165
1684,165
1685,165
1686,165
1687,165
1688,165
1689,165
1690,166
1691,166
1692,166
1693,166
1694,166
1695,166
1696,166
1697,166
1698,166
1699,166
1700,166
1701,166
1702,166
1703,166
1704,166
1705,166
1706,166
1707,165
1708,166
1709,166
1710,165
1711,165
1712,165
1713,165
1714,165
1715,165
1716,165
1717,165
1718,165
1719,165
1720,165
1721,165
1722,165
1723,165
1724,165
1725,165
1726,165
1727,165
1728,165
1729,165
1730,165
1731,165
1732,165
1733,165
1734,165
1735,165
1736,166
1737,166
1738,166
1739,166
1740,166
1741,166
1742,166
1743,166
1744,166
1745,166
1746,166
1747,166
1748,166
1749,166
1750,166
1751,166
1752,166
1753,166
1754,166
1755,166
1756,166
1757,166
1758,166
1759,166
1760,166
1761,166
1762,167
1763,166
1764,167
1765,167
1766,167
1767,167
1768,167
1769,167
1770,167
1771,167
1772,167
1773,167
1774,167
1775,167
1776,167
1777,167
1778,167
1779,167
1780,167
1781,167
1782,167
1783,167
1784,167
1785,167
1786,167
1787,167
1788,167
1789,167
1790,167
1791,167
1792,167
1793,167
1794,167
1795,167
1796,167
1797,167
1798,167
1799,167
1800,167
1801,167
1802,167
1803,168
1804,168
1805,168
1806,168
1807,168
1808,168
1809,168
1810,168
1811,168
1812,168
1813,168
1814,168
1815,168
1816,168
1817,168
1818,168
1819,168
1820,168
1821,168
1822,169
1823,168
1824,168
1825,169
1826,169
1827,169
1828,169
1829,169
1830,169
1831,169
1832,169
1833,169
1834,169
1835,169
1836,169
1837,169
1838,169
1839,169
1840,168
1841,169
1842,168
1843,169
1844,168
1845,168
1846,168
1847,168
1848,168
1849,168
1850,168
1851,169
1852,169
1853,169
1854,169
1855,169
1856,169
1857,169
1858,169
1859,169
1860,169
1861,169
1862,169
1863,169
1864,169
1865,169
1866,169
1867,169
1868,169
1869,169
1870,169
1871,169
1872,169
1873,169
1874,169
1875,169
1876,169
1877,169
1878,169
1879,169
1880,169
1881,169
1882,169
1883,169
1884,169
1885,169
1886,169
1887,169
1888,169
1889,169
1890,169
1891,169
1892,169
1893,169
1894,169
1895,169
1896,169
1897,169
1898,169
1899,169
1900,169
1901,169
1902,169
1903,168
1904,169
1905,169
1906,169
1907,169
1908,169
1909,169
1910,169
1911,169
1912,169
1913,169
1914,169
1915,169
1916,169
1917,169
1918,169
1919,169
1920,169
1921,169
1922,170
1923,170
1924,170
1925,170
1926,170
1927,170
1928,170
1929,170
1930,169
1931,169
1932,170
1933,170
1934,169
1935,170
1936,170
1937,170
1938,170
1939,170
1940,170
1941,170
1942,170
1943,170
1944,170
1945,170
1946,170
1947,169
1948,170
1949,170
1950,170
1951,170
1952,169
1953,169
1954,170
1955,170
1956,170
1957,170
1958,170
1959,169
1960,169
1961,169
1962,170
1963,170
1964,170
1965,170
1966,170
1967,170
1968,170
1969,170
1970,170
1971,170
1972,170
1973,170
1974,170
1975,171
1976,171
1977,171
1978,171
1979,171
1980,171
1981,171
1982,171
1983,171
1984,171
1985,171
1986,171
1987,171
1988,171
1989,171
1990,171
1991,171
1992,171
1993,171
1994,171
1995,171
1996,171
1997,171
1998,171
1999,171
2000,171
2001,171
2002,171
2003,171
2004,171
2005,171
2006,171
2007,172
2008,172
2009,172
2010,172
2011,172
2012,172
2013,172
2014,172
2015,172
2016,172
2017,172
2018,172
2019,172
2020,172
2021,172
2022,172
2023,172
2024,172
2025,172
2026,172
2027,172
2028,172
2029,172
2030,172
2031,172
2032,172
2033,172
2034,172
2035,172
2036,172
2037,172
2038,172
2039,172
2040,172
2041,172
2042,172
2043,172
2044,172
2045,172
2046,173
2047,173
2048,173
2049,173
2050,173
2051,173
2052,173
2053,173
2054,173
2055,173
2056,174
2057,174
2058,174
2059,174
2060,174
2061,174
2062,174
2063,174
2064,174
2065,174
2066,174
2067,174
2068,174
2069,174
2070,174
2071,174
2072,174
2073,174
2074,174
2075,174
2076,174
2077,174
2078,174
2079,174
2080,174
2081,174
2082,174
2083,174
2084,174
2085,174
2086,174
2087,174
2088,174
2089,175
2090,175
2091,175
2092,175
2093,175
2094,175
2095,175
2096,175
2097,175
2098,175
2099,175
2100,175
2101,175
2102,175
2103,175
2104,175
2105,175
2106,175
2107,175
2108,175
2109,175
2110,175
2111,175
2112,175
2113,175
2114,175
2115,174
2116,175
2117,175
2118,175
2119,175
2120,175
2121,174
2122,174
2123,175
2124,175
2125,175
2126,175
2127,175
2128,175
2129,175
2130,175
2131,175
2132,175
2133,175
2134,175
2135,175
2136,175
2137,175
2138,175
2139,175
2140,175
2141,175
2142,175
2143,175
2144,175
2145,175
2146,175
2147,175
2148,175
2149,175
2150,175
2151,175
2152,175
2153,175
2154,175
2155,175
2156,175
2157,175
2158,175
2159,175
2160,176
2161,176
2162,176
2163,175
2164,175
2165,175
2166,176
2167,176
2168,175
2169,175
2170,175
2171,175
2172,175
2173,176
2174,175
2175,175
2176,176
2177,176
2178,176
2179,176
2180,175
2181,175
2182,175
2183,175
2184,175
2185,175
2186,175
2187,175
2188,175
2189,175
2190,175
2191,175
2192,175
2193,175
2194,175
2195,175
2196,175
2197,175
2198,175
2199,175
2200,175
2201,175
2202,175
2203,175
2204,175
2205,175
2206,176
2207,176
2208,176
2209,176
2210,176
2211,176
2212,176
2213,176
2214,176
2215,176
2216,176
2217,176
2218,176
2219,176
2220,176
2221,176
2222,176
2223,176
2224,176
2225,176
2226,176
2227,176
2228,176
2229,176
2230,176
2231,176
2232,176
2233,176
2234,176
2235,176
2236,176
2237,176
2238,176
2239,176
2240,176
2241,176
2242,176
2243,177
2244,176
2245,176
2246,176
2247,176
2248,176
2249,176
2250,176
2251,176
2252,176
2253,177
2254,177
2255,176
2256,177
2257,177
2258,177
2259,177
2260,177
2261,177
2262,176
2263,177
2264,177
2265,177
2266,177
2267,177
2268,177
2269,177
2270,177
2271,177
2272,177
2273,177
2274,177
2275,177
2276,177
2277,177
2278,177
2279,177
2280,177
2281,177
2282,177
2283,177
2284,177
2285,177
2286,177
2287,177
2288,177
2289,177
2290,177
2291,177
2292,177
2293,177
2294,177
2295,177
2296,177
2297,177
2298,177
2299,177
2300,177
2301,177
2302,177
2303,177
2304,177
2305,177
2306,177
2307,177
2308,177
2309,177
2310,177
2311,177
2312,177
2313,177
2314,177
2315,177
2316,177
2317,177
2318,177
2319,177
2320,177
2321,177
2322,177
2323,177
2324,177
2325,177
2326,177
2327,177
2328,177
2329,178
2330,177
2331,178
2332,178
2333,178
2334,178
2335,178
2336,177
2337,178
2338,178
2339,178
2340,178
2341,178
2342,178
2343,178
2344,178
2345,178
2346,178
2347,178
2348,178
2349,178
2350,178
2351,178
2352,178
2353,178
2354,179
2355,179
2356,179
2357,179
2358,179
2359,178
2360,178
2361,178
2362,178
2363,178
2364,178
2365,178
2366,178
2367,179
2368,179
2369,179
2370,179
2371,179
2372,179
2373,178
2374,179
2375,179
2376,179
2377,179
2378,179
2379,179
2380,179
2381,179
2382,179
2383,179
2384,179
2385,179
2386,179
2387,179
2388,179
2389,179
2390,179
2391,179
2392,179
2393,179
2394,179
2395,179
2396,179
2397,179
2398,179
2399,179
2400,179
2401,179
2402,179
2403,179
2404,179
2405,179
2406,179
2407,179
2408,179
2409,179
2410,179
2411,179
2412,179
2413,179
2414,179
2415,178
2416,179
2417,179
2418,179
2419,179
2420,179
2421,179
2422,179
2423,179
2424,179
2425,179
2426,179
2427,179
2428,179
2429,179
2430,179
2431,179
2432,179
2433,179
2434,179
2435,179
2436,178
2437,178
2438,179
2439,179
2440,179
2441,179
2442,179
2443,179
2444,179
2445,179
2446,179
2447,179
2448,179
2449,179
2450,179
2451,179
2452,179
2453,179
2454,179
2455,179
2456,179
2457,179
2458,179
2459,179
2460,179
2461,179
2462,179
2463,179
2464,179
2465,179
2466,179
2467,179
2468,179
2469,179
2470,179
2471,179
2472,179
2473,179
2474,179
2475,179
2476,179
2477,179
2478,179
2479,179
2480,179
2481,179
2482,179
2483,179
2484,179
2485,179
2486,179
2487,179
2488,179
2489,179
2490,179
2491,179
2492,179
2493,179
2494,179
2495,179
2496,179
2497,179
2498,179
2499,179
2500,179
2501,179
2502,179
2503,179
2504,179
2505,179
2506,179
2507,179
2508,179
2509,179
2510,179
2511,179
2512,179
2513,179
2514,179
2515,179
2516,179
2517,179
2518,179
2519,179
2520,179
2521,179
2522,179
2523,179
2524,179
2525,179
2526,179
2527,179
2528,179
2529,179
2530,179
2531,179
2532,179
2533,179
2534,179
2535,179
2536,179
2537,179
2538,179
2539,179
2540,179
2541,179
2542,179
2543,179
2544,179
2545,179
2546,179
2547,179
2548,179
2549,179
2550,179
2551,179
2552,179
2553,179
2554,179
2555,179
2556,179
2557,179
2558,179
2559,179
2560,179
2561,179
2562,179
2563,179
2564,179
2565,179
2566,179
2567,179
2568,179
2569,179
2570,179
2571,179
2572,179
2573,178
2574,179
2575,179
2576,179
2577,179
2578,179
2579,179
2580,179
2581,179
2582,179
2583,179
2584,179
2585,179
2586,179
2587,178
2588,178
2589,178
2590,178
2591,178
2592,178
2593,179
2594,179
2595,179
2596,179
2597,179
2598,179
2599,179
2600,179
2601,179
2602,179
2603,179
2604,178
2605,179
2606,179
2607,179
2608,179
2609,179
2610,179
2611,179
2612,179
2613,178
2614,178
2615,178
2616,178
2617,178
2618,178
2619,179
2620,179
2621,179
2622,179
2623,179
2624,179
2625,179
2626,179
2627,179
2628,179
2629,179
2630,179
2631,179
2632,178
2633,178
2634,179
2635,179
2636,179
2637,179
2638,179
2639,179
2640,179
2641,179
2642,179
2643,179
2644,179
2645,179
2646,179
2647,179
2648,179
2649,179
2650,179
2651,179
2652,179
2653,179
2654,179
2655,179
2656,179
2657,179
2658,179
2659,179
2660,179
2661,179
2662,179
2663,179
2664,179
2665,179
2666,179
2667,179
2668,179
2669,179
2670,179
2671,179
2672,179
2673,179
2674,179
2675,179
2676,179
2677,179
2678,180
2679,180
2680,180
2681,180
2682,180
2683,180
2684,180
2685,180
2686,180
2687,180
2688,180
2689,180
2690,180
2691,180
2692,180
2693,180
2694,180
2695,180
2696,180
2697,180
2698,180
2699,180
2700,180
2701,180
2702,181
2703,181
2704,181
2705,180
2706,180
2707,180
2708,180
2709,180
2710,180
2711,180
2712,180
2713,180
2714,180
2715,180
2716,180
2717,180
2718,180
2719,180
2720,180
2721,180
2722,180
2723,180
2724,180
2725,180
2726,180
2727,180
2728,180
2729,180
2730,180
2731,181
2732,181
2733,181
2734,181
2735,181
2736,181
2737,181
2738,181
2739,181
2740,181
2741,181
2742,181
2743,181
2744,181
2745,181
2746,181
2747,181
2748,181
2749,181
2750,181
2751,181
2752,181
2753,181
2754,181
2755,181
2756,181
2757,181
2758,181
2759,181
2760,181
2761,181
2762,181
2763,181
2764,182
2765,182
2766,182
2767,182
2768,182
2769,182
2770,182
2771,182
2772,182
2773,182
2774,182
2775,182
2776,182
2777,182
2778,182
2779,182
2780,182
2781,182
2782,183
2783,183
2784,183
2785,183
2786,183
2787,183
2788,183
2789,183
2790,183
2791,183
2792,183
2793,184
2794,184
2795,184
2796,183
2797,183
2798,184
2799,184
2800,184
2801,184
2802,184
2803,184
2804,184
2805,184
2806,184
2807,184
2808,184
2809,184
2810,184
2811,184
2812,184
2813,184
2814,184
2815,184
2816,184
2817,184
2818,184
2819,184
2820,184
2821,184
2822,184
2823,184
2824,184
2825,184
2826,184
2827,183
2828,184
2829,184
2830,184
2831,184
2832,184
2833,184
2834,184
2835,183
2836,184
2837,184
2838,184
2839,184
2840,184
2841,184
2842,184
2843,184
2844,185
2845,185
2846,185
2847,185
2848,185
2849,185
2850,185
2851,184
2852,184
2853,184
2854,184
2855,185
2856,185
2857,185
2858,185
2859,185
2860,185
2861,185
2862,185
2863,185
2864,185
2865,185
2866,185
2867,185
2868,185
2869,185
2870,185
2871,185
2872,185
2873,185
2874,185
2875,185
2876,185
2877,185
2878,185
2879,185
2880,185
2881,185
2882,185
2883,185
2884,185
2885,185
2886,185
2887,185
2888,185
2889,185
2890,185
2891,185
2892,185
2893,185
2894,185
2895,185
2896,185
2897,185
2898,185
2899,186
2900,186
2901,186
2902,186
2903,186
2904,186
2905,186
2906,185
2907,186
2908,186
2909,186
2910,186
2911,186
2912,186
2913,186
2914,186
2915,186
2916,186
2917,186
2918,186
2919,186
2920,186
2921,186
2922,186
2923,186
2924,186
2925,186
2926,186
2927,186
2928,186
2929,186
2930,186
2931,186
2932,186
2933,186
2934,186
2935,186
2936,186
2937,186
2938,186
2939,186
2940,186
2941,186
2942,186
2943,186
2944,186
2945,186
2946,186
2947,186
2948,186
2949,186
2950,186
2951,186
2952,186
2953,186
2954,186
2955,186
2956,186
2957,186
2958,186
2959,186
2960,186
2961,186
2962,186
2963,186
2964,186
2965,186
2966,187
2967,187
2968,187
2969,187
2970,187
2971,187
2972,187
2973,187
2974,187
2975,187
2976,187
2977,187
2978,187
2979,187
2980,187
2981,188
2982,188
2983,188
2984,188
2985,188
2986,188
2987,188
2988,188
2989,188
2990,188
2991,188
2992,189
2993,189
2994,189
2995,189
2996,189
2997,189
2998,189
2999,189
3000,188
3001,188
3002,188
3003,188
3004,188
3005,188
3006,188
3007,188
3008,188
3009,188
3010,188
3011,188
3012,188
3013,188
3014,188
3015,188
3016,188
3017,188
3018,189
3019,189
3020,189
3021,189
3022,189
3023,189
3024,189
3025,189
3026,189
3027,189
3028,189
3029,189
3030,189
3031,189
3032,189
3033,189
3034,189
3035,189
3036,189
3037,189
3038,189
3039,190
3040,190
3041,190
3042,190
3043,190
3044,190
3045,190
3046,190
3047,190
3048,190
3049,190
3050,190
3051,190
3052,190
3053,190
3054,190
3055,190
3056,190
3057,190
3058,190
3059,190
3060,190
3061,190
3062,190
3063,190
3064,190
3065,190
3066,190
3067,190
3068,190
3069,190
3070,190
3071,190
3072,190
3073,190
3074,190
3075,190
3076,190
3077,190
3078,190
3079,190
3080,190
3081,190
3082,190
3083,190
3084,190
3085,190
3086,190
3087,190
3088,190
3089,190
3090,190
3091,190
3092,190
3093,190
3094,190
3095,190
3096,190
3097,190
3098,190
3099,190
3100,190
3101,190
3102,190
3103,190
3104,190
3105,190
3106,190
3107,190
3108,190
3109,190
3110,190
3111,190
3112,190
3113,190
3114,189
3115,189
3116,189
3117,189
3118,189
3119,189
3120,189
3121,189
3122,189
3123,189
3124,189
3125,189
3126,189
3127,189
3128,189
3129,189
3130,189
3131,189
3132,189
3133,189
3134,190
3135,190
3136,190
3137,190
3138,190
3139,190
3140,190
3141,190
3142,190
3143,190
3144,190
3145,190
3146,190
3147,190
3148,190
3149,190
3150,190
3151,190
3152,190
3153,190
3154,190
3155,190
3156,190
3157,190
3158,190
3159,190
3160,190
3161,190
3162,190
3163,190
3164,190
3165,190
3166,190
3167,190
3168,190
3169,190
3170,190
3171,190
3172,190
3173,190
3174,189
3175,190
3176,189
3177,189
3178,189
3179,189
3180,189
3181,189
3182,189
3183,189
3184,189
3185,189
3186,189
3187,189
3188,189
3189,189
3190,189
3191,189
3192,189
3193,189
3194,189
3195,189
3196,189
3197,189
3198,189
3199,189
3200,189
3201,189
3202,189
3203,189
3204,189
3205,189
3206,189
3207,189
3208,189
3209,189
3210,189
3211,189
3212,189
3213,189
3214,189
3215,189
3216,189
3217,189
3218,189
3219,189
3220,189
3221,189
3222,189
3223,189
3224,189
3225,189
3226,189
3227,189
3228,189
3229,189
3230,189
3231,189
3232,189
3233,189
3234,189
3235,189
3236,189
3237,189
3238,189
3239,189
3240,189
3241,189
3242,190
3243,190
3244,190
3245,190
3246,190
3247,190
3248,190
3249,190
3250,190
3251,190
3252,190
3253,190
3254,190
3255,190
3256,189
3257,190
3258,190
3259,190
3260,190
3261,190
3262,190
3263,190
3264,190
3265,190
3266,190
3267,190
3268,190
3269,190
3270,190
3271,190
3272,190
3273,190
3274,190
3275,190
3276,190
3277,190
3278,190
3279,190
3280,190
3281,190
3282,191
3283,191
3284,190
3285,190
3286,190
3287,190
3288,190
3289,190
3290,190
3291,190
3292,190
3293,190
3294,190
3295,190
3296,190
3297,190
3298,190
3299,191
3300,191
3301,190
3302,190
3303,190
3304,190
3305,190
3306,190
3307,190
3308,190
3309,190
3310,190
3311,190
3312,190
3313,190
3314,191
3315,191
3316,191
3317,191
3318,191
3319,191
3320,191
3321,190
3322,191
3323,191
3324,191
3325,191
3326,190
3327,191
3328,191
3329,191
3330,191
3331,191
3332,191
3333,191
3334,191
3335,191
3336,191
3337,191
3338,191
3339,191
3340,191
3341,191
3342,191
3343,191
3344,191
3345,191
3346,191
3347,191
3348,191
3349,191
3350,191
3351,191
3352,191
3353,191
3354,191
3355,191
3356,191
3357,191
3358,191
3359,191
3360,191
3361,191
3362,191
3363,191
3364,191
3365,191
3366,191
3367,191
3368,191
3369,191
3370,191
3371,192
3372,192
3373,192
3374,192
3375,191
3376,191
3377,191
3378,191
3379,191
3380,191
3381,191
3382,191
3383,191
3384,191
3385,191
3386,191
3387,191
3388,191
3389,191
3390,191
3391,191
3392,191
3393,191
3394,191
3395,192
3396,192
3397,192
3398,192
3399,192
3400,192
3401,192
3402,192
3403,192
3404,192
3405,192
3406,192
3407,192
3408,192
3409,192
3410,192
3411,192
3412,192
3413,192
3414,192
3415,192
3416,192
3417,192
3418,192
3419,192
3420,192
3421,192
3422,192
3423,192
3424,192
3425,192
3426,192
3427,192
3428,192
3429,192
3430,192
3431,192
3432,192
3433,192
3434,192
3435,192
3436,192
3437,192
3438,192
3439,192
3440,192
3441,192
3442,192
3443,192
3444,192
3445,192
3446,192
3447,192
3448,192
3449,192
3450,192
3451,192
3452,192
3453,192
3454,192
3455,193
3456,193
3457,193
3458,192
3459,193
3460,193
3461,193
3462,193
3463,193
3464,193
3465,193
3466,193
3467,193
3468,193
3469,193
3470,193
3471,193
3472,193
3473,193
3474,193
3475,193
3476,193
3477,194
3478,194
3479,194
3480,194
3481,194
3482,194
3483,194
3484,194
3485,194
3486,194
3487,194
3488,194
3489,193
3490,194
3491,194
3492,194
3493,194
3494,194
3495,194
3496,194
3497,194
3498,194
3499,194
3500,194
3501,194
3502,194
3503,194
3504,194
3505,194
3506,194
3507,194
3508,194
3509,194
3510,194
3511,194
3512,194
3513,194
3514,194
3515,194
3516,194
3517,194
3518,194
3519,194
3520,194
3521,194
3522,194
3523,193
3524,194
3525,193
3526,194
3527,194
3528,194
3529,194
3530,194
3531,194
3532,194
3533,194
3534,194
3535,194
3536,194
3537,194
3538,194
3539,194
3540,194
3541,194
3542,194
3543,194
3544,194
3545,194
3546,194
3547,194
3548,194
3549,194
3550,194
3551,194
3552,194
3553,194
3554,194
3555,194
3556,194
3557,194
3558,194
3559,194
3560,194
3561,194
3562,194
3563,194
3564,194
3565,194
3566,194
3567,194
3568,194
3569,194
3570,194
3571,194
3572,194
3573,194
3574,194
3575,194
3576,194
3577,194
3578,194
3579,194
3580,194
3581,194
3582,194
3583,194
3584,194
3585,194
3586,194
3587,194
3588,194
3589,194
3590,194
3591,194
3592,194
3593,194
3594,195
3595,194
3596,194
3597,194
3598,194
3599,194
3600,194
3601,194
3602,194
3603,194
3604,194
3605,194
3606,194
3607,194
3608,194
3609,194
3610,194
3611,194
3612,194
3613,194
3614,194
3615,194
3616,194
3617,194
3618,194
3619,194
3620,194
3621,194
3622,194
3623,194
3624,194
3625,194
3626,194
3627,194
3628,194
3629,194
3630,194
3631,194
3632,194
3633,194
3634,194
3635,194
3636,195
3637,194
3638,194
3639,194
3640,194
3641,194
3642,194
3643,194
3644,194
3645,194
3646,194
3647,194
3648,194
3649,194
3650,194
3651,194
3652,194
3653,194
3654,194
3655,194
3656,194
3657,194
3658,194
3659,194
3660,195
3661,195
3662,195
3663,195
3664,195
3665,195
3666,195
3667,195
3668,195
3669,195
3670,195
3671,195
3672,195
3673,195
3674,195
3675,195
3676,196
3677,196
3678,195
3679,195
3680,195
3681,196
3682,196
3683,196
3684,195
3685,196
3686,196
3687,195
3688,195
3689,195
3690,195
3691,196
3692,196
3693,196
3694,196
3695,196
3696,196
3697,196
3698,196
3699,196
3700,196
3701,196
3702,196
3703,196
3704,196
3705,196
3706,196
3707,196
3708,196
3709,197
3710,197
3711,196
3712,197
3713,196
3714,196
3715,196
3716,196
3717,197
3718,197
3719,197
3720,197
3721,196
3722,196
3723,196
3724,197
3725,196
3726,197
3727,197
3728,197
3729,197
3730,197
3731,197
3732,197
3733,197
3734,197
3735,197
3736,197
3737,197
3738,197
3739,197
3740,197
3741,197
3742,196
3743,197
3744,197
3745,197
3746,196
3747,196
3748,196
3749,196
3750,196
3751,196
3752,196
3753,196
3754,196
3755,196
3756,196
3757,196
3758,196
3759,196
3760,197
3761,197
3762,197
3763,197
3764,197
3765,197
3766,197
3767,197
3768,197
3769,197
3770,197
3771,197
3772,197
3773,197
3774,197
3775,197
3776,197
3777,197
3778,197
3779,197
3780,197
3781,197
3782,197
3783,197
3784,197
3785,197
3786,197
3787,197
3788,198
3789,198
3790,197
3791,197
3792,198
3793,198
3794,198
3795,198
3796,198
3797,198
3798,198
3799,198
3800,198
3801,198
3802,198
3803,198
3804,198
3805,198
3806,198
3807,199
3808,199
3809,199
3810,199
3811,199
3812,199
3813,199
3814,199
3815,199
3816,199
3817,199
3818,199
3819,199
3820,199
3821,199
3822,198
3823,198
3824,198
3825,198
3826,198
3827,198
3828,198
3829,198
3830,198
3831,198
3832,198
3833,198
3834,198
3835,198
3836,198
3837,198
3838,198
3839,198
3840,198
3841,198
3842,199
3843,199
3844,199
3845,199
3846,199
3847,199
3848,199
3849,199
3850,199
3851,199
3852,199
3853,199
3854,199
3855,199
3856,199
3857,199
3858,199
3859,199
3860,199
3861,199
3862,199
3863,199
3864,199
3865,199
3866,199
3867,199
3868,199
3869,199
3870,199
3871,199
3872,199
3873,199
3874,199
3875,199
3876,199
3877,199
3878,199
3879,199
3880,199
3881,199
3882,199
3883,199
3884,199
3885,199
3886,199
3887,199
3888,199
3889,199
3890,199
3891,199
3892,199
3893,199
3894,199
3895,199
3896,199
3897,199
3898,199
3899,199
3900,199
3901,199
3902,199
3903,199
3904,199
3905,199
3906,199
3907,199
3908,199
3909,199
3910,199
3911,199
3912,199
3913,199
3914,199
3915,199
3916,199
3917,199
3918,199
3919,199
3920,199
3921,199
3922,199
3923,199
3924,199
3925,199
3926,199
3927,199
3928,199
3929,199
3930,199
3931,199
3932,199
3933,199
3934,199
3935,199
3936,199
3937,199
3938,199
3939,199
3940,199
3941,200
3942,199
3943,199
3944,199
3945,199
3946,199
3947,200
3948,199
3949,199
3950,199
3951,199
3952,199
3953,199
3954,199
3955,199
3956,199
3957,199
3958,199
3959,199
3960,199
3961,199
3962,199
3963,199
3964,199
3965,199
3966,199
3967,199
3968,199
3969,199
3970,199
3971,199
3972,199
3973,199
3974,199
3975,199
3976,199
3977,199
3978,199
3979,199
3980,199
3981,200
3982,200
3983,200
3984,200
3985,200
3986,200
3987,200
3988,200
3989,200
3990,200
3991,200
3992,200
3993,200
3994,200
3995,200
3996,200
3997,200
3998,200
3999,200
4000,200
4001,200
4002,200
4003,200
4004,200
4005,200
4006,200
4007,200
4008,200
4009,200
4010,200
4011,200
4012,200
4013,200
4014,200
4015,200
4016,200
4017,200
4018,200
4019,200
4020,200
4021,200
4022,200
4023,200
4024,200
4025,200
4026,200
4027,200
4028,200
4029,200
4030,200
4031,200
4032,199
4033,200
4034,200
4035,199
4036,200
4037,200
4038,200
4039,200
4040,200
4041,200
4042,200
4043,200
4044,200
4045,200
4046,200
4047,200
4048,200
4049,200
4050,199
4051,200
4052,200
4053,199
4054,200
4055,199
4056,199
4057,199
4058,199
4059,199
4060,200
4061,200
4062,200
4063,200
4064,200
4065,200
4066,200
4067,200
4068,200
4069,200
4070,200
4071,200
4072,200
4073,200
4074,200
4075,200
4076,200
4077,200
4078,200
4079,200
4080,200
4081,200
4082,200
4083,200
4084,200
4085,200
4086,200
4087,199
4088,199
4089,199
4090,199
4091,199
4092,199
4093,199
4094,199
4095,199
4096,199
4097,199
4098,199
4099,199
4100,199
4101,199
4102,199
4103,199
4104,199
4105,199
4106,199
4107,199
4108,199
4109,199
4110,199
4111,199
4112,199
4113,199
4114,199
4115,199
4116,199
4117,199
4118,199
4119,199
4120,199
4121,199
4122,199
4123,199
4124,199
4125,199
4126,199
4127,199
4128,199
4129,199
4130,199
4131,199
4132,199
4133,199
4134,199
4135,199
4136,199
4137,199
4138,199
4139,199
4140,199
4141,199
4142,199
4143,199
4144,199
4145,199
4146,199
4147,199
4148,199
4149,199
4150,199
4151,199
4152,199
4153,199
4154,199
4155,199
4156,199
4157,199
4158,199
4159,199
4160,199
4161,199
4162,199
4163,199
4164,199
4165,199
4166,199
4167,199
4168,199
4169,199
4170,200
4171,199
4172,199
4173,200
4174,199
4175,199
4176,199
4177,199
4178,199
4179,199
4180,199
4181,200
4182,200
4183,200
4184,200
4185,200
4186,200
4187,200
4188,201
4189,200
4190,200
4191,200
4192,200
4193,200
4194,201
4195,201
4196,201
4197,201
4198,201
4199,201
4200,201
4201,201
4202,201
4203,201
4204,201
4205,201
4206,201
4207,201
4208,201
4209,201
4210,201
4211,201
4212,201
4213,201
4214,200
4215,200
4216,200
4217,200
4218,200
4219,200
4220,200
4221,200
4222,200
4223,200
4224,200
4225,200
4226,200
4227,200
4228,200
4229,200
4230,200
4231,200
4232,200
4233,200
4234,200
4235,200
4236,200
4237,200
4238,200
4239,200
4240,200
4241,200
4242,200
4243,200
4244,200
4245,200
4246,200
4247,200
4248,201
4249,201
4250,201
4251,201
4252,200
4253,200
4254,200
4255,201
4256,201
4257,201
4258,201
4259,201
4260,200
4261,200
4262,200
4263,200
4264,200
4265,200
4266,200
4267,200
4268,201
4269,201
4270,201
4271,201
4272,201
4273,201
4274,201
4275,201
4276,201
4277,201
4278,201
4279,201
4280,201
4281,201
4282,201
4283,201
4284,201
4285,201
4286,201
4287,201
4288,201
4289,201
4290,201
4291,201
4292,201
4293,201
4294,201
4295,201
4296,201
4297,201
4298,201
4299,201
4300,201
4301,201
4302,201
4303,201
4304,201
4305,201
4306,201
4307,201
4308,201
4309,201
4310,201
4311,201
4312,201
4313,201
4314,201
4315,201
4316,201
4317,201
4318,201
4319,202
4320,201
4321,201
4322,201
4323,202
4324,202
4325,202
4326,202
4327,202
4328,202
4329,202
4330,202
4331,202
4332,202
4333,202
4334,202
4335,202
4336,202
4337,202
4338,202
4339,202
4340,202
4341,202
4342,203
4343,203
4344,203
4345,202
4346,202
4347,202
4348,202
4349,202
4350,202
4351,202
4352,202
4353,202
4354,202
4355,202
4356,202
4357,202
4358,202
4359,202
4360,202
4361,202
4362,202
4363,202
4364,202
4365,202
4366,202
4367,202
4368,202
4369,202
4370,202
4371,202
4372,202
4373,202
4374,202
4375,202
4376,202
4377,202
4378,202
4379,202
4380,202
4381,202
4382,202
4383,203
4384,203
4385,203
4386,202
4387,203
4388,203
4389,203
4390,203
4391,203
4392,203
4393,203
4394,203
4395,203
4396,203
4397,203
4398,203
4399,203
4400,203
4401,203
4402,203
4403,203
4404,203
4405,203
4406,203
4407,203
4408,203
4409,203
4410,203
4411,203
4412,203
4413,203
4414,203
4415,203
4416,203
4417,203
4418,203
4419,203
4420,203
4421,203
4422,203
4423,203
4424,203
4425,203
4426,203
4427,203
4428,203
4429,204
4430,203
4431,203
4432,204
4433,203
4434,203
4435,204
4436,204
4437,204
4438,204
4439,204
4440,204
4441,204
4442,204
4443,204
4444,204
4445,204
4446,204
4447,204
4448,204
4449,204
4450,204
4451,204
4452,204
4453,204
4454,204
4455,204
4456,204
4457,204
4458,204
4459,204
4460,204
4461,205
4462,204
4463,204
4464,204
4465,204
4466,204
4467,204
4468,205
4469,204
4470,204
4471,204
4472,205
4473,204
4474,205
4475,205
4476,205
4477,205
4478,205
4479,205
4480,205
4481,205
4482,205
4483,205
4484,205
4485,205
4486,205
4487,205
4488,205
4489,205
4490,205
4491,205
4492,205
4493,205
4494,205
4495,204
4496,204
4497,205
4498,205
4499,205
4500,205
4501,205
4502,205
4503,205
4504,205
4505,205
4506,205
4507,205
4508,205
4509,205
4510,205
4511,205
4512,205
4513,205
4514,205
4515,204
4516,205
4517,205
4518,205
4519,205
4520,205
4521,205
4522,205
4523,205
4524,205
4525,205
4526,205
4527,205
4528,205
4529,205
4530,205
4531,205
4532,205
4533,205
4534,205
4535,205
4536,205
4537,205
4538,205
4539,205
4540,205
4541,205
4542,205
4543,205
4544,205
4545,205
4546,205
4547,205
4548,205
4549,205
4550,205
4551,205
4552,205
4553,205
4554,205
4555,205
4556,205
4557,205
4558,205
4559,205
4560,205
4561,205
4562,205
4563,205
4564,205
4565,205
4566,205
4567,205
4568,205
4569,205
4570,205
4571,205
4572,205
4573,205
4574,205
4575,205
4576,205
4577,205
4578,205
4579,205
4580,205
4581,205
4582,205
4583,206
4584,206
4585,206
4586,206
4587,206
4588,206
4589,206
4590,206
4591,206
4592,206
4593,206
4594,206
4595,206
4596,206
4597,206
4598,206
4599,206
4600,206
4601,206
4602,206
4603,206
4604,206
4605,206
4606,206
4607,206
4608,206
4609,206
4610,206
4611,207
4612,206
4613,206
4614,206
4615,207
4616,206
4617,207
4618,206
4619,206
4620,206
4621,207
4622,207
4623,207
4624,206
4625,206
4626,206
4627,206
4628,206
4629,206
4630,206
4631,206
4632,206
4633,206
4634,207
4635,206
4636,206
4637,206
4638,206
4639,206
4640,206
4641,206
4642,206
4643,207
4644,206
4645,207
4646,207
4647,207
4648,207
4649,207
4650,207
4651,207
4652,207
4653,207
4654,207
4655,207
4656,207
4657,207
4658,207
4659,207
4660,207
4661,207
4662,207
4663,207
4664,207
4665,207
4666,207
4667,207
4668,207
4669,207
4670,207
4671,207
4672,207
4673,207
4674,207
4675,207
4676,207
4677,207
4678,207
4679,207
4680,207
4681,207
4682,207
4683,207
4684,207
4685,207
4686,207
4687,207
4688,207
4689,207
4690,206
4691,206
4692,206
4693,206
4694,207
4695,207
4696,207
4697,207
4698,207
4699,207
4700,207
4701,207
4702,207
4703,207
4704,207
4705,207
4706,207
4707,207
4708,207
4709,207
4710,207
4711,207
4712,207
4713,207
4714,207
4715,207
4716,207
4717,207
4718,207
4719,207
4720,206
4721,206
4722,207
4723,206
4724,207
4725,207
4726,207
4727,207
4728,207
4729,207
4730,207
4731,207
4732,207
4733,207
4734,207
4735,206
4736,207
4737,207
4738,207
4739,207
4740,207
4741,207
4742,207
4743,207
4744,207
4745,207
4746,207
4747,207
4748,207
4749,207
4750,207
4751,207
4752,207
4753,207
4754,207
4755,207
4756,207
4757,207
4758,207
4759,207
4760,207
4761,207
4762,207
4763,207
4764,207
4765,207
4766,207
4767,207
4768,207
4769,207
4770,207
4771,207
4772,207
4773,207
4774,207
4775,207
4776,207
4777,207
4778,207
4779,207
4780,207
4781,207
4782,207
4783,207
4784,207
4785,207
4786,207
4787,207
4788,207
4789,207
4790,207
4791,207
4792,207
4793,207
4794,208
4795,208
4796,208
4797,208
4798,208
4799,208
4800,208
4801,208
4802,208
4803,208
4804,208
4805,208
4806,208
4807,208
4808,209
4809,208
4810,209
4811,209
4812,208
4813,208
4814,208
4815,209
4816,209
4817,209
4818,209
4819,209
4820,209
4821,209
4822,209
4823,209
4824,209
4825,209
4826,209
4827,208
4828,208
4829,208
4830,209
4831,209
4832,209
4833,209
4834,209
4835,209
4836,209
4837,209
4838,208
4839,208
4840,208
4841,208
4842,208
4843,208
4844,208
4845,208
4846,208
4847,208
4848,208
4849,208
4850,208
4851,208
4852,208
4853,208
4854,208
4855,208
4856,208
4857,208
4858,208
4859,208
4860,208
4861,208
4862,208
4863,209
4864,209
4865,208
4866,208
4867,209
4868,209
4869,209
4870,209
4871,209
4872,209
4873,209
4874,209
4875,209
4876,209
4877,209
4878,209
4879,209
4880,209
4881,209
4882,209
4883,209
4884,209
4885,209
4886,209
4887,209
4888,209
4889,209
4890,209
4891,209
4892,209
4893,209
4894,209
4895,209
4896,209
4897,209
4898,209
4899,209
4900,209
4901,209
4902,210
4903,210
4904,210
4905,210
4906,210
4907,210
4908,210
4909,210
4910,210
4911,210
4912,210
4913,210
4914,210
4915,210
4916,210
4917,210
4918,210
4919,210
4920,211
4921,211
4922,211
4923,211
4924,211
4925,211
4926,211
4927,211
4928,211
4929,211
4930,210
4931,210
4932,210
4933,210
4934,210
4935,210
4936,210
4937,210
4938,210
4939,210
4940,210
4941,210
4942,210
4943,210
4944,210
4945,210
4946,210
4947,210
4948,210
4949,210
4950,210
4951,210
4952,210
4953,210
4954,210
4955,210
4956,210
4957,210
4958,210
4959,210
4960,210
4961,210
4962,210
4963,210
4964,210
4965,210
4966,210
4967,210
4968,210
4969,211
4970,211
4971,211
4972,211
4973,211
4974,211
4975,211
4976,211
4977,211
4978,211
4979,211
4980,211
4981,211
4982,211
4983,211
4984,211
4985,211
4986,211
4987,211
4988,211
4989,211
4990,211
4991,211
4992,210
4993,210
4994,210
4995,210
4996,210
4997,210
4998,210
4999,210
5000,210
5001,210
5002,210
5003,210
5004,210
5005,210
5006,210
5007,210
5008,210
5009,210
5010,210
5011,210
5012,210
5013,210
5014,210
5015,210
5016,211
5017,211
5018,211
5019,211
5020,211
5021,211
5022,211
5023,211
5024,211
5025,211
5026,211
5027,211
5028,211
5029,211
5030,211
5031,211
5032,211
5033,211
5034,211
5035,211
5036,211
5037,212
5038,212
5039,212
5040,212
5041,212
5042,212
5043,212
5044,212
5045,212
5046,212
5047,212
5048,212
5049,212
5050,212
5051,212
5052,212
5053,212
5054,212
5055,212
5056,212
5057,212
5058,211
5059,211
5060,211
5061,211
5062,211
5063,211
5064,211
5065,211
5066,211
5067,211
5068,211
5069,211
5070,211
5071,211
5072,211
5073,211
5074,211
5075,211
5076,211
5077,211
5078,211
5079,211
5080,211
5081,211
5082,211
5083,211
5084,212
5085,212
5086,212
5087,212
5088,211
5089,211
5090,211
5091,211
5092,211
5093,211
5094,211
5095,211
5096,211
5097,211
5098,211
5099,211
5100,211
5101,211
5102,211
5103,211
5104,211
5105,211
5106,211
5107,211
5108,211
5109,211
5110,211
5111,212
5112,211
5113,211
5114,212
5115,212
5116,211
5117,211
5118,211
5119,211
5120,211
5121,211
5122,211
5123,211
5124,211
5125,211
5126,211
5127,211
5128,211
5129,211
5130,211
5131,211
5132,211
5133,211
5134,211
5135,211
5136,211
5137,211
5138,211
5139,211
5140,211
5141,211
5142,211
5143,211
5144,211
5145,211
5146,211
5147,211
5148,211
5149,211
5150,211
5151,211
5152,211
5153,211
5154,211
5155,211
5156,211
5157,211
5158,211
5159,211
5160,211
5161,211
5162,211
5163,211
5164,211
5165,211
5166,211
5167,211
5168,211
5169,211
5170,211
5171,211
5172,211
5173,211
5174,211
5175,211
5176,211
5177,211
5178,211
5179,211
5180,211
5181,211
5182,211
5183,211
5184,211
5185,211
5186,211
5187,211
5188,211
5189,211
5190,211
5191,211
5192,211
5193,211
5194,211
5195,211
5196,211
5197,211
5198,211
5199,211
5200,211
5201,211
5202,211
5203,211
5204,211
5205,211
5206,211
5207,211
5208,211
5209,212
5210,212
5211,212
5212,212
5213,212
5214,212
5215,212
5216,212
5217,212
5218,212
5219,212
5220,212
5221,212
5222,212
5223,212
5224,212
5225,212
5226,212
5227,212
5228,212
5229,212
5230,212
5231,212
5232,211
5233,212
5234,212
5235,212
5236,212
5237,212
5238,212
5239,212
5240,212
5241,212
5242,212
5243,212
5244,212
5245,212
5246,212
5247,212
5248,212
5249,212
5250,212
5251,213
5252,213
5253,213
5254,212
5255,212
5256,212
5257,212
5258,212
5259,212
5260,212
5261,212
5262,212
5263,212
5264,212
5265,213
5266,213
5267,213
5268,213
5269,213
5270,213
5271,213
5272,213
5273,213
5274,213
5275,213
5276,213
5277,213
5278,213
5279,213
5280,213
5281,213
5282,213
5283,213
5284,213
5285,213
5286,213
5287,213
5288,213
5289,213
5290,213
5291,213
5292,213
5293,213
5294,213
5295,213
5296,213
5297,213
5298,213
5299,213
5300,213
5301,213
5302,213
5303,213
5304,213
5305,212
5306,212
5307,212
5308,212
5309,213
5310,213
5311,212
5312,212
5313,212
5314,213
5315,212
5316,213
5317,212
5318,213
5319,212
5320,212
5321,213
5322,213
5323,213
5324,213
5325,213
5326,213
5327,213
5328,213
5329,213
5330,213
5331,213
5332,213
5333,213
5334,213
5335,213
5336,213
5337,213
5338,213
5339,213
5340,213
5341,213
5342,213
5343,213
5344,213
5345,213
5346,213
5347,213
5348,213
5349,213
5350,213
5351,213
5352,213
5353,213
5354,213
5355,213
5356,213
5357,213
5358,214
5359,213
5360,213
5361,213
5362,213
5363,213
5364,213
5365,213
5366,214
5367,214
5368,213
5369,213
5370,213
5371,213
5372,213
5373,214
5374,214
5375,214
5376,214
5377,214
5378,214
5379,214
5380,214
5381,214
5382,214
5383,214
5384,214
5385,214
5386,214
5387,214
5388,214
5389,214
5390,214
5391,214
5392,214
5393,214
5394,214
5395,214
5396,214
5397,214
5398,214
5399,214
5400,214
5401,214
5402,214
5403,214
5404,214
5405,214
5406,214
5407,214
5408,214
5409,214
5410,214
5411,214
5412,214
5413,214
5414,214
5415,214
5416,215
5417,215
5418,215
5419,215
5420,215
5421,215
5422,214
5423,214
5424,215
5425,215
5426,215
5427,214
5428,214
5429,214
5430,214
5431,214
5432,214
5433,214
5434,214
5435,214
5436,214
5437,214
5438,214
5439,214
5440,214
5441,214
5442,214
5443,214
5444,214
5445,214
5446,214
5447,214
5448,214
5449,214
5450,214
5451,214
5452,214
5453,214
5454,214
5455,214
5456,214
5457,214
5458,214
5459,214
5460,214
5461,214
5462,214
5463,214
5464,214
5465,214
5466,214
5467,214
5468,214
5469,214
5470,214
5471,214
5472,214
5473,214
5474,214
5475,214
5476,214
5477,214
5478,214
5479,214
5480,214
5481,214
5482,214
5483,214
5484,214
5485,214
5486,214
5487,214
5488,214
5489,214
5490,214
5491,214
5492,214
5493,214
5494,214
5495,214
5496,214
5497,214
5498,214
5499,214
5500,214
5501,214
5502,214
5503,214
5504,214
5505,214
5506,214
5507,214
5508,214
5509,214
5510,214
5511,214
5512,214
5513,214
5514,214
5515,214
5516,214
5517,214
5518,214
5519,214
5520,214
5521,214
5522,214
5523,214
5524,214
5525,214
5526,214
5527,214
5528,214
5529,214
5530,214
5531,214
5532,214
5533,214
5534,214
5535,214
5536,214
5537,214
5538,214
5539,214
5540,215
5541,214
5542,214
5543,214
5544,214
5545,215
5546,215
5547,215
5548,215
5549,215
5550,215
5551,215
5552,215
5553,215
5554,215
5555,215
5556,215
5557,215
5558,215
5559,215
5560,215
5561,215
5562,215
5563,215
5564,215
5565,215
5566,215
5567,215
5568,215
5569,215
5570,215
5571,215
5572,215
5573,215
5574,215
5575,215
5576,215
5577,215
5578,215
5579,215
5580,215
5581,215
5582,215
5583,215
5584,215
5585,215
5586,215
5587,215
5588,215
5589,215
5590,215
5591,215
5592,215
5593,215
5594,215
5595,215
5596,214
5597,215
5598,214
5599,214
5600,215
5601,215
5602,215
5603,215
5604,215
5605,215
5606,215
5607,215
5608,215
5609,215
5610,215
5611,215
5612,215
5613,215
5614,215
5615,215
5616,215
5617,215
5618,215
5619,214
5620,214
5621,214
5622,214
5623,214
5624,214
5625,214
5626,214
5627,214
5628,214
5629,214
5630,214
5631,214
5632,214
5633,214
5634,214
5635,214
5636,214
5637,214
5638,214
5639,214
5640,215
5641,215
5642,215
5643,215
5644,215
5645,215
5646,215
5647,215
5648,215
5649,215
5650,215
5651,215
5652,215
5653,215
5654,215
5655,215
5656,215
5657,215
5658,215
5659,215
5660,215
5661,215
5662,215
5663,214
5664,214
5665,215
5666,214
5667,214
5668,215
5669,215
5670,215
5671,215
5672,215
5673,215
5674,215
5675,215
5676,215
5677,215
5678,215
5679,215
5680,215
5681,215
5682,215
5683,215
5684,215
5685,215
5686,215
5687,215
5688,215
5689,215
5690,215
5691,215
5692,215
5693,215
5694,215
5695,215
5696,215
5697,215
5698,216
5699,216
5700,216
5701,216
5702,216
5703,216
5704,216
5705,217
5706,217
5707,217
5708,217
5709,217
5710,217
5711,217
5712,217
5713,216
5714,216
5715,217
5716,217
5717,217
5718,217
5719,217
5720,217
5721,217
5722,217
5723,217
5724,217
5725,217
5726,217
5727,216
5728,216
5729,216
5730,216
5731,216
5732,216
5733,216
5734,216
5735,216
5736,216
5737,216
5738,216
5739,216
5740,216
5741,216
5742,216
5743,216
5744,217
5745,217
5746,217
5747,217
5748,217
5749,217
5750,217
5751,217
5752,217
5753,217
5754,217
5755,217
5756,217
5757,217
5758,217
5759,217
5760,217
5761,217
5762,217
5763,217
5764,217
5765,216
5766,217
5767,217
5768,217
5769,216
5770,216
5771,216
5772,216
5773,217
5774,217
5775,217
5776,217
5777,216
5778,217
5779,217
5780,217
5781,217
5782,217
5783,217
5784,217
5785,217
5786,217
5787,217
5788,217
5789,217
5790,217
5791,217
5792,217
5793,217
5794,217
5795,217
5796,217
5797,217
5798,217
5799,217
5800,217
5801,217
5802,217
5803,217
5804,217
5805,217
5806,217
5807,217
5808,217
5809,217
5810,217
5811,217
5812,217
5813,217
5814,217
5815,217
5816,217
5817,217
5818,217
5819,217
5820,217
5821,217
5822,217
5823,217
5824,217
5825,218
5826,217
5827,218
5828,217
5829,217
5830,217
5831,218
5832,218
5833,218
5834,218
5835,218
5836,218
5837,218
5838,218
5839,218
5840,218
5841,218
5842,218
5843,218
5844,219
5845,219
5846,219
5847,219
5848,219
5849,219
5850,219
5851,219
5852,219
5853,219
5854,219
5855,219
5856,219
5857,219
5858,219
5859,219
5860,219
5861,219
5862,219
5863,219
5864,219
5865,219
5866,219
5867,219
5868,219
5869,219
5870,219
5871,219
5872,219
5873,219
5874,219
5875,219
5876,219
5877,219
5878,219
5879,219
5880,219
5881,219
5882,219
5883,220
5884,220
5885,220
5886,219
5887,219
5888,219
5889,219
5890,219
5891,219
5892,219
5893,219
5894,219
5895,219
5896,219
5897,219
5898,219
5899,219
5900,219
5901,219
5902,219
5903,219
5904,219
5905,219
5906,219
5907,219
5908,219
5909,219
5910,219
5911,219
5912,219
5913,219
5914,219
5915,219
5916,219
5917,219
5918,219
5919,219
5920,219
5921,219
5922,219
5923,219
5924,220
5925,220
5926,220
5927,219
5928,220
5929,219
5930,219
5931,220
5932,219
5933,219
5934,219
5935,219
5936,219
5937,220
5938,220
5939,219
5940,220
5941,219
5942,219
5943,220
5944,219
5945,219
5946,219
5947,219
5948,220
5949,219
5950,219
5951,219
5952,219
5953,220
5954,219
5955,219
5956,219
5957,220
5958,219
5959,219
5960,219
5961,219
5962,219
5963,219
5964,220
5965,219
5966,220
5967,220
5968,219
5969,220
5970,220
5971,220
5972,220
5973,220
5974,220
5975,220
5976,220
5977,220
5978,220
5979,220
5980,220
5981,220
5982,220
5983,220
5984,220
5985,220
5986,220
5987,221
5988,221
5989,220
5990,220
5991,220
5992,220
5993,221
5994,221
5995,221
5996,221
5997,220
5998,221
5999,221
6000,221
6001,221
6002,221
6003,221
6004,221
6005,221
6006,221
6007,221
6008,221
6009,221
6010,221
6011,221
6012,221
6013,221
6014,221
6015,221
6016,221
6017,220
6018,220
6019,220
6020,220
6021,220
6022,220
6023,220
6024,220
6025,220
6026,220
6027,220
6028,220
6029,220
6030,220
6031,220
6032,220
6033,220
6034,220
6035,220
6036,220
6037,220
6038,220
6039,220
6040,220
6041,220
6042,220
6043,220
6044,220
6045,220
6046,220
6047,220
6048,221
6049,221
6050,221
6051,221
6052,221
6053,221
6054,221
6055,221
6056,221
6057,221
6058,221
6059,220
6060,221
6061,221
6062,221
6063,221
6064,221
6065,221
6066,221
6067,221
6068,221
6069,221
6070,221
6071,221
6072,221
6073,222
6074,221
6075,221
6076,221
6077,221
6078,221
6079,221
6080,221
6081,221
6082,221
6083,221
6084,221
6085,221
6086,221
6087,221
6088,221
6089,221
6090,221
6091,221
6092,221
6093,220
6094,220
6095,221
6096,221
6097,220
6098,220
6099,220
6100,220
6101,220
6102,220
6103,220
6104,220
6105,220
6106,220
6107,220
6108,220
6109,221
6110,220
6111,220
6112,220
6113,220
6114,220
6115,220
6116,221
6117,220
6118,220
6119,220
6120,220
6121,221
6122,221
6123,221
6124,220
6125,220
6126,220
6127,220
6128,221
6129,221
6130,221
6131,221
6132,220
6133,221
6134,221
6135,221
6136,221
6137,221
6138,221
6139,221
6140,221
6141,221
6142,221
6143,221
6144,222
6145,222
6146,222
6147,222
6148,222
6149,222
6150,222
6151,222
6152,222
6153,222
6154,222
6155,222
6156,222
6157,222
6158,222
6159,222
6160,222
6161,222
6162,222
6163,222
6164,222
6165,222
6166,222
6167,222
6168,222
6169,222
6170,222
6171,223
6172,222
6173,222
6174,222
6175,222
6176,222
6177,222
6178,223
6179,223
6180,223
6181,223
6182,223
6183,223
6184,223
6185,223
6186,223
6187,222
6188,222
6189,223
6190,223
6191,223
6192,223
6193,223
6194,223
6195,223
6196,223
6197,223
6198,223
6199,223
6200,223
6201,223
6202,223
6203,223
6204,223
6205,223
6206,223
6207,223
6208,223
6209,223
6210,223
6211,223
6212,223
6213,223
6214,223
6215,223
6216,223
6217,223
6218,223
6219,223
6220,223
6221,223
6222,223
6223,223
6224,223
6225,223
6226,223
6227,223
6228,223
6229,223
6230,223
6231,223
6232,223
6233,223
6234,223
6235,223
6236,223
6237,223
6238,223
6239,223
6240,223
6241,223
6242,223
6243,223
6244,223
6245,223
6246,223
6247,223
6248,223
6249,223
6250,223
6251,223
6252,223
6253,224
6254,224
6255,224
6256,224
6257,224
6258,224
6259,224
6260,224
6261,224
6262,224
6263,224
6264,224
6265,224
6266,224
6267,224
6268,224
6269,224
6270,224
6271,224
6272,224
6273,224
6274,224
6275,224
6276,224
6277,224
6278,224
6279,224
6280,224
6281,224
6282,224
6283,224
6284,224
6285,224
6286,224
6287,224
6288,224
6289,225
6290,225
6291,225
6292,225
6293,225
6294,225
6295,225
6296,225
6297,225
6298,224
6299,224
6300,225
6301,225
6302,225
6303,225
6304,225
6305,225
6306,225
6307,225
6308,225
6309,225
6310,225
6311,225
6312,225
6313,225
6314,225
6315,226
6316,226
6317,226
6318,226
6319,226
6320,225
6321,225
6322,226
6323,226
6324,226
6325,226
6326,226
6327,226
6328,226
6329,226
6330,226
6331,226
6332,226
6333,226
6334,226
6335,226
6336,226
6337,226
6338,226
6339,226
6340,226
6341,226
6342,226
6343,226
6344,226
6345,226
6346,226
6347,226
6348,226
6349,226
6350,226
6351,226
6352,226
6353,226
6354,226
6355,226
6356,226
6357,226
6358,226
6359,226
6360,226
6361,226
6362,226
6363,226
6364,226
6365,226
6366,226
6367,226
6368,227
6369,227
6370,227
6371,227
6372,227
6373,227
6374,227
6375,227
6376,227
6377,227
6378,227
6379,227
6380,227
6381,227
6382,227
6383,227
6384,227
6385,227
6386,227
6387,227
6388,227
6389,227
6390,227
6391,227
6392,227
6393,227
6394,227
6395,227
6396,227
6397,226
6398,226
6399,226
6400,226
6401,226
6402,226
6403,226
6404,226
6405,226
6406,226
6407,227
6408,227
6409,227
6410,227
6411,226
6412,226
6413,226
6414,226
6415,226
6416,226
6417,226
6418,226
6419,226
6420,226
6421,226
6422,226
6423,226
6424,227
6425,227
6426,227
6427,227
6428,227
6429,227
6430,227
6431,227
6432,227
6433,227
6434,227
6435,227
6436,227
6437,227
6438,227
6439,227
6440,227
6441,227
6442,227
6443,227
6444,227
6445,227
6446,227
6447,227
6448,227
6449,227
6450,227
6451,227
6452,227
6453,228
6454,228
6455,228
6456,228
6457,228
6458,228
6459,228
6460,228
6461,228
6462,228
6463,228
6464,228
6465,228
6466,228
6467,228
6468,228
6469,228
6470,228
6471,228
6472,228
6473,227
6474,227
6475,227
6476,227
6477,228
6478,228
6479,228
6480,227
6481,227
6482,227
6483,227
6484,227
6485,227
6486,227
6487,227
6488,227
6489,227
6490,227
6491,227
6492,227
6493,227
6494,227
6495,227
6496,227
6497,227
6498,227
6499,227
6500,227
6501,227
6502,227
6503,227
6504,227
6505,227
6506,227
6507,227
6508,228
6509,228
6510,228
6511,228
6512,228
6513,228
6514,228
6515,228
6516,228
6517,228
6518,228
6519,228
6520,228
6521,228
6522,228
6523,228
6524,228
6525,228
6526,228
6527,228
6528,228
6529,228
6530,228
6531,228
6532,228
6533,228
6534,228
6535,228
6536,228
6537,228
6538,228
6539,228
6540,228
6541,228
6542,228
6543,228
6544,228
6545,228
6546,228
6547,228
6548,228
6549,228
6550,228
6551,228
6552,228
6553,228
6554,228
6555,228
6556,228
6557,228
6558,228
6559,228
6560,228
6561,228
6562,228
6563,228
6564,228
6565,228
6566,228
6567,228
6568,228
6569,228
6570,228
6571,228
6572,228
6573,228
6574,228
6575,228
6576,228
6577,228
6578,228
6579,228
6580,228
6581,228
6582,228
6583,228
6584,228
6585,228
6586,228
6587,228
6588,228
6589,228
6590,228
6591,228
6592,228
6593,228
6594,228
6595,228
6596,228
6597,228
6598,228
6599,228
6600,228
6601,228
6602,229
6603,229
6604,229
6605,229
6606,229
6607,229
6608,229
6609,229
6610,229
6611,229
6612,229
6613,229
6614,229
6615,229
6616,229
6617,229
6618,229
6619,229
6620,229
6621,229
6622,229
6623,230
6624,229
6625,229
6626,229
6627,229
6628,229
6629,229
6630,229
6631,229
6632,229
6633,229
6634,229
6635,229
6636,229
6637,229
6638,229
6639,229
6640,230
6641,230
6642,230
6643,230
6644,230
6645,230
6646,230
6647,230
6648,230
6649,230
6650,230
6651,230
6652,230
6653,230
6654,230
6655,230
6656,230
6657,230
6658,230
6659,230
6660,230
6661,230
6662,230
6663,230
6664,230
6665,230
6666,230
6667,230
6668,230
6669,230
6670,230
6671,230
6672,230
6673,231
6674,231
6675,231
6676,231
6677,230
6678,230
6679,230
6680,230
6681,231
6682,231
6683,231
6684,231
6685,231
6686,231
6687,231
6688,231
6689,231
6690,231
6691,231
6692,231
6693,231
6694,231
6695,231
6696,231
6697,230
6698,230
6699,231
6700,231
6701,231
6702,231
6703,231
6704,231
6705,231
6706,231
6707,231
6708,231
6709,231
6710,231
6711,231
6712,231
6713,231
6714,231
6715,231
6716,231
6717,231
6718,231
6719,231
6720,231
6721,231
6722,231
6723,231
6724,231
6725,231
6726,230
6727,230
6728,230
6729,230
6730,231
6731,231
6732,231
6733,231
6734,230
6735,230
6736,230
6737,230
6738,231
6739,231
6740,231
6741,231
6742,231
6743,231
6744,231
6745,231
6746,231
6747,231
6748,231
6749,231
6750,230
6751,230
6752,230
6753,230
6754,230
6755,230
6756,230
6757,230
6758,230
6759,231
6760,230
6761,230
6762,230
6763,231
6764,231
6765,231
6766,230
6767,230
6768,230
6769,231
6770,231
6771,231
6772,231
6773,231
6774,231
6775,231
6776,231
6777,231
6778,231
6779,231
6780,230
6781,230
6782,231
6783,231
6784,230
6785,230
6786,230
6787,231
6788,230
6789,231
6790,231
6791,231
6792,231
6793,231
6794,231
6795,231
6796,231
6797,231
6798,231
6799,231
6800,231
6801,231
6802,231
6803,231
6804,231
6805,231
6806,231
6807,231
6808,231
6809,231
6810,231
6811,231
6812,231
6813,231
6814,231
6815,231
6816,231
6817,231
6818,231
6819,231
6820,231
6821,231
6822,231
6823,231
6824,231
6825,231
6826,231
6827,231
6828,231
6829,231
6830,231
6831,231
6832,231
6833,231
6834,231
6835,231
6836,231
6837,231
6838,230
6839,230
6840,230
6841,230
6842,230
6843,230
6844,230
6845,230
6846,230
6847,230
6848,230
6849,231
6850,230
6851,230
6852,231
6853,231
6854,231
6855,231
6856,231
6857,231
6858,231
6859,231
6860,231
6861,231
6862,231
6863,231
6864,231
6865,231
6866,231
6867,231
6868,231
6869,231
6870,231
6871,231
6872,231
6873,231
6874,231
6875,231
6876,231
6877,231
6878,231
6879,231
6880,231
6881,231
6882,231
6883,231
6884,231
6885,231
6886,231
6887,231
6888,231
6889,231
6890,231
6891,231
6892,231
6893,231
6894,231
6895,231
6896,231
6897,231
6898,231
6899,231
6900,231
6901,231
6902,231
6903,231
6904,231
6905,231
6906,231
6907,231
6908,231
6909,231
6910,231
6911,231
6912,231
6913,231
6914,230
6915,231
6916,230
6917,230
6918,230
6919,230
6920,230
6921,230
6922,230
6923,230
6924,230
6925,230
6926,230
6927,230
6928,230
6929,230
6930,230
6931,230
6932,231
6933,230
6934,230
6935,230
6936,231
6937,231
6938,231
6939,231
6940,231
6941,231
6942,231
6943,231
6944,231
6945,231
6946,231
6947,231
6948,231
6949,231
6950,231
6951,231
6952,231
6953,231
6954,231
6955,231
6956,231
6957,231
6958,231
6959,231
6960,231
6961,231
6962,231
6963,231
6964,230
6965,231
6966,231
6967,231
6968,231
6969,231
6970,231
6971,231
6972,231
6973,231
6974,231
6975,231
6976,231
6977,231
6978,231
6979,230
6980,230
6981,230
6982,230
6983,230
6984,230
6985,230
6986,230
6987,230
6988,230
6989,230
6990,230
6991,230
6992,230
6993,230
6994,230
6995,230
6996,230
6997,230
6998,230
6999,230
7000,230
7001,230
7002,231
7003,231
7004,231
7005,231
7006,231
7007,231
7008,231
7009,231
7010,231
7011,230
7012,230
7013,230
7014,230
7015,230
7016,230
7017,230
7018,230
7019,230
7020,230
7021,230
7022,230
7023,230
7024,230
7025,230
7026,230
7027,230
7028,231
7029,231
7030,231
7031,231
7032,231
7033,231
7034,231
7035,231
7036,231
7037,231
7038,231
7039,231
7040,231
7041,231
7042,231
7043,231
7044,231
7045,231
7046,231
7047,231
7048,231
7049,231
7050,231
7051,231
7052,231
7053,231
7054,231
7055,231
7056,231
7057,231
7058,231
7059,231
7060,231
7061,231
7062,231
7063,231
7064,230
7065,231
7066,231
7067,231
7068,231
7069,231
7070,231
7071,231
7072,231
7073,231
7074,231
7075,231
7076,231
7077,231
7078,231
7079,231
7080,231
7081,232
7082,232
7083,231
7084,231
7085,231
7086,231
7087,231
7088,231
7089,231
7090,231
7091,231
7092,231
7093,231
7094,231
7095,231
7096,231
7097,231
7098,231
7099,231
7100,231
7101,231
7102,231
7103,231
7104,231
7105,231
7106,232
7107,231
7108,231
7109,232
7110,232
7111,232
7112,232
7113,232
7114,232
7115,231
7116,231
7117,231
7118,231
7119,231
7120,231
7121,231
7122,231
7123,231
7124,231
7125,231
7126,231
7127,231
7128,231
7129,232
7130,232
7131,231
7132,231
7133,231
7134,232
7135,232
7136,232
7137,231
7138,231
7139,231
7140,231
7141,231
7142,231
7143,231
7144,231
7145,231
7146,231
7147,232
7148,231
7149,231
7150,231
7151,231
7152,231
7153,231
7154,231
7155,231
7156,231
7157,232
7158,232
7159,231
7160,231
7161,231
7162,231
7163,231
7164,231
7165,232
7166,232
7167,231
7168,232
7169,231
7170,231
7171,231
7172,231
7173,231
7174,231
7175,231
7176,231
7177,231
7178,231
7179,231
7180,231
7181,231
7182,231
7183,231
7184,231
7185,231
7186,231
7187,231
7188,231
7189,231
7190,231
7191,231
7192,231
7193,231
7194,231
7195,231
7196,231
7197,231
7198,231
7199,231
7200,231
7201,231
7202,231
7203,231
7204,231
7205,231
7206,231
7207,232
7208,232
7209,232
7210,232
7211,232
7212,232
7213,232
7214,232
7215,232
7216,232
7217,232
7218,232
7219,232
7220,232
7221,232
7222,232
7223,232
7224,232
7225,232
7226,232
7227,232
7228,232
7229,232
7230,232
7231,232
7232,232
7233,232
7234,232
7235,232
7236,232
7237,232
7238,232
7239,232
7240,232
7241,232
7242,232
7243,233
7244,233
7245,233
7246,233
7247,233
7248,233
7249,233
7250,233
7251,233
7252,233
7253,233
7254,233
7255,233
7256,233
7257,233
7258,233
7259,233
7260,233
7261,233
7262,233
7263,233
7264,233
7265,233
7266,233
7267,233
7268,233
7269,233
7270,234
7271,233
7272,233
7273,233
7274,233
7275,233
7276,233
7277,233
7278,233
7279,233
7280,233
7281,233
7282,233
7283,233
7284,233
7285,233
7286,233
7287,233
7288,234
7289,234
7290,234
7291,234
7292,234
7293,234
7294,234
7295,234
7296,234
7297,234
7298,234
7299,234
7300,234
7301,235
7302,235
7303,235
7304,235
7305,235
7306,235
7307,235
7308,235
7309,235
7310,235
7311,235
7312,235
7313,235
7314,235
7315,234
7316,234
7317,234
7318,235
7319,235
7320,234
7321,234
7322,234
7323,234
7324,234
7325,234
7326,234
7327,234
7328,235
7329,235
7330,234
7331,234
7332,234
7333,235
7334,234
7335,234
7336,234
7337,234
7338,234
7339,234
7340,234
7341,234
7342,234
7343,234
7344,234
7345,234
7346,234
7347,234
7348,234
7349,234
7350,234
7351,234
7352,234
7353,234
7354,234
7355,234
7356,233
7357,234
7358,233
7359,234
7360,234
7361,234
7362,234
7363,234
7364,233
7365,233
7366,233
7367,234
7368,234
7369,234
7370,234
7371,234
7372,234
7373,234
7374,234
7375,234
7376,234
7377,234
7378,234
7379,234
7380,234
7381,234
7382,234
7383,234
7384,234
7385,234
7386,234
7387,234
7388,234
7389,234
7390,234
7391,234
7392,234
7393,234
7394,234
7395,234
7396,234
7397,234
7398,234
7399,234
7400,234
7401,234
7402,234
7403,234
7404,234
7405,234
7406,234
7407,234
7408,234
7409,234
7410,235
7411,234
7412,234
7413,234
7414,234
7415,234
7416,234
7417,234
7418,234
7419,234
7420,234
7421,234
7422,234
7423,234
7424,234
7425,234
7426,234
7427,234
7428,234
7429,234
7430,234
7431,234
7432,234
7433,234
7434,234
7435,234
7436,234
7437,234
7438,234
7439,233
7440,234
7441,234
7442,234
7443,234
7444,234
7445,234
7446,234
7447,234
7448,234
7449,234
7450,234
7451,234
7452,235
7453,235
7454,235
7455,235
7456,235
7457,235
7458,235
7459,235
7460,235
7461,235
7462,235
7463,235
7464,235
7465,235
7466,235
7467,235
7468,235
7469,235
7470,235
7471,235
7472,235
7473,235
7474,235
7475,234
7476,234
7477,234
7478,234
7479,235
7480,235
7481,235
7482,235
7483,235
7484,235
7485,235
7486,236
7487,236
7488,236
7489,236
7490,236
7491,236
7492,236
7493,236
7494,236
7495,236
7496,236
7497,236
7498,236
7499,236
7500,236
7501,236
7502,236
7503,236
7504,236
7505,236
7506,236
7507,236
7508,235
7509,235
7510,236
7511,236
7512,235
7513,235
7514,235
7515,235
7516,235
7517,235
7518,235
7519,235
7520,235
7521,235
7522,235
7523,235
7524,235
7525,235
7526,235
7527,235
7528,234
7529,235
7530,235
7531,235
7532,235
7533,235
7534,235
7535,235
7536,235
7537,235
7538,235
7539,235
7540,235
7541,235
7542,235
7543,235
7544,235
7545,235
7546,235
7547,235
7548,235
7549,235
7550,235
7551,235
7552,235
7553,235
7554,235
7555,235
7556,235
7557,235
7558,236
7559,236
7560,236
7561,235
7562,236
7563,236
7564,236
7565,236
7566,236
7567,235
7568,235
7569,235
7570,236
7571,236
7572,235
7573,235
7574,235
7575,235
7576,235
7577,235
7578,235
7579,235
7580,235
7581,235
7582,235
7583,235
7584,235
7585,235
7586,235
7587,235
7588,235
7589,235
7590,235
7591,236
7592,236
7593,236
7594,236
7595,236
7596,236
7597,236
7598,236
7599,236
7600,236
7601,236
7602,236
7603,235
7604,235
7605,235
7606,235
7607,235
7608,235
7609,235
7610,235
7611,235
7612,235
7613,235
7614,236
7615,236
7616,236
7617,236
7618,236
7619,236
7620,236
7621,236
7622,236
7623,236
7624,236
7625,236
7626,236
7627,236
7628,236
7629,236
7630,236
7631,236
7632,236
7633,236
7634,236
7635,236
7636,236
7637,236
7638,236
7639,236
7640,236
7641,236
7642,236
7643,236
7644,236
7645,236
7646,237
7647,237
7648,237
7649,237
7650,237
7651,237
7652,237
7653,237
7654,237
7655,237
7656,237
7657,237
7658,237
7659,237
7660,237
7661,237
7662,237
7663,237
7664,237
7665,237
7666,237
7667,237
7668,237
7669,237
7670,237
7671,237
7672,237
7673,237
7674,237
7675,237
7676,237
7677,237
7678,237
7679,237
7680,237
7681,237
7682,237
7683,237
7684,237
7685,237
7686,237
7687,237
7688,237
7689,237
7690,237
7691,236
7692,237
7693,236
7694,237
7695,237
7696,237
7697,237
7698,237
7699,237
7700,237
7701,237
7702,237
7703,237
7704,238
7705,238
7706,238
7707,238
7708,238
7709,238
7710,238
7711,238
7712,238
7713,238
7714,238
7715,238
7716,238
7717,238
7718,238
7719,238
7720,238
7721,238
7722,238
7723,238
7724,238
7725,238
7726,238
7727,238
7728,238
7729,238
7730,238
7731,238
7732,238
7733,238
7734,238
7735,238
7736,238
7737,238
7738,239
7739,239
7740,239
7741,239
7742,239
7743,239
7744,239
7745,238
7746,238
7747,238
7748,238
7749,238
7750,238
7751,238
7752,238
7753,238
7754,238
7755,238
7756,239
7757,239
7758,239
7759,238
7760,239
7761,239
7762,239
7763,239
7764,239
7765,239
7766,239
7767,239
7768,238
7769,239
7770,239
7771,239
7772,239
7773,239
7774,239
7775,238
7776,239
7777,239
7778,239
7779,239
7780,239
7781,239
7782,238
7783,238
7784,238
7785,238
7786,239
7787,239
7788,239
7789,239
7790,239
7791,239
7792,239
7793,239
7794,239
7795,239
7796,239
7797,239
7798,239
7799,239
7800,239
7801,239
7802,239
7803,239
7804,239
7805,239
7806,239
7807,239
7808,239
7809,239
7810,239
7811,239
7812,239
7813,239
7814,239
7815,239
7816,239
7817,239
7818,239
7819,239
7820,239
7821,239
7822,239
7823,239
7824,239
7825,239
7826,239
7827,239
7828,239
7829,239
7830,239
7831,239
7832,239
7833,239
7834,239
7835,239
7836,239
7837,240
7838,240
7839,240
7840,240
7841,240
7842,240
7843,240
7844,240
7845,241
7846,241
7847,241
7848,240
7849,241
7850,241
7851,241
7852,241
7853,241
7854,241
7855,241
7856,240
7857,240
7858,241
7859,241
7860,241
7861,241
7862,241
7863,241
7864,241
7865,241
7866,241
7867,241
7868,241
7869,241
7870,241
7871,241
7872,241
7873,241
7874,241
7875,241
7876,241
7877,241
7878,241
7879,242
7880,241
7881,241
7882,241
7883,241
7884,241
7885,241
7886,242
7887,242
7888,242
7889,242
7890,242
7891,242
7892,242
7893,242
7894,242
7895,242
7896,242
7897,242
7898,242
7899,242
7900,242
7901,242
7902,242
7903,242
7904,242
7905,242
7906,242
7907,243
7908,243
7909,243
7910,243
7911,243
7912,243
7913,243
7914,243
7915,243
7916,243
7917,244
7918,244
7919,244
7920,244
7921,244
7922,244
7923,244
7924,244
7925,244
7926,244
7927,244
7928,245
7929,245
7930,245
7931,245
7932,244
7933,244
7934,244
7935,244
7936,245
7937,245
7938,245
7939,245
7940,245
7941,245
7942,245
7943,245
7944,245
7945,245
7946,245
7947,245
7948,245
7949,245
7950,245
7951,245
7952,245
7953,244
7954,244
7955,245
7956,245
7957,244
7958,244
7959,244
7960,244
7961,244
7962,244
7963,244
7964,244
7965,244
7966,244
7967,244
7968,244
7969,244
7970,244
7971,244
7972,243
7973,243
7974,243
7975,243
7976,243
7977,243
7978,243
7979,243
7980,243
7981,242
7982,242
7983,242
7984,242
7985,242
7986,242
7987,242
7988,242
7989,242
7990,242
7991,242
7992,242
7993,242
7994,242
7995,242
7996,242
7997,242
7998,242
7999,243
8000,243
8001,242
8002,242
8003,242
8004,242
8005,242
8006,242
8007,242
8008,242
8009,242
8010,242
8011,242
8012,242
8013,241
8014,242
8015,241
8016,242
8017,242
8018,242
8019,242
8020,242
8021,242
8022,242
8023,242
8024,242
8025,242
8026,242
8027,242
8028,242
8029,242
8030,242
8031,242
8032,242
8033,242
8034,242
8035,242
8036,242
8037,242
8038,242
8039,242
8040,242
8041,242
8042,242
8043,243
8044,242
8045,242
8046,242
8047,242
8048,242
8049,242
8050,242
8051,242
8052,242
8053,243
8054,243
8055,243
8056,243
8057,243
8058,243
8059,243
8060,243
8061,243
8062,243
8063,243
8064,244
8065,244
8066,244
8067,244
8068,244
8069,244
8070,244
8071,244
8072,244
8073,244
8074,244
8075,244
8076,244
8077,244
8078,244
8079,244
8080,244
8081,244
8082,244
8083,244
8084,244
8085,244
8086,245
8087,245
8088,245
8089,245
8090,245
8091,245
8092,245
8093,244
8094,245
8095,245
8096,245
8097,245
8098,245
8099,245
8100,245
8101,245
8102,245
8103,245
8104,245
8105,244
8106,244
8107,245
8108,244
8109,244
8110,244
8111,245
8112,245
8113,245
8114,245
8115,245
8116,245
8117,245
8118,245
8119,245
8120,245
8121,245
8122,245
8123,245
8124,245
8125,245
8126,245
8127,245
8128,245
8129,245
8130,245
8131,245
8132,245
8133,245
8134,245
8135,245
8136,245
8137,245
8138,245
8139,245
8140,245
8141,245
8142,245
8143,245
8144,245
8145,245
8146,245
8147,245
8148,245
8149,246
8150,246
8151,246
8152,245
8153,246
8154,246
8155,245
8156,245
8157,246
8158,246
8159,246
8160,246
8161,246
8162,246
8163,246
8164,246
8165,246
8166,246
8167,246
8168,246
8169,246
8170,246
8171,246
8172,246
8173,246
8174,246
8175,246
8176,246
8177,247
8178,247
8179,246
8180,246
8181,246
8182,246
8183,246
8184,246
8185,246
8186,246
8187,246
8188,246
8189,246
8190,246
8191,246
8192,246
8193,246
8194,246
8195,246
8196,246
8197,246
8198,246
8199,246
8200,246
8201,246
8202,246
8203,246
8204,246
8205,246
8206,246
8207,246
8208,246
8209,246
8210,246
8211,246
8212,246
8213,246
8214,246
8215,246
8216,246
8217,246
8218,246
8219,246
8220,246
8221,246
8222,246
8223,246
8224,246
8225,246
8226,246
8227,246
8228,246
8229,246
8230,246
8231,246
8232,246
8233,246
8234,246
8235,245
8236,246
8237,245
8238,246
8239,246
8240,246
8241,246
8242,246
8243,246
8244,246
8245,246
8246,246
8247,246
8248,246
8249,246
8250,246
8251,246
8252,246
8253,246
8254,246
8255,246
8256,246
8257,246
8258,246
8259,246
8260,245
8261,246
8262,246
8263,246
8264,246
8265,246
8266,246
8267,246
8268,246
8269,246
8270,246
8271,246
8272,246
8273,246
8274,245
8275,245
8276,245
8277,245
8278,245
8279,245
8280,245
8281,245
8282,245
8283,245
8284,245
8285,245
8286,245
8287,245
8288,245
8289,245
8290,245
8291,245
8292,245
8293,244
8294,245
8295,245
8296,245
8297,245
8298,244
8299,244
8300,244
8301,244
8302,244
8303,244
8304,245
8305,245
8306,244
8307,244
8308,244
8309,244
8310,244
8311,244
8312,244
8313,244
8314,244
8315,244
8316,245
8317,244
8318,244
8319,245
8320,245
8321,245
8322,244
8323,245
8324,245
8325,245
8326,245
8327,245
8328,245
8329,245
8330,245
8331,245
8332,245
8333,245
8334,245
8335,245
8336,245
8337,245
8338,245
8339,245
8340,245
8341,245
8342,245
8343,245
8344,245
8345,245
8346,245
8347,245
8348,245
8349,245
8350,245
8351,245
8352,245
8353,245
8354,245
8355,245
8356,245
8357,245
8358,245
8359,245
8360,245
8361,245
8362,245
8363,245
8364,245
8365,245
8366,245
8367,245
8368,245
8369,245
8370,245
8371,245
8372,245
8373,245
8374,245
8375,245
8376,245
8377,245
8378,245
8379,245
8380,245
8381,245
8382,246
8383,246
8384,245
8385,246
8386,246
8387,246
8388,246
8389,246
8390,246
8391,246
8392,246
8393,246
8394,246
8395,246
8396,246
8397,246
8398,246
8399,246
8400,246
8401,246
8402,246
8403,246
8404,246
8405,247
8406,247
8407,247
8408,247
8409,247
8410,247
8411,247
8412,247
8413,247
8414,247
8415,247
8416,247
8417,247
8418,247
8419,247
8420,247
8421,247
8422,247
8423,247
8424,247
8425,247
8426,247
8427,247
8428,246
8429,247
8430,247
8431,247
8432,247
8433,247
8434,247
8435,247
8436,248
8437,248
8438,248
8439,247
8440,248
8441,248
8442,248
8443,248
8444,248
8445,248
8446,247
8447,247
8448,248
8449,248
8450,248
8451,248
8452,248
8453,248
8454,248
8455,248
8456,248
8457,248
8458,248
8459,248
8460,248
8461,248
8462,248
8463,248
8464,248
8465,248
8466,248
8467,248
8468,248
8469,248
8470,248
8471,248
8472,248
8473,248
8474,248
8475,248
8476,248
8477,248
8478,248
8479,248
8480,248
8481,248
8482,248
8483,248
8484,248
8485,248
8486,248
8487,248
8488,248
8489,248
8490,248
8491,248
8492,248
8493,248
8494,248
8495,248
8496,248
8497,248
8498,248
8499,248
8500,248
8501,248
8502,248
8503,248
8504,248
8505,248
8506,248
8507,248
8508,248
8509,248
8510,248
8511,247
8512,247
8513,247
8514,247
8515,247
8516,247
8517,247
8518,248
8519,248
8520,248
8521,248
8522,248
8523,248
8524,248
8525,248
8526,248
8527,248
8528,248
8529,248
8530,247
8531,247
8532,248
8533,248
8534,248
8535,248
8536,248
8537,247
8538,248
8539,248
8540,248
8541,248
8542,248
8543,248
8544,248
8545,248
8546,248
8547,248
8548,248
8549,248
8550,248
8551,248
8552,248
8553,248
8554,249
8555,249
8556,249
8557,249
8558,249
8559,249
8560,249
8561,249
8562,249
8563,249
8564,249
8565,249
8566,249
8567,249
8568,249
8569,249
8570,249
8571,249
8572,248
8573,249
8574,249
8575,249
8576,249
8577,249
8578,249
8579,249
8580,249
8581,249
8582,249
8583,249
8584,250
8585,249
8586,249
8587,249
8588,250
8589,250
8590,249
8591,250
8592,250
8593,250
8594,250
8595,250
8596,249
8597,249
8598,249
8599,249
8600,250
8601,250
8602,250
8603,250
8604,250
8605,250
8606,250
8607,250
8608,249
8609,249
8610,250
8611,250
8612,250
8613,250
8614,250
8615,250
8616,250
8617,250
8618,250
8619,250
8620,250
8621,250
8622,250
8623,250
8624,250
8625,250
8626,250
8627,250
8628,250
8629,250
8630,251
8631,251
8632,251
8633,251
8634,250
8635,251
8636,251
8637,251
8638,251
8639,251
8640,251
8641,251
8642,251
8643,251
8644,251
8645,251
8646,251
8647,251
8648,251
8649,251
8650,251
8651,251
8652,251
8653,251
8654,251
8655,251
8656,251
8657,251
8658,251
8659,251
8660,251
8661,251
8662,251
8663,251
8664,251
8665,251
8666,251
8667,251
8668,251
8669,251
8670,251
8671,251
8672,251
8673,251
8674,251
8675,251
8676,252
8677,251
8678,252
8679,252
8680,252
8681,252
8682,252
8683,252
8684,252
8685,252
8686,252
8687,252
8688,252
8689,252
8690,252
8691,252
8692,252
8693,252
8694,252
8695,252
8696,252
8697,252
8698,252
8699,251
8700,252
8701,252
8702,252
8703,252
8704,252
8705,252
8706,252
8707,252
8708,252
8709,252
8710,252
8711,252
8712,252
8713,252
8714,252
8715,252
8716,252
8717,252
8718,252
8719,252
8720,252
8721,252
8722,252
8723,252
8724,252
8725,252
8726,252
8727,252
8728,253
8729,253
8730,253
8731,253
8732,253
8733,253
8734,253
8735,253
8736,253
8737,253
8738,254
8739,254
8740,254
8741,253
8742,253
8743,253
8744,253
8745,253
8746,253
8747,254
8748,254
8749,254
8750,254
8751,254
8752,254
8753,254
8754,254
8755,254
8756,254
8757,254
8758,254
8759,254
8760,254
8761,254
8762,254
8763,254
8764,254
8765,254
8766,253
8767,253
8768,253
8769,253
8770,253
8771,253
8772,253
8773,253
8774,253
8775,253
8776,253
8777,253
8778,253
8779,254
8780,254
8781,254
8782,253
8783,253
8784,254
8785,254
8786,253
8787,254
8788,254
8789,254
8790,254
8791,254
8792,254
8793,254
8794,254
8795,254
8796,254
8797,254
8798,254
8799,254
8800,254
8801,254
8802,254
8803,254
8804,254
8805,254
8806,254
8807,254
8808,254
8809,255
8810,254
8811,254
8812,254
8813,254
8814,254
8815,254
8816,254
8817,255
8818,254
8819,254
8820,254
8821,254
8822,255
8823,255
8824,255
8825,254
8826,255
8827,255
8828,255
8829,255
8830,255
8831,255
8832,255
8833,255
8834,255
8835,255
8836,255
8837,255
8838,255
8839,255
8840,255
8841,255
8842,255
8843,255
8844,254
8845,254
8846,254
8847,254
8848,254
8849,254
8850,255
8851,255
8852,255
8853,254
8854,254
8855,254
8856,254
8857,254
8858,254
8859,254
8860,254
8861,254
8862,254
8863,255
8864,255
8865,254
8866,255
8867,255
8868,255
8869,255
8870,255
8871,255
8872,255
8873,255
8874,255
8875,255
8876,255
8877,255
8878,255
8879,255
8880,255
8881,255
8882,255
8883,255
8884,255
8885,255
8886,255
8887,255
8888,255
8889,255
8890,255
8891,255
8892,255
8893,255
8894,255
8895,255
8896,255
8897,255
8898,255
8899,255
8900,255
8901,255
8902,255
8903,255
8904,255
8905,255
8906,255
8907,255
8908,255
8909,255
8910,255
8911,255
8912,255
8913,255
8914,255
8915,255
8916,255
8917,256
8918,255
8919,256
8920,256
8921,256
8922,256
8923,256
8924,256
8925,256
8926,256
8927,256
8928,256
8929,256
8930,256
8931,256
8932,256
8933,256
8934,256
8935,256
8936,255
8937,255
8938,256
8939,256
8940,256
8941,256
8942,256
8943,256
8944,256
8945,255
8946,255
8947,255
8948,256
8949,256
8950,256
8951,256
8952,256
8953,256
8954,256
8955,256
8956,256
8957,256
8958,256
8959,256
8960,256
8961,256
8962,256
8963,257
8964,256
8965,257
8966,256
8967,257
8968,256
8969,256
8970,256
8971,256
8972,257
8973,257
8974,257
8975,257
8976,257
8977,257
8978,257
8979,257
8980,257
8981,257
8982,257
8983,257
8984,257
8985,257
8986,257
8987,257
8988,257
8989,257
8990,257
8991,257
8992,257
8993,257
8994,257
8995,257
8996,257
8997,257
8998,257
8999,257
9000,257
9001,257
9002,257
9003,257
9004,257
9005,257
9006,257
9007,257
9008,257
9009,257
9010,257
9011,257
9012,257
9013,257
9014,257
9015,257
9016,257
9017,257
9018,257
9019,257
9020,257
9021,257
9022,257
9023,257
9024,257
9025,257
9026,258
9027,258
9028,258
9029,258
9030,258
9031,258
9032,258
9033,258
9034,258
9035,258
9036,258
9037,258
9038,258
9039,258
9040,259
9041,259
9042,259
9043,259
9044,259
9045,259
9046,259
9047,259
9048,259
9049,259
9050,259
9051,259
9052,259
9053,259
9054,260
9055,259
9056,260
9057,260
9058,259
9059,259
9060,259
9061,259
9062,260
9063,260
9064,260
9065,260
9066,260
9067,260
9068,260
9069,260
9070,260
9071,260
9072,260
9073,260
9074,260
9075,260
9076,260
9077,260
9078,260
9079,260
9080,260
9081,260
9082,260
9083,259
9084,259
9085,259
9086,259
9087,259
9088,259
9089,259
9090,259
9091,259
9092,259
9093,259
9094,259
9095,259
9096,259
9097,259
9098,260
9099,260
9100,260
9101,260
9102,260
9103,260
9104,260
9105,260
9106,260
9107,260
9108,260
9109,260
9110,261
9111,261
9112,261
9113,261
9114,261
9115,260
9116,261
9117,260
9118,261
9119,261
9120,261
9121,261
9122,261
9123,261
9124,261
9125,261
9126,261
9127,261
9128,261
9129,261
9130,261
9131,261
9132,261
9133,261
9134,261
9135,261
9136,261
9137,262
9138,261
9139,261
9140,261
9141,261
9142,261
9143,261
9144,261
9145,261
9146,261
9147,261
9148,261
9149,261
9150,261
9151,261
9152,261
9153,262
9154,262
9155,261
9156,261
9157,261
9158,261
9159,261
9160,262
9161,261
9162,261
9163,261
9164,261
9165,261
9166,261
9167,261
9168,261
9169,262
9170,261
9171,261
9172,261
9173,261
9174,261
9175,261
9176,261
9177,261
9178,261
9179,261
9180,261
9181,261
9182,261
9183,262
9184,261
9185,261
9186,262
9187,262
9188,262
9189,262
9190,262
9191,262
9192,262
9193,262
9194,262
9195,262
9196,262
9197,262
9198,262
9199,262
9200,262
9201,262
9202,262
9203,262
9204,262
9205,262
9206,262
9207,262
9208,262
9209,262
9210,262
9211,262
9212,262
9213,262
9214,262
9215,262
9216,262
9217,262
9218,262
9219,262
9220,261
9221,261
9222,261
9223,261
9224,262
9225,261
9226,261
9227,261
9228,261
9229,261
9230,261
9231,261
9232,261
9233,261
9234,261
9235,261
9236,261
9237,262
9238,261
9239,261
9240,261
9241,262
9242,262
9243,262
9244,262
9245,262
9246,262
9247,262
9248,262
9249,262
9250,262
9251,262
9252,262
9253,262
9254,262
9255,262
9256,262
9257,262
9258,262
9259,262
9260,262
9261,262
9262,262
9263,262
9264,262
9265,262
9266,262
9267,262
9268,263
9269,263
9270,263
9271,263
9272,263
9273,263
9274,263
9275,263
9276,263
9277,263
9278,263
9279,263
9280,263
9281,263
9282,263
9283,263
9284,263
9285,263
9286,263
9287,263
9288,263
9289,263
9290,263
9291,263
9292,263
9293,263
9294,263
9295,263
9296,263
9297,263
9298,263
9299,262
9300,263
9301,263
9302,263
9303,263
9304,263
9305,263
9306,263
9307,263
9308,263
9309,263
9310,263
9311,263
9312,263
9313,263
9314,263
9315,263
9316,263
9317,263
9318,263
9319,263
9320,263
9321,263
9322,263
9323,263
9324,263
9325,263
9326,263
9327,263
9328,263
9329,263
9330,264
9331,264
9332,264
9333,264
9334,264
9335,264
9336,264
9337,264
9338,264
9339,263
9340,263
9341,264
9342,263
9343,264
9344,264
9345,264
9346,264
9347,264
9348,264
9349,264
9350,264
9351,264
9352,264
9353,264
9354,265
9355,265
9356,264
9357,265
9358,265
9359,264
9360,264
9361,264
9362,264
9363,264
9364,264
9365,264
9366,264
9367,264
9368,264
9369,264
9370,264
9371,264
9372,264
9373,264
9374,264
9375,264
9376,264
9377,264
9378,265
9379,265
9380,264
9381,264
9382,264
9383,264
9384,265
9385,265
9386,265
9387,265
9388,265
9389,265
9390,265
9391,265
9392,265
9393,265
9394,265
9395,265
9396,265
9397,265
9398,265
9399,265
9400,265
9401,265
9402,266
9403,266
9404,266
9405,266
9406,266
9407,266
9408,266
9409,266
9410,266
9411,266
9412,266
9413,266
9414,266
9415,266
9416,266
9417,266
9418,266
9419,266
9420,266
9421,266
9422,267
9423,267
9424,267
9425,267
9426,267
9427,267
9428,267
9429,267
9430,267
9431,267
9432,267
9433,267
9434,267
9435,267
9436,267
9437,267
9438,267
9439,267
9440,267
9441,267
9442,267
9443,267
9444,267
9445,267
9446,267
9447,267
9448,267
9449,267
9450,267
9451,267
9452,267
9453,267
9454,267
9455,267
9456,267
9457,267
9458,267
9459,267
9460,267
9461,267
9462,267
9463,267
9464,267
9465,267
9466,267
9467,267
9468,267
9469,267
9470,267
9471,267
9472,267
9473,267
9474,267
9475,267
9476,267
9477,267
9478,267
9479,267
9480,267
9481,267
9482,267
9483,267
9484,267
9485,267
9486,267
9487,267
9488,267
9489,267
9490,267
9491,267
9492,267
9493,267
9494,267
9495,267
9496,267
9497,267
9498,267
9499,267
9500,267
9501,267
9502,267
9503,267
9504,267
9505,267
9506,267
9507,267
9508,267
9509,267
9510,267
9511,267
9512,267
9513,267
9514,267
9515,267
9516,267
9517,267
9518,267
9519,267
9520,267
9521,267
9522,267
9523,267
9524,267
9525,267
9526,267
9527,267
9528,267
9529,267
9530,267
9531,267
9532,267
9533,267
9534,267
9535,267
9536,267
9537,267
9538,268
9539,268
9540,267
9541,268
9542,268
9543,267
9544,267
9545,267
9546,268
9547,268
9548,268
9549,268
9550,268
9551,268
9552,268
9553,268
9554,268
9555,268
9556,268
9557,268
9558,268
9559,268
9560,268
9561,268
9562,268
9563,268
9564,268
9565,268
9566,269
9567,268
9568,268
9569,268
9570,268
9571,268
9572,268
9573,268
9574,268
9575,268
9576,268
9577,268
9578,268
9579,268
9580,268
9581,268
9582,268
9583,268
9584,268
9585,268
9586,268
9587,268
9588,269
9589,269
9590,269
9591,269
9592,269
9593,269
9594,269
9595,269
9596,269
9597,269
9598,269
9599,269
9600,269
9601,269
9602,269
9603,269
9604,269
9605,269
9606,269
9607,270
9608,270
9609,270
9610,269
9611,270
9612,270
9613,270
9614,270
9615,270
9616,270
9617,270
9618,270
9619,270
9620,270
9621,270
9622,270
9623,270
9624,270
9625,270
9626,270
9627,269
9628,269
9629,269
9630,269
9631,270
9632,270
9633,269
9634,269
9635,269
9636,269
9637,269
9638,269
9639,270
9640,270
9641,270
9642,270
9643,270
9644,270
9645,270
9646,270
9647,270
9648,269
9649,269
9650,269
9651,270
9652,270
9653,269
9654,270
9655,269
9656,269
9657,269
9658,269
9659,269
9660,269
9661,269
9662,269
9663,269
9664,269
9665,269
9666,268
9667,268
9668,268
9669,269
9670,268
9671,268
9672,268
9673,268
9674,268
9675,268
9676,268
9677,268
9678,269
9679,269
9680,268
9681,268
9682,268
9683,268
9684,268
9685,268
9686,268
9687,269
9688,269
9689,269
9690,269
9691,269
9692,269
9693,269
9694,269
9695,269
9696,269
9697,269
9698,269
9699,269
9700,269
9701,269
9702,269
9703,269
9704,269
9705,269
9706,269
9707,269
9708,269
9709,269
9710,269
9711,269
9712,269
9713,269
9714,269
9715,269
9716,269
9717,269
9718,269
9719,269
9720,269
9721,269
9722,269
9723,269
9724,269
9725,269
9726,269
9727,269
9728,269
9729,269
9730,269
9731,269
9732,269
9733,269
9734,269
9735,269
9736,269
9737,269
9738,269
9739,269
9740,270
9741,270
9742,270
9743,270
9744,270
9745,270
9746,270
9747,270
9748,270
9749,270
9750,270
9751,270
9752,270
9753,270
9754,270
9755,270
9756,270
9757,270
9758,270
9759,270
9760,270
9761,270
9762,270
9763,270
9764,270
9765,270
9766,270
9767,270
9768,270
9769,270
9770,270
9771,270
9772,270
9773,270
9774,270
9775,270
9776,270
9777,270
9778,270
9779,270
9780,271
9781,271
9782,271
9783,271
9784,271
9785,270
9786,270
9787,271
9788,271
9789,270
9790,270
9791,270
9792,271
9793,271
9794,271
9795,271
9796,271
9797,271
9798,271
9799,271
9800,271
9801,271
9802,271
9803,271
9804,271
9805,271
9806,271
9807,271
9808,271
9809,271
9810,271
9811,271
9812,271
9813,271
9814,271
9815,271
9816,271
9817,271
9818,271
9819,271
9820,271
9821,271
9822,271
9823,271
9824,271
9825,271
9826,272
9827,272
9828,272
9829,272
9830,272
9831,272
9832,272
9833,271
9834,271
9835,272
9836,271
9837,271
9838,272
9839,271
9840,272
9841,272
9842,272
9843,272
9844,272
9845,272
9846,272
9847,272
9848,272
9849,272
9850,272
9851,272
9852,271
9853,271
9854,272
9855,271
9856,272
9857,272
9858,272
9859,272
9860,272
9861,272
9862,272
9863,272
9864,272
9865,272
9866,272
9867,271
9868,271
9869,271
9870,271
9871,271
9872,271
9873,272
9874,272
9875,271
9876,271
9877,271
9878,271
9879,272
9880,272
9881,272
9882,271
9883,271
9884,271
9885,271
9886,272
9887,272
9888,272
9889,272
9890,272
9891,271
9892,272
9893,272
9894,272
9895,272
9896,272
9897,272
9898,272
9899,272
9900,272
9901,272
9902,272
9903,272
9904,272
9905,272
9906,272
9907,272
9908,272
9909,272
9910,272
9911,272
9912,272
9913,272
9914,272
9915,272
9916,272
9917,272
9918,272
9919,272
9920,272
9921,272
9922,272
9923,272
9924,272
9925,272
9926,272
9927,272
9928,272
9929,272
9930,272
9931,272
9932,272
9933,272
9934,272
9935,272
9936,272
9937,272
9938,272
9939,272
9940,272
9941,272
9942,272
9943,272
9944,272
9945,273
9946,272
9947,272
9948,272
9949,272
9950,272
9951,272
9952,272
9953,272
9954,272
9955,272
9956,272
9957,272
9958,272
9959,272
9960,272
9961,272
9962,272
9963,272
9964,272
9965,272
9966,272
9967,272
9968,272
9969,272
9970,272
9971,272
9972,273
9973,273
9974,273
9975,273
9976,273
9977,273
9978,273
9979,273
9980,273
9981,273
9982,273
9983,273
9984,273
9985,273
9986,273
9987,273
9988,273
9989,273
9990,273
9991,273
9992,273
9993,272
9994,273
9995,273
9996,273
9997,273
9998,273
9999,273
