0,149
1,150
2,149
3,149
4,149
5,150
6,150
7,150
8,150
9,150
10,150
11,150
12,150
13,150
14,150
15,150
16,150
17,149
18,149
19,149
20,149
21,149
22,149
23,149
24,149
25,149
26,149
27,149
28,149
29,149
30,150
31,149
32,149
33,149
34,150
35,150
36,150
37,150
38,150
39,150
40,150
41,150
42,149
43,149
44,150
45,150
46,150
47,149
48,150
49,150
50,150
51,150
52,150
53,150
54,150
55,150
56,150
57,150
58,150
59,150
60,150
61,150
62,150
63,150
64,150
65,150
66,150
67,150
68,150
69,150
70,150
71,150
72,150
73,150
74,150
75,150
76,150
77,150
78,150
79,150
80,150
81,150
82,150
83,150
84,150
85,150
86,150
87,150
88,150
89,150
90,150
91,150
92,150
93,150
94,150
95,150
96,150
97,150
98,150
99,150
100,150
101,150
102,150
103,150
104,150
105,149
106,149
107,149
108,149
109,149
110,149
111,149
112,149
113,149
114,149
115,149
116,149
117,149
118,149
119,149
120,149
121,149
122,149
123,149
124,149
125,150
126,150
127,149
128,149
129,149
130,149
131,149
132,149
133,149
134,149
135,150
136,150
137,149
138,149
139,150
140,150
141,150
142,150
143,150
144,150
145,150
146,150
147,150
148,150
149,150
150,150
151,150
152,150
153,150
154,150
155,150
156,150
157,150
158,151
159,151
160,151
161,151
162,151
163,151
164,151
165,151
166,151
167,151
168,151
169,151
170,151
171,151
172,151
173,151
174,151
175,151
176,152
177,152
178,152
179,151
180,152
181,152
182,152
183,152
184,152
185,152
186,152
187,152
188,152
189,152
190,152
191,152
192,152
193,152
194,151
195,152
196,152
197,152
198,152
199,152
200,152
201,152
202,152
203,152
204,152
205,152
206,152
207,153
208,152
209,153
210,153
211,153
212,153
213,153
214,153
215,153
216,153
217,153
218,153
219,153
220,154
221,153
222,153
223,153
224,154
225,153
226,154
227,154
228,154
229,153
230,154
231,153
232,153
233,153
234,153
235,153
236,153
237,154
238,154
239,153
240,153
241,153
242,153
243,153
244,153
245,154
246,153
247,153
248,153
249,153
250,153
251,154
252,154
253,153
254,154
255,154
256,153
257,153
258,153
259,153
260,153
261,154
262,154
263,154
264,154
265,154
266,154
267,154
268,154
269,154
270,154
271,154
272,154
273,154
274,154
275,154
276,153
277,153
278,153
279,153
280,154
281,153
282,154
283,154
284,154
285,154
286,154
287,154
288,154
289,154
290,154
291,154
292,154
293,154
294,154
295,154
296,154
297,154
298,154
299,154
300,154
301,154
302,154
303,154
304,154
305,154
306,154
307,154
308,154
309,154
310,154
311,154
312,154
313,154
314,154
315,154
316,154
317,154
318,154
319,154
320,154
321,154
322,154
323,154
324,154
325,154
326,155
327,155
328,155
329,155
330,154
331,154
332,155
333,155
334,155
335,155
336,155
337,155
338,155
339,155
340,155
341,155
342,155
343,155
344,155
345,155
346,155
347,155
348,155
349,155
350,155
351,155
352,155
353,155
354,155
355,155
356,155
357,155
358,155
359,155
360,155
361,155
362,154
363,154
364,154
365,154
366,155
367,155
368,155
369,155
370,155
371,155
372,155
373,155
374,155
375,155
376,155
377,155
378,155
379,155
380,155
381,155
382,155
383,155
384,155
385,156
386,156
387,155
388,156
389,155
390,155
391,156
392,155
393,155
394,155
395,156
396,155
397,155
398,155
399,155
400,155
401,155
402,155
403,156
404,155
405,155
406,155
407,155
408,155
409,155
410,155
411,155
412,155
413,155
414,155
415,155
416,155
417,155
418,155
419,155
420,155
421,155
422,155
423,155
424,155
425,155
426,155
427,155
428,155
429,155
430,155
431,155
432,155
433,155
434,155
435,155
436,155
437,155
438,155
439,155
440,155
441,155
442,155
443,155
444,155
445,155
446,155
447,155
448,154
449,154
450,154
451,155
452,155
453,155
454,155
455,155
456,155
457,155
458,155
459,155
460,155
461,155
462,155
463,155
464,155
465,155
466,155
467,155
468,155
469,155
470,155
471,155
472,155
473,155
474,155
475,155
476,155
477,155
478,155
479,155
480,155
481,155
482,155
483,155
484,155
485,156
486,156
487,156
488,156
489,156
490,156
491,156
492,156
493,156
494,156
495,156
496,156
497,155
498,155
499,155
500,155
501,156
502,156
503,155
504,156
505,156
506,156
507,156
508,156
509,156
510,156
511,156
512,156
513,156
514,156
515,156
516,156
517,156
518,156
519,156
520,156
521,156
522,156
523,156
524,156
525,156
526,156
527,156
528,156
529,156
530,156
531,156
532,156
533,156
534,156
535,156
536,156
537,156
538,156
539,156
540,156
541,156
542,156
543,156
544,156
545,156
546,156
547,156
548,156
549,156
550,156
551,156
552,156
553,156
554,156
555,156
556,157
557,156
558,156
559,156
560,156
561,156
562,156
563,157
564,157
565,156
566,156
567,156
568,156
569,156
570,156
571,156
572,157
573,157
574,156
575,157
576,157
577,157
578,156
579,156
580,156
581,156
582,156
583,156
584,156
585,156
586,156
587,156
588,156
589,156
590,156
591,156
592,156
593,156
594,156
595,156
596,156
597,156
598,156
599,156
600,156
601,156
602,156
603,156
604,156
605,156
606,156
607,156
608,156
609,156
610,156
611,156
612,157
613,157
614,157
615,157
616,157
617,157
618,157
619,157
620,157
621,157
622,157
623,157
624,157
625,157
626,157
627,157
628,157
629,157
630,157
631,157
632,157
633,157
634,157
635,157
636,157
637,157
638,157
639,157
640,157
641,157
642,157
643,157
644,157
645,157
646,157
647,157
648,157
649,157
650,157
651,157
652,157
653,157
654,157
655,157
656,157
657,157
658,157
659,157
660,157
661,157
662,157
663,157
664,157
665,157
666,157
667,157
668,157
669,157
670,157
671,157
672,157
673,157
674,157
675,157
676,157
677,157
678,157
679,157
680,157
681,157
682,157
683,157
684,157
685,157
686,157
687,157
688,157
689,157
690,157
691,157
692,157
693,157
694,157
695,157
696,157
697,157
698,157
699,157
700,157
701,157
702,157
703,157
704,157
705,157
706,157
707,157
708,157
709,157
710,157
711,157
712,157
713,157
714,157
715,157
716,157
717,157
718,157
719,157
720,157
721,157
722,157
723,157
724,157
725,157
726,157
727,157
728,157
729,157
730,157
731,158
732,158
733,157
734,158
735,158
736,158
737,158
738,158
739,158
740,158
741,158
742,158
743,158
744,158
745,158
746,158
747,158
748,158
749,158
750,158
751,157
752,157
753,157
754,157
755,157
756,157
757,157
758,157
759,157
760,157
761,157
762,157
763,157
764,157
765,157
766,157
767,157
768,157
769,157
770,157
771,157
772,157
773,157
774,157
775,157
776,157
777,157
778,157
779,157
780,157
781,157
782,157
783,157
784,157
785,157
786,157
787,157
788,157
789,157
790,157
791,157
792,157
793,157
794,157
795,157
796,156
797,156
798,157
799,157
800,157
801,157
802,157
803,157
804,157
805,157
806,157
807,157
808,157
809,157
810,157
811,157
812,157
813,157
814,157
815,157
816,157
817,157
818,157
819,157
820,157
821,156
822,156
823,157
824,156
825,156
826,156
827,156
828,156
829,156
830,156
831,156
832,156
833,156
834,156
835,156
836,156
837,156
838,156
839,156
840,156
841,156
842,156
843,156
844,156
845,156
846,156
847,156
848,156
849,156
850,156
851,156
852,156
853,156
854,156
855,157
856,157
857,157
858,157
859,157
860,157
861,157
862,157
863,157
864,157
865,156
866,156
867,156
868,156
869,156
870,156
871,156
872,156
873,156
874,157
875,157
876,156
877,156
878,156
879,156
880,157
881,157
882,157
883,157
884,157
885,157
886,157
887,157
888,157
889,157
890,157
891,157
892,157
893,157
894,157
895,157
896,157
897,157
898,157
899,157
900,157
901,157
902,157
903,157
904,157
905,157
906,157
907,157
908,157
909,157
910,157
911,157
912,157
913,157
914,157
915,158
916,158
917,157
918,157
919,157
920,157
921,157
922,157
923,157
924,157
925,157
926,157
927,157
928,157
929,158
930,158
931,158
932,158
933,158
934,157
935,157
936,158
937,158
938,158
939,158
940,158
941,158
942,158
943,158
944,158
945,158
946,158
947,158
948,158
949,158
950,158
951,158
952,158
953,158
954,158
955,158
956,158
957,158
958,158
959,158
960,158
961,158
962,158
963,158
964,158
965,158
966,159
967,159
968,159
969,159
970,159
971,159
972,159
973,159
974,159
975,159
976,159
977,159
978,159
979,159
980,159
981,159
982,159
983,159
984,159
985,159
986,159
987,159
988,159
989,159
990,159
991,159
992,159
993,159
994,159
995,159
996,159
997,159
998,159
999,159
1000,159
1001,159
1002,159
1003,159
1004,159
1005,159
1006,159
1007,159
1008,159
1009,159
1010,159
1011,159
1012,159
1013,159
1014,159
1015,159
1016,159
1017,159
1018,159
1019,159
1020,159
1021,159
1022,159
1023,159
1024,159
1025,159
1026,159
1027,159
1028,159
1029,159
1030,159
1031,159
1032,159
1033,159
1034,159
1035,159
1036,159
1037,159
1038,159
1039,159
1040,159
1041,159
1042,159
1043,159
1044,159
1045,159
1046,159
1047,159
1048,159
1049,159
1050,159
1051,159
1052,159
1053,159
1054,159
1055,159
1056,159
1057,159
1058,159
1059,159
1060,159
1061,159
1062,159
1063,159
1064,159
1065,159
1066,159
1067,159
1068,159
1069,159
1070,159
1071,159
1072,159
1073,159
1074,160
1075,160
1076,160
1077,160
1078,160
1079,159
1080,159
1081,159
1082,159
1083,159
1084,159
1085,160
1086,160
1087,160
1088,160
1089,160
1090,160
1091,160
1092,160
1093,160
1094,160
1095,160
1096,160
1097,160
1098,160
1099,160
1100,160
1101,160
1102,160
1103,160
1104,160
1105,160
1106,160
1107,160
1108,160
1109,160
1110,160
1111,160
1112,160
1113,160
1114,160
1115,160
1116,160
1117,160
1118,160
1119,161
1120,161
1121,161
1122,161
1123,161
1124,161
1125,161
1126,161
1127,161
1128,161
1129,161
1130,161
1131,162
1132,162
1133,162
1134,162
1135,162
1136,162
1137,162
1138,162
1139,162
1140,162
1141,162
1142,162
1143,162
1144,162
1145,162
1146,162
1147,162
1148,162
1149,162
1150,162
1151,162
1152,162
1153,162
1154,162
1155,162
1156,162
1157,162
1158,162
1159,162
1160,161
1161,161
1162,162
1163,162
1164,162
1165,161
1166,161
1167,161
1168,162
1169,161
1170,161
1171,161
1172,161
1173,161
1174,162
1175,162
1176,162
1177,162
1178,162
1179,162
1180,162
1181,162
1182,162
1183,162
1184,162
1185,162
1186,162
1187,162
1188,162
1189,162
1190,162
1191,162
1192,162
1193,162
1194,162
1195,162
1196,162
1197,162
1198,162
1199,162
1200,162
1201,162
1202,162
1203,162
1204,162
1205,162
1206,162
1207,162
1208,162
1209,162
1210,162
1211,162
1212,162
1213,162
1214,162
1215,162
1216,162
1217,162
1218,162
1219,162
1220,162
1221,162
1222,162
1223,162
1224,163
1225,163
1226,163
1227,163
1228,163
1229,163
1230,163
1231,163
1232,163
1233,163
1234,163
1235,163
1236,163
1237,163
1238,163
1239,163
1240,163
1241,163
1242,164
1243,163
1244,164
1245,164
1246,163
1247,164
1248,164
1249,163
1250,163
1251,163
1252,163
1253,163
1254,163
1255,163
1256,163
1257,163
1258,163
1259,163
1260,163
1261,163
1262,163
1263,163
1264,163
1265,163
1266,163
1267,163
1268,163
1269,163
1270,163
1271,163
1272,163
1273,163
1274,163
1275,163
1276,163
1277,163
1278,163
1279,163
1280,163
1281,163
1282,163
1283,164
1284,164
1285,164
1286,163
1287,164
1288,164
1289,163
1290,164
1291,164
1292,163
1293,164
1294,164
1295,164
1296,164
1297,164
1298,164
1299,164
1300,164
1301,164
1302,164
1303,164
1304,164
1305,164
1306,164
1307,164
1308,164
1309,164
1310,164
1311,164
1312,164
1313,164
1314,164
1315,164
1316,164
1317,164
1318,164
1319,164
1320,164
1321,164
1322,164
1323,164
1324,164
1325,164
1326,164
1327,164
1328,164
1329,164
1330,164
1331,164
1332,164
1333,164
1334,164
1335,164
1336,164
1337,164
1338,165
1339,165
1340,165
1341,165
1342,165
1343,165
1344,164
1345,164
1346,165
1347,165
1348,165
1349,165
1350,165
1351,165
1352,165
1353,165
1354,165
1355,165
1356,165
1357,165
1358,165
1359,165
1360,165
1361,165
1362,165
1363,165
1364,165
1365,165
1366,165
1367,165
1368,165
1369,165
1370,165
1371,165
1372,165
1373,165
1374,165
1375,165
1376,165
1377,165
1378,165
1379,165
1380,165
1381,165
1382,165
1383,165
1384,165
1385,165
1386,165
1387,165
1388,165
1389,165
1390,165
1391,165
1392,165
1393,165
1394,165
1395,165
1396,165
1397,165
1398,166
1399,166
1400,166
1401,166
1402,166
1403,166
1404,166
1405,166
1406,166
1407,166
1408,166
1409,166
1410,166
1411,166
1412,166
1413,166
1414,166
1415,166
1416,166
1417,166
1418,166
1419,166
1420,166
1421,166
1422,166
1423,166
1424,166
1425,166
1426,166
1427,166
1428,166
1429,166
1430,166
1431,166
1432,166
1433,166
1434,166
1435,166
1436,166
1437,165
1438,165
1439,165
1440,165
1441,165
1442,165
1443,165
1444,165
1445,166
1446,166
1447,166
1448,166
1449,166
1450,166
1451,166
1452,166
1453,166
1454,166
1455,166
1456,166
1457,166
1458,166
1459,167
1460,167
1461,166
1462,166
1463,167
1464,166
1465,166
1466,166
1467,166
1468,166
1469,166
1470,166
1471,166
1472,166
1473,166
1474,166
1475,166
1476,166
1477,166
1478,166
1479,166
1480,167
1481,167
1482,167
1483,167
1484,167
1485,167
1486,167
1487,166
1488,166
1489,166
1490,166
1491,166
1492,166
1493,167
1494,167
1495,167
1496,167
1497,167
1498,167
1499,167
1500,167
1501,166
1502,167
1503,166
1504,166
1505,166
1506,166
1507,166
1508,166
1509,166
1510,166
1511,166
1512,166
1513,166
1514,166
1515,166
1516,166
1517,166
1518,166
1519,166
1520,166
1521,166
1522,166
1523,166
1524,166
1525,166
1526,166
1527,166
1528,166
1529,166
1530,166
1531,166
1532,166
1533,166
1534,166
1535,166
1536,166
1537,166
1538,166
1539,166
1540,166
1541,166
1542,166
1543,166
1544,166
1545,166
1546,166
1547,166
1548,166
1549,166
1550,166
1551,166
1552,166
1553,166
1554,166
1555,166
1556,166
1557,166
1558,166
1559,166
1560,166
1561,166
1562,166
1563,166
1564,166
1565,166
1566,166
1567,166
1568,166
1569,167
1570,167
1571,166
1572,166
1573,166
1574,166
1575,166
1576,166
1577,166
1578,166
1579,166
1580,166
1581,167
1582,166
1583,167
1584,167
1585,167
1586,167
1587,166
1588,167
1589,167
1590,167
1591,166
1592,167
1593,167
1594,167
1595,166
1596,167
1597,167
1598,167
1599,167
1600,166
1601,167
1602,166
1603,166
1604,166
1605,166
1606,166
1607,166
1608,166
1609,166
1610,166
1611,166
1612,166
1613,166
1614,167
1615,167
1616,167
1617,166
1618,167
1619,167
1620,167
1621,167
1622,167
1623,167
1624,167
1625,167
1626,167
1627,167
1628,167
1629,167
1630,167
1631,167
1632,167
1633,167
1634,167
1635,166
1636,166
1637,167
1638,167
1639,167
1640,167
1641,167
1642,167
1643,167
1644,167
1645,167
1646,167
1647,167
1648,167
1649,167
1650,167
1651,167
1652,166
1653,167
1654,166
1655,167
1656,167
1657,166
1658,166
1659,166
1660,166
1661,166
1662,166
1663,166
1664,166
1665,166
1666,166
1667,166
1668,166
1669,166
1670,166
1671,166
1672,166
1673,166
1674,166
1675,166
1676,166
1677,166
1678,165
1679,165
1680,166
1681,166
1682,166
1683,166
1684,166
1685,166
1686,166
1687,166
1688,166
1689,166
1690,166
1691,166
1692,167
1693,166
1694,166
1695,166
1696,166
1697,166
1698,167
1699,167
1700,167
1701,167
1702,167
1703,167
1704,167
1705,167
1706,167
1707,167
1708,167
1709,167
1710,167
1711,167
1712,167
1713,167
1714,167
1715,167
1716,167
1717,167
1718,167
1719,167
1720,167
1721,167
1722,167
1723,167
1724,167
1725,167
1726,167
1727,167
1728,167
1729,167
1730,167
1731,167
1732,167
1733,167
1734,167
1735,167
1736,167
1737,167
1738,167
1739,167
1740,167
1741,167
1742,167
1743,167
1744,167
1745,167
1746,167
1747,167
1748,167
1749,167
1750,167
1751,167
1752,167
1753,167
1754,167
1755,167
1756,167
1757,167
1758,167
1759,167
1760,167
1761,167
1762,167
1763,167
1764,167
1765,168
1766,168
1767,168
1768,167
1769,168
1770,168
1771,168
1772,168
1773,168
1774,168
1775,168
1776,168
1777,169
1778,169
1779,169
1780,169
1781,169
1782,169
1783,169
1784,169
1785,169
1786,169
1787,169
1788,169
1789,169
1790,169
1791,169
1792,169
1793,169
1794,169
1795,169
1796,170
1797,169
1798,169
1799,170
1800,170
1801,169
1802,169
1803,169
1804,169
1805,169
1806,169
1807,169
1808,169
1809,169
1810,169
1811,169
1812,169
1813,169
1814,169
1815,169
1816,169
1817,169
1818,169
1819,169
1820,169
1821,169
1822,169
1823,169
1824,169
1825,169
1826,169
1827,169
1828,169
1829,169
1830,169
1831,169
1832,169
1833,169
1834,169
1835,169
1836,169
1837,169
1838,169
1839,169
1840,169
1841,169
1842,169
1843,169
1844,169
1845,169
1846,169
1847,169
1848,169
1849,169
1850,169
1851,169
1852,169
1853,169
1854,169
1855,169
1856,169
1857,169
1858,169
1859,169
1860,169
1861,169
1862,169
1863,169
1864,170
1865,169
1866,169
1867,169
1868,169
1869,170
1870,170
1871,170
1872,169
1873,169
1874,169
1875,169
1876,170
1877,170
1878,170
1879,170
1880,170
1881,170
1882,170
1883,170
1884,169
1885,169
1886,169
1887,169
1888,169
1889,169
1890,169
1891,169
1892,169
1893,169
1894,169
1895,169
1896,169
1897,169
1898,169
1899,169
1900,169
1901,169
1902,169
1903,169
1904,169
1905,169
1906,169
1907,169
1908,169
1909,169
1910,169
1911,169
1912,169
1913,169
1914,169
1915,169
1916,169
1917,169
1918,169
1919,169
1920,169
1921,169
1922,169
1923,169
1924,169
1925,169
1926,169
1927,169
1928,169
1929,169
1930,169
1931,169
1932,169
1933,169
1934,169
1935,169
1936,169
1937,168
1938,168
1939,169
1940,169
1941,169
1942,169
1943,168
1944,168
1945,168
1946,168
1947,168
1948,169
1949,169
1950,168
1951,169
1952,169
1953,169
1954,168
1955,168
1956,168
1957,169
1958,168
1959,168
1960,168
1961,168
1962,168
1963,168
1964,168
1965,168
1966,168
1967,169
1968,169
1969,168
1970,168
1971,168
1972,169
1973,169
1974,169
1975,169
1976,169
1977,169
1978,169
1979,169
1980,169
1981,169
1982,169
1983,169
1984,169
1985,169
1986,169
1987,169
1988,169
1989,169
1990,169
1991,169
1992,169
1993,169
1994,169
1995,169
1996,169
1997,169
1998,169
1999,169
2000,169
2001,169
2002,169
2003,169
2004,169
2005,169
2006,169
2007,169
2008,169
2009,169
2010,169
2011,170
2012,170
2013,170
2014,170
2015,170
2016,170
2017,170
2018,170
2019,170
2020,170
2021,170
2022,170
2023,170
2024,170
2025,170
2026,170
2027,170
2028,170
2029,171
2030,170
2031,171
2032,170
2033,170
2034,171
2035,171
2036,171
2037,171
2038,171
2039,171
2040,171
2041,171
2042,171
2043,171
2044,171
2045,171
2046,171
2047,171
2048,171
2049,171
2050,171
2051,171
2052,171
2053,171
2054,171
2055,171
2056,171
2057,172
2058,171
2059,171
2060,172
2061,172
2062,172
2063,172
2064,172
2065,172
2066,172
2067,172
2068,172
2069,172
2070,172
2071,172
2072,172
2073,172
2074,172
2075,172
2076,172
2077,172
2078,172
2079,172
2080,172
2081,173
2082,172
2083,173
2084,172
2085,172
2086,172
2087,172
2088,172
2089,172
2090,172
2091,172
2092,172
2093,172
2094,173
2095,173
2096,173
2097,173
2098,173
2099,173
2100,173
2101,173
2102,172
2103,172
2104,172
2105,172
2106,172
2107,173
2108,173
2109,172
2110,173
2111,173
2112,173
2113,172
2114,172
2115,173
2116,173
2117,173
2118,173
2119,173
2120,173
2121,173
2122,173
2123,173
2124,173
2125,173
2126,173
2127,173
2128,173
2129,173
2130,173
2131,173
2132,173
2133,173
2134,173
2135,173
2136,173
2137,173
2138,173
2139,173
2140,173
2141,173
2142,173
2143,173
2144,173
2145,173
2146,173
2147,173
2148,173
2149,173
2150,173
2151,173
2152,173
2153,173
2154,173
2155,173
2156,173
2157,173
2158,174
2159,174
2160,174
2161,174
2162,174
2163,174
2164,174
2165,174
2166,174
2167,174
2168,174
2169,174
2170,174
2171,174
2172,174
2173,174
2174,174
2175,174
2176,174
2177,174
2178,173
2179,174
2180,174
2181,174
2182,173
2183,174
2184,174
2185,174
2186,174
2187,174
2188,174
2189,174
2190,174
2191,173
2192,173
2193,173
2194,173
2195,173
2196,173
2197,173
2198,173
2199,173
2200,173
2201,173
2202,174
2203,174
2204,174
2205,174
2206,174
2207,174
2208,174
2209,174
2210,174
2211,174
2212,174
2213,174
2214,174
2215,174
2216,174
2217,174
2218,174
2219,174
2220,174
2221,174
2222,174
2223,174
2224,175
2225,175
2226,175
2227,175
2228,175
2229,175
2230,175
2231,175
2232,174
2233,175
2234,175
2235,174
2236,174
2237,174
2238,174
2239,174
2240,174
2241,174
2242,174
2243,174
2244,174
2245,174
2246,174
2247,174
2248,174
2249,174
2250,174
2251,174
2252,174
2253,174
2254,174
2255,174
2256,174
2257,174
2258,174
2259,174
2260,174
2261,174
2262,174
2263,174
2264,174
2265,173
2266,174
2267,173
2268,173
2269,173
2270,173
2271,173
2272,173
2273,173
2274,173
2275,173
2276,173
2277,173
2278,173
2279,173
2280,173
2281,173
2282,173
2283,173
2284,173
2285,173
2286,173
2287,173
2288,174
2289,173
2290,173
2291,174
2292,174
2293,173
2294,173
2295,173
2296,173
2297,173
2298,173
2299,173
2300,173
2301,174
2302,173
2303,173
2304,173
2305,173
2306,173
2307,173
2308,173
2309,174
2310,174
2311,174
2312,174
2313,174
2314,174
2315,174
2316,174
2317,174
2318,174
2319,174
2320,173
2321,173
2322,173
2323,173
2324,173
2325,173
2326,173
2327,172
2328,173
2329,173
2330,173
2331,173
2332,173
2333,173
2334,173
2335,173
2336,173
2337,173
2338,173
2339,173
2340,173
2341,173
2342,173
2343,173
2344,173
2345,173
2346,173
2347,173
2348,173
2349,173
2350,173
2351,173
2352,173
2353,173
2354,173
2355,174
2356,174
2357,174
2358,173
2359,173
2360,173
2361,173
2362,173
2363,174
2364,174
2365,174
2366,174
2367,173
2368,173
2369,174
2370,174
2371,174
2372,174
2373,174
2374,173
2375,173
2376,173
2377,173
2378,173
2379,173
2380,173
2381,173
2382,173
2383,173
2384,173
2385,173
2386,173
2387,173
2388,173
2389,173
2390,173
2391,173
2392,173
2393,173
2394,173
2395,173
2396,173
2397,173
2398,173
2399,173
2400,173
2401,173
2402,173
2403,173
2404,173
2405,173
2406,173
2407,173
2408,173
2409,173
2410,173
2411,173
2412,173
2413,173
2414,173
2415,172
2416,172
2417,172
2418,173
2419,172
2420,172
2421,173
2422,173
2423,173
2424,172
2425,173
2426,173
2427,173
2428,173
2429,173
2430,173
2431,173
2432,173
2433,172
2434,173
2435,173
2436,173
2437,173
2438,173
2439,173
2440,173
2441,173
2442,173
2443,173
2444,173
2445,173
2446,173
2447,173
2448,173
2449,173
2450,173
2451,173
2452,173
2453,173
2454,173
2455,173
2456,173
2457,173
2458,173
2459,174
2460,173
2461,173
2462,173
2463,173
2464,173
2465,173
2466,173
2467,173
2468,173
2469,173
2470,173
2471,173
2472,173
2473,173
2474,173
2475,173
2476,173
2477,173
2478,173
2479,173
2480,173
2481,173
2482,173
2483,173
2484,173
2485,173
2486,173
2487,173
2488,172
2489,173
2490,172
2491,172
2492,172
2493,172
2494,172
2495,172
2496,172
2497,172
2498,172
2499,172
2500,172
2501,172
2502,172
2503,172
2504,172
2505,172
2506,172
2507,172
2508,172
2509,172
2510,172
2511,172
2512,172
2513,172
2514,171
2515,171
2516,172
2517,172
2518,172
2519,172
2520,172
2521,172
2522,172
2523,172
2524,172
2525,172
2526,172
2527,172
2528,172
2529,172
2530,172
2531,172
2532,172
2533,172
2534,172
2535,172
2536,172
2537,172
2538,172
2539,172
2540,172
2541,172
2542,172
2543,172
2544,172
2545,172
2546,172
2547,172
2548,172
2549,172
2550,172
2551,172
2552,172
2553,172
2554,172
2555,172
2556,172
2557,171
2558,172
2559,172
2560,172
2561,172
2562,172
2563,172
2564,172
2565,172
2566,172
2567,172
2568,171
2569,171
2570,171
2571,171
2572,171
2573,171
2574,171
2575,171
2576,171
2577,171
2578,171
2579,171
2580,172
2581,172
2582,172
2583,172
2584,172
2585,172
2586,172
2587,172
2588,172
2589,172
2590,172
2591,171
2592,172
2593,171
2594,171
2595,171
2596,171
2597,171
2598,171
2599,171
2600,171
2601,172
2602,172
2603,172
2604,172
2605,171
2606,171
2607,171
2608,171
2609,171
2610,171
2611,171
2612,171
2613,171
2614,171
2615,171
2616,171
2617,171
2618,171
2619,171
2620,171
2621,171
2622,171
2623,171
2624,171
2625,171
2626,171
2627,171
2628,171
2629,171
2630,171
2631,171
2632,171
2633,171
2634,171
2635,171
2636,172
2637,172
2638,172
2639,172
2640,172
2641,172
2642,171
2643,171
2644,171
2645,171
2646,171
2647,171
2648,171
2649,171
2650,171
2651,171
2652,171
2653,171
2654,171
2655,172
2656,172
2657,172
2658,172
2659,172
2660,172
2661,172
2662,172
2663,172
2664,172
2665,172
2666,172
2667,172
2668,172
2669,172
2670,172
2671,172
2672,172
2673,172
2674,172
2675,172
2676,172
2677,172
2678,172
2679,173
2680,172
2681,173
2682,172
2683,173
2684,173
2685,173
2686,173
2687,173
2688,173
2689,173
2690,173
2691,173
2692,173
2693,174
2694,173
2695,173
2696,174
2697,173
2698,173
2699,174
2700,174
2701,174
2702,174
2703,173
2704,173
2705,173
2706,173
2707,173
2708,173
2709,173
2710,173
2711,173
2712,173
2713,173
2714,173
2715,173
2716,173
2717,173
2718,173
2719,173
2720,173
2721,173
2722,173
2723,173
2724,173
2725,173
2726,173
2727,173
2728,173
2729,173
2730,173
2731,173
2732,173
2733,173
2734,173
2735,173
2736,173
2737,173
2738,173
2739,173
2740,173
2741,173
2742,173
2743,173
2744,173
2745,173
2746,173
2747,173
2748,173
2749,173
2750,174
2751,174
2752,174
2753,174
2754,174
2755,174
2756,174
2757,174
2758,174
2759,174
2760,175
2761,175
2762,175
2763,175
2764,174
2765,175
2766,175
2767,175
2768,175
2769,175
2770,175
2771,175
2772,175
2773,175
2774,175
2775,175
2776,175
2777,175
2778,175
2779,175
2780,175
2781,175
2782,175
2783,175
2784,175
2785,175
2786,175
2787,175
2788,175
2789,175
2790,175
2791,175
2792,175
2793,175
2794,175
2795,175
2796,175
2797,175
2798,175
2799,175
2800,175
2801,175
2802,174
2803,174
2804,174
2805,174
2806,173
2807,173
2808,174
2809,174
2810,174
2811,174
2812,174
2813,174
2814,174
2815,174
2816,174
2817,174
2818,174
2819,174
2820,174
2821,174
2822,174
2823,174
2824,175
2825,175
2826,175
2827,175
2828,175
2829,175
2830,175
2831,175
2832,175
2833,175
2834,175
2835,175
2836,175
2837,175
2838,175
2839,175
2840,175
2841,175
2842,175
2843,175
2844,175
2845,175
2846,175
2847,175
2848,175
2849,175
2850,175
2851,174
2852,175
2853,175
2854,175
2855,175
2856,175
2857,175
2858,175
2859,175
2860,175
2861,176
2862,176
2863,176
2864,176
2865,176
2866,176
2867,176
2868,176
2869,176
2870,176
2871,176
2872,176
2873,176
2874,176
2875,176
2876,177
2877,177
2878,177
2879,176
2880,176
2881,176
2882,176
2883,176
2884,177
2885,176
2886,177
2887,177
2888,177
2889,177
2890,177
2891,177
2892,177
2893,177
2894,177
2895,177
2896,177
2897,177
2898,177
2899,177
2900,177
2901,177
2902,177
2903,177
2904,177
2905,177
2906,177
2907,177
2908,177
2909,177
2910,177
2911,177
2912,178
2913,178
2914,178
2915,178
2916,178
2917,178
2918,178
2919,178
2920,178
2921,178
2922,178
2923,178
2924,178
2925,178
2926,178
2927,178
2928,178
2929,178
2930,178
2931,179
2932,178
2933,178
2934,178
2935,178
2936,178
2937,178
2938,178
2939,178
2940,178
2941,178
2942,178
2943,178
2944,178
2945,178
2946,178
2947,179
2948,178
2949,179
2950,179
2951,179
2952,179
2953,179
2954,179
2955,179
2956,179
2957,179
2958,179
2959,179
2960,179
2961,179
2962,179
2963,179
2964,179
2965,179
2966,179
2967,179
2968,180
2969,180
2970,180
2971,180
2972,180
2973,180
2974,180
2975,180
2976,180
2977,180
2978,180
2979,180
2980,180
2981,180
2982,180
2983,180
2984,180
2985,180
2986,180
2987,180
2988,180
2989,180
2990,180
2991,180
2992,180
2993,180
2994,179
2995,179
2996,179
2997,179
2998,179
2999,179
3000,179
3001,179
3002,179
3003,179
3004,179
3005,179
3006,179
3007,179
3008,179
3009,179
3010,179
3011,179
3012,179
3013,179
3014,179
3015,180
3016,180
3017,180
3018,179
3019,180
3020,180
3021,180
3022,179
3023,180
3024,179
3025,180
3026,180
3027,180
3028,180
3029,180
3030,180
3031,180
3032,180
3033,180
3034,180
3035,180
3036,180
3037,180
3038,180
3039,180
3040,180
3041,179
3042,180
3043,180
3044,179
3045,180
3046,180
3047,180
3048,180
3049,180
3050,180
3051,180
3052,180
3053,180
3054,180
3055,180
3056,180
3057,180
3058,180
3059,180
3060,180
3061,180
3062,180
3063,180
3064,180
3065,180
3066,180
3067,180
3068,180
3069,180
3070,180
3071,180
3072,180
3073,180
3074,180
3075,180
3076,180
3077,180
3078,180
3079,180
3080,180
3081,180
3082,180
3083,180
3084,180
3085,180
3086,180
3087,180
3088,180
3089,180
3090,180
3091,180
3092,180
3093,180
3094,180
3095,180
3096,180
3097,180
3098,180
3099,180
3100,180
3101,180
3102,180
3103,180
3104,180
3105,180
3106,180
3107,180
3108,180
3109,180
3110,180
3111,180
3112,180
3113,181
3114,181
3115,181
3116,181
3117,180
3118,181
3119,181
3120,181
3121,181
3122,181
3123,181
3124,181
3125,181
3126,181
3127,181
3128,181
3129,181
3130,181
3131,181
3132,181
3133,181
3134,181
3135,181
3136,181
3137,181
3138,181
3139,181
3140,181
3141,181
3142,181
3143,181
3144,181
3145,181
3146,181
3147,181
3148,181
3149,181
3150,181
3151,181
3152,181
3153,181
3154,181
3155,181
3156,181
3157,181
3158,181
3159,181
3160,181
3161,181
3162,181
3163,181
3164,181
3165,181
3166,181
3167,181
3168,181
3169,180
3170,181
3171,181
3172,181
3173,181
3174,180
3175,180
3176,180
3177,180
3178,180
3179,180
3180,180
3181,180
3182,180
3183,180
3184,180
3185,180
3186,180
3187,180
3188,180
3189,180
3190,180
3191,181
3192,181
3193,181
3194,180
3195,180
3196,180
3197,180
3198,180
3199,180
3200,180
3201,181
3202,181
3203,181
3204,181
3205,181
3206,180
3207,180
3208,180
3209,180
3210,180
3211,180
3212,180
3213,181
3214,180
3215,180
3216,180
3217,180
3218,180
3219,180
3220,181
3221,181
3222,181
3223,181
3224,181
3225,181
3226,180
3227,180
3228,180
3229,180
3230,181
3231,181
3232,181
3233,181
3234,181
3235,181
3236,180
3237,181
3238,181
3239,181
3240,181
3241,181
3242,181
3243,181
3244,181
3245,181
3246,181
3247,181
3248,181
3249,181
3250,181
3251,181
3252,181
3253,181
3254,181
3255,181
3256,181
3257,181
3258,181
3259,181
3260,181
3261,181
3262,181
3263,181
3264,181
3265,181
3266,181
3267,181
3268,181
3269,181
3270,181
3271,181
3272,181
3273,181
3274,181
3275,181
3276,181
3277,181
3278,181
3279,181
3280,181
3281,181
3282,180
3283,180
3284,180
3285,180
3286,181
3287,181
3288,180
3289,180
3290,181
3291,180
3292,180
3293,180
3294,181
3295,180
3296,180
3297,180
3298,181
3299,181
3300,181
3301,181
3302,181
3303,181
3304,181
3305,181
3306,181
3307,181
3308,181
3309,182
3310,182
3311,182
3312,182
3313,182
3314,182
3315,182
3316,182
3317,182
3318,182
3319,182
3320,182
3321,182
3322,182
3323,182
3324,182
3325,182
3326,182
3327,181
3328,182
3329,181
3330,181
3331,181
3332,181
3333,181
3334,181
3335,181
3336,182
3337,182
3338,182
3339,182
3340,182
3341,182
3342,182
3343,182
3344,182
3345,182
3346,182
3347,182
3348,182
3349,182
3350,182
3351,182
3352,183
3353,183
3354,183
3355,183
3356,183
3357,183
3358,183
3359,183
3360,183
3361,183
3362,183
3363,183
3364,183
3365,183
3366,183
3367,183
3368,183
3369,183
3370,183
3371,183
3372,184
3373,184
3374,184
3375,184
3376,184
3377,184
3378,184
3379,184
3380,184
3381,184
3382,184
3383,184
3384,183
3385,183
3386,183
3387,183
3388,183
3389,183
3390,184
3391,184
3392,184
3393,184
3394,184
3395,184
3396,183
3397,183
3398,184
3399,184
3400,184
3401,184
3402,184
3403,184
3404,184
3405,184
3406,183
3407,184
3408,184
3409,184
3410,184
3411,184
3412,183
3413,184
3414,184
3415,184
3416,184
3417,184
3418,184
3419,184
3420,183
3421,184
3422,184
3423,184
3424,184
3425,184
3426,184
3427,184
3428,184
3429,184
3430,184
3431,184
3432,184
3433,184
3434,184
3435,184
3436,184
3437,184
3438,184
3439,184
3440,184
3441,184
3442,184
3443,184
3444,184
3445,184
3446,184
3447,184
3448,184
3449,184
3450,184
3451,184
3452,184
3453,184
3454,184
3455,184
3456,184
3457,184
3458,184
3459,184
3460,184
3461,184
3462,184
3463,184
3464,184
3465,184
3466,184
3467,184
3468,184
3469,184
3470,184
3471,184
3472,184
3473,184
3474,184
3475,184
3476,184
3477,184
3478,184
3479,184
3480,184
3481,184
3482,184
3483,184
3484,184
3485,184
3486,184
3487,184
3488,184
3489,184
3490,184
3491,184
3492,184
3493,184
3494,185
3495,185
3496,185
3497,185
3498,185
3499,185
3500,185
3501,185
3502,185
3503,185
3504,185
3505,185
3506,185
3507,185
3508,185
3509,185
3510,185
3511,185
3512,185
3513,185
3514,185
3515,185
3516,185
3517,185
3518,185
3519,185
3520,185
3521,185
3522,185
3523,185
3524,185
3525,185
3526,185
3527,185
3528,185
3529,185
3530,185
3531,185
3532,185
3533,185
3534,185
3535,185
3536,185
3537,185
3538,185
3539,185
3540,185
3541,185
3542,185
3543,185
3544,185
3545,185
3546,185
3547,185
3548,185
3549,185
3550,185
3551,185
3552,185
3553,185
3554,185
3555,186
3556,186
3557,185
3558,185
3559,185
3560,185
3561,185
3562,185
3563,185
3564,185
3565,185
3566,185
3567,185
3568,185
3569,185
3570,185
3571,185
3572,185
3573,185
3574,185
3575,185
3576,185
3577,185
3578,185
3579,185
3580,185
3581,185
3582,185
3583,185
3584,185
3585,185
3586,185
3587,185
3588,185
3589,185
3590,185
3591,185
3592,185
3593,185
3594,185
3595,186
3596,186
3597,186
3598,186
3599,186
3600,186
3601,186
3602,186
3603,186
3604,186
3605,186
3606,186
3607,186
3608,186
3609,186
3610,186
3611,186
3612,186
3613,186
3614,186
3615,186
3616,186
3617,186
3618,186
3619,186
3620,186
3621,186
3622,187
3623,187
3624,186
3625,186
3626,186
3627,186
3628,186
3629,186
3630,186
3631,186
3632,186
3633,187
3634,187
3635,187
3636,187
3637,187
3638,187
3639,187
3640,186
3641,186
3642,186
3643,186
3644,186
3645,186
3646,186
3647,186
3648,186
3649,186
3650,186
3651,186
3652,186
3653,185
3654,186
3655,186
3656,185
3657,185
3658,185
3659,185
3660,185
3661,185
3662,185
3663,185
3664,186
3665,186
3666,186
3667,185
3668,186
3669,186
3670,186
3671,186
3672,186
3673,186
3674,186
3675,185
3676,185
3677,186
3678,185
3679,185
3680,185
3681,186
3682,186
3683,186
3684,186
3685,186
3686,186
3687,186
3688,186
3689,186
3690,186
3691,186
3692,186
3693,186
3694,186
3695,187
3696,187
3697,187
3698,187
3699,187
3700,187
3701,187
3702,187
3703,187
3704,187
3705,187
3706,187
3707,187
3708,187
3709,187
3710,187
3711,187
3712,187
3713,187
3714,187
3715,187
3716,187
3717,187
3718,187
3719,187
3720,187
3721,187
3722,187
3723,187
3724,187
3725,187
3726,187
3727,187
3728,187
3729,187
3730,187
3731,187
3732,187
3733,187
3734,187
3735,187
3736,187
3737,186
3738,187
3739,186
3740,187
3741,186
3742,186
3743,186
3744,187
3745,187
3746,186
3747,186
3748,186
3749,186
3750,186
3751,186
3752,187
3753,187
3754,187
3755,187
3756,187
3757,187
3758,187
3759,187
3760,186
3761,186
3762,186
3763,186
3764,186
3765,186
3766,186
3767,186
3768,186
3769,186
3770,186
3771,186
3772,186
3773,186
3774,187
3775,187
3776,187
3777,187
3778,187
3779,187
3780,187
3781,187
3782,187
3783,187
3784,187
3785,187
3786,187
3787,187
3788,187
3789,187
3790,187
3791,187
3792,187
3793,187
3794,187
3795,187
3796,188
3797,187
3798,187
3799,187
3800,187
3801,187
3802,187
3803,187
3804,187
3805,187
3806,187
3807,187
3808,187
3809,187
3810,187
3811,187
3812,187
3813,187
3814,187
3815,187
3816,187
3817,187
3818,186
3819,186
3820,187
3821,187
3822,187
3823,187
3824,187
3825,187
3826,187
3827,187
3828,187
3829,187
3830,187
3831,187
3832,188
3833,188
3834,188
3835,188
3836,188
3837,188
3838,188
3839,188
3840,188
3841,188
3842,188
3843,188
3844,188
3845,188
3846,188
3847,188
3848,188
3849,188
3850,188
3851,188
3852,188
3853,188
3854,188
3855,189
3856,188
3857,188
3858,188
3859,188
3860,188
3861,188
3862,188
3863,188
3864,188
3865,188
3866,188
3867,188
3868,188
3869,188
3870,188
3871,188
3872,188
3873,188
3874,188
3875,188
3876,188
3877,188
3878,188
3879,189
3880,188
3881,188
3882,188
3883,188
3884,188
3885,189
3886,188
3887,188
3888,188
3889,188
3890,188
3891,188
3892,189
3893,189
3894,189
3895,189
3896,189
3897,189
3898,189
3899,189
3900,189
3901,189
3902,189
3903,189
3904,189
3905,189
3906,189
3907,189
3908,189
3909,189
3910,189
3911,189
3912,189
3913,189
3914,189
3915,189
3916,189
3917,189
3918,189
3919,189
3920,189
3921,189
3922,189
3923,189
3924,189
3925,189
3926,189
3927,189
3928,188
3929,188
3930,188
3931,188
3932,188
3933,188
3934,188
3935,188
3936,188
3937,188
3938,188
3939,188
3940,188
3941,188
3942,188
3943,188
3944,188
3945,188
3946,188
3947,188
3948,188
3949,188
3950,188
3951,188
3952,188
3953,187
3954,188
3955,188
3956,188
3957,187
3958,188
3959,188
3960,188
3961,188
3962,188
3963,188
3964,188
3965,188
3966,188
3967,189
3968,189
3969,189
3970,189
3971,189
3972,189
3973,188
3974,188
3975,188
3976,188
3977,188
3978,188
3979,188
3980,188
3981,188
3982,188
3983,188
3984,188
3985,188
3986,188
3987,188
3988,188
3989,188
3990,188
3991,188
3992,188
3993,188
3994,188
3995,188
3996,188
3997,188
3998,188
3999,188
4000,188
4001,188
4002,188
4003,188
4004,188
4005,188
4006,188
4007,188
4008,188
4009,188
4010,188
4011,188
4012,188
4013,188
4014,188
4015,188
4016,188
4017,188
4018,188
4019,188
4020,188
4021,188
4022,188
4023,188
4024,188
4025,188
4026,188
4027,188
4028,189
4029,189
4030,189
4031,189
4032,189
4033,189
4034,189
4035,189
4036,188
4037,189
4038,189
4039,189
4040,189
4041,189
4042,189
4043,189
4044,189
4045,189
4046,189
4047,189
4048,189
4049,189
4050,189
4051,189
4052,189
4053,189
4054,189
4055,189
4056,189
4057,190
4058,189
4059,190
4060,190
4061,190
4062,190
4063,190
4064,190
4065,190
4066,190
4067,190
4068,190
4069,190
4070,190
4071,190
4072,191
4073,191
4074,191
4075,191
4076,191
4077,191
4078,191
4079,191
4080,191
4081,191
4082,191
4083,191
4084,191
4085,191
4086,191
4087,191
4088,191
4089,191
4090,191
4091,191
4092,191
4093,191
4094,191
4095,191
4096,191
4097,191
4098,191
4099,191
4100,190
4101,190
4102,190
4103,190
4104,190
4105,190
4106,190
4107,190
4108,190
4109,190
4110,190
4111,190
4112,190
4113,190
4114,190
4115,190
4116,190
4117,190
4118,190
4119,190
4120,190
4121,190
4122,190
4123,190
4124,190
4125,190
4126,190
4127,190
4128,190
4129,190
4130,190
4131,190
4132,190
4133,190
4134,190
4135,191
4136,190
4137,190
4138,191
4139,191
4140,190
4141,190
4142,190
4143,190
4144,190
4145,190
4146,190
4147,190
4148,190
4149,190
4150,190
4151,190
4152,190
4153,190
4154,190
4155,190
4156,190
4157,190
4158,190
4159,190
4160,190
4161,190
4162,190
4163,190
4164,190
4165,190
4166,190
4167,190
4168,190
4169,190
4170,190
4171,190
4172,190
4173,190
4174,190
4175,190
4176,190
4177,190
4178,190
4179,190
4180,190
4181,190
4182,190
4183,190
4184,190
4185,190
4186,190
4187,190
4188,190
4189,190
4190,190
4191,190
4192,190
4193,189
4194,189
4195,190
4196,190
4197,190
4198,189
4199,190
4200,190
4201,190
4202,190
4203,190
4204,190
4205,190
4206,190
4207,190
4208,190
4209,190
4210,190
4211,189
4212,190
4213,190
4214,190
4215,190
4216,190
4217,190
4218,190
4219,190
4220,190
4221,191
4222,191
4223,191
4224,191
4225,191
4226,190
4227,190
4228,190
4229,190
4230,190
4231,190
4232,190
4233,190
4234,190
4235,190
4236,190
4237,190
4238,190
4239,190
4240,190
4241,190
4242,190
4243,190
4244,190
4245,190
4246,190
4247,190
4248,190
4249,190
4250,191
4251,191
4252,191
4253,191
4254,191
4255,191
4256,191
4257,191
4258,191
4259,191
4260,191
4261,191
4262,191
4263,191
4264,191
4265,191
4266,191
4267,191
4268,191
4269,191
4270,191
4271,191
4272,191
4273,191
4274,192
4275,192
4276,191
4277,192
4278,191
4279,192
4280,192
4281,192
4282,192
4283,192
4284,192
4285,192
4286,192
4287,192
4288,192
4289,192
4290,192
4291,192
4292,192
4293,192
4294,192
4295,192
4296,192
4297,192
4298,192
4299,192
4300,192
4301,192
4302,192
4303,192
4304,192
4305,192
4306,192
4307,192
4308,192
4309,192
4310,192
4311,192
4312,193
4313,193
4314,193
4315,193
4316,193
4317,193
4318,193
4319,193
4320,193
4321,193
4322,193
4323,193
4324,193
4325,193
4326,193
4327,193
4328,193
4329,193
4330,193
4331,193
4332,193
4333,193
4334,192
4335,193
4336,192
4337,193
4338,193
4339,193
4340,193
4341,193
4342,193
4343,193
4344,193
4345,193
4346,193
4347,193
4348,193
4349,193
4350,193
4351,193
4352,193
4353,193
4354,193
4355,193
4356,193
4357,193
4358,193
4359,193
4360,193
4361,193
4362,193
4363,193
4364,193
4365,193
4366,193
4367,193
4368,193
4369,193
4370,193
4371,193
4372,193
4373,193
4374,193
4375,193
4376,193
4377,193
4378,193
4379,193
4380,193
4381,193
4382,193
4383,193
4384,193
4385,193
4386,193
4387,193
4388,194
4389,193
4390,193
4391,193
4392,193
4393,193
4394,193
4395,193
4396,193
4397,193
4398,193
4399,193
4400,193
4401,193
4402,193
4403,193
4404,193
4405,193
4406,193
4407,193
4408,193
4409,193
4410,194
4411,194
4412,194
4413,194
4414,194
4415,194
4416,194
4417,194
4418,194
4419,194
4420,194
4421,194
4422,194
4423,194
4424,194
4425,194
4426,194
4427,194
4428,194
4429,194
4430,194
4431,194
4432,194
4433,194
4434,194
4435,194
4436,194
4437,194
4438,194
4439,194
4440,194
4441,194
4442,194
4443,195
4444,194
4445,194
4446,194
4447,194
4448,194
4449,194
4450,194
4451,194
4452,194
4453,194
4454,194
4455,195
4456,194
4457,195
4458,194
4459,194
4460,194
4461,194
4462,194
4463,194
4464,194
4465,194
4466,194
4467,194
4468,194
4469,194
4470,194
4471,194
4472,194
4473,194
4474,194
4475,194
4476,195
4477,195
4478,195
4479,195
4480,195
4481,195
4482,195
4483,195
4484,195
4485,195
4486,195
4487,195
4488,195
4489,195
4490,195
4491,195
4492,195
4493,195
4494,195
4495,195
4496,195
4497,195
4498,195
4499,195
4500,195
4501,195
4502,195
4503,195
4504,195
4505,195
4506,195
4507,195
4508,195
4509,195
4510,195
4511,195
4512,195
4513,195
4514,195
4515,195
4516,195
4517,195
4518,195
4519,195
4520,195
4521,195
4522,195
4523,195
4524,195
4525,195
4526,195
4527,195
4528,195
4529,195
4530,195
4531,195
4532,195
4533,195
4534,196
4535,195
4536,196
4537,195
4538,195
4539,195
4540,195
4541,195
4542,195
4543,195
4544,195
4545,195
4546,196
4547,196
4548,196
4549,196
4550,196
4551,196
4552,196
4553,196
4554,196
4555,196
4556,196
4557,196
4558,196
4559,196
4560,196
4561,196
4562,196
4563,196
4564,196
4565,196
4566,196
4567,196
4568,196
4569,196
4570,196
4571,196
4572,196
4573,196
4574,196
4575,196
4576,196
4577,196
4578,196
4579,197
4580,197
4581,197
4582,197
4583,197
4584,197
4585,197
4586,196
4587,196
4588,196
4589,196
4590,196
4591,196
4592,196
4593,196
4594,196
4595,196
4596,196
4597,196
4598,196
4599,196
4600,196
4601,196
4602,196
4603,196
4604,196
4605,196
4606,196
4607,196
4608,196
4609,196
4610,196
4611,196
4612,196
4613,197
4614,197
4615,197
4616,197
4617,197
4618,197
4619,197
4620,197
4621,197
4622,197
4623,197
4624,197
4625,197
4626,197
4627,197
4628,197
4629,197
4630,197
4631,197
4632,197
4633,197
4634,197
4635,197
4636,197
4637,197
4638,197
4639,197
4640,197
4641,197
4642,197
4643,197
4644,197
4645,197
4646,197
4647,197
4648,197
4649,197
4650,197
4651,197
4652,197
4653,197
4654,197
4655,197
4656,197
4657,197
4658,197
4659,197
4660,197
4661,197
4662,197
4663,197
4664,197
4665,197
4666,197
4667,197
4668,197
4669,197
4670,197
4671,197
4672,197
4673,197
4674,197
4675,197
4676,197
4677,197
4678,197
4679,197
4680,197
4681,197
4682,197
4683,198
4684,198
4685,198
4686,198
4687,198
4688,198
4689,197
4690,197
4691,197
4692,197
4693,197
4694,197
4695,197
4696,198
4697,197
4698,198
4699,197
4700,198
4701,198
4702,198
4703,197
4704,198
4705,198
4706,198
4707,197
4708,198
4709,198
4710,198
4711,198
4712,198
4713,198
4714,198
4715,198
4716,198
4717,198
4718,198
4719,198
4720,198
4721,198
4722,198
4723,198
4724,198
4725,198
4726,198
4727,198
4728,198
4729,197
4730,197
4731,197
4732,197
4733,197
4734,197
4735,197
4736,197
4737,197
4738,197
4739,197
4740,197
4741,197
4742,197
4743,197
4744,197
4745,197
4746,197
4747,197
4748,197
4749,197
4750,198
4751,198
4752,198
4753,198
4754,198
4755,198
4756,198
4757,198
4758,198
4759,198
4760,198
4761,198
4762,198
4763,198
4764,198
4765,198
4766,198
4767,198
4768,198
4769,198
4770,198
4771,198
4772,198
4773,198
4774,198
4775,198
4776,198
4777,198
4778,198
4779,198
4780,199
4781,199
4782,198
4783,199
4784,198
4785,198
4786,198
4787,198
4788,198
4789,198
4790,198
4791,198
4792,198
4793,198
4794,198
4795,199
4796,198
4797,198
4798,199
4799,199
4800,198
4801,198
4802,198
4803,198
4804,198
4805,198
4806,198
4807,198
4808,199
4809,199
4810,199
4811,199
4812,198
4813,198
4814,198
4815,198
4816,198
4817,198
4818,198
4819,198
4820,199
4821,199
4822,199
4823,199
4824,199
4825,199
4826,199
4827,199
4828,199
4829,199
4830,199
4831,199
4832,199
4833,199
4834,199
4835,199
4836,199
4837,199
4838,199
4839,199
4840,199
4841,199
4842,199
4843,199
4844,199
4845,199
4846,199
4847,199
4848,199
4849,199
4850,199
4851,199
4852,199
4853,199
4854,199
4855,199
4856,200
4857,200
4858,200
4859,200
4860,200
4861,200
4862,200
4863,200
4864,200
4865,200
4866,200
4867,200
4868,200
4869,200
4870,200
4871,200
4872,200
4873,200
4874,200
4875,200
4876,200
4877,200
4878,200
4879,200
4880,200
4881,200
4882,200
4883,200
4884,200
4885,200
4886,200
4887,200
4888,200
4889,200
4890,200
4891,200
4892,200
4893,200
4894,200
4895,200
4896,200
4897,200
4898,200
4899,200
4900,200
4901,200
4902,200
4903,200
4904,200
4905,200
4906,200
4907,200
4908,200
4909,200
4910,200
4911,200
4912,200
4913,200
4914,200
4915,200
4916,200
4917,200
4918,200
4919,200
4920,199
4921,200
4922,200
4923,200
4924,200
4925,200
4926,200
4927,200
4928,199
4929,199
4930,200
4931,200
4932,200
4933,200
4934,200
4935,200
4936,200
4937,200
4938,200
4939,200
4940,200
4941,200
4942,200
4943,200
4944,200
4945,200
4946,200
4947,200
4948,200
4949,201
4950,201
4951,201
4952,201
4953,201
4954,201
4955,201
4956,201
4957,201
4958,201
4959,201
4960,201
4961,201
4962,201
4963,200
4964,200
4965,200
4966,200
4967,200
4968,200
4969,200
4970,200
4971,200
4972,200
4973,200
4974,200
4975,200
4976,200
4977,200
4978,200
4979,200
4980,200
4981,200
4982,200
4983,200
4984,200
4985,200
4986,200
4987,200
4988,200
4989,200
4990,200
4991,200
4992,200
4993,200
4994,200
4995,200
4996,200
4997,200
4998,200
4999,200
5000,200
5001,200
5002,200
5003,200
5004,200
5005,200
5006,200
5007,200
5008,201
5009,201
5010,201
5011,200
5012,200
5013,200
5014,200
5015,200
5016,200
5017,200
5018,200
5019,200
5020,200
5021,200
5022,200
5023,200
5024,200
5025,200
5026,200
5027,200
5028,200
5029,200
5030,200
5031,200
5032,200
5033,200
5034,200
5035,200
5036,201
5037,200
5038,200
5039,200
5040,200
5041,200
5042,200
5043,200
5044,200
5045,200
5046,201
5047,201
5048,201
5049,201
5050,201
5051,201
5052,201
5053,201
5054,201
5055,201
5056,201
5057,201
5058,201
5059,201
5060,201
5061,201
5062,201
5063,201
5064,201
5065,201
5066,201
5067,201
5068,201
5069,200
5070,200
5071,200
5072,201
5073,200
5074,201
5075,201
5076,201
5077,200
5078,201
5079,201
5080,201
5081,201
5082,201
5083,201
5084,201
5085,201
5086,201
5087,201
5088,201
5089,201
5090,201
5091,201
5092,201
5093,201
5094,201
5095,201
5096,201
5097,201
5098,201
5099,201
5100,201
5101,201
5102,201
5103,202
5104,202
5105,202
5106,202
5107,202
5108,202
5109,202
5110,202
5111,202
5112,202
5113,202
5114,202
5115,203
5116,203
5117,203
5118,203
5119,202
5120,203
5121,203
5122,203
5123,203
5124,203
5125,203
5126,203
5127,203
5128,203
5129,203
5130,203
5131,203
5132,203
5133,203
5134,203
5135,203
5136,203
5137,203
5138,203
5139,203
5140,203
5141,203
5142,203
5143,203
5144,203
5145,203
5146,203
5147,203
5148,203
5149,203
5150,203
5151,203
5152,203
5153,203
5154,203
5155,203
5156,203
5157,203
5158,203
5159,203
5160,203
5161,203
5162,203
5163,203
5164,203
5165,203
5166,203
5167,203
5168,203
5169,203
5170,203
5171,203
5172,203
5173,203
5174,203
5175,203
5176,203
5177,203
5178,203
5179,203
5180,203
5181,203
5182,203
5183,203
5184,203
5185,203
5186,203
5187,203
5188,203
5189,203
5190,203
5191,203
5192,203
5193,203
5194,203
5195,203
5196,203
5197,203
5198,203
5199,203
5200,203
5201,203
5202,203
5203,203
5204,204
5205,204
5206,204
5207,204
5208,204
5209,204
5210,204
5211,204
5212,203
5213,203
5214,204
5215,204
5216,204
5217,204
5218,204
5219,204
5220,203
5221,204
5222,204
5223,203
5224,204
5225,203
5226,203
5227,203
5228,203
5229,203
5230,204
5231,204
5232,204
5233,204
5234,204
5235,204
5236,204
5237,204
5238,204
5239,204
5240,204
5241,204
5242,204
5243,204
5244,204
5245,204
5246,204
5247,204
5248,204
5249,204
5250,204
5251,204
5252,204
5253,204
5254,204
5255,204
5256,204
5257,204
5258,204
5259,204
5260,204
5261,204
5262,204
5263,204
5264,204
5265,204
5266,204
5267,204
5268,205
5269,205
5270,205
5271,205
5272,205
5273,205
5274,205
5275,205
5276,205
5277,205
5278,205
5279,205
5280,205
5281,205
5282,205
5283,205
5284,205
5285,205
5286,205
5287,205
5288,205
5289,205
5290,205
5291,205
5292,205
5293,205
5294,205
5295,205
5296,204
5297,204
5298,205
5299,205
5300,204
5301,204
5302,205
5303,205
5304,205
5305,205
5306,205
5307,205
5308,205
5309,205
5310,205
5311,205
5312,205
5313,205
5314,205
5315,205
5316,205
5317,205
5318,205
5319,205
5320,205
5321,205
5322,205
5323,205
5324,205
5325,205
5326,205
5327,205
5328,205
5329,206
5330,206
5331,205
5332,205
5333,205
5334,205
5335,205
5336,205
5337,205
5338,205
5339,205
5340,205
5341,205
5342,205
5343,205
5344,205
5345,205
5346,205
5347,205
5348,205
5349,205
5350,205
5351,205
5352,205
5353,205
5354,205
5355,205
5356,205
5357,205
5358,205
5359,206
5360,205
5361,206
5362,206
5363,206
5364,206
5365,206
5366,206
5367,206
5368,205
5369,205
5370,205
5371,206
5372,206
5373,206
5374,206
5375,206
5376,206
5377,206
5378,206
5379,206
5380,206
5381,206
5382,206
5383,206
5384,206
5385,206
5386,206
5387,206
5388,206
5389,206
5390,206
5391,206
5392,206
5393,206
5394,206
5395,206
5396,207
5397,207
5398,207
5399,207
5400,207
5401,207
5402,207
5403,207
5404,207
5405,207
5406,207
5407,207
5408,207
5409,207
5410,207
5411,207
5412,207
5413,207
5414,207
5415,207
5416,207
5417,207
5418,207
5419,207
5420,207
5421,207
5422,207
5423,207
5424,207
5425,207
5426,207
5427,207
5428,207
5429,207
5430,208
5431,208
5432,208
5433,208
5434,208
5435,208
5436,208
5437,208
5438,208
5439,208
5440,208
5441,208
5442,208
5443,208
5444,208
5445,208
5446,208
5447,208
5448,208
5449,208
5450,208
5451,208
5452,208
5453,208
5454,208
5455,208
5456,208
5457,208
5458,208
5459,208
5460,208
5461,208
5462,208
5463,208
5464,209
5465,209
5466,208
5467,208
5468,209
5469,208
5470,208
5471,209
5472,209
5473,209
5474,209
5475,209
5476,209
5477,209
5478,209
5479,209
5480,209
5481,209
5482,209
5483,209
5484,209
5485,209
5486,209
5487,209
5488,209
5489,209
5490,209
5491,209
5492,209
5493,209
5494,209
5495,209
5496,209
5497,209
5498,209
5499,209
5500,209
5501,209
5502,208
5503,209
5504,209
5505,208
5506,208
5507,208
5508,208
5509,208
5510,208
5511,208
5512,208
5513,208
5514,208
5515,208
5516,208
5517,208
5518,208
5519,208
5520,208
5521,208
5522,208
5523,208
5524,208
5525,208
5526,209
5527,209
5528,209
5529,208
5530,208
5531,208
5532,208
5533,209
5534,208
5535,208
5536,208
5537,208
5538,208
5539,208
5540,208
5541,208
5542,208
5543,208
5544,208
5545,208
5546,208
5547,208
5548,208
5549,208
5550,208
5551,208
5552,208
5553,209
5554,209
5555,208
5556,208
5557,208
5558,208
5559,209
5560,209
5561,209
5562,209
5563,209
5564,209
5565,209
5566,209
5567,209
5568,209
5569,209
5570,209
5571,209
5572,209
5573,209
5574,210
5575,209
5576,210
5577,210
5578,210
5579,210
5580,210
5581,210
5582,210
5583,210
5584,210
5585,210
5586,210
5587,210
5588,210
5589,210
5590,210
5591,210
5592,210
5593,211
5594,211
5595,211
5596,210
5597,211
5598,211
5599,211
5600,210
5601,210
5602,211
5603,211
5604,211
5605,210
5606,210
5607,210
5608,210
5609,210
5610,210
5611,210
5612,210
5613,210
5614,210
5615,210
5616,210
5617,210
5618,210
5619,210
5620,210
5621,210
5622,210
5623,210
5624,210
5625,210
5626,210
5627,210
5628,210
5629,210
5630,210
5631,210
5632,210
5633,210
5634,210
5635,209
5636,210
5637,209
5638,209
5639,209
5640,209
5641,209
5642,209
5643,209
5644,209
5645,209
5646,210
5647,210
5648,210
5649,210
5650,210
5651,210
5652,210
5653,210
5654,210
5655,210
5656,210
5657,210
5658,210
5659,211
5660,210
5661,210
5662,211
5663,210
5664,211
5665,210
5666,210
5667,210
5668,210
5669,210
5670,210
5671,210
5672,210
5673,210
5674,210
5675,210
5676,210
5677,210
5678,210
5679,210
5680,210
5681,209
5682,210
5683,210
5684,209
5685,209
5686,210
5687,210
5688,210
5689,210
5690,210
5691,210
5692,210
5693,210
5694,210
5695,210
5696,210
5697,209
5698,209
5699,210
5700,210
5701,210
5702,210
5703,210
5704,210
5705,210
5706,210
5707,210
5708,210
5709,210
5710,210
5711,210
5712,210
5713,210
5714,210
5715,210
5716,210
5717,210
5718,210
5719,210
5720,210
5721,210
5722,210
5723,210
5724,210
5725,210
5726,210
5727,210
5728,211
5729,211
5730,211
5731,211
5732,211
5733,211
5734,210
5735,211
5736,210
5737,211
5738,210
5739,210
5740,210
5741,210
5742,210
5743,210
5744,210
5745,210
5746,210
5747,210
5748,211
5749,211
5750,211
5751,211
5752,211
5753,211
5754,211
5755,211
5756,211
5757,211
5758,211
5759,211
5760,211
5761,212
5762,212
5763,212
5764,212
5765,212
5766,212
5767,213
5768,213
5769,213
5770,213
5771,214
5772,214
5773,214
5774,214
5775,213
5776,214
5777,214
5778,214
5779,214
5780,214
5781,214
5782,214
5783,214
5784,214
5785,214
5786,214
5787,213
5788,213
5789,213
5790,213
5791,213
5792,213
5793,213
5794,213
5795,213
5796,213
5797,213
5798,213
5799,213
5800,214
5801,214
5802,214
5803,214
5804,214
5805,214
5806,214
5807,214
5808,214
5809,214
5810,214
5811,214
5812,214
5813,214
5814,214
5815,214
5816,214
5817,214
5818,214
5819,214
5820,214
5821,214
5822,214
5823,214
5824,214
5825,214
5826,214
5827,214
5828,214
5829,214
5830,214
5831,214
5832,215
5833,215
5834,215
5835,215
5836,215
5837,215
5838,215
5839,215
5840,215
5841,215
5842,215
5843,215
5844,216
5845,216
5846,215
5847,216
5848,216
5849,215
5850,215
5851,215
5852,215
5853,216
5854,216
5855,216
5856,217
5857,217
5858,217
5859,217
5860,217
5861,217
5862,217
5863,217
5864,217
5865,217
5866,217
5867,217
5868,217
5869,217
5870,217
5871,217
5872,217
5873,217
5874,217
5875,217
5876,217
5877,217
5878,217
5879,217
5880,218
5881,218
5882,218
5883,218
5884,218
5885,218
5886,218
5887,218
5888,218
5889,218
5890,218
5891,218
5892,218
5893,218
5894,218
5895,218
5896,218
5897,218
5898,218
5899,218
5900,218
5901,218
5902,218
5903,218
5904,218
5905,218
5906,218
5907,218
5908,218
5909,218
5910,218
5911,218
5912,219
5913,219
5914,219
5915,219
5916,219
5917,219
5918,219
5919,219
5920,220
5921,220
5922,220
5923,220
5924,220
5925,220
5926,220
5927,220
5928,220
5929,220
5930,220
5931,220
5932,220
5933,220
5934,220
5935,220
5936,220
5937,219
5938,219
5939,220
5940,220
5941,220
5942,220
5943,220
5944,220
5945,220
5946,220
5947,220
5948,220
5949,220
5950,220
5951,220
5952,220
5953,220
5954,220
5955,220
5956,220
5957,220
5958,220
5959,220
5960,220
5961,220
5962,220
5963,220
5964,220
5965,220
5966,220
5967,220
5968,220
5969,220
5970,220
5971,220
5972,220
5973,220
5974,220
5975,220
5976,220
5977,220
5978,220
5979,220
5980,220
5981,221
5982,221
5983,220
5984,220
5985,220
5986,220
5987,220
5988,220
5989,220
5990,220
5991,221
5992,220
5993,220
5994,221
5995,221
5996,221
5997,220
5998,220
5999,221
6000,221
6001,221
6002,221
6003,221
6004,221
6005,221
6006,221
6007,221
6008,221
6009,221
6010,221
6011,221
6012,221
6013,221
6014,221
6015,221
6016,221
6017,221
6018,221
6019,221
6020,221
6021,221
6022,221
6023,221
6024,221
6025,221
6026,221
6027,221
6028,221
6029,221
6030,221
6031,222
6032,221
6033,221
6034,222
6035,222
6036,222
6037,221
6038,221
6039,221
6040,221
6041,221
6042,221
6043,222
6044,222
6045,222
6046,222
6047,222
6048,222
6049,221
6050,221
6051,221
6052,221
6053,221
6054,221
6055,221
6056,222
6057,221
6058,221
6059,221
6060,221
6061,221
6062,221
6063,221
6064,222
6065,222
6066,221
6067,221
6068,221
6069,222
6070,222
6071,222
6072,222
6073,222
6074,222
6075,221
6076,221
6077,222
6078,222
6079,221
6080,222
6081,222
6082,222
6083,222
6084,222
6085,222
6086,222
6087,222
6088,222
6089,222
6090,222
6091,222
6092,222
6093,223
6094,223
6095,223
6096,223
6097,223
6098,223
6099,223
6100,223
6101,223
6102,223
6103,223
6104,223
6105,223
6106,223
6107,223
6108,223
6109,223
6110,223
6111,223
6112,223
6113,223
6114,223
6115,223
6116,223
6117,223
6118,223
6119,223
6120,224
6121,224
6122,224
6123,224
6124,224
6125,224
6126,224
6127,223
6128,223
6129,224
6130,224
6131,224
6132,224
6133,224
6134,224
6135,224
6136,224
6137,224
6138,224
6139,224
6140,224
6141,224
6142,224
6143,224
6144,224
6145,224
6146,224
6147,224
6148,224
6149,224
6150,224
6151,224
6152,224
6153,224
6154,223
6155,224
6156,224
6157,224
6158,224
6159,224
6160,224
6161,224
6162,224
6163,224
6164,224
6165,224
6166,224
6167,224
6168,224
6169,224
6170,224
6171,224
6172,224
6173,224
6174,224
6175,225
6176,225
6177,225
6178,225
6179,225
6180,225
6181,225
6182,225
6183,225
6184,225
6185,225
6186,225
6187,225
6188,225
6189,225
6190,225
6191,225
6192,225
6193,225
6194,225
6195,225
6196,225
6197,225
6198,225
6199,225
6200,225
6201,225
6202,225
6203,225
6204,225
6205,225
6206,225
6207,225
6208,225
6209,225
6210,225
6211,225
6212,225
6213,225
6214,225
6215,225
6216,225
6217,225
6218,225
6219,225
6220,225
6221,225
6222,224
6223,225
6224,225
6225,225
6226,225
6227,225
6228,224
6229,224
6230,224
6231,224
6232,224
6233,224
6234,224
6235,224
6236,224
6237,224
6238,224
6239,224
6240,224
6241,224
6242,224
6243,224
6244,224
6245,224
6246,224
6247,224
6248,224
6249,224
6250,224
6251,224
6252,224
6253,224
6254,224
6255,224
6256,224
6257,224
6258,224
6259,224
6260,224
6261,224
6262,225
6263,225
6264,225
6265,225
6266,225
6267,225
6268,225
6269,225
6270,225
6271,225
6272,225
6273,225
6274,225
6275,225
6276,225
6277,225
6278,225
6279,225
6280,225
6281,225
6282,225
6283,225
6284,225
6285,225
6286,225
6287,225
6288,226
6289,226
6290,226
6291,226
6292,226
6293,226
6294,226
6295,227
6296,226
6297,227
6298,226
6299,227
6300,227
6301,227
6302,227
6303,227
6304,227
6305,227
6306,227
6307,227
6308,227
6309,227
6310,227
6311,227
6312,227
6313,227
6314,227
6315,227
6316,227
6317,226
6318,227
6319,226
6320,226
6321,226
6322,226
6323,226
6324,226
6325,226
6326,227
6327,226
6328,227
6329,227
6330,226
6331,226
6332,226
6333,226
6334,226
6335,226
6336,226
6337,226
6338,226
6339,226
6340,226
6341,226
6342,226
6343,226
6344,227
6345,227
6346,227
6347,227
6348,227
6349,227
6350,227
6351,227
6352,227
6353,227
6354,227
6355,227
6356,227
6357,228
6358,227
6359,227
6360,228
6361,227
6362,227
6363,227
6364,227
6365,227
6366,227
6367,227
6368,227
6369,227
6370,228
6371,228
6372,228
6373,228
6374,228
6375,228
6376,228
6377,228
6378,228
6379,228
6380,228
6381,228
6382,228
6383,228
6384,228
6385,228
6386,228
6387,228
6388,228
6389,228
6390,228
6391,228
6392,228
6393,228
6394,228
6395,228
6396,228
6397,228
6398,228
6399,228
6400,228
6401,228
6402,228
6403,228
6404,228
6405,228
6406,229
6407,229
6408,228
6409,228
6410,228
6411,228
6412,228
6413,228
6414,228
6415,228
6416,228
6417,228
6418,228
6419,228
6420,228
6421,228
6422,228
6423,228
6424,228
6425,229
6426,229
6427,229
6428,229
6429,229
6430,229
6431,229
6432,229
6433,229
6434,229
6435,229
6436,229
6437,229
6438,229
6439,229
6440,229
6441,229
6442,228
6443,229
6444,229
6445,228
6446,228
6447,228
6448,228
6449,229
6450,229
6451,228
6452,228
6453,228
6454,228
6455,228
6456,228
6457,228
6458,228
6459,228
6460,228
6461,228
6462,228
6463,229
6464,229
6465,229
6466,229
6467,229
6468,229
6469,229
6470,229
6471,229
6472,229
6473,229
6474,228
6475,228
6476,229
6477,228
6478,229
6479,229
6480,229
6481,229
6482,229
6483,229
6484,229
6485,229
6486,229
6487,229
6488,229
6489,229
6490,229
6491,229
6492,229
6493,229
6494,229
6495,229
6496,229
6497,228
6498,228
6499,228
6500,228
6501,228
6502,228
6503,228
6504,229
6505,229
6506,228
6507,229
6508,229
6509,229
6510,229
6511,229
6512,229
6513,229
6514,229
6515,229
6516,229
6517,229
6518,229
6519,229
6520,229
6521,229
6522,229
6523,229
6524,229
6525,229
6526,229
6527,229
6528,229
6529,229
6530,229
6531,229
6532,229
6533,229
6534,229
6535,229
6536,229
6537,229
6538,229
6539,229
6540,229
6541,229
6542,229
6543,229
6544,229
6545,230
6546,230
6547,230
6548,230
6549,230
6550,230
6551,230
6552,229
6553,229
6554,229
6555,229
6556,229
6557,229
6558,229
6559,229
6560,229
6561,229
6562,229
6563,229
6564,229
6565,229
6566,229
6567,229
6568,229
6569,229
6570,229
6571,229
6572,229
6573,229
6574,229
6575,229
6576,229
6577,229
6578,229
6579,229
6580,229
6581,229
6582,229
6583,229
6584,229
6585,229
6586,229
6587,229
6588,230
6589,230
6590,229
6591,230
6592,230
6593,230
6594,230
6595,230
6596,230
6597,230
6598,230
6599,230
6600,230
6601,230
6602,230
6603,230
6604,230
6605,230
6606,230
6607,230
6608,230
6609,229
6610,229
6611,230
6612,230
6613,230
6614,230
6615,230
6616,230
6617,230
6618,230
6619,230
6620,230
6621,230
6622,230
6623,230
6624,230
6625,230
6626,230
6627,230
6628,230
6629,230
6630,230
6631,230
6632,230
6633,230
6634,230
6635,230
6636,231
6637,231
6638,231
6639,231
6640,231
6641,231
6642,231
6643,231
6644,231
6645,231
6646,231
6647,231
6648,231
6649,231
6650,231
6651,231
6652,231
6653,231
6654,230
6655,231
6656,231
6657,231
6658,231
6659,231
6660,231
6661,231
6662,231
6663,231
6664,231
6665,231
6666,231
6667,231
6668,231
6669,231
6670,231
6671,231
6672,231
6673,231
6674,231
6675,231
6676,231
6677,231
6678,231
6679,231
6680,231
6681,231
6682,231
6683,231
6684,231
6685,231
6686,231
6687,231
6688,231
6689,231
6690,231
6691,231
6692,231
6693,231
6694,231
6695,231
6696,231
6697,231
6698,231
6699,231
6700,231
6701,231
6702,231
6703,231
6704,231
6705,231
6706,231
6707,231
6708,231
6709,231
6710,231
6711,231
6712,231
6713,231
6714,231
6715,231
6716,231
6717,231
6718,231
6719,231
6720,231
6721,231
6722,231
6723,231
6724,231
6725,231
6726,231
6727,231
6728,231
6729,231
6730,231
6731,231
6732,231
6733,231
6734,231
6735,231
6736,231
6737,231
6738,231
6739,231
6740,231
6741,231
6742,231
6743,231
6744,231
6745,231
6746,231
6747,231
6748,231
6749,231
6750,231
6751,231
6752,231
6753,231
6754,231
6755,231
6756,231
6757,231
6758,231
6759,231
6760,231
6761,231
6762,231
6763,231
6764,231
6765,231
6766,231
6767,231
6768,231
6769,231
6770,231
6771,231
6772,231
6773,231
6774,231
6775,231
6776,231
6777,231
6778,231
6779,231
6780,231
6781,231
6782,231
6783,231
6784,231
6785,231
6786,231
6787,231
6788,231
6789,231
6790,231
6791,231
6792,231
6793,231
6794,231
6795,231
6796,231
6797,231
6798,231
6799,231
6800,231
6801,231
6802,231
6803,231
6804,231
6805,231
6806,231
6807,231
6808,231
6809,231
6810,231
6811,231
6812,231
6813,231
6814,231
6815,231
6816,231
6817,231
6818,231
6819,231
6820,231
6821,231
6822,232
6823,232
6824,232
6825,232
6826,232
6827,231
6828,232
6829,232
6830,232
6831,231
6832,231
6833,231
6834,231
6835,231
6836,231
6837,231
6838,231
6839,231
6840,231
6841,231
6842,231
6843,231
6844,231
6845,231
6846,231
6847,231
6848,231
6849,231
6850,231
6851,231
6852,231
6853,231
6854,231
6855,231
6856,231
6857,231
6858,231
6859,231
6860,232
6861,231
6862,232
6863,232
6864,232
6865,232
6866,232
6867,232
6868,232
6869,232
6870,232
6871,232
6872,232
6873,232
6874,232
6875,232
6876,232
6877,232
6878,232
6879,232
6880,232
6881,232
6882,232
6883,232
6884,232
6885,232
6886,232
6887,232
6888,232
6889,232
6890,232
6891,232
6892,232
6893,232
6894,232
6895,232
6896,232
6897,232
6898,232
6899,232
6900,232
6901,232
6902,232
6903,232
6904,232
6905,232
6906,232
6907,232
6908,232
6909,232
6910,232
6911,232
6912,231
6913,232
6914,232
6915,232
6916,232
6917,232
6918,232
6919,232
6920,232
6921,232
6922,232
6923,232
6924,232
6925,232
6926,231
6927,231
6928,232
6929,232
6930,232
6931,232
6932,232
6933,231
6934,232
6935,232
6936,232
6937,232
6938,232
6939,232
6940,232
6941,232
6942,232
6943,232
6944,232
6945,232
6946,232
6947,232
6948,232
6949,232
6950,232
6951,232
6952,232
6953,232
6954,231
6955,231
6956,232
6957,232
6958,232
6959,232
6960,232
6961,232
6962,232
6963,232
6964,232
6965,232
6966,233
6967,233
6968,233
6969,233
6970,233
6971,233
6972,233
6973,233
6974,233
6975,233
6976,233
6977,233
6978,233
6979,233
6980,233
6981,233
6982,233
6983,233
6984,233
6985,233
6986,233
6987,233
6988,233
6989,233
6990,233
6991,233
6992,233
6993,233
6994,233
6995,233
6996,233
6997,233
6998,233
6999,233
7000,233
7001,233
7002,233
7003,233
7004,233
7005,233
7006,233
7007,233
7008,233
7009,233
7010,233
7011,233
7012,233
7013,233
7014,233
7015,233
7016,233
7017,233
7018,233
7019,233
7020,233
7021,233
7022,233
7023,234
7024,233
7025,233
7026,233
7027,233
7028,233
7029,233
7030,233
7031,233
7032,233
7033,233
7034,233
7035,233
7036,233
7037,233
7038,233
7039,233
7040,233
7041,233
7042,233
7043,233
7044,234
7045,234
7046,234
7047,234
7048,234
7049,234
7050,234
7051,234
7052,234
7053,234
7054,234
7055,234
7056,234
7057,234
7058,234
7059,234
7060,234
7061,234
7062,234
7063,234
7064,234
7065,234
7066,234
7067,234
7068,234
7069,234
7070,234
7071,234
7072,234
7073,234
7074,234
7075,234
7076,234
7077,234
7078,234
7079,234
7080,234
7081,234
7082,234
7083,234
7084,234
7085,234
7086,234
7087,234
7088,234
7089,235
7090,235
7091,235
7092,235
7093,235
7094,235
7095,235
7096,235
7097,235
7098,235
7099,235
7100,235
7101,234
7102,235
7103,234
7104,235
7105,234
7106,234
7107,234
7108,234
7109,234
7110,234
7111,234
7112,234
7113,234
7114,234
7115,234
7116,234
7117,234
7118,234
7119,234
7120,234
7121,234
7122,234
7123,234
7124,234
7125,234
7126,234
7127,234
7128,234
7129,234
7130,234
7131,234
7132,234
7133,234
7134,234
7135,234
7136,234
7137,234
7138,234
7139,234
7140,234
7141,234
7142,234
7143,234
7144,234
7145,234
7146,234
7147,234
7148,234
7149,234
7150,234
7151,234
7152,234
7153,234
7154,234
7155,234
7156,234
7157,234
7158,234
7159,234
7160,234
7161,234
7162,234
7163,234
7164,234
7165,234
7166,234
7167,234
7168,234
7169,234
7170,234
7171,234
7172,233
7173,233
7174,233
7175,233
7176,233
7177,233
7178,233
7179,233
7180,233
7181,233
7182,233
7183,233
7184,233
7185,233
7186,233
7187,234
7188,234
7189,234
7190,234
7191,234
7192,234
7193,234
7194,234
7195,234
7196,234
7197,234
7198,234
7199,235
7200,235
7201,235
7202,235
7203,234
7204,235
7205,235
7206,235
7207,235
7208,234
7209,234
7210,235
7211,235
7212,235
7213,235
7214,235
7215,235
7216,235
7217,235
7218,235
7219,235
7220,235
7221,235
7222,235
7223,235
7224,235
7225,235
7226,235
7227,235
7228,235
7229,235
7230,235
7231,235
7232,235
7233,235
7234,235
7235,235
7236,235
7237,235
7238,235
7239,235
7240,235
7241,235
7242,235
7243,235
7244,235
7245,235
7246,235
7247,234
7248,234
7249,234
7250,235
7251,235
7252,235
7253,235
7254,235
7255,235
7256,235
7257,235
7258,235
7259,235
7260,235
7261,235
7262,235
7263,235
7264,235
7265,235
7266,235
7267,235
7268,234
7269,235
7270,235
7271,235
7272,235
7273,235
7274,235
7275,234
7276,235
7277,235
7278,235
7279,235
7280,235
7281,235
7282,235
7283,235
7284,235
7285,235
7286,235
7287,235
7288,235
7289,235
7290,235
7291,236
7292,236
7293,236
7294,236
7295,236
7296,236
7297,236
7298,236
7299,236
7300,236
7301,236
7302,236
7303,236
7304,236
7305,236
7306,236
7307,236
7308,236
7309,236
7310,236
7311,236
7312,236
7313,236
7314,237
7315,237
7316,237
7317,236
7318,236
7319,237
7320,236
7321,237
7322,237
7323,237
7324,237
7325,237
7326,237
7327,237
7328,237
7329,237
7330,237
7331,237
7332,237
7333,237
7334,237
7335,237
7336,237
7337,237
7338,237
7339,237
7340,236
7341,236
7342,236
7343,237
7344,236
7345,237
7346,237
7347,237
7348,237
7349,237
7350,237
7351,237
7352,237
7353,237
7354,237
7355,237
7356,237
7357,237
7358,237
7359,237
7360,237
7361,237
7362,237
7363,237
7364,237
7365,237
7366,237
7367,237
7368,237
7369,237
7370,237
7371,237
7372,237
7373,237
7374,237
7375,237
7376,237
7377,237
7378,237
7379,237
7380,237
7381,237
7382,237
7383,237
7384,238
7385,238
7386,238
7387,238
7388,238
7389,238
7390,239
7391,238
7392,238
7393,238
7394,238
7395,238
7396,238
7397,239
7398,238
7399,238
7400,238
7401,238
7402,238
7403,238
7404,238
7405,238
7406,238
7407,239
7408,239
7409,239
7410,239
7411,239
7412,239
7413,239
7414,239
7415,239
7416,239
7417,239
7418,239
7419,240
7420,240
7421,240
7422,240
7423,239
7424,239
7425,239
7426,239
7427,239
7428,239
7429,240
7430,240
7431,240
7432,240
7433,240
7434,240
7435,240
7436,240
7437,240
7438,240
7439,240
7440,240
7441,240
7442,240
7443,240
7444,240
7445,240
7446,240
7447,240
7448,240
7449,240
7450,240
7451,240
7452,241
7453,241
7454,241
7455,241
7456,241
7457,241
7458,241
7459,241
7460,241
7461,241
7462,241
7463,241
7464,241
7465,241
7466,241
7467,241
7468,241
7469,241
7470,241
7471,241
7472,241
7473,241
7474,241
7475,241
7476,241
7477,241
7478,241
7479,241
7480,241
7481,241
7482,241
7483,241
7484,241
7485,241
7486,241
7487,241
7488,242
7489,242
7490,242
7491,242
7492,242
7493,242
7494,242
7495,242
7496,242
7497,242
7498,242
7499,242
7500,242
7501,242
7502,242
7503,242
7504,242
7505,242
7506,242
7507,242
7508,242
7509,242
7510,242
7511,242
7512,242
7513,242
7514,242
7515,242
7516,242
7517,242
7518,242
7519,242
7520,242
7521,242
7522,242
7523,242
7524,242
7525,242
7526,242
7527,243
7528,243
7529,242
7530,242
7531,242
7532,243
7533,243
7534,243
7535,243
7536,243
7537,243
7538,243
7539,243
7540,243
7541,243
7542,243
7543,243
7544,243
7545,243
7546,243
7547,243
7548,243
7549,243
7550,243
7551,243
7552,243
7553,242
7554,242
7555,242
7556,242
7557,243
7558,242
7559,242
7560,243
7561,243
7562,243
7563,243
7564,243
7565,243
7566,243
7567,243
7568,243
7569,243
7570,243
7571,243
7572,243
7573,243
7574,243
7575,243
7576,243
7577,243
7578,243
7579,243
7580,243
7581,243
7582,243
7583,243
7584,243
7585,243
7586,243
7587,243
7588,243
7589,243
7590,243
7591,243
7592,243
7593,243
7594,243
7595,243
7596,243
7597,243
7598,243
7599,243
7600,243
7601,243
7602,243
7603,243
7604,243
7605,243
7606,243
7607,243
7608,243
7609,243
7610,242
7611,242
7612,242
7613,242
7614,242
7615,243
7616,243
7617,243
7618,242
7619,242
7620,242
7621,242
7622,243
7623,243
7624,243
7625,243
7626,243
7627,243
7628,243
7629,243
7630,243
7631,243
7632,243
7633,243
7634,243
7635,243
7636,243
7637,243
7638,243
7639,243
7640,243
7641,243
7642,243
7643,243
7644,243
7645,243
7646,243
7647,243
7648,243
7649,243
7650,243
7651,243
7652,243
7653,243
7654,243
7655,243
7656,243
7657,243
7658,243
7659,243
7660,243
7661,243
7662,243
7663,243
7664,243
7665,243
7666,243
7667,243
7668,243
7669,243
7670,243
7671,243
7672,243
7673,243
7674,243
7675,243
7676,243
7677,243
7678,243
7679,243
7680,243
7681,243
7682,243
7683,243
7684,243
7685,243
7686,243
7687,243
7688,243
7689,243
7690,243
7691,243
7692,243
7693,243
7694,243
7695,243
7696,243
7697,243
7698,243
7699,243
7700,243
7701,243
7702,243
7703,243
7704,243
7705,243
7706,243
7707,243
7708,243
7709,243
7710,243
7711,243
7712,242
7713,242
7714,242
7715,242
7716,242
7717,242
7718,242
7719,242
7720,242
7721,242
7722,242
7723,242
7724,242
7725,242
7726,242
7727,242
7728,242
7729,242
7730,242
7731,242
7732,242
7733,242
7734,242
7735,242
7736,242
7737,242
7738,242
7739,242
7740,242
7741,242
7742,242
7743,242
7744,242
7745,242
7746,242
7747,242
7748,242
7749,242
7750,242
7751,242
7752,242
7753,242
7754,242
7755,242
7756,242
7757,242
7758,242
7759,242
7760,242
7761,242
7762,242
7763,242
7764,242
7765,242
7766,242
7767,242
7768,242
7769,242
7770,242
7771,242
7772,242
7773,242
7774,241
7775,241
7776,242
7777,242
7778,242
7779,242
7780,242
7781,242
7782,242
7783,242
7784,242
7785,242
7786,242
7787,242
7788,242
7789,242
7790,242
7791,242
7792,242
7793,242
7794,242
7795,242
7796,242
7797,242
7798,242
7799,242
7800,242
7801,242
7802,242
7803,242
7804,242
7805,242
7806,242
7807,242
7808,242
7809,242
7810,242
7811,242
7812,242
7813,242
7814,242
7815,242
7816,242
7817,242
7818,242
7819,242
7820,242
7821,241
7822,242
7823,242
7824,242
7825,242
7826,241
7827,242
7828,241
7829,241
7830,241
7831,241
7832,241
7833,241
7834,241
7835,242
7836,242
7837,241
7838,241
7839,241
7840,241
7841,241
7842,241
7843,241
7844,241
7845,241
7846,241
7847,241
7848,241
7849,241
7850,241
7851,241
7852,241
7853,241
7854,241
7855,241
7856,241
7857,241
7858,241
7859,241
7860,241
7861,241
7862,242
7863,242
7864,242
7865,242
7866,242
7867,242
7868,242
7869,242
7870,242
7871,242
7872,242
7873,241
7874,242
7875,242
7876,242
7877,242
7878,241
7879,241
7880,242
7881,241
7882,241
7883,242
7884,242
7885,242
7886,242
7887,242
7888,242
7889,242
7890,241
7891,241
7892,242
7893,242
7894,242
7895,242
7896,242
7897,242
7898,242
7899,241
7900,241
7901,241
7902,241
7903,242
7904,242
7905,241
7906,242
7907,242
7908,241
7909,242
7910,241
7911,241
7912,241
7913,241
7914,242
7915,242
7916,241
7917,241
7918,241
7919,241
7920,242
7921,242
7922,242
7923,242
7924,242
7925,242
7926,242
7927,242
7928,242
7929,242
7930,242
7931,242
7932,242
7933,242
7934,242
7935,243
7936,242
7937,243
7938,243
7939,243
7940,243
7941,243
7942,243
7943,243
7944,243
7945,243
7946,243
7947,243
7948,243
7949,243
7950,243
7951,243
7952,243
7953,243
7954,243
7955,243
7956,243
7957,243
7958,243
7959,243
7960,244
7961,244
7962,244
7963,244
7964,244
7965,244
7966,244
7967,244
7968,244
7969,244
7970,244
7971,244
7972,244
7973,244
7974,244
7975,244
7976,244
7977,244
7978,244
7979,244
7980,244
7981,244
7982,244
7983,244
7984,244
7985,244
7986,244
7987,244
7988,244
7989,245
7990,244
7991,244
7992,244
7993,244
7994,244
7995,244
7996,244
7997,244
7998,244
7999,244
8000,244
8001,244
8002,244
8003,244
8004,244
8005,244
8006,244
8007,244
8008,244
8009,244
8010,244
8011,244
8012,244
8013,244
8014,244
8015,244
8016,244
8017,244
8018,244
8019,244
8020,244
8021,244
8022,244
8023,244
8024,244
8025,244
8026,244
8027,244
8028,244
8029,244
8030,244
8031,244
8032,244
8033,244
8034,244
8035,244
8036,244
8037,245
8038,245
8039,245
8040,245
8041,245
8042,245
8043,245
8044,245
8045,245
8046,245
8047,245
8048,244
8049,244
8050,244
8051,245
8052,244
8053,245
8054,245
8055,245
8056,245
8057,245
8058,245
8059,245
8060,245
8061,244
8062,244
8063,244
8064,244
8065,244
8066,244
8067,245
8068,245
8069,245
8070,245
8071,245
8072,245
8073,245
8074,245
8075,245
8076,245
8077,245
8078,245
8079,245
8080,245
8081,245
8082,245
8083,245
8084,245
8085,245
8086,245
8087,245
8088,245
8089,245
8090,245
8091,245
8092,245
8093,245
8094,245
8095,245
8096,245
8097,245
8098,245
8099,245
8100,246
8101,245
8102,245
8103,245
8104,246
8105,245
8106,246
8107,245
8108,245
8109,245
8110,245
8111,245
8112,245
8113,245
8114,245
8115,245
8116,245
8117,246
8118,246
8119,246
8120,246
8121,246
8122,246
8123,246
8124,246
8125,246
8126,246
8127,246
8128,246
8129,247
8130,246
8131,246
8132,246
8133,247
8134,247
8135,246
8136,246
8137,247
8138,247
8139,247
8140,247
8141,247
8142,247
8143,247
8144,247
8145,247
8146,247
8147,247
8148,247
8149,247
8150,247
8151,247
8152,247
8153,247
8154,247
8155,247
8156,247
8157,247
8158,247
8159,247
8160,247
8161,247
8162,247
8163,247
8164,247
8165,247
8166,247
8167,247
8168,247
8169,247
8170,247
8171,247
8172,247
8173,247
8174,247
8175,247
8176,247
8177,247
8178,247
8179,247
8180,247
8181,247
8182,247
8183,247
8184,247
8185,247
8186,247
8187,247
8188,247
8189,247
8190,247
8191,247
8192,247
8193,247
8194,247
8195,247
8196,247
8197,247
8198,247
8199,247
8200,247
8201,247
8202,247
8203,247
8204,247
8205,247
8206,247
8207,247
8208,248
8209,248
8210,248
8211,247
8212,248
8213,248
8214,248
8215,248
8216,248
8217,248
8218,248
8219,248
8220,248
8221,248
8222,248
8223,248
8224,248
8225,248
8226,248
8227,248
8228,248
8229,248
8230,248
8231,248
8232,248
8233,248
8234,248
8235,248
8236,248
8237,248
8238,248
8239,248
8240,248
8241,248
8242,248
8243,248
8244,248
8245,248
8246,248
8247,248
8248,248
8249,248
8250,248
8251,248
8252,248
8253,248
8254,248
8255,248
8256,248
8257,248
8258,248
8259,248
8260,248
8261,248
8262,248
8263,248
8264,248
8265,248
8266,248
8267,248
8268,248
8269,248
8270,248
8271,248
8272,248
8273,248
8274,248
8275,248
8276,248
8277,248
8278,248
8279,248
8280,248
8281,248
8282,248
8283,248
8284,248
8285,248
8286,248
8287,248
8288,248
8289,247
8290,247
8291,248
8292,248
8293,248
8294,248
8295,248
8296,248
8297,248
8298,248
8299,248
8300,248
8301,248
8302,248
8303,249
8304,249
8305,249
8306,249
8307,249
8308,249
8309,249
8310,248
8311,248
8312,249
8313,248
8314,248
8315,248
8316,248
8317,248
8318,248
8319,248
8320,248
8321,248
8322,248
8323,249
8324,249
8325,249
8326,249
8327,249
8328,249
8329,249
8330,249
8331,249
8332,249
8333,249
8334,249
8335,249
8336,249
8337,249
8338,249
8339,250
8340,250
8341,250
8342,250
8343,250
8344,250
8345,250
8346,250
8347,250
8348,250
8349,250
8350,250
8351,250
8352,250
8353,250
8354,250
8355,250
8356,250
8357,251
8358,251
8359,250
8360,250
8361,250
8362,251
8363,251
8364,251
8365,251
8366,251
8367,251
8368,251
8369,251
8370,251
8371,251
8372,251
8373,251
8374,251
8375,251
8376,251
8377,251
8378,251
8379,251
8380,251
8381,251
8382,251
8383,251
8384,251
8385,251
8386,251
8387,251
8388,251
8389,252
8390,252
8391,252
8392,251
8393,251
8394,251
8395,251
8396,251
8397,251
8398,251
8399,251
8400,251
8401,251
8402,251
8403,251
8404,251
8405,251
8406,251
8407,251
8408,251
8409,251
8410,251
8411,251
8412,251
8413,251
8414,251
8415,251
8416,251
8417,251
8418,251
8419,251
8420,251
8421,251
8422,251
8423,251
8424,251
8425,251
8426,251
8427,251
8428,251
8429,251
8430,251
8431,251
8432,251
8433,251
8434,251
8435,251
8436,251
8437,252
8438,251
8439,252
8440,252
8441,252
8442,251
8443,252
8444,251
8445,251
8446,251
8447,252
8448,252
8449,252
8450,252
8451,252
8452,252
8453,252
8454,252
8455,252
8456,252
8457,252
8458,252
8459,252
8460,252
8461,252
8462,252
8463,252
8464,253
8465,253
8466,253
8467,253
8468,253
8469,253
8470,252
8471,252
8472,252
8473,252
8474,252
8475,252
8476,252
8477,252
8478,253
8479,253
8480,253
8481,252
8482,253
8483,252
8484,253
8485,253
8486,253
8487,252
8488,252
8489,252
8490,253
8491,253
8492,253
8493,252
8494,253
8495,252
8496,253
8497,252
8498,252
8499,252
8500,252
8501,252
8502,252
8503,252
8504,253
8505,253
8506,253
8507,253
8508,253
8509,253
8510,253
8511,253
8512,253
8513,253
8514,253
8515,253
8516,253
8517,253
8518,253
8519,253
8520,253
8521,253
8522,253
8523,253
8524,253
8525,253
8526,253
8527,253
8528,253
8529,253
8530,253
8531,253
8532,253
8533,253
8534,253
8535,253
8536,253
8537,253
8538,253
8539,253
8540,253
8541,253
8542,253
8543,253
8544,253
8545,253
8546,253
8547,253
8548,253
8549,253
8550,253
8551,253
8552,253
8553,254
8554,254
8555,254
8556,253
8557,253
8558,253
8559,253
8560,253
8561,253
8562,253
8563,253
8564,253
8565,253
8566,253
8567,254
8568,254
8569,254
8570,254
8571,254
8572,254
8573,254
8574,254
8575,254
8576,253
8577,253
8578,253
8579,253
8580,253
8581,253
8582,253
8583,253
8584,253
8585,254
8586,254
8587,254
8588,254
8589,254
8590,254
8591,254
8592,254
8593,254
8594,254
8595,254
8596,254
8597,254
8598,254
8599,254
8600,254
8601,254
8602,254
8603,254
8604,254
8605,254
8606,254
8607,254
8608,254
8609,254
8610,254
8611,254
8612,254
8613,254
8614,254
8615,254
8616,254
8617,254
8618,254
8619,254
8620,254
8621,254
8622,254
8623,254
8624,254
8625,254
8626,254
8627,254
8628,254
8629,254
8630,254
8631,254
8632,254
8633,254
8634,254
8635,254
8636,254
8637,254
8638,254
8639,254
8640,254
8641,254
8642,254
8643,254
8644,254
8645,254
8646,254
8647,254
8648,254
8649,254
8650,254
8651,254
8652,254
8653,254
8654,254
8655,254
8656,254
8657,254
8658,254
8659,254
8660,254
8661,254
8662,254
8663,254
8664,254
8665,254
8666,254
8667,254
8668,254
8669,254
8670,254
8671,254
8672,254
8673,254
8674,254
8675,254
8676,254
8677,254
8678,254
8679,254
8680,254
8681,254
8682,254
8683,254
8684,254
8685,254
8686,254
8687,254
8688,254
8689,254
8690,254
8691,254
8692,254
8693,254
8694,254
8695,254
8696,254
8697,254
8698,254
8699,254
8700,254
8701,254
8702,254
8703,254
8704,254
8705,254
8706,254
8707,254
8708,254
8709,254
8710,254
8711,254
8712,254
8713,255
8714,254
8715,254
8716,255
8717,254
8718,255
8719,254
8720,254
8721,254
8722,255
8723,255
8724,255
8725,255
8726,255
8727,255
8728,255
8729,255
8730,255
8731,255
8732,255
8733,255
8734,255
8735,255
8736,255
8737,255
8738,255
8739,255
8740,255
8741,255
8742,255
8743,255
8744,255
8745,255
8746,255
8747,255
8748,255
8749,255
8750,255
8751,255
8752,255
8753,255
8754,255
8755,255
8756,255
8757,255
8758,255
8759,255
8760,255
8761,255
8762,255
8763,255
8764,255
8765,255
8766,255
8767,255
8768,255
8769,255
8770,255
8771,255
8772,255
8773,255
8774,255
8775,255
8776,255
8777,255
8778,255
8779,255
8780,255
8781,255
8782,255
8783,255
8784,255
8785,255
8786,255
8787,255
8788,255
8789,255
8790,255
8791,255
8792,255
8793,255
8794,255
8795,255
8796,255
8797,254
8798,254
8799,254
8800,254
8801,254
8802,254
8803,254
8804,254
8805,254
8806,254
8807,254
8808,254
8809,254
8810,254
8811,254
8812,254
8813,255
8814,255
8815,255
8816,255
8817,255
8818,255
8819,255
8820,255
8821,255
8822,255
8823,256
8824,256
8825,255
8826,256
8827,256
8828,255
8829,255
8830,255
8831,255
8832,255
8833,255
8834,255
8835,255
8836,255
8837,255
8838,255
8839,255
8840,255
8841,255
8842,256
8843,255
8844,256
8845,256
8846,256
8847,256
8848,256
8849,256
8850,256
8851,256
8852,256
8853,256
8854,256
8855,256
8856,257
8857,256
8858,256
8859,256
8860,256
8861,256
8862,256
8863,256
8864,256
8865,256
8866,257
8867,257
8868,257
8869,257
8870,257
8871,257
8872,257
8873,257
8874,257
8875,256
8876,257
8877,257
8878,257
8879,257
8880,257
8881,257
8882,257
8883,257
8884,257
8885,257
8886,257
8887,257
8888,257
8889,257
8890,257
8891,257
8892,257
8893,257
8894,257
8895,257
8896,257
8897,257
8898,257
8899,257
8900,257
8901,257
8902,257
8903,257
8904,257
8905,257
8906,257
8907,257
8908,257
8909,257
8910,256
8911,257
8912,257
8913,257
8914,257
8915,257
8916,257
8917,257
8918,257
8919,257
8920,257
8921,257
8922,257
8923,257
8924,257
8925,257
8926,257
8927,257
8928,257
8929,257
8930,257
8931,257
8932,257
8933,257
8934,257
8935,257
8936,257
8937,257
8938,257
8939,257
8940,257
8941,257
8942,257
8943,257
8944,258
8945,258
8946,258
8947,258
8948,258
8949,258
8950,258
8951,258
8952,258
8953,258
8954,258
8955,258
8956,258
8957,258
8958,258
8959,258
8960,258
8961,258
8962,258
8963,257
8964,257
8965,257
8966,257
8967,257
8968,257
8969,257
8970,257
8971,257
8972,257
8973,257
8974,257
8975,257
8976,257
8977,257
8978,257
8979,258
8980,257
8981,258
8982,257
8983,257
8984,258
8985,258
8986,258
8987,257
8988,257
8989,257
8990,257
8991,257
8992,257
8993,257
8994,258
8995,257
8996,258
8997,258
8998,258
8999,258
9000,258
9001,258
9002,258
9003,258
9004,258
9005,258
9006,258
9007,258
9008,258
9009,258
9010,258
9011,258
9012,258
9013,258
9014,258
9015,258
9016,258
9017,258
9018,258
9019,258
9020,258
9021,258
9022,258
9023,258
9024,258
9025,258
9026,258
9027,258
9028,258
9029,258
9030,258
9031,258
9032,258
9033,258
9034,258
9035,258
9036,258
9037,258
9038,259
9039,258
9040,259
9041,259
9042,259
9043,259
9044,259
9045,259
9046,258
9047,259
9048,259
9049,259
9050,259
9051,259
9052,259
9053,259
9054,259
9055,259
9056,258
9057,258
9058,258
9059,258
9060,258
9061,258
9062,259
9063,258
9064,258
9065,258
9066,258
9067,258
9068,258
9069,258
9070,258
9071,259
9072,259
9073,258
9074,258
9075,259
9076,259
9077,259
9078,259
9079,259
9080,259
9081,259
9082,259
9083,259
9084,259
9085,259
9086,259
9087,259
9088,259
9089,259
9090,259
9091,259
9092,259
9093,259
9094,259
9095,259
9096,259
9097,259
9098,259
9099,259
9100,259
9101,259
9102,259
9103,259
9104,259
9105,259
9106,259
9107,259
9108,259
9109,259
9110,260
9111,260
9112,260
9113,260
9114,260
9115,260
9116,260
9117,260
9118,260
9119,260
9120,260
9121,261
9122,261
9123,261
9124,261
9125,261
9126,261
9127,261
9128,261
9129,261
9130,261
9131,261
9132,261
9133,261
9134,261
9135,261
9136,261
9137,261
9138,261
9139,261
9140,261
9141,261
9142,261
9143,261
9144,261
9145,261
9146,261
9147,261
9148,261
9149,261
9150,261
9151,261
9152,261
9153,261
9154,261
9155,261
9156,261
9157,261
9158,261
9159,261
9160,261
9161,261
9162,261
9163,261
9164,261
9165,261
9166,261
9167,261
9168,261
9169,261
9170,261
9171,261
9172,261
9173,261
9174,261
9175,261
9176,261
9177,261
9178,261
9179,261
9180,261
9181,261
9182,261
9183,261
9184,261
9185,261
9186,261
9187,261
9188,261
9189,261
9190,261
9191,261
9192,261
9193,261
9194,261
9195,261
9196,261
9197,261
9198,261
9199,261
9200,261
9201,261
9202,261
9203,261
9204,261
9205,261
9206,261
9207,261
9208,261
9209,261
9210,261
9211,261
9212,261
9213,261
9214,261
9215,261
9216,261
9217,261
9218,261
9219,261
9220,261
9221,261
9222,261
9223,261
9224,261
9225,261
9226,261
9227,261
9228,261
9229,261
9230,261
9231,261
9232,261
9233,261
9234,261
9235,261
9236,261
9237,261
9238,261
9239,261
9240,261
9241,262
9242,262
9243,261
9244,262
9245,262
9246,262
9247,262
9248,262
9249,262
9250,262
9251,262
9252,262
9253,262
9254,262
9255,262
9256,262
9257,262
9258,262
9259,262
9260,262
9261,262
9262,262
9263,262
9264,262
9265,262
9266,262
9267,262
9268,262
9269,261
9270,262
9271,262
9272,262
9273,262
9274,262
9275,262
9276,262
9277,262
9278,262
9279,261
9280,261
9281,261
9282,261
9283,261
9284,261
9285,261
9286,261
9287,261
9288,261
9289,261
9290,261
9291,261
9292,261
9293,261
9294,261
9295,261
9296,261
9297,261
9298,261
9299,261
9300,261
9301,260
9302,260
9303,260
9304,260
9305,260
9306,260
9307,260
9308,260
9309,260
9310,260
9311,260
9312,260
9313,260
9314,260
9315,260
9316,260
9317,261
9318,261
9319,261
9320,261
9321,261
9322,261
9323,261
9324,261
9325,261
9326,261
9327,261
9328,260
9329,260
9330,260
9331,260
9332,260
9333,260
9334,260
9335,260
9336,260
9337,260
9338,260
9339,260
9340,260
9341,260
9342,260
9343,260
9344,260
9345,260
9346,260
9347,260
9348,260
9349,260
9350,260
9351,260
9352,260
9353,260
9354,260
9355,260
9356,260
9357,260
9358,260
9359,261
9360,260
9361,260
9362,260
9363,260
9364,260
9365,260
9366,260
9367,260
9368,260
9369,260
9370,260
9371,260
9372,260
9373,260
9374,260
9375,260
9376,260
9377,260
9378,260
9379,260
9380,260
9381,260
9382,260
9383,260
9384,260
9385,260
9386,260
9387,260
9388,260
9389,260
9390,260
9391,260
9392,260
9393,260
9394,261
9395,261
9396,261
9397,261
9398,261
9399,261
9400,261
9401,261
9402,261
9403,261
9404,261
9405,261
9406,261
9407,262
9408,261
9409,262
9410,262
9411,262
9412,261
9413,261
9414,261
9415,261
9416,261
9417,261
9418,261
9419,261
9420,261
9421,261
9422,261
9423,261
9424,261
9425,261
9426,261
9427,261
9428,261
9429,261
9430,261
9431,262
9432,262
9433,262
9434,261
9435,262
9436,262
9437,262
9438,262
9439,262
9440,262
9441,262
9442,262
9443,262
9444,262
9445,262
9446,262
9447,262
9448,262
9449,262
9450,262
9451,262
9452,262
9453,262
9454,262
9455,262
9456,262
9457,262
9458,263
9459,263
9460,263
9461,263
9462,262
9463,263
9464,262
9465,262
9466,262
9467,263
9468,263
9469,263
9470,263
9471,263
9472,263
9473,263
9474,263
9475,263
9476,263
9477,263
9478,263
9479,263
9480,263
9481,263
9482,263
9483,263
9484,263
9485,263
9486,263
9487,264
9488,263
9489,263
9490,264
9491,263
9492,264
9493,263
9494,263
9495,263
9496,263
9497,263
9498,264
9499,264
9500,264
9501,264
9502,264
9503,264
9504,263
9505,263
9506,263
9507,263
9508,263
9509,263
9510,263
9511,263
9512,263
9513,263
9514,264
9515,264
9516,264
9517,264
9518,264
9519,264
9520,264
9521,264
9522,264
9523,264
9524,264
9525,264
9526,264
9527,264
9528,264
9529,264
9530,264
9531,264
9532,264
9533,264
9534,264
9535,264
9536,263
9537,264
9538,263
9539,263
9540,263
9541,263
9542,263
9543,263
9544,263
9545,263
9546,263
9547,264
9548,263
9549,263
9550,263
9551,263
9552,263
9553,263
9554,263
9555,263
9556,263
9557,263
9558,263
9559,263
9560,263
9561,263
9562,263
9563,263
9564,263
9565,263
9566,264
9567,264
9568,264
9569,264
9570,264
9571,264
9572,264
9573,264
9574,264
9575,264
9576,263
9577,263
9578,264
9579,263
9580,264
9581,264
9582,264
9583,263
9584,264
9585,264
9586,264
9587,264
9588,263
9589,263
9590,263
9591,263
9592,263
9593,263
9594,264
9595,264
9596,264
9597,264
9598,264
9599,264
9600,264
9601,264
9602,264
9603,264
9604,264
9605,264
9606,264
9607,264
9608,264
9609,265
9610,265
9611,265
9612,265
9613,265
9614,265
9615,265
9616,265
9617,265
9618,266
9619,265
9620,266
9621,265
9622,266
9623,266
9624,266
9625,265
9626,265
9627,265
9628,265
9629,265
9630,265
9631,265
9632,266
9633,266
9634,266
9635,266
9636,266
9637,266
9638,266
9639,266
9640,266
9641,266
9642,266
9643,266
9644,266
9645,266
9646,266
9647,266
9648,266
9649,266
9650,266
9651,266
9652,266
9653,266
9654,266
9655,267
9656,267
9657,267
9658,267
9659,267
9660,267
9661,267
9662,267
9663,267
9664,267
9665,267
9666,267
9667,267
9668,267
9669,267
9670,267
9671,267
9672,267
9673,267
9674,267
9675,267
9676,267
9677,267
9678,268
9679,267
9680,268
9681,268
9682,268
9683,268
9684,268
9685,268
9686,268
9687,268
9688,268
9689,268
9690,268
9691,268
9692,268
9693,268
9694,268
9695,268
9696,268
9697,268
9698,268
9699,268
9700,268
9701,268
9702,268
9703,268
9704,268
9705,268
9706,268
9707,268
9708,267
9709,267
9710,267
9711,267
9712,268
9713,268
9714,268
9715,268
9716,267
9717,267
9718,267
9719,267
9720,267
9721,267
9722,267
9723,267
9724,266
9725,266
9726,267
9727,267
9728,267
9729,267
9730,267
9731,267
9732,267
9733,268
9734,268
9735,268
9736,268
9737,268
9738,268
9739,267
9740,267
9741,267
9742,268
9743,267
9744,268
9745,268
9746,268
9747,268
9748,268
9749,267
9750,267
9751,268
9752,268
9753,268
9754,268
9755,268
9756,268
9757,268
9758,268
9759,268
9760,268
9761,268
9762,268
9763,268
9764,268
9765,268
9766,268
9767,268
9768,268
9769,268
9770,268
9771,267
9772,267
9773,268
9774,268
9775,268
9776,268
9777,268
9778,268
9779,268
9780,268
9781,268
9782,268
9783,268
9784,268
9785,268
9786,268
9787,268
9788,268
9789,268
9790,268
9791,268
9792,268
9793,268
9794,268
9795,268
9796,269
9797,269
9798,269
9799,269
9800,269
9801,269
9802,270
9803,270
9804,270
9805,270
9806,270
9807,270
9808,270
9809,270
9810,270
9811,270
9812,270
9813,270
9814,270
9815,270
9816,270
9817,270
9818,270
9819,270
9820,270
9821,270
9822,270
9823,270
9824,270
9825,270
9826,270
9827,270
9828,270
9829,270
9830,270
9831,270
9832,270
9833,270
9834,270
9835,270
9836,270
9837,270
9838,270
9839,271
9840,271
9841,271
9842,271
9843,271
9844,271
9845,271
9846,271
9847,271
9848,271
9849,271
9850,271
9851,271
9852,271
9853,271
9854,271
9855,271
9856,271
9857,271
9858,271
9859,271
9860,271
9861,271
9862,271
9863,271
9864,271
9865,271
9866,271
9867,271
9868,271
9869,271
9870,271
9871,271
9872,271
9873,271
9874,271
9875,271
9876,271
9877,271
9878,271
9879,271
9880,271
9881,271
9882,271
9883,271
9884,271
9885,271
9886,271
9887,271
9888,271
9889,271
9890,271
9891,271
9892,271
9893,271
9894,271
9895,271
9896,271
9897,271
9898,271
9899,271
9900,271
9901,271
9902,272
9903,271
9904,271
9905,271
9906,271
9907,271
9908,271
9909,271
9910,271
9911,271
9912,271
9913,271
9914,271
9915,271
9916,271
9917,271
9918,271
9919,271
9920,271
9921,271
9922,271
9923,271
9924,271
9925,271
9926,271
9927,271
9928,271
9929,271
9930,271
9931,271
9932,271
9933,271
9934,271
9935,271
9936,271
9937,271
9938,271
9939,271
9940,271
9941,272
9942,272
9943,272
9944,272
9945,272
9946,272
9947,272
9948,272
9949,272
9950,272
9951,272
9952,272
9953,272
9954,272
9955,272
9956,272
9957,272
9958,272
9959,272
9960,272
9961,272
9962,272
9963,272
9964,272
9965,272
9966,272
9967,272
9968,272
9969,272
9970,272
9971,272
9972,272
9973,272
9974,272
9975,272
9976,272
9977,272
9978,272
9979,272
9980,272
9981,272
9982,272
9983,272
9984,272
9985,272
9986,272
9987,272
9988,272
9989,272
9990,272
9991,272
9992,272
9993,272
9994,272
9995,272
9996,272
9997,272
9998,272
9999,272
