0,149
1,149
2,149
3,150
4,150
5,150
6,150
7,150
8,150
9,150
10,150
11,150
12,150
13,150
14,150
15,150
16,150
17,150
18,150
19,150
20,150
21,150
22,150
23,150
24,150
25,150
26,150
27,150
28,150
29,150
30,150
31,150
32,150
33,150
34,150
35,150
36,150
37,150
38,150
39,150
40,150
41,150
42,150
43,150
44,150
45,151
46,151
47,151
48,150
49,151
50,151
51,151
52,150
53,150
54,150
55,150
56,150
57,150
58,150
59,150
60,150
61,150
62,150
63,150
64,150
65,150
66,150
67,150
68,150
69,150
70,150
71,150
72,150
73,150
74,150
75,150
76,150
77,150
78,150
79,150
80,150
81,150
82,150
83,150
84,150
85,150
86,150
87,150
88,150
89,150
90,150
91,150
92,150
93,150
94,150
95,150
96,150
97,150
98,150
99,150
100,150
101,150
102,151
103,151
104,151
105,150
106,150
107,150
108,150
109,150
110,150
111,150
112,150
113,151
114,151
115,151
116,151
117,151
118,151
119,151
120,151
121,151
122,151
123,151
124,151
125,151
126,151
127,151
128,151
129,151
130,151
131,151
132,151
133,151
134,151
135,151
136,151
137,151
138,151
139,151
140,151
141,151
142,151
143,151
144,151
145,151
146,151
147,151
148,151
149,151
150,151
151,151
152,151
153,151
154,151
155,151
156,151
157,151
158,151
159,151
160,151
161,151
162,151
163,151
164,151
165,151
166,151
167,151
168,151
169,151
170,151
171,151
172,151
173,151
174,151
175,151
176,151
177,151
178,151
179,151
180,151
181,151
182,151
183,151
184,151
185,151
186,151
187,151
188,150
189,150
190,150
191,150
192,150
193,150
194,150
195,150
196,151
197,151
198,151
199,151
200,151
201,151
202,151
203,151
204,151
205,151
206,151
207,151
208,151
209,151
210,151
211,151
212,151
213,151
214,151
215,151
216,151
217,151
218,151
219,151
220,152
221,151
222,151
223,151
224,151
225,151
226,151
227,151
228,151
229,151
230,151
231,151
232,151
233,151
234,151
235,151
236,151
237,151
238,151
239,151
240,151
241,151
242,151
243,151
244,151
245,151
246,151
247,151
248,151
249,152
250,152
251,152
252,152
253,152
254,152
255,152
256,152
257,152
258,152
259,152
260,152
261,152
262,152
263,152
264,152
265,152
266,152
267,152
268,152
269,152
270,152
271,152
272,152
273,152
274,152
275,152
276,152
277,152
278,152
279,152
280,152
281,152
282,152
283,152
284,152
285,152
286,152
287,153
288,153
289,153
290,153
291,153
292,153
293,153
294,153
295,153
296,153
297,153
298,153
299,153
300,153
301,153
302,153
303,153
304,152
305,153
306,153
307,152
308,152
309,152
310,152
311,152
312,152
313,152
314,152
315,152
316,152
317,152
318,152
319,152
320,152
321,152
322,152
323,152
324,152
325,152
326,152
327,152
328,152
329,152
330,152
331,152
332,152
333,152
334,152
335,152
336,152
337,152
338,152
339,152
340,152
341,152
342,153
343,153
344,153
345,153
346,153
347,153
348,153
349,153
350,153
351,153
352,153
353,153
354,153
355,153
356,153
357,153
358,153
359,153
360,153
361,153
362,153
363,153
364,153
365,153
366,153
367,153
368,153
369,153
370,153
371,153
372,152
373,152
374,152
375,152
376,152
377,152
378,152
379,152
380,153
381,153
382,153
383,153
384,153
385,153
386,153
387,153
388,153
389,153
390,153
391,153
392,153
393,153
394,153
395,153
396,153
397,153
398,153
399,154
400,154
401,154
402,154
403,154
404,154
405,154
406,154
407,154
408,154
409,154
410,154
411,154
412,154
413,154
414,154
415,154
416,154
417,154
418,154
419,154
420,154
421,154
422,154
423,154
424,154
425,154
426,154
427,154
428,154
429,154
430,154
431,154
432,154
433,154
434,154
435,154
436,154
437,154
438,154
439,154
440,154
441,154
442,154
443,154
444,154
445,154
446,154
447,155
448,155
449,155
450,155
451,155
452,155
453,155
454,155
455,155
456,155
457,155
458,155
459,155
460,155
461,155
462,155
463,155
464,155
465,155
466,155
467,155
468,155
469,155
470,155
471,155
472,155
473,155
474,155
475,155
476,155
477,155
478,155
479,155
480,155
481,155
482,155
483,155
484,155
485,155
486,155
487,155
488,155
489,155
490,155
491,155
492,155
493,155
494,155
495,155
496,155
497,155
498,155
499,155
500,155
501,155
502,155
503,155
504,155
505,155
506,155
507,155
508,155
509,155
510,155
511,155
512,155
513,155
514,155
515,155
516,155
517,155
518,155
519,155
520,155
521,155
522,155
523,154
524,154
525,154
526,154
527,154
528,154
529,154
530,154
531,154
532,153
533,153
534,153
535,153
536,153
537,153
538,153
539,154
540,153
541,153
542,154
543,154
544,154
545,154
546,154
547,154
548,154
549,154
550,154
551,154
552,154
553,154
554,154
555,154
556,154
557,154
558,154
559,154
560,154
561,154
562,154
563,154
564,154
565,154
566,154
567,154
568,154
569,154
570,154
571,154
572,154
573,154
574,154
575,154
576,154
577,154
578,154
579,154
580,154
581,154
582,154
583,154
584,154
585,154
586,154
587,154
588,154
589,154
590,154
591,154
592,154
593,154
594,154
595,154
596,154
597,154
598,154
599,154
600,154
601,154
602,154
603,154
604,154
605,154
606,154
607,154
608,154
609,154
610,154
611,154
612,154
613,154
614,154
615,154
616,154
617,154
618,154
619,154
620,154
621,154
622,154
623,154
624,154
625,154
626,154
627,154
628,154
629,154
630,154
631,154
632,154
633,154
634,154
635,154
636,154
637,154
638,154
639,154
640,154
641,154
642,154
643,155
644,155
645,155
646,155
647,155
648,155
649,155
650,155
651,155
652,155
653,155
654,155
655,155
656,154
657,155
658,155
659,155
660,155
661,155
662,155
663,155
664,155
665,155
666,155
667,155
668,155
669,155
670,155
671,155
672,155
673,155
674,155
675,155
676,156
677,156
678,155
679,155
680,155
681,155
682,155
683,155
684,155
685,155
686,155
687,155
688,155
689,156
690,156
691,156
692,156
693,156
694,156
695,156
696,156
697,156
698,156
699,156
700,156
701,156
702,156
703,156
704,156
705,156
706,156
707,156
708,156
709,156
710,156
711,156
712,156
713,156
714,156
715,156
716,156
717,157
718,156
719,156
720,156
721,156
722,156
723,156
724,156
725,156
726,156
727,156
728,156
729,156
730,156
731,156
732,156
733,156
734,156
735,156
736,156
737,156
738,157
739,156
740,156
741,156
742,156
743,156
744,156
745,156
746,156
747,156
748,156
749,156
750,156
751,156
752,157
753,156
754,157
755,157
756,157
757,157
758,157
759,157
760,157
761,157
762,157
763,157
764,157
765,157
766,157
767,157
768,157
769,157
770,157
771,157
772,157
773,157
774,157
775,157
776,157
777,157
778,157
779,157
780,157
781,157
782,157
783,157
784,157
785,157
786,157
787,157
788,157
789,157
790,157
791,157
792,157
793,157
794,156
795,157
796,157
797,157
798,157
799,157
800,157
801,157
802,157
803,157
804,157
805,156
806,157
807,157
808,156
809,157
810,157
811,157
812,157
813,156
814,156
815,156
816,156
817,157
818,157
819,157
820,157
821,157
822,157
823,157
824,157
825,157
826,157
827,157
828,157
829,157
830,157
831,158
832,158
833,157
834,158
835,157
836,157
837,157
838,157
839,157
840,157
841,157
842,157
843,157
844,157
845,157
846,157
847,157
848,157
849,158
850,157
851,158
852,158
853,158
854,158
855,158
856,158
857,157
858,158
859,158
860,158
861,158
862,158
863,158
864,158
865,158
866,158
867,158
868,158
869,158
870,158
871,158
872,158
873,158
874,158
875,158
876,158
877,158
878,158
879,158
880,158
881,158
882,158
883,158
884,158
885,158
886,158
887,158
888,158
889,158
890,158
891,158
892,158
893,158
894,158
895,159
896,159
897,159
898,159
899,159
900,159
901,159
902,159
903,159
904,159
905,159
906,159
907,159
908,159
909,159
910,159
911,159
912,159
913,159
914,159
915,159
916,159
917,159
918,159
919,159
920,159
921,159
922,159
923,159
924,159
925,159
926,159
927,159
928,159
929,159
930,159
931,159
932,159
933,159
934,159
935,159
936,159
937,158
938,159
939,159
940,159
941,159
942,159
943,158
944,158
945,159
946,159
947,159
948,159
949,159
950,159
951,159
952,159
953,159
954,159
955,159
956,159
957,159
958,159
959,159
960,159
961,159
962,159
963,160
964,159
965,160
966,160
967,160
968,160
969,160
970,160
971,160
972,160
973,160
974,160
975,160
976,160
977,160
978,160
979,161
980,161
981,161
982,161
983,161
984,161
985,161
986,161
987,161
988,161
989,161
990,161
991,161
992,161
993,161
994,161
995,161
996,161
997,161
998,161
999,161
1000,161
1001,161
1002,161
1003,161
1004,161
1005,161
1006,161
1007,161
1008,161
1009,161
1010,161
1011,161
1012,161
1013,161
1014,161
1015,161
1016,161
1017,161
1018,161
1019,162
1020,162
1021,162
1022,162
1023,162
1024,162
1025,162
1026,161
1027,162
1028,162
1029,161
1030,162
1031,161
1032,161
1033,162
1034,161
1035,161
1036,161
1037,162
1038,162
1039,162
1040,162
1041,162
1042,161
1043,162
1044,162
1045,162
1046,162
1047,161
1048,161
1049,161
1050,161
1051,162
1052,161
1053,161
1054,162
1055,162
1056,162
1057,162
1058,162
1059,162
1060,162
1061,162
1062,162
1063,162
1064,162
1065,162
1066,162
1067,162
1068,162
1069,162
1070,162
1071,162
1072,162
1073,162
1074,162
1075,162
1076,163
1077,162
1078,163
1079,163
1080,163
1081,163
1082,163
1083,163
1084,163
1085,163
1086,163
1087,163
1088,163
1089,163
1090,163
1091,162
1092,163
1093,163
1094,163
1095,163
1096,163
1097,163
1098,163
1099,163
1100,163
1101,163
1102,163
1103,163
1104,163
1105,163
1106,163
1107,163
1108,163
1109,163
1110,163
1111,163
1112,163
1113,163
1114,163
1115,163
1116,163
1117,163
1118,163
1119,163
1120,163
1121,163
1122,163
1123,163
1124,163
1125,163
1126,163
1127,163
1128,163
1129,163
1130,163
1131,163
1132,163
1133,163
1134,163
1135,163
1136,163
1137,163
1138,163
1139,163
1140,163
1141,163
1142,163
1143,163
1144,163
1145,163
1146,163
1147,164
1148,164
1149,164
1150,164
1151,164
1152,164
1153,164
1154,164
1155,164
1156,164
1157,164
1158,164
1159,164
1160,164
1161,164
1162,164
1163,164
1164,164
1165,164
1166,164
1167,164
1168,164
1169,164
1170,164
1171,164
1172,164
1173,164
1174,164
1175,164
1176,164
1177,164
1178,164
1179,164
1180,163
1181,164
1182,163
1183,163
1184,163
1185,163
1186,163
1187,163
1188,163
1189,163
1190,163
1191,163
1192,163
1193,163
1194,163
1195,163
1196,163
1197,163
1198,163
1199,163
1200,163
1201,163
1202,163
1203,163
1204,163
1205,163
1206,163
1207,163
1208,163
1209,163
1210,163
1211,163
1212,163
1213,163
1214,163
1215,163
1216,163
1217,164
1218,163
1219,163
1220,163
1221,163
1222,163
1223,163
1224,163
1225,164
1226,164
1227,164
1228,164
1229,164
1230,164
1231,164
1232,164
1233,164
1234,164
1235,163
1236,163
1237,163
1238,163
1239,163
1240,163
1241,163
1242,163
1243,163
1244,163
1245,163
1246,164
1247,164
1248,163
1249,164
1250,163
1251,163
1252,163
1253,163
1254,163
1255,163
1256,163
1257,164
1258,164
1259,164
1260,164
1261,163
1262,164
1263,163
1264,163
1265,164
1266,164
1267,164
1268,164
1269,164
1270,164
1271,164
1272,164
1273,164
1274,164
1275,164
1276,163
1277,163
1278,163
1279,163
1280,163
1281,163
1282,163
1283,163
1284,163
1285,163
1286,163
1287,163
1288,163
1289,163
1290,163
1291,162
1292,162
1293,162
1294,162
1295,163
1296,163
1297,163
1298,163
1299,162
1300,162
1301,162
1302,162
1303,162
1304,162
1305,162
1306,162
1307,162
1308,162
1309,162
1310,162
1311,162
1312,162
1313,162
1314,162
1315,162
1316,162
1317,162
1318,163
1319,163
1320,163
1321,163
1322,163
1323,162
1324,162
1325,162
1326,162
1327,162
1328,162
1329,162
1330,162
1331,162
1332,162
1333,162
1334,162
1335,162
1336,162
1337,162
1338,162
1339,162
1340,162
1341,162
1342,162
1343,162
1344,162
1345,162
1346,163
1347,162
1348,162
1349,162
1350,162
1351,162
1352,163
1353,163
1354,163
1355,163
1356,163
1357,163
1358,163
1359,162
1360,162
1361,162
1362,162
1363,162
1364,162
1365,162
1366,163
1367,163
1368,162
1369,163
1370,163
1371,163
1372,163
1373,163
1374,163
1375,163
1376,163
1377,163
1378,163
1379,163
1380,163
1381,163
1382,163
1383,163
1384,163
1385,163
1386,163
1387,163
1388,163
1389,163
1390,163
1391,164
1392,164
1393,164
1394,164
1395,164
1396,164
1397,164
1398,164
1399,164
1400,164
1401,164
1402,164
1403,165
1404,165
1405,165
1406,165
1407,165
1408,165
1409,165
1410,165
1411,165
1412,165
1413,165
1414,165
1415,165
1416,165
1417,166
1418,165
1419,166
1420,166
1421,166
1422,166
1423,166
1424,166
1425,166
1426,166
1427,166
1428,166
1429,166
1430,166
1431,166
1432,166
1433,166
1434,166
1435,165
1436,166
1437,165
1438,166
1439,166
1440,165
1441,165
1442,165
1443,165
1444,165
1445,165
1446,165
1447,166
1448,166
1449,166
1450,166
1451,166
1452,166
1453,166
1454,166
1455,166
1456,166
1457,166
1458,166
1459,167
1460,167
1461,167
1462,167
1463,167
1464,167
1465,167
1466,167
1467,167
1468,167
1469,167
1470,167
1471,167
1472,167
1473,167
1474,167
1475,167
1476,167
1477,167
1478,167
1479,167
1480,167
1481,168
1482,168
1483,168
1484,168
1485,168
1486,167
1487,167
1488,167
1489,167
1490,167
1491,167
1492,167
1493,167
1494,167
1495,167
1496,167
1497,167
1498,167
1499,168
1500,168
1501,168
1502,168
1503,168
1504,168
1505,168
1506,168
1507,168
1508,168
1509,168
1510,168
1511,168
1512,168
1513,168
1514,168
1515,168
1516,169
1517,169
1518,169
1519,169
1520,169
1521,169
1522,169
1523,169
1524,169
1525,169
1526,169
1527,169
1528,169
1529,169
1530,169
1531,169
1532,169
1533,169
1534,169
1535,169
1536,169
1537,169
1538,169
1539,170
1540,170
1541,170
1542,170
1543,170
1544,170
1545,170
1546,170
1547,170
1548,170
1549,170
1550,170
1551,170
1552,170
1553,170
1554,170
1555,170
1556,170
1557,170
1558,170
1559,170
1560,170
1561,170
1562,170
1563,170
1564,170
1565,170
1566,170
1567,170
1568,170
1569,170
1570,170
1571,170
1572,170
1573,170
1574,170
1575,170
1576,170
1577,170
1578,170
1579,170
1580,170
1581,170
1582,170
1583,170
1584,170
1585,170
1586,170
1587,170
1588,170
1589,170
1590,170
1591,170
1592,170
1593,170
1594,170
1595,170
1596,170
1597,170
1598,170
1599,170
1600,170
1601,170
1602,170
1603,170
1604,170
1605,170
1606,170
1607,170
1608,170
1609,170
1610,170
1611,170
1612,171
1613,171
1614,171
1615,171
1616,171
1617,171
1618,171
1619,171
1620,171
1621,171
1622,171
1623,171
1624,171
1625,171
1626,171
1627,171
1628,171
1629,171
1630,171
1631,171
1632,171
1633,171
1634,171
1635,171
1636,171
1637,171
1638,171
1639,171
1640,171
1641,171
1642,171
1643,171
1644,171
1645,171
1646,171
1647,171
1648,171
1649,171
1650,171
1651,171
1652,171
1653,170
1654,170
1655,170
1656,170
1657,170
1658,170
1659,170
1660,171
1661,170
1662,170
1663,171
1664,171
1665,170
1666,171
1667,171
1668,171
1669,171
1670,171
1671,171
1672,171
1673,171
1674,171
1675,171
1676,171
1677,171
1678,171
1679,171
1680,171
1681,171
1682,171
1683,171
1684,171
1685,172
1686,171
1687,172
1688,172
1689,172
1690,172
1691,171
1692,171
1693,171
1694,171
1695,171
1696,171
1697,171
1698,171
1699,171
1700,171
1701,171
1702,171
1703,171
1704,171
1705,171
1706,171
1707,171
1708,171
1709,171
1710,171
1711,171
1712,171
1713,171
1714,171
1715,171
1716,171
1717,171
1718,171
1719,171
1720,171
1721,171
1722,171
1723,171
1724,171
1725,171
1726,171
1727,171
1728,171
1729,171
1730,171
1731,171
1732,171
1733,171
1734,171
1735,171
1736,171
1737,171
1738,171
1739,171
1740,171
1741,171
1742,171
1743,171
1744,171
1745,171
1746,171
1747,171
1748,171
1749,171
1750,171
1751,171
1752,171
1753,171
1754,171
1755,171
1756,171
1757,171
1758,171
1759,171
1760,171
1761,171
1762,171
1763,171
1764,171
1765,171
1766,171
1767,171
1768,171
1769,171
1770,171
1771,171
1772,171
1773,171
1774,171
1775,171
1776,171
1777,171
1778,171
1779,171
1780,171
1781,171
1782,171
1783,171
1784,171
1785,171
1786,172
1787,172
1788,172
1789,172
1790,172
1791,172
1792,173
1793,173
1794,173
1795,173
1796,173
1797,173
1798,173
1799,173
1800,173
1801,173
1802,173
1803,173
1804,173
1805,174
1806,174
1807,174
1808,173
1809,173
1810,173
1811,173
1812,173
1813,173
1814,173
1815,174
1816,173
1817,174
1818,174
1819,173
1820,174
1821,174
1822,174
1823,174
1824,174
1825,174
1826,174
1827,174
1828,175
1829,175
1830,175
1831,174
1832,174
1833,175
1834,174
1835,174
1836,174
1837,174
1838,174
1839,174
1840,174
1841,174
1842,174
1843,174
1844,174
1845,174
1846,174
1847,174
1848,173
1849,174
1850,174
1851,173
1852,174
1853,174
1854,174
1855,174
1856,174
1857,174
1858,174
1859,174
1860,174
1861,174
1862,174
1863,174
1864,173
1865,174
1866,174
1867,174
1868,174
1869,174
1870,174
1871,174
1872,174
1873,173
1874,173
1875,173
1876,173
1877,173
1878,173
1879,173
1880,173
1881,172
1882,172
1883,172
1884,172
1885,172
1886,172
1887,172
1888,172
1889,173
1890,173
1891,173
1892,173
1893,173
1894,173
1895,173
1896,173
1897,173
1898,173
1899,173
1900,173
1901,173
1902,173
1903,173
1904,173
1905,173
1906,173
1907,173
1908,174
1909,174
1910,174
1911,174
1912,174
1913,174
1914,174
1915,174
1916,174
1917,174
1918,174
1919,174
1920,174
1921,174
1922,174
1923,174
1924,174
1925,174
1926,174
1927,174
1928,174
1929,174
1930,174
1931,174
1932,174
1933,174
1934,174
1935,174
1936,174
1937,174
1938,174
1939,174
1940,174
1941,174
1942,175
1943,175
1944,175
1945,175
1946,175
1947,175
1948,175
1949,174
1950,174
1951,174
1952,174
1953,174
1954,174
1955,174
1956,174
1957,174
1958,174
1959,174
1960,174
1961,174
1962,174
1963,174
1964,174
1965,174
1966,174
1967,174
1968,174
1969,174
1970,174
1971,174
1972,174
1973,174
1974,174
1975,174
1976,174
1977,174
1978,174
1979,174
1980,174
1981,174
1982,174
1983,174
1984,174
1985,174
1986,174
1987,174
1988,174
1989,174
1990,174
1991,174
1992,174
1993,174
1994,174
1995,174
1996,174
1997,174
1998,174
1999,174
2000,174
2001,174
2002,174
2003,174
2004,174
2005,174
2006,174
2007,174
2008,174
2009,174
2010,174
2011,174
2012,174
2013,174
2014,174
2015,174
2016,174
2017,174
2018,174
2019,174
2020,174
2021,174
2022,174
2023,174
2024,175
2025,174
2026,175
2027,175
2028,175
2029,175
2030,175
2031,175
2032,175
2033,175
2034,175
2035,175
2036,175
2037,175
2038,174
2039,174
2040,174
2041,174
2042,174
2043,174
2044,174
2045,174
2046,174
2047,174
2048,174
2049,174
2050,174
2051,174
2052,174
2053,174
2054,174
2055,174
2056,174
2057,174
2058,174
2059,174
2060,174
2061,174
2062,174
2063,174
2064,174
2065,174
2066,174
2067,174
2068,174
2069,174
2070,175
2071,175
2072,175
2073,175
2074,175
2075,175
2076,175
2077,175
2078,175
2079,175
2080,175
2081,175
2082,175
2083,175
2084,176
2085,176
2086,176
2087,176
2088,176
2089,176
2090,176
2091,176
2092,176
2093,176
2094,176
2095,177
2096,176
2097,176
2098,176
2099,177
2100,177
2101,177
2102,177
2103,177
2104,177
2105,177
2106,177
2107,177
2108,177
2109,177
2110,177
2111,177
2112,177
2113,177
2114,177
2115,177
2116,177
2117,177
2118,177
2119,177
2120,177
2121,177
2122,177
2123,177
2124,177
2125,177
2126,177
2127,177
2128,177
2129,177
2130,177
2131,177
2132,177
2133,177
2134,177
2135,177
2136,177
2137,177
2138,177
2139,177
2140,177
2141,177
2142,177
2143,177
2144,177
2145,177
2146,177
2147,177
2148,177
2149,177
2150,177
2151,177
2152,177
2153,177
2154,177
2155,177
2156,177
2157,177
2158,178
2159,178
2160,178
2161,178
2162,178
2163,178
2164,178
2165,178
2166,178
2167,178
2168,178
2169,178
2170,178
2171,178
2172,178
2173,178
2174,178
2175,178
2176,178
2177,178
2178,178
2179,178
2180,178
2181,178
2182,178
2183,179
2184,179
2185,179
2186,179
2187,179
2188,179
2189,179
2190,179
2191,179
2192,179
2193,179
2194,179
2195,179
2196,179
2197,179
2198,179
2199,179
2200,179
2201,179
2202,179
2203,179
2204,179
2205,179
2206,179
2207,179
2208,179
2209,179
2210,179
2211,179
2212,179
2213,179
2214,179
2215,179
2216,179
2217,179
2218,179
2219,179
2220,179
2221,179
2222,179
2223,179
2224,179
2225,179
2226,179
2227,179
2228,179
2229,179
2230,179
2231,179
2232,179
2233,179
2234,179
2235,180
2236,180
2237,180
2238,180
2239,180
2240,180
2241,180
2242,180
2243,180
2244,179
2245,179
2246,179
2247,179
2248,179
2249,179
2250,179
2251,179
2252,179
2253,179
2254,179
2255,179
2256,179
2257,179
2258,179
2259,179
2260,179
2261,179
2262,179
2263,179
2264,179
2265,179
2266,179
2267,179
2268,180
2269,179
2270,179
2271,180
2272,180
2273,180
2274,179
2275,179
2276,180
2277,180
2278,180
2279,180
2280,180
2281,180
2282,180
2283,180
2284,180
2285,180
2286,180
2287,180
2288,180
2289,180
2290,180
2291,180
2292,180
2293,180
2294,180
2295,180
2296,180
2297,180
2298,180
2299,180
2300,180
2301,180
2302,180
2303,180
2304,180
2305,180
2306,180
2307,180
2308,180
2309,180
2310,180
2311,180
2312,180
2313,180
2314,180
2315,181
2316,181
2317,181
2318,181
2319,181
2320,181
2321,181
2322,181
2323,181
2324,181
2325,181
2326,181
2327,180
2328,181
2329,181
2330,181
2331,181
2332,181
2333,181
2334,181
2335,181
2336,181
2337,181
2338,181
2339,181
2340,181
2341,181
2342,181
2343,181
2344,181
2345,181
2346,181
2347,181
2348,181
2349,181
2350,181
2351,181
2352,181
2353,181
2354,181
2355,181
2356,182
2357,182
2358,182
2359,182
2360,182
2361,182
2362,182
2363,182
2364,182
2365,181
2366,181
2367,182
2368,181
2369,182
2370,182
2371,181
2372,181
2373,181
2374,181
2375,181
2376,181
2377,181
2378,181
2379,181
2380,181
2381,181
2382,181
2383,181
2384,181
2385,181
2386,181
2387,181
2388,181
2389,181
2390,181
2391,181
2392,181
2393,181
2394,181
2395,181
2396,181
2397,181
2398,181
2399,181
2400,181
2401,181
2402,181
2403,181
2404,181
2405,181
2406,181
2407,181
2408,181
2409,181
2410,181
2411,181
2412,181
2413,181
2414,181
2415,181
2416,181
2417,181
2418,181
2419,181
2420,181
2421,181
2422,181
2423,181
2424,181
2425,182
2426,182
2427,181
2428,181
2429,181
2430,181
2431,181
2432,181
2433,181
2434,181
2435,181
2436,181
2437,181
2438,181
2439,182
2440,182
2441,182
2442,182
2443,182
2444,181
2445,182
2446,182
2447,182
2448,181
2449,181
2450,181
2451,181
2452,181
2453,181
2454,181
2455,181
2456,181
2457,181
2458,181
2459,181
2460,181
2461,181
2462,181
2463,182
2464,181
2465,182
2466,182
2467,182
2468,182
2469,182
2470,181
2471,181
2472,181
2473,182
2474,181
2475,181
2476,181
2477,181
2478,181
2479,181
2480,181
2481,181
2482,181
2483,181
2484,181
2485,181
2486,181
2487,181
2488,181
2489,181
2490,182
2491,181
2492,181
2493,181
2494,181
2495,181
2496,181
2497,181
2498,181
2499,181
2500,181
2501,181
2502,181
2503,181
2504,181
2505,181
2506,181
2507,181
2508,181
2509,181
2510,181
2511,181
2512,182
2513,182
2514,182
2515,182
2516,182
2517,181
2518,181
2519,181
2520,181
2521,182
2522,182
2523,182
2524,181
2525,181
2526,181
2527,181
2528,182
2529,182
2530,182
2531,182
2532,182
2533,182
2534,182
2535,182
2536,182
2537,182
2538,182
2539,182
2540,181
2541,181
2542,181
2543,182
2544,181
2545,181
2546,181
2547,181
2548,181
2549,181
2550,182
2551,182
2552,182
2553,182
2554,182
2555,182
2556,182
2557,182
2558,182
2559,182
2560,182
2561,182
2562,182
2563,182
2564,181
2565,181
2566,181
2567,181
2568,181
2569,181
2570,182
2571,181
2572,181
2573,182
2574,182
2575,182
2576,182
2577,182
2578,181
2579,181
2580,181
2581,182
2582,182
2583,182
2584,182
2585,182
2586,182
2587,182
2588,182
2589,182
2590,182
2591,182
2592,182
2593,182
2594,182
2595,182
2596,182
2597,182
2598,182
2599,182
2600,182
2601,182
2602,182
2603,182
2604,182
2605,182
2606,182
2607,182
2608,181
2609,181
2610,181
2611,181
2612,181
2613,182
2614,182
2615,182
2616,182
2617,182
2618,182
2619,182
2620,182
2621,182
2622,182
2623,182
2624,182
2625,182
2626,182
2627,182
2628,182
2629,182
2630,182
2631,182
2632,182
2633,182
2634,182
2635,182
2636,182
2637,182
2638,182
2639,182
2640,182
2641,182
2642,182
2643,182
2644,182
2645,182
2646,182
2647,182
2648,182
2649,182
2650,182
2651,182
2652,182
2653,182
2654,182
2655,182
2656,182
2657,182
2658,182
2659,182
2660,182
2661,182
2662,182
2663,182
2664,182
2665,182
2666,182
2667,182
2668,182
2669,182
2670,182
2671,182
2672,182
2673,182
2674,182
2675,182
2676,182
2677,182
2678,182
2679,182
2680,182
2681,182
2682,182
2683,182
2684,182
2685,182
2686,182
2687,182
2688,182
2689,182
2690,182
2691,182
2692,182
2693,182
2694,182
2695,183
2696,183
2697,182
2698,182
2699,182
2700,183
2701,182
2702,182
2703,182
2704,182
2705,183
2706,182
2707,183
2708,182
2709,182
2710,182
2711,182
2712,182
2713,183
2714,183
2715,182
2716,183
2717,183
2718,183
2719,183
2720,183
2721,183
2722,183
2723,183
2724,183
2725,183
2726,183
2727,183
2728,183
2729,183
2730,183
2731,183
2732,183
2733,183
2734,183
2735,183
2736,184
2737,184
2738,184
2739,184
2740,184
2741,184
2742,184
2743,184
2744,184
2745,184
2746,184
2747,184
2748,184
2749,184
2750,184
2751,184
2752,184
2753,184
2754,184
2755,184
2756,184
2757,184
2758,184
2759,184
2760,184
2761,184
2762,184
2763,184
2764,184
2765,184
2766,184
2767,184
2768,184
2769,184
2770,185
2771,185
2772,184
2773,184
2774,185
2775,185
2776,185
2777,185
2778,185
2779,186
2780,186
2781,186
2782,186
2783,186
2784,186
2785,186
2786,186
2787,186
2788,186
2789,186
2790,186
2791,186
2792,186
2793,186
2794,186
2795,187
2796,186
2797,186
2798,186
2799,186
2800,187
2801,187
2802,187
2803,186
2804,186
2805,186
2806,186
2807,186
2808,187
2809,187
2810,187
2811,187
2812,187
2813,187
2814,187
2815,187
2816,187
2817,187
2818,187
2819,187
2820,187
2821,187
2822,187
2823,187
2824,187
2825,187
2826,187
2827,187
2828,187
2829,187
2830,187
2831,187
2832,187
2833,187
2834,187
2835,187
2836,187
2837,187
2838,187
2839,187
2840,187
2841,187
2842,187
2843,187
2844,187
2845,187
2846,186
2847,187
2848,186
2849,186
2850,186
2851,186
2852,186
2853,186
2854,186
2855,186
2856,186
2857,187
2858,187
2859,187
2860,187
2861,187
2862,186
2863,187
2864,186
2865,186
2866,187
2867,187
2868,187
2869,187
2870,187
2871,187
2872,186
2873,187
2874,187
2875,187
2876,187
2877,187
2878,187
2879,187
2880,187
2881,187
2882,187
2883,187
2884,187
2885,187
2886,187
2887,186
2888,186
2889,186
2890,186
2891,186
2892,186
2893,186
2894,186
2895,186
2896,186
2897,186
2898,186
2899,186
2900,186
2901,186
2902,186
2903,186
2904,186
2905,186
2906,186
2907,187
2908,187
2909,187
2910,187
2911,187
2912,186
2913,186
2914,186
2915,186
2916,187
2917,186
2918,186
2919,187
2920,187
2921,187
2922,187
2923,187
2924,187
2925,187
2926,187
2927,187
2928,187
2929,187
2930,187
2931,187
2932,187
2933,187
2934,187
2935,187
2936,187
2937,187
2938,187
2939,187
2940,187
2941,187
2942,187
2943,187
2944,187
2945,187
2946,187
2947,187
2948,187
2949,187
2950,187
2951,187
2952,187
2953,187
2954,187
2955,187
2956,187
2957,187
2958,187
2959,187
2960,187
2961,187
2962,187
2963,187
2964,187
2965,187
2966,187
2967,187
2968,187
2969,187
2970,187
2971,187
2972,187
2973,187
2974,187
2975,187
2976,187
2977,187
2978,187
2979,187
2980,187
2981,187
2982,187
2983,187
2984,187
2985,187
2986,187
2987,187
2988,187
2989,187
2990,187
2991,187
2992,187
2993,187
2994,187
2995,187
2996,187
2997,187
2998,187
2999,186
3000,186
3001,186
3002,186
3003,186
3004,186
3005,186
3006,186
3007,186
3008,186
3009,186
3010,186
3011,186
3012,186
3013,186
3014,186
3015,186
3016,186
3017,186
3018,186
3019,186
3020,186
3021,186
3022,185
3023,185
3024,185
3025,185
3026,185
3027,185
3028,185
3029,185
3030,185
3031,185
3032,185
3033,186
3034,186
3035,186
3036,186
3037,186
3038,186
3039,186
3040,186
3041,186
3042,186
3043,186
3044,186
3045,186
3046,186
3047,186
3048,186
3049,186
3050,186
3051,186
3052,186
3053,186
3054,186
3055,186
3056,186
3057,186
3058,186
3059,186
3060,186
3061,186
3062,186
3063,186
3064,186
3065,186
3066,186
3067,186
3068,186
3069,186
3070,186
3071,186
3072,186
3073,186
3074,186
3075,186
3076,186
3077,186
3078,186
3079,186
3080,186
3081,186
3082,186
3083,186
3084,186
3085,186
3086,187
3087,187
3088,187
3089,187
3090,187
3091,187
3092,187
3093,187
3094,187
3095,186
3096,187
3097,187
3098,186
3099,186
3100,186
3101,186
3102,186
3103,187
3104,187
3105,187
3106,187
3107,187
3108,187
3109,187
3110,187
3111,187
3112,187
3113,187
3114,187
3115,187
3116,187
3117,187
3118,187
3119,187
3120,187
3121,187
3122,187
3123,187
3124,187
3125,187
3126,187
3127,187
3128,187
3129,187
3130,187
3131,187
3132,187
3133,187
3134,187
3135,187
3136,187
3137,187
3138,187
3139,187
3140,187
3141,187
3142,187
3143,187
3144,187
3145,187
3146,187
3147,187
3148,187
3149,187
3150,187
3151,187
3152,187
3153,187
3154,187
3155,187
3156,187
3157,187
3158,187
3159,187
3160,187
3161,187
3162,187
3163,187
3164,187
3165,187
3166,187
3167,187
3168,187
3169,187
3170,187
3171,187
3172,187
3173,187
3174,187
3175,187
3176,187
3177,187
3178,187
3179,187
3180,187
3181,187
3182,187
3183,187
3184,187
3185,187
3186,187
3187,187
3188,187
3189,187
3190,187
3191,187
3192,187
3193,187
3194,187
3195,187
3196,187
3197,187
3198,187
3199,187
3200,187
3201,187
3202,187
3203,187
3204,187
3205,187
3206,187
3207,187
3208,187
3209,187
3210,187
3211,187
3212,187
3213,187
3214,187
3215,187
3216,187
3217,187
3218,187
3219,187
3220,187
3221,187
3222,187
3223,187
3224,187
3225,187
3226,187
3227,187
3228,187
3229,187
3230,187
3231,187
3232,187
3233,187
3234,187
3235,187
3236,187
3237,187
3238,187
3239,187
3240,187
3241,187
3242,187
3243,187
3244,187
3245,187
3246,187
3247,188
3248,188
3249,188
3250,188
3251,188
3252,188
3253,188
3254,188
3255,188
3256,188
3257,188
3258,188
3259,188
3260,187
3261,188
3262,187
3263,187
3264,187
3265,187
3266,187
3267,187
3268,188
3269,188
3270,188
3271,187
3272,187
3273,187
3274,187
3275,187
3276,187
3277,188
3278,187
3279,188
3280,187
3281,187
3282,187
3283,187
3284,187
3285,187
3286,187
3287,187
3288,187
3289,187
3290,187
3291,187
3292,187
3293,187
3294,187
3295,187
3296,187
3297,187
3298,187
3299,187
3300,187
3301,187
3302,187
3303,187
3304,187
3305,187
3306,187
3307,187
3308,187
3309,187
3310,187
3311,187
3312,187
3313,187
3314,187
3315,187
3316,187
3317,187
3318,187
3319,187
3320,187
3321,187
3322,187
3323,187
3324,187
3325,187
3326,187
3327,187
3328,187
3329,187
3330,187
3331,187
3332,187
3333,187
3334,187
3335,187
3336,187
3337,187
3338,187
3339,187
3340,187
3341,187
3342,187
3343,187
3344,187
3345,187
3346,187
3347,187
3348,187
3349,187
3350,187
3351,187
3352,187
3353,187
3354,187
3355,187
3356,187
3357,187
3358,188
3359,188
3360,188
3361,188
3362,188
3363,188
3364,188
3365,188
3366,188
3367,188
3368,188
3369,188
3370,188
3371,188
3372,188
3373,188
3374,188
3375,188
3376,188
3377,188
3378,188
3379,188
3380,188
3381,188
3382,188
3383,188
3384,188
3385,188
3386,188
3387,188
3388,188
3389,188
3390,188
3391,188
3392,188
3393,188
3394,188
3395,188
3396,188
3397,188
3398,188
3399,188
3400,188
3401,188
3402,188
3403,188
3404,188
3405,188
3406,188
3407,189
3408,189
3409,189
3410,188
3411,188
3412,188
3413,188
3414,189
3415,189
3416,189
3417,189
3418,189
3419,189
3420,189
3421,189
3422,189
3423,189
3424,189
3425,189
3426,189
3427,189
3428,189
3429,189
3430,190
3431,189
3432,189
3433,190
3434,190
3435,190
3436,190
3437,190
3438,190
3439,190
3440,190
3441,190
3442,190
3443,190
3444,190
3445,190
3446,190
3447,190
3448,190
3449,190
3450,190
3451,190
3452,190
3453,190
3454,190
3455,190
3456,190
3457,190
3458,190
3459,190
3460,190
3461,190
3462,190
3463,190
3464,190
3465,190
3466,190
3467,190
3468,190
3469,190
3470,190
3471,190
3472,190
3473,190
3474,190
3475,190
3476,190
3477,190
3478,190
3479,190
3480,190
3481,190
3482,190
3483,190
3484,190
3485,190
3486,190
3487,190
3488,190
3489,190
3490,190
3491,190
3492,190
3493,190
3494,190
3495,190
3496,190
3497,190
3498,190
3499,190
3500,190
3501,190
3502,190
3503,190
3504,190
3505,190
3506,190
3507,190
3508,190
3509,190
3510,190
3511,190
3512,190
3513,190
3514,190
3515,190
3516,190
3517,190
3518,190
3519,190
3520,190
3521,190
3522,190
3523,190
3524,190
3525,190
3526,190
3527,190
3528,189
3529,190
3530,190
3531,190
3532,190
3533,190
3534,190
3535,190
3536,190
3537,190
3538,190
3539,190
3540,190
3541,190
3542,190
3543,190
3544,190
3545,190
3546,190
3547,190
3548,190
3549,190
3550,190
3551,190
3552,190
3553,190
3554,190
3555,190
3556,190
3557,190
3558,190
3559,190
3560,190
3561,190
3562,190
3563,190
3564,189
3565,190
3566,190
3567,190
3568,190
3569,190
3570,190
3571,190
3572,190
3573,190
3574,190
3575,191
3576,191
3577,191
3578,191
3579,191
3580,191
3581,190
3582,190
3583,190
3584,190
3585,190
3586,190
3587,190
3588,190
3589,190
3590,190
3591,190
3592,190
3593,190
3594,190
3595,190
3596,190
3597,190
3598,190
3599,190
3600,190
3601,190
3602,190
3603,190
3604,189
3605,189
3606,189
3607,190
3608,190
3609,190
3610,190
3611,190
3612,190
3613,190
3614,190
3615,190
3616,190
3617,190
3618,190
3619,190
3620,190
3621,190
3622,190
3623,190
3624,190
3625,190
3626,190
3627,190
3628,190
3629,190
3630,190
3631,190
3632,190
3633,190
3634,190
3635,191
3636,191
3637,191
3638,191
3639,191
3640,191
3641,190
3642,190
3643,190
3644,190
3645,190
3646,190
3647,190
3648,190
3649,190
3650,190
3651,190
3652,190
3653,190
3654,190
3655,191
3656,190
3657,190
3658,191
3659,191
3660,190
3661,190
3662,191
3663,191
3664,191
3665,191
3666,191
3667,191
3668,191
3669,191
3670,191
3671,191
3672,191
3673,191
3674,191
3675,191
3676,191
3677,191
3678,191
3679,191
3680,191
3681,191
3682,191
3683,191
3684,191
3685,192
3686,191
3687,191
3688,191
3689,191
3690,191
3691,191
3692,191
3693,191
3694,191
3695,192
3696,192
3697,192
3698,192
3699,192
3700,192
3701,192
3702,191
3703,191
3704,191
3705,192
3706,192
3707,192
3708,192
3709,192
3710,192
3711,192
3712,192
3713,192
3714,192
3715,193
3716,193
3717,192
3718,192
3719,193
3720,193
3721,193
3722,193
3723,193
3724,193
3725,193
3726,193
3727,193
3728,193
3729,193
3730,193
3731,193
3732,193
3733,193
3734,193
3735,193
3736,193
3737,193
3738,193
3739,193
3740,193
3741,193
3742,193
3743,193
3744,193
3745,193
3746,193
3747,193
3748,193
3749,193
3750,193
3751,193
3752,193
3753,193
3754,193
3755,193
3756,193
3757,193
3758,193
3759,193
3760,193
3761,193
3762,193
3763,193
3764,193
3765,193
3766,194
3767,194
3768,194
3769,194
3770,194
3771,194
3772,194
3773,194
3774,194
3775,194
3776,194
3777,194
3778,194
3779,194
3780,194
3781,194
3782,194
3783,194
3784,194
3785,194
3786,194
3787,194
3788,194
3789,194
3790,194
3791,194
3792,194
3793,194
3794,194
3795,194
3796,194
3797,194
3798,194
3799,194
3800,194
3801,194
3802,194
3803,194
3804,194
3805,194
3806,194
3807,194
3808,194
3809,194
3810,194
3811,194
3812,194
3813,194
3814,194
3815,194
3816,194
3817,194
3818,194
3819,194
3820,194
3821,194
3822,194
3823,194
3824,194
3825,194
3826,194
3827,194
3828,194
3829,194
3830,194
3831,194
3832,194
3833,194
3834,194
3835,194
3836,194
3837,194
3838,194
3839,194
3840,194
3841,194
3842,194
3843,194
3844,194
3845,194
3846,194
3847,193
3848,194
3849,194
3850,193
3851,193
3852,194
3853,194
3854,194
3855,194
3856,194
3857,193
3858,194
3859,194
3860,194
3861,194
3862,194
3863,194
3864,194
3865,194
3866,194
3867,194
3868,194
3869,194
3870,194
3871,194
3872,194
3873,194
3874,194
3875,194
3876,194
3877,194
3878,194
3879,194
3880,194
3881,194
3882,194
3883,194
3884,194
3885,194
3886,194
3887,194
3888,194
3889,194
3890,194
3891,194
3892,194
3893,194
3894,194
3895,194
3896,195
3897,195
3898,195
3899,195
3900,195
3901,195
3902,195
3903,195
3904,194
3905,194
3906,195
3907,195
3908,195
3909,195
3910,195
3911,195
3912,195
3913,194
3914,194
3915,195
3916,195
3917,195
3918,194
3919,194
3920,194
3921,194
3922,194
3923,194
3924,194
3925,194
3926,194
3927,194
3928,194
3929,194
3930,194
3931,194
3932,194
3933,194
3934,194
3935,194
3936,194
3937,194
3938,194
3939,194
3940,194
3941,194
3942,194
3943,194
3944,194
3945,194
3946,194
3947,194
3948,194
3949,194
3950,194
3951,194
3952,194
3953,194
3954,194
3955,194
3956,194
3957,194
3958,194
3959,194
3960,194
3961,194
3962,194
3963,193
3964,193
3965,194
3966,194
3967,194
3968,194
3969,194
3970,194
3971,193
3972,193
3973,193
3974,193
3975,193
3976,194
3977,194
3978,194
3979,194
3980,193
3981,193
3982,194
3983,194
3984,194
3985,193
3986,194
3987,194
3988,194
3989,194
3990,194
3991,193
3992,194
3993,194
3994,194
3995,194
3996,194
3997,194
3998,194
3999,194
4000,194
4001,194
4002,194
4003,194
4004,194
4005,194
4006,194
4007,194
4008,194
4009,194
4010,194
4011,194
4012,194
4013,194
4014,193
4015,193
4016,194
4017,194
4018,194
4019,194
4020,193
4021,194
4022,194
4023,193
4024,194
4025,194
4026,194
4027,194
4028,194
4029,194
4030,194
4031,194
4032,194
4033,194
4034,194
4035,194
4036,194
4037,194
4038,194
4039,194
4040,194
4041,194
4042,194
4043,194
4044,194
4045,194
4046,194
4047,194
4048,195
4049,195
4050,194
4051,194
4052,194
4053,194
4054,194
4055,194
4056,194
4057,194
4058,195
4059,195
4060,195
4061,194
4062,195
4063,195
4064,195
4065,195
4066,195
4067,195
4068,195
4069,195
4070,195
4071,195
4072,195
4073,195
4074,195
4075,195
4076,195
4077,195
4078,195
4079,195
4080,195
4081,195
4082,195
4083,196
4084,196
4085,196
4086,196
4087,195
4088,195
4089,195
4090,195
4091,195
4092,196
4093,196
4094,196
4095,196
4096,196
4097,196
4098,196
4099,196
4100,196
4101,196
4102,196
4103,196
4104,196
4105,196
4106,196
4107,196
4108,196
4109,196
4110,196
4111,196
4112,196
4113,196
4114,197
4115,196
4116,196
4117,196
4118,196
4119,196
4120,196
4121,196
4122,196
4123,196
4124,196
4125,196
4126,196
4127,196
4128,196
4129,196
4130,196
4131,196
4132,196
4133,196
4134,196
4135,196
4136,196
4137,196
4138,196
4139,196
4140,196
4141,196
4142,196
4143,196
4144,196
4145,196
4146,197
4147,197
4148,197
4149,197
4150,197
4151,197
4152,197
4153,197
4154,197
4155,197
4156,197
4157,197
4158,197
4159,197
4160,197
4161,197
4162,197
4163,197
4164,197
4165,197
4166,197
4167,197
4168,197
4169,197
4170,197
4171,197
4172,197
4173,197
4174,197
4175,197
4176,197
4177,197
4178,197
4179,197
4180,197
4181,197
4182,197
4183,197
4184,197
4185,197
4186,197
4187,197
4188,197
4189,197
4190,197
4191,197
4192,197
4193,197
4194,197
4195,197
4196,197
4197,197
4198,197
4199,198
4200,198
4201,197
4202,197
4203,197
4204,197
4205,197
4206,197
4207,197
4208,197
4209,197
4210,197
4211,197
4212,197
4213,197
4214,197
4215,197
4216,197
4217,197
4218,197
4219,197
4220,197
4221,197
4222,197
4223,197
4224,197
4225,197
4226,197
4227,198
4228,198
4229,198
4230,197
4231,198
4232,198
4233,198
4234,198
4235,198
4236,198
4237,198
4238,198
4239,198
4240,198
4241,198
4242,198
4243,198
4244,197
4245,198
4246,198
4247,198
4248,198
4249,198
4250,198
4251,198
4252,198
4253,197
4254,197
4255,197
4256,197
4257,197
4258,198
4259,198
4260,198
4261,198
4262,198
4263,198
4264,198
4265,198
4266,198
4267,198
4268,198
4269,198
4270,198
4271,197
4272,198
4273,198
4274,198
4275,198
4276,198
4277,198
4278,198
4279,198
4280,198
4281,198
4282,198
4283,198
4284,198
4285,198
4286,198
4287,198
4288,198
4289,198
4290,198
4291,198
4292,198
4293,198
4294,198
4295,198
4296,197
4297,197
4298,198
4299,197
4300,198
4301,197
4302,198
4303,197
4304,197
4305,197
4306,197
4307,197
4308,197
4309,197
4310,197
4311,197
4312,197
4313,197
4314,197
4315,198
4316,198
4317,198
4318,198
4319,198
4320,198
4321,198
4322,198
4323,198
4324,198
4325,198
4326,198
4327,198
4328,198
4329,198
4330,198
4331,198
4332,198
4333,198
4334,198
4335,198
4336,198
4337,198
4338,198
4339,198
4340,198
4341,198
4342,198
4343,198
4344,198
4345,198
4346,198
4347,198
4348,198
4349,198
4350,198
4351,198
4352,198
4353,198
4354,199
4355,199
4356,199
4357,199
4358,199
4359,199
4360,199
4361,199
4362,199
4363,199
4364,199
4365,199
4366,199
4367,199
4368,199
4369,199
4370,199
4371,198
4372,199
4373,199
4374,199
4375,199
4376,199
4377,199
4378,199
4379,199
4380,199
4381,199
4382,199
4383,199
4384,199
4385,199
4386,199
4387,199
4388,199
4389,199
4390,199
4391,199
4392,199
4393,199
4394,199
4395,199
4396,199
4397,199
4398,199
4399,199
4400,199
4401,199
4402,199
4403,199
4404,200
4405,199
4406,199
4407,200
4408,200
4409,199
4410,199
4411,200
4412,200
4413,199
4414,199
4415,200
4416,200
4417,200
4418,199
4419,200
4420,200
4421,199
4422,199
4423,199
4424,199
4425,199
4426,199
4427,199
4428,199
4429,199
4430,200
4431,200
4432,200
4433,200
4434,200
4435,200
4436,200
4437,200
4438,200
4439,200
4440,200
4441,200
4442,200
4443,200
4444,200
4445,200
4446,200
4447,200
4448,200
4449,200
4450,200
4451,200
4452,201
4453,200
4454,200
4455,200
4456,201
4457,201
4458,201
4459,201
4460,201
4461,201
4462,201
4463,201
4464,201
4465,201
4466,201
4467,201
4468,201
4469,201
4470,201
4471,201
4472,201
4473,201
4474,201
4475,201
4476,202
4477,202
4478,202
4479,202
4480,202
4481,202
4482,202
4483,202
4484,202
4485,202
4486,202
4487,202
4488,202
4489,202
4490,202
4491,202
4492,202
4493,202
4494,203
4495,203
4496,203
4497,203
4498,203
4499,203
4500,203
4501,203
4502,202
4503,202
4504,202
4505,202
4506,202
4507,202
4508,202
4509,202
4510,202
4511,202
4512,202
4513,202
4514,202
4515,202
4516,202
4517,202
4518,202
4519,202
4520,202
4521,202
4522,202
4523,202
4524,202
4525,202
4526,202
4527,202
4528,202
4529,202
4530,203
4531,203
4532,203
4533,203
4534,203
4535,203
4536,203
4537,203
4538,203
4539,203
4540,204
4541,204
4542,204
4543,204
4544,204
4545,204
4546,204
4547,204
4548,204
4549,204
4550,204
4551,204
4552,204
4553,204
4554,204
4555,204
4556,204
4557,204
4558,204
4559,204
4560,204
4561,204
4562,204
4563,203
4564,203
4565,204
4566,204
4567,204
4568,204
4569,204
4570,204
4571,204
4572,204
4573,204
4574,204
4575,204
4576,204
4577,204
4578,203
4579,203
4580,203
4581,203
4582,204
4583,204
4584,204
4585,204
4586,204
4587,204
4588,204
4589,204
4590,204
4591,204
4592,204
4593,204
4594,204
4595,204
4596,204
4597,204
4598,204
4599,204
4600,204
4601,204
4602,204
4603,204
4604,205
4605,205
4606,205
4607,205
4608,205
4609,205
4610,205
4611,205
4612,205
4613,205
4614,205
4615,204
4616,204
4617,204
4618,204
4619,204
4620,204
4621,204
4622,204
4623,204
4624,204
4625,204
4626,204
4627,203
4628,203
4629,203
4630,204
4631,204
4632,204
4633,204
4634,204
4635,204
4636,204
4637,204
4638,204
4639,203
4640,203
4641,203
4642,203
4643,203
4644,204
4645,204
4646,204
4647,203
4648,203
4649,204
4650,203
4651,203
4652,203
4653,203
4654,203
4655,203
4656,203
4657,203
4658,203
4659,203
4660,203
4661,203
4662,203
4663,203
4664,203
4665,203
4666,203
4667,203
4668,203
4669,203
4670,203
4671,203
4672,202
4673,203
4674,203
4675,203
4676,203
4677,203
4678,203
4679,203
4680,203
4681,203
4682,203
4683,203
4684,203
4685,203
4686,203
4687,203
4688,203
4689,203
4690,203
4691,203
4692,203
4693,204
4694,204
4695,204
4696,204
4697,204
4698,204
4699,204
4700,204
4701,204
4702,204
4703,204
4704,204
4705,205
4706,204
4707,204
4708,204
4709,204
4710,204
4711,204
4712,204
4713,204
4714,204
4715,204
4716,204
4717,205
4718,205
4719,205
4720,205
4721,205
4722,205
4723,205
4724,205
4725,205
4726,205
4727,205
4728,205
4729,205
4730,205
4731,205
4732,205
4733,205
4734,205
4735,205
4736,205
4737,205
4738,205
4739,205
4740,205
4741,205
4742,205
4743,205
4744,205
4745,205
4746,205
4747,205
4748,205
4749,205
4750,205
4751,205
4752,205
4753,205
4754,205
4755,205
4756,205
4757,205
4758,205
4759,205
4760,206
4761,206
4762,206
4763,206
4764,206
4765,206
4766,206
4767,206
4768,206
4769,206
4770,206
4771,206
4772,206
4773,206
4774,206
4775,206
4776,206
4777,206
4778,206
4779,206
4780,206
4781,206
4782,206
4783,206
4784,206
4785,206
4786,207
4787,207
4788,207
4789,207
4790,207
4791,207
4792,207
4793,207
4794,207
4795,207
4796,207
4797,207
4798,207
4799,207
4800,207
4801,207
4802,207
4803,207
4804,207
4805,207
4806,206
4807,206
4808,206
4809,206
4810,206
4811,206
4812,206
4813,206
4814,206
4815,206
4816,206
4817,206
4818,206
4819,206
4820,206
4821,206
4822,206
4823,206
4824,206
4825,206
4826,207
4827,207
4828,206
4829,207
4830,206
4831,206
4832,206
4833,206
4834,206
4835,206
4836,207
4837,207
4838,207
4839,206
4840,206
4841,206
4842,206
4843,207
4844,207
4845,207
4846,207
4847,207
4848,207
4849,207
4850,207
4851,207
4852,207
4853,207
4854,207
4855,207
4856,207
4857,207
4858,207
4859,207
4860,207
4861,208
4862,208
4863,208
4864,208
4865,208
4866,208
4867,208
4868,208
4869,208
4870,208
4871,208
4872,208
4873,208
4874,208
4875,208
4876,208
4877,208
4878,208
4879,208
4880,208
4881,208
4882,208
4883,208
4884,208
4885,208
4886,209
4887,208
4888,208
4889,208
4890,208
4891,208
4892,208
4893,208
4894,208
4895,208
4896,208
4897,208
4898,208
4899,208
4900,208
4901,208
4902,208
4903,208
4904,208
4905,208
4906,208
4907,208
4908,208
4909,208
4910,208
4911,208
4912,208
4913,208
4914,208
4915,208
4916,208
4917,208
4918,208
4919,208
4920,208
4921,209
4922,209
4923,209
4924,209
4925,209
4926,209
4927,209
4928,208
4929,209
4930,209
4931,209
4932,209
4933,209
4934,209
4935,209
4936,209
4937,209
4938,209
4939,209
4940,209
4941,209
4942,209
4943,209
4944,209
4945,209
4946,210
4947,210
4948,210
4949,210
4950,210
4951,210
4952,210
4953,209
4954,210
4955,210
4956,210
4957,210
4958,210
4959,210
4960,210
4961,210
4962,210
4963,210
4964,210
4965,210
4966,210
4967,210
4968,210
4969,210
4970,210
4971,210
4972,210
4973,210
4974,210
4975,210
4976,210
4977,210
4978,210
4979,210
4980,210
4981,210
4982,210
4983,209
4984,209
4985,209
4986,209
4987,209
4988,209
4989,209
4990,209
4991,209
4992,209
4993,209
4994,209
4995,209
4996,209
4997,209
4998,209
4999,209
5000,209
5001,209
5002,209
5003,209
5004,209
5005,209
5006,209
5007,209
5008,209
5009,209
5010,209
5011,209
5012,209
5013,209
5014,209
5015,209
5016,209
5017,209
5018,209
5019,209
5020,209
5021,209
5022,209
5023,209
5024,209
5025,209
5026,209
5027,209
5028,209
5029,209
5030,209
5031,209
5032,209
5033,209
5034,209
5035,209
5036,209
5037,209
5038,209
5039,209
5040,209
5041,209
5042,209
5043,209
5044,210
5045,210
5046,210
5047,210
5048,210
5049,209
5050,209
5051,209
5052,210
5053,210
5054,210
5055,210
5056,209
5057,209
5058,209
5059,209
5060,209
5061,209
5062,210
5063,209
5064,210
5065,209
5066,209
5067,210
5068,210
5069,210
5070,210
5071,210
5072,210
5073,210
5074,210
5075,210
5076,210
5077,210
5078,210
5079,210
5080,210
5081,210
5082,210
5083,210
5084,210
5085,210
5086,210
5087,210
5088,210
5089,210
5090,210
5091,210
5092,210
5093,210
5094,210
5095,210
5096,210
5097,210
5098,210
5099,210
5100,210
5101,210
5102,210
5103,210
5104,210
5105,210
5106,210
5107,210
5108,210
5109,210
5110,210
5111,211
5112,211
5113,211
5114,210
5115,210
5116,210
5117,210
5118,210
5119,210
5120,210
5121,210
5122,211
5123,210
5124,210
5125,211
5126,211
5127,211
5128,211
5129,211
5130,211
5131,211
5132,211
5133,211
5134,211
5135,211
5136,211
5137,211
5138,211
5139,211
5140,211
5141,211
5142,211
5143,210
5144,210
5145,211
5146,211
5147,211
5148,211
5149,211
5150,211
5151,211
5152,211
5153,211
5154,211
5155,211
5156,211
5157,211
5158,211
5159,211
5160,211
5161,211
5162,211
5163,211
5164,211
5165,211
5166,211
5167,211
5168,211
5169,211
5170,211
5171,211
5172,211
5173,211
5174,211
5175,211
5176,211
5177,211
5178,211
5179,211
5180,211
5181,211
5182,211
5183,211
5184,211
5185,211
5186,211
5187,211
5188,211
5189,211
5190,211
5191,211
5192,211
5193,211
5194,211
5195,211
5196,211
5197,211
5198,211
5199,211
5200,211
5201,211
5202,211
5203,211
5204,211
5205,211
5206,211
5207,211
5208,211
5209,211
5210,211
5211,211
5212,211
5213,211
5214,211
5215,211
5216,211
5217,211
5218,211
5219,211
5220,211
5221,211
5222,211
5223,211
5224,211
5225,211
5226,211
5227,212
5228,212
5229,212
5230,211
5231,211
5232,211
5233,212
5234,212
5235,212
5236,212
5237,212
5238,212
5239,212
5240,212
5241,212
5242,212
5243,212
5244,212
5245,212
5246,212
5247,212
5248,212
5249,212
5250,212
5251,212
5252,212
5253,212
5254,212
5255,212
5256,212
5257,212
5258,212
5259,212
5260,212
5261,212
5262,212
5263,212
5264,212
5265,213
5266,212
5267,213
5268,213
5269,213
5270,213
5271,213
5272,213
5273,213
5274,213
5275,213
5276,214
5277,214
5278,213
5279,213
5280,213
5281,213
5282,213
5283,213
5284,213
5285,213
5286,213
5287,213
5288,213
5289,213
5290,213
5291,213
5292,213
5293,213
5294,213
5295,213
5296,213
5297,213
5298,213
5299,213
5300,213
5301,213
5302,213
5303,213
5304,213
5305,213
5306,213
5307,213
5308,213
5309,213
5310,213
5311,213
5312,213
5313,213
5314,213
5315,213
5316,213
5317,213
5318,213
5319,213
5320,213
5321,213
5322,213
5323,213
5324,213
5325,213
5326,213
5327,213
5328,213
5329,213
5330,213
5331,213
5332,213
5333,213
5334,213
5335,213
5336,213
5337,213
5338,213
5339,213
5340,213
5341,213
5342,213
5343,213
5344,213
5345,213
5346,213
5347,213
5348,213
5349,213
5350,213
5351,213
5352,213
5353,213
5354,214
5355,214
5356,214
5357,214
5358,214
5359,214
5360,214
5361,214
5362,214
5363,214
5364,214
5365,214
5366,213
5367,213
5368,213
5369,213
5370,213
5371,213
5372,214
5373,214
5374,214
5375,214
5376,214
5377,214
5378,214
5379,214
5380,214
5381,214
5382,214
5383,214
5384,214
5385,214
5386,214
5387,214
5388,214
5389,214
5390,214
5391,214
5392,214
5393,214
5394,214
5395,214
5396,214
5397,214
5398,214
5399,214
5400,214
5401,214
5402,214
5403,215
5404,215
5405,214
5406,214
5407,214
5408,214
5409,215
5410,215
5411,215
5412,215
5413,215
5414,215
5415,215
5416,215
5417,215
5418,215
5419,215
5420,215
5421,215
5422,215
5423,215
5424,215
5425,215
5426,215
5427,215
5428,215
5429,215
5430,215
5431,215
5432,215
5433,215
5434,215
5435,215
5436,215
5437,215
5438,215
5439,215
5440,215
5441,215
5442,215
5443,215
5444,215
5445,215
5446,215
5447,215
5448,215
5449,215
5450,215
5451,215
5452,215
5453,215
5454,215
5455,215
5456,215
5457,216
5458,215
5459,215
5460,215
5461,216
5462,216
5463,216
5464,216
5465,216
5466,216
5467,216
5468,216
5469,216
5470,216
5471,216
5472,216
5473,216
5474,216
5475,216
5476,216
5477,216
5478,215
5479,215
5480,215
5481,215
5482,216
5483,216
5484,215
5485,215
5486,215
5487,215
5488,215
5489,215
5490,215
5491,216
5492,216
5493,216
5494,216
5495,216
5496,216
5497,215
5498,215
5499,215
5500,215
5501,215
5502,215
5503,215
5504,216
5505,215
5506,215
5507,216
5508,215
5509,215
5510,215
5511,215
5512,215
5513,215
5514,216
5515,216
5516,216
5517,216
5518,216
5519,216
5520,216
5521,216
5522,216
5523,216
5524,216
5525,216
5526,216
5527,217
5528,217
5529,216
5530,216
5531,216
5532,216
5533,216
5534,216
5535,216
5536,216
5537,217
5538,217
5539,217
5540,217
5541,216
5542,216
5543,216
5544,216
5545,216
5546,216
5547,216
5548,216
5549,217
5550,216
5551,217
5552,217
5553,217
5554,217
5555,217
5556,217
5557,217
5558,217
5559,217
5560,217
5561,217
5562,217
5563,217
5564,217
5565,217
5566,217
5567,217
5568,218
5569,218
5570,218
5571,218
5572,217
5573,218
5574,218
5575,218
5576,218
5577,217
5578,218
5579,218
5580,218
5581,218
5582,218
5583,218
5584,218
5585,218
5586,218
5587,218
5588,218
5589,218
5590,218
5591,218
5592,218
5593,218
5594,218
5595,218
5596,218
5597,218
5598,218
5599,218
5600,218
5601,218
5602,218
5603,218
5604,217
5605,217
5606,218
5607,218
5608,218
5609,218
5610,218
5611,218
5612,218
5613,218
5614,218
5615,218
5616,218
5617,218
5618,218
5619,218
5620,218
5621,218
5622,218
5623,218
5624,218
5625,218
5626,218
5627,218
5628,218
5629,218
5630,218
5631,218
5632,218
5633,218
5634,218
5635,218
5636,218
5637,218
5638,218
5639,218
5640,218
5641,218
5642,219
5643,219
5644,218
5645,218
5646,218
5647,218
5648,218
5649,218
5650,219
5651,219
5652,218
5653,219
5654,218
5655,218
5656,218
5657,219
5658,219
5659,218
5660,218
5661,218
5662,218
5663,218
5664,218
5665,218
5666,218
5667,218
5668,218
5669,218
5670,218
5671,218
5672,218
5673,219
5674,219
5675,219
5676,219
5677,219
5678,219
5679,219
5680,219
5681,219
5682,219
5683,219
5684,219
5685,219
5686,219
5687,219
5688,219
5689,219
5690,219
5691,219
5692,219
5693,219
5694,219
5695,219
5696,219
5697,219
5698,219
5699,219
5700,219
5701,219
5702,219
5703,219
5704,219
5705,219
5706,219
5707,219
5708,219
5709,219
5710,219
5711,219
5712,219
5713,219
5714,219
5715,219
5716,219
5717,219
5718,219
5719,219
5720,219
5721,219
5722,219
5723,219
5724,219
5725,219
5726,219
5727,219
5728,219
5729,219
5730,219
5731,219
5732,219
5733,219
5734,219
5735,219
5736,219
5737,219
5738,219
5739,219
5740,219
5741,219
5742,219
5743,219
5744,219
5745,219
5746,219
5747,219
5748,219
5749,219
5750,219
5751,219
5752,219
5753,219
5754,219
5755,219
5756,219
5757,219
5758,219
5759,219
5760,219
5761,219
5762,219
5763,219
5764,218
5765,218
5766,218
5767,218
5768,218
5769,218
5770,218
5771,218
5772,218
5773,218
5774,218
5775,218
5776,218
5777,218
5778,218
5779,218
5780,218
5781,218
5782,218
5783,218
5784,219
5785,218
5786,218
5787,218
5788,218
5789,218
5790,218
5791,218
5792,218
5793,218
5794,218
5795,218
5796,218
5797,218
5798,218
5799,218
5800,218
5801,218
5802,218
5803,218
5804,218
5805,218
5806,219
5807,219
5808,219
5809,219
5810,219
5811,219
5812,219
5813,219
5814,219
5815,219
5816,219
5817,219
5818,219
5819,219
5820,219
5821,219
5822,219
5823,219
5824,219
5825,219
5826,219
5827,219
5828,219
5829,219
5830,219
5831,219
5832,219
5833,219
5834,219
5835,219
5836,219
5837,219
5838,219
5839,219
5840,219
5841,219
5842,219
5843,219
5844,219
5845,219
5846,219
5847,219
5848,219
5849,219
5850,219
5851,219
5852,219
5853,219
5854,219
5855,219
5856,219
5857,219
5858,219
5859,219
5860,219
5861,219
5862,219
5863,219
5864,219
5865,219
5866,219
5867,219
5868,219
5869,219
5870,219
5871,218
5872,218
5873,218
5874,218
5875,218
5876,219
5877,219
5878,219
5879,219
5880,219
5881,219
5882,219
5883,219
5884,219
5885,219
5886,219
5887,219
5888,219
5889,219
5890,219
5891,219
5892,219
5893,219
5894,219
5895,219
5896,219
5897,219
5898,219
5899,219
5900,219
5901,219
5902,219
5903,219
5904,219
5905,219
5906,219
5907,219
5908,218
5909,218
5910,219
5911,219
5912,219
5913,219
5914,219
5915,219
5916,218
5917,219
5918,219
5919,219
5920,219
5921,219
5922,219
5923,219
5924,219
5925,219
5926,219
5927,219
5928,219
5929,219
5930,219
5931,219
5932,219
5933,219
5934,219
5935,219
5936,219
5937,220
5938,220
5939,220
5940,220
5941,220
5942,220
5943,220
5944,219
5945,220
5946,220
5947,220
5948,220
5949,220
5950,220
5951,221
5952,221
5953,221
5954,220
5955,221
5956,221
5957,220
5958,221
5959,221
5960,221
5961,221
5962,221
5963,221
5964,221
5965,221
5966,221
5967,221
5968,221
5969,221
5970,221
5971,221
5972,221
5973,221
5974,221
5975,221
5976,221
5977,221
5978,221
5979,221
5980,220
5981,221
5982,220
5983,220
5984,221
5985,221
5986,221
5987,221
5988,221
5989,221
5990,221
5991,221
5992,221
5993,221
5994,221
5995,221
5996,221
5997,221
5998,221
5999,221
6000,221
6001,221
6002,221
6003,221
6004,221
6005,222
6006,221
6007,221
6008,221
6009,221
6010,222
6011,221
6012,222
6013,222
6014,222
6015,222
6016,222
6017,222
6018,222
6019,222
6020,222
6021,222
6022,222
6023,222
6024,222
6025,223
6026,222
6027,222
6028,223
6029,223
6030,223
6031,223
6032,223
6033,223
6034,223
6035,223
6036,223
6037,223
6038,223
6039,223
6040,223
6041,223
6042,223
6043,223
6044,224
6045,224
6046,224
6047,224
6048,224
6049,224
6050,224
6051,224
6052,224
6053,224
6054,224
6055,224
6056,224
6057,224
6058,224
6059,224
6060,224
6061,225
6062,224
6063,225
6064,225
6065,225
6066,225
6067,225
6068,225
6069,225
6070,225
6071,225
6072,224
6073,225
6074,225
6075,225
6076,225
6077,225
6078,225
6079,225
6080,225
6081,225
6082,225
6083,225
6084,225
6085,225
6086,225
6087,225
6088,225
6089,225
6090,225
6091,225
6092,225
6093,225
6094,225
6095,225
6096,225
6097,225
6098,225
6099,225
6100,225
6101,225
6102,225
6103,225
6104,226
6105,225
6106,226
6107,226
6108,226
6109,226
6110,226
6111,226
6112,226
6113,226
6114,226
6115,226
6116,226
6117,226
6118,226
6119,226
6120,226
6121,226
6122,226
6123,226
6124,226
6125,226
6126,226
6127,226
6128,226
6129,226
6130,226
6131,226
6132,226
6133,226
6134,226
6135,226
6136,226
6137,226
6138,226
6139,226
6140,226
6141,227
6142,227
6143,227
6144,227
6145,227
6146,227
6147,227
6148,227
6149,227
6150,227
6151,227
6152,227
6153,227
6154,227
6155,227
6156,227
6157,227
6158,227
6159,227
6160,227
6161,227
6162,226
6163,226
6164,226
6165,226
6166,226
6167,226
6168,226
6169,226
6170,226
6171,226
6172,226
6173,226
6174,226
6175,227
6176,227
6177,226
6178,226
6179,227
6180,227
6181,227
6182,227
6183,227
6184,227
6185,227
6186,227
6187,227
6188,227
6189,227
6190,227
6191,227
6192,227
6193,227
6194,227
6195,227
6196,227
6197,227
6198,227
6199,227
6200,227
6201,227
6202,227
6203,227
6204,227
6205,227
6206,227
6207,227
6208,227
6209,227
6210,227
6211,227
6212,227
6213,227
6214,227
6215,227
6216,227
6217,227
6218,227
6219,227
6220,227
6221,227
6222,227
6223,227
6224,227
6225,227
6226,227
6227,227
6228,227
6229,227
6230,227
6231,227
6232,227
6233,227
6234,227
6235,227
6236,227
6237,227
6238,227
6239,227
6240,227
6241,227
6242,227
6243,227
6244,227
6245,227
6246,227
6247,228
6248,228
6249,228
6250,228
6251,228
6252,228
6253,228
6254,228
6255,228
6256,228
6257,228
6258,228
6259,228
6260,228
6261,228
6262,228
6263,228
6264,228
6265,228
6266,228
6267,228
6268,228
6269,228
6270,228
6271,228
6272,228
6273,228
6274,228
6275,228
6276,228
6277,228
6278,229
6279,229
6280,229
6281,229
6282,229
6283,229
6284,229
6285,229
6286,229
6287,229
6288,229
6289,229
6290,229
6291,229
6292,229
6293,229
6294,229
6295,229
6296,229
6297,229
6298,229
6299,229
6300,229
6301,229
6302,229
6303,229
6304,229
6305,229
6306,229
6307,229
6308,229
6309,229
6310,229
6311,229
6312,229
6313,229
6314,229
6315,229
6316,230
6317,230
6318,230
6319,230
6320,230
6321,230
6322,230
6323,230
6324,230
6325,230
6326,230
6327,230
6328,230
6329,230
6330,230
6331,230
6332,230
6333,230
6334,230
6335,230
6336,230
6337,230
6338,230
6339,230
6340,230
6341,230
6342,230
6343,230
6344,230
6345,230
6346,230
6347,230
6348,230
6349,230
6350,231
6351,231
6352,231
6353,231
6354,230
6355,230
6356,230
6357,230
6358,230
6359,230
6360,230
6361,230
6362,231
6363,231
6364,231
6365,230
6366,230
6367,230
6368,230
6369,231
6370,231
6371,231
6372,231
6373,231
6374,231
6375,231
6376,231
6377,231
6378,231
6379,231
6380,231
6381,232
6382,232
6383,232
6384,232
6385,232
6386,232
6387,232
6388,232
6389,232
6390,232
6391,232
6392,232
6393,232
6394,232
6395,232
6396,232
6397,232
6398,232
6399,232
6400,232
6401,232
6402,232
6403,232
6404,232
6405,232
6406,232
6407,232
6408,232
6409,232
6410,232
6411,232
6412,232
6413,232
6414,232
6415,232
6416,232
6417,232
6418,232
6419,232
6420,232
6421,232
6422,233
6423,233
6424,233
6425,233
6426,233
6427,233
6428,233
6429,233
6430,233
6431,233
6432,233
6433,233
6434,233
6435,233
6436,233
6437,233
6438,233
6439,233
6440,233
6441,233
6442,233
6443,233
6444,233
6445,233
6446,233
6447,233
6448,233
6449,233
6450,233
6451,233
6452,233
6453,233
6454,233
6455,233
6456,232
6457,233
6458,233
6459,233
6460,233
6461,233
6462,233
6463,233
6464,233
6465,233
6466,233
6467,233
6468,233
6469,233
6470,233
6471,233
6472,233
6473,233
6474,233
6475,233
6476,233
6477,233
6478,233
6479,233
6480,233
6481,233
6482,233
6483,233
6484,233
6485,233
6486,233
6487,233
6488,233
6489,233
6490,233
6491,233
6492,233
6493,233
6494,234
6495,233
6496,234
6497,234
6498,234
6499,234
6500,233
6501,233
6502,233
6503,233
6504,233
6505,233
6506,233
6507,233
6508,233
6509,233
6510,233
6511,233
6512,233
6513,233
6514,233
6515,233
6516,233
6517,233
6518,233
6519,233
6520,233
6521,233
6522,233
6523,233
6524,233
6525,233
6526,233
6527,233
6528,233
6529,233
6530,233
6531,233
6532,233
6533,233
6534,233
6535,233
6536,233
6537,233
6538,233
6539,233
6540,233
6541,233
6542,233
6543,233
6544,233
6545,233
6546,233
6547,233
6548,233
6549,233
6550,233
6551,233
6552,233
6553,233
6554,233
6555,233
6556,234
6557,234
6558,233
6559,234
6560,234
6561,233
6562,233
6563,233
6564,233
6565,233
6566,233
6567,233
6568,233
6569,233
6570,233
6571,233
6572,233
6573,233
6574,233
6575,233
6576,233
6577,233
6578,233
6579,233
6580,233
6581,233
6582,233
6583,233
6584,233
6585,233
6586,233
6587,233
6588,233
6589,233
6590,233
6591,233
6592,234
6593,233
6594,233
6595,233
6596,234
6597,233
6598,234
6599,234
6600,234
6601,234
6602,234
6603,234
6604,234
6605,234
6606,234
6607,234
6608,234
6609,234
6610,234
6611,234
6612,234
6613,234
6614,234
6615,234
6616,234
6617,234
6618,234
6619,234
6620,234
6621,234
6622,234
6623,233
6624,233
6625,233
6626,233
6627,233
6628,233
6629,233
6630,234
6631,234
6632,234
6633,234
6634,234
6635,233
6636,234
6637,234
6638,234
6639,234
6640,234
6641,234
6642,234
6643,234
6644,233
6645,233
6646,233
6647,233
6648,233
6649,233
6650,233
6651,233
6652,233
6653,233
6654,233
6655,233
6656,233
6657,233
6658,233
6659,233
6660,233
6661,233
6662,233
6663,233
6664,233
6665,233
6666,233
6667,233
6668,233
6669,233
6670,233
6671,234
6672,234
6673,233
6674,234
6675,233
6676,234
6677,234
6678,234
6679,234
6680,234
6681,234
6682,234
6683,234
6684,234
6685,234
6686,234
6687,234
6688,234
6689,234
6690,234
6691,234
6692,234
6693,234
6694,234
6695,234
6696,234
6697,234
6698,234
6699,234
6700,234
6701,234
6702,234
6703,234
6704,234
6705,234
6706,234
6707,234
6708,234
6709,234
6710,234
6711,234
6712,234
6713,234
6714,234
6715,234
6716,234
6717,234
6718,234
6719,234
6720,234
6721,234
6722,234
6723,234
6724,234
6725,234
6726,234
6727,234
6728,234
6729,234
6730,234
6731,234
6732,234
6733,234
6734,234
6735,234
6736,234
6737,233
6738,233
6739,233
6740,233
6741,234
6742,233
6743,233
6744,233
6745,233
6746,233
6747,233
6748,233
6749,233
6750,233
6751,233
6752,233
6753,233
6754,233
6755,233
6756,234
6757,234
6758,234
6759,234
6760,234
6761,234
6762,233
6763,233
6764,233
6765,233
6766,233
6767,233
6768,233
6769,233
6770,233
6771,233
6772,234
6773,233
6774,234
6775,233
6776,233
6777,233
6778,233
6779,233
6780,234
6781,234
6782,234
6783,234
6784,233
6785,233
6786,233
6787,233
6788,233
6789,233
6790,233
6791,233
6792,233
6793,233
6794,233
6795,233
6796,233
6797,233
6798,233
6799,233
6800,233
6801,233
6802,233
6803,233
6804,232
6805,232
6806,232
6807,232
6808,232
6809,232
6810,232
6811,232
6812,232
6813,232
6814,232
6815,232
6816,232
6817,232
6818,232
6819,233
6820,232
6821,232
6822,233
6823,233
6824,233
6825,233
6826,233
6827,233
6828,233
6829,233
6830,233
6831,233
6832,233
6833,232
6834,232
6835,232
6836,232
6837,232
6838,232
6839,232
6840,232
6841,232
6842,232
6843,232
6844,232
6845,232
6846,232
6847,232
6848,232
6849,232
6850,232
6851,232
6852,232
6853,233
6854,232
6855,232
6856,232
6857,232
6858,233
6859,232
6860,232
6861,232
6862,232
6863,232
6864,232
6865,232
6866,232
6867,232
6868,232
6869,233
6870,233
6871,233
6872,232
6873,232
6874,232
6875,232
6876,232
6877,232
6878,232
6879,232
6880,232
6881,232
6882,232
6883,232
6884,232
6885,232
6886,232
6887,232
6888,232
6889,232
6890,232
6891,232
6892,232
6893,232
6894,232
6895,232
6896,232
6897,232
6898,232
6899,232
6900,232
6901,232
6902,232
6903,232
6904,232
6905,232
6906,232
6907,232
6908,232
6909,232
6910,232
6911,232
6912,232
6913,233
6914,233
6915,233
6916,233
6917,233
6918,233
6919,233
6920,233
6921,233
6922,233
6923,233
6924,233
6925,233
6926,233
6927,233
6928,233
6929,233
6930,232
6931,232
6932,232
6933,233
6934,233
6935,233
6936,232
6937,232
6938,233
6939,233
6940,232
6941,233
6942,233
6943,233
6944,233
6945,233
6946,233
6947,233
6948,233
6949,233
6950,233
6951,233
6952,233
6953,233
6954,233
6955,233
6956,233
6957,232
6958,232
6959,232
6960,232
6961,232
6962,232
6963,232
6964,232
6965,232
6966,232
6967,232
6968,232
6969,232
6970,232
6971,232
6972,232
6973,232
6974,232
6975,232
6976,232
6977,232
6978,232
6979,232
6980,232
6981,232
6982,232
6983,232
6984,232
6985,232
6986,232
6987,232
6988,232
6989,232
6990,232
6991,232
6992,232
6993,232
6994,232
6995,232
6996,232
6997,232
6998,231
6999,231
7000,232
7001,232
7002,232
7003,232
7004,232
7005,232
7006,232
7007,233
7008,233
7009,233
7010,233
7011,233
7012,233
7013,233
7014,233
7015,233
7016,233
7017,233
7018,234
7019,234
7020,234
7021,234
7022,234
7023,234
7024,234
7025,234
7026,234
7027,234
7028,234
7029,234
7030,234
7031,234
7032,234
7033,234
7034,234
7035,234
7036,234
7037,234
7038,234
7039,234
7040,234
7041,234
7042,235
7043,235
7044,235
7045,235
7046,235
7047,235
7048,234
7049,234
7050,234
7051,234
7052,235
7053,235
7054,234
7055,234
7056,235
7057,234
7058,234
7059,234
7060,234
7061,234
7062,234
7063,234
7064,234
7065,234
7066,234
7067,234
7068,234
7069,234
7070,234
7071,234
7072,234
7073,234
7074,234
7075,234
7076,234
7077,234
7078,234
7079,233
7080,234
7081,234
7082,234
7083,234
7084,234
7085,234
7086,234
7087,234
7088,234
7089,234
7090,234
7091,234
7092,234
7093,234
7094,234
7095,234
7096,234
7097,234
7098,234
7099,234
7100,234
7101,234
7102,234
7103,234
7104,234
7105,234
7106,234
7107,234
7108,234
7109,234
7110,234
7111,235
7112,235
7113,235
7114,235
7115,235
7116,235
7117,235
7118,235
7119,235
7120,235
7121,235
7122,235
7123,235
7124,235
7125,235
7126,235
7127,235
7128,236
7129,236
7130,236
7131,236
7132,236
7133,236
7134,236
7135,236
7136,235
7137,236
7138,236
7139,235
7140,235
7141,235
7142,235
7143,235
7144,235
7145,235
7146,235
7147,235
7148,235
7149,235
7150,236
7151,236
7152,235
7153,236
7154,235
7155,235
7156,235
7157,235
7158,235
7159,235
7160,235
7161,235
7162,235
7163,235
7164,235
7165,235
7166,235
7167,235
7168,235
7169,235
7170,235
7171,235
7172,235
7173,235
7174,236
7175,236
7176,236
7177,236
7178,236
7179,236
7180,235
7181,236
7182,236
7183,236
7184,236
7185,236
7186,235
7187,236
7188,236
7189,235
7190,236
7191,236
7192,235
7193,236
7194,235
7195,236
7196,236
7197,236
7198,236
7199,236
7200,236
7201,236
7202,236
7203,237
7204,237
7205,237
7206,236
7207,236
7208,236
7209,236
7210,236
7211,236
7212,236
7213,237
7214,237
7215,237
7216,237
7217,237
7218,237
7219,237
7220,237
7221,237
7222,237
7223,237
7224,237
7225,237
7226,237
7227,237
7228,237
7229,237
7230,237
7231,238
7232,238
7233,238
7234,238
7235,237
7236,237
7237,237
7238,237
7239,237
7240,237
7241,237
7242,237
7243,237
7244,237
7245,237
7246,237
7247,237
7248,237
7249,237
7250,237
7251,237
7252,237
7253,237
7254,237
7255,237
7256,237
7257,237
7258,237
7259,237
7260,237
7261,237
7262,237
7263,237
7264,237
7265,238
7266,237
7267,237
7268,237
7269,238
7270,238
7271,238
7272,238
7273,238
7274,238
7275,238
7276,238
7277,238
7278,238
7279,238
7280,238
7281,238
7282,238
7283,237
7284,238
7285,238
7286,238
7287,238
7288,238
7289,238
7290,238
7291,238
7292,238
7293,238
7294,238
7295,238
7296,238
7297,238
7298,238
7299,238
7300,238
7301,238
7302,238
7303,238
7304,238
7305,238
7306,238
7307,238
7308,238
7309,238
7310,238
7311,238
7312,238
7313,238
7314,238
7315,238
7316,238
7317,238
7318,238
7319,238
7320,238
7321,238
7322,238
7323,238
7324,238
7325,238
7326,239
7327,239
7328,239
7329,239
7330,239
7331,239
7332,238
7333,239
7334,239
7335,239
7336,238
7337,238
7338,239
7339,239
7340,239
7341,239
7342,239
7343,239
7344,239
7345,239
7346,239
7347,239
7348,238
7349,239
7350,239
7351,239
7352,238
7353,238
7354,238
7355,238
7356,238
7357,238
7358,238
7359,238
7360,238
7361,238
7362,238
7363,238
7364,238
7365,238
7366,238
7367,238
7368,238
7369,238
7370,238
7371,238
7372,238
7373,238
7374,238
7375,238
7376,238
7377,238
7378,238
7379,238
7380,238
7381,238
7382,238
7383,238
7384,238
7385,238
7386,238
7387,238
7388,238
7389,238
7390,238
7391,238
7392,238
7393,238
7394,238
7395,238
7396,238
7397,238
7398,238
7399,238
7400,238
7401,238
7402,238
7403,238
7404,238
7405,238
7406,238
7407,238
7408,238
7409,238
7410,238
7411,238
7412,238
7413,238
7414,238
7415,238
7416,238
7417,238
7418,238
7419,238
7420,238
7421,238
7422,238
7423,238
7424,238
7425,238
7426,238
7427,238
7428,238
7429,238
7430,238
7431,237
7432,238
7433,238
7434,238
7435,238
7436,238
7437,238
7438,238
7439,238
7440,238
7441,238
7442,238
7443,237
7444,237
7445,237
7446,238
7447,238
7448,238
7449,238
7450,238
7451,238
7452,238
7453,238
7454,238
7455,238
7456,238
7457,238
7458,238
7459,238
7460,238
7461,238
7462,238
7463,238
7464,238
7465,238
7466,238
7467,238
7468,238
7469,238
7470,238
7471,238
7472,238
7473,238
7474,238
7475,238
7476,238
7477,238
7478,238
7479,238
7480,237
7481,237
7482,237
7483,237
7484,237
7485,237
7486,237
7487,237
7488,237
7489,237
7490,237
7491,237
7492,237
7493,237
7494,237
7495,237
7496,237
7497,237
7498,237
7499,237
7500,237
7501,237
7502,237
7503,237
7504,237
7505,237
7506,237
7507,237
7508,237
7509,237
7510,237
7511,237
7512,237
7513,237
7514,237
7515,237
7516,237
7517,237
7518,237
7519,237
7520,237
7521,237
7522,237
7523,237
7524,237
7525,237
7526,237
7527,237
7528,237
7529,237
7530,238
7531,237
7532,237
7533,237
7534,237
7535,237
7536,237
7537,237
7538,237
7539,237
7540,237
7541,237
7542,237
7543,237
7544,237
7545,237
7546,237
7547,237
7548,237
7549,237
7550,237
7551,237
7552,237
7553,237
7554,237
7555,237
7556,237
7557,237
7558,237
7559,237
7560,237
7561,237
7562,237
7563,237
7564,237
7565,237
7566,237
7567,237
7568,237
7569,237
7570,237
7571,237
7572,237
7573,237
7574,237
7575,237
7576,237
7577,237
7578,237
7579,237
7580,237
7581,237
7582,237
7583,237
7584,237
7585,237
7586,237
7587,237
7588,237
7589,237
7590,237
7591,237
7592,237
7593,237
7594,237
7595,238
7596,238
7597,238
7598,238
7599,238
7600,238
7601,238
7602,238
7603,238
7604,237
7605,237
7606,237
7607,237
7608,237
7609,237
7610,238
7611,238
7612,238
7613,238
7614,238
7615,238
7616,238
7617,238
7618,238
7619,238
7620,238
7621,238
7622,238
7623,238
7624,238
7625,238
7626,238
7627,238
7628,238
7629,238
7630,238
7631,238
7632,238
7633,238
7634,238
7635,238
7636,238
7637,238
7638,238
7639,239
7640,239
7641,238
7642,238
7643,238
7644,238
7645,238
7646,239
7647,239
7648,239
7649,239
7650,239
7651,239
7652,239
7653,239
7654,239
7655,239
7656,239
7657,239
7658,239
7659,239
7660,239
7661,239
7662,239
7663,239
7664,239
7665,239
7666,239
7667,239
7668,239
7669,239
7670,240
7671,240
7672,240
7673,240
7674,240
7675,240
7676,240
7677,240
7678,240
7679,240
7680,240
7681,240
7682,240
7683,240
7684,240
7685,240
7686,240
7687,240
7688,240
7689,240
7690,240
7691,240
7692,240
7693,240
7694,240
7695,240
7696,240
7697,240
7698,240
7699,240
7700,240
7701,240
7702,240
7703,240
7704,239
7705,239
7706,239
7707,239
7708,239
7709,239
7710,239
7711,239
7712,239
7713,239
7714,239
7715,239
7716,239
7717,239
7718,239
7719,239
7720,239
7721,239
7722,239
7723,239
7724,239
7725,239
7726,240
7727,239
7728,240
7729,240
7730,240
7731,240
7732,240
7733,240
7734,240
7735,240
7736,240
7737,240
7738,240
7739,240
7740,240
7741,240
7742,240
7743,240
7744,240
7745,240
7746,240
7747,240
7748,240
7749,240
7750,240
7751,240
7752,240
7753,240
7754,240
7755,240
7756,240
7757,240
7758,240
7759,240
7760,240
7761,240
7762,240
7763,240
7764,241
7765,241
7766,240
7767,240
7768,240
7769,240
7770,240
7771,240
7772,241
7773,241
7774,240
7775,241
7776,241
7777,241
7778,241
7779,241
7780,241
7781,241
7782,240
7783,241
7784,241
7785,241
7786,241
7787,241
7788,241
7789,241
7790,241
7791,241
7792,241
7793,241
7794,241
7795,241
7796,241
7797,241
7798,241
7799,241
7800,241
7801,241
7802,241
7803,241
7804,241
7805,241
7806,241
7807,241
7808,241
7809,241
7810,241
7811,241
7812,241
7813,241
7814,241
7815,241
7816,241
7817,241
7818,241
7819,241
7820,241
7821,241
7822,241
7823,241
7824,241
7825,241
7826,242
7827,242
7828,241
7829,241
7830,241
7831,241
7832,241
7833,241
7834,241
7835,241
7836,242
7837,242
7838,242
7839,242
7840,242
7841,241
7842,242
7843,242
7844,242
7845,242
7846,241
7847,242
7848,241
7849,241
7850,241
7851,242
7852,242
7853,242
7854,242
7855,242
7856,242
7857,242
7858,242
7859,242
7860,242
7861,242
7862,242
7863,242
7864,242
7865,242
7866,242
7867,242
7868,242
7869,243
7870,243
7871,242
7872,243
7873,242
7874,242
7875,242
7876,242
7877,242
7878,242
7879,242
7880,242
7881,242
7882,242
7883,242
7884,242
7885,242
7886,242
7887,242
7888,242
7889,242
7890,242
7891,242
7892,242
7893,242
7894,242
7895,242
7896,242
7897,243
7898,242
7899,243
7900,243
7901,243
7902,243
7903,243
7904,243
7905,243
7906,243
7907,243
7908,243
7909,243
7910,243
7911,243
7912,243
7913,243
7914,243
7915,243
7916,243
7917,243
7918,243
7919,243
7920,243
7921,243
7922,243
7923,243
7924,243
7925,243
7926,243
7927,243
7928,243
7929,243
7930,243
7931,243
7932,243
7933,243
7934,243
7935,243
7936,243
7937,243
7938,243
7939,243
7940,243
7941,243
7942,243
7943,243
7944,243
7945,243
7946,243
7947,243
7948,243
7949,243
7950,243
7951,243
7952,243
7953,243
7954,243
7955,243
7956,243
7957,243
7958,243
7959,243
7960,243
7961,243
7962,243
7963,243
7964,243
7965,243
7966,243
7967,243
7968,244
7969,244
7970,244
7971,244
7972,244
7973,244
7974,244
7975,244
7976,244
7977,244
7978,244
7979,244
7980,244
7981,245
7982,244
7983,244
7984,244
7985,244
7986,244
7987,244
7988,244
7989,244
7990,244
7991,244
7992,244
7993,244
7994,244
7995,244
7996,244
7997,244
7998,244
7999,244
8000,244
8001,244
8002,244
8003,244
8004,244
8005,244
8006,244
8007,244
8008,244
8009,244
8010,244
8011,244
8012,244
8013,244
8014,244
8015,244
8016,244
8017,244
8018,244
8019,244
8020,244
8021,244
8022,244
8023,244
8024,244
8025,244
8026,244
8027,244
8028,244
8029,244
8030,244
8031,244
8032,244
8033,244
8034,244
8035,244
8036,244
8037,244
8038,244
8039,244
8040,244
8041,245
8042,245
8043,245
8044,245
8045,245
8046,245
8047,245
8048,245
8049,245
8050,245
8051,245
8052,245
8053,245
8054,246
8055,246
8056,246
8057,246
8058,246
8059,246
8060,246
8061,246
8062,246
8063,246
8064,246
8065,246
8066,246
8067,246
8068,246
8069,246
8070,246
8071,247
8072,247
8073,247
8074,247
8075,247
8076,247
8077,248
8078,248
8079,248
8080,248
8081,248
8082,248
8083,248
8084,248
8085,248
8086,248
8087,248
8088,248
8089,248
8090,248
8091,248
8092,248
8093,248
8094,248
8095,248
8096,247
8097,248
8098,248
8099,248
8100,248
8101,247
8102,247
8103,247
8104,247
8105,247
8106,247
8107,247
8108,247
8109,247
8110,247
8111,247
8112,247
8113,247
8114,247
8115,247
8116,247
8117,247
8118,247
8119,247
8120,247
8121,247
8122,247
8123,247
8124,247
8125,247
8126,247
8127,247
8128,247
8129,247
8130,247
8131,247
8132,247
8133,247
8134,247
8135,247
8136,247
8137,247
8138,247
8139,247
8140,247
8141,247
8142,247
8143,247
8144,247
8145,247
8146,247
8147,247
8148,247
8149,247
8150,247
8151,247
8152,247
8153,247
8154,247
8155,247
8156,247
8157,247
8158,248
8159,248
8160,248
8161,248
8162,248
8163,248
8164,247
8165,248
8166,248
8167,248
8168,248
8169,248
8170,248
8171,248
8172,248
8173,248
8174,248
8175,248
8176,248
8177,248
8178,248
8179,248
8180,248
8181,248
8182,248
8183,248
8184,248
8185,248
8186,248
8187,248
8188,248
8189,247
8190,247
8191,247
8192,247
8193,247
8194,247
8195,247
8196,247
8197,247
8198,247
8199,248
8200,248
8201,248
8202,247
8203,247
8204,247
8205,247
8206,248
8207,248
8208,248
8209,248
8210,247
8211,247
8212,247
8213,247
8214,247
8215,248
8216,248
8217,248
8218,248
8219,248
8220,248
8221,248
8222,248
8223,248
8224,248
8225,248
8226,248
8227,248
8228,248
8229,248
8230,248
8231,248
8232,248
8233,248
8234,248
8235,248
8236,248
8237,248
8238,248
8239,248
8240,248
8241,248
8242,248
8243,248
8244,248
8245,248
8246,248
8247,248
8248,248
8249,248
8250,248
8251,248
8252,248
8253,248
8254,248
8255,248
8256,248
8257,248
8258,248
8259,248
8260,248
8261,248
8262,248
8263,248
8264,248
8265,248
8266,248
8267,248
8268,248
8269,249
8270,249
8271,249
8272,249
8273,249
8274,249
8275,249
8276,249
8277,249
8278,249
8279,249
8280,249
8281,249
8282,249
8283,249
8284,249
8285,249
8286,249
8287,249
8288,249
8289,249
8290,249
8291,249
8292,249
8293,249
8294,249
8295,249
8296,249
8297,249
8298,249
8299,249
8300,249
8301,249
8302,249
8303,249
8304,249
8305,249
8306,249
8307,249
8308,249
8309,249
8310,249
8311,249
8312,249
8313,249
8314,249
8315,249
8316,249
8317,249
8318,249
8319,249
8320,250
8321,250
8322,249
8323,250
8324,250
8325,250
8326,250
8327,250
8328,250
8329,250
8330,250
8331,251
8332,251
8333,251
8334,251
8335,251
8336,251
8337,251
8338,251
8339,251
8340,251
8341,251
8342,251
8343,251
8344,250
8345,251
8346,251
8347,251
8348,251
8349,251
8350,251
8351,251
8352,251
8353,251
8354,251
8355,251
8356,251
8357,251
8358,251
8359,251
8360,251
8361,251
8362,251
8363,251
8364,251
8365,251
8366,251
8367,251
8368,251
8369,251
8370,251
8371,251
8372,251
8373,252
8374,252
8375,252
8376,252
8377,252
8378,252
8379,252
8380,252
8381,252
8382,252
8383,252
8384,252
8385,252
8386,252
8387,252
8388,252
8389,252
8390,253
8391,252
8392,253
8393,252
8394,252
8395,252
8396,252
8397,252
8398,252
8399,252
8400,252
8401,252
8402,252
8403,252
8404,253
8405,253
8406,253
8407,253
8408,253
8409,253
8410,253
8411,253
8412,253
8413,253
8414,254
8415,253
8416,253
8417,253
8418,253
8419,253
8420,253
8421,254
8422,254
8423,254
8424,254
8425,254
8426,254
8427,254
8428,254
8429,254
8430,254
8431,254
8432,254
8433,254
8434,254
8435,254
8436,254
8437,254
8438,254
8439,254
8440,254
8441,254
8442,254
8443,254
8444,254
8445,255
8446,254
8447,254
8448,254
8449,254
8450,254
8451,254
8452,254
8453,254
8454,254
8455,254
8456,254
8457,254
8458,254
8459,254
8460,254
8461,253
8462,253
8463,254
8464,254
8465,254
8466,254
8467,254
8468,254
8469,254
8470,254
8471,254
8472,254
8473,254
8474,254
8475,254
8476,254
8477,254
8478,254
8479,254
8480,254
8481,254
8482,254
8483,254
8484,254
8485,254
8486,255
8487,255
8488,255
8489,254
8490,254
8491,254
8492,254
8493,255
8494,255
8495,254
8496,255
8497,254
8498,254
8499,254
8500,254
8501,255
8502,254
8503,254
8504,254
8505,254
8506,254
8507,254
8508,254
8509,254
8510,254
8511,254
8512,254
8513,254
8514,254
8515,254
8516,254
8517,254
8518,253
8519,253
8520,253
8521,254
8522,254
8523,254
8524,254
8525,254
8526,254
8527,254
8528,254
8529,254
8530,255
8531,255
8532,255
8533,255
8534,255
8535,255
8536,255
8537,254
8538,255
8539,255
8540,255
8541,255
8542,255
8543,255
8544,255
8545,255
8546,255
8547,255
8548,255
8549,255
8550,255
8551,255
8552,256
8553,256
8554,256
8555,256
8556,256
8557,256
8558,256
8559,256
8560,256
8561,256
8562,257
8563,257
8564,257
8565,256
8566,256
8567,256
8568,256
8569,256
8570,257
8571,257
8572,256
8573,257
8574,257
8575,256
8576,256
8577,256
8578,256
8579,257
8580,257
8581,257
8582,257
8583,257
8584,257
8585,257
8586,257
8587,257
8588,257
8589,257
8590,257
8591,257
8592,257
8593,257
8594,256
8595,257
8596,257
8597,257
8598,257
8599,256
8600,257
8601,257
8602,257
8603,257
8604,257
8605,257
8606,257
8607,257
8608,257
8609,256
8610,256
8611,257
8612,257
8613,256
8614,256
8615,256
8616,256
8617,257
8618,257
8619,256
8620,257
8621,257
8622,257
8623,257
8624,257
8625,257
8626,257
8627,257
8628,257
8629,257
8630,257
8631,257
8632,257
8633,257
8634,257
8635,257
8636,257
8637,257
8638,257
8639,257
8640,257
8641,257
8642,257
8643,257
8644,257
8645,257
8646,257
8647,258
8648,258
8649,258
8650,257
8651,258
8652,257
8653,258
8654,257
8655,258
8656,258
8657,258
8658,258
8659,258
8660,258
8661,258
8662,258
8663,258
8664,258
8665,258
8666,258
8667,258
8668,258
8669,258
8670,259
8671,259
8672,259
8673,259
8674,259
8675,259
8676,259
8677,258
8678,259
8679,258
8680,259
8681,259
8682,259
8683,259
8684,259
8685,259
8686,259
8687,259
8688,259
8689,259
8690,259
8691,259
8692,259
8693,259
8694,259
8695,259
8696,259
8697,259
8698,259
8699,260
8700,259
8701,259
8702,259
8703,259
8704,259
8705,259
8706,260
8707,260
8708,260
8709,260
8710,260
8711,260
8712,260
8713,260
8714,260
8715,260
8716,259
8717,260
8718,259
8719,260
8720,260
8721,259
8722,259
8723,259
8724,259
8725,259
8726,259
8727,259
8728,259
8729,259
8730,259
8731,259
8732,259
8733,259
8734,260
8735,259
8736,259
8737,260
8738,260
8739,260
8740,260
8741,260
8742,260
8743,260
8744,260
8745,260
8746,260
8747,260
8748,260
8749,260
8750,260
8751,260
8752,260
8753,260
8754,260
8755,260
8756,260
8757,260
8758,260
8759,260
8760,260
8761,260
8762,260
8763,260
8764,260
8765,260
8766,260
8767,260
8768,260
8769,260
8770,260
8771,260
8772,260
8773,260
8774,260
8775,260
8776,260
8777,261
8778,261
8779,261
8780,261
8781,261
8782,261
8783,261
8784,261
8785,261
8786,261
8787,261
8788,262
8789,261
8790,262
8791,262
8792,262
8793,262
8794,262
8795,262
8796,262
8797,262
8798,262
8799,262
8800,262
8801,262
8802,262
8803,262
8804,262
8805,262
8806,261
8807,261
8808,261
8809,261
8810,261
8811,261
8812,261
8813,261
8814,261
8815,261
8816,261
8817,261
8818,261
8819,261
8820,261
8821,261
8822,261
8823,261
8824,261
8825,261
8826,262
8827,261
8828,261
8829,262
8830,262
8831,262
8832,262
8833,262
8834,262
8835,261
8836,261
8837,261
8838,261
8839,261
8840,261
8841,261
8842,261
8843,262
8844,261
8845,262
8846,261
8847,261
8848,261
8849,261
8850,262
8851,262
8852,262
8853,262
8854,262
8855,262
8856,262
8857,262
8858,262
8859,262
8860,262
8861,262
8862,262
8863,262
8864,262
8865,262
8866,262
8867,262
8868,262
8869,262
8870,262
8871,262
8872,262
8873,262
8874,262
8875,262
8876,262
8877,262
8878,262
8879,262
8880,262
8881,262
8882,262
8883,262
8884,262
8885,262
8886,262
8887,262
8888,262
8889,262
8890,262
8891,262
8892,262
8893,262
8894,262
8895,262
8896,262
8897,262
8898,262
8899,262
8900,262
8901,262
8902,262
8903,262
8904,262
8905,262
8906,262
8907,262
8908,262
8909,262
8910,262
8911,262
8912,262
8913,262
8914,262
8915,262
8916,262
8917,262
8918,262
8919,262
8920,262
8921,262
8922,262
8923,262
8924,262
8925,262
8926,262
8927,262
8928,262
8929,262
8930,262
8931,262
8932,262
8933,262
8934,262
8935,262
8936,262
8937,262
8938,262
8939,262
8940,262
8941,262
8942,262
8943,262
8944,262
8945,262
8946,262
8947,262
8948,262
8949,262
8950,262
8951,262
8952,262
8953,262
8954,262
8955,262
8956,263
8957,262
8958,262
8959,263
8960,263
8961,263
8962,263
8963,263
8964,263
8965,263
8966,263
8967,263
8968,263
8969,263
8970,263
8971,263
8972,263
8973,263
8974,263
8975,263
8976,263
8977,263
8978,263
8979,264
8980,264
8981,264
8982,264
8983,264
8984,264
8985,264
8986,264
8987,264
8988,264
8989,264
8990,264
8991,264
8992,264
8993,264
8994,264
8995,264
8996,264
8997,264
8998,264
8999,264
9000,264
9001,264
9002,264
9003,264
9004,264
9005,264
9006,264
9007,264
9008,264
9009,264
9010,264
9011,264
9012,264
9013,264
9014,264
9015,264
9016,264
9017,263
9018,263
9019,264
9020,264
9021,264
9022,264
9023,264
9024,264
9025,264
9026,264
9027,264
9028,264
9029,264
9030,264
9031,264
9032,264
9033,264
9034,264
9035,264
9036,265
9037,265
9038,265
9039,265
9040,265
9041,265
9042,265
9043,265
9044,265
9045,265
9046,265
9047,265
9048,265
9049,265
9050,265
9051,265
9052,265
9053,265
9054,265
9055,266
9056,266
9057,265
9058,265
9059,266
9060,266
9061,265
9062,265
9063,266
9064,266
9065,266
9066,266
9067,266
9068,266
9069,266
9070,266
9071,266
9072,266
9073,266
9074,266
9075,266
9076,266
9077,266
9078,266
9079,266
9080,266
9081,266
9082,266
9083,266
9084,266
9085,266
9086,265
9087,265
9088,266
9089,266
9090,266
9091,266
9092,266
9093,266
9094,266
9095,266
9096,266
9097,266
9098,266
9099,265
9100,265
9101,265
9102,265
9103,265
9104,265
9105,265
9106,265
9107,265
9108,266
9109,265
9110,265
9111,266
9112,266
9113,266
9114,266
9115,267
9116,267
9117,267
9118,266
9119,266
9120,266
9121,266
9122,267
9123,266
9124,266
9125,267
9126,267
9127,267
9128,267
9129,267
9130,267
9131,267
9132,267
9133,267
9134,267
9135,267
9136,267
9137,268
9138,268
9139,268
9140,267
9141,268
9142,267
9143,268
9144,267
9145,268
9146,267
9147,267
9148,267
9149,268
9150,268
9151,268
9152,268
9153,268
9154,268
9155,268
9156,268
9157,267
9158,267
9159,267
9160,267
9161,268
9162,268
9163,268
9164,268
9165,268
9166,267
9167,267
9168,268
9169,268
9170,268
9171,268
9172,267
9173,268
9174,267
9175,267
9176,268
9177,268
9178,268
9179,268
9180,268
9181,268
9182,268
9183,268
9184,269
9185,269
9186,269
9187,269
9188,269
9189,269
9190,269
9191,269
9192,269
9193,269
9194,269
9195,269
9196,269
9197,269
9198,269
9199,269
9200,269
9201,270
9202,269
9203,270
9204,270
9205,270
9206,270
9207,270
9208,270
9209,270
9210,270
9211,270
9212,270
9213,270
9214,270
9215,270
9216,271
9217,271
9218,271
9219,271
9220,271
9221,271
9222,270
9223,270
9224,270
9225,271
9226,271
9227,271
9228,271
9229,271
9230,271
9231,271
9232,271
9233,271
9234,271
9235,271
9236,271
9237,271
9238,271
9239,271
9240,271
9241,271
9242,271
9243,271
9244,272
9245,272
9246,272
9247,272
9248,272
9249,272
9250,272
9251,272
9252,272
9253,272
9254,272
9255,272
9256,272
9257,272
9258,272
9259,272
9260,272
9261,272
9262,272
9263,272
9264,272
9265,272
9266,272
9267,272
9268,272
9269,272
9270,272
9271,273
9272,273
9273,273
9274,273
9275,273
9276,273
9277,273
9278,273
9279,273
9280,273
9281,273
9282,273
9283,273
9284,273
9285,273
9286,273
9287,273
9288,273
9289,273
9290,273
9291,273
9292,273
9293,273
9294,273
9295,273
9296,273
9297,273
9298,273
9299,273
9300,273
9301,273
9302,273
9303,273
9304,273
9305,273
9306,273
9307,273
9308,273
9309,273
9310,273
9311,273
9312,273
9313,273
9314,273
9315,273
9316,273
9317,273
9318,273
9319,273
9320,273
9321,273
9322,273
9323,273
9324,273
9325,273
9326,273
9327,273
9328,273
9329,273
9330,273
9331,273
9332,273
9333,273
9334,273
9335,273
9336,273
9337,273
9338,273
9339,273
9340,273
9341,273
9342,273
9343,273
9344,273
9345,273
9346,273
9347,273
9348,273
9349,273
9350,273
9351,273
9352,273
9353,273
9354,273
9355,273
9356,273
9357,273
9358,273
9359,274
9360,274
9361,274
9362,274
9363,274
9364,274
9365,274
9366,274
9367,274
9368,274
9369,274
9370,274
9371,274
9372,274
9373,274
9374,274
9375,274
9376,274
9377,274
9378,274
9379,274
9380,274
9381,274
9382,274
9383,274
9384,274
9385,274
9386,274
9387,274
9388,274
9389,274
9390,274
9391,274
9392,274
9393,274
9394,274
9395,274
9396,274
9397,274
9398,274
9399,274
9400,274
9401,274
9402,274
9403,274
9404,274
9405,274
9406,274
9407,274
9408,275
9409,274
9410,274
9411,274
9412,274
9413,274
9414,274
9415,274
9416,274
9417,274
9418,274
9419,274
9420,274
9421,275
9422,275
9423,275
9424,275
9425,275
9426,275
9427,275
9428,275
9429,275
9430,275
9431,275
9432,275
9433,275
9434,275
9435,275
9436,275
9437,275
9438,275
9439,275
9440,275
9441,275
9442,275
9443,275
9444,275
9445,275
9446,275
9447,275
9448,275
9449,275
9450,275
9451,275
9452,275
9453,276
9454,275
9455,275
9456,276
9457,276
9458,276
9459,276
9460,276
9461,276
9462,276
9463,276
9464,276
9465,276
9466,276
9467,276
9468,276
9469,276
9470,276
9471,276
9472,276
9473,276
9474,276
9475,277
9476,277
9477,277
9478,277
9479,277
9480,277
9481,277
9482,277
9483,277
9484,277
9485,277
9486,277
9487,277
9488,277
9489,277
9490,277
9491,277
9492,277
9493,277
9494,277
9495,277
9496,277
9497,277
9498,277
9499,277
9500,277
9501,277
9502,277
9503,277
9504,277
9505,277
9506,277
9507,277
9508,277
9509,277
9510,277
9511,277
9512,277
9513,277
9514,277
9515,277
9516,277
9517,277
9518,277
9519,278
9520,277
9521,277
9522,277
9523,277
9524,277
9525,277
9526,277
9527,278
9528,278
9529,278
9530,278
9531,278
9532,278
9533,278
9534,278
9535,278
9536,278
9537,278
9538,278
9539,279
9540,279
9541,279
9542,279
9543,279
9544,279
9545,279
9546,279
9547,279
9548,278
9549,279
9550,279
9551,278
9552,279
9553,279
9554,279
9555,279
9556,279
9557,278
9558,278
9559,279
9560,278
9561,279
9562,279
9563,279
9564,279
9565,279
9566,279
9567,279
9568,279
9569,279
9570,279
9571,279
9572,279
9573,279
9574,279
9575,279
9576,279
9577,278
9578,279
9579,279
9580,279
9581,279
9582,279
9583,279
9584,279
9585,278
9586,279
9587,279
9588,278
9589,278
9590,278
9591,278
9592,278
9593,279
9594,279
9595,278
9596,279
9597,278
9598,278
9599,278
9600,278
9601,278
9602,279
9603,279
9604,279
9605,279
9606,279
9607,279
9608,279
9609,279
9610,279
9611,279
9612,279
9613,279
9614,279
9615,279
9616,279
9617,279
9618,279
9619,279
9620,279
9621,279
9622,279
9623,279
9624,279
9625,279
9626,279
9627,279
9628,279
9629,279
9630,279
9631,279
9632,279
9633,279
9634,279
9635,279
9636,279
9637,279
9638,279
9639,280
9640,280
9641,280
9642,280
9643,280
9644,280
9645,280
9646,280
9647,280
9648,280
9649,280
9650,280
9651,280
9652,280
9653,280
9654,280
9655,280
9656,280
9657,281
9658,281
9659,281
9660,281
9661,281
9662,281
9663,281
9664,280
9665,281
9666,281
9667,281
9668,281
9669,281
9670,281
9671,281
9672,281
9673,281
9674,281
9675,281
9676,281
9677,281
9678,280
9679,281
9680,281
9681,281
9682,281
9683,281
9684,281
9685,281
9686,281
9687,281
9688,280
9689,281
9690,280
9691,281
9692,281
9693,281
9694,281
9695,281
9696,280
9697,281
9698,281
9699,281
9700,281
9701,281
9702,281
9703,281
9704,280
9705,280
9706,281
9707,281
9708,281
9709,281
9710,280
9711,280
9712,280
9713,281
9714,281
9715,281
9716,281
9717,281
9718,281
9719,281
9720,281
9721,281
9722,281
9723,281
9724,281
9725,281
9726,281
9727,281
9728,281
9729,281
9730,281
9731,281
9732,281
9733,281
9734,281
9735,281
9736,282
9737,282
9738,281
9739,281
9740,282
9741,282
9742,282
9743,282
9744,282
9745,282
9746,282
9747,282
9748,282
9749,282
9750,282
9751,282
9752,282
9753,282
9754,282
9755,282
9756,282
9757,282
9758,282
9759,283
9760,282
9761,283
9762,282
9763,283
9764,283
9765,283
9766,283
9767,283
9768,283
9769,282
9770,283
9771,283
9772,283
9773,283
9774,283
9775,283
9776,283
9777,282
9778,283
9779,283
9780,282
9781,282
9782,282
9783,282
9784,282
9785,283
9786,283
9787,283
9788,283
9789,283
9790,283
9791,283
9792,283
9793,283
9794,283
9795,283
9796,283
9797,283
9798,283
9799,283
9800,283
9801,283
9802,283
9803,283
9804,283
9805,283
9806,283
9807,283
9808,283
9809,283
9810,283
9811,283
9812,283
9813,283
9814,284
9815,284
9816,283
9817,284
9818,284
9819,284
9820,284
9821,284
9822,283
9823,283
9824,283
9825,283
9826,283
9827,283
9828,283
9829,283
9830,283
9831,283
9832,283
9833,283
9834,283
9835,283
9836,283
9837,284
9838,284
9839,284
9840,284
9841,284
9842,284
9843,284
9844,284
9845,284
9846,284
9847,284
9848,284
9849,285
9850,285
9851,285
9852,285
9853,285
9854,285
9855,285
9856,285
9857,285
9858,285
9859,285
9860,285
9861,285
9862,285
9863,285
9864,285
9865,285
9866,285
9867,284
9868,284
9869,284
9870,284
9871,284
9872,284
9873,285
9874,284
9875,284
9876,284
9877,285
9878,284
9879,284
9880,285
9881,285
9882,285
9883,285
9884,285
9885,285
9886,285
9887,286
9888,285
9889,285
9890,285
9891,285
9892,285
9893,285
9894,285
9895,286
9896,286
9897,286
9898,286
9899,286
9900,286
9901,286
9902,285
9903,285
9904,285
9905,285
9906,285
9907,285
9908,285
9909,285
9910,285
9911,285
9912,285
9913,285
9914,285
9915,285
9916,285
9917,285
9918,285
9919,285
9920,285
9921,285
9922,285
9923,285
9924,285
9925,285
9926,285
9927,285
9928,285
9929,285
9930,285
9931,285
9932,285
9933,285
9934,285
9935,285
9936,285
9937,285
9938,285
9939,285
9940,285
9941,285
9942,285
9943,285
9944,286
9945,286
9946,286
9947,286
9948,286
9949,285
9950,285
9951,285
9952,285
9953,285
9954,285
9955,286
9956,286
9957,286
9958,286
9959,286
9960,286
9961,286
9962,286
9963,286
9964,286
9965,285
9966,286
9967,286
9968,286
9969,286
9970,286
9971,286
9972,286
9973,286
9974,286
9975,286
9976,286
9977,286
9978,286
9979,286
9980,286
9981,286
9982,287
9983,287
9984,287
9985,286
9986,286
9987,286
9988,286
9989,287
9990,287
9991,286
9992,286
9993,287
9994,287
9995,287
9996,287
9997,287
9998,287
9999,287
