0,150
1,150
2,150
3,150
4,150
5,150
6,150
7,150
8,150
9,150
10,150
11,150
12,150
13,150
14,150
15,150
16,150
17,150
18,150
19,150
20,150
21,150
22,150
23,150
24,150
25,150
26,150
27,150
28,150
29,150
30,150
31,150
32,150
33,150
34,150
35,150
36,150
37,150
38,150
39,150
40,150
41,150
42,150
43,150
44,150
45,150
46,150
47,150
48,150
49,150
50,150
51,150
52,150
53,150
54,150
55,150
56,150
57,150
58,150
59,150
60,150
61,150
62,150
63,150
64,150
65,150
66,150
67,150
68,150
69,150
70,150
71,150
72,150
73,149
74,150
75,150
76,150
77,150
78,150
79,150
80,150
81,150
82,150
83,150
84,150
85,150
86,150
87,150
88,150
89,150
90,150
91,150
92,150
93,150
94,150
95,150
96,150
97,150
98,150
99,150
100,150
101,150
102,150
103,150
104,150
105,150
106,150
107,150
108,150
109,149
110,149
111,149
112,150
113,150
114,150
115,150
116,150
117,150
118,150
119,150
120,150
121,150
122,150
123,150
124,150
125,150
126,150
127,150
128,150
129,150
130,150
131,150
132,150
133,150
134,150
135,150
136,150
137,150
138,150
139,150
140,150
141,150
142,150
143,150
144,150
145,150
146,150
147,150
148,150
149,150
150,150
151,150
152,150
153,150
154,150
155,150
156,150
157,150
158,150
159,150
160,150
161,150
162,150
163,150
164,150
165,150
166,150
167,150
168,150
169,150
170,150
171,150
172,150
173,150
174,150
175,150
176,151
177,151
178,151
179,150
180,150
181,151
182,151
183,151
184,151
185,151
186,151
187,150
188,151
189,151
190,151
191,151
192,151
193,150
194,150
195,151
196,151
197,150
198,150
199,151
200,150
201,150
202,150
203,151
204,150
205,150
206,150
207,150
208,150
209,150
210,150
211,150
212,150
213,150
214,150
215,150
216,150
217,150
218,150
219,150
220,150
221,150
222,150
223,150
224,150
225,150
226,150
227,150
228,150
229,149
230,149
231,150
232,150
233,150
234,150
235,150
236,150
237,150
238,150
239,150
240,150
241,150
242,150
243,150
244,150
245,150
246,150
247,149
248,149
249,149
250,149
251,149
252,149
253,149
254,150
255,150
256,150
257,150
258,150
259,150
260,150
261,150
262,150
263,150
264,151
265,151
266,151
267,151
268,151
269,151
270,151
271,151
272,151
273,151
274,151
275,151
276,151
277,151
278,151
279,151
280,151
281,151
282,151
283,151
284,151
285,151
286,151
287,151
288,151
289,151
290,151
291,151
292,151
293,151
294,151
295,151
296,151
297,151
298,151
299,151
300,151
301,151
302,151
303,151
304,151
305,152
306,152
307,152
308,152
309,152
310,152
311,152
312,152
313,152
314,152
315,152
316,152
317,152
318,152
319,152
320,152
321,152
322,152
323,152
324,152
325,152
326,152
327,153
328,152
329,152
330,152
331,152
332,153
333,152
334,152
335,153
336,153
337,153
338,153
339,153
340,153
341,153
342,153
343,153
344,153
345,153
346,153
347,153
348,153
349,153
350,153
351,153
352,153
353,153
354,153
355,153
356,153
357,153
358,153
359,153
360,153
361,153
362,153
363,153
364,153
365,153
366,153
367,153
368,153
369,153
370,153
371,153
372,153
373,153
374,153
375,153
376,153
377,153
378,153
379,153
380,153
381,153
382,153
383,153
384,153
385,153
386,153
387,153
388,153
389,153
390,153
391,153
392,153
393,153
394,153
395,153
396,153
397,153
398,153
399,153
400,153
401,153
402,154
403,153
404,154
405,154
406,154
407,153
408,153
409,153
410,153
411,153
412,153
413,153
414,153
415,153
416,153
417,153
418,153
419,153
420,154
421,153
422,153
423,153
424,153
425,153
426,153
427,153
428,153
429,153
430,153
431,153
432,153
433,153
434,153
435,153
436,153
437,153
438,153
439,153
440,153
441,153
442,153
443,153
444,153
445,153
446,153
447,153
448,153
449,153
450,154
451,154
452,154
453,154
454,154
455,154
456,154
457,154
458,154
459,154
460,154
461,155
462,154
463,155
464,155
465,155
466,155
467,155
468,155
469,155
470,155
471,155
472,155
473,155
474,155
475,155
476,155
477,155
478,155
479,155
480,155
481,155
482,155
483,155
484,155
485,155
486,155
487,155
488,155
489,155
490,155
491,155
492,155
493,155
494,155
495,155
496,155
497,155
498,155
499,155
500,155
501,155
502,155
503,155
504,155
505,155
506,156
507,155
508,156
509,155
510,155
511,155
512,155
513,155
514,155
515,155
516,155
517,156
518,155
519,155
520,155
521,155
522,155
523,155
524,155
525,155
526,155
527,154
528,155
529,155
530,155
531,155
532,155
533,155
534,154
535,154
536,154
537,154
538,154
539,154
540,154
541,154
542,154
543,154
544,154
545,154
546,154
547,154
548,155
549,155
550,155
551,155
552,155
553,155
554,155
555,155
556,155
557,155
558,155
559,155
560,155
561,155
562,155
563,155
564,154
565,154
566,154
567,155
568,154
569,154
570,154
571,154
572,154
573,154
574,154
575,154
576,154
577,154
578,154
579,154
580,154
581,154
582,154
583,154
584,154
585,154
586,154
587,155
588,155
589,155
590,155
591,155
592,155
593,155
594,155
595,155
596,155
597,155
598,155
599,155
600,155
601,155
602,155
603,155
604,155
605,155
606,155
607,156
608,156
609,156
610,155
611,155
612,155
613,155
614,156
615,156
616,156
617,156
618,156
619,156
620,156
621,155
622,155
623,155
624,155
625,155
626,155
627,155
628,155
629,155
630,155
631,155
632,155
633,155
634,155
635,155
636,155
637,155
638,155
639,155
640,156
641,156
642,156
643,156
644,156
645,156
646,156
647,156
648,156
649,156
650,156
651,156
652,156
653,156
654,156
655,156
656,156
657,156
658,156
659,156
660,157
661,156
662,156
663,156
664,156
665,156
666,156
667,156
668,156
669,156
670,156
671,157
672,157
673,156
674,156
675,156
676,156
677,157
678,157
679,157
680,157
681,157
682,157
683,158
684,158
685,157
686,158
687,158
688,158
689,158
690,157
691,158
692,158
693,158
694,158
695,158
696,158
697,158
698,158
699,158
700,158
701,158
702,158
703,159
704,158
705,158
706,158
707,158
708,158
709,158
710,158
711,158
712,158
713,158
714,158
715,158
716,158
717,158
718,158
719,158
720,158
721,158
722,158
723,158
724,158
725,158
726,158
727,158
728,158
729,158
730,158
731,158
732,158
733,158
734,158
735,158
736,159
737,159
738,159
739,159
740,159
741,159
742,159
743,159
744,159
745,159
746,160
747,159
748,159
749,160
750,160
751,160
752,161
753,161
754,161
755,161
756,161
757,161
758,161
759,161
760,161
761,161
762,161
763,161
764,161
765,161
766,161
767,161
768,161
769,161
770,161
771,161
772,161
773,161
774,161
775,161
776,161
777,161
778,161
779,162
780,162
781,161
782,161
783,161
784,161
785,162
786,162
787,162
788,162
789,162
790,162
791,162
792,162
793,162
794,162
795,162
796,162
797,162
798,162
799,162
800,162
801,162
802,162
803,163
804,163
805,163
806,163
807,163
808,163
809,163
810,163
811,163
812,163
813,163
814,163
815,163
816,163
817,163
818,163
819,163
820,163
821,163
822,163
823,163
824,163
825,163
826,163
827,163
828,163
829,163
830,163
831,163
832,163
833,163
834,163
835,163
836,163
837,163
838,163
839,163
840,163
841,163
842,163
843,164
844,163
845,163
846,163
847,163
848,163
849,163
850,163
851,163
852,163
853,163
854,163
855,163
856,163
857,163
858,163
859,163
860,163
861,163
862,163
863,163
864,163
865,163
866,163
867,163
868,163
869,163
870,163
871,163
872,164
873,164
874,163
875,164
876,164
877,163
878,163
879,163
880,163
881,163
882,164
883,164
884,163
885,164
886,164
887,164
888,164
889,163
890,163
891,164
892,164
893,164
894,164
895,164
896,164
897,164
898,164
899,164
900,164
901,164
902,164
903,164
904,164
905,164
906,164
907,164
908,164
909,164
910,164
911,164
912,165
913,165
914,165
915,165
916,165
917,165
918,165
919,165
920,165
921,165
922,164
923,164
924,165
925,165
926,165
927,165
928,165
929,165
930,165
931,165
932,165
933,165
934,165
935,165
936,165
937,165
938,165
939,165
940,165
941,165
942,164
943,164
944,164
945,164
946,164
947,164
948,164
949,164
950,164
951,164
952,164
953,164
954,164
955,164
956,164
957,164
958,164
959,164
960,164
961,164
962,164
963,164
964,164
965,164
966,164
967,164
968,164
969,164
970,164
971,164
972,164
973,164
974,164
975,164
976,164
977,164
978,164
979,164
980,164
981,164
982,164
983,164
984,164
985,164
986,164
987,164
988,164
989,164
990,165
991,165
992,165
993,165
994,165
995,165
996,165
997,165
998,165
999,165
1000,165
1001,165
1002,165
1003,165
1004,165
1005,164
1006,165
1007,164
1008,164
1009,164
1010,164
1011,164
1012,164
1013,164
1014,164
1015,164
1016,164
1017,164
1018,164
1019,164
1020,164
1021,164
1022,164
1023,164
1024,164
1025,164
1026,164
1027,164
1028,164
1029,164
1030,164
1031,164
1032,164
1033,164
1034,164
1035,164
1036,164
1037,164
1038,164
1039,165
1040,165
1041,165
1042,165
1043,165
1044,165
1045,165
1046,165
1047,164
1048,164
1049,164
1050,164
1051,164
1052,164
1053,164
1054,164
1055,164
1056,164
1057,164
1058,164
1059,165
1060,165
1061,165
1062,165
1063,165
1064,165
1065,165
1066,165
1067,165
1068,165
1069,165
1070,165
1071,165
1072,165
1073,165
1074,165
1075,165
1076,165
1077,165
1078,166
1079,166
1080,166
1081,166
1082,166
1083,166
1084,166
1085,166
1086,166
1087,166
1088,166
1089,166
1090,166
1091,166
1092,166
1093,166
1094,166
1095,166
1096,166
1097,166
1098,166
1099,166
1100,166
1101,166
1102,166
1103,166
1104,166
1105,166
1106,166
1107,166
1108,166
1109,166
1110,166
1111,166
1112,166
1113,166
1114,166
1115,166
1116,166
1117,166
1118,166
1119,166
1120,166
1121,166
1122,166
1123,166
1124,166
1125,166
1126,166
1127,166
1128,166
1129,166
1130,166
1131,166
1132,166
1133,166
1134,166
1135,166
1136,166
1137,166
1138,166
1139,166
1140,166
1141,166
1142,166
1143,166
1144,166
1145,166
1146,166
1147,166
1148,166
1149,166
1150,167
1151,166
1152,166
1153,166
1154,166
1155,166
1156,167
1157,166
1158,167
1159,167
1160,167
1161,167
1162,167
1163,167
1164,167
1165,167
1166,167
1167,167
1168,167
1169,167
1170,167
1171,167
1172,167
1173,167
1174,167
1175,167
1176,167
1177,167
1178,167
1179,167
1180,168
1181,168
1182,168
1183,168
1184,168
1185,167
1186,167
1187,167
1188,167
1189,167
1190,167
1191,167
1192,167
1193,167
1194,167
1195,167
1196,167
1197,167
1198,167
1199,167
1200,168
1201,168
1202,168
1203,168
1204,168
1205,168
1206,168
1207,168
1208,168
1209,168
1210,168
1211,168
1212,168
1213,168
1214,168
1215,168
1216,168
1217,168
1218,168
1219,168
1220,168
1221,168
1222,168
1223,168
1224,168
1225,168
1226,168
1227,168
1228,168
1229,168
1230,168
1231,168
1232,168
1233,168
1234,168
1235,168
1236,168
1237,168
1238,168
1239,168
1240,168
1241,168
1242,168
1243,168
1244,168
1245,168
1246,168
1247,168
1248,168
1249,169
1250,169
1251,169
1252,169
1253,169
1254,169
1255,169
1256,169
1257,169
1258,169
1259,169
1260,169
1261,169
1262,169
1263,169
1264,169
1265,169
1266,169
1267,169
1268,169
1269,169
1270,169
1271,169
1272,169
1273,169
1274,169
1275,169
1276,169
1277,169
1278,169
1279,169
1280,169
1281,169
1282,169
1283,169
1284,170
1285,170
1286,170
1287,170
1288,170
1289,170
1290,170
1291,170
1292,170
1293,170
1294,170
1295,170
1296,170
1297,170
1298,170
1299,170
1300,170
1301,170
1302,170
1303,170
1304,170
1305,170
1306,170
1307,170
1308,170
1309,170
1310,170
1311,170
1312,170
1313,170
1314,170
1315,170
1316,170
1317,170
1318,170
1319,170
1320,170
1321,170
1322,170
1323,170
1324,171
1325,171
1326,171
1327,170
1328,170
1329,170
1330,170
1331,170
1332,170
1333,170
1334,171
1335,170
1336,170
1337,170
1338,171
1339,170
1340,170
1341,171
1342,170
1343,170
1344,170
1345,171
1346,171
1347,171
1348,170
1349,171
1350,170
1351,170
1352,170
1353,171
1354,171
1355,171
1356,171
1357,171
1358,171
1359,171
1360,171
1361,171
1362,171
1363,171
1364,171
1365,171
1366,171
1367,171
1368,171
1369,171
1370,171
1371,171
1372,172
1373,172
1374,172
1375,172
1376,172
1377,172
1378,171
1379,171
1380,172
1381,172
1382,172
1383,172
1384,172
1385,172
1386,172
1387,172
1388,172
1389,172
1390,172
1391,172
1392,172
1393,172
1394,172
1395,172
1396,172
1397,172
1398,172
1399,172
1400,172
1401,173
1402,173
1403,173
1404,173
1405,173
1406,173
1407,172
1408,172
1409,172
1410,173
1411,172
1412,173
1413,173
1414,172
1415,172
1416,173
1417,173
1418,173
1419,173
1420,172
1421,172
1422,172
1423,172
1424,173
1425,173
1426,173
1427,172
1428,172
1429,172
1430,172
1431,172
1432,172
1433,173
1434,173
1435,173
1436,173
1437,173
1438,173
1439,173
1440,173
1441,173
1442,173
1443,173
1444,173
1445,173
1446,173
1447,173
1448,173
1449,173
1450,173
1451,173
1452,173
1453,173
1454,173
1455,173
1456,173
1457,173
1458,173
1459,173
1460,173
1461,173
1462,173
1463,173
1464,173
1465,173
1466,173
1467,172
1468,172
1469,172
1470,172
1471,172
1472,172
1473,173
1474,173
1475,173
1476,173
1477,173
1478,173
1479,173
1480,173
1481,173
1482,173
1483,173
1484,173
1485,173
1486,173
1487,173
1488,173
1489,173
1490,173
1491,173
1492,173
1493,173
1494,173
1495,173
1496,173
1497,173
1498,173
1499,173
1500,173
1501,173
1502,173
1503,173
1504,173
1505,173
1506,173
1507,173
1508,173
1509,173
1510,173
1511,173
1512,173
1513,173
1514,173
1515,173
1516,173
1517,173
1518,173
1519,173
1520,173
1521,173
1522,173
1523,173
1524,173
1525,172
1526,172
1527,172
1528,172
1529,172
1530,172
1531,172
1532,172
1533,172
1534,172
1535,172
1536,172
1537,172
1538,172
1539,172
1540,172
1541,172
1542,172
1543,172
1544,172
1545,172
1546,172
1547,172
1548,172
1549,172
1550,172
1551,172
1552,172
1553,172
1554,172
1555,172
1556,172
1557,172
1558,172
1559,172
1560,172
1561,172
1562,172
1563,172
1564,172
1565,172
1566,172
1567,172
1568,172
1569,172
1570,172
1571,172
1572,172
1573,172
1574,172
1575,172
1576,172
1577,172
1578,172
1579,172
1580,172
1581,172
1582,171
1583,171
1584,171
1585,172
1586,172
1587,172
1588,172
1589,172
1590,172
1591,171
1592,171
1593,171
1594,171
1595,172
1596,172
1597,172
1598,172
1599,172
1600,172
1601,172
1602,172
1603,172
1604,172
1605,172
1606,172
1607,172
1608,172
1609,172
1610,173
1611,172
1612,173
1613,172
1614,172
1615,173
1616,173
1617,173
1618,173
1619,173
1620,173
1621,173
1622,173
1623,173
1624,173
1625,173
1626,173
1627,173
1628,173
1629,173
1630,173
1631,173
1632,173
1633,173
1634,174
1635,173
1636,174
1637,173
1638,173
1639,174
1640,174
1641,174
1642,173
1643,173
1644,174
1645,174
1646,174
1647,173
1648,173
1649,173
1650,173
1651,173
1652,173
1653,173
1654,173
1655,173
1656,173
1657,173
1658,173
1659,173
1660,173
1661,173
1662,173
1663,173
1664,173
1665,173
1666,173
1667,173
1668,173
1669,173
1670,173
1671,173
1672,173
1673,174
1674,174
1675,174
1676,174
1677,174
1678,174
1679,174
1680,174
1681,173
1682,174
1683,174
1684,173
1685,174
1686,174
1687,173
1688,173
1689,173
1690,173
1691,173
1692,173
1693,173
1694,173
1695,173
1696,173
1697,173
1698,173
1699,173
1700,173
1701,173
1702,173
1703,173
1704,173
1705,174
1706,174
1707,174
1708,174
1709,174
1710,174
1711,174
1712,174
1713,174
1714,174
1715,174
1716,174
1717,173
1718,174
1719,174
1720,174
1721,174
1722,174
1723,174
1724,174
1725,174
1726,173
1727,173
1728,173
1729,173
1730,174
1731,174
1732,174
1733,174
1734,174
1735,173
1736,173
1737,173
1738,173
1739,173
1740,174
1741,174
1742,174
1743,174
1744,174
1745,174
1746,174
1747,174
1748,174
1749,174
1750,174
1751,174
1752,174
1753,174
1754,174
1755,174
1756,174
1757,174
1758,174
1759,174
1760,174
1761,174
1762,174
1763,174
1764,174
1765,174
1766,174
1767,174
1768,174
1769,174
1770,174
1771,174
1772,174
1773,174
1774,174
1775,174
1776,174
1777,174
1778,174
1779,174
1780,174
1781,174
1782,174
1783,174
1784,174
1785,174
1786,174
1787,174
1788,174
1789,174
1790,174
1791,174
1792,174
1793,174
1794,174
1795,174
1796,174
1797,174
1798,174
1799,175
1800,175
1801,175
1802,175
1803,175
1804,175
1805,175
1806,175
1807,175
1808,175
1809,175
1810,175
1811,175
1812,175
1813,175
1814,175
1815,175
1816,175
1817,175
1818,175
1819,175
1820,175
1821,175
1822,175
1823,175
1824,175
1825,175
1826,175
1827,175
1828,175
1829,175
1830,175
1831,175
1832,175
1833,175
1834,175
1835,175
1836,175
1837,175
1838,175
1839,175
1840,175
1841,175
1842,175
1843,175
1844,175
1845,175
1846,175
1847,175
1848,175
1849,175
1850,175
1851,175
1852,175
1853,175
1854,175
1855,175
1856,175
1857,175
1858,175
1859,175
1860,175
1861,175
1862,175
1863,175
1864,175
1865,175
1866,175
1867,175
1868,175
1869,175
1870,175
1871,175
1872,175
1873,175
1874,175
1875,175
1876,175
1877,175
1878,175
1879,175
1880,175
1881,176
1882,176
1883,176
1884,176
1885,176
1886,176
1887,176
1888,176
1889,176
1890,176
1891,176
1892,176
1893,176
1894,176
1895,176
1896,176
1897,176
1898,176
1899,176
1900,176
1901,176
1902,176
1903,176
1904,176
1905,176
1906,176
1907,177
1908,177
1909,177
1910,177
1911,176
1912,177
1913,177
1914,177
1915,177
1916,177
1917,177
1918,177
1919,177
1920,177
1921,177
1922,177
1923,177
1924,177
1925,177
1926,177
1927,178
1928,178
1929,178
1930,178
1931,178
1932,178
1933,178
1934,178
1935,177
1936,177
1937,178
1938,177
1939,177
1940,178
1941,178
1942,178
1943,178
1944,178
1945,178
1946,178
1947,178
1948,178
1949,178
1950,178
1951,178
1952,178
1953,178
1954,178
1955,178
1956,178
1957,178
1958,178
1959,178
1960,178
1961,178
1962,178
1963,178
1964,178
1965,178
1966,178
1967,178
1968,178
1969,178
1970,178
1971,178
1972,178
1973,178
1974,178
1975,178
1976,178
1977,178
1978,178
1979,178
1980,178
1981,178
1982,178
1983,178
1984,178
1985,178
1986,178
1987,178
1988,178
1989,178
1990,178
1991,178
1992,178
1993,178
1994,178
1995,178
1996,178
1997,178
1998,178
1999,178
2000,178
2001,178
2002,178
2003,178
2004,179
2005,179
2006,179
2007,179
2008,179
2009,179
2010,179
2011,179
2012,179
2013,179
2014,179
2015,179
2016,179
2017,179
2018,179
2019,179
2020,179
2021,179
2022,179
2023,179
2024,179
2025,178
2026,178
2027,178
2028,178
2029,178
2030,178
2031,178
2032,179
2033,178
2034,178
2035,178
2036,178
2037,178
2038,178
2039,178
2040,178
2041,178
2042,178
2043,178
2044,178
2045,178
2046,178
2047,178
2048,178
2049,178
2050,178
2051,178
2052,178
2053,179
2054,179
2055,178
2056,178
2057,178
2058,178
2059,178
2060,178
2061,178
2062,178
2063,178
2064,178
2065,178
2066,178
2067,178
2068,178
2069,178
2070,178
2071,178
2072,178
2073,178
2074,178
2075,178
2076,178
2077,178
2078,178
2079,178
2080,178
2081,178
2082,178
2083,178
2084,178
2085,178
2086,178
2087,178
2088,178
2089,178
2090,178
2091,178
2092,178
2093,178
2094,178
2095,178
2096,179
2097,179
2098,178
2099,178
2100,178
2101,178
2102,178
2103,178
2104,179
2105,178
2106,178
2107,178
2108,178
2109,178
2110,179
2111,179
2112,179
2113,179
2114,179
2115,179
2116,179
2117,179
2118,179
2119,179
2120,179
2121,179
2122,179
2123,179
2124,179
2125,179
2126,179
2127,179
2128,179
2129,180
2130,180
2131,180
2132,180
2133,180
2134,180
2135,180
2136,180
2137,180
2138,180
2139,180
2140,180
2141,180
2142,180
2143,180
2144,180
2145,180
2146,180
2147,180
2148,180
2149,180
2150,180
2151,180
2152,180
2153,180
2154,180
2155,180
2156,180
2157,180
2158,180
2159,181
2160,181
2161,180
2162,180
2163,180
2164,180
2165,180
2166,180
2167,180
2168,180
2169,180
2170,180
2171,180
2172,180
2173,181
2174,180
2175,180
2176,181
2177,181
2178,181
2179,181
2180,181
2181,181
2182,181
2183,181
2184,181
2185,181
2186,181
2187,181
2188,181
2189,181
2190,181
2191,181
2192,181
2193,181
2194,181
2195,181
2196,181
2197,181
2198,181
2199,181
2200,181
2201,181
2202,181
2203,181
2204,181
2205,181
2206,181
2207,181
2208,181
2209,181
2210,181
2211,181
2212,181
2213,181
2214,181
2215,181
2216,181
2217,181
2218,181
2219,181
2220,181
2221,181
2222,181
2223,181
2224,181
2225,181
2226,181
2227,181
2228,182
2229,182
2230,182
2231,182
2232,182
2233,182
2234,182
2235,182
2236,182
2237,182
2238,183
2239,182
2240,183
2241,183
2242,183
2243,183
2244,183
2245,183
2246,183
2247,183
2248,183
2249,183
2250,183
2251,183
2252,183
2253,183
2254,183
2255,183
2256,183
2257,183
2258,183
2259,183
2260,183
2261,183
2262,183
2263,183
2264,183
2265,183
2266,183
2267,183
2268,183
2269,183
2270,183
2271,183
2272,183
2273,183
2274,183
2275,183
2276,183
2277,183
2278,183
2279,183
2280,183
2281,183
2282,183
2283,183
2284,183
2285,183
2286,183
2287,183
2288,183
2289,183
2290,183
2291,183
2292,183
2293,183
2294,183
2295,183
2296,183
2297,184
2298,184
2299,183
2300,183
2301,184
2302,184
2303,184
2304,183
2305,183
2306,183
2307,183
2308,183
2309,183
2310,183
2311,183
2312,183
2313,183
2314,182
2315,182
2316,182
2317,182
2318,182
2319,182
2320,182
2321,182
2322,182
2323,182
2324,182
2325,182
2326,183
2327,183
2328,183
2329,183
2330,183
2331,182
2332,183
2333,183
2334,183
2335,183
2336,183
2337,183
2338,183
2339,182
2340,183
2341,183
2342,182
2343,183
2344,183
2345,182
2346,182
2347,182
2348,182
2349,183
2350,183
2351,183
2352,183
2353,183
2354,183
2355,183
2356,183
2357,183
2358,183
2359,183
2360,183
2361,183
2362,183
2363,183
2364,183
2365,184
2366,184
2367,184
2368,184
2369,184
2370,184
2371,184
2372,184
2373,184
2374,183
2375,183
2376,183
2377,183
2378,183
2379,183
2380,183
2381,183
2382,183
2383,183
2384,183
2385,183
2386,183
2387,183
2388,183
2389,183
2390,183
2391,183
2392,183
2393,183
2394,184
2395,183
2396,184
2397,184
2398,184
2399,184
2400,184
2401,184
2402,184
2403,184
2404,184
2405,184
2406,184
2407,184
2408,184
2409,184
2410,184
2411,184
2412,184
2413,184
2414,184
2415,184
2416,184
2417,184
2418,184
2419,184
2420,184
2421,184
2422,184
2423,184
2424,184
2425,184
2426,184
2427,185
2428,185
2429,185
2430,184
2431,184
2432,185
2433,184
2434,185
2435,185
2436,185
2437,185
2438,185
2439,185
2440,185
2441,185
2442,185
2443,185
2444,185
2445,185
2446,185
2447,185
2448,185
2449,185
2450,185
2451,185
2452,185
2453,185
2454,185
2455,185
2456,185
2457,185
2458,185
2459,185
2460,185
2461,185
2462,185
2463,185
2464,185
2465,185
2466,185
2467,186
2468,185
2469,185
2470,185
2471,185
2472,185
2473,185
2474,185
2475,185
2476,185
2477,185
2478,185
2479,185
2480,185
2481,185
2482,185
2483,185
2484,185
2485,185
2486,185
2487,185
2488,185
2489,185
2490,185
2491,185
2492,185
2493,185
2494,185
2495,185
2496,185
2497,185
2498,185
2499,185
2500,185
2501,185
2502,185
2503,185
2504,185
2505,185
2506,185
2507,185
2508,185
2509,185
2510,185
2511,185
2512,185
2513,185
2514,185
2515,185
2516,185
2517,185
2518,185
2519,185
2520,185
2521,185
2522,185
2523,185
2524,185
2525,185
2526,185
2527,185
2528,185
2529,185
2530,185
2531,185
2532,186
2533,185
2534,185
2535,185
2536,185
2537,185
2538,185
2539,185
2540,185
2541,185
2542,185
2543,185
2544,186
2545,185
2546,186
2547,186
2548,186
2549,186
2550,186
2551,186
2552,186
2553,186
2554,186
2555,186
2556,186
2557,186
2558,186
2559,186
2560,186
2561,186
2562,186
2563,186
2564,186
2565,186
2566,186
2567,186
2568,186
2569,186
2570,186
2571,186
2572,186
2573,186
2574,186
2575,186
2576,186
2577,186
2578,186
2579,186
2580,186
2581,186
2582,186
2583,186
2584,186
2585,186
2586,186
2587,186
2588,186
2589,186
2590,186
2591,186
2592,186
2593,186
2594,186
2595,186
2596,186
2597,186
2598,186
2599,186
2600,186
2601,185
2602,186
2603,186
2604,186
2605,185
2606,185
2607,186
2608,186
2609,186
2610,186
2611,186
2612,186
2613,186
2614,186
2615,186
2616,186
2617,186
2618,186
2619,186
2620,186
2621,186
2622,185
2623,185
2624,185
2625,185
2626,185
2627,185
2628,185
2629,185
2630,185
2631,185
2632,185
2633,186
2634,186
2635,186
2636,186
2637,185
2638,186
2639,185
2640,186
2641,186
2642,186
2643,186
2644,186
2645,186
2646,186
2647,186
2648,186
2649,185
2650,186
2651,186
2652,186
2653,186
2654,186
2655,186
2656,186
2657,186
2658,186
2659,186
2660,186
2661,186
2662,186
2663,186
2664,186
2665,186
2666,186
2667,186
2668,186
2669,186
2670,186
2671,186
2672,185
2673,185
2674,185
2675,185
2676,185
2677,186
2678,186
2679,185
2680,185
2681,186
2682,186
2683,185
2684,185
2685,185
2686,185
2687,186
2688,186
2689,186
2690,186
2691,186
2692,186
2693,186
2694,186
2695,186
2696,186
2697,186
2698,186
2699,186
2700,186
2701,186
2702,186
2703,186
2704,186
2705,186
2706,186
2707,186
2708,186
2709,186
2710,186
2711,186
2712,186
2713,186
2714,186
2715,186
2716,186
2717,186
2718,186
2719,186
2720,186
2721,186
2722,186
2723,185
2724,186
2725,186
2726,186
2727,186
2728,186
2729,186
2730,185
2731,185
2732,185
2733,186
2734,186
2735,186
2736,185
2737,185
2738,185
2739,185
2740,185
2741,185
2742,185
2743,185
2744,185
2745,185
2746,186
2747,186
2748,186
2749,186
2750,186
2751,186
2752,186
2753,186
2754,186
2755,186
2756,186
2757,186
2758,186
2759,186
2760,186
2761,186
2762,186
2763,186
2764,186
2765,186
2766,186
2767,186
2768,186
2769,186
2770,186
2771,186
2772,186
2773,186
2774,186
2775,186
2776,186
2777,186
2778,186
2779,186
2780,187
2781,187
2782,187
2783,187
2784,187
2785,187
2786,187
2787,187
2788,187
2789,187
2790,187
2791,187
2792,187
2793,187
2794,187
2795,187
2796,187
2797,187
2798,187
2799,187
2800,187
2801,187
2802,187
2803,187
2804,187
2805,187
2806,187
2807,187
2808,187
2809,187
2810,187
2811,187
2812,187
2813,187
2814,187
2815,187
2816,187
2817,187
2818,187
2819,186
2820,186
2821,187
2822,187
2823,187
2824,187
2825,187
2826,187
2827,187
2828,187
2829,187
2830,187
2831,187
2832,187
2833,187
2834,187
2835,187
2836,187
2837,187
2838,187
2839,187
2840,187
2841,187
2842,187
2843,187
2844,187
2845,187
2846,187
2847,187
2848,188
2849,188
2850,188
2851,188
2852,188
2853,188
2854,188
2855,188
2856,188
2857,188
2858,188
2859,188
2860,188
2861,187
2862,187
2863,187
2864,187
2865,187
2866,188
2867,187
2868,187
2869,187
2870,187
2871,188
2872,187
2873,187
2874,188
2875,187
2876,187
2877,187
2878,187
2879,187
2880,187
2881,187
2882,187
2883,187
2884,187
2885,188
2886,188
2887,188
2888,188
2889,188
2890,188
2891,188
2892,188
2893,188
2894,187
2895,188
2896,187
2897,187
2898,187
2899,187
2900,187
2901,187
2902,187
2903,187
2904,187
2905,187
2906,187
2907,187
2908,187
2909,187
2910,188
2911,188
2912,188
2913,188
2914,188
2915,188
2916,188
2917,188
2918,188
2919,188
2920,188
2921,188
2922,188
2923,188
2924,188
2925,188
2926,188
2927,188
2928,188
2929,187
2930,187
2931,187
2932,187
2933,187
2934,187
2935,187
2936,187
2937,187
2938,188
2939,188
2940,188
2941,188
2942,188
2943,188
2944,188
2945,188
2946,188
2947,188
2948,188
2949,188
2950,188
2951,188
2952,188
2953,188
2954,188
2955,188
2956,188
2957,188
2958,188
2959,188
2960,189
2961,189
2962,189
2963,189
2964,189
2965,189
2966,189
2967,189
2968,189
2969,189
2970,189
2971,189
2972,189
2973,189
2974,189
2975,189
2976,189
2977,189
2978,189
2979,189
2980,189
2981,189
2982,189
2983,189
2984,189
2985,189
2986,189
2987,189
2988,189
2989,189
2990,189
2991,189
2992,190
2993,190
2994,190
2995,190
2996,190
2997,190
2998,190
2999,190
3000,190
3001,190
3002,190
3003,190
3004,190
3005,189
3006,189
3007,189
3008,189
3009,189
3010,189
3011,189
3012,189
3013,189
3014,189
3015,189
3016,189
3017,189
3018,189
3019,188
3020,189
3021,189
3022,188
3023,188
3024,188
3025,188
3026,188
3027,188
3028,188
3029,188
3030,188
3031,188
3032,188
3033,188
3034,188
3035,188
3036,188
3037,188
3038,188
3039,188
3040,188
3041,188
3042,188
3043,188
3044,188
3045,188
3046,188
3047,188
3048,188
3049,188
3050,188
3051,188
3052,188
3053,188
3054,188
3055,188
3056,188
3057,187
3058,187
3059,187
3060,187
3061,187
3062,187
3063,187
3064,187
3065,187
3066,187
3067,187
3068,187
3069,187
3070,187
3071,187
3072,187
3073,187
3074,187
3075,187
3076,187
3077,187
3078,187
3079,187
3080,187
3081,187
3082,187
3083,187
3084,187
3085,187
3086,186
3087,187
3088,187
3089,186
3090,186
3091,187
3092,186
3093,187
3094,186
3095,186
3096,186
3097,186
3098,186
3099,186
3100,187
3101,186
3102,186
3103,186
3104,186
3105,186
3106,186
3107,186
3108,186
3109,186
3110,186
3111,186
3112,186
3113,186
3114,187
3115,187
3116,187
3117,187
3118,187
3119,187
3120,187
3121,187
3122,187
3123,187
3124,187
3125,187
3126,187
3127,187
3128,187
3129,187
3130,187
3131,187
3132,187
3133,187
3134,187
3135,187
3136,187
3137,187
3138,187
3139,187
3140,187
3141,187
3142,187
3143,187
3144,187
3145,187
3146,187
3147,187
3148,187
3149,187
3150,187
3151,187
3152,187
3153,187
3154,187
3155,187
3156,187
3157,187
3158,187
3159,187
3160,187
3161,187
3162,187
3163,187
3164,187
3165,187
3166,187
3167,187
3168,188
3169,187
3170,187
3171,188
3172,188
3173,187
3174,187
3175,188
3176,188
3177,188
3178,188
3179,188
3180,188
3181,188
3182,188
3183,188
3184,188
3185,188
3186,188
3187,188
3188,188
3189,188
3190,188
3191,188
3192,188
3193,188
3194,188
3195,189
3196,189
3197,188
3198,189
3199,189
3200,188
3201,188
3202,188
3203,188
3204,188
3205,188
3206,188
3207,188
3208,188
3209,188
3210,188
3211,189
3212,189
3213,189
3214,189
3215,189
3216,189
3217,189
3218,189
3219,189
3220,189
3221,189
3222,189
3223,189
3224,190
3225,190
3226,190
3227,190
3228,190
3229,190
3230,190
3231,190
3232,190
3233,190
3234,190
3235,190
3236,190
3237,190
3238,190
3239,190
3240,190
3241,190
3242,190
3243,190
3244,190
3245,190
3246,190
3247,190
3248,190
3249,190
3250,190
3251,190
3252,190
3253,190
3254,190
3255,190
3256,190
3257,190
3258,190
3259,190
3260,190
3261,190
3262,190
3263,190
3264,190
3265,190
3266,189
3267,189
3268,189
3269,189
3270,189
3271,189
3272,189
3273,189
3274,189
3275,189
3276,189
3277,189
3278,189
3279,189
3280,189
3281,189
3282,189
3283,189
3284,189
3285,189
3286,189
3287,189
3288,189
3289,189
3290,189
3291,189
3292,189
3293,189
3294,189
3295,189
3296,189
3297,189
3298,189
3299,189
3300,190
3301,190
3302,190
3303,190
3304,190
3305,190
3306,190
3307,190
3308,190
3309,191
3310,190
3311,190
3312,191
3313,190
3314,191
3315,191
3316,191
3317,191
3318,191
3319,190
3320,190
3321,191
3322,190
3323,191
3324,191
3325,191
3326,191
3327,191
3328,191
3329,190
3330,190
3331,191
3332,191
3333,191
3334,190
3335,191
3336,191
3337,191
3338,191
3339,191
3340,191
3341,191
3342,191
3343,191
3344,191
3345,191
3346,191
3347,191
3348,191
3349,191
3350,191
3351,191
3352,191
3353,191
3354,192
3355,192
3356,192
3357,192
3358,192
3359,192
3360,192
3361,192
3362,192
3363,192
3364,192
3365,192
3366,192
3367,192
3368,192
3369,192
3370,192
3371,192
3372,192
3373,192
3374,192
3375,192
3376,192
3377,192
3378,192
3379,192
3380,192
3381,192
3382,192
3383,192
3384,191
3385,191
3386,191
3387,191
3388,191
3389,191
3390,191
3391,191
3392,191
3393,191
3394,191
3395,191
3396,191
3397,191
3398,191
3399,191
3400,191
3401,191
3402,191
3403,191
3404,191
3405,191
3406,190
3407,191
3408,191
3409,191
3410,191
3411,191
3412,191
3413,191
3414,191
3415,191
3416,191
3417,191
3418,190
3419,191
3420,190
3421,190
3422,191
3423,191
3424,191
3425,191
3426,191
3427,191
3428,191
3429,191
3430,191
3431,191
3432,191
3433,191
3434,191
3435,191
3436,191
3437,191
3438,191
3439,191
3440,191
3441,191
3442,191
3443,191
3444,191
3445,191
3446,191
3447,191
3448,191
3449,191
3450,191
3451,191
3452,191
3453,191
3454,191
3455,191
3456,191
3457,191
3458,191
3459,191
3460,191
3461,191
3462,191
3463,191
3464,191
3465,191
3466,191
3467,191
3468,191
3469,191
3470,191
3471,191
3472,191
3473,191
3474,191
3475,191
3476,191
3477,191
3478,191
3479,191
3480,191
3481,191
3482,191
3483,191
3484,191
3485,191
3486,191
3487,191
3488,191
3489,191
3490,191
3491,191
3492,190
3493,190
3494,190
3495,190
3496,190
3497,190
3498,190
3499,190
3500,190
3501,190
3502,190
3503,190
3504,190
3505,190
3506,190
3507,190
3508,190
3509,190
3510,190
3511,190
3512,190
3513,190
3514,190
3515,190
3516,190
3517,191
3518,190
3519,191
3520,191
3521,191
3522,190
3523,190
3524,191
3525,191
3526,191
3527,191
3528,191
3529,191
3530,191
3531,191
3532,191
3533,191
3534,191
3535,191
3536,191
3537,191
3538,191
3539,191
3540,191
3541,191
3542,191
3543,191
3544,191
3545,191
3546,191
3547,191
3548,191
3549,191
3550,191
3551,191
3552,191
3553,191
3554,191
3555,191
3556,191
3557,191
3558,191
3559,191
3560,191
3561,191
3562,191
3563,191
3564,191
3565,191
3566,191
3567,191
3568,191
3569,191
3570,191
3571,191
3572,191
3573,191
3574,191
3575,191
3576,191
3577,191
3578,191
3579,191
3580,191
3581,192
3582,192
3583,192
3584,192
3585,192
3586,192
3587,192
3588,192
3589,192
3590,192
3591,192
3592,192
3593,192
3594,192
3595,192
3596,192
3597,192
3598,192
3599,192
3600,192
3601,192
3602,192
3603,192
3604,192
3605,192
3606,193
3607,193
3608,193
3609,193
3610,193
3611,193
3612,193
3613,193
3614,193
3615,193
3616,193
3617,193
3618,193
3619,193
3620,193
3621,193
3622,193
3623,193
3624,193
3625,193
3626,193
3627,193
3628,193
3629,193
3630,193
3631,193
3632,193
3633,193
3634,193
3635,193
3636,193
3637,193
3638,193
3639,193
3640,193
3641,193
3642,193
3643,193
3644,193
3645,193
3646,193
3647,193
3648,193
3649,193
3650,193
3651,193
3652,193
3653,193
3654,193
3655,193
3656,193
3657,193
3658,193
3659,193
3660,193
3661,193
3662,193
3663,193
3664,193
3665,193
3666,193
3667,193
3668,193
3669,193
3670,193
3671,193
3672,193
3673,193
3674,193
3675,193
3676,193
3677,192
3678,192
3679,192
3680,192
3681,192
3682,192
3683,192
3684,192
3685,192
3686,192
3687,192
3688,192
3689,192
3690,192
3691,192
3692,192
3693,192
3694,192
3695,192
3696,192
3697,192
3698,192
3699,192
3700,192
3701,192
3702,192
3703,192
3704,192
3705,192
3706,192
3707,192
3708,192
3709,192
3710,192
3711,192
3712,192
3713,192
3714,192
3715,192
3716,192
3717,192
3718,192
3719,192
3720,192
3721,192
3722,192
3723,192
3724,192
3725,192
3726,192
3727,192
3728,192
3729,192
3730,192
3731,192
3732,192
3733,192
3734,192
3735,192
3736,192
3737,192
3738,192
3739,192
3740,192
3741,192
3742,192
3743,192
3744,192
3745,192
3746,192
3747,192
3748,192
3749,191
3750,191
3751,192
3752,192
3753,192
3754,192
3755,192
3756,192
3757,192
3758,192
3759,192
3760,192
3761,192
3762,192
3763,192
3764,192
3765,192
3766,192
3767,192
3768,192
3769,191
3770,191
3771,192
3772,192
3773,192
3774,192
3775,192
3776,192
3777,192
3778,192
3779,192
3780,192
3781,192
3782,192
3783,192
3784,192
3785,192
3786,192
3787,192
3788,192
3789,192
3790,192
3791,192
3792,192
3793,192
3794,192
3795,192
3796,192
3797,192
3798,192
3799,192
3800,192
3801,192
3802,192
3803,192
3804,192
3805,192
3806,192
3807,192
3808,192
3809,192
3810,192
3811,192
3812,192
3813,192
3814,192
3815,192
3816,192
3817,193
3818,193
3819,193
3820,193
3821,193
3822,193
3823,193
3824,193
3825,193
3826,193
3827,193
3828,193
3829,193
3830,193
3831,193
3832,193
3833,193
3834,193
3835,193
3836,193
3837,193
3838,193
3839,193
3840,193
3841,193
3842,193
3843,193
3844,193
3845,193
3846,193
3847,193
3848,193
3849,193
3850,193
3851,193
3852,193
3853,193
3854,193
3855,193
3856,193
3857,193
3858,193
3859,193
3860,193
3861,193
3862,193
3863,193
3864,193
3865,193
3866,193
3867,193
3868,193
3869,193
3870,193
3871,194
3872,194
3873,194
3874,194
3875,194
3876,194
3877,194
3878,194
3879,194
3880,194
3881,194
3882,194
3883,194
3884,194
3885,194
3886,194
3887,194
3888,194
3889,194
3890,194
3891,194
3892,194
3893,194
3894,194
3895,194
3896,194
3897,194
3898,194
3899,194
3900,194
3901,194
3902,194
3903,194
3904,194
3905,194
3906,194
3907,194
3908,194
3909,194
3910,194
3911,194
3912,194
3913,194
3914,194
3915,194
3916,194
3917,194
3918,194
3919,194
3920,194
3921,194
3922,194
3923,194
3924,194
3925,194
3926,194
3927,194
3928,194
3929,194
3930,194
3931,194
3932,194
3933,194
3934,194
3935,194
3936,194
3937,194
3938,194
3939,194
3940,194
3941,194
3942,194
3943,194
3944,194
3945,194
3946,194
3947,194
3948,194
3949,194
3950,194
3951,194
3952,194
3953,194
3954,194
3955,194
3956,194
3957,194
3958,194
3959,194
3960,194
3961,194
3962,194
3963,194
3964,194
3965,194
3966,194
3967,194
3968,194
3969,194
3970,194
3971,194
3972,194
3973,194
3974,194
3975,194
3976,194
3977,194
3978,194
3979,194
3980,194
3981,194
3982,194
3983,194
3984,194
3985,194
3986,194
3987,194
3988,194
3989,194
3990,194
3991,194
3992,193
3993,194
3994,193
3995,193
3996,193
3997,193
3998,193
3999,193
4000,193
4001,193
4002,193
4003,193
4004,194
4005,194
4006,194
4007,194
4008,194
4009,194
4010,194
4011,194
4012,194
4013,194
4014,194
4015,194
4016,194
4017,194
4018,194
4019,195
4020,195
4021,194
4022,194
4023,195
4024,195
4025,195
4026,195
4027,194
4028,195
4029,195
4030,195
4031,195
4032,195
4033,195
4034,195
4035,195
4036,195
4037,195
4038,195
4039,195
4040,195
4041,195
4042,195
4043,195
4044,195
4045,195
4046,195
4047,195
4048,195
4049,195
4050,195
4051,195
4052,195
4053,195
4054,195
4055,195
4056,195
4057,195
4058,195
4059,195
4060,195
4061,195
4062,195
4063,195
4064,195
4065,195
4066,195
4067,195
4068,195
4069,195
4070,195
4071,195
4072,195
4073,195
4074,195
4075,195
4076,195
4077,195
4078,195
4079,195
4080,195
4081,195
4082,195
4083,195
4084,195
4085,195
4086,196
4087,196
4088,196
4089,196
4090,196
4091,196
4092,196
4093,196
4094,196
4095,196
4096,196
4097,196
4098,196
4099,196
4100,196
4101,196
4102,196
4103,196
4104,196
4105,196
4106,196
4107,196
4108,196
4109,196
4110,196
4111,196
4112,196
4113,196
4114,196
4115,196
4116,196
4117,196
4118,196
4119,196
4120,196
4121,197
4122,196
4123,197
4124,197
4125,197
4126,197
4127,197
4128,197
4129,197
4130,197
4131,196
4132,196
4133,196
4134,197
4135,197
4136,196
4137,196
4138,196
4139,196
4140,196
4141,196
4142,196
4143,196
4144,196
4145,196
4146,196
4147,196
4148,197
4149,196
4150,196
4151,196
4152,197
4153,197
4154,197
4155,197
4156,197
4157,197
4158,197
4159,197
4160,197
4161,197
4162,197
4163,197
4164,197
4165,196
4166,197
4167,196
4168,197
4169,197
4170,197
4171,197
4172,197
4173,197
4174,197
4175,197
4176,197
4177,197
4178,197
4179,197
4180,197
4181,197
4182,197
4183,197
4184,197
4185,197
4186,197
4187,197
4188,197
4189,197
4190,197
4191,197
4192,197
4193,197
4194,197
4195,197
4196,197
4197,197
4198,197
4199,197
4200,197
4201,197
4202,197
4203,197
4204,197
4205,197
4206,197
4207,197
4208,197
4209,197
4210,197
4211,197
4212,197
4213,197
4214,197
4215,197
4216,197
4217,197
4218,197
4219,197
4220,197
4221,197
4222,197
4223,197
4224,197
4225,197
4226,197
4227,197
4228,197
4229,197
4230,197
4231,197
4232,197
4233,197
4234,197
4235,196
4236,197
4237,197
4238,197
4239,197
4240,197
4241,197
4242,197
4243,197
4244,197
4245,197
4246,197
4247,197
4248,196
4249,196
4250,196
4251,196
4252,196
4253,196
4254,196
4255,196
4256,196
4257,196
4258,196
4259,196
4260,196
4261,196
4262,196
4263,196
4264,196
4265,196
4266,195
4267,195
4268,195
4269,195
4270,195
4271,195
4272,195
4273,195
4274,195
4275,196
4276,196
4277,195
4278,195
4279,195
4280,196
4281,196
4282,196
4283,196
4284,196
4285,195
4286,195
4287,196
4288,195
4289,195
4290,196
4291,196
4292,195
4293,195
4294,196
4295,196
4296,196
4297,196
4298,196
4299,195
4300,195
4301,195
4302,196
4303,196
4304,196
4305,196
4306,196
4307,196
4308,196
4309,196
4310,196
4311,196
4312,197
4313,196
4314,196
4315,196
4316,196
4317,196
4318,196
4319,197
4320,196
4321,197
4322,197
4323,197
4324,196
4325,196
4326,197
4327,196
4328,196
4329,196
4330,196
4331,196
4332,196
4333,196
4334,196
4335,197
4336,196
4337,196
4338,197
4339,197
4340,197
4341,197
4342,197
4343,197
4344,198
4345,198
4346,198
4347,198
4348,198
4349,198
4350,198
4351,198
4352,198
4353,198
4354,198
4355,198
4356,198
4357,198
4358,198
4359,198
4360,198
4361,198
4362,198
4363,199
4364,199
4365,199
4366,199
4367,199
4368,199
4369,199
4370,199
4371,199
4372,198
4373,198
4374,198
4375,198
4376,198
4377,198
4378,199
4379,198
4380,199
4381,198
4382,198
4383,198
4384,198
4385,199
4386,199
4387,199
4388,199
4389,199
4390,199
4391,199
4392,199
4393,199
4394,199
4395,199
4396,199
4397,199
4398,199
4399,199
4400,199
4401,199
4402,199
4403,199
4404,199
4405,199
4406,199
4407,199
4408,199
4409,199
4410,199
4411,199
4412,199
4413,199
4414,200
4415,199
4416,200
4417,200
4418,200
4419,200
4420,200
4421,199
4422,200
4423,200
4424,200
4425,200
4426,200
4427,200
4428,200
4429,200
4430,200
4431,200
4432,200
4433,200
4434,200
4435,200
4436,200
4437,200
4438,201
4439,201
4440,201
4441,201
4442,201
4443,201
4444,201
4445,201
4446,201
4447,201
4448,201
4449,201
4450,201
4451,201
4452,201
4453,201
4454,201
4455,201
4456,201
4457,201
4458,201
4459,201
4460,201
4461,201
4462,201
4463,201
4464,202
4465,202
4466,202
4467,202
4468,202
4469,201
4470,202
4471,202
4472,201
4473,201
4474,201
4475,201
4476,201
4477,201
4478,201
4479,201
4480,201
4481,201
4482,201
4483,201
4484,201
4485,201
4486,201
4487,201
4488,201
4489,201
4490,201
4491,201
4492,201
4493,201
4494,201
4495,201
4496,201
4497,201
4498,201
4499,201
4500,201
4501,201
4502,201
4503,201
4504,201
4505,202
4506,202
4507,202
4508,202
4509,202
4510,202
4511,202
4512,202
4513,202
4514,202
4515,202
4516,202
4517,202
4518,202
4519,202
4520,202
4521,202
4522,202
4523,202
4524,202
4525,202
4526,202
4527,202
4528,202
4529,202
4530,202
4531,202
4532,202
4533,202
4534,202
4535,202
4536,202
4537,202
4538,202
4539,202
4540,202
4541,202
4542,202
4543,202
4544,202
4545,202
4546,202
4547,202
4548,202
4549,202
4550,202
4551,202
4552,202
4553,202
4554,202
4555,202
4556,202
4557,202
4558,202
4559,202
4560,202
4561,202
4562,202
4563,202
4564,202
4565,202
4566,202
4567,202
4568,202
4569,202
4570,202
4571,202
4572,202
4573,202
4574,202
4575,203
4576,203
4577,203
4578,203
4579,203
4580,203
4581,203
4582,203
4583,203
4584,203
4585,203
4586,203
4587,203
4588,203
4589,202
4590,202
4591,203
4592,203
4593,203
4594,203
4595,203
4596,203
4597,203
4598,203
4599,203
4600,203
4601,203
4602,203
4603,203
4604,203
4605,203
4606,202
4607,202
4608,202
4609,203
4610,203
4611,202
4612,202
4613,202
4614,203
4615,203
4616,203
4617,203
4618,203
4619,203
4620,203
4621,203
4622,203
4623,203
4624,203
4625,203
4626,203
4627,203
4628,203
4629,203
4630,203
4631,203
4632,203
4633,203
4634,203
4635,203
4636,203
4637,202
4638,202
4639,202
4640,203
4641,203
4642,203
4643,203
4644,203
4645,203
4646,203
4647,203
4648,203
4649,203
4650,203
4651,203
4652,203
4653,203
4654,203
4655,203
4656,203
4657,203
4658,203
4659,203
4660,203
4661,203
4662,203
4663,203
4664,203
4665,203
4666,203
4667,203
4668,203
4669,203
4670,203
4671,203
4672,203
4673,203
4674,203
4675,203
4676,203
4677,203
4678,203
4679,203
4680,203
4681,203
4682,203
4683,203
4684,203
4685,203
4686,203
4687,203
4688,203
4689,203
4690,203
4691,203
4692,203
4693,203
4694,203
4695,203
4696,203
4697,203
4698,204
4699,203
4700,203
4701,203
4702,204
4703,204
4704,203
4705,204
4706,204
4707,204
4708,204
4709,204
4710,204
4711,204
4712,204
4713,204
4714,204
4715,204
4716,204
4717,204
4718,204
4719,204
4720,204
4721,204
4722,204
4723,204
4724,204
4725,204
4726,204
4727,204
4728,203
4729,204
4730,204
4731,204
4732,204
4733,204
4734,204
4735,204
4736,204
4737,204
4738,204
4739,204
4740,204
4741,204
4742,204
4743,204
4744,204
4745,204
4746,204
4747,204
4748,204
4749,204
4750,204
4751,204
4752,204
4753,204
4754,204
4755,204
4756,204
4757,204
4758,204
4759,204
4760,204
4761,204
4762,204
4763,204
4764,204
4765,204
4766,204
4767,204
4768,204
4769,204
4770,204
4771,204
4772,204
4773,204
4774,204
4775,204
4776,204
4777,204
4778,204
4779,204
4780,204
4781,204
4782,204
4783,204
4784,204
4785,204
4786,205
4787,205
4788,205
4789,205
4790,205
4791,204
4792,204
4793,204
4794,205
4795,205
4796,205
4797,204
4798,204
4799,204
4800,204
4801,204
4802,204
4803,204
4804,204
4805,204
4806,204
4807,204
4808,204
4809,205
4810,205
4811,205
4812,205
4813,205
4814,205
4815,205
4816,205
4817,205
4818,205
4819,205
4820,205
4821,205
4822,205
4823,205
4824,205
4825,205
4826,205
4827,205
4828,205
4829,205
4830,205
4831,205
4832,205
4833,205
4834,205
4835,205
4836,205
4837,205
4838,205
4839,205
4840,205
4841,205
4842,205
4843,205
4844,205
4845,205
4846,205
4847,205
4848,205
4849,205
4850,205
4851,205
4852,205
4853,205
4854,205
4855,205
4856,205
4857,205
4858,205
4859,205
4860,205
4861,205
4862,205
4863,205
4864,205
4865,205
4866,205
4867,205
4868,205
4869,205
4870,205
4871,205
4872,205
4873,205
4874,205
4875,205
4876,205
4877,205
4878,205
4879,205
4880,206
4881,205
4882,206
4883,206
4884,206
4885,206
4886,206
4887,206
4888,206
4889,206
4890,206
4891,206
4892,206
4893,206
4894,206
4895,206
4896,206
4897,206
4898,206
4899,205
4900,205
4901,205
4902,206
4903,205
4904,205
4905,205
4906,206
4907,206
4908,205
4909,206
4910,206
4911,206
4912,206
4913,206
4914,206
4915,206
4916,206
4917,206
4918,206
4919,206
4920,206
4921,206
4922,206
4923,206
4924,206
4925,206
4926,205
4927,206
4928,206
4929,206
4930,206
4931,206
4932,206
4933,206
4934,206
4935,206
4936,206
4937,206
4938,206
4939,206
4940,206
4941,206
4942,206
4943,206
4944,206
4945,206
4946,206
4947,206
4948,205
4949,205
4950,205
4951,205
4952,205
4953,205
4954,206
4955,206
4956,205
4957,205
4958,205
4959,205
4960,205
4961,205
4962,205
4963,205
4964,205
4965,205
4966,205
4967,205
4968,205
4969,205
4970,205
4971,205
4972,205
4973,205
4974,205
4975,205
4976,205
4977,205
4978,205
4979,205
4980,205
4981,205
4982,205
4983,205
4984,205
4985,205
4986,205
4987,205
4988,205
4989,205
4990,205
4991,205
4992,205
4993,205
4994,205
4995,205
4996,205
4997,206
4998,205
4999,205
5000,205
5001,205
5002,205
5003,205
5004,205
5005,205
5006,205
5007,206
5008,206
5009,206
5010,206
5011,206
5012,206
5013,206
5014,206
5015,206
5016,206
5017,206
5018,206
5019,206
5020,206
5021,206
5022,206
5023,206
5024,206
5025,206
5026,206
5027,206
5028,207
5029,207
5030,207
5031,207
5032,207
5033,207
5034,207
5035,207
5036,206
5037,207
5038,206
5039,206
5040,207
5041,206
5042,206
5043,206
5044,206
5045,206
5046,206
5047,206
5048,206
5049,206
5050,206
5051,206
5052,206
5053,206
5054,206
5055,206
5056,206
5057,206
5058,206
5059,207
5060,207
5061,207
5062,206
5063,206
5064,206
5065,206
5066,206
5067,206
5068,206
5069,206
5070,206
5071,206
5072,206
5073,206
5074,206
5075,206
5076,206
5077,206
5078,206
5079,206
5080,206
5081,207
5082,207
5083,207
5084,207
5085,207
5086,207
5087,207
5088,207
5089,207
5090,207
5091,207
5092,207
5093,207
5094,207
5095,207
5096,207
5097,207
5098,207
5099,207
5100,207
5101,207
5102,207
5103,207
5104,208
5105,207
5106,207
5107,207
5108,207
5109,207
5110,207
5111,207
5112,207
5113,207
5114,207
5115,207
5116,207
5117,207
5118,207
5119,207
5120,207
5121,208
5122,208
5123,208
5124,207
5125,208
5126,208
5127,208
5128,208
5129,208
5130,208
5131,208
5132,208
5133,208
5134,208
5135,208
5136,208
5137,208
5138,208
5139,208
5140,208
5141,208
5142,208
5143,208
5144,208
5145,208
5146,208
5147,208
5148,208
5149,208
5150,208
5151,208
5152,208
5153,208
5154,208
5155,208
5156,208
5157,208
5158,208
5159,208
5160,208
5161,208
5162,208
5163,208
5164,208
5165,208
5166,209
5167,209
5168,208
5169,208
5170,208
5171,208
5172,209
5173,209
5174,209
5175,208
5176,208
5177,208
5178,209
5179,209
5180,209
5181,209
5182,209
5183,209
5184,208
5185,208
5186,208
5187,208
5188,208
5189,209
5190,208
5191,208
5192,208
5193,209
5194,209
5195,209
5196,209
5197,208
5198,208
5199,209
5200,209
5201,209
5202,209
5203,209
5204,209
5205,209
5206,209
5207,209
5208,209
5209,209
5210,209
5211,209
5212,210
5213,210
5214,210
5215,210
5216,210
5217,210
5218,210
5219,210
5220,210
5221,210
5222,210
5223,210
5224,210
5225,210
5226,210
5227,210
5228,211
5229,211
5230,211
5231,211
5232,211
5233,211
5234,211
5235,211
5236,211
5237,211
5238,211
5239,211
5240,211
5241,211
5242,211
5243,211
5244,211
5245,211
5246,211
5247,211
5248,211
5249,211
5250,211
5251,211
5252,211
5253,211
5254,211
5255,211
5256,211
5257,211
5258,211
5259,211
5260,211
5261,211
5262,211
5263,211
5264,211
5265,211
5266,211
5267,211
5268,211
5269,211
5270,211
5271,211
5272,211
5273,211
5274,211
5275,211
5276,211
5277,211
5278,211
5279,211
5280,211
5281,211
5282,211
5283,211
5284,211
5285,211
5286,211
5287,211
5288,211
5289,211
5290,211
5291,211
5292,211
5293,211
5294,211
5295,211
5296,211
5297,211
5298,211
5299,211
5300,211
5301,211
5302,211
5303,211
5304,211
5305,211
5306,211
5307,211
5308,211
5309,211
5310,211
5311,211
5312,211
5313,211
5314,212
5315,212
5316,212
5317,212
5318,212
5319,212
5320,212
5321,212
5322,212
5323,212
5324,212
5325,212
5326,212
5327,212
5328,212
5329,212
5330,213
5331,213
5332,213
5333,213
5334,213
5335,213
5336,213
5337,213
5338,213
5339,213
5340,213
5341,213
5342,213
5343,213
5344,213
5345,213
5346,213
5347,212
5348,212
5349,212
5350,213
5351,213
5352,213
5353,213
5354,213
5355,213
5356,213
5357,213
5358,213
5359,213
5360,213
5361,213
5362,213
5363,213
5364,213
5365,213
5366,213
5367,213
5368,213
5369,213
5370,213
5371,213
5372,213
5373,213
5374,213
5375,213
5376,213
5377,213
5378,213
5379,213
5380,213
5381,212
5382,212
5383,213
5384,212
5385,213
5386,213
5387,213
5388,213
5389,213
5390,213
5391,213
5392,213
5393,213
5394,213
5395,213
5396,213
5397,213
5398,213
5399,213
5400,214
5401,213
5402,213
5403,214
5404,214
5405,214
5406,214
5407,214
5408,214
5409,214
5410,214
5411,214
5412,214
5413,214
5414,214
5415,214
5416,214
5417,214
5418,214
5419,214
5420,214
5421,214
5422,213
5423,214
5424,214
5425,213
5426,213
5427,214
5428,214
5429,214
5430,214
5431,214
5432,214
5433,214
5434,214
5435,214
5436,214
5437,214
5438,214
5439,214
5440,214
5441,214
5442,214
5443,214
5444,214
5445,214
5446,214
5447,214
5448,214
5449,214
5450,214
5451,215
5452,215
5453,215
5454,215
5455,215
5456,215
5457,215
5458,215
5459,215
5460,215
5461,215
5462,215
5463,215
5464,215
5465,215
5466,215
5467,215
5468,215
5469,215
5470,215
5471,215
5472,215
5473,215
5474,215
5475,215
5476,215
5477,215
5478,216
5479,216
5480,216
5481,216
5482,216
5483,216
5484,216
5485,216
5486,216
5487,215
5488,216
5489,215
5490,215
5491,216
5492,215
5493,215
5494,215
5495,215
5496,215
5497,215
5498,215
5499,215
5500,215
5501,215
5502,215
5503,215
5504,215
5505,215
5506,215
5507,215
5508,215
5509,215
5510,215
5511,215
5512,215
5513,215
5514,215
5515,215
5516,215
5517,215
5518,215
5519,215
5520,215
5521,215
5522,215
5523,215
5524,215
5525,215
5526,215
5527,215
5528,215
5529,215
5530,215
5531,215
5532,215
5533,215
5534,215
5535,215
5536,215
5537,215
5538,215
5539,215
5540,215
5541,215
5542,215
5543,215
5544,215
5545,215
5546,215
5547,214
5548,215
5549,215
5550,215
5551,215
5552,215
5553,215
5554,214
5555,214
5556,214
5557,215
5558,215
5559,215
5560,215
5561,215
5562,214
5563,214
5564,214
5565,214
5566,214
5567,214
5568,214
5569,214
5570,214
5571,214
5572,214
5573,214
5574,214
5575,214
5576,214
5577,214
5578,214
5579,214
5580,214
5581,214
5582,214
5583,214
5584,214
5585,214
5586,214
5587,214
5588,214
5589,214
5590,214
5591,214
5592,214
5593,214
5594,214
5595,215
5596,215
5597,215
5598,214
5599,215
5600,214
5601,214
5602,214
5603,214
5604,214
5605,214
5606,214
5607,214
5608,214
5609,214
5610,214
5611,214
5612,214
5613,214
5614,214
5615,214
5616,214
5617,214
5618,214
5619,214
5620,214
5621,214
5622,215
5623,215
5624,215
5625,215
5626,214
5627,214
5628,214
5629,214
5630,214
5631,214
5632,214
5633,214
5634,214
5635,214
5636,214
5637,214
5638,214
5639,214
5640,214
5641,214
5642,214
5643,214
5644,214
5645,214
5646,214
5647,214
5648,214
5649,214
5650,214
5651,214
5652,214
5653,214
5654,214
5655,214
5656,214
5657,214
5658,214
5659,214
5660,214
5661,214
5662,214
5663,215
5664,215
5665,215
5666,215
5667,215
5668,215
5669,215
5670,215
5671,215
5672,215
5673,215
5674,215
5675,215
5676,215
5677,215
5678,215
5679,215
5680,215
5681,215
5682,215
5683,215
5684,215
5685,215
5686,215
5687,215
5688,215
5689,215
5690,215
5691,215
5692,215
5693,215
5694,215
5695,215
5696,215
5697,215
5698,215
5699,215
5700,216
5701,216
5702,215
5703,215
5704,215
5705,215
5706,215
5707,215
5708,215
5709,215
5710,216
5711,216
5712,216
5713,216
5714,216
5715,216
5716,216
5717,216
5718,216
5719,216
5720,216
5721,216
5722,216
5723,216
5724,216
5725,216
5726,216
5727,216
5728,216
5729,217
5730,216
5731,216
5732,217
5733,217
5734,217
5735,216
5736,216
5737,216
5738,216
5739,216
5740,216
5741,216
5742,216
5743,216
5744,216
5745,216
5746,216
5747,216
5748,216
5749,216
5750,216
5751,216
5752,216
5753,216
5754,216
5755,216
5756,216
5757,216
5758,216
5759,217
5760,216
5761,216
5762,216
5763,216
5764,216
5765,216
5766,216
5767,216
5768,216
5769,216
5770,216
5771,216
5772,216
5773,216
5774,216
5775,216
5776,216
5777,216
5778,216
5779,216
5780,216
5781,216
5782,216
5783,216
5784,216
5785,216
5786,216
5787,216
5788,216
5789,216
5790,216
5791,216
5792,216
5793,215
5794,215
5795,215
5796,215
5797,215
5798,215
5799,215
5800,215
5801,215
5802,215
5803,215
5804,215
5805,215
5806,215
5807,215
5808,215
5809,215
5810,215
5811,215
5812,215
5813,215
5814,215
5815,215
5816,215
5817,215
5818,215
5819,215
5820,215
5821,215
5822,215
5823,215
5824,215
5825,215
5826,216
5827,216
5828,216
5829,216
5830,216
5831,216
5832,216
5833,216
5834,216
5835,216
5836,216
5837,216
5838,216
5839,216
5840,216
5841,216
5842,216
5843,216
5844,216
5845,216
5846,216
5847,216
5848,216
5849,216
5850,216
5851,216
5852,216
5853,215
5854,216
5855,215
5856,216
5857,216
5858,216
5859,216
5860,215
5861,215
5862,215
5863,215
5864,215
5865,215
5866,215
5867,215
5868,215
5869,215
5870,215
5871,215
5872,215
5873,215
5874,215
5875,215
5876,216
5877,216
5878,216
5879,215
5880,215
5881,215
5882,216
5883,215
5884,215
5885,215
5886,215
5887,215
5888,215
5889,215
5890,215
5891,215
5892,215
5893,215
5894,215
5895,215
5896,215
5897,215
5898,215
5899,215
5900,215
5901,216
5902,215
5903,215
5904,215
5905,215
5906,215
5907,215
5908,215
5909,215
5910,215
5911,215
5912,215
5913,215
5914,215
5915,215
5916,215
5917,215
5918,214
5919,214
5920,214
5921,214
5922,214
5923,214
5924,214
5925,214
5926,214
5927,214
5928,214
5929,214
5930,214
5931,214
5932,214
5933,214
5934,214
5935,214
5936,214
5937,214
5938,214
5939,214
5940,214
5941,214
5942,214
5943,214
5944,214
5945,214
5946,214
5947,214
5948,214
5949,214
5950,214
5951,214
5952,214
5953,214
5954,214
5955,214
5956,214
5957,214
5958,214
5959,214
5960,214
5961,214
5962,214
5963,214
5964,214
5965,215
5966,214
5967,214
5968,214
5969,214
5970,214
5971,214
5972,214
5973,214
5974,214
5975,214
5976,214
5977,214
5978,214
5979,214
5980,214
5981,214
5982,214
5983,214
5984,214
5985,214
5986,214
5987,214
5988,214
5989,214
5990,214
5991,214
5992,215
5993,215
5994,215
5995,215
5996,215
5997,215
5998,215
5999,215
6000,215
6001,215
6002,215
6003,215
6004,215
6005,215
6006,215
6007,215
6008,215
6009,215
6010,215
6011,215
6012,215
6013,214
6014,214
6015,215
6016,215
6017,214
6018,214
6019,214
6020,214
6021,214
6022,215
6023,215
6024,215
6025,215
6026,214
6027,214
6028,214
6029,214
6030,214
6031,215
6032,214
6033,215
6034,215
6035,215
6036,215
6037,215
6038,215
6039,215
6040,215
6041,215
6042,215
6043,215
6044,215
6045,215
6046,216
6047,215
6048,215
6049,216
6050,216
6051,216
6052,216
6053,216
6054,216
6055,216
6056,216
6057,216
6058,216
6059,216
6060,216
6061,216
6062,216
6063,216
6064,216
6065,216
6066,216
6067,216
6068,216
6069,216
6070,216
6071,216
6072,216
6073,216
6074,216
6075,216
6076,216
6077,216
6078,216
6079,216
6080,216
6081,216
6082,216
6083,217
6084,217
6085,217
6086,217
6087,217
6088,217
6089,217
6090,217
6091,217
6092,217
6093,217
6094,217
6095,217
6096,217
6097,217
6098,217
6099,217
6100,217
6101,217
6102,217
6103,217
6104,217
6105,217
6106,217
6107,217
6108,217
6109,217
6110,217
6111,217
6112,217
6113,217
6114,217
6115,217
6116,217
6117,217
6118,217
6119,217
6120,217
6121,217
6122,217
6123,217
6124,217
6125,217
6126,217
6127,217
6128,217
6129,217
6130,217
6131,217
6132,217
6133,217
6134,217
6135,217
6136,217
6137,217
6138,217
6139,218
6140,218
6141,218
6142,218
6143,217
6144,217
6145,217
6146,217
6147,217
6148,217
6149,218
6150,218
6151,218
6152,218
6153,218
6154,218
6155,218
6156,218
6157,218
6158,219
6159,219
6160,219
6161,219
6162,219
6163,219
6164,219
6165,219
6166,219
6167,219
6168,219
6169,219
6170,219
6171,219
6172,219
6173,219
6174,219
6175,219
6176,219
6177,219
6178,219
6179,219
6180,219
6181,219
6182,219
6183,219
6184,219
6185,219
6186,219
6187,219
6188,219
6189,219
6190,219
6191,219
6192,219
6193,219
6194,219
6195,219
6196,219
6197,219
6198,219
6199,219
6200,219
6201,219
6202,219
6203,219
6204,219
6205,219
6206,219
6207,219
6208,219
6209,219
6210,219
6211,219
6212,219
6213,219
6214,219
6215,219
6216,219
6217,219
6218,219
6219,219
6220,219
6221,219
6222,219
6223,219
6224,219
6225,219
6226,219
6227,219
6228,219
6229,219
6230,219
6231,219
6232,219
6233,220
6234,220
6235,220
6236,220
6237,220
6238,220
6239,220
6240,220
6241,220
6242,220
6243,220
6244,220
6245,220
6246,220
6247,220
6248,220
6249,220
6250,220
6251,220
6252,220
6253,220
6254,220
6255,220
6256,220
6257,220
6258,220
6259,220
6260,220
6261,220
6262,220
6263,220
6264,220
6265,220
6266,220
6267,220
6268,220
6269,220
6270,220
6271,220
6272,220
6273,220
6274,220
6275,220
6276,220
6277,220
6278,220
6279,220
6280,220
6281,220
6282,220
6283,220
6284,220
6285,220
6286,220
6287,220
6288,220
6289,220
6290,220
6291,220
6292,220
6293,220
6294,220
6295,220
6296,220
6297,220
6298,220
6299,220
6300,220
6301,220
6302,220
6303,220
6304,220
6305,220
6306,220
6307,220
6308,220
6309,220
6310,220
6311,220
6312,220
6313,220
6314,220
6315,220
6316,220
6317,220
6318,220
6319,219
6320,219
6321,219
6322,219
6323,219
6324,219
6325,219
6326,219
6327,219
6328,220
6329,220
6330,219
6331,220
6332,219
6333,219
6334,219
6335,219
6336,219
6337,219
6338,220
6339,220
6340,220
6341,220
6342,220
6343,220
6344,220
6345,220
6346,220
6347,220
6348,220
6349,219
6350,219
6351,219
6352,219
6353,219
6354,219
6355,219
6356,219
6357,219
6358,219
6359,219
6360,219
6361,219
6362,219
6363,219
6364,219
6365,219
6366,219
6367,219
6368,219
6369,219
6370,219
6371,219
6372,219
6373,219
6374,219
6375,219
6376,219
6377,219
6378,219
6379,219
6380,219
6381,219
6382,219
6383,219
6384,219
6385,219
6386,219
6387,219
6388,219
6389,220
6390,219
6391,219
6392,219
6393,219
6394,219
6395,220
6396,220
6397,220
6398,219
6399,219
6400,219
6401,219
6402,219
6403,219
6404,219
6405,219
6406,220
6407,220
6408,220
6409,220
6410,220
6411,220
6412,220
6413,220
6414,220
6415,220
6416,220
6417,220
6418,220
6419,220
6420,220
6421,220
6422,220
6423,220
6424,220
6425,220
6426,220
6427,220
6428,220
6429,219
6430,219
6431,220
6432,219
6433,220
6434,220
6435,219
6436,220
6437,220
6438,220
6439,220
6440,220
6441,220
6442,220
6443,220
6444,220
6445,220
6446,220
6447,219
6448,219
6449,219
6450,219
6451,219
6452,219
6453,219
6454,219
6455,219
6456,219
6457,219
6458,219
6459,219
6460,219
6461,218
6462,218
6463,218
6464,218
6465,218
6466,218
6467,219
6468,218
6469,218
6470,218
6471,218
6472,218
6473,218
6474,218
6475,219
6476,218
6477,218
6478,218
6479,218
6480,219
6481,219
6482,219
6483,219
6484,219
6485,219
6486,219
6487,219
6488,219
6489,219
6490,219
6491,219
6492,219
6493,219
6494,219
6495,219
6496,219
6497,219
6498,219
6499,219
6500,219
6501,219
6502,219
6503,219
6504,219
6505,219
6506,219
6507,219
6508,219
6509,219
6510,219
6511,219
6512,219
6513,219
6514,219
6515,219
6516,219
6517,219
6518,219
6519,219
6520,219
6521,219
6522,219
6523,218
6524,218
6525,219
6526,219
6527,219
6528,219
6529,219
6530,219
6531,219
6532,219
6533,219
6534,219
6535,218
6536,219
6537,219
6538,218
6539,219
6540,219
6541,219
6542,219
6543,219
6544,219
6545,219
6546,219
6547,219
6548,219
6549,219
6550,219
6551,219
6552,219
6553,219
6554,219
6555,219
6556,219
6557,219
6558,219
6559,219
6560,219
6561,219
6562,219
6563,219
6564,219
6565,219
6566,219
6567,219
6568,219
6569,219
6570,219
6571,219
6572,219
6573,219
6574,219
6575,219
6576,219
6577,219
6578,219
6579,219
6580,219
6581,219
6582,219
6583,219
6584,219
6585,219
6586,219
6587,219
6588,219
6589,219
6590,219
6591,219
6592,219
6593,219
6594,219
6595,219
6596,220
6597,219
6598,220
6599,220
6600,220
6601,220
6602,220
6603,220
6604,220
6605,220
6606,220
6607,220
6608,220
6609,220
6610,220
6611,220
6612,220
6613,220
6614,220
6615,220
6616,220
6617,220
6618,220
6619,220
6620,220
6621,220
6622,220
6623,220
6624,220
6625,221
6626,221
6627,221
6628,221
6629,221
6630,221
6631,221
6632,221
6633,221
6634,221
6635,221
6636,221
6637,221
6638,221
6639,221
6640,221
6641,221
6642,221
6643,221
6644,221
6645,221
6646,222
6647,221
6648,221
6649,221
6650,221
6651,221
6652,221
6653,221
6654,221
6655,221
6656,221
6657,221
6658,221
6659,221
6660,221
6661,221
6662,221
6663,221
6664,221
6665,221
6666,221
6667,221
6668,221
6669,221
6670,221
6671,220
6672,220
6673,220
6674,221
6675,221
6676,221
6677,221
6678,221
6679,221
6680,221
6681,221
6682,221
6683,221
6684,221
6685,221
6686,221
6687,221
6688,220
6689,220
6690,221
6691,220
6692,220
6693,220
6694,220
6695,220
6696,220
6697,220
6698,221
6699,220
6700,220
6701,220
6702,220
6703,220
6704,220
6705,220
6706,220
6707,220
6708,220
6709,220
6710,220
6711,220
6712,220
6713,220
6714,220
6715,221
6716,221
6717,221
6718,221
6719,221
6720,221
6721,221
6722,221
6723,221
6724,221
6725,221
6726,221
6727,221
6728,221
6729,220
6730,221
6731,220
6732,221
6733,221
6734,221
6735,220
6736,221
6737,221
6738,220
6739,221
6740,220
6741,220
6742,220
6743,220
6744,220
6745,220
6746,220
6747,220
6748,220
6749,220
6750,221
6751,221
6752,221
6753,221
6754,220
6755,221
6756,220
6757,220
6758,220
6759,220
6760,220
6761,220
6762,220
6763,220
6764,220
6765,220
6766,220
6767,220
6768,221
6769,221
6770,221
6771,221
6772,220
6773,220
6774,220
6775,220
6776,220
6777,220
6778,221
6779,221
6780,220
6781,220
6782,220
6783,221
6784,221
6785,221
6786,221
6787,221
6788,220
6789,221
6790,221
6791,221
6792,220
6793,220
6794,220
6795,220
6796,220
6797,220
6798,220
6799,220
6800,220
6801,220
6802,220
6803,220
6804,220
6805,220
6806,220
6807,220
6808,220
6809,220
6810,220
6811,220
6812,220
6813,220
6814,220
6815,220
6816,221
6817,221
6818,221
6819,221
6820,221
6821,221
6822,221
6823,221
6824,221
6825,221
6826,221
6827,221
6828,221
6829,221
6830,221
6831,221
6832,221
6833,221
6834,221
6835,221
6836,221
6837,221
6838,222
6839,222
6840,222
6841,222
6842,222
6843,222
6844,222
6845,222
6846,222
6847,222
6848,222
6849,222
6850,222
6851,222
6852,222
6853,222
6854,222
6855,222
6856,223
6857,222
6858,223
6859,223
6860,223
6861,223
6862,223
6863,223
6864,223
6865,223
6866,223
6867,223
6868,223
6869,223
6870,223
6871,223
6872,223
6873,223
6874,223
6875,223
6876,223
6877,223
6878,223
6879,223
6880,223
6881,223
6882,223
6883,223
6884,223
6885,223
6886,223
6887,223
6888,223
6889,223
6890,223
6891,223
6892,223
6893,223
6894,223
6895,223
6896,223
6897,223
6898,223
6899,223
6900,223
6901,223
6902,224
6903,224
6904,224
6905,224
6906,224
6907,224
6908,224
6909,224
6910,224
6911,224
6912,224
6913,224
6914,224
6915,224
6916,224
6917,223
6918,223
6919,224
6920,224
6921,223
6922,223
6923,224
6924,224
6925,224
6926,224
6927,224
6928,224
6929,224
6930,224
6931,224
6932,224
6933,224
6934,224
6935,224
6936,224
6937,224
6938,224
6939,224
6940,224
6941,224
6942,225
6943,225
6944,225
6945,225
6946,225
6947,225
6948,225
6949,225
6950,225
6951,225
6952,225
6953,225
6954,225
6955,225
6956,225
6957,225
6958,225
6959,225
6960,225
6961,225
6962,225
6963,225
6964,225
6965,226
6966,226
6967,226
6968,226
6969,226
6970,226
6971,226
6972,226
6973,226
6974,226
6975,226
6976,226
6977,226
6978,226
6979,226
6980,226
6981,226
6982,226
6983,226
6984,226
6985,226
6986,226
6987,226
6988,226
6989,226
6990,226
6991,226
6992,226
6993,226
6994,226
6995,226
6996,226
6997,226
6998,226
6999,226
7000,226
7001,226
7002,226
7003,226
7004,226
7005,226
7006,226
7007,226
7008,226
7009,226
7010,226
7011,226
7012,226
7013,226
7014,226
7015,226
7016,226
7017,226
7018,226
7019,226
7020,226
7021,226
7022,227
7023,227
7024,227
7025,227
7026,227
7027,227
7028,227
7029,227
7030,227
7031,227
7032,227
7033,227
7034,227
7035,227
7036,227
7037,227
7038,227
7039,227
7040,227
7041,227
7042,227
7043,227
7044,227
7045,227
7046,227
7047,227
7048,227
7049,227
7050,227
7051,227
7052,227
7053,227
7054,227
7055,227
7056,227
7057,227
7058,227
7059,227
7060,228
7061,228
7062,228
7063,228
7064,228
7065,228
7066,228
7067,228
7068,228
7069,228
7070,228
7071,228
7072,228
7073,228
7074,228
7075,228
7076,228
7077,228
7078,228
7079,228
7080,228
7081,228
7082,228
7083,228
7084,228
7085,228
7086,228
7087,228
7088,228
7089,228
7090,228
7091,228
7092,228
7093,228
7094,228
7095,228
7096,228
7097,228
7098,228
7099,228
7100,228
7101,228
7102,228
7103,228
7104,229
7105,228
7106,229
7107,229
7108,229
7109,229
7110,229
7111,229
7112,229
7113,229
7114,229
7115,229
7116,229
7117,229
7118,229
7119,229
7120,229
7121,229
7122,229
7123,229
7124,229
7125,229
7126,230
7127,230
7128,230
7129,230
7130,230
7131,230
7132,230
7133,230
7134,230
7135,230
7136,230
7137,230
7138,230
7139,230
7140,230
7141,230
7142,230
7143,230
7144,230
7145,230
7146,230
7147,230
7148,230
7149,230
7150,230
7151,230
7152,230
7153,230
7154,230
7155,230
7156,230
7157,230
7158,230
7159,230
7160,230
7161,230
7162,230
7163,230
7164,230
7165,230
7166,230
7167,230
7168,230
7169,230
7170,230
7171,230
7172,230
7173,230
7174,230
7175,230
7176,230
7177,230
7178,230
7179,230
7180,230
7181,230
7182,230
7183,230
7184,230
7185,230
7186,230
7187,230
7188,230
7189,230
7190,230
7191,230
7192,230
7193,230
7194,230
7195,230
7196,230
7197,230
7198,230
7199,230
7200,230
7201,230
7202,230
7203,230
7204,230
7205,230
7206,231
7207,231
7208,230
7209,231
7210,231
7211,231
7212,231
7213,231
7214,231
7215,231
7216,231
7217,231
7218,231
7219,231
7220,231
7221,231
7222,231
7223,231
7224,231
7225,231
7226,231
7227,231
7228,231
7229,231
7230,231
7231,231
7232,231
7233,231
7234,231
7235,232
7236,232
7237,232
7238,232
7239,232
7240,231
7241,232
7242,231
7243,231
7244,232
7245,232
7246,232
7247,232
7248,232
7249,232
7250,232
7251,232
7252,232
7253,232
7254,232
7255,232
7256,232
7257,231
7258,232
7259,232
7260,232
7261,232
7262,232
7263,232
7264,232
7265,232
7266,232
7267,232
7268,232
7269,232
7270,232
7271,232
7272,232
7273,232
7274,232
7275,232
7276,232
7277,232
7278,232
7279,232
7280,232
7281,232
7282,232
7283,232
7284,232
7285,232
7286,232
7287,232
7288,232
7289,232
7290,232
7291,232
7292,232
7293,233
7294,233
7295,233
7296,233
7297,233
7298,233
7299,232
7300,232
7301,232
7302,232
7303,232
7304,233
7305,233
7306,233
7307,233
7308,233
7309,233
7310,233
7311,233
7312,233
7313,233
7314,233
7315,233
7316,233
7317,233
7318,233
7319,233
7320,233
7321,233
7322,233
7323,233
7324,233
7325,233
7326,233
7327,233
7328,233
7329,233
7330,233
7331,233
7332,233
7333,233
7334,233
7335,233
7336,232
7337,232
7338,233
7339,233
7340,233
7341,233
7342,233
7343,233
7344,233
7345,232
7346,232
7347,232
7348,232
7349,232
7350,232
7351,232
7352,232
7353,232
7354,232
7355,233
7356,232
7357,232
7358,232
7359,233
7360,233
7361,233
7362,233
7363,233
7364,233
7365,233
7366,233
7367,233
7368,233
7369,233
7370,233
7371,233
7372,233
7373,233
7374,233
7375,233
7376,233
7377,233
7378,233
7379,233
7380,232
7381,232
7382,232
7383,232
7384,232
7385,232
7386,232
7387,232
7388,232
7389,232
7390,232
7391,232
7392,232
7393,232
7394,232
7395,232
7396,232
7397,232
7398,232
7399,232
7400,232
7401,232
7402,232
7403,233
7404,233
7405,233
7406,232
7407,233
7408,232
7409,233
7410,233
7411,233
7412,233
7413,233
7414,233
7415,233
7416,233
7417,233
7418,233
7419,233
7420,233
7421,233
7422,233
7423,233
7424,233
7425,233
7426,233
7427,233
7428,233
7429,233
7430,233
7431,233
7432,233
7433,234
7434,234
7435,234
7436,234
7437,234
7438,234
7439,234
7440,234
7441,234
7442,234
7443,234
7444,234
7445,234
7446,234
7447,234
7448,234
7449,234
7450,234
7451,234
7452,234
7453,234
7454,234
7455,233
7456,233
7457,233
7458,233
7459,234
7460,234
7461,234
7462,234
7463,234
7464,234
7465,234
7466,234
7467,234
7468,234
7469,234
7470,234
7471,234
7472,234
7473,234
7474,234
7475,234
7476,234
7477,234
7478,234
7479,234
7480,234
7481,234
7482,234
7483,234
7484,234
7485,234
7486,234
7487,234
7488,233
7489,233
7490,233
7491,233
7492,234
7493,234
7494,234
7495,233
7496,233
7497,233
7498,233
7499,233
7500,233
7501,233
7502,233
7503,233
7504,233
7505,233
7506,233
7507,233
7508,233
7509,234
7510,234
7511,234
7512,234
7513,234
7514,234
7515,234
7516,234
7517,234
7518,234
7519,234
7520,234
7521,234
7522,234
7523,234
7524,234
7525,234
7526,234
7527,234
7528,234
7529,234
7530,234
7531,235
7532,235
7533,235
7534,235
7535,235
7536,235
7537,235
7538,234
7539,234
7540,234
7541,234
7542,235
7543,235
7544,235
7545,234
7546,234
7547,234
7548,234
7549,235
7550,235
7551,235
7552,234
7553,234
7554,234
7555,234
7556,234
7557,234
7558,234
7559,234
7560,234
7561,234
7562,235
7563,235
7564,234
7565,234
7566,235
7567,235
7568,235
7569,235
7570,235
7571,235
7572,235
7573,235
7574,235
7575,235
7576,235
7577,235
7578,235
7579,235
7580,235
7581,235
7582,234
7583,235
7584,235
7585,235
7586,235
7587,235
7588,235
7589,235
7590,235
7591,235
7592,235
7593,235
7594,235
7595,235
7596,235
7597,235
7598,235
7599,235
7600,235
7601,235
7602,235
7603,235
7604,235
7605,235
7606,235
7607,235
7608,235
7609,235
7610,235
7611,235
7612,235
7613,235
7614,235
7615,235
7616,235
7617,235
7618,235
7619,235
7620,235
7621,235
7622,235
7623,235
7624,235
7625,235
7626,235
7627,235
7628,235
7629,235
7630,235
7631,235
7632,235
7633,235
7634,235
7635,235
7636,235
7637,235
7638,235
7639,235
7640,235
7641,235
7642,235
7643,235
7644,235
7645,235
7646,235
7647,235
7648,235
7649,235
7650,235
7651,235
7652,235
7653,235
7654,235
7655,235
7656,235
7657,235
7658,235
7659,235
7660,235
7661,235
7662,235
7663,235
7664,235
7665,235
7666,236
7667,236
7668,236
7669,236
7670,236
7671,236
7672,236
7673,236
7674,236
7675,236
7676,236
7677,236
7678,236
7679,236
7680,236
7681,235
7682,235
7683,235
7684,235
7685,235
7686,235
7687,235
7688,235
7689,235
7690,235
7691,235
7692,235
7693,235
7694,235
7695,235
7696,235
7697,235
7698,235
7699,235
7700,236
7701,236
7702,236
7703,236
7704,235
7705,235
7706,235
7707,235
7708,235
7709,236
7710,236
7711,236
7712,236
7713,236
7714,236
7715,236
7716,236
7717,236
7718,236
7719,236
7720,236
7721,236
7722,236
7723,236
7724,236
7725,236
7726,236
7727,236
7728,236
7729,236
7730,236
7731,236
7732,236
7733,236
7734,236
7735,236
7736,236
7737,236
7738,236
7739,236
7740,236
7741,236
7742,236
7743,236
7744,236
7745,236
7746,236
7747,236
7748,236
7749,236
7750,236
7751,236
7752,236
7753,236
7754,236
7755,236
7756,236
7757,236
7758,236
7759,236
7760,236
7761,236
7762,236
7763,236
7764,236
7765,237
7766,237
7767,237
7768,237
7769,237
7770,237
7771,237
7772,237
7773,237
7774,237
7775,237
7776,237
7777,237
7778,237
7779,237
7780,237
7781,237
7782,237
7783,237
7784,237
7785,237
7786,237
7787,237
7788,237
7789,237
7790,237
7791,237
7792,237
7793,237
7794,237
7795,237
7796,237
7797,237
7798,237
7799,237
7800,237
7801,237
7802,237
7803,237
7804,237
7805,237
7806,237
7807,237
7808,237
7809,237
7810,237
7811,237
7812,237
7813,237
7814,237
7815,237
7816,237
7817,237
7818,237
7819,237
7820,237
7821,237
7822,237
7823,237
7824,237
7825,237
7826,237
7827,237
7828,237
7829,237
7830,237
7831,237
7832,237
7833,237
7834,237
7835,237
7836,237
7837,237
7838,237
7839,237
7840,237
7841,237
7842,237
7843,237
7844,237
7845,238
7846,237
7847,237
7848,237
7849,237
7850,237
7851,237
7852,237
7853,237
7854,237
7855,237
7856,237
7857,237
7858,237
7859,237
7860,237
7861,237
7862,237
7863,237
7864,237
7865,237
7866,237
7867,237
7868,237
7869,238
7870,238
7871,237
7872,238
7873,238
7874,238
7875,238
7876,238
7877,238
7878,238
7879,237
7880,238
7881,238
7882,238
7883,238
7884,238
7885,238
7886,238
7887,238
7888,238
7889,238
7890,238
7891,238
7892,237
7893,237
7894,237
7895,237
7896,237
7897,238
7898,237
7899,238
7900,238
7901,237
7902,238
7903,238
7904,237
7905,238
7906,238
7907,238
7908,238
7909,238
7910,238
7911,238
7912,238
7913,238
7914,238
7915,238
7916,238
7917,238
7918,238
7919,238
7920,238
7921,238
7922,238
7923,238
7924,238
7925,238
7926,238
7927,238
7928,238
7929,238
7930,238
7931,238
7932,238
7933,238
7934,238
7935,238
7936,238
7937,238
7938,238
7939,238
7940,238
7941,238
7942,238
7943,238
7944,238
7945,238
7946,238
7947,238
7948,238
7949,238
7950,238
7951,238
7952,238
7953,238
7954,239
7955,238
7956,238
7957,238
7958,239
7959,239
7960,239
7961,239
7962,239
7963,239
7964,239
7965,239
7966,239
7967,239
7968,239
7969,239
7970,239
7971,239
7972,239
7973,239
7974,239
7975,239
7976,239
7977,239
7978,239
7979,239
7980,239
7981,239
7982,239
7983,239
7984,239
7985,239
7986,239
7987,239
7988,239
7989,240
7990,240
7991,240
7992,240
7993,240
7994,240
7995,240
7996,240
7997,240
7998,240
7999,240
8000,240
8001,240
8002,240
8003,240
8004,240
8005,240
8006,240
8007,240
8008,240
8009,240
8010,240
8011,240
8012,240
8013,240
8014,241
8015,241
8016,241
8017,241
8018,240
8019,240
8020,240
8021,240
8022,240
8023,240
8024,240
8025,240
8026,240
8027,240
8028,240
8029,240
8030,240
8031,240
8032,240
8033,240
8034,240
8035,240
8036,240
8037,240
8038,240
8039,240
8040,240
8041,240
8042,240
8043,240
8044,240
8045,240
8046,240
8047,240
8048,240
8049,240
8050,240
8051,240
8052,240
8053,240
8054,240
8055,240
8056,240
8057,240
8058,240
8059,240
8060,240
8061,240
8062,240
8063,240
8064,240
8065,240
8066,240
8067,240
8068,240
8069,241
8070,241
8071,241
8072,241
8073,241
8074,241
8075,241
8076,241
8077,241
8078,241
8079,241
8080,241
8081,241
8082,241
8083,241
8084,241
8085,241
8086,241
8087,241
8088,241
8089,241
8090,241
8091,241
8092,241
8093,241
8094,241
8095,241
8096,241
8097,241
8098,241
8099,241
8100,241
8101,241
8102,241
8103,241
8104,241
8105,241
8106,241
8107,241
8108,241
8109,241
8110,241
8111,241
8112,241
8113,241
8114,241
8115,241
8116,241
8117,242
8118,241
8119,242
8120,242
8121,241
8122,242
8123,242
8124,242
8125,242
8126,242
8127,242
8128,242
8129,242
8130,242
8131,242
8132,242
8133,242
8134,242
8135,242
8136,242
8137,242
8138,242
8139,242
8140,242
8141,242
8142,242
8143,242
8144,242
8145,242
8146,242
8147,242
8148,242
8149,242
8150,242
8151,242
8152,242
8153,242
8154,242
8155,242
8156,242
8157,242
8158,242
8159,242
8160,242
8161,242
8162,242
8163,242
8164,242
8165,242
8166,242
8167,242
8168,242
8169,242
8170,242
8171,242
8172,242
8173,242
8174,242
8175,242
8176,241
8177,242
8178,242
8179,242
8180,242
8181,242
8182,242
8183,242
8184,242
8185,242
8186,242
8187,242
8188,242
8189,242
8190,242
8191,241
8192,242
8193,242
8194,242
8195,242
8196,242
8197,242
8198,242
8199,242
8200,242
8201,242
8202,242
8203,242
8204,242
8205,242
8206,241
8207,241
8208,241
8209,241
8210,241
8211,241
8212,241
8213,241
8214,241
8215,242
8216,241
8217,242
8218,242
8219,242
8220,242
8221,242
8222,242
8223,242
8224,242
8225,242
8226,242
8227,242
8228,242
8229,242
8230,242
8231,242
8232,242
8233,242
8234,242
8235,242
8236,242
8237,242
8238,242
8239,242
8240,242
8241,242
8242,242
8243,242
8244,242
8245,242
8246,242
8247,242
8248,242
8249,242
8250,242
8251,242
8252,242
8253,242
8254,242
8255,241
8256,241
8257,241
8258,242
8259,241
8260,241
8261,241
8262,241
8263,241
8264,242
8265,242
8266,242
8267,242
8268,242
8269,242
8270,242
8271,242
8272,242
8273,242
8274,242
8275,242
8276,242
8277,242
8278,242
8279,242
8280,242
8281,242
8282,242
8283,242
8284,242
8285,242
8286,242
8287,242
8288,242
8289,242
8290,242
8291,242
8292,242
8293,242
8294,242
8295,242
8296,242
8297,242
8298,242
8299,242
8300,242
8301,242
8302,242
8303,242
8304,242
8305,242
8306,242
8307,242
8308,243
8309,243
8310,243
8311,243
8312,243
8313,243
8314,243
8315,243
8316,243
8317,243
8318,243
8319,243
8320,243
8321,243
8322,243
8323,243
8324,243
8325,243
8326,243
8327,243
8328,243
8329,243
8330,243
8331,243
8332,243
8333,243
8334,243
8335,243
8336,243
8337,243
8338,243
8339,243
8340,243
8341,243
8342,243
8343,243
8344,243
8345,243
8346,243
8347,243
8348,243
8349,243
8350,243
8351,243
8352,243
8353,243
8354,243
8355,243
8356,243
8357,243
8358,243
8359,243
8360,243
8361,243
8362,243
8363,243
8364,243
8365,243
8366,243
8367,243
8368,244
8369,244
8370,244
8371,244
8372,244
8373,244
8374,244
8375,244
8376,244
8377,244
8378,244
8379,244
8380,244
8381,244
8382,244
8383,244
8384,244
8385,244
8386,244
8387,244
8388,244
8389,245
8390,244
8391,245
8392,245
8393,245
8394,245
8395,245
8396,245
8397,245
8398,245
8399,245
8400,245
8401,245
8402,245
8403,245
8404,245
8405,246
8406,246
8407,246
8408,246
8409,246
8410,246
8411,246
8412,246
8413,246
8414,246
8415,246
8416,246
8417,246
8418,246
8419,246
8420,246
8421,246
8422,246
8423,246
8424,246
8425,246
8426,246
8427,246
8428,246
8429,246
8430,246
8431,246
8432,246
8433,246
8434,246
8435,246
8436,246
8437,246
8438,246
8439,246
8440,246
8441,246
8442,246
8443,246
8444,246
8445,246
8446,246
8447,246
8448,246
8449,246
8450,246
8451,246
8452,246
8453,246
8454,246
8455,246
8456,246
8457,246
8458,246
8459,246
8460,246
8461,246
8462,246
8463,246
8464,247
8465,247
8466,247
8467,247
8468,247
8469,247
8470,247
8471,247
8472,247
8473,247
8474,247
8475,247
8476,247
8477,247
8478,247
8479,247
8480,247
8481,247
8482,247
8483,247
8484,247
8485,247
8486,247
8487,247
8488,247
8489,247
8490,247
8491,247
8492,247
8493,247
8494,247
8495,247
8496,247
8497,247
8498,248
8499,247
8500,247
8501,247
8502,247
8503,247
8504,247
8505,247
8506,247
8507,247
8508,247
8509,247
8510,247
8511,247
8512,247
8513,247
8514,247
8515,247
8516,247
8517,247
8518,247
8519,247
8520,247
8521,247
8522,247
8523,247
8524,247
8525,247
8526,247
8527,247
8528,247
8529,247
8530,248
8531,248
8532,248
8533,248
8534,248
8535,248
8536,248
8537,248
8538,248
8539,248
8540,248
8541,248
8542,248
8543,248
8544,248
8545,248
8546,248
8547,248
8548,248
8549,248
8550,248
8551,248
8552,248
8553,248
8554,248
8555,248
8556,248
8557,248
8558,248
8559,248
8560,248
8561,248
8562,248
8563,248
8564,248
8565,248
8566,248
8567,248
8568,248
8569,248
8570,248
8571,248
8572,248
8573,248
8574,248
8575,248
8576,248
8577,248
8578,248
8579,248
8580,248
8581,248
8582,248
8583,248
8584,248
8585,248
8586,248
8587,248
8588,248
8589,248
8590,248
8591,248
8592,248
8593,248
8594,248
8595,248
8596,248
8597,249
8598,249
8599,249
8600,249
8601,249
8602,248
8603,248
8604,248
8605,248
8606,248
8607,248
8608,248
8609,248
8610,248
8611,248
8612,248
8613,248
8614,248
8615,248
8616,248
8617,248
8618,248
8619,248
8620,248
8621,248
8622,248
8623,249
8624,248
8625,248
8626,249
8627,249
8628,249
8629,249
8630,249
8631,249
8632,249
8633,249
8634,249
8635,249
8636,249
8637,249
8638,249
8639,249
8640,249
8641,249
8642,249
8643,249
8644,249
8645,249
8646,249
8647,249
8648,249
8649,249
8650,249
8651,249
8652,249
8653,249
8654,249
8655,249
8656,249
8657,249
8658,249
8659,249
8660,249
8661,249
8662,249
8663,249
8664,249
8665,249
8666,249
8667,249
8668,249
8669,249
8670,249
8671,249
8672,249
8673,249
8674,249
8675,249
8676,249
8677,249
8678,249
8679,249
8680,249
8681,249
8682,249
8683,249
8684,249
8685,249
8686,249
8687,249
8688,249
8689,249
8690,249
8691,250
8692,250
8693,250
8694,250
8695,250
8696,250
8697,250
8698,250
8699,250
8700,250
8701,250
8702,250
8703,250
8704,250
8705,249
8706,249
8707,250
8708,250
8709,250
8710,250
8711,250
8712,250
8713,250
8714,250
8715,250
8716,250
8717,250
8718,250
8719,250
8720,250
8721,250
8722,250
8723,250
8724,250
8725,250
8726,250
8727,250
8728,250
8729,251
8730,251
8731,251
8732,251
8733,251
8734,251
8735,251
8736,251
8737,251
8738,251
8739,251
8740,251
8741,251
8742,251
8743,251
8744,251
8745,251
8746,251
8747,251
8748,251
8749,251
8750,251
8751,251
8752,251
8753,252
8754,252
8755,252
8756,252
8757,252
8758,252
8759,252
8760,252
8761,252
8762,252
8763,252
8764,252
8765,252
8766,253
8767,253
8768,253
8769,253
8770,253
8771,253
8772,253
8773,253
8774,253
8775,253
8776,253
8777,253
8778,253
8779,253
8780,253
8781,253
8782,253
8783,253
8784,253
8785,253
8786,253
8787,253
8788,254
8789,253
8790,253
8791,254
8792,254
8793,254
8794,254
8795,254
8796,254
8797,254
8798,254
8799,254
8800,254
8801,254
8802,254
8803,254
8804,254
8805,254
8806,254
8807,254
8808,254
8809,254
8810,254
8811,254
8812,254
8813,254
8814,254
8815,254
8816,254
8817,254
8818,254
8819,254
8820,254
8821,254
8822,254
8823,254
8824,254
8825,254
8826,254
8827,254
8828,254
8829,254
8830,254
8831,254
8832,254
8833,254
8834,254
8835,254
8836,254
8837,254
8838,254
8839,254
8840,254
8841,254
8842,254
8843,254
8844,254
8845,254
8846,254
8847,254
8848,254
8849,254
8850,254
8851,254
8852,254
8853,254
8854,254
8855,254
8856,254
8857,254
8858,253
8859,254
8860,254
8861,254
8862,253
8863,253
8864,253
8865,253
8866,254
8867,254
8868,254
8869,254
8870,254
8871,254
8872,254
8873,254
8874,254
8875,254
8876,254
8877,254
8878,254
8879,254
8880,254
8881,254
8882,254
8883,254
8884,254
8885,254
8886,254
8887,254
8888,254
8889,254
8890,254
8891,254
8892,254
8893,254
8894,254
8895,254
8896,254
8897,254
8898,254
8899,254
8900,254
8901,254
8902,254
8903,254
8904,254
8905,254
8906,254
8907,254
8908,254
8909,254
8910,254
8911,254
8912,254
8913,254
8914,254
8915,254
8916,254
8917,254
8918,254
8919,254
8920,254
8921,254
8922,254
8923,254
8924,254
8925,254
8926,254
8927,254
8928,254
8929,254
8930,254
8931,254
8932,254
8933,254
8934,254
8935,254
8936,254
8937,254
8938,254
8939,254
8940,254
8941,254
8942,254
8943,254
8944,254
8945,254
8946,254
8947,254
8948,254
8949,254
8950,254
8951,254
8952,254
8953,255
8954,255
8955,254
8956,255
8957,255
8958,255
8959,255
8960,255
8961,255
8962,255
8963,255
8964,255
8965,255
8966,255
8967,255
8968,255
8969,255
8970,255
8971,255
8972,255
8973,255
8974,255
8975,255
8976,255
8977,255
8978,255
8979,255
8980,255
8981,255
8982,255
8983,255
8984,255
8985,255
8986,255
8987,255
8988,255
8989,255
8990,255
8991,255
8992,255
8993,255
8994,255
8995,255
8996,255
8997,255
8998,255
8999,255
9000,255
9001,255
9002,255
9003,255
9004,255
9005,255
9006,255
9007,255
9008,255
9009,255
9010,255
9011,255
9012,255
9013,255
9014,255
9015,255
9016,255
9017,255
9018,255
9019,255
9020,255
9021,255
9022,255
9023,255
9024,255
9025,255
9026,255
9027,255
9028,255
9029,255
9030,255
9031,255
9032,255
9033,255
9034,255
9035,255
9036,255
9037,255
9038,255
9039,255
9040,255
9041,256
9042,255
9043,255
9044,255
9045,256
9046,256
9047,256
9048,256
9049,256
9050,256
9051,256
9052,256
9053,256
9054,256
9055,256
9056,256
9057,256
9058,256
9059,256
9060,256
9061,256
9062,256
9063,256
9064,256
9065,256
9066,256
9067,256
9068,256
9069,256
9070,256
9071,256
9072,256
9073,256
9074,256
9075,256
9076,257
9077,257
9078,257
9079,257
9080,257
9081,257
9082,257
9083,257
9084,257
9085,257
9086,257
9087,257
9088,257
9089,257
9090,257
9091,256
9092,256
9093,256
9094,256
9095,256
9096,256
9097,256
9098,257
9099,257
9100,256
9101,257
9102,257
9103,257
9104,257
9105,257
9106,257
9107,257
9108,257
9109,257
9110,257
9111,257
9112,257
9113,257
9114,257
9115,257
9116,257
9117,257
9118,258
9119,258
9120,258
9121,258
9122,258
9123,258
9124,258
9125,258
9126,258
9127,258
9128,258
9129,258
9130,258
9131,258
9132,258
9133,257
9134,257
9135,257
9136,257
9137,257
9138,257
9139,257
9140,257
9141,257
9142,257
9143,257
9144,257
9145,257
9146,257
9147,257
9148,257
9149,257
9150,257
9151,257
9152,257
9153,257
9154,257
9155,257
9156,257
9157,257
9158,257
9159,257
9160,257
9161,257
9162,257
9163,257
9164,257
9165,257
9166,257
9167,258
9168,257
9169,257
9170,257
9171,258
9172,258
9173,258
9174,258
9175,258
9176,258
9177,258
9178,258
9179,258
9180,258
9181,258
9182,259
9183,259
9184,259
9185,259
9186,259
9187,259
9188,259
9189,259
9190,259
9191,259
9192,259
9193,259
9194,259
9195,259
9196,259
9197,259
9198,260
9199,260
9200,260
9201,260
9202,260
9203,259
9204,260
9205,259
9206,260
9207,260
9208,260
9209,260
9210,260
9211,260
9212,260
9213,260
9214,260
9215,260
9216,260
9217,260
9218,260
9219,260
9220,260
9221,260
9222,260
9223,260
9224,260
9225,259
9226,259
9227,259
9228,259
9229,259
9230,259
9231,259
9232,259
9233,259
9234,259
9235,259
9236,259
9237,259
9238,259
9239,259
9240,259
9241,259
9242,260
9243,260
9244,260
9245,260
9246,260
9247,260
9248,260
9249,260
9250,260
9251,260
9252,260
9253,260
9254,260
9255,260
9256,260
9257,261
9258,260
9259,260
9260,260
9261,260
9262,260
9263,260
9264,260
9265,260
9266,261
9267,261
9268,260
9269,261
9270,260
9271,260
9272,260
9273,261
9274,261
9275,261
9276,261
9277,261
9278,261
9279,261
9280,261
9281,261
9282,261
9283,261
9284,261
9285,261
9286,261
9287,261
9288,261
9289,261
9290,261
9291,261
9292,261
9293,261
9294,261
9295,261
9296,261
9297,261
9298,261
9299,261
9300,261
9301,261
9302,261
9303,262
9304,262
9305,261
9306,261
9307,261
9308,261
9309,261
9310,261
9311,261
9312,261
9313,261
9314,261
9315,261
9316,261
9317,261
9318,261
9319,262
9320,262
9321,262
9322,262
9323,262
9324,262
9325,262
9326,262
9327,262
9328,262
9329,262
9330,262
9331,262
9332,262
9333,262
9334,262
9335,262
9336,262
9337,262
9338,262
9339,262
9340,262
9341,262
9342,262
9343,262
9344,262
9345,262
9346,262
9347,262
9348,262
9349,262
9350,262
9351,262
9352,262
9353,262
9354,262
9355,262
9356,262
9357,262
9358,262
9359,262
9360,262
9361,262
9362,262
9363,262
9364,262
9365,262
9366,262
9367,262
9368,262
9369,262
9370,262
9371,262
9372,262
9373,262
9374,262
9375,262
9376,262
9377,262
9378,262
9379,262
9380,262
9381,262
9382,262
9383,262
9384,262
9385,261
9386,261
9387,261
9388,261
9389,261
9390,261
9391,261
9392,261
9393,261
9394,261
9395,261
9396,261
9397,261
9398,261
9399,261
9400,261
9401,261
9402,261
9403,261
9404,261
9405,261
9406,261
9407,261
9408,261
9409,261
9410,261
9411,261
9412,261
9413,261
9414,261
9415,261
9416,261
9417,261
9418,261
9419,261
9420,261
9421,261
9422,261
9423,261
9424,261
9425,261
9426,261
9427,261
9428,261
9429,261
9430,261
9431,261
9432,261
9433,261
9434,261
9435,261
9436,261
9437,262
9438,261
9439,261
9440,261
9441,261
9442,261
9443,261
9444,261
9445,261
9446,261
9447,262
9448,262
9449,262
9450,261
9451,261
9452,261
9453,261
9454,261
9455,261
9456,261
9457,261
9458,261
9459,261
9460,261
9461,261
9462,261
9463,261
9464,261
9465,261
9466,261
9467,261
9468,261
9469,261
9470,261
9471,261
9472,261
9473,261
9474,261
9475,261
9476,261
9477,261
9478,261
9479,261
9480,261
9481,261
9482,261
9483,261
9484,261
9485,261
9486,261
9487,261
9488,261
9489,261
9490,261
9491,261
9492,261
9493,261
9494,261
9495,261
9496,261
9497,261
9498,261
9499,261
9500,261
9501,261
9502,262
9503,262
9504,262
9505,262
9506,262
9507,262
9508,262
9509,262
9510,262
9511,262
9512,262
9513,262
9514,262
9515,262
9516,262
9517,262
9518,262
9519,262
9520,262
9521,262
9522,262
9523,262
9524,262
9525,263
9526,263
9527,263
9528,263
9529,262
9530,262
9531,263
9532,262
9533,262
9534,262
9535,263
9536,263
9537,263
9538,263
9539,263
9540,263
9541,263
9542,263
9543,263
9544,263
9545,263
9546,263
9547,263
9548,263
9549,263
9550,263
9551,263
9552,263
9553,263
9554,263
9555,263
9556,263
9557,263
9558,263
9559,263
9560,263
9561,263
9562,263
9563,263
9564,263
9565,263
9566,263
9567,263
9568,263
9569,263
9570,263
9571,263
9572,263
9573,263
9574,263
9575,263
9576,263
9577,263
9578,263
9579,263
9580,263
9581,263
9582,263
9583,263
9584,263
9585,263
9586,263
9587,264
9588,264
9589,264
9590,264
9591,264
9592,264
9593,264
9594,264
9595,264
9596,264
9597,264
9598,264
9599,264
9600,264
9601,264
9602,264
9603,264
9604,264
9605,264
9606,264
9607,264
9608,264
9609,264
9610,264
9611,264
9612,264
9613,264
9614,264
9615,264
9616,263
9617,263
9618,263
9619,263
9620,263
9621,263
9622,264
9623,263
9624,263
9625,263
9626,263
9627,263
9628,263
9629,263
9630,263
9631,263
9632,263
9633,263
9634,263
9635,264
9636,264
9637,264
9638,264
9639,263
9640,263
9641,263
9642,263
9643,263
9644,263
9645,263
9646,263
9647,263
9648,263
9649,263
9650,263
9651,263
9652,263
9653,263
9654,263
9655,263
9656,263
9657,263
9658,263
9659,263
9660,263
9661,263
9662,263
9663,263
9664,263
9665,263
9666,263
9667,263
9668,264
9669,263
9670,263
9671,263
9672,263
9673,263
9674,264
9675,263
9676,263
9677,264
9678,263
9679,263
9680,263
9681,263
9682,263
9683,263
9684,263
9685,263
9686,263
9687,263
9688,263
9689,263
9690,263
9691,263
9692,263
9693,263
9694,263
9695,263
9696,263
9697,263
9698,264
9699,264
9700,264
9701,264
9702,264
9703,264
9704,264
9705,264
9706,264
9707,264
9708,264
9709,264
9710,264
9711,264
9712,264
9713,264
9714,265
9715,265
9716,265
9717,264
9718,264
9719,264
9720,264
9721,264
9722,264
9723,264
9724,264
9725,264
9726,264
9727,264
9728,264
9729,264
9730,264
9731,264
9732,264
9733,264
9734,264
9735,264
9736,264
9737,264
9738,264
9739,264
9740,264
9741,264
9742,264
9743,264
9744,264
9745,264
9746,264
9747,265
9748,265
9749,265
9750,265
9751,265
9752,265
9753,265
9754,265
9755,265
9756,265
9757,265
9758,265
9759,265
9760,265
9761,265
9762,265
9763,265
9764,265
9765,265
9766,265
9767,265
9768,265
9769,265
9770,265
9771,265
9772,265
9773,265
9774,265
9775,265
9776,265
9777,265
9778,266
9779,266
9780,266
9781,266
9782,266
9783,266
9784,266
9785,266
9786,266
9787,266
9788,266
9789,266
9790,266
9791,266
9792,266
9793,266
9794,266
9795,266
9796,266
9797,266
9798,266
9799,266
9800,266
9801,266
9802,265
9803,265
9804,265
9805,265
9806,265
9807,265
9808,265
9809,265
9810,265
9811,265
9812,265
9813,265
9814,265
9815,265
9816,266
9817,266
9818,266
9819,266
9820,266
9821,266
9822,266
9823,265
9824,265
9825,265
9826,265
9827,265
9828,265
9829,265
9830,265
9831,265
9832,265
9833,265
9834,265
9835,265
9836,265
9837,265
9838,265
9839,265
9840,265
9841,265
9842,265
9843,265
9844,265
9845,265
9846,265
9847,265
9848,265
9849,265
9850,265
9851,265
9852,265
9853,265
9854,265
9855,265
9856,265
9857,265
9858,265
9859,265
9860,265
9861,265
9862,265
9863,266
9864,265
9865,265
9866,266
9867,265
9868,266
9869,266
9870,266
9871,266
9872,266
9873,266
9874,266
9875,266
9876,266
9877,266
9878,266
9879,266
9880,266
9881,266
9882,266
9883,266
9884,266
9885,266
9886,266
9887,266
9888,266
9889,267
9890,266
9891,266
9892,266
9893,266
9894,266
9895,266
9896,266
9897,266
9898,266
9899,266
9900,266
9901,266
9902,267
9903,266
9904,267
9905,267
9906,267
9907,266
9908,266
9909,267
9910,267
9911,266
9912,267
9913,266
9914,266
9915,267
9916,267
9917,267
9918,267
9919,267
9920,267
9921,267
9922,266
9923,266
9924,266
9925,266
9926,266
9927,266
9928,266
9929,266
9930,266
9931,266
9932,266
9933,266
9934,266
9935,266
9936,266
9937,266
9938,266
9939,266
9940,266
9941,266
9942,266
9943,266
9944,266
9945,266
9946,266
9947,266
9948,266
9949,266
9950,266
9951,266
9952,265
9953,266
9954,266
9955,266
9956,266
9957,266
9958,266
9959,266
9960,266
9961,266
9962,266
9963,266
9964,266
9965,266
9966,266
9967,265
9968,265
9969,265
9970,266
9971,266
9972,266
9973,266
9974,266
9975,266
9976,266
9977,266
9978,266
9979,266
9980,266
9981,266
9982,266
9983,266
9984,266
9985,266
9986,266
9987,266
9988,266
9989,266
9990,266
9991,266
9992,266
9993,266
9994,266
9995,266
9996,266
9997,266
9998,266
9999,266
