0,150
1,150
2,150
3,150
4,150
5,150
6,150
7,150
8,150
9,150
10,150
11,150
12,150
13,150
14,150
15,150
16,150
17,150
18,150
19,150
20,150
21,150
22,150
23,149
24,150
25,150
26,150
27,149
28,149
29,149
30,149
31,149
32,149
33,149
34,150
35,150
36,150
37,150
38,150
39,150
40,150
41,150
42,150
43,150
44,150
45,150
46,149
47,149
48,150
49,149
50,150
51,149
52,149
53,150
54,150
55,150
56,149
57,150
58,150
59,150
60,150
61,150
62,150
63,149
64,150
65,150
66,150
67,150
68,150
69,150
70,150
71,150
72,150
73,150
74,150
75,150
76,150
77,150
78,150
79,150
80,150
81,150
82,150
83,150
84,150
85,150
86,150
87,150
88,150
89,150
90,150
91,150
92,150
93,150
94,150
95,150
96,150
97,150
98,150
99,150
100,150
101,150
102,150
103,149
104,149
105,149
106,149
107,149
108,149
109,149
110,150
111,149
112,149
113,150
114,150
115,149
116,149
117,149
118,150
119,149
120,149
121,149
122,149
123,149
124,149
125,149
126,149
127,149
128,149
129,149
130,149
131,149
132,149
133,149
134,149
135,149
136,149
137,149
138,149
139,149
140,149
141,149
142,149
143,149
144,149
145,149
146,149
147,149
148,149
149,149
150,149
151,149
152,149
153,149
154,149
155,149
156,149
157,149
158,149
159,149
160,149
161,149
162,149
163,149
164,149
165,149
166,149
167,149
168,149
169,149
170,149
171,149
172,149
173,149
174,149
175,149
176,149
177,149
178,149
179,150
180,150
181,150
182,149
183,149
184,149
185,149
186,149
187,149
188,149
189,149
190,149
191,149
192,149
193,149
194,150
195,150
196,150
197,150
198,150
199,149
200,149
201,149
202,149
203,149
204,149
205,149
206,149
207,149
208,149
209,150
210,150
211,150
212,150
213,150
214,149
215,149
216,150
217,150
218,150
219,150
220,150
221,150
222,150
223,150
224,150
225,150
226,150
227,150
228,150
229,150
230,150
231,150
232,150
233,150
234,150
235,151
236,151
237,151
238,151
239,151
240,151
241,151
242,151
243,151
244,151
245,151
246,151
247,151
248,151
249,151
250,151
251,151
252,151
253,151
254,151
255,151
256,151
257,151
258,151
259,151
260,151
261,151
262,151
263,151
264,151
265,152
266,152
267,152
268,152
269,152
270,152
271,152
272,152
273,152
274,152
275,152
276,152
277,152
278,152
279,152
280,152
281,152
282,152
283,152
284,152
285,153
286,153
287,152
288,153
289,152
290,152
291,152
292,152
293,153
294,153
295,152
296,152
297,152
298,152
299,152
300,152
301,152
302,152
303,152
304,152
305,152
306,152
307,152
308,152
309,152
310,152
311,152
312,152
313,152
314,152
315,152
316,152
317,152
318,152
319,152
320,152
321,151
322,151
323,151
324,152
325,152
326,152
327,152
328,152
329,151
330,152
331,152
332,152
333,152
334,152
335,152
336,151
337,151
338,151
339,151
340,151
341,151
342,151
343,151
344,151
345,151
346,151
347,151
348,151
349,151
350,150
351,150
352,150
353,150
354,150
355,150
356,150
357,150
358,150
359,150
360,151
361,150
362,151
363,151
364,151
365,151
366,151
367,151
368,151
369,151
370,151
371,151
372,151
373,151
374,151
375,151
376,151
377,151
378,151
379,151
380,151
381,151
382,151
383,151
384,151
385,151
386,151
387,151
388,151
389,151
390,151
391,151
392,151
393,151
394,151
395,151
396,151
397,152
398,152
399,152
400,152
401,152
402,152
403,152
404,152
405,152
406,152
407,152
408,153
409,153
410,153
411,153
412,153
413,153
414,153
415,153
416,153
417,153
418,153
419,153
420,153
421,153
422,153
423,153
424,153
425,153
426,153
427,153
428,153
429,153
430,153
431,153
432,153
433,153
434,153
435,153
436,153
437,153
438,153
439,152
440,152
441,153
442,153
443,153
444,153
445,153
446,153
447,153
448,153
449,153
450,153
451,153
452,153
453,153
454,153
455,153
456,153
457,153
458,153
459,153
460,153
461,153
462,153
463,153
464,153
465,153
466,153
467,153
468,153
469,153
470,153
471,153
472,153
473,153
474,153
475,153
476,153
477,153
478,153
479,153
480,153
481,153
482,153
483,153
484,153
485,153
486,153
487,153
488,153
489,153
490,153
491,153
492,153
493,153
494,152
495,153
496,153
497,153
498,153
499,153
500,153
501,153
502,153
503,153
504,153
505,153
506,153
507,153
508,153
509,153
510,153
511,153
512,153
513,153
514,153
515,152
516,152
517,153
518,153
519,152
520,153
521,153
522,153
523,153
524,153
525,152
526,152
527,152
528,153
529,152
530,152
531,152
532,152
533,152
534,152
535,152
536,152
537,152
538,152
539,152
540,152
541,152
542,153
543,153
544,153
545,153
546,153
547,153
548,153
549,153
550,153
551,153
552,153
553,153
554,153
555,153
556,153
557,154
558,154
559,154
560,154
561,154
562,154
563,154
564,154
565,154
566,154
567,154
568,154
569,154
570,154
571,154
572,154
573,154
574,154
575,154
576,155
577,155
578,155
579,155
580,155
581,155
582,155
583,155
584,155
585,155
586,154
587,154
588,154
589,155
590,155
591,154
592,155
593,155
594,155
595,155
596,155
597,155
598,154
599,154
600,154
601,154
602,154
603,154
604,155
605,155
606,155
607,155
608,155
609,155
610,155
611,155
612,155
613,154
614,155
615,155
616,155
617,155
618,155
619,155
620,155
621,155
622,155
623,154
624,155
625,155
626,155
627,155
628,155
629,155
630,155
631,155
632,155
633,156
634,155
635,155
636,156
637,156
638,156
639,156
640,156
641,156
642,156
643,156
644,156
645,156
646,156
647,156
648,156
649,156
650,156
651,156
652,156
653,156
654,156
655,156
656,156
657,155
658,155
659,156
660,155
661,155
662,155
663,155
664,155
665,155
666,155
667,155
668,155
669,155
670,155
671,156
672,155
673,156
674,156
675,156
676,156
677,156
678,156
679,156
680,156
681,156
682,156
683,156
684,156
685,156
686,156
687,156
688,156
689,156
690,156
691,156
692,156
693,155
694,155
695,155
696,155
697,156
698,156
699,156
700,156
701,156
702,156
703,156
704,156
705,156
706,156
707,156
708,156
709,156
710,156
711,156
712,156
713,156
714,156
715,156
716,156
717,157
718,157
719,156
720,156
721,156
722,156
723,156
724,156
725,156
726,156
727,156
728,156
729,156
730,156
731,156
732,156
733,156
734,155
735,155
736,155
737,155
738,155
739,155
740,155
741,155
742,155
743,155
744,155
745,155
746,155
747,155
748,155
749,155
750,155
751,156
752,156
753,156
754,156
755,156
756,156
757,156
758,156
759,156
760,156
761,156
762,155
763,156
764,156
765,156
766,155
767,155
768,155
769,156
770,156
771,156
772,156
773,155
774,155
775,156
776,156
777,155
778,155
779,155
780,155
781,155
782,155
783,155
784,155
785,155
786,155
787,155
788,155
789,155
790,155
791,155
792,156
793,155
794,156
795,155
796,155
797,156
798,155
799,155
800,155
801,156
802,156
803,156
804,156
805,156
806,156
807,156
808,156
809,156
810,156
811,156
812,156
813,156
814,156
815,157
816,157
817,157
818,157
819,157
820,157
821,157
822,157
823,157
824,157
825,157
826,157
827,157
828,157
829,157
830,157
831,157
832,157
833,157
834,157
835,157
836,157
837,157
838,157
839,157
840,157
841,157
842,157
843,157
844,157
845,157
846,157
847,157
848,157
849,157
850,157
851,157
852,157
853,157
854,157
855,157
856,157
857,157
858,157
859,157
860,157
861,157
862,158
863,158
864,158
865,157
866,157
867,158
868,158
869,157
870,158
871,158
872,157
873,157
874,158
875,158
876,158
877,158
878,158
879,158
880,158
881,158
882,158
883,158
884,158
885,158
886,158
887,158
888,158
889,158
890,158
891,158
892,158
893,158
894,158
895,158
896,158
897,158
898,158
899,158
900,158
901,159
902,159
903,159
904,159
905,159
906,159
907,159
908,159
909,159
910,159
911,159
912,159
913,159
914,159
915,160
916,160
917,160
918,160
919,160
920,160
921,160
922,160
923,160
924,160
925,160
926,160
927,160
928,160
929,160
930,160
931,160
932,160
933,160
934,160
935,160
936,160
937,160
938,160
939,160
940,160
941,160
942,160
943,160
944,160
945,160
946,160
947,160
948,160
949,160
950,160
951,161
952,161
953,161
954,161
955,161
956,161
957,161
958,161
959,161
960,161
961,161
962,161
963,160
964,160
965,160
966,161
967,161
968,161
969,161
970,161
971,161
972,161
973,161
974,161
975,161
976,161
977,161
978,161
979,161
980,161
981,161
982,161
983,161
984,161
985,161
986,161
987,161
988,161
989,161
990,161
991,161
992,161
993,161
994,161
995,161
996,161
997,161
998,161
999,161
1000,161
1001,161
1002,161
1003,161
1004,161
1005,161
1006,161
1007,161
1008,161
1009,161
1010,161
1011,161
1012,161
1013,161
1014,161
1015,161
1016,161
1017,161
1018,161
1019,162
1020,162
1021,162
1022,162
1023,161
1024,162
1025,162
1026,162
1027,162
1028,162
1029,162
1030,162
1031,162
1032,162
1033,162
1034,162
1035,161
1036,162
1037,162
1038,161
1039,162
1040,161
1041,161
1042,161
1043,161
1044,161
1045,161
1046,161
1047,161
1048,161
1049,161
1050,161
1051,161
1052,161
1053,161
1054,161
1055,161
1056,161
1057,161
1058,161
1059,161
1060,161
1061,161
1062,161
1063,161
1064,161
1065,161
1066,161
1067,161
1068,161
1069,161
1070,161
1071,161
1072,161
1073,161
1074,161
1075,161
1076,161
1077,161
1078,162
1079,162
1080,161
1081,161
1082,161
1083,161
1084,162
1085,162
1086,162
1087,162
1088,162
1089,162
1090,162
1091,162
1092,162
1093,162
1094,162
1095,162
1096,162
1097,162
1098,162
1099,162
1100,162
1101,162
1102,162
1103,162
1104,162
1105,162
1106,162
1107,162
1108,162
1109,162
1110,162
1111,162
1112,162
1113,163
1114,163
1115,163
1116,163
1117,163
1118,163
1119,163
1120,163
1121,163
1122,163
1123,163
1124,163
1125,163
1126,163
1127,163
1128,163
1129,163
1130,163
1131,163
1132,163
1133,163
1134,163
1135,163
1136,162
1137,163
1138,163
1139,163
1140,163
1141,163
1142,163
1143,163
1144,163
1145,163
1146,163
1147,163
1148,163
1149,163
1150,163
1151,163
1152,163
1153,163
1154,163
1155,163
1156,163
1157,163
1158,163
1159,163
1160,163
1161,163
1162,163
1163,163
1164,163
1165,163
1166,163
1167,163
1168,163
1169,163
1170,163
1171,163
1172,163
1173,163
1174,163
1175,164
1176,164
1177,164
1178,164
1179,164
1180,164
1181,164
1182,164
1183,164
1184,164
1185,164
1186,164
1187,164
1188,164
1189,164
1190,164
1191,164
1192,164
1193,164
1194,164
1195,164
1196,164
1197,164
1198,164
1199,164
1200,164
1201,164
1202,164
1203,164
1204,164
1205,164
1206,164
1207,164
1208,164
1209,164
1210,164
1211,164
1212,164
1213,164
1214,164
1215,165
1216,165
1217,165
1218,165
1219,165
1220,165
1221,165
1222,165
1223,165
1224,165
1225,165
1226,165
1227,165
1228,165
1229,165
1230,165
1231,165
1232,165
1233,165
1234,165
1235,165
1236,165
1237,165
1238,165
1239,165
1240,165
1241,165
1242,165
1243,165
1244,165
1245,165
1246,165
1247,165
1248,165
1249,165
1250,165
1251,165
1252,165
1253,165
1254,165
1255,165
1256,165
1257,165
1258,165
1259,165
1260,165
1261,165
1262,165
1263,165
1264,165
1265,165
1266,165
1267,165
1268,165
1269,165
1270,165
1271,165
1272,165
1273,165
1274,165
1275,165
1276,165
1277,165
1278,165
1279,165
1280,165
1281,165
1282,165
1283,165
1284,165
1285,165
1286,165
1287,165
1288,165
1289,165
1290,165
1291,165
1292,165
1293,165
1294,165
1295,165
1296,165
1297,165
1298,165
1299,165
1300,165
1301,165
1302,165
1303,165
1304,165
1305,165
1306,165
1307,165
1308,165
1309,165
1310,165
1311,165
1312,165
1313,165
1314,165
1315,165
1316,165
1317,165
1318,165
1319,165
1320,165
1321,165
1322,165
1323,166
1324,166
1325,166
1326,166
1327,166
1328,166
1329,166
1330,166
1331,166
1332,166
1333,166
1334,166
1335,166
1336,166
1337,166
1338,166
1339,166
1340,166
1341,166
1342,166
1343,166
1344,166
1345,166
1346,166
1347,166
1348,166
1349,166
1350,166
1351,166
1352,166
1353,166
1354,166
1355,166
1356,166
1357,166
1358,166
1359,166
1360,166
1361,166
1362,166
1363,166
1364,166
1365,166
1366,167
1367,167
1368,167
1369,167
1370,167
1371,167
1372,167
1373,167
1374,167
1375,167
1376,167
1377,167
1378,167
1379,166
1380,166
1381,166
1382,166
1383,167
1384,167
1385,166
1386,166
1387,166
1388,166
1389,166
1390,167
1391,167
1392,166
1393,167
1394,166
1395,166
1396,166
1397,166
1398,166
1399,166
1400,166
1401,166
1402,166
1403,166
1404,166
1405,166
1406,166
1407,166
1408,166
1409,167
1410,166
1411,166
1412,166
1413,166
1414,166
1415,166
1416,166
1417,166
1418,166
1419,166
1420,166
1421,166
1422,166
1423,167
1424,167
1425,166
1426,166
1427,166
1428,166
1429,166
1430,166
1431,166
1432,166
1433,166
1434,166
1435,166
1436,166
1437,166
1438,166
1439,166
1440,166
1441,166
1442,166
1443,166
1444,166
1445,166
1446,166
1447,166
1448,166
1449,166
1450,166
1451,166
1452,166
1453,166
1454,166
1455,166
1456,166
1457,166
1458,166
1459,166
1460,166
1461,166
1462,166
1463,166
1464,166
1465,166
1466,166
1467,166
1468,166
1469,166
1470,166
1471,166
1472,166
1473,166
1474,166
1475,166
1476,166
1477,166
1478,166
1479,166
1480,166
1481,166
1482,166
1483,166
1484,166
1485,166
1486,166
1487,166
1488,166
1489,166
1490,166
1491,166
1492,166
1493,166
1494,166
1495,166
1496,166
1497,166
1498,166
1499,166
1500,166
1501,166
1502,166
1503,166
1504,166
1505,166
1506,166
1507,166
1508,166
1509,166
1510,166
1511,166
1512,166
1513,166
1514,166
1515,166
1516,166
1517,166
1518,166
1519,166
1520,166
1521,166
1522,166
1523,166
1524,166
1525,166
1526,166
1527,165
1528,166
1529,165
1530,165
1531,165
1532,165
1533,165
1534,165
1535,166
1536,166
1537,166
1538,166
1539,166
1540,166
1541,165
1542,165
1543,165
1544,165
1545,165
1546,165
1547,165
1548,165
1549,165
1550,165
1551,165
1552,165
1553,165
1554,165
1555,165
1556,165
1557,165
1558,165
1559,165
1560,165
1561,165
1562,165
1563,165
1564,165
1565,165
1566,166
1567,166
1568,166
1569,166
1570,166
1571,166
1572,166
1573,165
1574,165
1575,166
1576,166
1577,166
1578,165
1579,165
1580,165
1581,165
1582,165
1583,165
1584,165
1585,165
1586,165
1587,165
1588,165
1589,165
1590,165
1591,165
1592,165
1593,165
1594,165
1595,164
1596,164
1597,164
1598,164
1599,165
1600,165
1601,165
1602,165
1603,165
1604,165
1605,165
1606,165
1607,165
1608,165
1609,165
1610,165
1611,165
1612,165
1613,165
1614,165
1615,165
1616,165
1617,165
1618,165
1619,165
1620,165
1621,165
1622,164
1623,164
1624,164
1625,164
1626,164
1627,164
1628,164
1629,165
1630,165
1631,164
1632,164
1633,165
1634,165
1635,164
1636,164
1637,164
1638,164
1639,164
1640,164
1641,164
1642,164
1643,164
1644,164
1645,164
1646,164
1647,164
1648,164
1649,164
1650,164
1651,164
1652,164
1653,164
1654,165
1655,165
1656,165
1657,165
1658,164
1659,164
1660,165
1661,165
1662,165
1663,165
1664,165
1665,165
1666,165
1667,164
1668,164
1669,164
1670,164
1671,164
1672,164
1673,164
1674,164
1675,164
1676,164
1677,164
1678,164
1679,164
1680,164
1681,164
1682,164
1683,164
1684,164
1685,164
1686,164
1687,164
1688,164
1689,164
1690,164
1691,164
1692,164
1693,164
1694,164
1695,164
1696,164
1697,164
1698,164
1699,164
1700,164
1701,164
1702,164
1703,164
1704,164
1705,164
1706,164
1707,165
1708,165
1709,165
1710,165
1711,165
1712,165
1713,165
1714,165
1715,165
1716,165
1717,165
1718,165
1719,165
1720,164
1721,165
1722,165
1723,165
1724,165
1725,165
1726,165
1727,165
1728,165
1729,165
1730,165
1731,165
1732,165
1733,165
1734,165
1735,165
1736,165
1737,165
1738,165
1739,165
1740,165
1741,165
1742,165
1743,165
1744,165
1745,165
1746,165
1747,165
1748,165
1749,165
1750,165
1751,165
1752,165
1753,165
1754,165
1755,165
1756,165
1757,166
1758,165
1759,166
1760,166
1761,166
1762,165
1763,165
1764,165
1765,166
1766,166
1767,166
1768,166
1769,166
1770,166
1771,166
1772,166
1773,166
1774,166
1775,166
1776,166
1777,166
1778,166
1779,166
1780,166
1781,166
1782,166
1783,166
1784,166
1785,166
1786,166
1787,166
1788,166
1789,166
1790,166
1791,166
1792,166
1793,166
1794,166
1795,166
1796,166
1797,166
1798,166
1799,166
1800,166
1801,166
1802,166
1803,166
1804,166
1805,166
1806,166
1807,166
1808,166
1809,166
1810,166
1811,166
1812,166
1813,166
1814,166
1815,166
1816,166
1817,166
1818,166
1819,166
1820,166
1821,166
1822,166
1823,166
1824,166
1825,167
1826,167
1827,167
1828,167
1829,167
1830,166
1831,166
1832,166
1833,166
1834,166
1835,166
1836,166
1837,166
1838,166
1839,166
1840,166
1841,166
1842,166
1843,167
1844,166
1845,166
1846,166
1847,167
1848,167
1849,166
1850,167
1851,167
1852,167
1853,167
1854,167
1855,167
1856,166
1857,167
1858,167
1859,167
1860,167
1861,167
1862,167
1863,167
1864,167
1865,167
1866,167
1867,167
1868,167
1869,167
1870,167
1871,167
1872,167
1873,167
1874,167
1875,167
1876,167
1877,167
1878,167
1879,167
1880,167
1881,167
1882,167
1883,167
1884,167
1885,167
1886,167
1887,167
1888,167
1889,167
1890,167
1891,167
1892,167
1893,167
1894,167
1895,167
1896,167
1897,167
1898,167
1899,167
1900,167
1901,167
1902,168
1903,168
1904,168
1905,168
1906,168
1907,168
1908,168
1909,168
1910,168
1911,168
1912,168
1913,168
1914,168
1915,168
1916,168
1917,168
1918,168
1919,168
1920,168
1921,168
1922,168
1923,168
1924,168
1925,168
1926,168
1927,168
1928,168
1929,168
1930,168
1931,168
1932,168
1933,168
1934,168
1935,168
1936,168
1937,168
1938,168
1939,168
1940,168
1941,168
1942,168
1943,168
1944,168
1945,168
1946,168
1947,168
1948,168
1949,168
1950,168
1951,168
1952,168
1953,168
1954,168
1955,168
1956,168
1957,168
1958,168
1959,168
1960,168
1961,168
1962,168
1963,168
1964,168
1965,168
1966,168
1967,168
1968,168
1969,168
1970,168
1971,168
1972,168
1973,169
1974,169
1975,169
1976,169
1977,169
1978,168
1979,168
1980,168
1981,168
1982,168
1983,168
1984,168
1985,168
1986,168
1987,168
1988,168
1989,168
1990,168
1991,169
1992,169
1993,169
1994,169
1995,169
1996,169
1997,168
1998,168
1999,168
2000,168
2001,168
2002,168
2003,168
2004,168
2005,168
2006,168
2007,168
2008,168
2009,168
2010,168
2011,168
2012,168
2013,168
2014,168
2015,168
2016,168
2017,168
2018,168
2019,168
2020,168
2021,168
2022,168
2023,168
2024,168
2025,168
2026,168
2027,168
2028,168
2029,168
2030,168
2031,168
2032,168
2033,168
2034,168
2035,168
2036,169
2037,169
2038,169
2039,169
2040,169
2041,168
2042,169
2043,169
2044,169
2045,169
2046,169
2047,169
2048,169
2049,169
2050,169
2051,169
2052,169
2053,168
2054,168
2055,168
2056,168
2057,169
2058,169
2059,169
2060,168
2061,168
2062,168
2063,168
2064,168
2065,169
2066,169
2067,169
2068,169
2069,169
2070,169
2071,169
2072,169
2073,169
2074,169
2075,169
2076,169
2077,169
2078,169
2079,170
2080,170
2081,170
2082,170
2083,170
2084,170
2085,170
2086,170
2087,170
2088,170
2089,170
2090,170
2091,170
2092,170
2093,170
2094,170
2095,170
2096,170
2097,170
2098,170
2099,170
2100,170
2101,170
2102,170
2103,170
2104,170
2105,170
2106,170
2107,170
2108,170
2109,170
2110,170
2111,170
2112,170
2113,170
2114,170
2115,170
2116,171
2117,171
2118,171
2119,171
2120,171
2121,171
2122,171
2123,171
2124,171
2125,171
2126,171
2127,171
2128,171
2129,171
2130,171
2131,171
2132,171
2133,171
2134,171
2135,171
2136,171
2137,171
2138,171
2139,171
2140,171
2141,171
2142,171
2143,171
2144,171
2145,171
2146,171
2147,171
2148,171
2149,170
2150,170
2151,170
2152,170
2153,170
2154,170
2155,170
2156,171
2157,171
2158,171
2159,171
2160,170
2161,170
2162,170
2163,170
2164,170
2165,170
2166,170
2167,170
2168,170
2169,170
2170,170
2171,170
2172,170
2173,170
2174,170
2175,171
2176,171
2177,171
2178,171
2179,171
2180,171
2181,171
2182,171
2183,171
2184,171
2185,171
2186,171
2187,171
2188,171
2189,171
2190,171
2191,171
2192,171
2193,171
2194,171
2195,171
2196,171
2197,171
2198,171
2199,171
2200,171
2201,171
2202,171
2203,171
2204,171
2205,171
2206,171
2207,171
2208,171
2209,171
2210,171
2211,171
2212,171
2213,171
2214,172
2215,172
2216,172
2217,172
2218,172
2219,172
2220,172
2221,172
2222,172
2223,172
2224,172
2225,172
2226,172
2227,172
2228,172
2229,172
2230,172
2231,172
2232,172
2233,172
2234,172
2235,172
2236,172
2237,172
2238,172
2239,172
2240,172
2241,172
2242,172
2243,172
2244,172
2245,172
2246,172
2247,172
2248,173
2249,172
2250,172
2251,172
2252,172
2253,172
2254,173
2255,172
2256,172
2257,172
2258,173
2259,173
2260,173
2261,172
2262,172
2263,173
2264,173
2265,173
2266,173
2267,173
2268,173
2269,173
2270,173
2271,173
2272,173
2273,173
2274,173
2275,173
2276,173
2277,173
2278,173
2279,173
2280,173
2281,173
2282,173
2283,173
2284,173
2285,173
2286,173
2287,173
2288,173
2289,173
2290,173
2291,173
2292,173
2293,173
2294,173
2295,173
2296,174
2297,174
2298,174
2299,174
2300,174
2301,174
2302,174
2303,174
2304,174
2305,174
2306,174
2307,174
2308,174
2309,174
2310,174
2311,174
2312,174
2313,174
2314,174
2315,174
2316,174
2317,174
2318,174
2319,174
2320,174
2321,174
2322,174
2323,174
2324,174
2325,174
2326,174
2327,174
2328,174
2329,174
2330,174
2331,174
2332,174
2333,174
2334,174
2335,174
2336,174
2337,174
2338,174
2339,175
2340,174
2341,175
2342,174
2343,175
2344,174
2345,175
2346,175
2347,175
2348,175
2349,175
2350,174
2351,174
2352,174
2353,174
2354,174
2355,174
2356,174
2357,174
2358,174
2359,175
2360,175
2361,175
2362,175
2363,175
2364,175
2365,175
2366,175
2367,175
2368,174
2369,174
2370,174
2371,174
2372,175
2373,175
2374,174
2375,174
2376,174
2377,174
2378,174
2379,174
2380,175
2381,175
2382,175
2383,174
2384,174
2385,174
2386,175
2387,175
2388,175
2389,175
2390,175
2391,175
2392,175
2393,174
2394,174
2395,174
2396,174
2397,174
2398,174
2399,174
2400,174
2401,175
2402,175
2403,175
2404,175
2405,175
2406,175
2407,175
2408,175
2409,175
2410,175
2411,175
2412,175
2413,175
2414,175
2415,175
2416,175
2417,175
2418,175
2419,175
2420,175
2421,175
2422,175
2423,175
2424,175
2425,175
2426,175
2427,175
2428,175
2429,175
2430,175
2431,175
2432,175
2433,175
2434,175
2435,176
2436,176
2437,175
2438,176
2439,176
2440,176
2441,176
2442,176
2443,176
2444,176
2445,176
2446,176
2447,176
2448,176
2449,176
2450,176
2451,176
2452,176
2453,176
2454,176
2455,176
2456,176
2457,176
2458,176
2459,176
2460,176
2461,176
2462,176
2463,176
2464,176
2465,176
2466,176
2467,176
2468,176
2469,176
2470,176
2471,176
2472,176
2473,176
2474,176
2475,177
2476,177
2477,176
2478,176
2479,177
2480,177
2481,177
2482,177
2483,177
2484,177
2485,177
2486,177
2487,177
2488,177
2489,177
2490,177
2491,177
2492,177
2493,177
2494,177
2495,177
2496,177
2497,177
2498,177
2499,177
2500,177
2501,177
2502,177
2503,177
2504,177
2505,177
2506,177
2507,177
2508,177
2509,177
2510,177
2511,177
2512,177
2513,177
2514,177
2515,177
2516,177
2517,177
2518,177
2519,177
2520,178
2521,178
2522,178
2523,178
2524,178
2525,178
2526,178
2527,178
2528,178
2529,178
2530,178
2531,178
2532,178
2533,178
2534,178
2535,178
2536,178
2537,178
2538,178
2539,178
2540,178
2541,178
2542,178
2543,178
2544,178
2545,178
2546,178
2547,178
2548,178
2549,178
2550,178
2551,178
2552,178
2553,178
2554,178
2555,178
2556,178
2557,178
2558,178
2559,178
2560,178
2561,178
2562,178
2563,178
2564,178
2565,178
2566,178
2567,178
2568,178
2569,178
2570,178
2571,178
2572,178
2573,178
2574,178
2575,178
2576,178
2577,178
2578,178
2579,178
2580,178
2581,178
2582,178
2583,178
2584,178
2585,178
2586,178
2587,177
2588,177
2589,177
2590,177
2591,177
2592,177
2593,177
2594,177
2595,177
2596,177
2597,177
2598,177
2599,177
2600,177
2601,177
2602,177
2603,177
2604,177
2605,176
2606,176
2607,176
2608,176
2609,176
2610,176
2611,176
2612,176
2613,176
2614,176
2615,176
2616,176
2617,176
2618,176
2619,176
2620,176
2621,176
2622,176
2623,176
2624,176
2625,176
2626,176
2627,176
2628,176
2629,176
2630,176
2631,176
2632,176
2633,176
2634,176
2635,176
2636,176
2637,176
2638,176
2639,176
2640,176
2641,176
2642,176
2643,176
2644,176
2645,176
2646,176
2647,176
2648,176
2649,176
2650,176
2651,176
2652,176
2653,176
2654,176
2655,176
2656,176
2657,176
2658,176
2659,176
2660,176
2661,176
2662,176
2663,176
2664,176
2665,176
2666,176
2667,176
2668,176
2669,176
2670,176
2671,176
2672,176
2673,176
2674,176
2675,176
2676,176
2677,176
2678,176
2679,176
2680,176
2681,176
2682,176
2683,176
2684,176
2685,176
2686,176
2687,176
2688,176
2689,176
2690,176
2691,176
2692,176
2693,176
2694,176
2695,176
2696,176
2697,176
2698,176
2699,177
2700,177
2701,177
2702,177
2703,177
2704,176
2705,176
2706,176
2707,176
2708,176
2709,176
2710,176
2711,176
2712,176
2713,176
2714,176
2715,176
2716,176
2717,176
2718,176
2719,176
2720,176
2721,176
2722,176
2723,176
2724,176
2725,176
2726,176
2727,176
2728,176
2729,176
2730,176
2731,176
2732,176
2733,176
2734,176
2735,177
2736,177
2737,177
2738,177
2739,177
2740,177
2741,177
2742,177
2743,177
2744,177
2745,177
2746,177
2747,177
2748,177
2749,177
2750,177
2751,177
2752,177
2753,177
2754,177
2755,177
2756,177
2757,177
2758,177
2759,177
2760,177
2761,177
2762,177
2763,177
2764,177
2765,177
2766,177
2767,177
2768,177
2769,177
2770,177
2771,177
2772,177
2773,177
2774,177
2775,177
2776,177
2777,177
2778,177
2779,177
2780,177
2781,177
2782,177
2783,177
2784,177
2785,177
2786,177
2787,177
2788,177
2789,177
2790,177
2791,177
2792,177
2793,177
2794,177
2795,177
2796,177
2797,177
2798,177
2799,177
2800,177
2801,177
2802,177
2803,177
2804,177
2805,177
2806,177
2807,177
2808,177
2809,177
2810,177
2811,177
2812,178
2813,177
2814,177
2815,177
2816,177
2817,177
2818,177
2819,177
2820,177
2821,177
2822,177
2823,177
2824,177
2825,177
2826,177
2827,177
2828,177
2829,177
2830,177
2831,177
2832,177
2833,177
2834,177
2835,177
2836,177
2837,177
2838,177
2839,177
2840,177
2841,177
2842,177
2843,177
2844,177
2845,177
2846,177
2847,177
2848,177
2849,177
2850,177
2851,177
2852,178
2853,178
2854,178
2855,178
2856,178
2857,178
2858,178
2859,178
2860,178
2861,178
2862,178
2863,178
2864,178
2865,178
2866,178
2867,178
2868,178
2869,178
2870,178
2871,178
2872,178
2873,178
2874,178
2875,178
2876,178
2877,178
2878,178
2879,178
2880,178
2881,178
2882,178
2883,178
2884,178
2885,178
2886,178
2887,178
2888,178
2889,178
2890,178
2891,178
2892,179
2893,179
2894,178
2895,178
2896,179
2897,179
2898,179
2899,179
2900,179
2901,179
2902,179
2903,179
2904,179
2905,179
2906,179
2907,179
2908,179
2909,179
2910,179
2911,179
2912,179
2913,179
2914,179
2915,178
2916,178
2917,178
2918,178
2919,178
2920,179
2921,179
2922,179
2923,179
2924,179
2925,179
2926,179
2927,179
2928,179
2929,179
2930,179
2931,179
2932,179
2933,179
2934,179
2935,179
2936,179
2937,179
2938,179
2939,179
2940,179
2941,179
2942,179
2943,179
2944,179
2945,179
2946,179
2947,179
2948,179
2949,179
2950,179
2951,179
2952,179
2953,179
2954,179
2955,180
2956,179
2957,179
2958,179
2959,179
2960,179
2961,179
2962,179
2963,179
2964,179
2965,179
2966,179
2967,179
2968,179
2969,179
2970,179
2971,179
2972,180
2973,180
2974,180
2975,180
2976,180
2977,180
2978,180
2979,180
2980,180
2981,180
2982,180
2983,180
2984,180
2985,179
2986,179
2987,179
2988,179
2989,180
2990,180
2991,180
2992,180
2993,180
2994,179
2995,180
2996,180
2997,180
2998,180
2999,180
3000,180
3001,180
3002,180
3003,180
3004,180
3005,180
3006,180
3007,180
3008,180
3009,180
3010,180
3011,180
3012,180
3013,180
3014,180
3015,180
3016,181
3017,180
3018,181
3019,181
3020,181
3021,181
3022,181
3023,181
3024,181
3025,181
3026,181
3027,181
3028,181
3029,181
3030,181
3031,181
3032,181
3033,181
3034,181
3035,181
3036,181
3037,181
3038,181
3039,181
3040,181
3041,181
3042,181
3043,181
3044,181
3045,181
3046,181
3047,181
3048,181
3049,181
3050,181
3051,181
3052,181
3053,181
3054,181
3055,181
3056,181
3057,182
3058,181
3059,181
3060,182
3061,181
3062,182
3063,181
3064,181
3065,181
3066,181
3067,181
3068,181
3069,181
3070,181
3071,181
3072,181
3073,181
3074,181
3075,181
3076,181
3077,181
3078,181
3079,181
3080,181
3081,181
3082,181
3083,181
3084,181
3085,181
3086,181
3087,181
3088,181
3089,181
3090,181
3091,181
3092,181
3093,181
3094,181
3095,181
3096,181
3097,181
3098,181
3099,181
3100,181
3101,181
3102,182
3103,181
3104,181
3105,181
3106,181
3107,182
3108,182
3109,182
3110,181
3111,182
3112,182
3113,182
3114,181
3115,181
3116,181
3117,181
3118,181
3119,182
3120,182
3121,182
3122,182
3123,182
3124,182
3125,182
3126,182
3127,182
3128,182
3129,182
3130,182
3131,182
3132,182
3133,182
3134,182
3135,182
3136,182
3137,182
3138,182
3139,181
3140,182
3141,182
3142,182
3143,182
3144,182
3145,182
3146,182
3147,181
3148,181
3149,181
3150,181
3151,181
3152,182
3153,182
3154,182
3155,182
3156,182
3157,182
3158,182
3159,182
3160,182
3161,182
3162,182
3163,182
3164,182
3165,182
3166,182
3167,182
3168,183
3169,183
3170,183
3171,183
3172,183
3173,183
3174,183
3175,183
3176,183
3177,183
3178,183
3179,183
3180,183
3181,183
3182,183
3183,183
3184,183
3185,183
3186,183
3187,183
3188,183
3189,183
3190,183
3191,183
3192,184
3193,184
3194,184
3195,183
3196,183
3197,183
3198,183
3199,183
3200,183
3201,183
3202,183
3203,183
3204,183
3205,183
3206,183
3207,183
3208,183
3209,183
3210,183
3211,183
3212,184
3213,184
3214,184
3215,184
3216,184
3217,184
3218,184
3219,184
3220,184
3221,184
3222,184
3223,184
3224,184
3225,184
3226,184
3227,184
3228,184
3229,184
3230,184
3231,184
3232,184
3233,184
3234,184
3235,184
3236,184
3237,184
3238,184
3239,184
3240,184
3241,184
3242,184
3243,185
3244,185
3245,184
3246,184
3247,184
3248,185
3249,185
3250,185
3251,185
3252,185
3253,184
3254,184
3255,184
3256,184
3257,184
3258,184
3259,184
3260,184
3261,184
3262,184
3263,184
3264,184
3265,184
3266,184
3267,184
3268,184
3269,184
3270,184
3271,184
3272,184
3273,184
3274,184
3275,184
3276,184
3277,184
3278,184
3279,184
3280,184
3281,184
3282,184
3283,184
3284,184
3285,184
3286,184
3287,184
3288,184
3289,184
3290,184
3291,184
3292,184
3293,184
3294,184
3295,184
3296,183
3297,183
3298,183
3299,183
3300,183
3301,183
3302,183
3303,184
3304,184
3305,184
3306,184
3307,184
3308,184
3309,184
3310,184
3311,184
3312,184
3313,184
3314,184
3315,184
3316,184
3317,184
3318,184
3319,184
3320,184
3321,184
3322,184
3323,184
3324,184
3325,184
3326,184
3327,184
3328,184
3329,184
3330,184
3331,184
3332,184
3333,184
3334,184
3335,184
3336,184
3337,184
3338,185
3339,185
3340,185
3341,185
3342,185
3343,185
3344,185
3345,185
3346,185
3347,185
3348,185
3349,185
3350,185
3351,185
3352,185
3353,185
3354,185
3355,185
3356,185
3357,185
3358,185
3359,185
3360,185
3361,185
3362,185
3363,185
3364,185
3365,185
3366,185
3367,185
3368,185
3369,185
3370,185
3371,185
3372,184
3373,185
3374,185
3375,185
3376,185
3377,185
3378,185
3379,185
3380,185
3381,185
3382,185
3383,185
3384,186
3385,186
3386,186
3387,186
3388,186
3389,186
3390,186
3391,186
3392,186
3393,186
3394,186
3395,186
3396,186
3397,186
3398,186
3399,186
3400,186
3401,186
3402,186
3403,186
3404,186
3405,186
3406,186
3407,186
3408,186
3409,186
3410,186
3411,186
3412,186
3413,185
3414,185
3415,186
3416,186
3417,186
3418,186
3419,185
3420,185
3421,186
3422,186
3423,186
3424,186
3425,186
3426,186
3427,186
3428,186
3429,186
3430,185
3431,186
3432,185
3433,185
3434,185
3435,185
3436,185
3437,185
3438,185
3439,185
3440,185
3441,185
3442,185
3443,185
3444,185
3445,185
3446,185
3447,186
3448,186
3449,186
3450,186
3451,186
3452,186
3453,185
3454,186
3455,186
3456,186
3457,186
3458,186
3459,185
3460,186
3461,186
3462,186
3463,186
3464,185
3465,185
3466,186
3467,186
3468,186
3469,186
3470,186
3471,186
3472,186
3473,186
3474,185
3475,185
3476,185
3477,185
3478,185
3479,185
3480,185
3481,185
3482,185
3483,185
3484,185
3485,185
3486,185
3487,185
3488,185
3489,185
3490,185
3491,185
3492,185
3493,185
3494,185
3495,185
3496,185
3497,185
3498,185
3499,185
3500,185
3501,185
3502,185
3503,185
3504,185
3505,185
3506,185
3507,185
3508,185
3509,185
3510,185
3511,185
3512,185
3513,185
3514,185
3515,185
3516,185
3517,185
3518,185
3519,185
3520,185
3521,185
3522,185
3523,185
3524,185
3525,185
3526,185
3527,185
3528,185
3529,185
3530,185
3531,185
3532,185
3533,185
3534,185
3535,185
3536,185
3537,185
3538,185
3539,185
3540,185
3541,185
3542,185
3543,185
3544,185
3545,185
3546,185
3547,185
3548,185
3549,186
3550,186
3551,186
3552,186
3553,186
3554,186
3555,186
3556,186
3557,185
3558,186
3559,185
3560,186
3561,186
3562,186
3563,186
3564,186
3565,186
3566,186
3567,186
3568,186
3569,186
3570,186
3571,186
3572,186
3573,186
3574,186
3575,186
3576,186
3577,186
3578,186
3579,186
3580,186
3581,186
3582,186
3583,186
3584,186
3585,186
3586,186
3587,186
3588,186
3589,186
3590,186
3591,186
3592,186
3593,186
3594,186
3595,186
3596,186
3597,186
3598,186
3599,186
3600,186
3601,186
3602,186
3603,186
3604,186
3605,186
3606,186
3607,186
3608,186
3609,186
3610,186
3611,186
3612,186
3613,186
3614,186
3615,186
3616,186
3617,186
3618,186
3619,186
3620,186
3621,186
3622,186
3623,186
3624,186
3625,186
3626,186
3627,186
3628,186
3629,186
3630,186
3631,186
3632,186
3633,187
3634,186
3635,186
3636,186
3637,186
3638,186
3639,186
3640,186
3641,187
3642,187
3643,187
3644,187
3645,187
3646,187
3647,187
3648,187
3649,186
3650,186
3651,186
3652,186
3653,186
3654,186
3655,186
3656,186
3657,186
3658,186
3659,186
3660,186
3661,186
3662,186
3663,186
3664,186
3665,186
3666,186
3667,186
3668,186
3669,186
3670,186
3671,186
3672,186
3673,186
3674,187
3675,187
3676,187
3677,187
3678,187
3679,187
3680,187
3681,186
3682,186
3683,186
3684,186
3685,186
3686,186
3687,186
3688,186
3689,186
3690,186
3691,186
3692,186
3693,186
3694,186
3695,186
3696,187
3697,186
3698,186
3699,186
3700,186
3701,186
3702,186
3703,186
3704,186
3705,186
3706,186
3707,187
3708,186
3709,186
3710,186
3711,186
3712,186
3713,186
3714,186
3715,186
3716,187
3717,187
3718,187
3719,187
3720,187
3721,187
3722,187
3723,187
3724,187
3725,187
3726,187
3727,187
3728,187
3729,187
3730,187
3731,187
3732,187
3733,187
3734,187
3735,187
3736,187
3737,187
3738,187
3739,187
3740,187
3741,187
3742,187
3743,188
3744,188
3745,188
3746,188
3747,188
3748,188
3749,188
3750,188
3751,188
3752,188
3753,188
3754,188
3755,188
3756,188
3757,188
3758,188
3759,188
3760,188
3761,188
3762,188
3763,188
3764,188
3765,188
3766,188
3767,188
3768,188
3769,188
3770,188
3771,188
3772,188
3773,188
3774,188
3775,188
3776,188
3777,188
3778,188
3779,188
3780,188
3781,188
3782,188
3783,188
3784,188
3785,188
3786,188
3787,188
3788,188
3789,188
3790,188
3791,188
3792,188
3793,188
3794,188
3795,188
3796,188
3797,188
3798,188
3799,188
3800,188
3801,188
3802,188
3803,188
3804,188
3805,188
3806,188
3807,188
3808,188
3809,188
3810,188
3811,188
3812,188
3813,188
3814,188
3815,188
3816,188
3817,188
3818,188
3819,188
3820,188
3821,188
3822,188
3823,188
3824,188
3825,188
3826,188
3827,188
3828,188
3829,188
3830,188
3831,189
3832,189
3833,189
3834,188
3835,189
3836,189
3837,189
3838,188
3839,189
3840,188
3841,188
3842,188
3843,188
3844,188
3845,188
3846,188
3847,188
3848,188
3849,188
3850,188
3851,188
3852,188
3853,188
3854,188
3855,188
3856,188
3857,188
3858,188
3859,188
3860,188
3861,188
3862,188
3863,188
3864,188
3865,188
3866,188
3867,188
3868,188
3869,189
3870,188
3871,189
3872,189
3873,188
3874,189
3875,189
3876,189
3877,189
3878,189
3879,189
3880,189
3881,188
3882,188
3883,188
3884,188
3885,188
3886,188
3887,189
3888,188
3889,189
3890,189
3891,188
3892,189
3893,189
3894,189
3895,189
3896,189
3897,189
3898,189
3899,188
3900,188
3901,188
3902,188
3903,188
3904,188
3905,188
3906,188
3907,188
3908,188
3909,188
3910,188
3911,188
3912,188
3913,188
3914,188
3915,188
3916,188
3917,188
3918,188
3919,188
3920,188
3921,188
3922,188
3923,188
3924,188
3925,188
3926,188
3927,188
3928,188
3929,188
3930,188
3931,188
3932,188
3933,188
3934,188
3935,188
3936,188
3937,188
3938,188
3939,188
3940,188
3941,188
3942,188
3943,188
3944,188
3945,188
3946,188
3947,188
3948,188
3949,188
3950,188
3951,188
3952,188
3953,188
3954,189
3955,189
3956,189
3957,189
3958,189
3959,189
3960,189
3961,189
3962,189
3963,189
3964,189
3965,189
3966,189
3967,189
3968,189
3969,189
3970,189
3971,189
3972,189
3973,189
3974,189
3975,189
3976,189
3977,189
3978,189
3979,189
3980,189
3981,189
3982,189
3983,189
3984,189
3985,189
3986,189
3987,189
3988,190
3989,189
3990,190
3991,190
3992,190
3993,190
3994,190
3995,190
3996,190
3997,190
3998,190
3999,190
4000,190
4001,190
4002,190
4003,190
4004,190
4005,190
4006,191
4007,190
4008,191
4009,191
4010,191
4011,191
4012,191
4013,191
4014,191
4015,191
4016,191
4017,191
4018,191
4019,191
4020,191
4021,191
4022,191
4023,191
4024,191
4025,191
4026,191
4027,191
4028,191
4029,191
4030,191
4031,191
4032,191
4033,191
4034,191
4035,191
4036,191
4037,191
4038,191
4039,191
4040,191
4041,191
4042,191
4043,191
4044,191
4045,191
4046,191
4047,192
4048,191
4049,191
4050,192
4051,192
4052,192
4053,192
4054,192
4055,192
4056,192
4057,192
4058,192
4059,192
4060,192
4061,192
4062,192
4063,192
4064,192
4065,192
4066,192
4067,192
4068,192
4069,192
4070,192
4071,192
4072,192
4073,192
4074,192
4075,192
4076,192
4077,192
4078,192
4079,192
4080,192
4081,193
4082,193
4083,193
4084,193
4085,193
4086,192
4087,193
4088,193
4089,193
4090,193
4091,193
4092,193
4093,193
4094,193
4095,193
4096,193
4097,193
4098,193
4099,193
4100,193
4101,193
4102,193
4103,193
4104,193
4105,193
4106,193
4107,193
4108,193
4109,193
4110,193
4111,193
4112,193
4113,193
4114,193
4115,193
4116,193
4117,193
4118,193
4119,193
4120,193
4121,193
4122,193
4123,194
4124,194
4125,194
4126,194
4127,194
4128,194
4129,194
4130,194
4131,194
4132,194
4133,194
4134,194
4135,194
4136,194
4137,194
4138,194
4139,194
4140,194
4141,194
4142,194
4143,194
4144,194
4145,194
4146,194
4147,194
4148,194
4149,194
4150,194
4151,194
4152,194
4153,194
4154,194
4155,194
4156,194
4157,194
4158,194
4159,194
4160,194
4161,194
4162,194
4163,194
4164,194
4165,194
4166,194
4167,194
4168,194
4169,194
4170,194
4171,194
4172,194
4173,194
4174,194
4175,194
4176,194
4177,195
4178,195
4179,195
4180,194
4181,194
4182,194
4183,194
4184,194
4185,194
4186,194
4187,194
4188,194
4189,194
4190,194
4191,194
4192,194
4193,194
4194,194
4195,194
4196,194
4197,194
4198,194
4199,194
4200,194
4201,194
4202,194
4203,194
4204,194
4205,194
4206,194
4207,194
4208,194
4209,194
4210,194
4211,194
4212,194
4213,194
4214,194
4215,194
4216,194
4217,194
4218,194
4219,194
4220,194
4221,194
4222,195
4223,195
4224,195
4225,195
4226,195
4227,195
4228,195
4229,195
4230,195
4231,195
4232,195
4233,195
4234,195
4235,195
4236,195
4237,195
4238,195
4239,195
4240,195
4241,195
4242,195
4243,195
4244,195
4245,195
4246,195
4247,195
4248,195
4249,195
4250,195
4251,195
4252,195
4253,195
4254,195
4255,195
4256,195
4257,195
4258,195
4259,195
4260,195
4261,196
4262,196
4263,196
4264,195
4265,195
4266,195
4267,195
4268,195
4269,195
4270,195
4271,195
4272,195
4273,196
4274,196
4275,196
4276,196
4277,196
4278,196
4279,196
4280,196
4281,196
4282,196
4283,196
4284,196
4285,196
4286,196
4287,196
4288,196
4289,196
4290,196
4291,196
4292,196
4293,196
4294,196
4295,196
4296,196
4297,196
4298,196
4299,197
4300,197
4301,197
4302,196
4303,196
4304,197
4305,197
4306,197
4307,197
4308,197
4309,197
4310,197
4311,197
4312,197
4313,197
4314,197
4315,197
4316,197
4317,197
4318,197
4319,197
4320,197
4321,197
4322,197
4323,197
4324,198
4325,198
4326,198
4327,198
4328,198
4329,198
4330,198
4331,198
4332,198
4333,198
4334,198
4335,198
4336,198
4337,198
4338,198
4339,198
4340,198
4341,198
4342,198
4343,198
4344,198
4345,198
4346,198
4347,198
4348,198
4349,198
4350,198
4351,198
4352,199
4353,199
4354,199
4355,199
4356,199
4357,199
4358,199
4359,199
4360,199
4361,199
4362,199
4363,199
4364,199
4365,198
4366,199
4367,198
4368,198
4369,198
4370,198
4371,198
4372,198
4373,198
4374,198
4375,198
4376,198
4377,198
4378,198
4379,198
4380,198
4381,198
4382,198
4383,198
4384,198
4385,198
4386,198
4387,198
4388,198
4389,198
4390,198
4391,198
4392,198
4393,198
4394,198
4395,198
4396,198
4397,198
4398,198
4399,198
4400,198
4401,199
4402,198
4403,198
4404,198
4405,198
4406,198
4407,198
4408,198
4409,198
4410,198
4411,198
4412,198
4413,198
4414,198
4415,198
4416,198
4417,198
4418,198
4419,198
4420,198
4421,198
4422,198
4423,198
4424,198
4425,198
4426,198
4427,198
4428,198
4429,198
4430,198
4431,198
4432,198
4433,198
4434,198
4435,198
4436,198
4437,198
4438,198
4439,198
4440,198
4441,198
4442,198
4443,198
4444,198
4445,198
4446,198
4447,198
4448,198
4449,198
4450,198
4451,198
4452,198
4453,198
4454,198
4455,198
4456,198
4457,198
4458,198
4459,198
4460,198
4461,198
4462,198
4463,198
4464,198
4465,198
4466,198
4467,198
4468,198
4469,198
4470,198
4471,198
4472,198
4473,198
4474,198
4475,198
4476,198
4477,198
4478,198
4479,198
4480,198
4481,198
4482,199
4483,198
4484,198
4485,199
4486,199
4487,199
4488,199
4489,199
4490,199
4491,199
4492,199
4493,199
4494,199
4495,199
4496,199
4497,199
4498,199
4499,199
4500,199
4501,199
4502,199
4503,199
4504,199
4505,199
4506,199
4507,199
4508,199
4509,199
4510,199
4511,199
4512,199
4513,199
4514,199
4515,199
4516,199
4517,199
4518,199
4519,199
4520,199
4521,199
4522,199
4523,199
4524,199
4525,199
4526,199
4527,199
4528,199
4529,199
4530,199
4531,199
4532,199
4533,199
4534,199
4535,199
4536,199
4537,199
4538,199
4539,199
4540,199
4541,199
4542,199
4543,199
4544,199
4545,199
4546,199
4547,198
4548,198
4549,199
4550,199
4551,199
4552,199
4553,199
4554,199
4555,199
4556,199
4557,199
4558,199
4559,199
4560,199
4561,199
4562,199
4563,199
4564,199
4565,199
4566,199
4567,199
4568,199
4569,199
4570,199
4571,199
4572,199
4573,199
4574,199
4575,199
4576,199
4577,199
4578,199
4579,199
4580,199
4581,199
4582,199
4583,199
4584,199
4585,199
4586,199
4587,199
4588,199
4589,199
4590,199
4591,199
4592,199
4593,199
4594,199
4595,199
4596,199
4597,199
4598,199
4599,199
4600,199
4601,199
4602,199
4603,199
4604,199
4605,199
4606,199
4607,199
4608,199
4609,199
4610,199
4611,199
4612,199
4613,199
4614,199
4615,199
4616,199
4617,199
4618,199
4619,199
4620,199
4621,199
4622,199
4623,199
4624,199
4625,199
4626,199
4627,199
4628,199
4629,199
4630,199
4631,199
4632,199
4633,199
4634,199
4635,199
4636,199
4637,199
4638,199
4639,199
4640,199
4641,199
4642,199
4643,199
4644,199
4645,199
4646,199
4647,199
4648,199
4649,199
4650,199
4651,199
4652,199
4653,199
4654,199
4655,199
4656,199
4657,199
4658,199
4659,199
4660,199
4661,199
4662,199
4663,199
4664,199
4665,199
4666,199
4667,199
4668,199
4669,199
4670,199
4671,199
4672,199
4673,199
4674,199
4675,199
4676,199
4677,199
4678,199
4679,199
4680,199
4681,199
4682,199
4683,199
4684,199
4685,199
4686,199
4687,199
4688,199
4689,199
4690,199
4691,199
4692,199
4693,199
4694,199
4695,199
4696,199
4697,199
4698,199
4699,199
4700,198
4701,198
4702,198
4703,198
4704,198
4705,198
4706,198
4707,199
4708,199
4709,199
4710,199
4711,199
4712,199
4713,199
4714,199
4715,199
4716,199
4717,199
4718,199
4719,199
4720,199
4721,200
4722,200
4723,200
4724,200
4725,200
4726,200
4727,200
4728,200
4729,200
4730,200
4731,200
4732,201
4733,201
4734,201
4735,200
4736,200
4737,200
4738,200
4739,201
4740,201
4741,201
4742,201
4743,201
4744,201
4745,201
4746,201
4747,201
4748,201
4749,201
4750,201
4751,201
4752,201
4753,201
4754,201
4755,201
4756,201
4757,201
4758,201
4759,202
4760,202
4761,202
4762,202
4763,202
4764,202
4765,202
4766,202
4767,202
4768,202
4769,202
4770,202
4771,202
4772,202
4773,202
4774,202
4775,202
4776,202
4777,202
4778,202
4779,203
4780,202
4781,202
4782,202
4783,202
4784,202
4785,202
4786,202
4787,203
4788,202
4789,202
4790,203
4791,202
4792,202
4793,203
4794,203
4795,203
4796,202
4797,202
4798,202
4799,203
4800,203
4801,203
4802,203
4803,203
4804,203
4805,203
4806,202
4807,202
4808,203
4809,202
4810,202
4811,202
4812,202
4813,202
4814,202
4815,202
4816,202
4817,202
4818,203
4819,203
4820,203
4821,203
4822,203
4823,203
4824,203
4825,203
4826,203
4827,203
4828,203
4829,203
4830,203
4831,203
4832,203
4833,203
4834,203
4835,203
4836,204
4837,204
4838,204
4839,204
4840,204
4841,204
4842,204
4843,204
4844,204
4845,204
4846,204
4847,204
4848,204
4849,204
4850,204
4851,204
4852,204
4853,204
4854,204
4855,204
4856,204
4857,204
4858,204
4859,204
4860,204
4861,204
4862,204
4863,204
4864,204
4865,204
4866,204
4867,204
4868,204
4869,204
4870,204
4871,204
4872,204
4873,204
4874,204
4875,204
4876,204
4877,204
4878,204
4879,204
4880,204
4881,204
4882,205
4883,205
4884,205
4885,205
4886,205
4887,205
4888,205
4889,205
4890,205
4891,205
4892,205
4893,205
4894,205
4895,205
4896,205
4897,205
4898,205
4899,205
4900,205
4901,205
4902,205
4903,205
4904,205
4905,205
4906,205
4907,205
4908,205
4909,206
4910,206
4911,206
4912,206
4913,206
4914,206
4915,206
4916,206
4917,206
4918,206
4919,206
4920,207
4921,207
4922,207
4923,207
4924,207
4925,207
4926,207
4927,207
4928,207
4929,207
4930,207
4931,207
4932,207
4933,207
4934,207
4935,207
4936,207
4937,207
4938,207
4939,207
4940,207
4941,207
4942,207
4943,207
4944,207
4945,208
4946,207
4947,207
4948,207
4949,207
4950,207
4951,207
4952,207
4953,207
4954,207
4955,207
4956,207
4957,207
4958,207
4959,207
4960,207
4961,207
4962,207
4963,207
4964,208
4965,208
4966,208
4967,208
4968,207
4969,207
4970,207
4971,207
4972,207
4973,207
4974,207
4975,207
4976,207
4977,207
4978,207
4979,207
4980,207
4981,208
4982,208
4983,208
4984,207
4985,207
4986,207
4987,207
4988,207
4989,207
4990,207
4991,207
4992,206
4993,206
4994,206
4995,206
4996,206
4997,206
4998,206
4999,206
5000,206
5001,207
5002,206
5003,206
5004,206
5005,206
5006,206
5007,206
5008,206
5009,206
5010,206
5011,206
5012,206
5013,207
5014,207
5015,207
5016,207
5017,207
5018,207
5019,207
5020,207
5021,207
5022,207
5023,207
5024,207
5025,207
5026,207
5027,206
5028,206
5029,206
5030,206
5031,206
5032,206
5033,206
5034,206
5035,206
5036,206
5037,206
5038,206
5039,206
5040,206
5041,206
5042,206
5043,206
5044,206
5045,206
5046,206
5047,206
5048,206
5049,206
5050,207
5051,207
5052,207
5053,207
5054,207
5055,207
5056,207
5057,207
5058,206
5059,207
5060,207
5061,207
5062,207
5063,207
5064,207
5065,207
5066,208
5067,208
5068,208
5069,208
5070,208
5071,208
5072,208
5073,208
5074,208
5075,208
5076,208
5077,208
5078,208
5079,208
5080,208
5081,208
5082,208
5083,208
5084,208
5085,208
5086,209
5087,208
5088,209
5089,208
5090,208
5091,208
5092,208
5093,208
5094,208
5095,208
5096,208
5097,208
5098,208
5099,208
5100,208
5101,208
5102,208
5103,208
5104,208
5105,208
5106,208
5107,208
5108,208
5109,208
5110,208
5111,208
5112,208
5113,208
5114,208
5115,208
5116,208
5117,208
5118,208
5119,208
5120,208
5121,208
5122,208
5123,208
5124,208
5125,208
5126,208
5127,208
5128,208
5129,208
5130,208
5131,208
5132,208
5133,208
5134,208
5135,208
5136,208
5137,208
5138,208
5139,208
5140,208
5141,208
5142,208
5143,208
5144,208
5145,209
5146,209
5147,209
5148,209
5149,209
5150,209
5151,209
5152,209
5153,209
5154,209
5155,209
5156,209
5157,209
5158,209
5159,208
5160,208
5161,208
5162,208
5163,209
5164,209
5165,209
5166,209
5167,209
5168,209
5169,209
5170,209
5171,209
5172,209
5173,209
5174,209
5175,209
5176,209
5177,209
5178,209
5179,209
5180,209
5181,209
5182,209
5183,209
5184,209
5185,209
5186,209
5187,209
5188,209
5189,209
5190,209
5191,209
5192,209
5193,209
5194,209
5195,209
5196,209
5197,209
5198,209
5199,209
5200,209
5201,209
5202,209
5203,209
5204,209
5205,209
5206,209
5207,209
5208,209
5209,209
5210,209
5211,209
5212,209
5213,209
5214,209
5215,209
5216,208
5217,208
5218,208
5219,208
5220,208
5221,208
5222,209
5223,208
5224,209
5225,209
5226,209
5227,209
5228,209
5229,209
5230,209
5231,209
5232,209
5233,209
5234,210
5235,210
5236,210
5237,210
5238,210
5239,210
5240,210
5241,209
5242,209
5243,209
5244,209
5245,209
5246,209
5247,209
5248,209
5249,209
5250,209
5251,209
5252,208
5253,208
5254,208
5255,208
5256,208
5257,208
5258,208
5259,208
5260,208
5261,208
5262,208
5263,208
5264,208
5265,208
5266,208
5267,209
5268,209
5269,209
5270,209
5271,209
5272,209
5273,209
5274,208
5275,208
5276,208
5277,208
5278,208
5279,208
5280,209
5281,208
5282,208
5283,208
5284,209
5285,209
5286,209
5287,209
5288,209
5289,209
5290,209
5291,209
5292,209
5293,208
5294,208
5295,208
5296,208
5297,208
5298,208
5299,209
5300,208
5301,208
5302,208
5303,209
5304,209
5305,209
5306,209
5307,209
5308,209
5309,209
5310,209
5311,209
5312,209
5313,209
5314,209
5315,209
5316,209
5317,209
5318,210
5319,210
5320,210
5321,210
5322,210
5323,210
5324,210
5325,210
5326,210
5327,210
5328,210
5329,210
5330,210
5331,210
5332,210
5333,211
5334,211
5335,210
5336,211
5337,211
5338,211
5339,211
5340,211
5341,211
5342,211
5343,211
5344,210
5345,211
5346,211
5347,211
5348,211
5349,211
5350,211
5351,211
5352,211
5353,211
5354,211
5355,211
5356,211
5357,211
5358,211
5359,211
5360,211
5361,211
5362,211
5363,210
5364,210
5365,210
5366,210
5367,210
5368,211
5369,210
5370,211
5371,211
5372,211
5373,211
5374,211
5375,211
5376,211
5377,211
5378,211
5379,211
5380,211
5381,211
5382,211
5383,211
5384,212
5385,211
5386,211
5387,211
5388,211
5389,211
5390,211
5391,211
5392,211
5393,212
5394,211
5395,212
5396,212
5397,212
5398,212
5399,212
5400,212
5401,212
5402,212
5403,212
5404,212
5405,212
5406,212
5407,212
5408,212
5409,212
5410,213
5411,213
5412,213
5413,213
5414,213
5415,213
5416,213
5417,213
5418,213
5419,213
5420,213
5421,213
5422,213
5423,213
5424,213
5425,213
5426,213
5427,213
5428,213
5429,213
5430,213
5431,213
5432,213
5433,213
5434,213
5435,213
5436,213
5437,213
5438,213
5439,213
5440,213
5441,213
5442,213
5443,213
5444,213
5445,214
5446,214
5447,214
5448,214
5449,214
5450,214
5451,214
5452,214
5453,214
5454,214
5455,214
5456,214
5457,214
5458,214
5459,214
5460,213
5461,214
5462,214
5463,214
5464,214
5465,214
5466,214
5467,214
5468,214
5469,214
5470,214
5471,214
5472,214
5473,214
5474,214
5475,214
5476,214
5477,214
5478,214
5479,214
5480,214
5481,214
5482,214
5483,214
5484,214
5485,214
5486,214
5487,215
5488,215
5489,215
5490,215
5491,215
5492,215
5493,215
5494,215
5495,215
5496,215
5497,215
5498,215
5499,215
5500,215
5501,215
5502,215
5503,215
5504,215
5505,215
5506,215
5507,215
5508,215
5509,216
5510,216
5511,216
5512,216
5513,216
5514,216
5515,216
5516,216
5517,216
5518,216
5519,216
5520,216
5521,216
5522,216
5523,216
5524,216
5525,216
5526,216
5527,216
5528,216
5529,216
5530,216
5531,216
5532,216
5533,216
5534,216
5535,216
5536,216
5537,216
5538,216
5539,216
5540,216
5541,216
5542,216
5543,216
5544,216
5545,216
5546,216
5547,216
5548,217
5549,217
5550,216
5551,217
5552,217
5553,217
5554,217
5555,217
5556,217
5557,217
5558,217
5559,217
5560,217
5561,216
5562,216
5563,216
5564,216
5565,216
5566,217
5567,216
5568,217
5569,217
5570,216
5571,216
5572,216
5573,216
5574,216
5575,216
5576,216
5577,216
5578,216
5579,216
5580,216
5581,216
5582,216
5583,216
5584,216
5585,216
5586,216
5587,216
5588,216
5589,216
5590,216
5591,216
5592,216
5593,216
5594,216
5595,216
5596,216
5597,216
5598,216
5599,216
5600,216
5601,216
5602,216
5603,216
5604,216
5605,216
5606,216
5607,216
5608,216
5609,216
5610,216
5611,216
5612,216
5613,217
5614,216
5615,217
5616,216
5617,216
5618,216
5619,216
5620,216
5621,216
5622,217
5623,217
5624,217
5625,217
5626,217
5627,217
5628,217
5629,217
5630,217
5631,217
5632,217
5633,217
5634,217
5635,217
5636,217
5637,217
5638,217
5639,217
5640,217
5641,217
5642,217
5643,217
5644,217
5645,217
5646,217
5647,217
5648,217
5649,217
5650,217
5651,217
5652,217
5653,217
5654,217
5655,217
5656,217
5657,217
5658,217
5659,217
5660,217
5661,217
5662,217
5663,217
5664,217
5665,217
5666,217
5667,217
5668,217
5669,217
5670,217
5671,217
5672,217
5673,217
5674,217
5675,217
5676,217
5677,217
5678,217
5679,217
5680,217
5681,217
5682,217
5683,217
5684,217
5685,217
5686,217
5687,217
5688,217
5689,217
5690,217
5691,217
5692,217
5693,217
5694,217
5695,217
5696,217
5697,217
5698,217
5699,217
5700,217
5701,217
5702,217
5703,217
5704,217
5705,217
5706,217
5707,217
5708,217
5709,217
5710,217
5711,217
5712,218
5713,217
5714,218
5715,218
5716,218
5717,218
5718,218
5719,218
5720,217
5721,218
5722,218
5723,218
5724,218
5725,218
5726,218
5727,218
5728,218
5729,218
5730,218
5731,218
5732,218
5733,218
5734,218
5735,218
5736,218
5737,218
5738,218
5739,219
5740,218
5741,218
5742,218
5743,218
5744,218
5745,218
5746,218
5747,218
5748,217
5749,218
5750,218
5751,218
5752,218
5753,218
5754,218
5755,218
5756,218
5757,218
5758,218
5759,218
5760,217
5761,217
5762,217
5763,217
5764,217
5765,217
5766,217
5767,217
5768,217
5769,217
5770,217
5771,217
5772,217
5773,217
5774,217
5775,217
5776,217
5777,217
5778,217
5779,218
5780,218
5781,218
5782,218
5783,218
5784,218
5785,218
5786,218
5787,218
5788,218
5789,218
5790,218
5791,218
5792,218
5793,218
5794,218
5795,218
5796,218
5797,218
5798,218
5799,218
5800,218
5801,218
5802,219
5803,219
5804,219
5805,219
5806,219
5807,219
5808,219
5809,219
5810,219
5811,219
5812,219
5813,219
5814,219
5815,219
5816,219
5817,219
5818,219
5819,219
5820,219
5821,220
5822,220
5823,220
5824,220
5825,220
5826,220
5827,220
5828,220
5829,220
5830,220
5831,220
5832,220
5833,220
5834,220
5835,220
5836,220
5837,220
5838,220
5839,220
5840,220
5841,220
5842,220
5843,220
5844,220
5845,220
5846,220
5847,220
5848,220
5849,220
5850,220
5851,220
5852,220
5853,220
5854,220
5855,220
5856,220
5857,219
5858,220
5859,220
5860,220
5861,220
5862,220
5863,220
5864,220
5865,220
5866,220
5867,220
5868,220
5869,220
5870,220
5871,220
5872,220
5873,220
5874,220
5875,220
5876,220
5877,220
5878,220
5879,221
5880,221
5881,221
5882,221
5883,221
5884,221
5885,221
5886,221
5887,221
5888,221
5889,221
5890,221
5891,221
5892,221
5893,221
5894,221
5895,221
5896,221
5897,221
5898,221
5899,221
5900,221
5901,221
5902,221
5903,220
5904,220
5905,220
5906,221
5907,221
5908,221
5909,221
5910,221
5911,221
5912,222
5913,222
5914,222
5915,222
5916,222
5917,222
5918,222
5919,222
5920,222
5921,222
5922,222
5923,222
5924,222
5925,222
5926,222
5927,223
5928,223
5929,223
5930,223
5931,223
5932,223
5933,223
5934,222
5935,223
5936,223
5937,223
5938,223
5939,223
5940,223
5941,223
5942,223
5943,223
5944,224
5945,224
5946,224
5947,224
5948,224
5949,224
5950,224
5951,224
5952,224
5953,224
5954,224
5955,224
5956,224
5957,224
5958,224
5959,224
5960,224
5961,224
5962,224
5963,224
5964,225
5965,225
5966,224
5967,224
5968,224
5969,225
5970,225
5971,225
5972,225
5973,225
5974,225
5975,225
5976,225
5977,225
5978,225
5979,225
5980,225
5981,225
5982,225
5983,225
5984,225
5985,225
5986,225
5987,225
5988,225
5989,225
5990,225
5991,225
5992,225
5993,225
5994,225
5995,225
5996,225
5997,225
5998,225
5999,225
6000,225
6001,225
6002,225
6003,225
6004,224
6005,224
6006,224
6007,224
6008,225
6009,225
6010,225
6011,225
6012,225
6013,225
6014,225
6015,225
6016,225
6017,225
6018,225
6019,225
6020,225
6021,226
6022,226
6023,226
6024,226
6025,226
6026,226
6027,226
6028,226
6029,226
6030,226
6031,226
6032,226
6033,226
6034,226
6035,226
6036,226
6037,226
6038,226
6039,226
6040,226
6041,226
6042,226
6043,226
6044,226
6045,226
6046,226
6047,226
6048,226
6049,226
6050,226
6051,226
6052,226
6053,226
6054,226
6055,226
6056,226
6057,226
6058,226
6059,226
6060,226
6061,226
6062,226
6063,226
6064,226
6065,226
6066,226
6067,226
6068,226
6069,226
6070,226
6071,226
6072,226
6073,227
6074,227
6075,227
6076,227
6077,227
6078,227
6079,227
6080,227
6081,227
6082,227
6083,227
6084,227
6085,227
6086,227
6087,227
6088,227
6089,227
6090,227
6091,227
6092,227
6093,227
6094,227
6095,227
6096,226
6097,226
6098,226
6099,226
6100,226
6101,226
6102,226
6103,226
6104,227
6105,226
6106,227
6107,227
6108,227
6109,227
6110,227
6111,227
6112,227
6113,227
6114,227
6115,227
6116,227
6117,227
6118,228
6119,228
6120,228
6121,228
6122,227
6123,228
6124,228
6125,227
6126,227
6127,227
6128,227
6129,228
6130,228
6131,228
6132,228
6133,228
6134,228
6135,228
6136,228
6137,228
6138,228
6139,228
6140,228
6141,228
6142,228
6143,228
6144,228
6145,228
6146,228
6147,228
6148,228
6149,228
6150,228
6151,228
6152,229
6153,229
6154,229
6155,229
6156,229
6157,229
6158,229
6159,229
6160,229
6161,229
6162,229
6163,229
6164,229
6165,229
6166,229
6167,229
6168,229
6169,229
6170,229
6171,229
6172,229
6173,229
6174,229
6175,229
6176,229
6177,229
6178,229
6179,229
6180,229
6181,229
6182,229
6183,229
6184,229
6185,229
6186,229
6187,229
6188,229
6189,229
6190,229
6191,229
6192,229
6193,229
6194,229
6195,229
6196,229
6197,229
6198,229
6199,229
6200,229
6201,229
6202,229
6203,229
6204,229
6205,229
6206,230
6207,230
6208,230
6209,229
6210,229
6211,230
6212,229
6213,229
6214,229
6215,229
6216,230
6217,230
6218,229
6219,230
6220,230
6221,230
6222,230
6223,229
6224,230
6225,230
6226,230
6227,230
6228,230
6229,230
6230,230
6231,230
6232,230
6233,230
6234,230
6235,230
6236,230
6237,230
6238,230
6239,230
6240,230
6241,230
6242,230
6243,230
6244,230
6245,230
6246,230
6247,230
6248,230
6249,230
6250,230
6251,230
6252,230
6253,230
6254,229
6255,229
6256,229
6257,229
6258,229
6259,229
6260,229
6261,229
6262,230
6263,230
6264,230
6265,230
6266,230
6267,230
6268,230
6269,230
6270,230
6271,230
6272,230
6273,230
6274,230
6275,230
6276,230
6277,230
6278,230
6279,230
6280,230
6281,230
6282,230
6283,230
6284,230
6285,230
6286,230
6287,230
6288,230
6289,230
6290,230
6291,230
6292,230
6293,230
6294,230
6295,230
6296,230
6297,230
6298,230
6299,230
6300,230
6301,230
6302,230
6303,230
6304,230
6305,231
6306,231
6307,231
6308,231
6309,231
6310,231
6311,230
6312,230
6313,230
6314,230
6315,230
6316,230
6317,230
6318,230
6319,230
6320,230
6321,230
6322,230
6323,230
6324,230
6325,231
6326,231
6327,231
6328,231
6329,231
6330,231
6331,231
6332,231
6333,231
6334,231
6335,231
6336,231
6337,231
6338,231
6339,232
6340,231
6341,232
6342,231
6343,232
6344,232
6345,232
6346,232
6347,232
6348,232
6349,232
6350,232
6351,232
6352,231
6353,232
6354,231
6355,232
6356,232
6357,231
6358,232
6359,232
6360,231
6361,231
6362,231
6363,232
6364,232
6365,232
6366,232
6367,232
6368,232
6369,231
6370,231
6371,231
6372,231
6373,231
6374,231
6375,232
6376,232
6377,232
6378,232
6379,232
6380,232
6381,232
6382,232
6383,232
6384,232
6385,232
6386,232
6387,232
6388,232
6389,232
6390,232
6391,232
6392,232
6393,232
6394,232
6395,232
6396,232
6397,232
6398,232
6399,232
6400,232
6401,232
6402,232
6403,232
6404,232
6405,232
6406,232
6407,232
6408,232
6409,232
6410,232
6411,232
6412,232
6413,232
6414,232
6415,232
6416,232
6417,232
6418,232
6419,232
6420,232
6421,233
6422,233
6423,233
6424,232
6425,233
6426,233
6427,233
6428,233
6429,233
6430,233
6431,232
6432,232
6433,232
6434,232
6435,232
6436,232
6437,232
6438,232
6439,232
6440,232
6441,232
6442,233
6443,233
6444,233
6445,233
6446,233
6447,233
6448,233
6449,233
6450,233
6451,233
6452,233
6453,233
6454,233
6455,233
6456,233
6457,233
6458,233
6459,233
6460,233
6461,233
6462,233
6463,233
6464,233
6465,233
6466,233
6467,233
6468,233
6469,233
6470,233
6471,233
6472,233
6473,233
6474,232
6475,232
6476,232
6477,232
6478,232
6479,233
6480,233
6481,233
6482,233
6483,233
6484,233
6485,233
6486,233
6487,233
6488,233
6489,232
6490,232
6491,232
6492,232
6493,232
6494,232
6495,232
6496,232
6497,232
6498,232
6499,232
6500,232
6501,232
6502,232
6503,232
6504,232
6505,232
6506,232
6507,232
6508,232
6509,232
6510,232
6511,232
6512,232
6513,232
6514,232
6515,232
6516,232
6517,232
6518,232
6519,232
6520,232
6521,232
6522,232
6523,232
6524,232
6525,232
6526,232
6527,232
6528,232
6529,232
6530,232
6531,232
6532,232
6533,232
6534,232
6535,232
6536,232
6537,232
6538,232
6539,233
6540,232
6541,232
6542,232
6543,233
6544,232
6545,232
6546,233
6547,233
6548,233
6549,232
6550,233
6551,232
6552,232
6553,232
6554,232
6555,232
6556,232
6557,232
6558,232
6559,232
6560,232
6561,232
6562,232
6563,232
6564,232
6565,232
6566,232
6567,232
6568,232
6569,232
6570,232
6571,232
6572,233
6573,232
6574,232
6575,232
6576,232
6577,232
6578,232
6579,232
6580,232
6581,232
6582,232
6583,232
6584,232
6585,232
6586,232
6587,232
6588,232
6589,232
6590,232
6591,232
6592,232
6593,232
6594,232
6595,232
6596,232
6597,232
6598,232
6599,232
6600,232
6601,232
6602,232
6603,232
6604,232
6605,233
6606,233
6607,232
6608,232
6609,232
6610,232
6611,232
6612,232
6613,232
6614,232
6615,232
6616,232
6617,232
6618,232
6619,232
6620,232
6621,232
6622,232
6623,232
6624,232
6625,232
6626,232
6627,232
6628,232
6629,232
6630,232
6631,233
6632,233
6633,232
6634,233
6635,233
6636,233
6637,233
6638,233
6639,232
6640,233
6641,233
6642,233
6643,233
6644,233
6645,233
6646,233
6647,233
6648,233
6649,233
6650,233
6651,233
6652,233
6653,233
6654,233
6655,233
6656,233
6657,233
6658,233
6659,233
6660,233
6661,233
6662,233
6663,233
6664,233
6665,233
6666,233
6667,233
6668,233
6669,233
6670,233
6671,233
6672,233
6673,233
6674,233
6675,233
6676,234
6677,234
6678,234
6679,234
6680,234
6681,233
6682,234
6683,233
6684,233
6685,233
6686,233
6687,233
6688,233
6689,233
6690,233
6691,233
6692,233
6693,233
6694,233
6695,233
6696,233
6697,233
6698,233
6699,234
6700,234
6701,234
6702,234
6703,234
6704,234
6705,234
6706,234
6707,234
6708,234
6709,234
6710,234
6711,234
6712,234
6713,234
6714,234
6715,234
6716,234
6717,234
6718,235
6719,235
6720,235
6721,235
6722,234
6723,234
6724,234
6725,234
6726,234
6727,234
6728,234
6729,234
6730,234
6731,235
6732,235
6733,234
6734,234
6735,234
6736,234
6737,234
6738,234
6739,235
6740,235
6741,235
6742,235
6743,235
6744,235
6745,235
6746,235
6747,235
6748,235
6749,235
6750,235
6751,235
6752,235
6753,235
6754,235
6755,235
6756,235
6757,235
6758,235
6759,235
6760,235
6761,235
6762,235
6763,235
6764,235
6765,235
6766,235
6767,235
6768,235
6769,235
6770,235
6771,235
6772,235
6773,235
6774,235
6775,235
6776,235
6777,235
6778,235
6779,235
6780,235
6781,235
6782,235
6783,235
6784,235
6785,235
6786,235
6787,235
6788,235
6789,235
6790,235
6791,235
6792,235
6793,235
6794,235
6795,235
6796,234
6797,235
6798,234
6799,234
6800,234
6801,234
6802,234
6803,234
6804,234
6805,234
6806,234
6807,234
6808,234
6809,234
6810,234
6811,234
6812,234
6813,234
6814,234
6815,234
6816,234
6817,234
6818,234
6819,234
6820,234
6821,234
6822,234
6823,234
6824,235
6825,235
6826,235
6827,235
6828,234
6829,234
6830,234
6831,234
6832,234
6833,234
6834,234
6835,234
6836,234
6837,234
6838,234
6839,234
6840,234
6841,234
6842,234
6843,234
6844,234
6845,234
6846,234
6847,234
6848,234
6849,234
6850,234
6851,234
6852,234
6853,234
6854,234
6855,234
6856,234
6857,234
6858,234
6859,234
6860,234
6861,234
6862,234
6863,234
6864,234
6865,234
6866,234
6867,234
6868,234
6869,234
6870,234
6871,235
6872,235
6873,235
6874,235
6875,235
6876,235
6877,235
6878,235
6879,235
6880,235
6881,235
6882,234
6883,235
6884,234
6885,234
6886,235
6887,235
6888,235
6889,235
6890,235
6891,235
6892,235
6893,235
6894,235
6895,235
6896,235
6897,235
6898,235
6899,235
6900,235
6901,235
6902,235
6903,235
6904,235
6905,235
6906,235
6907,235
6908,235
6909,235
6910,235
6911,235
6912,235
6913,235
6914,235
6915,235
6916,235
6917,235
6918,235
6919,236
6920,236
6921,236
6922,235
6923,236
6924,236
6925,236
6926,235
6927,236
6928,235
6929,236
6930,236
6931,236
6932,236
6933,236
6934,236
6935,236
6936,236
6937,236
6938,236
6939,236
6940,236
6941,236
6942,236
6943,236
6944,236
6945,236
6946,236
6947,236
6948,236
6949,237
6950,237
6951,237
6952,237
6953,237
6954,237
6955,237
6956,237
6957,237
6958,237
6959,237
6960,237
6961,237
6962,237
6963,237
6964,237
6965,237
6966,237
6967,237
6968,237
6969,237
6970,237
6971,237
6972,237
6973,238
6974,237
6975,237
6976,237
6977,237
6978,237
6979,237
6980,237
6981,237
6982,238
6983,238
6984,238
6985,238
6986,238
6987,238
6988,238
6989,238
6990,238
6991,238
6992,238
6993,238
6994,238
6995,238
6996,238
6997,238
6998,238
6999,238
7000,238
7001,238
7002,238
7003,238
7004,238
7005,238
7006,238
7007,238
7008,238
7009,238
7010,238
7011,238
7012,238
7013,238
7014,238
7015,238
7016,238
7017,238
7018,238
7019,238
7020,238
7021,238
7022,238
7023,238
7024,238
7025,238
7026,238
7027,238
7028,237
7029,237
7030,238
7031,238
7032,238
7033,238
7034,238
7035,238
7036,238
7037,238
7038,238
7039,238
7040,238
7041,238
7042,238
7043,238
7044,238
7045,238
7046,238
7047,238
7048,238
7049,238
7050,238
7051,238
7052,238
7053,238
7054,238
7055,238
7056,238
7057,238
7058,238
7059,238
7060,238
7061,238
7062,239
7063,239
7064,239
7065,239
7066,239
7067,239
7068,239
7069,239
7070,239
7071,239
7072,239
7073,239
7074,240
7075,240
7076,240
7077,240
7078,240
7079,240
7080,240
7081,240
7082,240
7083,240
7084,240
7085,240
7086,241
7087,241
7088,241
7089,241
7090,241
7091,241
7092,241
7093,241
7094,241
7095,241
7096,241
7097,241
7098,241
7099,241
7100,241
7101,241
7102,241
7103,240
7104,240
7105,240
7106,240
7107,240
7108,240
7109,240
7110,240
7111,240
7112,240
7113,240
7114,240
7115,241
7116,241
7117,241
7118,241
7119,241
7120,241
7121,241
7122,241
7123,241
7124,241
7125,241
7126,240
7127,241
7128,241
7129,241
7130,241
7131,241
7132,241
7133,241
7134,241
7135,241
7136,241
7137,241
7138,241
7139,241
7140,241
7141,241
7142,241
7143,241
7144,241
7145,241
7146,241
7147,241
7148,241
7149,242
7150,242
7151,242
7152,241
7153,242
7154,242
7155,242
7156,242
7157,242
7158,242
7159,242
7160,242
7161,242
7162,242
7163,242
7164,242
7165,242
7166,242
7167,242
7168,242
7169,242
7170,242
7171,242
7172,243
7173,242
7174,242
7175,242
7176,242
7177,242
7178,242
7179,242
7180,242
7181,242
7182,242
7183,242
7184,242
7185,242
7186,242
7187,242
7188,242
7189,242
7190,242
7191,242
7192,242
7193,242
7194,242
7195,242
7196,242
7197,242
7198,242
7199,242
7200,242
7201,242
7202,242
7203,242
7204,241
7205,242
7206,242
7207,242
7208,242
7209,242
7210,242
7211,242
7212,241
7213,241
7214,241
7215,242
7216,242
7217,242
7218,242
7219,242
7220,242
7221,242
7222,242
7223,242
7224,242
7225,242
7226,242
7227,242
7228,242
7229,242
7230,242
7231,242
7232,242
7233,242
7234,242
7235,243
7236,243
7237,243
7238,243
7239,243
7240,243
7241,243
7242,243
7243,243
7244,243
7245,243
7246,243
7247,243
7248,243
7249,243
7250,243
7251,243
7252,243
7253,243
7254,243
7255,243
7256,242
7257,242
7258,243
7259,243
7260,243
7261,243
7262,243
7263,243
7264,243
7265,243
7266,243
7267,243
7268,243
7269,243
7270,243
7271,243
7272,243
7273,243
7274,243
7275,243
7276,243
7277,243
7278,243
7279,243
7280,243
7281,243
7282,243
7283,243
7284,243
7285,243
7286,243
7287,244
7288,244
7289,243
7290,243
7291,243
7292,243
7293,243
7294,243
7295,244
7296,244
7297,244
7298,244
7299,244
7300,244
7301,244
7302,244
7303,244
7304,244
7305,244
7306,244
7307,244
7308,244
7309,244
7310,244
7311,244
7312,244
7313,244
7314,244
7315,244
7316,244
7317,244
7318,244
7319,244
7320,244
7321,244
7322,244
7323,244
7324,244
7325,244
7326,244
7327,244
7328,244
7329,244
7330,244
7331,244
7332,244
7333,245
7334,245
7335,245
7336,244
7337,244
7338,244
7339,244
7340,244
7341,244
7342,244
7343,245
7344,245
7345,245
7346,245
7347,245
7348,245
7349,245
7350,245
7351,245
7352,245
7353,245
7354,245
7355,245
7356,245
7357,245
7358,245
7359,245
7360,245
7361,245
7362,244
7363,245
7364,245
7365,245
7366,245
7367,245
7368,245
7369,245
7370,245
7371,245
7372,245
7373,245
7374,245
7375,245
7376,245
7377,245
7378,245
7379,245
7380,245
7381,245
7382,245
7383,245
7384,245
7385,245
7386,245
7387,245
7388,245
7389,245
7390,245
7391,245
7392,245
7393,245
7394,245
7395,245
7396,245
7397,245
7398,245
7399,245
7400,245
7401,245
7402,245
7403,245
7404,245
7405,245
7406,245
7407,245
7408,245
7409,245
7410,245
7411,245
7412,245
7413,245
7414,245
7415,245
7416,245
7417,245
7418,245
7419,245
7420,245
7421,245
7422,245
7423,245
7424,245
7425,245
7426,245
7427,245
7428,245
7429,246
7430,245
7431,246
7432,246
7433,246
7434,246
7435,246
7436,246
7437,246
7438,246
7439,246
7440,246
7441,246
7442,246
7443,246
7444,246
7445,246
7446,245
7447,246
7448,246
7449,246
7450,246
7451,246
7452,246
7453,246
7454,245
7455,246
7456,246
7457,246
7458,246
7459,246
7460,246
7461,246
7462,246
7463,246
7464,246
7465,246
7466,246
7467,246
7468,246
7469,246
7470,246
7471,246
7472,246
7473,246
7474,246
7475,246
7476,246
7477,246
7478,246
7479,246
7480,246
7481,245
7482,245
7483,245
7484,245
7485,245
7486,245
7487,245
7488,245
7489,246
7490,245
7491,246
7492,245
7493,245
7494,245
7495,246
7496,246
7497,245
7498,246
7499,246
7500,246
7501,246
7502,246
7503,246
7504,246
7505,246
7506,246
7507,246
7508,246
7509,247
7510,247
7511,247
7512,247
7513,247
7514,247
7515,247
7516,247
7517,247
7518,247
7519,247
7520,247
7521,247
7522,247
7523,247
7524,247
7525,247
7526,247
7527,247
7528,247
7529,247
7530,247
7531,247
7532,247
7533,247
7534,247
7535,247
7536,247
7537,247
7538,247
7539,247
7540,247
7541,247
7542,247
7543,247
7544,248
7545,248
7546,248
7547,248
7548,248
7549,248
7550,248
7551,248
7552,248
7553,248
7554,248
7555,248
7556,248
7557,248
7558,249
7559,248
7560,248
7561,248
7562,249
7563,249
7564,249
7565,249
7566,248
7567,248
7568,249
7569,248
7570,248
7571,248
7572,248
7573,248
7574,248
7575,248
7576,248
7577,248
7578,248
7579,248
7580,248
7581,248
7582,248
7583,248
7584,249
7585,249
7586,249
7587,249
7588,249
7589,249
7590,249
7591,249
7592,249
7593,249
7594,249
7595,249
7596,249
7597,249
7598,249
7599,249
7600,249
7601,249
7602,249
7603,249
7604,249
7605,249
7606,249
7607,249
7608,249
7609,249
7610,249
7611,250
7612,249
7613,250
7614,249
7615,249
7616,249
7617,249
7618,249
7619,249
7620,249
7621,249
7622,249
7623,249
7624,250
7625,250
7626,249
7627,250
7628,249
7629,250
7630,250
7631,250
7632,250
7633,250
7634,250
7635,250
7636,250
7637,250
7638,250
7639,250
7640,250
7641,250
7642,250
7643,250
7644,250
7645,250
7646,250
7647,250
7648,250
7649,250
7650,250
7651,250
7652,250
7653,250
7654,250
7655,250
7656,250
7657,250
7658,250
7659,250
7660,250
7661,250
7662,250
7663,250
7664,250
7665,250
7666,250
7667,250
7668,250
7669,250
7670,250
7671,250
7672,250
7673,250
7674,251
7675,251
7676,251
7677,251
7678,251
7679,251
7680,251
7681,251
7682,251
7683,251
7684,251
7685,251
7686,251
7687,251
7688,251
7689,251
7690,251
7691,251
7692,251
7693,251
7694,251
7695,251
7696,251
7697,251
7698,251
7699,251
7700,251
7701,251
7702,251
7703,251
7704,251
7705,251
7706,251
7707,251
7708,251
7709,251
7710,251
7711,251
7712,251
7713,251
7714,251
7715,251
7716,251
7717,251
7718,251
7719,251
7720,251
7721,251
7722,251
7723,251
7724,251
7725,251
7726,251
7727,251
7728,252
7729,252
7730,252
7731,252
7732,252
7733,252
7734,252
7735,252
7736,252
7737,252
7738,251
7739,251
7740,252
7741,252
7742,252
7743,252
7744,252
7745,252
7746,252
7747,252
7748,252
7749,252
7750,252
7751,252
7752,252
7753,252
7754,252
7755,252
7756,252
7757,252
7758,252
7759,252
7760,252
7761,252
7762,252
7763,253
7764,253
7765,252
7766,253
7767,253
7768,253
7769,253
7770,253
7771,253
7772,253
7773,253
7774,253
7775,253
7776,253
7777,253
7778,253
7779,253
7780,253
7781,253
7782,253
7783,253
7784,253
7785,253
7786,253
7787,253
7788,253
7789,253
7790,253
7791,253
7792,253
7793,253
7794,253
7795,253
7796,253
7797,253
7798,253
7799,253
7800,253
7801,253
7802,253
7803,253
7804,253
7805,253
7806,253
7807,253
7808,253
7809,253
7810,253
7811,253
7812,253
7813,253
7814,253
7815,253
7816,253
7817,254
7818,254
7819,254
7820,254
7821,254
7822,254
7823,254
7824,254
7825,254
7826,254
7827,254
7828,253
7829,254
7830,253
7831,253
7832,253
7833,253
7834,253
7835,253
7836,253
7837,253
7838,253
7839,253
7840,253
7841,253
7842,253
7843,253
7844,253
7845,253
7846,253
7847,253
7848,253
7849,253
7850,253
7851,253
7852,253
7853,253
7854,253
7855,253
7856,253
7857,253
7858,253
7859,253
7860,253
7861,253
7862,254
7863,254
7864,253
7865,254
7866,254
7867,254
7868,254
7869,254
7870,253
7871,253
7872,253
7873,253
7874,253
7875,253
7876,253
7877,253
7878,253
7879,253
7880,253
7881,253
7882,253
7883,253
7884,254
7885,253
7886,253
7887,253
7888,253
7889,253
7890,253
7891,253
7892,254
7893,254
7894,254
7895,254
7896,254
7897,254
7898,254
7899,254
7900,254
7901,254
7902,254
7903,254
7904,254
7905,254
7906,254
7907,254
7908,254
7909,254
7910,254
7911,254
7912,254
7913,254
7914,254
7915,254
7916,254
7917,254
7918,254
7919,254
7920,255
7921,255
7922,255
7923,254
7924,254
7925,254
7926,254
7927,254
7928,254
7929,254
7930,254
7931,254
7932,254
7933,254
7934,254
7935,254
7936,254
7937,254
7938,254
7939,254
7940,254
7941,254
7942,254
7943,255
7944,254
7945,254
7946,254
7947,254
7948,254
7949,254
7950,254
7951,254
7952,254
7953,254
7954,254
7955,254
7956,255
7957,254
7958,255
7959,255
7960,255
7961,255
7962,255
7963,255
7964,255
7965,255
7966,255
7967,255
7968,255
7969,255
7970,255
7971,255
7972,255
7973,255
7974,255
7975,255
7976,255
7977,255
7978,255
7979,255
7980,255
7981,255
7982,255
7983,255
7984,255
7985,255
7986,255
7987,255
7988,255
7989,254
7990,254
7991,254
7992,254
7993,254
7994,254
7995,254
7996,255
7997,254
7998,254
7999,254
8000,255
8001,255
8002,255
8003,255
8004,255
8005,255
8006,255
8007,255
8008,255
8009,255
8010,255
8011,255
8012,255
8013,255
8014,255
8015,255
8016,255
8017,255
8018,255
8019,255
8020,256
8021,255
8022,255
8023,256
8024,256
8025,256
8026,256
8027,256
8028,256
8029,256
8030,256
8031,256
8032,256
8033,256
8034,256
8035,256
8036,256
8037,256
8038,256
8039,256
8040,256
8041,256
8042,256
8043,256
8044,256
8045,256
8046,256
8047,256
8048,256
8049,256
8050,256
8051,256
8052,256
8053,256
8054,256
8055,256
8056,256
8057,256
8058,256
8059,256
8060,256
8061,256
8062,256
8063,256
8064,256
8065,256
8066,256
8067,256
8068,256
8069,256
8070,256
8071,256
8072,256
8073,256
8074,256
8075,256
8076,256
8077,256
8078,256
8079,256
8080,256
8081,256
8082,256
8083,257
8084,257
8085,256
8086,256
8087,256
8088,256
8089,256
8090,256
8091,256
8092,256
8093,256
8094,256
8095,256
8096,256
8097,256
8098,256
8099,256
8100,256
8101,256
8102,256
8103,256
8104,256
8105,256
8106,256
8107,256
8108,256
8109,256
8110,257
8111,257
8112,257
8113,257
8114,257
8115,257
8116,257
8117,257
8118,257
8119,257
8120,257
8121,257
8122,257
8123,257
8124,257
8125,257
8126,257
8127,257
8128,257
8129,257
8130,257
8131,258
8132,258
8133,258
8134,258
8135,257
8136,257
8137,257
8138,257
8139,257
8140,257
8141,257
8142,257
8143,257
8144,257
8145,257
8146,257
8147,257
8148,258
8149,258
8150,258
8151,258
8152,258
8153,258
8154,258
8155,258
8156,258
8157,258
8158,258
8159,258
8160,258
8161,258
8162,257
8163,257
8164,257
8165,258
8166,257
8167,257
8168,257
8169,257
8170,257
8171,257
8172,257
8173,257
8174,257
8175,258
8176,257
8177,258
8178,258
8179,258
8180,258
8181,258
8182,258
8183,258
8184,258
8185,258
8186,258
8187,258
8188,258
8189,258
8190,258
8191,258
8192,258
8193,258
8194,258
8195,258
8196,258
8197,258
8198,258
8199,258
8200,258
8201,258
8202,258
8203,258
8204,258
8205,258
8206,258
8207,258
8208,258
8209,258
8210,258
8211,259
8212,259
8213,258
8214,258
8215,258
8216,258
8217,259
8218,258
8219,258
8220,258
8221,258
8222,258
8223,258
8224,258
8225,258
8226,258
8227,258
8228,258
8229,258
8230,258
8231,258
8232,258
8233,258
8234,258
8235,258
8236,258
8237,258
8238,258
8239,258
8240,258
8241,258
8242,258
8243,258
8244,258
8245,258
8246,258
8247,258
8248,258
8249,258
8250,258
8251,258
8252,258
8253,258
8254,258
8255,258
8256,259
8257,258
8258,258
8259,258
8260,258
8261,259
8262,259
8263,259
8264,259
8265,259
8266,259
8267,259
8268,259
8269,259
8270,259
8271,259
8272,259
8273,259
8274,259
8275,259
8276,259
8277,259
8278,259
8279,259
8280,259
8281,259
8282,259
8283,259
8284,259
8285,259
8286,259
8287,259
8288,259
8289,259
8290,259
8291,259
8292,259
8293,259
8294,259
8295,259
8296,259
8297,259
8298,259
8299,259
8300,259
8301,259
8302,259
8303,259
8304,259
8305,259
8306,259
8307,259
8308,259
8309,259
8310,259
8311,259
8312,259
8313,259
8314,259
8315,259
8316,259
8317,259
8318,259
8319,259
8320,259
8321,259
8322,259
8323,259
8324,259
8325,259
8326,259
8327,259
8328,259
8329,259
8330,259
8331,259
8332,259
8333,259
8334,259
8335,260
8336,260
8337,259
8338,259
8339,259
8340,259
8341,259
8342,259
8343,259
8344,260
8345,259
8346,259
8347,259
8348,260
8349,260
8350,259
8351,259
8352,259
8353,259
8354,259
8355,260
8356,260
8357,260
8358,260
8359,260
8360,260
8361,260
8362,260
8363,259
8364,260
8365,259
8366,259
8367,259
8368,259
8369,259
8370,259
8371,259
8372,259
8373,259
8374,259
8375,259
8376,259
8377,259
8378,259
8379,259
8380,259
8381,259
8382,259
8383,259
8384,259
8385,258
8386,259
8387,259
8388,259
8389,259
8390,259
8391,259
8392,259
8393,259
8394,258
8395,258
8396,259
8397,259
8398,258
8399,258
8400,258
8401,258
8402,258
8403,258
8404,258
8405,258
8406,258
8407,258
8408,258
8409,258
8410,258
8411,258
8412,258
8413,258
8414,258
8415,258
8416,258
8417,258
8418,258
8419,259
8420,259
8421,259
8422,259
8423,259
8424,258
8425,258
8426,259
8427,259
8428,259
8429,259
8430,259
8431,259
8432,259
8433,259
8434,259
8435,259
8436,259
8437,259
8438,259
8439,259
8440,258
8441,259
8442,259
8443,259
8444,259
8445,258
8446,258
8447,258
8448,258
8449,258
8450,258
8451,258
8452,259
8453,258
8454,258
8455,259
8456,259
8457,258
8458,259
8459,259
8460,259
8461,259
8462,259
8463,259
8464,258
8465,258
8466,259
8467,259
8468,259
8469,259
8470,259
8471,259
8472,259
8473,259
8474,258
8475,259
8476,259
8477,259
8478,259
8479,259
8480,259
8481,259
8482,259
8483,259
8484,259
8485,259
8486,259
8487,259
8488,259
8489,259
8490,259
8491,259
8492,259
8493,259
8494,259
8495,259
8496,259
8497,259
8498,259
8499,259
8500,260
8501,260
8502,260
8503,260
8504,259
8505,259
8506,259
8507,259
8508,259
8509,259
8510,259
8511,259
8512,259
8513,259
8514,260
8515,260
8516,260
8517,260
8518,260
8519,260
8520,260
8521,260
8522,260
8523,261
8524,261
8525,261
8526,261
8527,261
8528,261
8529,261
8530,261
8531,261
8532,261
8533,261
8534,261
8535,261
8536,261
8537,261
8538,261
8539,261
8540,261
8541,261
8542,261
8543,261
8544,261
8545,261
8546,261
8547,261
8548,261
8549,261
8550,261
8551,261
8552,261
8553,261
8554,261
8555,261
8556,261
8557,261
8558,261
8559,261
8560,261
8561,261
8562,261
8563,261
8564,261
8565,261
8566,261
8567,261
8568,261
8569,261
8570,261
8571,261
8572,262
8573,261
8574,261
8575,261
8576,261
8577,261
8578,262
8579,262
8580,262
8581,262
8582,262
8583,262
8584,261
8585,261
8586,262
8587,262
8588,262
8589,262
8590,262
8591,262
8592,262
8593,262
8594,262
8595,262
8596,262
8597,262
8598,262
8599,262
8600,262
8601,262
8602,262
8603,262
8604,262
8605,262
8606,262
8607,262
8608,262
8609,262
8610,262
8611,262
8612,262
8613,262
8614,262
8615,262
8616,262
8617,262
8618,262
8619,262
8620,263
8621,263
8622,263
8623,263
8624,263
8625,263
8626,264
8627,264
8628,263
8629,264
8630,263
8631,263
8632,263
8633,263
8634,263
8635,263
8636,263
8637,264
8638,264
8639,263
8640,264
8641,263
8642,263
8643,263
8644,263
8645,263
8646,264
8647,264
8648,264
8649,264
8650,264
8651,264
8652,264
8653,264
8654,264
8655,264
8656,264
8657,264
8658,264
8659,264
8660,264
8661,264
8662,264
8663,264
8664,264
8665,264
8666,264
8667,264
8668,264
8669,264
8670,264
8671,264
8672,264
8673,264
8674,264
8675,264
8676,264
8677,264
8678,264
8679,264
8680,264
8681,264
8682,264
8683,264
8684,264
8685,264
8686,264
8687,264
8688,264
8689,264
8690,264
8691,264
8692,264
8693,264
8694,264
8695,264
8696,264
8697,264
8698,264
8699,264
8700,264
8701,264
8702,264
8703,264
8704,263
8705,264
8706,264
8707,264
8708,264
8709,264
8710,264
8711,264
8712,264
8713,264
8714,264
8715,264
8716,264
8717,264
8718,264
8719,264
8720,264
8721,264
8722,264
8723,264
8724,264
8725,264
8726,264
8727,264
8728,264
8729,265
8730,265
8731,265
8732,265
8733,264
8734,264
8735,264
8736,264
8737,264
8738,264
8739,264
8740,264
8741,264
8742,264
8743,264
8744,264
8745,264
8746,264
8747,264
8748,264
8749,264
8750,264
8751,264
8752,264
8753,264
8754,264
8755,264
8756,265
8757,264
8758,264
8759,264
8760,264
8761,265
8762,264
8763,265
8764,265
8765,265
8766,265
8767,265
8768,265
8769,265
8770,265
8771,265
8772,265
8773,265
8774,265
8775,265
8776,265
8777,265
8778,265
8779,266
8780,266
8781,266
8782,266
8783,266
8784,266
8785,265
8786,266
8787,265
8788,265
8789,265
8790,265
8791,265
8792,265
8793,265
8794,265
8795,266
8796,266
8797,266
8798,266
8799,266
8800,266
8801,266
8802,266
8803,266
8804,266
8805,266
8806,266
8807,266
8808,266
8809,266
8810,266
8811,266
8812,266
8813,266
8814,266
8815,266
8816,266
8817,266
8818,266
8819,266
8820,266
8821,266
8822,266
8823,266
8824,266
8825,266
8826,266
8827,266
8828,266
8829,266
8830,266
8831,266
8832,266
8833,266
8834,266
8835,266
8836,266
8837,267
8838,266
8839,266
8840,266
8841,266
8842,266
8843,266
8844,266
8845,266
8846,266
8847,266
8848,266
8849,266
8850,266
8851,266
8852,266
8853,266
8854,266
8855,266
8856,266
8857,266
8858,266
8859,266
8860,266
8861,266
8862,266
8863,266
8864,266
8865,266
8866,266
8867,266
8868,266
8869,266
8870,266
8871,266
8872,266
8873,266
8874,266
8875,266
8876,266
8877,266
8878,266
8879,266
8880,266
8881,266
8882,267
8883,267
8884,267
8885,266
8886,266
8887,266
8888,266
8889,266
8890,266
8891,266
8892,266
8893,266
8894,266
8895,266
8896,266
8897,266
8898,266
8899,266
8900,266
8901,266
8902,266
8903,266
8904,266
8905,267
8906,267
8907,266
8908,266
8909,266
8910,266
8911,266
8912,266
8913,266
8914,266
8915,266
8916,266
8917,266
8918,266
8919,266
8920,266
8921,266
8922,266
8923,266
8924,266
8925,267
8926,267
8927,267
8928,267
8929,267
8930,267
8931,267
8932,267
8933,267
8934,267
8935,267
8936,267
8937,267
8938,268
8939,267
8940,267
8941,267
8942,268
8943,267
8944,267
8945,267
8946,267
8947,267
8948,267
8949,267
8950,268
8951,267
8952,268
8953,268
8954,268
8955,268
8956,268
8957,268
8958,268
8959,268
8960,268
8961,268
8962,268
8963,268
8964,268
8965,268
8966,268
8967,268
8968,268
8969,268
8970,268
8971,268
8972,268
8973,268
8974,268
8975,268
8976,268
8977,268
8978,268
8979,268
8980,269
8981,269
8982,268
8983,268
8984,268
8985,268
8986,268
8987,269
8988,269
8989,269
8990,269
8991,269
8992,269
8993,269
8994,269
8995,269
8996,269
8997,269
8998,269
8999,269
9000,269
9001,269
9002,269
9003,269
9004,269
9005,269
9006,269
9007,269
9008,269
9009,269
9010,269
9011,269
9012,269
9013,269
9014,269
9015,269
9016,269
9017,269
9018,269
9019,269
9020,269
9021,269
9022,269
9023,269
9024,269
9025,269
9026,269
9027,269
9028,269
9029,269
9030,269
9031,269
9032,269
9033,269
9034,269
9035,269
9036,269
9037,269
9038,269
9039,269
9040,269
9041,269
9042,269
9043,269
9044,269
9045,269
9046,269
9047,269
9048,269
9049,269
9050,269
9051,269
9052,269
9053,269
9054,269
9055,269
9056,269
9057,269
9058,269
9059,269
9060,269
9061,269
9062,269
9063,269
9064,269
9065,269
9066,269
9067,269
9068,269
9069,269
9070,269
9071,270
9072,270
9073,270
9074,270
9075,270
9076,270
9077,270
9078,270
9079,270
9080,270
9081,270
9082,270
9083,270
9084,270
9085,270
9086,270
9087,270
9088,270
9089,270
9090,270
9091,270
9092,270
9093,270
9094,270
9095,270
9096,270
9097,270
9098,270
9099,270
9100,270
9101,270
9102,270
9103,270
9104,270
9105,270
9106,270
9107,270
9108,270
9109,270
9110,270
9111,270
9112,270
9113,270
9114,270
9115,270
9116,270
9117,270
9118,270
9119,270
9120,270
9121,270
9122,270
9123,270
9124,269
9125,269
9126,269
9127,269
9128,269
9129,269
9130,269
9131,269
9132,269
9133,269
9134,269
9135,270
9136,270
9137,270
9138,270
9139,269
9140,270
9141,270
9142,270
9143,270
9144,270
9145,270
9146,270
9147,270
9148,270
9149,270
9150,270
9151,270
9152,270
9153,270
9154,270
9155,270
9156,270
9157,270
9158,270
9159,270
9160,270
9161,270
9162,270
9163,270
9164,270
9165,270
9166,271
9167,271
9168,271
9169,271
9170,271
9171,271
9172,271
9173,271
9174,271
9175,271
9176,271
9177,271
9178,271
9179,271
9180,271
9181,271
9182,271
9183,271
9184,271
9185,271
9186,271
9187,271
9188,271
9189,271
9190,271
9191,271
9192,271
9193,271
9194,271
9195,271
9196,271
9197,271
9198,271
9199,271
9200,271
9201,271
9202,271
9203,271
9204,271
9205,271
9206,271
9207,272
9208,272
9209,272
9210,271
9211,271
9212,271
9213,271
9214,271
9215,271
9216,271
9217,271
9218,271
9219,271
9220,271
9221,272
9222,272
9223,272
9224,272
9225,272
9226,272
9227,272
9228,272
9229,272
9230,272
9231,272
9232,272
9233,272
9234,272
9235,272
9236,272
9237,272
9238,272
9239,272
9240,272
9241,272
9242,272
9243,272
9244,272
9245,272
9246,272
9247,272
9248,271
9249,271
9250,272
9251,272
9252,272
9253,272
9254,272
9255,272
9256,272
9257,272
9258,272
9259,272
9260,272
9261,272
9262,272
9263,272
9264,272
9265,272
9266,272
9267,272
9268,272
9269,272
9270,272
9271,272
9272,272
9273,272
9274,272
9275,272
9276,272
9277,272
9278,272
9279,272
9280,272
9281,272
9282,272
9283,272
9284,272
9285,272
9286,272
9287,272
9288,272
9289,272
9290,272
9291,272
9292,272
9293,272
9294,272
9295,272
9296,272
9297,272
9298,272
9299,272
9300,272
9301,272
9302,272
9303,272
9304,272
9305,272
9306,272
9307,272
9308,272
9309,272
9310,273
9311,273
9312,273
9313,273
9314,273
9315,273
9316,273
9317,273
9318,273
9319,273
9320,273
9321,273
9322,273
9323,273
9324,273
9325,273
9326,273
9327,273
9328,273
9329,273
9330,273
9331,273
9332,273
9333,273
9334,273
9335,273
9336,273
9337,273
9338,273
9339,273
9340,273
9341,273
9342,273
9343,273
9344,273
9345,273
9346,273
9347,273
9348,273
9349,273
9350,273
9351,273
9352,273
9353,273
9354,273
9355,273
9356,273
9357,273
9358,273
9359,273
9360,273
9361,273
9362,273
9363,273
9364,273
9365,273
9366,273
9367,273
9368,273
9369,273
9370,273
9371,273
9372,273
9373,273
9374,273
9375,273
9376,273
9377,273
9378,273
9379,273
9380,273
9381,273
9382,273
9383,273
9384,273
9385,273
9386,273
9387,273
9388,273
9389,273
9390,273
9391,273
9392,273
9393,273
9394,273
9395,273
9396,273
9397,273
9398,273
9399,273
9400,273
9401,273
9402,273
9403,273
9404,273
9405,273
9406,273
9407,273
9408,274
9409,273
9410,273
9411,273
9412,273
9413,273
9414,273
9415,273
9416,273
9417,273
9418,273
9419,273
9420,273
9421,273
9422,273
9423,273
9424,273
9425,273
9426,274
9427,274
9428,274
9429,274
9430,274
9431,274
9432,274
9433,274
9434,274
9435,274
9436,274
9437,274
9438,274
9439,274
9440,274
9441,274
9442,274
9443,274
9444,274
9445,274
9446,274
9447,274
9448,274
9449,274
9450,274
9451,274
9452,274
9453,274
9454,274
9455,274
9456,274
9457,274
9458,274
9459,274
9460,274
9461,274
9462,274
9463,274
9464,274
9465,274
9466,274
9467,274
9468,274
9469,274
9470,274
9471,274
9472,275
9473,275
9474,275
9475,275
9476,275
9477,275
9478,275
9479,275
9480,275
9481,274
9482,274
9483,274
9484,274
9485,274
9486,274
9487,274
9488,274
9489,274
9490,274
9491,274
9492,275
9493,275
9494,275
9495,275
9496,275
9497,275
9498,275
9499,275
9500,275
9501,275
9502,275
9503,275
9504,275
9505,275
9506,275
9507,275
9508,275
9509,275
9510,275
9511,275
9512,275
9513,275
9514,275
9515,275
9516,275
9517,275
9518,275
9519,275
9520,275
9521,276
9522,276
9523,276
9524,276
9525,276
9526,275
9527,275
9528,275
9529,275
9530,276
9531,276
9532,276
9533,276
9534,276
9535,276
9536,276
9537,276
9538,276
9539,276
9540,276
9541,276
9542,276
9543,276
9544,276
9545,276
9546,276
9547,276
9548,276
9549,276
9550,276
9551,276
9552,276
9553,276
9554,276
9555,276
9556,276
9557,276
9558,276
9559,276
9560,276
9561,276
9562,276
9563,276
9564,276
9565,276
9566,276
9567,276
9568,276
9569,276
9570,276
9571,276
9572,276
9573,276
9574,276
9575,276
9576,276
9577,276
9578,277
9579,277
9580,277
9581,277
9582,277
9583,277
9584,277
9585,277
9586,277
9587,277
9588,277
9589,277
9590,277
9591,277
9592,277
9593,277
9594,277
9595,277
9596,277
9597,277
9598,277
9599,277
9600,277
9601,277
9602,277
9603,277
9604,277
9605,277
9606,277
9607,277
9608,277
9609,277
9610,277
9611,277
9612,277
9613,277
9614,277
9615,277
9616,277
9617,277
9618,277
9619,277
9620,277
9621,277
9622,277
9623,277
9624,277
9625,277
9626,277
9627,277
9628,277
9629,277
9630,277
9631,278
9632,278
9633,278
9634,278
9635,278
9636,277
9637,278
9638,278
9639,278
9640,278
9641,278
9642,278
9643,278
9644,278
9645,278
9646,278
9647,278
9648,278
9649,278
9650,278
9651,278
9652,278
9653,278
9654,278
9655,278
9656,278
9657,278
9658,278
9659,278
9660,278
9661,278
9662,278
9663,278
9664,278
9665,278
9666,278
9667,278
9668,278
9669,278
9670,278
9671,278
9672,278
9673,278
9674,278
9675,278
9676,278
9677,278
9678,278
9679,278
9680,278
9681,278
9682,278
9683,278
9684,278
9685,278
9686,278
9687,279
9688,278
9689,279
9690,278
9691,279
9692,279
9693,278
9694,278
9695,278
9696,278
9697,278
9698,278
9699,278
9700,278
9701,278
9702,278
9703,278
9704,278
9705,278
9706,278
9707,278
9708,278
9709,278
9710,278
9711,278
9712,278
9713,278
9714,277
9715,277
9716,277
9717,277
9718,278
9719,277
9720,277
9721,278
9722,278
9723,278
9724,278
9725,278
9726,278
9727,278
9728,278
9729,278
9730,278
9731,278
9732,278
9733,278
9734,278
9735,278
9736,278
9737,278
9738,278
9739,278
9740,278
9741,278
9742,278
9743,279
9744,279
9745,279
9746,279
9747,279
9748,279
9749,279
9750,279
9751,279
9752,279
9753,278
9754,278
9755,279
9756,279
9757,279
9758,279
9759,279
9760,279
9761,279
9762,279
9763,279
9764,279
9765,279
9766,280
9767,280
9768,280
9769,280
9770,280
9771,280
9772,280
9773,280
9774,279
9775,279
9776,280
9777,280
9778,279
9779,279
9780,279
9781,280
9782,280
9783,280
9784,280
9785,280
9786,280
9787,280
9788,280
9789,280
9790,280
9791,280
9792,280
9793,279
9794,280
9795,280
9796,279
9797,280
9798,280
9799,280
9800,280
9801,280
9802,280
9803,280
9804,280
9805,280
9806,280
9807,280
9808,280
9809,280
9810,280
9811,280
9812,280
9813,280
9814,280
9815,280
9816,280
9817,280
9818,280
9819,280
9820,280
9821,280
9822,280
9823,280
9824,280
9825,279
9826,280
9827,280
9828,280
9829,280
9830,279
9831,280
9832,280
9833,280
9834,279
9835,279
9836,279
9837,279
9838,279
9839,279
9840,279
9841,279
9842,279
9843,279
9844,279
9845,279
9846,279
9847,279
9848,279
9849,279
9850,279
9851,279
9852,279
9853,279
9854,279
9855,279
9856,279
9857,279
9858,279
9859,279
9860,279
9861,279
9862,279
9863,279
9864,279
9865,279
9866,279
9867,279
9868,279
9869,279
9870,279
9871,279
9872,279
9873,279
9874,279
9875,279
9876,279
9877,279
9878,280
9879,280
9880,280
9881,280
9882,280
9883,280
9884,280
9885,280
9886,280
9887,280
9888,280
9889,280
9890,280
9891,280
9892,280
9893,280
9894,280
9895,280
9896,280
9897,279
9898,280
9899,280
9900,280
9901,280
9902,280
9903,279
9904,279
9905,279
9906,279
9907,279
9908,280
9909,279
9910,280
9911,280
9912,279
9913,279
9914,279
9915,279
9916,279
9917,279
9918,279
9919,279
9920,279
9921,279
9922,280
9923,280
9924,279
9925,279
9926,279
9927,279
9928,279
9929,279
9930,279
9931,279
9932,279
9933,279
9934,279
9935,279
9936,279
9937,280
9938,280
9939,280
9940,280
9941,280
9942,280
9943,280
9944,281
9945,280
9946,280
9947,280
9948,281
9949,281
9950,281
9951,281
9952,281
9953,281
9954,281
9955,281
9956,281
9957,281
9958,281
9959,281
9960,281
9961,281
9962,281
9963,282
9964,282
9965,282
9966,282
9967,282
9968,282
9969,282
9970,282
9971,283
9972,283
9973,283
9974,283
9975,283
9976,283
9977,283
9978,283
9979,283
9980,283
9981,283
9982,283
9983,283
9984,283
9985,283
9986,283
9987,284
9988,283
9989,284
9990,284
9991,284
9992,284
9993,284
9994,284
9995,284
9996,284
9997,284
9998,284
9999,284
