0,150
1,150
2,150
3,149
4,149
5,149
6,149
7,149
8,149
9,150
10,149
11,150
12,150
13,150
14,149
15,150
16,150
17,150
18,150
19,150
20,150
21,150
22,150
23,149
24,149
25,149
26,149
27,149
28,149
29,150
30,150
31,149
32,149
33,149
34,150
35,149
36,149
37,149
38,149
39,150
40,150
41,150
42,150
43,150
44,150
45,150
46,150
47,150
48,150
49,150
50,150
51,150
52,150
53,150
54,150
55,149
56,149
57,149
58,150
59,150
60,150
61,149
62,149
63,149
64,150
65,150
66,150
67,150
68,149
69,150
70,150
71,150
72,150
73,150
74,150
75,150
76,150
77,150
78,150
79,150
80,150
81,150
82,150
83,150
84,150
85,150
86,150
87,150
88,150
89,150
90,150
91,150
92,150
93,150
94,150
95,150
96,150
97,150
98,150
99,150
100,150
101,150
102,150
103,150
104,150
105,150
106,150
107,150
108,150
109,150
110,150
111,150
112,150
113,150
114,150
115,150
116,150
117,150
118,150
119,150
120,150
121,150
122,150
123,150
124,150
125,150
126,150
127,150
128,150
129,150
130,150
131,150
132,150
133,150
134,151
135,151
136,151
137,151
138,151
139,151
140,151
141,151
142,151
143,151
144,151
145,151
146,151
147,151
148,151
149,151
150,151
151,150
152,150
153,150
154,151
155,151
156,151
157,151
158,151
159,151
160,151
161,151
162,151
163,151
164,151
165,151
166,151
167,151
168,151
169,151
170,151
171,151
172,151
173,151
174,151
175,151
176,151
177,151
178,151
179,151
180,151
181,151
182,151
183,151
184,151
185,151
186,151
187,150
188,150
189,150
190,150
191,151
192,151
193,151
194,151
195,151
196,151
197,151
198,151
199,151
200,151
201,151
202,151
203,151
204,151
205,151
206,151
207,151
208,151
209,151
210,151
211,151
212,151
213,151
214,151
215,151
216,151
217,151
218,151
219,151
220,151
221,151
222,151
223,151
224,151
225,151
226,151
227,151
228,151
229,151
230,151
231,151
232,151
233,151
234,151
235,151
236,151
237,151
238,151
239,151
240,151
241,151
242,150
243,150
244,151
245,151
246,151
247,151
248,151
249,151
250,150
251,150
252,150
253,150
254,150
255,150
256,150
257,150
258,150
259,150
260,150
261,150
262,150
263,150
264,150
265,150
266,150
267,150
268,150
269,150
270,150
271,150
272,150
273,150
274,150
275,150
276,150
277,150
278,150
279,150
280,150
281,150
282,150
283,150
284,150
285,150
286,150
287,150
288,150
289,150
290,150
291,150
292,150
293,150
294,150
295,150
296,150
297,150
298,150
299,150
300,150
301,150
302,150
303,150
304,150
305,150
306,150
307,150
308,150
309,150
310,150
311,150
312,150
313,150
314,150
315,150
316,150
317,150
318,150
319,150
320,150
321,150
322,150
323,150
324,150
325,150
326,150
327,150
328,150
329,150
330,150
331,150
332,150
333,150
334,150
335,150
336,150
337,150
338,150
339,150
340,150
341,150
342,150
343,150
344,150
345,150
346,150
347,150
348,150
349,150
350,150
351,150
352,150
353,150
354,150
355,150
356,150
357,150
358,150
359,150
360,150
361,150
362,150
363,150
364,150
365,150
366,150
367,150
368,150
369,150
370,150
371,150
372,150
373,150
374,150
375,150
376,150
377,150
378,150
379,150
380,150
381,150
382,150
383,150
384,150
385,150
386,150
387,150
388,150
389,150
390,151
391,150
392,150
393,150
394,150
395,151
396,151
397,151
398,151
399,151
400,151
401,151
402,151
403,151
404,151
405,151
406,151
407,151
408,151
409,151
410,151
411,151
412,151
413,151
414,151
415,151
416,151
417,151
418,151
419,151
420,151
421,151
422,151
423,151
424,151
425,151
426,151
427,151
428,151
429,151
430,151
431,151
432,151
433,151
434,151
435,151
436,152
437,152
438,152
439,152
440,152
441,152
442,152
443,152
444,152
445,152
446,152
447,152
448,152
449,152
450,152
451,152
452,152
453,152
454,152
455,153
456,153
457,152
458,152
459,153
460,153
461,153
462,153
463,153
464,153
465,152
466,152
467,152
468,152
469,152
470,152
471,152
472,152
473,152
474,152
475,152
476,152
477,152
478,152
479,152
480,152
481,152
482,152
483,152
484,152
485,152
486,152
487,152
488,152
489,152
490,152
491,151
492,152
493,152
494,152
495,152
496,152
497,152
498,152
499,152
500,152
501,151
502,151
503,151
504,151
505,151
506,151
507,151
508,152
509,151
510,152
511,152
512,152
513,152
514,152
515,152
516,152
517,152
518,152
519,152
520,152
521,152
522,152
523,152
524,152
525,152
526,152
527,152
528,152
529,152
530,152
531,152
532,152
533,152
534,152
535,152
536,152
537,152
538,152
539,152
540,152
541,152
542,152
543,152
544,152
545,151
546,151
547,152
548,151
549,152
550,152
551,152
552,152
553,152
554,152
555,152
556,152
557,152
558,152
559,152
560,152
561,152
562,152
563,152
564,152
565,152
566,152
567,152
568,152
569,152
570,152
571,152
572,152
573,152
574,152
575,153
576,153
577,153
578,153
579,153
580,153
581,153
582,153
583,153
584,153
585,153
586,153
587,153
588,153
589,153
590,153
591,153
592,153
593,153
594,153
595,153
596,153
597,153
598,153
599,153
600,153
601,153
602,153
603,153
604,153
605,153
606,153
607,153
608,153
609,153
610,153
611,153
612,153
613,153
614,153
615,153
616,153
617,153
618,153
619,153
620,153
621,153
622,153
623,154
624,153
625,153
626,154
627,154
628,154
629,154
630,154
631,154
632,154
633,154
634,154
635,154
636,154
637,154
638,154
639,154
640,154
641,154
642,154
643,154
644,154
645,154
646,154
647,154
648,154
649,154
650,154
651,154
652,154
653,154
654,154
655,154
656,154
657,154
658,154
659,153
660,153
661,153
662,153
663,153
664,153
665,153
666,153
667,153
668,153
669,153
670,154
671,153
672,153
673,153
674,154
675,153
676,153
677,153
678,153
679,153
680,153
681,153
682,153
683,153
684,153
685,153
686,153
687,153
688,153
689,153
690,153
691,153
692,153
693,153
694,153
695,153
696,153
697,153
698,153
699,153
700,153
701,153
702,153
703,153
704,153
705,153
706,153
707,153
708,153
709,154
710,154
711,154
712,154
713,154
714,154
715,154
716,154
717,154
718,154
719,154
720,154
721,154
722,154
723,154
724,154
725,154
726,154
727,154
728,154
729,154
730,154
731,154
732,154
733,154
734,154
735,154
736,154
737,154
738,154
739,154
740,154
741,154
742,154
743,154
744,154
745,154
746,154
747,154
748,154
749,154
750,154
751,154
752,154
753,154
754,154
755,154
756,154
757,154
758,154
759,154
760,154
761,154
762,154
763,154
764,154
765,155
766,155
767,155
768,155
769,155
770,155
771,155
772,155
773,154
774,154
775,154
776,154
777,154
778,154
779,154
780,154
781,154
782,154
783,154
784,155
785,154
786,154
787,154
788,154
789,154
790,154
791,154
792,154
793,154
794,154
795,154
796,154
797,154
798,154
799,154
800,154
801,154
802,154
803,154
804,154
805,154
806,154
807,154
808,154
809,155
810,155
811,155
812,155
813,155
814,155
815,155
816,155
817,155
818,155
819,155
820,155
821,155
822,155
823,155
824,155
825,155
826,155
827,155
828,155
829,155
830,155
831,155
832,155
833,155
834,155
835,155
836,155
837,155
838,155
839,155
840,155
841,155
842,155
843,155
844,155
845,155
846,155
847,155
848,155
849,155
850,155
851,155
852,155
853,155
854,155
855,155
856,155
857,155
858,155
859,155
860,155
861,155
862,155
863,155
864,155
865,155
866,155
867,155
868,155
869,155
870,155
871,155
872,155
873,155
874,155
875,155
876,155
877,155
878,155
879,155
880,155
881,155
882,155
883,155
884,155
885,155
886,155
887,155
888,155
889,155
890,155
891,155
892,155
893,155
894,155
895,155
896,155
897,155
898,155
899,154
900,155
901,155
902,155
903,155
904,155
905,155
906,154
907,154
908,155
909,154
910,155
911,155
912,155
913,155
914,155
915,155
916,155
917,154
918,154
919,154
920,154
921,154
922,155
923,155
924,155
925,155
926,155
927,155
928,155
929,155
930,155
931,155
932,155
933,155
934,155
935,155
936,155
937,155
938,155
939,155
940,155
941,155
942,155
943,155
944,155
945,155
946,155
947,155
948,155
949,155
950,155
951,155
952,155
953,155
954,155
955,155
956,155
957,155
958,155
959,155
960,155
961,155
962,155
963,156
964,155
965,155
966,155
967,156
968,155
969,155
970,155
971,155
972,155
973,155
974,155
975,155
976,155
977,155
978,155
979,155
980,155
981,155
982,155
983,155
984,155
985,155
986,155
987,155
988,155
989,155
990,155
991,155
992,155
993,155
994,155
995,155
996,155
997,155
998,155
999,155
1000,155
1001,155
1002,155
1003,155
1004,155
1005,155
1006,155
1007,155
1008,155
1009,155
1010,155
1011,155
1012,155
1013,155
1014,155
1015,155
1016,155
1017,155
1018,155
1019,155
1020,155
1021,155
1022,155
1023,155
1024,155
1025,155
1026,155
1027,155
1028,155
1029,155
1030,155
1031,155
1032,155
1033,155
1034,155
1035,155
1036,155
1037,155
1038,155
1039,155
1040,155
1041,155
1042,155
1043,156
1044,156
1045,156
1046,156
1047,156
1048,156
1049,155
1050,155
1051,155
1052,155
1053,155
1054,155
1055,155
1056,155
1057,155
1058,155
1059,155
1060,155
1061,155
1062,155
1063,155
1064,155
1065,155
1066,155
1067,155
1068,155
1069,155
1070,155
1071,155
1072,155
1073,155
1074,155
1075,155
1076,155
1077,155
1078,156
1079,156
1080,156
1081,156
1082,156
1083,156
1084,156
1085,156
1086,156
1087,156
1088,156
1089,156
1090,156
1091,156
1092,156
1093,156
1094,156
1095,156
1096,156
1097,156
1098,156
1099,156
1100,156
1101,156
1102,156
1103,156
1104,156
1105,155
1106,155
1107,155
1108,155
1109,155
1110,155
1111,155
1112,155
1113,155
1114,155
1115,155
1116,155
1117,155
1118,155
1119,155
1120,155
1121,155
1122,155
1123,155
1124,155
1125,155
1126,155
1127,155
1128,155
1129,155
1130,155
1131,154
1132,154
1133,155
1134,154
1135,154
1136,154
1137,154
1138,154
1139,154
1140,154
1141,155
1142,155
1143,155
1144,155
1145,155
1146,155
1147,155
1148,155
1149,155
1150,155
1151,155
1152,155
1153,155
1154,155
1155,155
1156,155
1157,155
1158,155
1159,155
1160,155
1161,155
1162,155
1163,155
1164,155
1165,155
1166,155
1167,155
1168,155
1169,155
1170,155
1171,155
1172,155
1173,155
1174,155
1175,155
1176,155
1177,155
1178,155
1179,155
1180,155
1181,155
1182,155
1183,155
1184,155
1185,155
1186,155
1187,155
1188,155
1189,155
1190,155
1191,155
1192,155
1193,154
1194,154
1195,154
1196,154
1197,154
1198,154
1199,154
1200,154
1201,154
1202,154
1203,154
1204,154
1205,154
1206,154
1207,154
1208,154
1209,154
1210,154
1211,154
1212,154
1213,154
1214,154
1215,154
1216,154
1217,154
1218,154
1219,154
1220,154
1221,154
1222,154
1223,154
1224,154
1225,154
1226,154
1227,154
1228,154
1229,154
1230,154
1231,154
1232,154
1233,154
1234,154
1235,154
1236,154
1237,154
1238,155
1239,155
1240,155
1241,155
1242,155
1243,155
1244,155
1245,155
1246,155
1247,155
1248,155
1249,155
1250,155
1251,155
1252,155
1253,155
1254,155
1255,155
1256,155
1257,155
1258,155
1259,155
1260,155
1261,155
1262,155
1263,155
1264,155
1265,155
1266,155
1267,155
1268,155
1269,155
1270,155
1271,155
1272,154
1273,154
1274,155
1275,155
1276,155
1277,155
1278,155
1279,155
1280,155
1281,155
1282,155
1283,154
1284,154
1285,154
1286,154
1287,155
1288,155
1289,154
1290,154
1291,155
1292,155
1293,155
1294,155
1295,155
1296,155
1297,155
1298,155
1299,155
1300,155
1301,155
1302,155
1303,155
1304,155
1305,155
1306,155
1307,155
1308,155
1309,155
1310,155
1311,155
1312,155
1313,155
1314,155
1315,155
1316,155
1317,155
1318,155
1319,155
1320,155
1321,155
1322,155
1323,155
1324,155
1325,155
1326,155
1327,155
1328,155
1329,155
1330,155
1331,155
1332,155
1333,155
1334,155
1335,155
1336,155
1337,155
1338,155
1339,155
1340,155
1341,155
1342,155
1343,155
1344,155
1345,155
1346,155
1347,155
1348,155
1349,155
1350,155
1351,155
1352,155
1353,155
1354,155
1355,155
1356,155
1357,155
1358,155
1359,155
1360,155
1361,155
1362,156
1363,156
1364,156
1365,156
1366,156
1367,156
1368,156
1369,156
1370,156
1371,156
1372,156
1373,156
1374,156
1375,156
1376,156
1377,156
1378,156
1379,156
1380,156
1381,156
1382,156
1383,156
1384,156
1385,156
1386,156
1387,155
1388,156
1389,156
1390,156
1391,156
1392,155
1393,155
1394,156
1395,155
1396,155
1397,155
1398,156
1399,156
1400,155
1401,156
1402,156
1403,156
1404,156
1405,156
1406,156
1407,156
1408,155
1409,155
1410,156
1411,156
1412,156
1413,156
1414,155
1415,156
1416,156
1417,156
1418,156
1419,156
1420,156
1421,156
1422,156
1423,156
1424,156
1425,156
1426,156
1427,156
1428,155
1429,155
1430,155
1431,155
1432,155
1433,155
1434,155
1435,156
1436,155
1437,155
1438,155
1439,155
1440,155
1441,155
1442,155
1443,155
1444,155
1445,155
1446,155
1447,155
1448,155
1449,155
1450,155
1451,155
1452,155
1453,155
1454,155
1455,155
1456,155
1457,155
1458,155
1459,155
1460,155
1461,155
1462,155
1463,155
1464,155
1465,156
1466,156
1467,156
1468,156
1469,156
1470,156
1471,156
1472,156
1473,156
1474,156
1475,156
1476,156
1477,156
1478,156
1479,156
1480,156
1481,156
1482,156
1483,156
1484,156
1485,156
1486,156
1487,156
1488,156
1489,156
1490,156
1491,156
1492,156
1493,156
1494,156
1495,156
1496,156
1497,156
1498,156
1499,156
1500,156
1501,156
1502,156
1503,157
1504,157
1505,156
1506,156
1507,156
1508,156
1509,156
1510,156
1511,156
1512,157
1513,157
1514,157
1515,157
1516,157
1517,157
1518,157
1519,157
1520,157
1521,157
1522,157
1523,157
1524,157
1525,156
1526,157
1527,157
1528,157
1529,157
1530,157
1531,157
1532,157
1533,157
1534,157
1535,157
1536,157
1537,157
1538,157
1539,157
1540,157
1541,157
1542,157
1543,157
1544,157
1545,157
1546,157
1547,157
1548,157
1549,157
1550,157
1551,157
1552,158
1553,158
1554,158
1555,157
1556,157
1557,157
1558,157
1559,157
1560,157
1561,157
1562,157
1563,157
1564,157
1565,157
1566,157
1567,157
1568,157
1569,157
1570,157
1571,157
1572,157
1573,157
1574,157
1575,157
1576,158
1577,158
1578,158
1579,158
1580,158
1581,158
1582,158
1583,158
1584,158
1585,157
1586,157
1587,157
1588,158
1589,158
1590,158
1591,157
1592,157
1593,157
1594,157
1595,157
1596,157
1597,157
1598,157
1599,157
1600,157
1601,157
1602,157
1603,157
1604,157
1605,157
1606,157
1607,157
1608,157
1609,157
1610,157
1611,157
1612,157
1613,157
1614,157
1615,157
1616,157
1617,157
1618,157
1619,157
1620,157
1621,157
1622,157
1623,157
1624,157
1625,157
1626,157
1627,157
1628,157
1629,157
1630,157
1631,157
1632,157
1633,157
1634,157
1635,157
1636,157
1637,157
1638,157
1639,157
1640,157
1641,157
1642,157
1643,157
1644,157
1645,157
1646,157
1647,157
1648,157
1649,157
1650,157
1651,157
1652,157
1653,157
1654,157
1655,157
1656,157
1657,157
1658,157
1659,157
1660,157
1661,157
1662,157
1663,158
1664,158
1665,158
1666,158
1667,158
1668,158
1669,158
1670,158
1671,158
1672,158
1673,158
1674,158
1675,158
1676,158
1677,158
1678,157
1679,158
1680,158
1681,158
1682,158
1683,157
1684,157
1685,157
1686,158
1687,158
1688,158
1689,157
1690,157
1691,158
1692,157
1693,157
1694,157
1695,157
1696,157
1697,157
1698,157
1699,157
1700,157
1701,157
1702,157
1703,157
1704,157
1705,157
1706,158
1707,158
1708,158
1709,158
1710,158
1711,158
1712,158
1713,158
1714,158
1715,158
1716,158
1717,158
1718,158
1719,158
1720,158
1721,158
1722,158
1723,158
1724,158
1725,158
1726,158
1727,158
1728,158
1729,158
1730,158
1731,158
1732,158
1733,158
1734,158
1735,158
1736,158
1737,158
1738,158
1739,158
1740,158
1741,158
1742,158
1743,158
1744,158
1745,158
1746,158
1747,158
1748,158
1749,158
1750,158
1751,158
1752,158
1753,158
1754,158
1755,158
1756,158
1757,158
1758,158
1759,158
1760,158
1761,158
1762,158
1763,158
1764,158
1765,158
1766,158
1767,158
1768,158
1769,158
1770,158
1771,158
1772,158
1773,158
1774,158
1775,158
1776,158
1777,158
1778,158
1779,158
1780,158
1781,158
1782,158
1783,158
1784,158
1785,158
1786,158
1787,158
1788,158
1789,158
1790,158
1791,158
1792,158
1793,158
1794,158
1795,158
1796,158
1797,158
1798,158
1799,158
1800,158
1801,157
1802,157
1803,157
1804,157
1805,157
1806,157
1807,158
1808,158
1809,158
1810,158
1811,158
1812,158
1813,158
1814,157
1815,157
1816,157
1817,157
1818,157
1819,157
1820,157
1821,157
1822,157
1823,157
1824,157
1825,157
1826,157
1827,157
1828,157
1829,157
1830,157
1831,157
1832,157
1833,157
1834,157
1835,157
1836,157
1837,157
1838,157
1839,158
1840,157
1841,157
1842,157
1843,157
1844,157
1845,157
1846,157
1847,157
1848,157
1849,157
1850,157
1851,157
1852,157
1853,157
1854,157
1855,157
1856,157
1857,157
1858,157
1859,157
1860,157
1861,157
1862,157
1863,157
1864,157
1865,157
1866,157
1867,157
1868,157
1869,157
1870,157
1871,157
1872,157
1873,157
1874,157
1875,157
1876,157
1877,157
1878,157
1879,157
1880,157
1881,157
1882,157
1883,157
1884,157
1885,157
1886,157
1887,157
1888,157
1889,157
1890,157
1891,157
1892,157
1893,157
1894,157
1895,157
1896,157
1897,157
1898,157
1899,157
1900,157
1901,157
1902,158
1903,158
1904,158
1905,158
1906,158
1907,158
1908,158
1909,158
1910,158
1911,158
1912,158
1913,157
1914,157
1915,157
1916,157
1917,158
1918,158
1919,158
1920,158
1921,158
1922,158
1923,158
1924,158
1925,158
1926,158
1927,158
1928,158
1929,158
1930,158
1931,158
1932,158
1933,158
1934,158
1935,158
1936,158
1937,158
1938,157
1939,157
1940,158
1941,158
1942,157
1943,157
1944,157
1945,157
1946,157
1947,157
1948,157
1949,157
1950,158
1951,158
1952,158
1953,157
1954,158
1955,158
1956,157
1957,157
1958,157
1959,157
1960,157
1961,157
1962,157
1963,157
1964,158
1965,158
1966,158
1967,158
1968,158
1969,158
1970,158
1971,158
1972,158
1973,158
1974,158
1975,158
1976,158
1977,158
1978,158
1979,158
1980,158
1981,158
1982,158
1983,158
1984,158
1985,158
1986,158
1987,158
1988,158
1989,158
1990,158
1991,158
1992,158
1993,158
1994,158
1995,158
1996,158
1997,158
1998,158
1999,158
2000,158
2001,158
2002,158
2003,158
2004,158
2005,158
2006,158
2007,158
2008,158
2009,158
2010,158
2011,158
2012,158
2013,158
2014,158
2015,158
2016,158
2017,158
2018,158
2019,158
2020,158
2021,158
2022,158
2023,158
2024,158
2025,158
2026,158
2027,158
2028,158
2029,158
2030,158
2031,158
2032,158
2033,158
2034,158
2035,158
2036,158
2037,158
2038,158
2039,158
2040,158
2041,158
2042,158
2043,158
2044,158
2045,158
2046,158
2047,158
2048,158
2049,158
2050,158
2051,158
2052,158
2053,158
2054,158
2055,158
2056,158
2057,158
2058,158
2059,158
2060,159
2061,158
2062,158
2063,158
2064,158
2065,158
2066,159
2067,158
2068,158
2069,158
2070,158
2071,158
2072,158
2073,159
2074,158
2075,158
2076,158
2077,158
2078,159
2079,159
2080,159
2081,159
2082,159
2083,159
2084,159
2085,159
2086,159
2087,159
2088,159
2089,159
2090,159
2091,159
2092,160
2093,159
2094,160
2095,160
2096,160
2097,160
2098,160
2099,160
2100,160
2101,160
2102,160
2103,160
2104,160
2105,160
2106,160
2107,160
2108,160
2109,160
2110,160
2111,160
2112,160
2113,160
2114,160
2115,160
2116,160
2117,160
2118,160
2119,160
2120,160
2121,160
2122,160
2123,160
2124,160
2125,160
2126,160
2127,160
2128,160
2129,160
2130,160
2131,160
2132,160
2133,160
2134,160
2135,160
2136,160
2137,161
2138,161
2139,161
2140,161
2141,161
2142,161
2143,161
2144,160
2145,160
2146,160
2147,160
2148,160
2149,161
2150,161
2151,161
2152,160
2153,160
2154,160
2155,160
2156,160
2157,160
2158,160
2159,160
2160,160
2161,160
2162,160
2163,160
2164,160
2165,160
2166,160
2167,160
2168,160
2169,160
2170,160
2171,160
2172,160
2173,160
2174,160
2175,160
2176,160
2177,160
2178,160
2179,160
2180,160
2181,160
2182,160
2183,160
2184,160
2185,160
2186,160
2187,160
2188,160
2189,160
2190,161
2191,160
2192,161
2193,161
2194,161
2195,161
2196,161
2197,161
2198,161
2199,161
2200,161
2201,161
2202,161
2203,161
2204,161
2205,161
2206,161
2207,161
2208,161
2209,161
2210,161
2211,161
2212,161
2213,161
2214,161
2215,161
2216,161
2217,161
2218,161
2219,161
2220,161
2221,161
2222,161
2223,161
2224,161
2225,162
2226,162
2227,161
2228,162
2229,161
2230,161
2231,161
2232,161
2233,162
2234,162
2235,162
2236,162
2237,162
2238,162
2239,162
2240,162
2241,162
2242,162
2243,162
2244,162
2245,162
2246,162
2247,162
2248,162
2249,162
2250,162
2251,162
2252,162
2253,162
2254,162
2255,162
2256,162
2257,162
2258,162
2259,162
2260,162
2261,162
2262,162
2263,162
2264,162
2265,162
2266,162
2267,162
2268,162
2269,162
2270,162
2271,162
2272,162
2273,162
2274,162
2275,162
2276,162
2277,162
2278,162
2279,162
2280,162
2281,162
2282,162
2283,162
2284,162
2285,162
2286,162
2287,162
2288,163
2289,162
2290,162
2291,162
2292,163
2293,163
2294,163
2295,163
2296,163
2297,163
2298,163
2299,163
2300,163
2301,163
2302,163
2303,163
2304,163
2305,163
2306,163
2307,163
2308,163
2309,163
2310,163
2311,163
2312,163
2313,163
2314,162
2315,162
2316,162
2317,162
2318,162
2319,162
2320,162
2321,162
2322,163
2323,163
2324,163
2325,163
2326,163
2327,163
2328,163
2329,163
2330,163
2331,163
2332,163
2333,163
2334,163
2335,163
2336,163
2337,163
2338,163
2339,163
2340,163
2341,163
2342,164
2343,164
2344,164
2345,164
2346,164
2347,164
2348,164
2349,164
2350,164
2351,164
2352,164
2353,164
2354,164
2355,164
2356,165
2357,165
2358,165
2359,164
2360,164
2361,164
2362,164
2363,164
2364,164
2365,164
2366,164
2367,164
2368,164
2369,164
2370,164
2371,164
2372,164
2373,164
2374,164
2375,164
2376,164
2377,164
2378,164
2379,164
2380,164
2381,164
2382,164
2383,164
2384,164
2385,164
2386,164
2387,164
2388,164
2389,164
2390,163
2391,163
2392,164
2393,163
2394,163
2395,163
2396,163
2397,163
2398,163
2399,163
2400,164
2401,163
2402,163
2403,164
2404,164
2405,163
2406,163
2407,163
2408,163
2409,163
2410,164
2411,163
2412,163
2413,163
2414,163
2415,163
2416,163
2417,163
2418,163
2419,163
2420,164
2421,164
2422,164
2423,164
2424,164
2425,164
2426,164
2427,164
2428,164
2429,163
2430,163
2431,163
2432,163
2433,164
2434,164
2435,164
2436,164
2437,164
2438,164
2439,164
2440,164
2441,164
2442,164
2443,164
2444,164
2445,164
2446,164
2447,165
2448,164
2449,164
2450,165
2451,165
2452,165
2453,165
2454,165
2455,165
2456,165
2457,165
2458,165
2459,165
2460,165
2461,165
2462,165
2463,165
2464,165
2465,165
2466,165
2467,165
2468,165
2469,165
2470,165
2471,165
2472,165
2473,165
2474,165
2475,165
2476,165
2477,165
2478,165
2479,165
2480,165
2481,165
2482,165
2483,165
2484,165
2485,165
2486,166
2487,166
2488,165
2489,165
2490,165
2491,165
2492,165
2493,165
2494,165
2495,165
2496,165
2497,165
2498,165
2499,165
2500,165
2501,165
2502,165
2503,165
2504,165
2505,165
2506,165
2507,165
2508,165
2509,165
2510,165
2511,165
2512,165
2513,165
2514,165
2515,165
2516,165
2517,165
2518,165
2519,165
2520,165
2521,165
2522,166
2523,166
2524,166
2525,166
2526,165
2527,165
2528,166
2529,165
2530,165
2531,165
2532,165
2533,165
2534,166
2535,165
2536,166
2537,166
2538,166
2539,166
2540,166
2541,166
2542,166
2543,166
2544,166
2545,166
2546,166
2547,166
2548,166
2549,166
2550,166
2551,166
2552,166
2553,166
2554,166
2555,166
2556,166
2557,166
2558,166
2559,166
2560,166
2561,166
2562,166
2563,166
2564,166
2565,166
2566,166
2567,166
2568,166
2569,167
2570,167
2571,167
2572,167
2573,167
2574,167
2575,167
2576,167
2577,167
2578,167
2579,167
2580,167
2581,167
2582,167
2583,167
2584,166
2585,166
2586,166
2587,166
2588,166
2589,166
2590,166
2591,166
2592,166
2593,167
2594,166
2595,167
2596,167
2597,167
2598,167
2599,167
2600,167
2601,166
2602,167
2603,167
2604,167
2605,167
2606,167
2607,167
2608,167
2609,167
2610,167
2611,167
2612,167
2613,167
2614,168
2615,168
2616,168
2617,167
2618,168
2619,168
2620,168
2621,168
2622,168
2623,168
2624,168
2625,168
2626,168
2627,168
2628,168
2629,168
2630,168
2631,168
2632,168
2633,168
2634,168
2635,168
2636,168
2637,168
2638,168
2639,168
2640,168
2641,168
2642,168
2643,168
2644,168
2645,168
2646,168
2647,168
2648,168
2649,168
2650,168
2651,168
2652,168
2653,168
2654,168
2655,168
2656,168
2657,168
2658,168
2659,168
2660,168
2661,168
2662,168
2663,168
2664,169
2665,168
2666,169
2667,169
2668,169
2669,169
2670,169
2671,169
2672,169
2673,169
2674,169
2675,169
2676,169
2677,169
2678,169
2679,169
2680,169
2681,169
2682,169
2683,169
2684,169
2685,169
2686,169
2687,169
2688,169
2689,169
2690,169
2691,169
2692,169
2693,169
2694,169
2695,169
2696,169
2697,169
2698,169
2699,169
2700,169
2701,168
2702,168
2703,168
2704,169
2705,169
2706,169
2707,169
2708,169
2709,168
2710,168
2711,168
2712,168
2713,168
2714,168
2715,168
2716,168
2717,168
2718,168
2719,168
2720,168
2721,168
2722,168
2723,168
2724,168
2725,168
2726,168
2727,169
2728,169
2729,168
2730,168
2731,168
2732,168
2733,168
2734,168
2735,168
2736,168
2737,168
2738,168
2739,168
2740,168
2741,168
2742,168
2743,168
2744,168
2745,168
2746,168
2747,168
2748,168
2749,168
2750,168
2751,168
2752,168
2753,168
2754,168
2755,168
2756,168
2757,168
2758,168
2759,168
2760,168
2761,168
2762,168
2763,168
2764,168
2765,168
2766,168
2767,168
2768,168
2769,168
2770,168
2771,169
2772,168
2773,168
2774,168
2775,169
2776,168
2777,169
2778,169
2779,169
2780,169
2781,169
2782,169
2783,169
2784,169
2785,169
2786,169
2787,169
2788,169
2789,169
2790,169
2791,169
2792,169
2793,169
2794,169
2795,169
2796,169
2797,169
2798,169
2799,169
2800,169
2801,169
2802,169
2803,169
2804,169
2805,169
2806,169
2807,169
2808,169
2809,169
2810,169
2811,169
2812,169
2813,169
2814,169
2815,169
2816,169
2817,169
2818,169
2819,170
2820,170
2821,169
2822,169
2823,169
2824,169
2825,169
2826,169
2827,169
2828,170
2829,170
2830,170
2831,170
2832,169
2833,170
2834,170
2835,170
2836,170
2837,170
2838,170
2839,170
2840,170
2841,170
2842,170
2843,170
2844,170
2845,170
2846,170
2847,170
2848,170
2849,170
2850,170
2851,170
2852,170
2853,170
2854,170
2855,170
2856,170
2857,170
2858,170
2859,170
2860,170
2861,170
2862,170
2863,170
2864,170
2865,170
2866,170
2867,170
2868,170
2869,170
2870,170
2871,170
2872,170
2873,170
2874,170
2875,170
2876,170
2877,170
2878,170
2879,170
2880,170
2881,170
2882,170
2883,170
2884,170
2885,170
2886,170
2887,170
2888,170
2889,171
2890,171
2891,170
2892,171
2893,171
2894,171
2895,171
2896,171
2897,171
2898,171
2899,171
2900,171
2901,171
2902,171
2903,171
2904,171
2905,171
2906,171
2907,171
2908,171
2909,171
2910,171
2911,171
2912,171
2913,171
2914,171
2915,171
2916,171
2917,171
2918,171
2919,171
2920,171
2921,171
2922,171
2923,171
2924,171
2925,171
2926,171
2927,171
2928,171
2929,171
2930,171
2931,171
2932,171
2933,171
2934,171
2935,171
2936,171
2937,171
2938,171
2939,171
2940,171
2941,171
2942,171
2943,171
2944,171
2945,171
2946,171
2947,171
2948,171
2949,171
2950,171
2951,171
2952,171
2953,171
2954,171
2955,171
2956,171
2957,171
2958,171
2959,171
2960,171
2961,171
2962,171
2963,171
2964,171
2965,171
2966,171
2967,171
2968,171
2969,171
2970,171
2971,171
2972,171
2973,171
2974,171
2975,170
2976,170
2977,170
2978,170
2979,170
2980,171
2981,170
2982,170
2983,170
2984,170
2985,171
2986,171
2987,171
2988,171
2989,171
2990,171
2991,171
2992,171
2993,171
2994,171
2995,171
2996,171
2997,171
2998,171
2999,171
3000,171
3001,171
3002,171
3003,171
3004,171
3005,171
3006,171
3007,171
3008,171
3009,171
3010,171
3011,171
3012,171
3013,171
3014,172
3015,171
3016,172
3017,171
3018,171
3019,171
3020,171
3021,172
3022,171
3023,172
3024,172
3025,172
3026,172
3027,172
3028,172
3029,172
3030,172
3031,172
3032,172
3033,172
3034,172
3035,172
3036,171
3037,172
3038,172
3039,172
3040,172
3041,172
3042,172
3043,172
3044,172
3045,172
3046,172
3047,172
3048,172
3049,172
3050,172
3051,172
3052,172
3053,172
3054,172
3055,172
3056,172
3057,172
3058,172
3059,172
3060,172
3061,172
3062,172
3063,172
3064,172
3065,172
3066,172
3067,172
3068,172
3069,172
3070,172
3071,172
3072,172
3073,172
3074,172
3075,172
3076,172
3077,172
3078,172
3079,172
3080,172
3081,172
3082,172
3083,172
3084,172
3085,172
3086,172
3087,172
3088,172
3089,172
3090,172
3091,172
3092,172
3093,172
3094,172
3095,172
3096,172
3097,172
3098,172
3099,172
3100,172
3101,172
3102,172
3103,172
3104,172
3105,172
3106,172
3107,172
3108,172
3109,172
3110,172
3111,172
3112,172
3113,172
3114,172
3115,172
3116,172
3117,173
3118,173
3119,173
3120,173
3121,173
3122,173
3123,173
3124,173
3125,173
3126,173
3127,173
3128,173
3129,173
3130,173
3131,173
3132,173
3133,173
3134,173
3135,173
3136,173
3137,173
3138,173
3139,173
3140,173
3141,173
3142,173
3143,173
3144,173
3145,173
3146,173
3147,173
3148,173
3149,173
3150,173
3151,173
3152,173
3153,173
3154,173
3155,173
3156,173
3157,173
3158,173
3159,173
3160,173
3161,173
3162,173
3163,173
3164,173
3165,173
3166,173
3167,173
3168,173
3169,173
3170,173
3171,173
3172,173
3173,174
3174,174
3175,174
3176,173
3177,173
3178,174
3179,173
3180,173
3181,173
3182,174
3183,174
3184,173
3185,173
3186,173
3187,173
3188,173
3189,173
3190,173
3191,173
3192,173
3193,173
3194,173
3195,173
3196,173
3197,173
3198,173
3199,174
3200,174
3201,173
3202,173
3203,174
3204,173
3205,173
3206,173
3207,173
3208,173
3209,173
3210,174
3211,174
3212,174
3213,174
3214,174
3215,174
3216,174
3217,174
3218,174
3219,174
3220,174
3221,174
3222,174
3223,174
3224,174
3225,174
3226,174
3227,174
3228,174
3229,174
3230,174
3231,174
3232,174
3233,174
3234,174
3235,174
3236,174
3237,174
3238,174
3239,174
3240,174
3241,174
3242,174
3243,174
3244,174
3245,174
3246,174
3247,174
3248,174
3249,174
3250,174
3251,174
3252,174
3253,174
3254,174
3255,174
3256,174
3257,174
3258,174
3259,174
3260,174
3261,174
3262,174
3263,174
3264,174
3265,174
3266,174
3267,174
3268,174
3269,174
3270,174
3271,175
3272,175
3273,175
3274,175
3275,175
3276,175
3277,175
3278,175
3279,175
3280,175
3281,175
3282,175
3283,175
3284,175
3285,176
3286,176
3287,176
3288,175
3289,176
3290,176
3291,176
3292,176
3293,176
3294,176
3295,176
3296,176
3297,176
3298,176
3299,176
3300,176
3301,176
3302,176
3303,176
3304,176
3305,176
3306,176
3307,176
3308,176
3309,176
3310,176
3311,176
3312,176
3313,176
3314,176
3315,176
3316,176
3317,176
3318,176
3319,177
3320,176
3321,176
3322,177
3323,177
3324,176
3325,176
3326,176
3327,176
3328,176
3329,176
3330,176
3331,176
3332,176
3333,176
3334,176
3335,176
3336,176
3337,176
3338,176
3339,176
3340,176
3341,176
3342,176
3343,176
3344,176
3345,176
3346,176
3347,176
3348,176
3349,176
3350,176
3351,176
3352,176
3353,176
3354,176
3355,177
3356,177
3357,177
3358,177
3359,177
3360,177
3361,177
3362,177
3363,177
3364,177
3365,177
3366,177
3367,177
3368,177
3369,177
3370,177
3371,177
3372,177
3373,177
3374,177
3375,177
3376,177
3377,177
3378,177
3379,177
3380,177
3381,177
3382,177
3383,177
3384,177
3385,177
3386,177
3387,177
3388,177
3389,177
3390,178
3391,177
3392,177
3393,178
3394,178
3395,178
3396,178
3397,178
3398,178
3399,178
3400,178
3401,178
3402,177
3403,177
3404,177
3405,178
3406,178
3407,178
3408,178
3409,178
3410,178
3411,178
3412,178
3413,178
3414,178
3415,178
3416,178
3417,178
3418,178
3419,178
3420,178
3421,178
3422,178
3423,178
3424,178
3425,178
3426,178
3427,178
3428,178
3429,178
3430,178
3431,178
3432,178
3433,178
3434,178
3435,178
3436,178
3437,178
3438,178
3439,178
3440,178
3441,178
3442,178
3443,178
3444,178
3445,178
3446,178
3447,178
3448,178
3449,178
3450,178
3451,178
3452,178
3453,178
3454,178
3455,178
3456,178
3457,178
3458,178
3459,178
3460,178
3461,178
3462,178
3463,178
3464,178
3465,178
3466,178
3467,178
3468,178
3469,178
3470,178
3471,178
3472,178
3473,178
3474,178
3475,178
3476,178
3477,177
3478,177
3479,177
3480,177
3481,177
3482,177
3483,177
3484,177
3485,177
3486,178
3487,178
3488,178
3489,178
3490,178
3491,178
3492,178
3493,178
3494,178
3495,178
3496,178
3497,178
3498,178
3499,178
3500,178
3501,178
3502,178
3503,178
3504,178
3505,178
3506,178
3507,178
3508,178
3509,178
3510,178
3511,178
3512,178
3513,178
3514,178
3515,178
3516,178
3517,178
3518,178
3519,178
3520,178
3521,178
3522,178
3523,178
3524,178
3525,178
3526,178
3527,178
3528,178
3529,178
3530,178
3531,178
3532,179
3533,178
3534,178
3535,178
3536,178
3537,179
3538,179
3539,179
3540,179
3541,178
3542,179
3543,179
3544,179
3545,179
3546,179
3547,179
3548,178
3549,179
3550,179
3551,179
3552,179
3553,178
3554,178
3555,178
3556,178
3557,178
3558,178
3559,179
3560,179
3561,179
3562,179
3563,179
3564,179
3565,179
3566,179
3567,179
3568,179
3569,179
3570,179
3571,179
3572,179
3573,179
3574,179
3575,179
3576,179
3577,179
3578,179
3579,179
3580,179
3581,179
3582,179
3583,179
3584,179
3585,179
3586,179
3587,179
3588,179
3589,179
3590,179
3591,179
3592,179
3593,179
3594,179
3595,179
3596,179
3597,179
3598,179
3599,179
3600,179
3601,179
3602,179
3603,179
3604,179
3605,179
3606,179
3607,179
3608,179
3609,179
3610,179
3611,179
3612,179
3613,179
3614,179
3615,179
3616,179
3617,179
3618,179
3619,179
3620,179
3621,179
3622,179
3623,179
3624,179
3625,179
3626,179
3627,179
3628,179
3629,179
3630,179
3631,179
3632,179
3633,179
3634,179
3635,179
3636,179
3637,179
3638,179
3639,179
3640,179
3641,179
3642,179
3643,179
3644,179
3645,179
3646,179
3647,179
3648,179
3649,179
3650,179
3651,179
3652,179
3653,179
3654,179
3655,179
3656,179
3657,179
3658,179
3659,179
3660,179
3661,179
3662,179
3663,179
3664,179
3665,179
3666,179
3667,180
3668,179
3669,180
3670,180
3671,180
3672,180
3673,180
3674,180
3675,180
3676,180
3677,180
3678,180
3679,180
3680,180
3681,180
3682,180
3683,180
3684,179
3685,179
3686,180
3687,179
3688,180
3689,180
3690,179
3691,179
3692,179
3693,179
3694,179
3695,179
3696,179
3697,179
3698,179
3699,179
3700,179
3701,179
3702,179
3703,179
3704,179
3705,179
3706,179
3707,179
3708,179
3709,179
3710,179
3711,179
3712,179
3713,179
3714,179
3715,179
3716,179
3717,179
3718,179
3719,179
3720,179
3721,179
3722,179
3723,179
3724,179
3725,179
3726,179
3727,179
3728,179
3729,179
3730,179
3731,179
3732,179
3733,179
3734,179
3735,179
3736,179
3737,179
3738,179
3739,179
3740,179
3741,179
3742,179
3743,179
3744,179
3745,179
3746,179
3747,179
3748,179
3749,179
3750,179
3751,179
3752,179
3753,179
3754,179
3755,179
3756,179
3757,179
3758,179
3759,179
3760,179
3761,179
3762,179
3763,179
3764,179
3765,179
3766,179
3767,179
3768,179
3769,179
3770,179
3771,180
3772,179
3773,180
3774,180
3775,180
3776,180
3777,180
3778,180
3779,180
3780,180
3781,180
3782,180
3783,180
3784,180
3785,180
3786,180
3787,180
3788,180
3789,180
3790,180
3791,180
3792,180
3793,180
3794,180
3795,180
3796,180
3797,180
3798,180
3799,180
3800,180
3801,180
3802,180
3803,180
3804,180
3805,180
3806,180
3807,180
3808,180
3809,180
3810,180
3811,180
3812,180
3813,180
3814,180
3815,180
3816,180
3817,180
3818,180
3819,180
3820,180
3821,180
3822,180
3823,180
3824,180
3825,180
3826,180
3827,180
3828,180
3829,180
3830,180
3831,180
3832,180
3833,180
3834,180
3835,180
3836,180
3837,180
3838,180
3839,181
3840,181
3841,181
3842,181
3843,181
3844,181
3845,181
3846,181
3847,181
3848,181
3849,181
3850,181
3851,181
3852,181
3853,181
3854,181
3855,181
3856,181
3857,181
3858,181
3859,181
3860,181
3861,181
3862,181
3863,181
3864,181
3865,181
3866,181
3867,181
3868,181
3869,181
3870,181
3871,181
3872,181
3873,181
3874,181
3875,181
3876,181
3877,181
3878,181
3879,181
3880,181
3881,181
3882,181
3883,181
3884,181
3885,181
3886,181
3887,181
3888,181
3889,181
3890,181
3891,181
3892,181
3893,181
3894,181
3895,181
3896,181
3897,181
3898,181
3899,181
3900,181
3901,181
3902,181
3903,181
3904,181
3905,181
3906,181
3907,181
3908,181
3909,181
3910,181
3911,181
3912,181
3913,181
3914,181
3915,181
3916,181
3917,181
3918,181
3919,181
3920,181
3921,181
3922,181
3923,181
3924,181
3925,181
3926,182
3927,182
3928,182
3929,182
3930,181
3931,181
3932,181
3933,182
3934,182
3935,182
3936,181
3937,181
3938,182
3939,182
3940,182
3941,182
3942,182
3943,182
3944,182
3945,182
3946,182
3947,182
3948,182
3949,182
3950,182
3951,182
3952,182
3953,182
3954,182
3955,182
3956,182
3957,182
3958,182
3959,182
3960,182
3961,182
3962,182
3963,182
3964,182
3965,182
3966,182
3967,182
3968,182
3969,182
3970,182
3971,182
3972,182
3973,182
3974,182
3975,182
3976,182
3977,182
3978,182
3979,182
3980,182
3981,182
3982,182
3983,182
3984,182
3985,182
3986,182
3987,182
3988,182
3989,182
3990,182
3991,182
3992,182
3993,182
3994,182
3995,182
3996,182
3997,182
3998,182
3999,182
4000,182
4001,182
4002,182
4003,182
4004,182
4005,182
4006,182
4007,182
4008,182
4009,182
4010,182
4011,182
4012,182
4013,182
4014,182
4015,182
4016,182
4017,182
4018,182
4019,182
4020,182
4021,182
4022,182
4023,182
4024,182
4025,182
4026,182
4027,182
4028,182
4029,182
4030,182
4031,182
4032,182
4033,182
4034,182
4035,182
4036,182
4037,182
4038,182
4039,182
4040,182
4041,181
4042,181
4043,182
4044,182
4045,182
4046,182
4047,182
4048,182
4049,182
4050,182
4051,182
4052,182
4053,181
4054,181
4055,181
4056,181
4057,181
4058,181
4059,182
4060,182
4061,182
4062,182
4063,182
4064,182
4065,182
4066,182
4067,182
4068,182
4069,182
4070,182
4071,182
4072,182
4073,182
4074,182
4075,182
4076,182
4077,182
4078,182
4079,182
4080,182
4081,182
4082,182
4083,182
4084,182
4085,182
4086,182
4087,182
4088,182
4089,182
4090,182
4091,182
4092,182
4093,182
4094,182
4095,182
4096,182
4097,182
4098,182
4099,182
4100,182
4101,182
4102,182
4103,182
4104,182
4105,182
4106,182
4107,182
4108,182
4109,182
4110,182
4111,182
4112,182
4113,182
4114,182
4115,182
4116,182
4117,182
4118,182
4119,182
4120,183
4121,183
4122,182
4123,182
4124,182
4125,182
4126,183
4127,182
4128,183
4129,183
4130,183
4131,182
4132,182
4133,182
4134,183
4135,182
4136,183
4137,183
4138,183
4139,183
4140,183
4141,183
4142,183
4143,183
4144,183
4145,183
4146,183
4147,183
4148,183
4149,183
4150,183
4151,183
4152,183
4153,183
4154,183
4155,183
4156,183
4157,183
4158,183
4159,183
4160,183
4161,183
4162,183
4163,183
4164,183
4165,183
4166,183
4167,183
4168,183
4169,183
4170,183
4171,183
4172,183
4173,183
4174,183
4175,183
4176,183
4177,183
4178,183
4179,183
4180,183
4181,183
4182,183
4183,183
4184,183
4185,183
4186,183
4187,183
4188,183
4189,183
4190,183
4191,183
4192,182
4193,183
4194,183
4195,183
4196,183
4197,183
4198,183
4199,183
4200,183
4201,183
4202,183
4203,182
4204,182
4205,182
4206,183
4207,183
4208,183
4209,183
4210,183
4211,183
4212,183
4213,183
4214,183
4215,183
4216,183
4217,183
4218,183
4219,183
4220,183
4221,183
4222,184
4223,183
4224,184
4225,183
4226,183
4227,183
4228,183
4229,183
4230,183
4231,183
4232,183
4233,183
4234,183
4235,183
4236,183
4237,184
4238,184
4239,184
4240,184
4241,184
4242,184
4243,184
4244,184
4245,184
4246,184
4247,184
4248,184
4249,184
4250,183
4251,183
4252,183
4253,183
4254,184
4255,184
4256,184
4257,184
4258,184
4259,184
4260,184
4261,184
4262,184
4263,184
4264,184
4265,184
4266,184
4267,184
4268,184
4269,184
4270,184
4271,184
4272,184
4273,184
4274,184
4275,184
4276,184
4277,184
4278,184
4279,184
4280,184
4281,184
4282,184
4283,184
4284,184
4285,184
4286,184
4287,184
4288,184
4289,184
4290,184
4291,184
4292,184
4293,184
4294,184
4295,184
4296,184
4297,184
4298,184
4299,184
4300,184
4301,184
4302,184
4303,184
4304,184
4305,184
4306,184
4307,184
4308,184
4309,184
4310,184
4311,184
4312,184
4313,184
4314,184
4315,184
4316,184
4317,184
4318,184
4319,184
4320,184
4321,184
4322,184
4323,184
4324,184
4325,184
4326,184
4327,184
4328,184
4329,184
4330,184
4331,184
4332,184
4333,184
4334,184
4335,185
4336,185
4337,185
4338,185
4339,185
4340,185
4341,185
4342,185
4343,185
4344,185
4345,185
4346,185
4347,185
4348,185
4349,185
4350,185
4351,185
4352,185
4353,185
4354,185
4355,185
4356,185
4357,185
4358,185
4359,185
4360,185
4361,185
4362,185
4363,185
4364,185
4365,185
4366,185
4367,185
4368,185
4369,185
4370,185
4371,185
4372,185
4373,185
4374,185
4375,185
4376,185
4377,185
4378,185
4379,185
4380,185
4381,185
4382,185
4383,185
4384,185
4385,185
4386,185
4387,185
4388,185
4389,185
4390,185
4391,185
4392,185
4393,185
4394,185
4395,185
4396,185
4397,185
4398,186
4399,185
4400,186
4401,186
4402,186
4403,186
4404,186
4405,186
4406,186
4407,186
4408,186
4409,186
4410,186
4411,186
4412,186
4413,186
4414,186
4415,186
4416,186
4417,186
4418,186
4419,186
4420,186
4421,186
4422,186
4423,186
4424,186
4425,186
4426,186
4427,186
4428,186
4429,186
4430,186
4431,186
4432,186
4433,186
4434,186
4435,186
4436,186
4437,186
4438,186
4439,186
4440,186
4441,186
4442,186
4443,186
4444,186
4445,186
4446,186
4447,186
4448,186
4449,186
4450,186
4451,186
4452,186
4453,186
4454,186
4455,186
4456,186
4457,186
4458,186
4459,186
4460,186
4461,186
4462,186
4463,186
4464,186
4465,186
4466,186
4467,186
4468,186
4469,186
4470,186
4471,186
4472,186
4473,186
4474,186
4475,186
4476,186
4477,186
4478,186
4479,186
4480,186
4481,186
4482,186
4483,186
4484,186
4485,186
4486,186
4487,186
4488,186
4489,186
4490,186
4491,186
4492,186
4493,186
4494,186
4495,186
4496,186
4497,186
4498,186
4499,186
4500,186
4501,186
4502,186
4503,186
4504,186
4505,186
4506,186
4507,186
4508,186
4509,186
4510,186
4511,186
4512,186
4513,186
4514,186
4515,186
4516,186
4517,186
4518,186
4519,186
4520,186
4521,186
4522,186
4523,186
4524,186
4525,186
4526,186
4527,186
4528,186
4529,186
4530,186
4531,186
4532,186
4533,186
4534,186
4535,186
4536,186
4537,186
4538,186
4539,186
4540,186
4541,186
4542,186
4543,186
4544,186
4545,186
4546,186
4547,186
4548,186
4549,186
4550,186
4551,186
4552,186
4553,186
4554,186
4555,186
4556,186
4557,186
4558,186
4559,186
4560,186
4561,186
4562,186
4563,186
4564,186
4565,186
4566,186
4567,186
4568,186
4569,186
4570,186
4571,186
4572,186
4573,186
4574,186
4575,186
4576,186
4577,186
4578,186
4579,186
4580,186
4581,186
4582,186
4583,186
4584,186
4585,185
4586,185
4587,185
4588,185
4589,185
4590,185
4591,185
4592,185
4593,185
4594,185
4595,185
4596,185
4597,185
4598,185
4599,185
4600,185
4601,185
4602,185
4603,185
4604,186
4605,186
4606,186
4607,185
4608,185
4609,185
4610,185
4611,185
4612,185
4613,185
4614,185
4615,185
4616,185
4617,185
4618,185
4619,185
4620,185
4621,185
4622,185
4623,185
4624,185
4625,185
4626,185
4627,184
4628,184
4629,185
4630,185
4631,185
4632,185
4633,185
4634,185
4635,185
4636,185
4637,185
4638,185
4639,185
4640,185
4641,185
4642,185
4643,185
4644,185
4645,184
4646,184
4647,184
4648,184
4649,184
4650,184
4651,184
4652,185
4653,185
4654,185
4655,185
4656,185
4657,185
4658,185
4659,185
4660,185
4661,185
4662,185
4663,185
4664,185
4665,185
4666,185
4667,185
4668,185
4669,185
4670,185
4671,185
4672,185
4673,185
4674,185
4675,185
4676,185
4677,185
4678,185
4679,185
4680,185
4681,185
4682,185
4683,185
4684,185
4685,185
4686,185
4687,185
4688,185
4689,185
4690,185
4691,185
4692,185
4693,185
4694,185
4695,185
4696,185
4697,185
4698,185
4699,185
4700,185
4701,185
4702,185
4703,185
4704,185
4705,185
4706,185
4707,185
4708,185
4709,185
4710,185
4711,185
4712,185
4713,185
4714,185
4715,185
4716,185
4717,186
4718,185
4719,186
4720,186
4721,186
4722,186
4723,186
4724,186
4725,186
4726,186
4727,186
4728,186
4729,186
4730,186
4731,186
4732,186
4733,186
4734,186
4735,186
4736,186
4737,186
4738,186
4739,186
4740,186
4741,186
4742,186
4743,186
4744,186
4745,186
4746,186
4747,186
4748,186
4749,186
4750,186
4751,186
4752,186
4753,186
4754,186
4755,186
4756,186
4757,186
4758,186
4759,186
4760,186
4761,186
4762,186
4763,186
4764,186
4765,186
4766,186
4767,186
4768,186
4769,186
4770,186
4771,186
4772,186
4773,186
4774,186
4775,186
4776,186
4777,186
4778,186
4779,186
4780,186
4781,186
4782,186
4783,186
4784,186
4785,186
4786,186
4787,186
4788,186
4789,186
4790,186
4791,186
4792,186
4793,186
4794,186
4795,186
4796,186
4797,186
4798,186
4799,186
4800,186
4801,186
4802,186
4803,186
4804,186
4805,186
4806,186
4807,186
4808,186
4809,186
4810,186
4811,186
4812,186
4813,186
4814,186
4815,186
4816,186
4817,186
4818,186
4819,187
4820,186
4821,187
4822,187
4823,187
4824,186
4825,186
4826,186
4827,186
4828,186
4829,186
4830,186
4831,186
4832,186
4833,186
4834,186
4835,186
4836,186
4837,186
4838,186
4839,186
4840,186
4841,186
4842,186
4843,186
4844,186
4845,186
4846,186
4847,186
4848,186
4849,186
4850,186
4851,186
4852,186
4853,186
4854,186
4855,186
4856,186
4857,186
4858,186
4859,186
4860,186
4861,186
4862,186
4863,186
4864,186
4865,186
4866,186
4867,186
4868,186
4869,186
4870,186
4871,186
4872,186
4873,187
4874,187
4875,187
4876,187
4877,187
4878,187
4879,187
4880,186
4881,186
4882,187
4883,187
4884,187
4885,186
4886,186
4887,186
4888,186
4889,186
4890,186
4891,187
4892,186
4893,186
4894,186
4895,186
4896,186
4897,186
4898,187
4899,187
4900,187
4901,187
4902,187
4903,187
4904,187
4905,187
4906,187
4907,187
4908,187
4909,187
4910,187
4911,187
4912,187
4913,187
4914,187
4915,187
4916,187
4917,187
4918,187
4919,187
4920,187
4921,187
4922,187
4923,187
4924,187
4925,187
4926,187
4927,187
4928,187
4929,187
4930,187
4931,187
4932,187
4933,187
4934,187
4935,187
4936,187
4937,187
4938,187
4939,187
4940,187
4941,187
4942,187
4943,187
4944,187
4945,187
4946,187
4947,187
4948,187
4949,187
4950,187
4951,187
4952,187
4953,187
4954,187
4955,187
4956,187
4957,187
4958,187
4959,187
4960,187
4961,187
4962,187
4963,187
4964,187
4965,187
4966,187
4967,187
4968,187
4969,187
4970,187
4971,187
4972,187
4973,187
4974,187
4975,187
4976,187
4977,187
4978,187
4979,187
4980,187
4981,187
4982,187
4983,187
4984,187
4985,186
4986,186
4987,187
4988,187
4989,187
4990,187
4991,187
4992,187
4993,187
4994,187
4995,187
4996,187
4997,187
4998,187
4999,187
5000,186
5001,187
5002,186
5003,186
5004,186
5005,186
5006,186
5007,187
5008,187
5009,186
5010,186
5011,186
5012,186
5013,186
5014,187
5015,187
5016,187
5017,187
5018,187
5019,187
5020,187
5021,187
5022,187
5023,187
5024,187
5025,187
5026,187
5027,187
5028,187
5029,187
5030,187
5031,187
5032,187
5033,187
5034,187
5035,187
5036,187
5037,187
5038,187
5039,187
5040,187
5041,186
5042,186
5043,186
5044,186
5045,186
5046,186
5047,186
5048,187
5049,187
5050,187
5051,187
5052,187
5053,187
5054,187
5055,187
5056,187
5057,187
5058,187
5059,187
5060,187
5061,187
5062,187
5063,187
5064,187
5065,187
5066,187
5067,187
5068,187
5069,187
5070,187
5071,187
5072,187
5073,187
5074,187
5075,187
5076,187
5077,187
5078,187
5079,187
5080,187
5081,187
5082,187
5083,187
5084,187
5085,187
5086,187
5087,187
5088,187
5089,187
5090,186
5091,187
5092,187
5093,187
5094,187
5095,187
5096,187
5097,187
5098,187
5099,187
5100,187
5101,187
5102,187
5103,187
5104,187
5105,187
5106,187
5107,187
5108,187
5109,187
5110,187
5111,187
5112,187
5113,187
5114,187
5115,187
5116,187
5117,187
5118,187
5119,187
5120,187
5121,187
5122,187
5123,187
5124,187
5125,187
5126,187
5127,187
5128,187
5129,187
5130,187
5131,187
5132,187
5133,187
5134,187
5135,188
5136,188
5137,188
5138,187
5139,188
5140,188
5141,188
5142,188
5143,188
5144,188
5145,188
5146,188
5147,188
5148,188
5149,188
5150,188
5151,188
5152,188
5153,188
5154,188
5155,188
5156,188
5157,188
5158,188
5159,188
5160,188
5161,188
5162,188
5163,188
5164,188
5165,188
5166,188
5167,188
5168,188
5169,188
5170,188
5171,188
5172,188
5173,188
5174,188
5175,188
5176,188
5177,188
5178,188
5179,188
5180,188
5181,188
5182,188
5183,188
5184,188
5185,188
5186,188
5187,188
5188,188
5189,188
5190,188
5191,188
5192,188
5193,188
5194,188
5195,188
5196,188
5197,188
5198,188
5199,188
5200,188
5201,188
5202,188
5203,188
5204,188
5205,188
5206,188
5207,188
5208,188
5209,188
5210,188
5211,188
5212,188
5213,188
5214,188
5215,188
5216,188
5217,188
5218,188
5219,188
5220,188
5221,188
5222,188
5223,188
5224,188
5225,188
5226,188
5227,188
5228,188
5229,188
5230,188
5231,188
5232,188
5233,188
5234,188
5235,188
5236,188
5237,188
5238,188
5239,188
5240,188
5241,188
5242,188
5243,188
5244,188
5245,188
5246,188
5247,188
5248,188
5249,187
5250,187
5251,187
5252,187
5253,187
5254,187
5255,187
5256,187
5257,187
5258,187
5259,187
5260,187
5261,187
5262,187
5263,187
5264,187
5265,187
5266,187
5267,187
5268,187
5269,187
5270,187
5271,187
5272,187
5273,187
5274,187
5275,187
5276,187
5277,187
5278,187
5279,187
5280,187
5281,187
5282,187
5283,186
5284,186
5285,186
5286,187
5287,187
5288,187
5289,186
5290,186
5291,186
5292,186
5293,186
5294,186
5295,186
5296,186
5297,186
5298,186
5299,186
5300,187
5301,187
5302,187
5303,187
5304,187
5305,187
5306,187
5307,187
5308,187
5309,187
5310,187
5311,187
5312,187
5313,187
5314,187
5315,187
5316,187
5317,187
5318,187
5319,187
5320,187
5321,187
5322,187
5323,187
5324,187
5325,187
5326,187
5327,187
5328,187
5329,187
5330,187
5331,187
5332,187
5333,187
5334,187
5335,187
5336,187
5337,187
5338,187
5339,187
5340,187
5341,187
5342,187
5343,187
5344,187
5345,188
5346,188
5347,187
5348,187
5349,188
5350,187
5351,188
5352,188
5353,188
5354,188
5355,188
5356,188
5357,188
5358,188
5359,188
5360,188
5361,188
5362,188
5363,188
5364,188
5365,188
5366,188
5367,188
5368,188
5369,188
5370,188
5371,188
5372,188
5373,188
5374,188
5375,188
5376,188
5377,188
5378,188
5379,188
5380,188
5381,188
5382,188
5383,188
5384,188
5385,188
5386,188
5387,188
5388,188
5389,188
5390,188
5391,188
5392,188
5393,188
5394,188
5395,188
5396,188
5397,188
5398,188
5399,188
5400,188
5401,188
5402,188
5403,188
5404,188
5405,188
5406,188
5407,188
5408,188
5409,188
5410,188
5411,188
5412,188
5413,188
5414,188
5415,188
5416,188
5417,188
5418,188
5419,188
5420,188
5421,188
5422,188
5423,188
5424,188
5425,188
5426,188
5427,188
5428,188
5429,188
5430,188
5431,188
5432,188
5433,188
5434,188
5435,188
5436,188
5437,188
5438,188
5439,188
5440,188
5441,188
5442,188
5443,189
5444,189
5445,188
5446,189
5447,189
5448,189
5449,189
5450,189
5451,189
5452,188
5453,188
5454,188
5455,188
5456,188
5457,188
5458,189
5459,189
5460,189
5461,189
5462,189
5463,189
5464,189
5465,189
5466,189
5467,189
5468,189
5469,189
5470,189
5471,189
5472,189
5473,189
5474,189
5475,189
5476,189
5477,189
5478,189
5479,189
5480,189
5481,189
5482,188
5483,188
5484,188
5485,188
5486,189
5487,189
5488,188
5489,188
5490,188
5491,189
5492,189
5493,189
5494,189
5495,189
5496,189
5497,189
5498,189
5499,189
5500,189
5501,189
5502,189
5503,189
5504,189
5505,189
5506,189
5507,189
5508,189
5509,189
5510,189
5511,189
5512,189
5513,189
5514,189
5515,189
5516,189
5517,189
5518,189
5519,189
5520,189
5521,189
5522,189
5523,189
5524,189
5525,189
5526,189
5527,189
5528,189
5529,189
5530,189
5531,189
5532,189
5533,189
5534,189
5535,189
5536,189
5537,189
5538,189
5539,189
5540,189
5541,189
5542,189
5543,189
5544,189
5545,189
5546,189
5547,189
5548,189
5549,189
5550,189
5551,189
5552,189
5553,189
5554,189
5555,189
5556,189
5557,189
5558,189
5559,189
5560,190
5561,190
5562,190
5563,190
5564,190
5565,190
5566,190
5567,190
5568,190
5569,190
5570,190
5571,190
5572,190
5573,190
5574,190
5575,190
5576,190
5577,190
5578,190
5579,190
5580,190
5581,190
5582,190
5583,190
5584,190
5585,190
5586,190
5587,190
5588,190
5589,190
5590,190
5591,190
5592,190
5593,190
5594,190
5595,190
5596,190
5597,190
5598,190
5599,190
5600,190
5601,190
5602,190
5603,190
5604,190
5605,190
5606,190
5607,190
5608,190
5609,190
5610,190
5611,190
5612,190
5613,190
5614,190
5615,190
5616,190
5617,190
5618,190
5619,190
5620,190
5621,190
5622,190
5623,190
5624,190
5625,190
5626,190
5627,190
5628,190
5629,190
5630,190
5631,190
5632,190
5633,190
5634,190
5635,190
5636,190
5637,190
5638,190
5639,190
5640,190
5641,190
5642,190
5643,190
5644,190
5645,190
5646,190
5647,190
5648,190
5649,190
5650,190
5651,190
5652,190
5653,190
5654,190
5655,190
5656,190
5657,190
5658,190
5659,190
5660,190
5661,190
5662,190
5663,190
5664,190
5665,190
5666,190
5667,190
5668,190
5669,190
5670,190
5671,190
5672,190
5673,190
5674,190
5675,190
5676,190
5677,190
5678,190
5679,190
5680,190
5681,190
5682,190
5683,190
5684,190
5685,190
5686,190
5687,190
5688,190
5689,190
5690,190
5691,190
5692,190
5693,190
5694,190
5695,190
5696,190
5697,190
5698,190
5699,190
5700,190
5701,191
5702,191
5703,191
5704,190
5705,190
5706,190
5707,191
5708,191
5709,191
5710,191
5711,191
5712,191
5713,191
5714,191
5715,191
5716,191
5717,191
5718,191
5719,191
5720,191
5721,191
5722,191
5723,191
5724,191
5725,191
5726,190
5727,190
5728,191
5729,190
5730,191
5731,191
5732,190
5733,191
5734,191
5735,191
5736,191
5737,191
5738,191
5739,190
5740,191
5741,190
5742,190
5743,190
5744,190
5745,190
5746,190
5747,190
5748,190
5749,190
5750,191
5751,191
5752,191
5753,191
5754,191
5755,190
5756,190
5757,191
5758,190
5759,190
5760,190
5761,190
5762,190
5763,190
5764,190
5765,191
5766,191
5767,191
5768,191
5769,191
5770,191
5771,191
5772,191
5773,191
5774,191
5775,191
5776,191
5777,191
5778,191
5779,191
5780,191
5781,191
5782,191
5783,191
5784,192
5785,192
5786,192
5787,192
5788,192
5789,192
5790,192
5791,192
5792,192
5793,192
5794,191
5795,191
5796,192
5797,192
5798,192
5799,192
5800,192
5801,192
5802,192
5803,192
5804,192
5805,192
5806,192
5807,192
5808,192
5809,192
5810,192
5811,192
5812,192
5813,192
5814,192
5815,192
5816,192
5817,192
5818,192
5819,192
5820,192
5821,192
5822,192
5823,192
5824,192
5825,192
5826,192
5827,192
5828,192
5829,192
5830,192
5831,192
5832,192
5833,192
5834,192
5835,192
5836,192
5837,192
5838,192
5839,192
5840,192
5841,192
5842,192
5843,192
5844,192
5845,192
5846,192
5847,192
5848,192
5849,192
5850,192
5851,192
5852,192
5853,192
5854,192
5855,192
5856,192
5857,192
5858,192
5859,192
5860,192
5861,192
5862,192
5863,192
5864,192
5865,192
5866,192
5867,192
5868,192
5869,192
5870,192
5871,192
5872,192
5873,192
5874,192
5875,192
5876,192
5877,192
5878,192
5879,192
5880,192
5881,192
5882,192
5883,192
5884,192
5885,192
5886,192
5887,192
5888,192
5889,192
5890,192
5891,192
5892,192
5893,192
5894,192
5895,192
5896,192
5897,192
5898,192
5899,192
5900,192
5901,192
5902,192
5903,192
5904,192
5905,192
5906,192
5907,192
5908,192
5909,192
5910,192
5911,192
5912,192
5913,192
5914,192
5915,192
5916,192
5917,192
5918,192
5919,192
5920,192
5921,192
5922,192
5923,193
5924,192
5925,192
5926,193
5927,192
5928,192
5929,192
5930,192
5931,192
5932,192
5933,192
5934,192
5935,192
5936,192
5937,192
5938,192
5939,192
5940,192
5941,192
5942,192
5943,192
5944,192
5945,192
5946,192
5947,192
5948,192
5949,192
5950,192
5951,192
5952,193
5953,193
5954,192
5955,192
5956,193
5957,193
5958,193
5959,193
5960,193
5961,193
5962,193
5963,193
5964,193
5965,193
5966,193
5967,193
5968,193
5969,193
5970,193
5971,193
5972,193
5973,192
5974,193
5975,192
5976,193
5977,193
5978,192
5979,192
5980,192
5981,192
5982,192
5983,192
5984,192
5985,192
5986,192
5987,192
5988,192
5989,192
5990,192
5991,192
5992,192
5993,192
5994,192
5995,192
5996,192
5997,192
5998,192
5999,192
6000,192
6001,192
6002,192
6003,192
6004,192
6005,192
6006,192
6007,192
6008,192
6009,192
6010,192
6011,192
6012,192
6013,192
6014,192
6015,192
6016,192
6017,192
6018,192
6019,192
6020,192
6021,192
6022,192
6023,192
6024,192
6025,192
6026,192
6027,192
6028,192
6029,192
6030,192
6031,192
6032,192
6033,192
6034,192
6035,192
6036,192
6037,192
6038,192
6039,192
6040,192
6041,192
6042,192
6043,192
6044,192
6045,192
6046,192
6047,192
6048,192
6049,192
6050,192
6051,192
6052,193
6053,193
6054,193
6055,193
6056,193
6057,193
6058,193
6059,193
6060,193
6061,193
6062,193
6063,193
6064,193
6065,193
6066,193
6067,193
6068,193
6069,193
6070,193
6071,193
6072,193
6073,193
6074,193
6075,193
6076,193
6077,193
6078,193
6079,193
6080,193
6081,193
6082,193
6083,193
6084,193
6085,194
6086,193
6087,194
6088,194
6089,194
6090,194
6091,194
6092,194
6093,194
6094,194
6095,194
6096,194
6097,194
6098,194
6099,194
6100,194
6101,194
6102,194
6103,194
6104,194
6105,194
6106,194
6107,194
6108,194
6109,194
6110,194
6111,194
6112,194
6113,194
6114,194
6115,194
6116,194
6117,194
6118,194
6119,194
6120,194
6121,194
6122,194
6123,194
6124,194
6125,194
6126,194
6127,194
6128,194
6129,194
6130,194
6131,194
6132,194
6133,194
6134,195
6135,195
6136,195
6137,195
6138,195
6139,195
6140,195
6141,195
6142,195
6143,195
6144,195
6145,195
6146,195
6147,194
6148,195
6149,195
6150,195
6151,195
6152,195
6153,195
6154,195
6155,195
6156,195
6157,195
6158,195
6159,195
6160,195
6161,196
6162,196
6163,196
6164,196
6165,196
6166,196
6167,196
6168,196
6169,196
6170,196
6171,196
6172,196
6173,196
6174,196
6175,196
6176,196
6177,196
6178,196
6179,196
6180,196
6181,195
6182,195
6183,195
6184,195
6185,196
6186,196
6187,196
6188,196
6189,196
6190,196
6191,196
6192,195
6193,195
6194,196
6195,196
6196,195
6197,195
6198,195
6199,195
6200,195
6201,195
6202,196
6203,195
6204,195
6205,195
6206,195
6207,196
6208,196
6209,196
6210,195
6211,196
6212,195
6213,195
6214,195
6215,196
6216,196
6217,196
6218,196
6219,196
6220,196
6221,196
6222,196
6223,196
6224,196
6225,196
6226,196
6227,196
6228,196
6229,196
6230,196
6231,196
6232,196
6233,196
6234,196
6235,196
6236,196
6237,196
6238,196
6239,196
6240,196
6241,196
6242,196
6243,196
6244,196
6245,196
6246,196
6247,196
6248,196
6249,196
6250,196
6251,196
6252,196
6253,196
6254,196
6255,196
6256,196
6257,196
6258,196
6259,196
6260,196
6261,196
6262,196
6263,196
6264,196
6265,196
6266,196
6267,196
6268,196
6269,196
6270,196
6271,196
6272,196
6273,196
6274,196
6275,196
6276,196
6277,196
6278,196
6279,196
6280,196
6281,196
6282,196
6283,196
6284,196
6285,196
6286,196
6287,196
6288,196
6289,196
6290,196
6291,196
6292,196
6293,196
6294,196
6295,196
6296,196
6297,196
6298,196
6299,196
6300,196
6301,196
6302,196
6303,196
6304,196
6305,196
6306,196
6307,196
6308,196
6309,196
6310,196
6311,196
6312,196
6313,196
6314,196
6315,196
6316,196
6317,196
6318,197
6319,197
6320,197
6321,197
6322,197
6323,197
6324,197
6325,197
6326,197
6327,197
6328,197
6329,197
6330,197
6331,197
6332,197
6333,197
6334,198
6335,198
6336,198
6337,198
6338,198
6339,198
6340,198
6341,198
6342,198
6343,198
6344,198
6345,198
6346,198
6347,198
6348,198
6349,198
6350,198
6351,198
6352,198
6353,198
6354,198
6355,198
6356,198
6357,198
6358,198
6359,198
6360,198
6361,198
6362,198
6363,198
6364,198
6365,198
6366,198
6367,198
6368,198
6369,198
6370,198
6371,198
6372,198
6373,198
6374,198
6375,198
6376,198
6377,198
6378,198
6379,198
6380,198
6381,198
6382,198
6383,198
6384,198
6385,198
6386,198
6387,198
6388,198
6389,198
6390,198
6391,198
6392,198
6393,198
6394,198
6395,198
6396,198
6397,198
6398,198
6399,198
6400,198
6401,198
6402,198
6403,198
6404,198
6405,198
6406,198
6407,198
6408,198
6409,198
6410,198
6411,198
6412,198
6413,198
6414,198
6415,198
6416,198
6417,198
6418,198
6419,198
6420,198
6421,198
6422,198
6423,198
6424,198
6425,198
6426,198
6427,198
6428,198
6429,198
6430,198
6431,198
6432,198
6433,198
6434,198
6435,198
6436,198
6437,198
6438,199
6439,199
6440,199
6441,199
6442,199
6443,199
6444,199
6445,199
6446,199
6447,199
6448,199
6449,199
6450,199
6451,199
6452,199
6453,199
6454,199
6455,199
6456,199
6457,199
6458,199
6459,199
6460,199
6461,199
6462,199
6463,199
6464,199
6465,199
6466,199
6467,199
6468,199
6469,199
6470,199
6471,199
6472,199
6473,199
6474,199
6475,199
6476,199
6477,199
6478,199
6479,199
6480,199
6481,199
6482,199
6483,199
6484,199
6485,199
6486,199
6487,199
6488,199
6489,199
6490,199
6491,199
6492,199
6493,199
6494,199
6495,199
6496,199
6497,199
6498,199
6499,199
6500,199
6501,199
6502,199
6503,199
6504,199
6505,199
6506,199
6507,199
6508,199
6509,199
6510,199
6511,200
6512,200
6513,200
6514,200
6515,200
6516,200
6517,200
6518,200
6519,200
6520,200
6521,200
6522,200
6523,200
6524,200
6525,200
6526,200
6527,200
6528,200
6529,200
6530,200
6531,200
6532,200
6533,199
6534,200
6535,199
6536,200
6537,200
6538,200
6539,200
6540,200
6541,200
6542,200
6543,200
6544,200
6545,200
6546,200
6547,200
6548,200
6549,200
6550,200
6551,200
6552,200
6553,200
6554,200
6555,200
6556,200
6557,200
6558,200
6559,200
6560,200
6561,200
6562,200
6563,200
6564,200
6565,200
6566,200
6567,200
6568,200
6569,200
6570,200
6571,200
6572,200
6573,200
6574,200
6575,200
6576,200
6577,200
6578,200
6579,200
6580,200
6581,200
6582,200
6583,200
6584,200
6585,200
6586,200
6587,200
6588,200
6589,200
6590,200
6591,200
6592,200
6593,200
6594,200
6595,200
6596,200
6597,200
6598,200
6599,200
6600,200
6601,200
6602,200
6603,200
6604,200
6605,200
6606,200
6607,200
6608,200
6609,200
6610,200
6611,200
6612,200
6613,200
6614,200
6615,200
6616,200
6617,200
6618,200
6619,200
6620,200
6621,200
6622,200
6623,200
6624,200
6625,200
6626,200
6627,200
6628,200
6629,200
6630,200
6631,200
6632,200
6633,200
6634,200
6635,200
6636,200
6637,200
6638,200
6639,200
6640,200
6641,200
6642,200
6643,200
6644,200
6645,200
6646,200
6647,200
6648,200
6649,200
6650,200
6651,200
6652,200
6653,200
6654,201
6655,200
6656,200
6657,201
6658,201
6659,201
6660,200
6661,200
6662,200
6663,200
6664,200
6665,200
6666,200
6667,200
6668,201
6669,200
6670,201
6671,200
6672,200
6673,201
6674,200
6675,200
6676,201
6677,201
6678,201
6679,201
6680,201
6681,201
6682,201
6683,201
6684,201
6685,201
6686,201
6687,201
6688,201
6689,201
6690,201
6691,201
6692,201
6693,201
6694,201
6695,201
6696,201
6697,201
6698,201
6699,201
6700,201
6701,201
6702,201
6703,201
6704,201
6705,201
6706,201
6707,201
6708,201
6709,201
6710,201
6711,201
6712,201
6713,201
6714,201
6715,201
6716,201
6717,201
6718,201
6719,201
6720,201
6721,201
6722,200
6723,200
6724,201
6725,200
6726,201
6727,201
6728,201
6729,201
6730,201
6731,201
6732,201
6733,201
6734,201
6735,201
6736,201
6737,201
6738,201
6739,201
6740,201
6741,201
6742,201
6743,201
6744,201
6745,201
6746,201
6747,201
6748,201
6749,201
6750,201
6751,201
6752,201
6753,201
6754,201
6755,201
6756,201
6757,201
6758,201
6759,201
6760,201
6761,201
6762,201
6763,201
6764,201
6765,201
6766,201
6767,201
6768,201
6769,201
6770,201
6771,201
6772,201
6773,201
6774,201
6775,201
6776,201
6777,201
6778,201
6779,201
6780,201
6781,201
6782,201
6783,201
6784,201
6785,201
6786,201
6787,201
6788,201
6789,201
6790,201
6791,201
6792,201
6793,201
6794,201
6795,201
6796,201
6797,201
6798,201
6799,201
6800,201
6801,201
6802,201
6803,201
6804,201
6805,201
6806,201
6807,201
6808,201
6809,201
6810,201
6811,201
6812,201
6813,201
6814,201
6815,201
6816,201
6817,201
6818,201
6819,201
6820,201
6821,201
6822,201
6823,201
6824,201
6825,202
6826,202
6827,202
6828,202
6829,202
6830,202
6831,202
6832,202
6833,202
6834,202
6835,202
6836,202
6837,202
6838,202
6839,202
6840,202
6841,202
6842,202
6843,202
6844,202
6845,202
6846,202
6847,202
6848,202
6849,202
6850,202
6851,202
6852,202
6853,202
6854,202
6855,202
6856,202
6857,202
6858,202
6859,202
6860,202
6861,202
6862,202
6863,202
6864,202
6865,202
6866,202
6867,202
6868,202
6869,202
6870,202
6871,202
6872,202
6873,202
6874,202
6875,202
6876,202
6877,202
6878,202
6879,202
6880,202
6881,202
6882,202
6883,202
6884,202
6885,202
6886,202
6887,202
6888,202
6889,202
6890,202
6891,202
6892,202
6893,202
6894,202
6895,202
6896,202
6897,202
6898,202
6899,202
6900,202
6901,203
6902,202
6903,203
6904,203
6905,202
6906,203
6907,203
6908,203
6909,203
6910,203
6911,202
6912,202
6913,202
6914,203
6915,203
6916,202
6917,202
6918,202
6919,202
6920,202
6921,202
6922,202
6923,202
6924,202
6925,202
6926,202
6927,202
6928,202
6929,202
6930,202
6931,202
6932,203
6933,203
6934,203
6935,203
6936,203
6937,203
6938,203
6939,202
6940,202
6941,202
6942,202
6943,203
6944,202
6945,202
6946,202
6947,202
6948,202
6949,202
6950,202
6951,202
6952,202
6953,202
6954,202
6955,202
6956,202
6957,202
6958,202
6959,202
6960,202
6961,202
6962,202
6963,202
6964,202
6965,202
6966,202
6967,202
6968,202
6969,202
6970,202
6971,202
6972,202
6973,202
6974,202
6975,202
6976,202
6977,202
6978,202
6979,202
6980,203
6981,202
6982,202
6983,202
6984,202
6985,202
6986,203
6987,203
6988,203
6989,202
6990,202
6991,202
6992,202
6993,202
6994,202
6995,202
6996,202
6997,203
6998,203
6999,203
7000,203
7001,203
7002,203
7003,203
7004,203
7005,203
7006,203
7007,203
7008,203
7009,203
7010,203
7011,203
7012,203
7013,203
7014,203
7015,203
7016,203
7017,203
7018,203
7019,203
7020,203
7021,203
7022,203
7023,203
7024,203
7025,203
7026,203
7027,203
7028,203
7029,203
7030,203
7031,203
7032,203
7033,203
7034,203
7035,203
7036,203
7037,203
7038,203
7039,203
7040,203
7041,203
7042,203
7043,203
7044,203
7045,203
7046,203
7047,203
7048,203
7049,203
7050,203
7051,203
7052,203
7053,203
7054,203
7055,203
7056,203
7057,203
7058,203
7059,203
7060,203
7061,203
7062,203
7063,203
7064,203
7065,204
7066,204
7067,204
7068,204
7069,204
7070,204
7071,204
7072,204
7073,204
7074,204
7075,204
7076,204
7077,204
7078,204
7079,204
7080,204
7081,204
7082,204
7083,204
7084,204
7085,204
7086,204
7087,204
7088,204
7089,204
7090,204
7091,204
7092,204
7093,204
7094,204
7095,204
7096,204
7097,204
7098,204
7099,204
7100,204
7101,204
7102,204
7103,204
7104,204
7105,204
7106,204
7107,204
7108,204
7109,204
7110,204
7111,204
7112,204
7113,204
7114,204
7115,204
7116,204
7117,204
7118,204
7119,204
7120,204
7121,204
7122,204
7123,204
7124,204
7125,203
7126,204
7127,203
7128,204
7129,204
7130,204
7131,204
7132,204
7133,203
7134,204
7135,204
7136,204
7137,204
7138,204
7139,204
7140,204
7141,204
7142,204
7143,204
7144,204
7145,204
7146,204
7147,204
7148,205
7149,205
7150,205
7151,205
7152,205
7153,205
7154,205
7155,205
7156,205
7157,205
7158,205
7159,205
7160,205
7161,205
7162,205
7163,205
7164,205
7165,205
7166,205
7167,205
7168,205
7169,205
7170,205
7171,205
7172,205
7173,205
7174,205
7175,205
7176,205
7177,205
7178,205
7179,205
7180,205
7181,205
7182,205
7183,205
7184,205
7185,205
7186,205
7187,205
7188,205
7189,205
7190,205
7191,205
7192,206
7193,205
7194,205
7195,205
7196,205
7197,206
7198,205
7199,206
7200,206
7201,206
7202,205
7203,205
7204,206
7205,205
7206,206
7207,206
7208,206
7209,206
7210,206
7211,206
7212,205
7213,205
7214,205
7215,205
7216,205
7217,205
7218,206
7219,206
7220,206
7221,206
7222,206
7223,206
7224,206
7225,205
7226,205
7227,205
7228,205
7229,205
7230,205
7231,205
7232,205
7233,205
7234,205
7235,205
7236,205
7237,205
7238,205
7239,205
7240,205
7241,205
7242,205
7243,205
7244,205
7245,205
7246,205
7247,205
7248,205
7249,205
7250,205
7251,205
7252,205
7253,205
7254,205
7255,205
7256,205
7257,205
7258,205
7259,205
7260,205
7261,205
7262,205
7263,205
7264,205
7265,205
7266,205
7267,205
7268,205
7269,205
7270,205
7271,205
7272,205
7273,205
7274,205
7275,205
7276,205
7277,205
7278,205
7279,205
7280,205
7281,205
7282,205
7283,205
7284,205
7285,205
7286,205
7287,205
7288,205
7289,205
7290,205
7291,205
7292,205
7293,205
7294,205
7295,205
7296,205
7297,205
7298,205
7299,205
7300,205
7301,205
7302,205
7303,205
7304,205
7305,205
7306,205
7307,205
7308,205
7309,205
7310,205
7311,205
7312,205
7313,205
7314,205
7315,205
7316,205
7317,205
7318,205
7319,205
7320,205
7321,205
7322,205
7323,205
7324,205
7325,205
7326,205
7327,206
7328,206
7329,206
7330,206
7331,206
7332,206
7333,206
7334,206
7335,206
7336,206
7337,206
7338,206
7339,206
7340,206
7341,206
7342,206
7343,206
7344,206
7345,206
7346,206
7347,206
7348,206
7349,206
7350,206
7351,206
7352,207
7353,206
7354,206
7355,207
7356,206
7357,206
7358,206
7359,206
7360,206
7361,207
7362,206
7363,206
7364,206
7365,206
7366,207
7367,206
7368,206
7369,206
7370,206
7371,206
7372,206
7373,206
7374,206
7375,206
7376,206
7377,206
7378,206
7379,206
7380,206
7381,206
7382,206
7383,206
7384,206
7385,206
7386,206
7387,206
7388,206
7389,206
7390,206
7391,206
7392,206
7393,206
7394,206
7395,206
7396,207
7397,207
7398,207
7399,207
7400,207
7401,207
7402,207
7403,207
7404,207
7405,207
7406,207
7407,207
7408,207
7409,207
7410,207
7411,207
7412,207
7413,207
7414,207
7415,207
7416,207
7417,207
7418,207
7419,207
7420,207
7421,207
7422,207
7423,207
7424,207
7425,207
7426,207
7427,207
7428,207
7429,207
7430,207
7431,207
7432,207
7433,207
7434,207
7435,207
7436,207
7437,207
7438,207
7439,207
7440,207
7441,207
7442,207
7443,207
7444,207
7445,207
7446,207
7447,207
7448,207
7449,207
7450,207
7451,207
7452,207
7453,207
7454,207
7455,207
7456,207
7457,207
7458,207
7459,207
7460,207
7461,207
7462,207
7463,207
7464,207
7465,207
7466,207
7467,207
7468,207
7469,207
7470,207
7471,207
7472,207
7473,207
7474,207
7475,207
7476,207
7477,207
7478,207
7479,207
7480,207
7481,207
7482,207
7483,208
7484,207
7485,207
7486,207
7487,207
7488,207
7489,207
7490,207
7491,208
7492,208
7493,207
7494,208
7495,208
7496,208
7497,208
7498,208
7499,208
7500,208
7501,208
7502,208
7503,208
7504,208
7505,208
7506,208
7507,208
7508,208
7509,208
7510,208
7511,208
7512,208
7513,207
7514,207
7515,207
7516,207
7517,207
7518,207
7519,207
7520,207
7521,207
7522,207
7523,207
7524,207
7525,207
7526,207
7527,207
7528,207
7529,207
7530,207
7531,207
7532,207
7533,207
7534,207
7535,207
7536,207
7537,207
7538,207
7539,207
7540,207
7541,207
7542,207
7543,207
7544,207
7545,207
7546,207
7547,207
7548,207
7549,207
7550,207
7551,207
7552,207
7553,207
7554,207
7555,207
7556,207
7557,207
7558,207
7559,207
7560,207
7561,207
7562,207
7563,207
7564,207
7565,207
7566,207
7567,207
7568,207
7569,207
7570,207
7571,207
7572,207
7573,207
7574,207
7575,207
7576,207
7577,208
7578,207
7579,207
7580,207
7581,207
7582,207
7583,207
7584,208
7585,208
7586,208
7587,208
7588,208
7589,208
7590,208
7591,208
7592,208
7593,208
7594,208
7595,208
7596,208
7597,208
7598,208
7599,208
7600,208
7601,208
7602,208
7603,208
7604,208
7605,208
7606,208
7607,208
7608,208
7609,208
7610,208
7611,208
7612,208
7613,208
7614,208
7615,208
7616,208
7617,208
7618,208
7619,208
7620,208
7621,207
7622,208
7623,208
7624,208
7625,208
7626,208
7627,208
7628,208
7629,208
7630,208
7631,208
7632,208
7633,208
7634,208
7635,208
7636,208
7637,208
7638,208
7639,208
7640,208
7641,208
7642,208
7643,208
7644,208
7645,208
7646,208
7647,208
7648,208
7649,208
7650,208
7651,208
7652,208
7653,208
7654,208
7655,208
7656,208
7657,209
7658,208
7659,208
7660,208
7661,208
7662,208
7663,208
7664,209
7665,209
7666,209
7667,209
7668,209
7669,209
7670,209
7671,209
7672,209
7673,209
7674,209
7675,209
7676,209
7677,209
7678,209
7679,209
7680,209
7681,209
7682,209
7683,209
7684,209
7685,209
7686,209
7687,209
7688,209
7689,209
7690,209
7691,209
7692,209
7693,209
7694,209
7695,209
7696,209
7697,209
7698,209
7699,209
7700,209
7701,209
7702,209
7703,209
7704,208
7705,208
7706,208
7707,209
7708,208
7709,209
7710,209
7711,208
7712,208
7713,208
7714,209
7715,208
7716,209
7717,209
7718,209
7719,209
7720,209
7721,209
7722,209
7723,209
7724,209
7725,209
7726,209
7727,209
7728,209
7729,209
7730,209
7731,209
7732,209
7733,209
7734,209
7735,209
7736,209
7737,209
7738,209
7739,209
7740,209
7741,209
7742,209
7743,209
7744,209
7745,209
7746,209
7747,209
7748,209
7749,209
7750,209
7751,209
7752,209
7753,209
7754,209
7755,209
7756,209
7757,208
7758,208
7759,208
7760,208
7761,208
7762,208
7763,208
7764,208
7765,208
7766,208
7767,209
7768,209
7769,209
7770,208
7771,208
7772,208
7773,208
7774,208
7775,208
7776,208
7777,208
7778,208
7779,208
7780,208
7781,208
7782,208
7783,208
7784,208
7785,208
7786,208
7787,208
7788,208
7789,208
7790,208
7791,208
7792,208
7793,208
7794,208
7795,208
7796,208
7797,208
7798,208
7799,208
7800,208
7801,208
7802,208
7803,208
7804,208
7805,208
7806,208
7807,208
7808,208
7809,208
7810,208
7811,208
7812,208
7813,208
7814,208
7815,208
7816,209
7817,209
7818,208
7819,208
7820,208
7821,208
7822,208
7823,208
7824,208
7825,208
7826,208
7827,208
7828,208
7829,208
7830,208
7831,208
7832,208
7833,208
7834,208
7835,208
7836,208
7837,208
7838,208
7839,208
7840,208
7841,208
7842,208
7843,208
7844,208
7845,208
7846,207
7847,207
7848,207
7849,207
7850,207
7851,207
7852,207
7853,207
7854,207
7855,207
7856,208
7857,208
7858,208
7859,208
7860,208
7861,208
7862,208
7863,208
7864,208
7865,208
7866,208
7867,208
7868,208
7869,208
7870,208
7871,208
7872,208
7873,208
7874,208
7875,208
7876,208
7877,208
7878,208
7879,208
7880,207
7881,208
7882,208
7883,208
7884,207
7885,207
7886,208
7887,208
7888,208
7889,208
7890,207
7891,208
7892,207
7893,207
7894,207
7895,207
7896,207
7897,207
7898,207
7899,207
7900,207
7901,207
7902,207
7903,207
7904,207
7905,207
7906,207
7907,207
7908,207
7909,207
7910,207
7911,207
7912,207
7913,207
7914,207
7915,207
7916,207
7917,207
7918,207
7919,207
7920,207
7921,207
7922,207
7923,207
7924,207
7925,207
7926,207
7927,207
7928,207
7929,207
7930,207
7931,207
7932,207
7933,207
7934,207
7935,207
7936,207
7937,207
7938,207
7939,207
7940,207
7941,207
7942,207
7943,207
7944,207
7945,207
7946,207
7947,207
7948,207
7949,207
7950,208
7951,208
7952,208
7953,208
7954,208
7955,208
7956,208
7957,208
7958,208
7959,208
7960,208
7961,208
7962,208
7963,208
7964,208
7965,207
7966,208
7967,208
7968,208
7969,207
7970,208
7971,208
7972,208
7973,208
7974,208
7975,208
7976,208
7977,208
7978,208
7979,208
7980,208
7981,208
7982,208
7983,209
7984,209
7985,209
7986,209
7987,208
7988,208
7989,208
7990,208
7991,208
7992,208
7993,208
7994,208
7995,208
7996,208
7997,208
7998,208
7999,208
8000,208
8001,208
8002,208
8003,208
8004,208
8005,209
8006,208
8007,208
8008,208
8009,209
8010,209
8011,209
8012,209
8013,209
8014,209
8015,208
8016,208
8017,209
8018,209
8019,209
8020,209
8021,209
8022,209
8023,209
8024,209
8025,209
8026,209
8027,209
8028,209
8029,209
8030,209
8031,209
8032,209
8033,209
8034,209
8035,209
8036,209
8037,209
8038,208
8039,208
8040,209
8041,209
8042,208
8043,208
8044,208
8045,208
8046,208
8047,209
8048,209
8049,209
8050,209
8051,209
8052,209
8053,209
8054,209
8055,209
8056,209
8057,209
8058,209
8059,209
8060,209
8061,209
8062,209
8063,209
8064,209
8065,209
8066,209
8067,209
8068,209
8069,209
8070,209
8071,209
8072,209
8073,209
8074,209
8075,209
8076,209
8077,209
8078,209
8079,209
8080,209
8081,209
8082,209
8083,209
8084,209
8085,209
8086,209
8087,209
8088,209
8089,209
8090,209
8091,209
8092,209
8093,209
8094,209
8095,209
8096,209
8097,209
8098,209
8099,209
8100,209
8101,209
8102,210
8103,210
8104,210
8105,210
8106,209
8107,209
8108,209
8109,209
8110,210
8111,210
8112,209
8113,210
8114,209
8115,209
8116,209
8117,209
8118,209
8119,209
8120,209
8121,209
8122,209
8123,209
8124,209
8125,209
8126,209
8127,209
8128,209
8129,210
8130,210
8131,210
8132,210
8133,209
8134,209
8135,209
8136,209
8137,209
8138,209
8139,209
8140,209
8141,210
8142,210
8143,210
8144,210
8145,209
8146,210
8147,210
8148,209
8149,210
8150,209
8151,209
8152,209
8153,210
8154,209
8155,210
8156,210
8157,210
8158,210
8159,210
8160,210
8161,210
8162,210
8163,210
8164,210
8165,210
8166,210
8167,210
8168,209
8169,209
8170,210
8171,210
8172,210
8173,210
8174,210
8175,210
8176,210
8177,210
8178,210
8179,210
8180,210
8181,210
8182,210
8183,210
8184,210
8185,210
8186,210
8187,210
8188,210
8189,210
8190,210
8191,210
8192,210
8193,210
8194,210
8195,210
8196,210
8197,210
8198,210
8199,210
8200,210
8201,210
8202,210
8203,210
8204,210
8205,210
8206,210
8207,210
8208,210
8209,210
8210,210
8211,210
8212,210
8213,210
8214,210
8215,210
8216,210
8217,210
8218,211
8219,211
8220,211
8221,211
8222,211
8223,211
8224,211
8225,211
8226,211
8227,211
8228,211
8229,211
8230,211
8231,211
8232,211
8233,211
8234,212
8235,212
8236,212
8237,212
8238,212
8239,212
8240,212
8241,212
8242,212
8243,212
8244,212
8245,212
8246,212
8247,212
8248,212
8249,212
8250,212
8251,211
8252,212
8253,212
8254,212
8255,212
8256,212
8257,212
8258,212
8259,212
8260,212
8261,212
8262,212
8263,212
8264,212
8265,211
8266,212
8267,211
8268,212
8269,211
8270,211
8271,211
8272,211
8273,211
8274,212
8275,212
8276,212
8277,212
8278,212
8279,212
8280,212
8281,212
8282,212
8283,212
8284,212
8285,212
8286,212
8287,211
8288,212
8289,212
8290,212
8291,212
8292,212
8293,212
8294,212
8295,212
8296,212
8297,212
8298,212
8299,212
8300,212
8301,212
8302,212
8303,212
8304,212
8305,212
8306,212
8307,212
8308,212
8309,212
8310,212
8311,212
8312,212
8313,212
8314,212
8315,212
8316,212
8317,213
8318,212
8319,212
8320,213
8321,213
8322,213
8323,213
8324,213
8325,213
8326,213
8327,213
8328,213
8329,213
8330,213
8331,213
8332,213
8333,213
8334,213
8335,213
8336,213
8337,213
8338,213
8339,213
8340,213
8341,213
8342,213
8343,213
8344,213
8345,213
8346,213
8347,213
8348,213
8349,213
8350,213
8351,213
8352,213
8353,213
8354,213
8355,213
8356,213
8357,213
8358,213
8359,213
8360,213
8361,213
8362,213
8363,213
8364,213
8365,213
8366,214
8367,214
8368,214
8369,214
8370,213
8371,213
8372,213
8373,213
8374,213
8375,213
8376,213
8377,213
8378,213
8379,213
8380,213
8381,213
8382,213
8383,213
8384,213
8385,213
8386,213
8387,213
8388,213
8389,213
8390,213
8391,213
8392,213
8393,213
8394,213
8395,213
8396,213
8397,213
8398,213
8399,213
8400,213
8401,213
8402,213
8403,214
8404,213
8405,213
8406,213
8407,213
8408,213
8409,213
8410,213
8411,213
8412,213
8413,213
8414,213
8415,213
8416,213
8417,213
8418,213
8419,214
8420,214
8421,214
8422,214
8423,214
8424,214
8425,214
8426,214
8427,214
8428,214
8429,214
8430,214
8431,213
8432,214
8433,214
8434,213
8435,214
8436,214
8437,214
8438,214
8439,214
8440,214
8441,214
8442,214
8443,214
8444,214
8445,213
8446,214
8447,214
8448,213
8449,213
8450,213
8451,213
8452,213
8453,213
8454,213
8455,213
8456,213
8457,213
8458,213
8459,213
8460,213
8461,213
8462,213
8463,213
8464,213
8465,213
8466,213
8467,212
8468,213
8469,213
8470,213
8471,213
8472,213
8473,213
8474,213
8475,213
8476,213
8477,213
8478,213
8479,212
8480,212
8481,212
8482,212
8483,212
8484,212
8485,212
8486,212
8487,212
8488,212
8489,212
8490,212
8491,212
8492,212
8493,212
8494,212
8495,212
8496,212
8497,212
8498,212
8499,212
8500,212
8501,212
8502,212
8503,212
8504,211
8505,212
8506,212
8507,212
8508,212
8509,212
8510,212
8511,212
8512,213
8513,213
8514,212
8515,213
8516,212
8517,213
8518,213
8519,213
8520,213
8521,213
8522,213
8523,213
8524,213
8525,213
8526,213
8527,213
8528,213
8529,213
8530,213
8531,213
8532,213
8533,213
8534,213
8535,214
8536,214
8537,214
8538,214
8539,214
8540,214
8541,214
8542,214
8543,214
8544,214
8545,214
8546,214
8547,214
8548,213
8549,214
8550,214
8551,214
8552,214
8553,214
8554,214
8555,214
8556,214
8557,214
8558,214
8559,214
8560,214
8561,214
8562,214
8563,214
8564,214
8565,214
8566,214
8567,215
8568,215
8569,215
8570,215
8571,215
8572,215
8573,215
8574,216
8575,216
8576,216
8577,216
8578,216
8579,216
8580,216
8581,216
8582,216
8583,216
8584,216
8585,216
8586,216
8587,216
8588,216
8589,216
8590,216
8591,216
8592,216
8593,216
8594,216
8595,216
8596,216
8597,216
8598,216
8599,216
8600,216
8601,216
8602,216
8603,216
8604,216
8605,216
8606,216
8607,216
8608,216
8609,216
8610,216
8611,216
8612,216
8613,216
8614,216
8615,216
8616,216
8617,216
8618,216
8619,216
8620,216
8621,216
8622,216
8623,216
8624,216
8625,216
8626,216
8627,216
8628,216
8629,216
8630,216
8631,216
8632,216
8633,216
8634,216
8635,216
8636,216
8637,217
8638,217
8639,217
8640,217
8641,217
8642,217
8643,217
8644,217
8645,217
8646,217
8647,217
8648,217
8649,217
8650,217
8651,217
8652,217
8653,217
8654,217
8655,217
8656,217
8657,217
8658,217
8659,217
8660,217
8661,217
8662,217
8663,217
8664,217
8665,217
8666,217
8667,217
8668,217
8669,217
8670,217
8671,217
8672,217
8673,217
8674,217
8675,217
8676,217
8677,217
8678,217
8679,217
8680,217
8681,217
8682,218
8683,218
8684,217
8685,217
8686,217
8687,218
8688,218
8689,218
8690,217
8691,218
8692,218
8693,218
8694,218
8695,218
8696,218
8697,218
8698,218
8699,218
8700,218
8701,218
8702,218
8703,218
8704,218
8705,219
8706,219
8707,219
8708,219
8709,219
8710,219
8711,219
8712,219
8713,219
8714,219
8715,219
8716,219
8717,219
8718,219
8719,219
8720,219
8721,219
8722,219
8723,219
8724,219
8725,219
8726,219
8727,219
8728,219
8729,219
8730,219
8731,219
8732,219
8733,219
8734,219
8735,219
8736,219
8737,219
8738,219
8739,219
8740,219
8741,219
8742,219
8743,219
8744,219
8745,219
8746,219
8747,219
8748,219
8749,219
8750,219
8751,219
8752,219
8753,219
8754,219
8755,219
8756,219
8757,219
8758,219
8759,219
8760,220
8761,220
8762,219
8763,220
8764,220
8765,220
8766,220
8767,220
8768,219
8769,219
8770,219
8771,219
8772,219
8773,219
8774,219
8775,219
8776,219
8777,220
8778,220
8779,219
8780,219
8781,219
8782,219
8783,219
8784,219
8785,219
8786,219
8787,219
8788,219
8789,219
8790,219
8791,219
8792,219
8793,219
8794,219
8795,219
8796,219
8797,219
8798,220
8799,220
8800,220
8801,220
8802,220
8803,220
8804,220
8805,220
8806,220
8807,220
8808,220
8809,220
8810,220
8811,220
8812,220
8813,220
8814,220
8815,220
8816,220
8817,220
8818,220
8819,220
8820,220
8821,220
8822,220
8823,219
8824,220
8825,220
8826,220
8827,220
8828,219
8829,219
8830,220
8831,220
8832,219
8833,219
8834,219
8835,219
8836,219
8837,219
8838,219
8839,219
8840,219
8841,219
8842,219
8843,219
8844,219
8845,219
8846,220
8847,220
8848,220
8849,220
8850,220
8851,220
8852,220
8853,220
8854,220
8855,220
8856,220
8857,220
8858,220
8859,220
8860,220
8861,220
8862,220
8863,220
8864,220
8865,220
8866,220
8867,219
8868,219
8869,219
8870,219
8871,219
8872,220
8873,220
8874,220
8875,220
8876,220
8877,220
8878,220
8879,220
8880,220
8881,220
8882,220
8883,220
8884,220
8885,220
8886,221
8887,221
8888,221
8889,221
8890,221
8891,221
8892,221
8893,221
8894,221
8895,221
8896,221
8897,221
8898,221
8899,221
8900,221
8901,221
8902,221
8903,221
8904,221
8905,221
8906,221
8907,221
8908,221
8909,221
8910,221
8911,221
8912,221
8913,221
8914,221
8915,221
8916,221
8917,221
8918,221
8919,221
8920,221
8921,222
8922,222
8923,222
8924,222
8925,222
8926,222
8927,222
8928,222
8929,222
8930,222
8931,222
8932,222
8933,222
8934,222
8935,222
8936,223
8937,222
8938,222
8939,222
8940,222
8941,222
8942,222
8943,223
8944,222
8945,222
8946,222
8947,223
8948,223
8949,223
8950,223
8951,223
8952,223
8953,223
8954,223
8955,223
8956,223
8957,223
8958,223
8959,223
8960,223
8961,223
8962,223
8963,223
8964,223
8965,223
8966,223
8967,222
8968,222
8969,222
8970,222
8971,222
8972,222
8973,222
8974,222
8975,223
8976,223
8977,222
8978,222
8979,222
8980,222
8981,222
8982,222
8983,222
8984,222
8985,223
8986,223
8987,223
8988,223
8989,223
8990,223
8991,223
8992,223
8993,223
8994,223
8995,223
8996,223
8997,223
8998,223
8999,223
9000,223
9001,223
9002,223
9003,223
9004,223
9005,223
9006,223
9007,223
9008,223
9009,223
9010,223
9011,223
9012,223
9013,223
9014,223
9015,223
9016,223
9017,223
9018,223
9019,223
9020,223
9021,223
9022,223
9023,223
9024,223
9025,223
9026,223
9027,223
9028,223
9029,223
9030,223
9031,223
9032,223
9033,223
9034,223
9035,223
9036,223
9037,224
9038,224
9039,224
9040,223
9041,223
9042,224
9043,224
9044,224
9045,224
9046,223
9047,223
9048,223
9049,223
9050,223
9051,223
9052,223
9053,223
9054,223
9055,224
9056,224
9057,224
9058,224
9059,224
9060,224
9061,224
9062,224
9063,224
9064,224
9065,224
9066,224
9067,224
9068,224
9069,224
9070,224
9071,224
9072,224
9073,224
9074,224
9075,224
9076,224
9077,224
9078,224
9079,224
9080,224
9081,224
9082,224
9083,224
9084,224
9085,224
9086,224
9087,224
9088,224
9089,224
9090,224
9091,224
9092,224
9093,224
9094,224
9095,224
9096,224
9097,225
9098,225
9099,225
9100,225
9101,225
9102,225
9103,225
9104,225
9105,225
9106,225
9107,225
9108,225
9109,225
9110,225
9111,224
9112,224
9113,224
9114,224
9115,224
9116,224
9117,224
9118,224
9119,225
9120,225
9121,225
9122,225
9123,225
9124,225
9125,225
9126,225
9127,225
9128,225
9129,225
9130,225
9131,225
9132,225
9133,225
9134,225
9135,225
9136,225
9137,225
9138,225
9139,225
9140,225
9141,225
9142,225
9143,225
9144,225
9145,225
9146,225
9147,225
9148,225
9149,225
9150,225
9151,225
9152,225
9153,225
9154,225
9155,225
9156,225
9157,225
9158,225
9159,225
9160,225
9161,225
9162,225
9163,225
9164,225
9165,225
9166,225
9167,226
9168,226
9169,226
9170,226
9171,226
9172,226
9173,226
9174,226
9175,226
9176,225
9177,225
9178,226
9179,226
9180,226
9181,225
9182,226
9183,226
9184,226
9185,226
9186,226
9187,226
9188,225
9189,226
9190,226
9191,226
9192,226
9193,226
9194,225
9195,226
9196,226
9197,225
9198,225
9199,226
9200,226
9201,226
9202,226
9203,226
9204,226
9205,226
9206,226
9207,226
9208,226
9209,226
9210,226
9211,226
9212,226
9213,226
9214,226
9215,226
9216,226
9217,226
9218,226
9219,226
9220,226
9221,226
9222,226
9223,226
9224,226
9225,226
9226,226
9227,226
9228,226
9229,226
9230,226
9231,226
9232,226
9233,227
9234,227
9235,227
9236,227
9237,227
9238,227
9239,226
9240,226
9241,226
9242,226
9243,226
9244,226
9245,226
9246,226
9247,226
9248,226
9249,226
9250,226
9251,226
9252,226
9253,226
9254,226
9255,226
9256,226
9257,226
9258,226
9259,226
9260,226
9261,226
9262,226
9263,226
9264,226
9265,226
9266,226
9267,226
9268,226
9269,226
9270,226
9271,226
9272,226
9273,226
9274,226
9275,226
9276,226
9277,226
9278,226
9279,226
9280,226
9281,226
9282,226
9283,226
9284,226
9285,226
9286,226
9287,226
9288,226
9289,226
9290,226
9291,226
9292,226
9293,226
9294,226
9295,226
9296,226
9297,226
9298,226
9299,226
9300,226
9301,226
9302,226
9303,226
9304,226
9305,226
9306,226
9307,226
9308,226
9309,226
9310,226
9311,226
9312,226
9313,226
9314,226
9315,226
9316,226
9317,226
9318,226
9319,226
9320,226
9321,226
9322,226
9323,226
9324,226
9325,226
9326,226
9327,226
9328,226
9329,226
9330,226
9331,226
9332,226
9333,226
9334,226
9335,226
9336,226
9337,226
9338,226
9339,226
9340,226
9341,226
9342,226
9343,226
9344,226
9345,226
9346,226
9347,226
9348,226
9349,226
9350,226
9351,226
9352,226
9353,226
9354,226
9355,226
9356,226
9357,226
9358,226
9359,226
9360,226
9361,226
9362,226
9363,226
9364,226
9365,226
9366,226
9367,226
9368,226
9369,226
9370,226
9371,226
9372,226
9373,226
9374,226
9375,226
9376,226
9377,226
9378,226
9379,226
9380,226
9381,226
9382,226
9383,226
9384,226
9385,226
9386,226
9387,226
9388,226
9389,226
9390,226
9391,226
9392,226
9393,226
9394,226
9395,226
9396,226
9397,226
9398,226
9399,226
9400,226
9401,226
9402,226
9403,226
9404,226
9405,226
9406,226
9407,226
9408,226
9409,226
9410,226
9411,226
9412,226
9413,226
9414,226
9415,226
9416,226
9417,226
9418,226
9419,226
9420,226
9421,226
9422,226
9423,226
9424,226
9425,226
9426,226
9427,226
9428,226
9429,226
9430,226
9431,226
9432,226
9433,226
9434,226
9435,226
9436,226
9437,226
9438,226
9439,226
9440,226
9441,226
9442,226
9443,226
9444,226
9445,226
9446,226
9447,226
9448,226
9449,226
9450,226
9451,226
9452,226
9453,226
9454,226
9455,226
9456,226
9457,226
9458,226
9459,226
9460,226
9461,226
9462,226
9463,226
9464,226
9465,226
9466,226
9467,226
9468,226
9469,226
9470,226
9471,226
9472,226
9473,226
9474,226
9475,226
9476,226
9477,226
9478,226
9479,226
9480,226
9481,226
9482,226
9483,226
9484,226
9485,226
9486,226
9487,226
9488,226
9489,226
9490,226
9491,226
9492,226
9493,226
9494,226
9495,226
9496,226
9497,226
9498,226
9499,226
9500,226
9501,226
9502,226
9503,226
9504,226
9505,226
9506,226
9507,226
9508,226
9509,226
9510,226
9511,226
9512,226
9513,226
9514,226
9515,226
9516,226
9517,226
9518,226
9519,226
9520,226
9521,226
9522,226
9523,226
9524,226
9525,226
9526,226
9527,226
9528,226
9529,226
9530,226
9531,226
9532,226
9533,226
9534,226
9535,226
9536,226
9537,226
9538,226
9539,226
9540,226
9541,226
9542,226
9543,226
9544,226
9545,226
9546,226
9547,226
9548,226
9549,226
9550,226
9551,226
9552,226
9553,226
9554,226
9555,226
9556,226
9557,226
9558,226
9559,226
9560,226
9561,226
9562,226
9563,226
9564,226
9565,226
9566,226
9567,226
9568,225
9569,225
9570,225
9571,225
9572,225
9573,225
9574,225
9575,226
9576,225
9577,225
9578,226
9579,226
9580,226
9581,226
9582,226
9583,226
9584,226
9585,226
9586,226
9587,226
9588,226
9589,226
9590,226
9591,226
9592,226
9593,226
9594,226
9595,226
9596,227
9597,227
9598,227
9599,227
9600,227
9601,227
9602,227
9603,227
9604,226
9605,227
9606,227
9607,227
9608,227
9609,227
9610,227
9611,227
9612,227
9613,226
9614,226
9615,226
9616,226
9617,226
9618,226
9619,226
9620,226
9621,226
9622,226
9623,226
9624,226
9625,226
9626,226
9627,226
9628,226
9629,226
9630,226
9631,226
9632,226
9633,226
9634,226
9635,226
9636,226
9637,226
9638,226
9639,226
9640,226
9641,226
9642,226
9643,226
9644,226
9645,226
9646,226
9647,226
9648,226
9649,226
9650,226
9651,226
9652,226
9653,226
9654,226
9655,226
9656,226
9657,226
9658,226
9659,226
9660,226
9661,226
9662,226
9663,226
9664,226
9665,226
9666,226
9667,226
9668,226
9669,226
9670,226
9671,226
9672,226
9673,226
9674,226
9675,226
9676,225
9677,226
9678,226
9679,226
9680,225
9681,225
9682,225
9683,225
9684,226
9685,226
9686,226
9687,226
9688,226
9689,226
9690,226
9691,226
9692,225
9693,226
9694,226
9695,226
9696,226
9697,225
9698,225
9699,225
9700,225
9701,225
9702,225
9703,225
9704,225
9705,226
9706,226
9707,226
9708,225
9709,226
9710,225
9711,225
9712,225
9713,225
9714,225
9715,225
9716,225
9717,225
9718,225
9719,225
9720,225
9721,225
9722,225
9723,225
9724,225
9725,225
9726,225
9727,225
9728,226
9729,226
9730,226
9731,226
9732,226
9733,226
9734,226
9735,226
9736,226
9737,226
9738,225
9739,226
9740,226
9741,225
9742,225
9743,226
9744,226
9745,225
9746,225
9747,226
9748,225
9749,225
9750,225
9751,225
9752,225
9753,225
9754,225
9755,225
9756,225
9757,225
9758,225
9759,225
9760,225
9761,225
9762,225
9763,225
9764,225
9765,225
9766,225
9767,225
9768,225
9769,225
9770,225
9771,225
9772,226
9773,226
9774,226
9775,226
9776,226
9777,226
9778,226
9779,226
9780,226
9781,226
9782,226
9783,225
9784,226
9785,226
9786,226
9787,226
9788,225
9789,225
9790,226
9791,226
9792,225
9793,225
9794,225
9795,225
9796,225
9797,225
9798,226
9799,226
9800,226
9801,225
9802,225
9803,225
9804,225
9805,225
9806,225
9807,225
9808,225
9809,225
9810,225
9811,225
9812,225
9813,225
9814,225
9815,225
9816,225
9817,225
9818,225
9819,225
9820,225
9821,225
9822,225
9823,225
9824,225
9825,225
9826,225
9827,225
9828,225
9829,225
9830,225
9831,225
9832,225
9833,225
9834,225
9835,225
9836,226
9837,225
9838,225
9839,225
9840,225
9841,225
9842,225
9843,225
9844,225
9845,225
9846,225
9847,225
9848,225
9849,225
9850,225
9851,225
9852,225
9853,225
9854,226
9855,226
9856,226
9857,226
9858,226
9859,226
9860,225
9861,225
9862,225
9863,225
9864,225
9865,225
9866,225
9867,225
9868,225
9869,225
9870,225
9871,225
9872,225
9873,225
9874,225
9875,225
9876,225
9877,225
9878,225
9879,225
9880,225
9881,225
9882,225
9883,225
9884,225
9885,225
9886,225
9887,226
9888,226
9889,226
9890,226
9891,226
9892,226
9893,226
9894,226
9895,226
9896,226
9897,226
9898,226
9899,226
9900,226
9901,226
9902,226
9903,226
9904,226
9905,226
9906,226
9907,226
9908,226
9909,226
9910,226
9911,226
9912,226
9913,226
9914,226
9915,226
9916,226
9917,226
9918,226
9919,226
9920,226
9921,226
9922,226
9923,226
9924,226
9925,226
9926,226
9927,226
9928,226
9929,226
9930,226
9931,226
9932,226
9933,226
9934,226
9935,226
9936,226
9937,226
9938,226
9939,226
9940,226
9941,226
9942,226
9943,226
9944,226
9945,226
9946,226
9947,226
9948,226
9949,226
9950,226
9951,226
9952,226
9953,226
9954,226
9955,226
9956,226
9957,226
9958,226
9959,226
9960,226
9961,226
9962,226
9963,226
9964,226
9965,226
9966,226
9967,226
9968,226
9969,226
9970,226
9971,226
9972,226
9973,226
9974,226
9975,226
9976,226
9977,226
9978,226
9979,226
9980,226
9981,226
9982,226
9983,226
9984,226
9985,226
9986,226
9987,226
9988,226
9989,227
9990,226
9991,227
9992,227
9993,227
9994,227
9995,227
9996,227
9997,227
9998,227
9999,227
