0,150
1,150
2,150
3,150
4,150
5,150
6,150
7,150
8,149
9,149
10,150
11,150
12,150
13,150
14,150
15,150
16,150
17,150
18,150
19,150
20,149
21,150
22,149
23,149
24,149
25,149
26,149
27,149
28,149
29,149
30,149
31,149
32,149
33,149
34,149
35,149
36,149
37,149
38,149
39,149
40,149
41,149
42,149
43,149
44,149
45,149
46,149
47,149
48,149
49,149
50,149
51,149
52,149
53,149
54,149
55,149
56,149
57,149
58,149
59,149
60,149
61,149
62,149
63,149
64,149
65,149
66,150
67,150
68,150
69,150
70,150
71,150
72,150
73,150
74,150
75,150
76,150
77,150
78,150
79,150
80,150
81,150
82,150
83,150
84,150
85,150
86,150
87,150
88,150
89,150
90,150
91,150
92,150
93,150
94,150
95,150
96,150
97,150
98,150
99,150
100,150
101,150
102,149
103,149
104,149
105,149
106,149
107,149
108,149
109,149
110,149
111,149
112,149
113,149
114,149
115,149
116,149
117,149
118,149
119,149
120,150
121,150
122,150
123,149
124,150
125,150
126,150
127,150
128,150
129,150
130,150
131,150
132,150
133,150
134,150
135,150
136,149
137,149
138,149
139,149
140,150
141,149
142,149
143,150
144,149
145,149
146,149
147,150
148,149
149,149
150,149
151,149
152,149
153,149
154,149
155,149
156,149
157,149
158,149
159,149
160,150
161,150
162,150
163,150
164,150
165,150
166,150
167,150
168,150
169,150
170,150
171,150
172,150
173,150
174,150
175,150
176,150
177,150
178,150
179,150
180,150
181,150
182,150
183,150
184,150
185,150
186,150
187,150
188,150
189,150
190,150
191,150
192,150
193,150
194,150
195,150
196,150
197,150
198,150
199,150
200,150
201,150
202,150
203,150
204,150
205,150
206,150
207,150
208,150
209,150
210,150
211,150
212,150
213,150
214,150
215,150
216,150
217,150
218,150
219,150
220,150
221,150
222,150
223,150
224,150
225,150
226,150
227,150
228,150
229,150
230,150
231,150
232,150
233,150
234,150
235,150
236,150
237,150
238,150
239,150
240,150
241,150
242,150
243,150
244,150
245,150
246,150
247,150
248,150
249,150
250,150
251,150
252,150
253,150
254,150
255,150
256,150
257,150
258,150
259,150
260,150
261,151
262,151
263,151
264,151
265,151
266,151
267,151
268,151
269,151
270,151
271,151
272,151
273,151
274,151
275,151
276,151
277,151
278,150
279,150
280,150
281,150
282,150
283,150
284,150
285,150
286,150
287,150
288,150
289,150
290,150
291,150
292,150
293,150
294,150
295,150
296,150
297,150
298,150
299,150
300,150
301,150
302,150
303,150
304,150
305,150
306,150
307,150
308,150
309,150
310,150
311,150
312,150
313,150
314,150
315,150
316,150
317,150
318,150
319,150
320,150
321,150
322,150
323,150
324,150
325,150
326,150
327,150
328,150
329,150
330,150
331,150
332,150
333,150
334,150
335,150
336,150
337,150
338,150
339,150
340,150
341,150
342,150
343,150
344,150
345,150
346,150
347,150
348,150
349,150
350,150
351,150
352,150
353,150
354,150
355,150
356,150
357,150
358,150
359,150
360,150
361,150
362,150
363,150
364,150
365,150
366,150
367,150
368,150
369,150
370,150
371,150
372,150
373,150
374,150
375,150
376,150
377,150
378,150
379,151
380,151
381,151
382,151
383,151
384,151
385,151
386,151
387,151
388,151
389,150
390,150
391,151
392,151
393,151
394,151
395,151
396,151
397,151
398,151
399,151
400,151
401,151
402,151
403,151
404,151
405,151
406,151
407,151
408,151
409,151
410,151
411,151
412,151
413,151
414,151
415,151
416,151
417,151
418,151
419,151
420,151
421,151
422,151
423,151
424,151
425,151
426,151
427,151
428,151
429,151
430,151
431,151
432,151
433,151
434,151
435,151
436,151
437,151
438,151
439,151
440,151
441,151
442,151
443,151
444,151
445,151
446,151
447,151
448,151
449,151
450,151
451,152
452,151
453,151
454,151
455,151
456,151
457,151
458,151
459,151
460,151
461,151
462,151
463,151
464,151
465,151
466,151
467,151
468,151
469,151
470,151
471,151
472,151
473,151
474,151
475,151
476,151
477,151
478,151
479,151
480,151
481,151
482,151
483,150
484,150
485,150
486,150
487,150
488,150
489,150
490,150
491,151
492,150
493,150
494,150
495,150
496,150
497,150
498,150
499,150
500,150
501,150
502,150
503,150
504,150
505,150
506,150
507,150
508,150
509,150
510,150
511,150
512,150
513,150
514,150
515,150
516,150
517,150
518,150
519,150
520,150
521,150
522,150
523,150
524,150
525,150
526,150
527,150
528,150
529,150
530,150
531,150
532,150
533,150
534,150
535,150
536,150
537,150
538,150
539,150
540,150
541,150
542,150
543,150
544,150
545,150
546,150
547,150
548,150
549,150
550,150
551,150
552,150
553,150
554,150
555,150
556,150
557,150
558,150
559,150
560,150
561,150
562,150
563,150
564,150
565,150
566,150
567,150
568,150
569,150
570,150
571,150
572,150
573,150
574,150
575,151
576,151
577,151
578,151
579,151
580,151
581,151
582,151
583,151
584,151
585,151
586,151
587,151
588,151
589,151
590,151
591,151
592,151
593,151
594,151
595,151
596,151
597,151
598,151
599,150
600,150
601,150
602,150
603,150
604,150
605,150
606,150
607,150
608,150
609,151
610,151
611,151
612,151
613,151
614,151
615,151
616,151
617,151
618,151
619,151
620,151
621,151
622,151
623,151
624,151
625,151
626,150
627,150
628,151
629,151
630,151
631,151
632,151
633,151
634,151
635,151
636,151
637,151
638,151
639,151
640,151
641,151
642,151
643,151
644,151
645,151
646,151
647,151
648,151
649,151
650,151
651,151
652,151
653,151
654,151
655,151
656,151
657,151
658,151
659,151
660,151
661,151
662,151
663,151
664,151
665,151
666,151
667,151
668,151
669,151
670,151
671,151
672,151
673,151
674,151
675,151
676,151
677,151
678,151
679,151
680,151
681,151
682,151
683,151
684,151
685,152
686,152
687,152
688,152
689,152
690,152
691,152
692,152
693,152
694,152
695,152
696,152
697,152
698,152
699,152
700,153
701,152
702,152
703,153
704,153
705,153
706,152
707,152
708,152
709,152
710,152
711,152
712,152
713,152
714,152
715,152
716,152
717,152
718,152
719,152
720,152
721,152
722,152
723,152
724,152
725,152
726,152
727,152
728,152
729,152
730,152
731,152
732,152
733,152
734,152
735,152
736,153
737,153
738,153
739,153
740,153
741,153
742,153
743,153
744,153
745,153
746,153
747,153
748,153
749,153
750,153
751,153
752,153
753,152
754,152
755,152
756,152
757,152
758,152
759,152
760,152
761,152
762,152
763,152
764,152
765,152
766,152
767,152
768,152
769,152
770,152
771,152
772,152
773,152
774,152
775,152
776,152
777,153
778,152
779,152
780,153
781,153
782,152
783,153
784,152
785,153
786,153
787,153
788,153
789,153
790,153
791,153
792,153
793,153
794,153
795,153
796,153
797,153
798,153
799,153
800,153
801,153
802,153
803,153
804,153
805,153
806,153
807,153
808,153
809,153
810,153
811,153
812,153
813,153
814,153
815,153
816,153
817,153
818,154
819,154
820,154
821,154
822,154
823,154
824,154
825,154
826,154
827,154
828,154
829,154
830,154
831,154
832,154
833,154
834,154
835,154
836,154
837,154
838,154
839,154
840,154
841,154
842,154
843,154
844,154
845,154
846,154
847,154
848,154
849,154
850,154
851,154
852,154
853,154
854,154
855,154
856,154
857,153
858,153
859,154
860,153
861,153
862,153
863,154
864,154
865,154
866,154
867,153
868,154
869,154
870,154
871,154
872,154
873,154
874,154
875,154
876,154
877,154
878,153
879,153
880,153
881,153
882,153
883,153
884,153
885,153
886,153
887,153
888,153
889,153
890,153
891,153
892,153
893,153
894,153
895,154
896,154
897,154
898,154
899,154
900,154
901,154
902,154
903,154
904,154
905,154
906,154
907,154
908,154
909,154
910,153
911,153
912,153
913,153
914,154
915,153
916,153
917,154
918,154
919,154
920,154
921,154
922,154
923,154
924,154
925,154
926,154
927,154
928,154
929,154
930,154
931,154
932,154
933,154
934,154
935,154
936,154
937,154
938,154
939,154
940,154
941,154
942,154
943,154
944,154
945,154
946,154
947,154
948,154
949,154
950,154
951,154
952,154
953,154
954,154
955,155
956,155
957,154
958,154
959,155
960,155
961,155
962,155
963,155
964,155
965,155
966,155
967,155
968,155
969,155
970,155
971,155
972,155
973,155
974,155
975,155
976,155
977,155
978,155
979,155
980,155
981,155
982,155
983,155
984,155
985,155
986,155
987,155
988,155
989,155
990,155
991,155
992,155
993,155
994,155
995,155
996,155
997,155
998,155
999,155
1000,155
1001,155
1002,155
1003,155
1004,155
1005,155
1006,155
1007,155
1008,155
1009,156
1010,155
1011,155
1012,156
1013,156
1014,156
1015,156
1016,156
1017,156
1018,156
1019,156
1020,156
1021,156
1022,156
1023,156
1024,156
1025,156
1026,156
1027,156
1028,156
1029,156
1030,156
1031,156
1032,156
1033,156
1034,156
1035,156
1036,156
1037,156
1038,156
1039,156
1040,156
1041,156
1042,156
1043,156
1044,156
1045,156
1046,156
1047,156
1048,156
1049,156
1050,156
1051,156
1052,156
1053,156
1054,156
1055,156
1056,156
1057,156
1058,156
1059,156
1060,156
1061,156
1062,156
1063,156
1064,156
1065,156
1066,156
1067,157
1068,157
1069,157
1070,157
1071,157
1072,157
1073,157
1074,157
1075,157
1076,157
1077,157
1078,157
1079,157
1080,157
1081,157
1082,157
1083,157
1084,157
1085,157
1086,157
1087,157
1088,157
1089,157
1090,157
1091,157
1092,157
1093,157
1094,157
1095,157
1096,157
1097,157
1098,157
1099,157
1100,157
1101,157
1102,157
1103,157
1104,157
1105,157
1106,157
1107,157
1108,157
1109,157
1110,157
1111,157
1112,157
1113,157
1114,157
1115,157
1116,157
1117,157
1118,157
1119,157
1120,157
1121,157
1122,157
1123,157
1124,157
1125,157
1126,157
1127,157
1128,157
1129,157
1130,157
1131,157
1132,157
1133,157
1134,157
1135,157
1136,157
1137,158
1138,158
1139,157
1140,157
1141,157
1142,157
1143,157
1144,157
1145,157
1146,157
1147,157
1148,157
1149,157
1150,157
1151,157
1152,157
1153,157
1154,157
1155,157
1156,157
1157,157
1158,157
1159,157
1160,156
1161,156
1162,156
1163,156
1164,156
1165,156
1166,156
1167,156
1168,156
1169,156
1170,156
1171,156
1172,156
1173,156
1174,156
1175,156
1176,156
1177,156
1178,156
1179,156
1180,157
1181,157
1182,157
1183,157
1184,157
1185,157
1186,157
1187,157
1188,157
1189,157
1190,157
1191,157
1192,157
1193,157
1194,157
1195,157
1196,157
1197,156
1198,157
1199,157
1200,157
1201,157
1202,157
1203,157
1204,157
1205,157
1206,157
1207,157
1208,157
1209,157
1210,157
1211,157
1212,157
1213,157
1214,157
1215,157
1216,157
1217,157
1218,157
1219,157
1220,157
1221,157
1222,157
1223,157
1224,157
1225,157
1226,157
1227,157
1228,157
1229,157
1230,157
1231,157
1232,157
1233,157
1234,157
1235,157
1236,157
1237,157
1238,157
1239,157
1240,157
1241,157
1242,157
1243,157
1244,157
1245,157
1246,157
1247,157
1248,157
1249,157
1250,157
1251,157
1252,157
1253,157
1254,157
1255,157
1256,157
1257,157
1258,157
1259,157
1260,157
1261,157
1262,157
1263,157
1264,157
1265,157
1266,157
1267,157
1268,157
1269,157
1270,158
1271,158
1272,158
1273,158
1274,158
1275,158
1276,158
1277,158
1278,158
1279,158
1280,158
1281,158
1282,158
1283,158
1284,158
1285,158
1286,158
1287,158
1288,158
1289,158
1290,158
1291,158
1292,158
1293,158
1294,158
1295,158
1296,158
1297,158
1298,158
1299,158
1300,158
1301,158
1302,158
1303,158
1304,158
1305,158
1306,158
1307,158
1308,158
1309,158
1310,158
1311,157
1312,158
1313,158
1314,158
1315,158
1316,158
1317,158
1318,158
1319,158
1320,158
1321,158
1322,158
1323,158
1324,158
1325,158
1326,158
1327,157
1328,158
1329,158
1330,158
1331,158
1332,158
1333,158
1334,158
1335,158
1336,158
1337,158
1338,158
1339,158
1340,157
1341,158
1342,158
1343,158
1344,158
1345,158
1346,158
1347,158
1348,158
1349,158
1350,158
1351,158
1352,158
1353,158
1354,158
1355,158
1356,158
1357,158
1358,158
1359,158
1360,158
1361,158
1362,158
1363,158
1364,158
1365,158
1366,158
1367,158
1368,158
1369,158
1370,158
1371,158
1372,158
1373,158
1374,158
1375,158
1376,158
1377,158
1378,158
1379,158
1380,158
1381,158
1382,158
1383,158
1384,158
1385,158
1386,158
1387,158
1388,158
1389,158
1390,158
1391,158
1392,158
1393,158
1394,158
1395,158
1396,158
1397,158
1398,158
1399,158
1400,158
1401,158
1402,158
1403,158
1404,158
1405,158
1406,158
1407,158
1408,158
1409,158
1410,158
1411,158
1412,158
1413,158
1414,158
1415,158
1416,158
1417,158
1418,158
1419,158
1420,158
1421,158
1422,158
1423,158
1424,158
1425,158
1426,158
1427,158
1428,158
1429,158
1430,158
1431,158
1432,158
1433,157
1434,158
1435,158
1436,158
1437,158
1438,158
1439,158
1440,158
1441,158
1442,158
1443,158
1444,158
1445,158
1446,158
1447,158
1448,158
1449,158
1450,158
1451,158
1452,158
1453,158
1454,158
1455,158
1456,158
1457,158
1458,158
1459,158
1460,158
1461,158
1462,158
1463,158
1464,158
1465,158
1466,158
1467,158
1468,158
1469,158
1470,158
1471,158
1472,158
1473,158
1474,158
1475,158
1476,158
1477,158
1478,158
1479,158
1480,158
1481,158
1482,158
1483,158
1484,158
1485,158
1486,158
1487,158
1488,158
1489,158
1490,158
1491,158
1492,158
1493,158
1494,158
1495,158
1496,158
1497,158
1498,158
1499,158
1500,158
1501,158
1502,158
1503,158
1504,158
1505,158
1506,158
1507,158
1508,158
1509,158
1510,158
1511,158
1512,158
1513,158
1514,158
1515,158
1516,158
1517,158
1518,158
1519,158
1520,158
1521,158
1522,158
1523,158
1524,158
1525,158
1526,158
1527,158
1528,158
1529,158
1530,158
1531,158
1532,158
1533,158
1534,158
1535,158
1536,158
1537,158
1538,158
1539,158
1540,158
1541,158
1542,158
1543,158
1544,158
1545,158
1546,158
1547,158
1548,158
1549,158
1550,158
1551,158
1552,158
1553,158
1554,158
1555,158
1556,158
1557,158
1558,158
1559,158
1560,158
1561,158
1562,158
1563,158
1564,158
1565,158
1566,158
1567,158
1568,158
1569,158
1570,158
1571,158
1572,158
1573,158
1574,159
1575,159
1576,159
1577,158
1578,158
1579,158
1580,158
1581,158
1582,158
1583,158
1584,158
1585,158
1586,158
1587,158
1588,158
1589,158
1590,158
1591,158
1592,158
1593,158
1594,158
1595,158
1596,158
1597,158
1598,158
1599,158
1600,158
1601,158
1602,158
1603,158
1604,158
1605,159
1606,159
1607,159
1608,159
1609,159
1610,159
1611,159
1612,159
1613,159
1614,159
1615,159
1616,159
1617,159
1618,159
1619,159
1620,159
1621,159
1622,159
1623,159
1624,159
1625,159
1626,159
1627,159
1628,159
1629,159
1630,159
1631,159
1632,159
1633,159
1634,159
1635,159
1636,159
1637,159
1638,160
1639,160
1640,160
1641,160
1642,160
1643,160
1644,160
1645,160
1646,160
1647,159
1648,160
1649,160
1650,160
1651,160
1652,160
1653,160
1654,160
1655,160
1656,160
1657,160
1658,160
1659,160
1660,160
1661,160
1662,160
1663,160
1664,160
1665,160
1666,160
1667,160
1668,160
1669,160
1670,160
1671,160
1672,160
1673,160
1674,160
1675,160
1676,160
1677,160
1678,160
1679,160
1680,160
1681,160
1682,160
1683,160
1684,160
1685,160
1686,160
1687,160
1688,160
1689,160
1690,160
1691,160
1692,160
1693,160
1694,160
1695,160
1696,160
1697,160
1698,160
1699,160
1700,160
1701,160
1702,160
1703,160
1704,160
1705,160
1706,160
1707,160
1708,160
1709,160
1710,160
1711,160
1712,161
1713,161
1714,161
1715,161
1716,161
1717,161
1718,161
1719,161
1720,161
1721,161
1722,161
1723,161
1724,161
1725,161
1726,161
1727,161
1728,161
1729,161
1730,161
1731,161
1732,161
1733,161
1734,161
1735,161
1736,161
1737,161
1738,161
1739,161
1740,161
1741,161
1742,161
1743,161
1744,161
1745,161
1746,161
1747,161
1748,161
1749,161
1750,161
1751,161
1752,161
1753,161
1754,161
1755,161
1756,161
1757,160
1758,161
1759,161
1760,161
1761,160
1762,160
1763,160
1764,160
1765,160
1766,160
1767,160
1768,160
1769,160
1770,161
1771,160
1772,160
1773,160
1774,160
1775,160
1776,160
1777,160
1778,160
1779,160
1780,160
1781,160
1782,160
1783,160
1784,161
1785,161
1786,161
1787,161
1788,161
1789,161
1790,161
1791,161
1792,161
1793,161
1794,161
1795,161
1796,161
1797,161
1798,161
1799,161
1800,161
1801,161
1802,161
1803,161
1804,161
1805,162
1806,161
1807,161
1808,161
1809,161
1810,161
1811,161
1812,162
1813,161
1814,162
1815,161
1816,162
1817,162
1818,161
1819,161
1820,161
1821,161
1822,161
1823,162
1824,162
1825,161
1826,162
1827,162
1828,162
1829,162
1830,162
1831,162
1832,162
1833,162
1834,162
1835,162
1836,162
1837,162
1838,162
1839,162
1840,162
1841,162
1842,163
1843,163
1844,163
1845,163
1846,163
1847,163
1848,163
1849,163
1850,163
1851,163
1852,163
1853,163
1854,163
1855,163
1856,163
1857,163
1858,163
1859,163
1860,163
1861,163
1862,163
1863,163
1864,163
1865,164
1866,164
1867,164
1868,164
1869,164
1870,164
1871,164
1872,164
1873,164
1874,164
1875,164
1876,164
1877,164
1878,164
1879,164
1880,164
1881,164
1882,164
1883,164
1884,164
1885,164
1886,164
1887,164
1888,164
1889,164
1890,163
1891,163
1892,163
1893,163
1894,163
1895,163
1896,164
1897,164
1898,164
1899,164
1900,164
1901,164
1902,164
1903,165
1904,165
1905,165
1906,165
1907,164
1908,164
1909,164
1910,165
1911,165
1912,165
1913,165
1914,165
1915,165
1916,165
1917,165
1918,165
1919,165
1920,165
1921,165
1922,164
1923,164
1924,165
1925,164
1926,165
1927,165
1928,165
1929,165
1930,165
1931,165
1932,165
1933,165
1934,165
1935,165
1936,165
1937,165
1938,165
1939,165
1940,165
1941,165
1942,165
1943,165
1944,165
1945,165
1946,165
1947,165
1948,165
1949,165
1950,165
1951,165
1952,165
1953,165
1954,165
1955,165
1956,165
1957,165
1958,165
1959,165
1960,165
1961,165
1962,165
1963,165
1964,165
1965,165
1966,165
1967,165
1968,165
1969,165
1970,165
1971,165
1972,165
1973,165
1974,165
1975,165
1976,165
1977,165
1978,165
1979,165
1980,165
1981,165
1982,165
1983,165
1984,165
1985,165
1986,165
1987,165
1988,165
1989,165
1990,165
1991,165
1992,165
1993,165
1994,165
1995,165
1996,165
1997,166
1998,166
1999,166
2000,166
2001,166
2002,166
2003,166
2004,166
2005,166
2006,166
2007,166
2008,166
2009,166
2010,166
2011,166
2012,166
2013,166
2014,166
2015,166
2016,166
2017,166
2018,165
2019,166
2020,166
2021,166
2022,165
2023,165
2024,165
2025,165
2026,165
2027,165
2028,165
2029,165
2030,165
2031,165
2032,165
2033,165
2034,165
2035,165
2036,165
2037,165
2038,165
2039,165
2040,165
2041,165
2042,165
2043,165
2044,165
2045,165
2046,165
2047,165
2048,165
2049,165
2050,165
2051,165
2052,165
2053,165
2054,165
2055,165
2056,165
2057,165
2058,165
2059,165
2060,165
2061,165
2062,165
2063,165
2064,165
2065,165
2066,165
2067,165
2068,165
2069,165
2070,165
2071,165
2072,165
2073,165
2074,165
2075,165
2076,165
2077,165
2078,165
2079,165
2080,165
2081,165
2082,165
2083,165
2084,165
2085,165
2086,165
2087,165
2088,165
2089,165
2090,165
2091,165
2092,165
2093,165
2094,165
2095,165
2096,165
2097,165
2098,165
2099,165
2100,165
2101,165
2102,165
2103,165
2104,165
2105,165
2106,165
2107,165
2108,165
2109,165
2110,165
2111,165
2112,165
2113,165
2114,165
2115,165
2116,165
2117,165
2118,165
2119,165
2120,165
2121,165
2122,165
2123,165
2124,165
2125,165
2126,165
2127,165
2128,165
2129,165
2130,165
2131,165
2132,165
2133,165
2134,165
2135,165
2136,165
2137,165
2138,165
2139,165
2140,165
2141,165
2142,165
2143,165
2144,165
2145,165
2146,165
2147,165
2148,165
2149,165
2150,165
2151,165
2152,165
2153,165
2154,165
2155,165
2156,165
2157,165
2158,165
2159,165
2160,165
2161,165
2162,165
2163,165
2164,165
2165,165
2166,166
2167,166
2168,166
2169,166
2170,166
2171,166
2172,165
2173,165
2174,165
2175,165
2176,166
2177,166
2178,166
2179,166
2180,166
2181,166
2182,166
2183,166
2184,166
2185,166
2186,166
2187,166
2188,166
2189,166
2190,166
2191,166
2192,166
2193,166
2194,166
2195,166
2196,166
2197,166
2198,166
2199,166
2200,166
2201,166
2202,166
2203,166
2204,167
2205,166
2206,167
2207,167
2208,167
2209,167
2210,167
2211,167
2212,167
2213,167
2214,167
2215,167
2216,167
2217,167
2218,167
2219,167
2220,167
2221,167
2222,167
2223,167
2224,167
2225,167
2226,167
2227,167
2228,167
2229,167
2230,167
2231,167
2232,167
2233,167
2234,167
2235,167
2236,167
2237,167
2238,167
2239,167
2240,167
2241,167
2242,167
2243,167
2244,167
2245,167
2246,167
2247,167
2248,167
2249,167
2250,167
2251,167
2252,167
2253,167
2254,167
2255,167
2256,167
2257,167
2258,167
2259,167
2260,167
2261,167
2262,167
2263,167
2264,167
2265,167
2266,167
2267,167
2268,167
2269,167
2270,167
2271,167
2272,167
2273,167
2274,167
2275,167
2276,167
2277,167
2278,167
2279,167
2280,167
2281,167
2282,167
2283,167
2284,167
2285,167
2286,167
2287,167
2288,167
2289,167
2290,167
2291,167
2292,167
2293,167
2294,168
2295,168
2296,168
2297,168
2298,168
2299,168
2300,168
2301,168
2302,168
2303,168
2304,168
2305,168
2306,168
2307,168
2308,168
2309,168
2310,168
2311,168
2312,168
2313,168
2314,168
2315,168
2316,168
2317,168
2318,168
2319,168
2320,168
2321,168
2322,168
2323,168
2324,168
2325,168
2326,168
2327,168
2328,169
2329,169
2330,169
2331,169
2332,169
2333,169
2334,169
2335,169
2336,169
2337,169
2338,169
2339,169
2340,169
2341,169
2342,169
2343,169
2344,169
2345,169
2346,169
2347,169
2348,169
2349,169
2350,169
2351,169
2352,169
2353,169
2354,169
2355,169
2356,169
2357,169
2358,169
2359,169
2360,169
2361,169
2362,169
2363,169
2364,169
2365,169
2366,169
2367,169
2368,169
2369,169
2370,169
2371,169
2372,169
2373,169
2374,169
2375,169
2376,169
2377,169
2378,169
2379,169
2380,169
2381,169
2382,169
2383,170
2384,170
2385,170
2386,170
2387,170
2388,170
2389,170
2390,170
2391,170
2392,170
2393,170
2394,170
2395,170
2396,170
2397,170
2398,170
2399,170
2400,170
2401,170
2402,170
2403,170
2404,170
2405,170
2406,170
2407,170
2408,170
2409,170
2410,170
2411,170
2412,170
2413,170
2414,170
2415,170
2416,170
2417,170
2418,170
2419,170
2420,170
2421,170
2422,170
2423,170
2424,170
2425,170
2426,170
2427,170
2428,170
2429,170
2430,170
2431,170
2432,170
2433,170
2434,170
2435,170
2436,170
2437,170
2438,170
2439,170
2440,170
2441,170
2442,170
2443,170
2444,170
2445,170
2446,170
2447,170
2448,170
2449,170
2450,170
2451,170
2452,170
2453,170
2454,170
2455,170
2456,170
2457,170
2458,170
2459,170
2460,170
2461,170
2462,170
2463,170
2464,170
2465,170
2466,170
2467,170
2468,170
2469,170
2470,170
2471,171
2472,170
2473,171
2474,171
2475,171
2476,171
2477,171
2478,171
2479,171
2480,171
2481,171
2482,171
2483,171
2484,171
2485,171
2486,171
2487,171
2488,171
2489,171
2490,171
2491,171
2492,171
2493,170
2494,170
2495,170
2496,170
2497,170
2498,170
2499,170
2500,170
2501,170
2502,170
2503,170
2504,170
2505,170
2506,170
2507,170
2508,170
2509,170
2510,170
2511,170
2512,170
2513,170
2514,170
2515,170
2516,170
2517,170
2518,170
2519,170
2520,170
2521,170
2522,170
2523,170
2524,170
2525,170
2526,170
2527,170
2528,170
2529,170
2530,170
2531,170
2532,170
2533,170
2534,171
2535,171
2536,171
2537,171
2538,171
2539,171
2540,171
2541,171
2542,171
2543,171
2544,171
2545,171
2546,171
2547,171
2548,171
2549,171
2550,171
2551,171
2552,171
2553,171
2554,171
2555,171
2556,171
2557,171
2558,171
2559,171
2560,171
2561,171
2562,171
2563,171
2564,171
2565,171
2566,171
2567,171
2568,171
2569,171
2570,171
2571,171
2572,171
2573,171
2574,171
2575,171
2576,171
2577,171
2578,171
2579,171
2580,171
2581,171
2582,171
2583,171
2584,171
2585,171
2586,171
2587,171
2588,171
2589,171
2590,171
2591,171
2592,171
2593,171
2594,171
2595,171
2596,171
2597,171
2598,171
2599,171
2600,171
2601,171
2602,171
2603,171
2604,171
2605,171
2606,171
2607,171
2608,171
2609,171
2610,171
2611,171
2612,171
2613,171
2614,171
2615,171
2616,171
2617,171
2618,171
2619,171
2620,171
2621,171
2622,171
2623,171
2624,171
2625,171
2626,171
2627,171
2628,171
2629,171
2630,171
2631,171
2632,171
2633,171
2634,171
2635,171
2636,171
2637,171
2638,171
2639,171
2640,171
2641,171
2642,171
2643,171
2644,171
2645,171
2646,171
2647,171
2648,171
2649,171
2650,171
2651,171
2652,171
2653,171
2654,171
2655,171
2656,171
2657,171
2658,171
2659,171
2660,171
2661,171
2662,171
2663,171
2664,172
2665,172
2666,172
2667,172
2668,172
2669,172
2670,172
2671,172
2672,172
2673,172
2674,172
2675,172
2676,172
2677,172
2678,172
2679,172
2680,172
2681,172
2682,172
2683,172
2684,172
2685,172
2686,172
2687,172
2688,172
2689,172
2690,172
2691,172
2692,172
2693,172
2694,172
2695,172
2696,172
2697,172
2698,172
2699,172
2700,172
2701,172
2702,172
2703,172
2704,172
2705,172
2706,172
2707,172
2708,172
2709,172
2710,172
2711,172
2712,172
2713,172
2714,172
2715,172
2716,172
2717,172
2718,172
2719,172
2720,172
2721,172
2722,172
2723,172
2724,172
2725,172
2726,172
2727,172
2728,172
2729,172
2730,172
2731,172
2732,172
2733,172
2734,172
2735,172
2736,172
2737,172
2738,172
2739,172
2740,172
2741,172
2742,172
2743,172
2744,172
2745,172
2746,172
2747,172
2748,172
2749,172
2750,172
2751,172
2752,172
2753,172
2754,172
2755,172
2756,172
2757,172
2758,172
2759,172
2760,172
2761,172
2762,172
2763,172
2764,172
2765,172
2766,172
2767,172
2768,172
2769,172
2770,172
2771,172
2772,172
2773,172
2774,172
2775,172
2776,172
2777,172
2778,172
2779,172
2780,172
2781,172
2782,172
2783,172
2784,172
2785,172
2786,172
2787,172
2788,172
2789,172
2790,172
2791,172
2792,172
2793,172
2794,172
2795,172
2796,172
2797,172
2798,172
2799,172
2800,172
2801,172
2802,172
2803,172
2804,172
2805,172
2806,172
2807,172
2808,172
2809,172
2810,172
2811,172
2812,172
2813,172
2814,172
2815,172
2816,172
2817,172
2818,172
2819,172
2820,172
2821,173
2822,173
2823,173
2824,173
2825,173
2826,173
2827,173
2828,173
2829,173
2830,173
2831,173
2832,173
2833,173
2834,173
2835,172
2836,173
2837,173
2838,173
2839,173
2840,173
2841,173
2842,173
2843,173
2844,173
2845,173
2846,173
2847,173
2848,173
2849,173
2850,173
2851,173
2852,173
2853,173
2854,173
2855,173
2856,173
2857,173
2858,173
2859,173
2860,173
2861,173
2862,173
2863,173
2864,173
2865,173
2866,173
2867,173
2868,173
2869,173
2870,173
2871,173
2872,173
2873,173
2874,173
2875,173
2876,173
2877,173
2878,173
2879,173
2880,173
2881,173
2882,173
2883,173
2884,173
2885,173
2886,173
2887,173
2888,173
2889,173
2890,173
2891,173
2892,173
2893,173
2894,173
2895,173
2896,173
2897,173
2898,173
2899,173
2900,173
2901,173
2902,173
2903,173
2904,173
2905,173
2906,173
2907,173
2908,173
2909,173
2910,173
2911,173
2912,173
2913,173
2914,173
2915,173
2916,173
2917,173
2918,173
2919,173
2920,173
2921,173
2922,173
2923,173
2924,173
2925,173
2926,173
2927,173
2928,173
2929,172
2930,172
2931,172
2932,172
2933,172
2934,172
2935,172
2936,172
2937,172
2938,172
2939,172
2940,172
2941,172
2942,172
2943,172
2944,172
2945,172
2946,172
2947,172
2948,172
2949,172
2950,172
2951,172
2952,172
2953,172
2954,172
2955,173
2956,173
2957,173
2958,173
2959,173
2960,173
2961,173
2962,173
2963,173
2964,173
2965,173
2966,173
2967,173
2968,173
2969,173
2970,173
2971,173
2972,173
2973,173
2974,173
2975,173
2976,173
2977,173
2978,173
2979,173
2980,173
2981,173
2982,173
2983,173
2984,173
2985,173
2986,173
2987,173
2988,173
2989,173
2990,173
2991,173
2992,173
2993,173
2994,173
2995,173
2996,173
2997,173
2998,173
2999,173
3000,173
3001,173
3002,173
3003,173
3004,173
3005,172
3006,172
3007,172
3008,172
3009,173
3010,173
3011,173
3012,173
3013,173
3014,173
3015,173
3016,173
3017,173
3018,173
3019,173
3020,173
3021,173
3022,173
3023,173
3024,173
3025,173
3026,173
3027,173
3028,173
3029,173
3030,173
3031,173
3032,173
3033,173
3034,173
3035,173
3036,173
3037,173
3038,173
3039,173
3040,173
3041,173
3042,173
3043,173
3044,173
3045,173
3046,173
3047,173
3048,173
3049,173
3050,173
3051,173
3052,173
3053,173
3054,173
3055,173
3056,173
3057,173
3058,173
3059,173
3060,173
3061,173
3062,173
3063,173
3064,173
3065,173
3066,173
3067,173
3068,173
3069,173
3070,173
3071,173
3072,173
3073,173
3074,173
3075,173
3076,172
3077,172
3078,172
3079,172
3080,172
3081,172
3082,172
3083,172
3084,172
3085,172
3086,172
3087,172
3088,172
3089,172
3090,172
3091,172
3092,172
3093,172
3094,172
3095,172
3096,172
3097,172
3098,172
3099,172
3100,172
3101,172
3102,172
3103,172
3104,172
3105,172
3106,172
3107,172
3108,172
3109,172
3110,172
3111,172
3112,172
3113,172
3114,172
3115,172
3116,172
3117,172
3118,172
3119,172
3120,172
3121,172
3122,172
3123,171
3124,171
3125,171
3126,171
3127,171
3128,171
3129,172
3130,172
3131,172
3132,172
3133,172
3134,172
3135,172
3136,172
3137,172
3138,172
3139,172
3140,172
3141,172
3142,172
3143,172
3144,172
3145,172
3146,172
3147,172
3148,172
3149,172
3150,172
3151,172
3152,172
3153,172
3154,172
3155,172
3156,172
3157,172
3158,172
3159,172
3160,172
3161,172
3162,172
3163,172
3164,172
3165,172
3166,172
3167,172
3168,172
3169,172
3170,172
3171,172
3172,172
3173,172
3174,172
3175,171
3176,172
3177,172
3178,172
3179,172
3180,172
3181,172
3182,172
3183,172
3184,172
3185,172
3186,172
3187,172
3188,172
3189,172
3190,172
3191,172
3192,172
3193,172
3194,172
3195,172
3196,172
3197,172
3198,172
3199,172
3200,172
3201,172
3202,172
3203,172
3204,172
3205,172
3206,172
3207,171
3208,171
3209,171
3210,171
3211,171
3212,171
3213,171
3214,171
3215,171
3216,172
3217,172
3218,172
3219,172
3220,172
3221,172
3222,172
3223,172
3224,172
3225,172
3226,172
3227,172
3228,172
3229,172
3230,171
3231,172
3232,171
3233,171
3234,172
3235,172
3236,172
3237,171
3238,171
3239,172
3240,172
3241,172
3242,172
3243,172
3244,172
3245,172
3246,172
3247,172
3248,172
3249,171
3250,171
3251,171
3252,171
3253,171
3254,171
3255,171
3256,171
3257,171
3258,171
3259,171
3260,171
3261,171
3262,171
3263,171
3264,171
3265,171
3266,171
3267,171
3268,171
3269,171
3270,171
3271,171
3272,171
3273,171
3274,171
3275,171
3276,171
3277,172
3278,172
3279,172
3280,172
3281,172
3282,172
3283,172
3284,172
3285,172
3286,172
3287,172
3288,171
3289,171
3290,171
3291,171
3292,171
3293,171
3294,171
3295,171
3296,171
3297,171
3298,171
3299,171
3300,171
3301,171
3302,171
3303,171
3304,171
3305,171
3306,171
3307,171
3308,171
3309,171
3310,171
3311,171
3312,171
3313,171
3314,171
3315,171
3316,171
3317,171
3318,171
3319,171
3320,171
3321,171
3322,171
3323,171
3324,171
3325,171
3326,171
3327,171
3328,171
3329,171
3330,171
3331,171
3332,171
3333,171
3334,171
3335,171
3336,171
3337,171
3338,171
3339,171
3340,171
3341,171
3342,171
3343,171
3344,171
3345,171
3346,171
3347,171
3348,171
3349,171
3350,171
3351,171
3352,171
3353,171
3354,171
3355,171
3356,171
3357,171
3358,171
3359,171
3360,171
3361,171
3362,171
3363,171
3364,171
3365,171
3366,171
3367,171
3368,171
3369,171
3370,171
3371,171
3372,171
3373,171
3374,171
3375,171
3376,171
3377,171
3378,171
3379,171
3380,171
3381,171
3382,171
3383,171
3384,171
3385,171
3386,171
3387,171
3388,171
3389,171
3390,171
3391,171
3392,171
3393,171
3394,171
3395,171
3396,171
3397,171
3398,171
3399,171
3400,171
3401,171
3402,171
3403,171
3404,171
3405,171
3406,171
3407,171
3408,171
3409,171
3410,171
3411,171
3412,171
3413,171
3414,171
3415,171
3416,171
3417,171
3418,171
3419,171
3420,171
3421,171
3422,171
3423,171
3424,171
3425,171
3426,171
3427,171
3428,171
3429,171
3430,171
3431,171
3432,171
3433,171
3434,171
3435,171
3436,171
3437,171
3438,171
3439,171
3440,171
3441,171
3442,171
3443,171
3444,171
3445,171
3446,171
3447,171
3448,171
3449,171
3450,171
3451,171
3452,171
3453,171
3454,171
3455,171
3456,171
3457,171
3458,172
3459,172
3460,172
3461,172
3462,172
3463,172
3464,172
3465,172
3466,172
3467,172
3468,172
3469,172
3470,172
3471,172
3472,172
3473,172
3474,172
3475,172
3476,172
3477,171
3478,171
3479,171
3480,171
3481,171
3482,171
3483,171
3484,171
3485,172
3486,172
3487,172
3488,172
3489,172
3490,172
3491,172
3492,172
3493,172
3494,172
3495,172
3496,172
3497,172
3498,172
3499,172
3500,172
3501,172
3502,172
3503,171
3504,171
3505,171
3506,171
3507,172
3508,171
3509,171
3510,171
3511,171
3512,171
3513,171
3514,171
3515,171
3516,171
3517,171
3518,171
3519,171
3520,171
3521,171
3522,171
3523,171
3524,171
3525,171
3526,171
3527,171
3528,171
3529,171
3530,171
3531,171
3532,171
3533,171
3534,171
3535,171
3536,171
3537,171
3538,171
3539,171
3540,171
3541,171
3542,171
3543,171
3544,171
3545,171
3546,171
3547,171
3548,171
3549,171
3550,171
3551,171
3552,171
3553,171
3554,171
3555,171
3556,171
3557,171
3558,171
3559,171
3560,171
3561,171
3562,171
3563,171
3564,171
3565,171
3566,171
3567,171
3568,171
3569,171
3570,171
3571,171
3572,171
3573,171
3574,171
3575,171
3576,171
3577,171
3578,171
3579,171
3580,171
3581,171
3582,171
3583,171
3584,171
3585,171
3586,171
3587,171
3588,171
3589,171
3590,171
3591,171
3592,171
3593,171
3594,171
3595,171
3596,171
3597,171
3598,171
3599,171
3600,171
3601,171
3602,171
3603,171
3604,171
3605,171
3606,171
3607,171
3608,171
3609,171
3610,171
3611,171
3612,171
3613,171
3614,172
3615,172
3616,172
3617,172
3618,172
3619,172
3620,172
3621,172
3622,172
3623,172
3624,172
3625,172
3626,172
3627,172
3628,172
3629,171
3630,171
3631,171
3632,171
3633,171
3634,172
3635,172
3636,172
3637,172
3638,172
3639,172
3640,172
3641,172
3642,172
3643,172
3644,172
3645,172
3646,172
3647,172
3648,172
3649,172
3650,172
3651,172
3652,172
3653,172
3654,172
3655,172
3656,172
3657,172
3658,172
3659,172
3660,172
3661,172
3662,172
3663,172
3664,172
3665,172
3666,172
3667,172
3668,172
3669,172
3670,172
3671,172
3672,172
3673,172
3674,172
3675,172
3676,172
3677,172
3678,172
3679,172
3680,172
3681,172
3682,172
3683,172
3684,172
3685,172
3686,172
3687,172
3688,172
3689,172
3690,172
3691,173
3692,173
3693,173
3694,173
3695,173
3696,173
3697,173
3698,173
3699,173
3700,173
3701,173
3702,173
3703,173
3704,173
3705,173
3706,173
3707,173
3708,173
3709,173
3710,173
3711,173
3712,173
3713,173
3714,173
3715,173
3716,173
3717,173
3718,173
3719,173
3720,173
3721,173
3722,173
3723,173
3724,172
3725,173
3726,173
3727,173
3728,173
3729,173
3730,173
3731,173
3732,173
3733,173
3734,173
3735,173
3736,173
3737,173
3738,173
3739,173
3740,173
3741,173
3742,173
3743,173
3744,173
3745,173
3746,173
3747,173
3748,173
3749,173
3750,173
3751,173
3752,173
3753,173
3754,173
3755,173
3756,173
3757,173
3758,172
3759,172
3760,172
3761,172
3762,172
3763,172
3764,172
3765,172
3766,172
3767,172
3768,172
3769,173
3770,172
3771,172
3772,172
3773,173
3774,172
3775,172
3776,172
3777,173
3778,172
3779,172
3780,172
3781,172
3782,172
3783,172
3784,172
3785,172
3786,172
3787,172
3788,173
3789,173
3790,173
3791,173
3792,173
3793,173
3794,173
3795,173
3796,173
3797,173
3798,173
3799,173
3800,173
3801,173
3802,173
3803,173
3804,173
3805,173
3806,173
3807,172
3808,172
3809,173
3810,173
3811,172
3812,173
3813,173
3814,172
3815,172
3816,173
3817,173
3818,173
3819,173
3820,173
3821,173
3822,173
3823,173
3824,172
3825,172
3826,172
3827,172
3828,172
3829,172
3830,172
3831,172
3832,172
3833,172
3834,172
3835,172
3836,172
3837,172
3838,172
3839,172
3840,172
3841,173
3842,173
3843,173
3844,173
3845,173
3846,173
3847,173
3848,173
3849,173
3850,173
3851,173
3852,173
3853,173
3854,173
3855,173
3856,173
3857,173
3858,173
3859,173
3860,173
3861,173
3862,173
3863,173
3864,173
3865,173
3866,173
3867,173
3868,173
3869,173
3870,173
3871,173
3872,173
3873,173
3874,173
3875,173
3876,173
3877,173
3878,173
3879,173
3880,173
3881,173
3882,173
3883,173
3884,173
3885,173
3886,173
3887,173
3888,173
3889,173
3890,173
3891,173
3892,173
3893,173
3894,173
3895,173
3896,173
3897,173
3898,173
3899,173
3900,173
3901,173
3902,173
3903,173
3904,174
3905,174
3906,174
3907,174
3908,174
3909,173
3910,173
3911,173
3912,173
3913,173
3914,173
3915,174
3916,174
3917,174
3918,174
3919,174
3920,174
3921,174
3922,174
3923,174
3924,174
3925,174
3926,174
3927,174
3928,174
3929,174
3930,174
3931,174
3932,174
3933,174
3934,174
3935,174
3936,174
3937,174
3938,174
3939,174
3940,174
3941,174
3942,174
3943,174
3944,174
3945,174
3946,174
3947,174
3948,174
3949,174
3950,174
3951,174
3952,174
3953,174
3954,174
3955,174
3956,174
3957,174
3958,174
3959,174
3960,174
3961,174
3962,174
3963,174
3964,174
3965,174
3966,174
3967,174
3968,174
3969,174
3970,174
3971,174
3972,174
3973,174
3974,174
3975,174
3976,174
3977,174
3978,174
3979,174
3980,174
3981,174
3982,174
3983,174
3984,174
3985,174
3986,174
3987,174
3988,174
3989,174
3990,174
3991,174
3992,174
3993,174
3994,174
3995,174
3996,174
3997,174
3998,174
3999,174
4000,174
4001,174
4002,174
4003,174
4004,174
4005,174
4006,174
4007,174
4008,174
4009,174
4010,174
4011,174
4012,174
4013,174
4014,174
4015,174
4016,174
4017,174
4018,174
4019,174
4020,174
4021,174
4022,175
4023,174
4024,174
4025,174
4026,174
4027,174
4028,174
4029,174
4030,174
4031,174
4032,174
4033,174
4034,174
4035,174
4036,174
4037,174
4038,174
4039,175
4040,175
4041,175
4042,175
4043,175
4044,175
4045,175
4046,175
4047,175
4048,175
4049,175
4050,175
4051,174
4052,174
4053,174
4054,174
4055,174
4056,174
4057,174
4058,174
4059,174
4060,174
4061,174
4062,174
4063,174
4064,174
4065,174
4066,174
4067,174
4068,174
4069,174
4070,174
4071,174
4072,174
4073,174
4074,174
4075,174
4076,174
4077,174
4078,174
4079,174
4080,174
4081,174
4082,174
4083,174
4084,174
4085,174
4086,174
4087,174
4088,174
4089,174
4090,174
4091,174
4092,174
4093,174
4094,174
4095,174
4096,174
4097,174
4098,174
4099,174
4100,174
4101,174
4102,174
4103,174
4104,174
4105,174
4106,174
4107,174
4108,174
4109,174
4110,174
4111,174
4112,174
4113,174
4114,174
4115,174
4116,174
4117,174
4118,174
4119,174
4120,174
4121,174
4122,174
4123,174
4124,174
4125,174
4126,174
4127,174
4128,174
4129,174
4130,174
4131,174
4132,174
4133,174
4134,174
4135,174
4136,174
4137,174
4138,174
4139,174
4140,174
4141,174
4142,174
4143,174
4144,174
4145,174
4146,174
4147,174
4148,174
4149,174
4150,174
4151,174
4152,174
4153,174
4154,174
4155,174
4156,174
4157,174
4158,174
4159,174
4160,174
4161,174
4162,174
4163,174
4164,174
4165,174
4166,174
4167,175
4168,175
4169,175
4170,175
4171,174
4172,175
4173,175
4174,175
4175,175
4176,175
4177,175
4178,174
4179,175
4180,175
4181,175
4182,175
4183,175
4184,175
4185,174
4186,174
4187,175
4188,175
4189,175
4190,175
4191,175
4192,175
4193,175
4194,175
4195,175
4196,175
4197,175
4198,175
4199,175
4200,175
4201,175
4202,175
4203,175
4204,175
4205,175
4206,175
4207,175
4208,175
4209,175
4210,175
4211,175
4212,175
4213,175
4214,175
4215,175
4216,175
4217,175
4218,175
4219,175
4220,175
4221,175
4222,175
4223,175
4224,174
4225,175
4226,175
4227,174
4228,174
4229,174
4230,174
4231,174
4232,174
4233,174
4234,174
4235,174
4236,174
4237,175
4238,175
4239,175
4240,175
4241,175
4242,175
4243,175
4244,175
4245,175
4246,175
4247,175
4248,175
4249,175
4250,175
4251,175
4252,175
4253,175
4254,175
4255,175
4256,174
4257,174
4258,174
4259,174
4260,174
4261,174
4262,174
4263,174
4264,174
4265,174
4266,174
4267,174
4268,174
4269,174
4270,174
4271,174
4272,174
4273,174
4274,174
4275,174
4276,174
4277,174
4278,174
4279,174
4280,174
4281,174
4282,174
4283,174
4284,174
4285,174
4286,174
4287,174
4288,174
4289,174
4290,174
4291,174
4292,174
4293,174
4294,174
4295,174
4296,174
4297,174
4298,174
4299,174
4300,174
4301,174
4302,174
4303,174
4304,174
4305,174
4306,174
4307,174
4308,175
4309,174
4310,175
4311,175
4312,175
4313,175
4314,175
4315,175
4316,175
4317,175
4318,175
4319,175
4320,175
4321,175
4322,175
4323,175
4324,175
4325,175
4326,175
4327,175
4328,175
4329,175
4330,175
4331,175
4332,175
4333,175
4334,175
4335,175
4336,175
4337,175
4338,175
4339,175
4340,175
4341,175
4342,175
4343,175
4344,175
4345,175
4346,175
4347,175
4348,175
4349,175
4350,175
4351,175
4352,175
4353,175
4354,175
4355,175
4356,175
4357,175
4358,175
4359,175
4360,175
4361,175
4362,175
4363,175
4364,175
4365,175
4366,175
4367,175
4368,175
4369,175
4370,175
4371,175
4372,175
4373,175
4374,175
4375,175
4376,175
4377,175
4378,175
4379,175
4380,175
4381,175
4382,175
4383,175
4384,175
4385,175
4386,175
4387,175
4388,175
4389,175
4390,175
4391,175
4392,175
4393,175
4394,175
4395,175
4396,175
4397,175
4398,175
4399,175
4400,176
4401,176
4402,175
4403,175
4404,175
4405,176
4406,176
4407,176
4408,176
4409,176
4410,176
4411,176
4412,176
4413,176
4414,176
4415,176
4416,175
4417,175
4418,176
4419,176
4420,176
4421,176
4422,176
4423,176
4424,176
4425,176
4426,176
4427,176
4428,176
4429,176
4430,176
4431,176
4432,176
4433,176
4434,176
4435,176
4436,176
4437,176
4438,176
4439,176
4440,176
4441,176
4442,176
4443,176
4444,176
4445,176
4446,176
4447,176
4448,176
4449,176
4450,176
4451,176
4452,176
4453,176
4454,176
4455,176
4456,176
4457,176
4458,176
4459,176
4460,176
4461,176
4462,175
4463,175
4464,175
4465,175
4466,175
4467,175
4468,175
4469,175
4470,175
4471,176
4472,176
4473,176
4474,175
4475,176
4476,175
4477,175
4478,175
4479,175
4480,175
4481,175
4482,175
4483,175
4484,175
4485,175
4486,175
4487,175
4488,175
4489,175
4490,175
4491,175
4492,175
4493,175
4494,175
4495,175
4496,175
4497,175
4498,175
4499,175
4500,175
4501,175
4502,175
4503,176
4504,176
4505,176
4506,176
4507,176
4508,176
4509,176
4510,176
4511,176
4512,176
4513,176
4514,176
4515,176
4516,176
4517,176
4518,176
4519,176
4520,176
4521,176
4522,176
4523,176
4524,176
4525,176
4526,176
4527,176
4528,176
4529,176
4530,176
4531,176
4532,176
4533,176
4534,176
4535,176
4536,176
4537,176
4538,176
4539,176
4540,176
4541,176
4542,176
4543,176
4544,176
4545,176
4546,176
4547,176
4548,176
4549,176
4550,176
4551,176
4552,176
4553,176
4554,176
4555,176
4556,176
4557,176
4558,176
4559,176
4560,176
4561,176
4562,176
4563,176
4564,176
4565,176
4566,176
4567,176
4568,176
4569,176
4570,176
4571,176
4572,176
4573,177
4574,177
4575,176
4576,176
4577,176
4578,177
4579,176
4580,176
4581,176
4582,176
4583,176
4584,176
4585,176
4586,177
4587,177
4588,177
4589,177
4590,177
4591,177
4592,177
4593,177
4594,177
4595,177
4596,177
4597,177
4598,177
4599,177
4600,177
4601,177
4602,177
4603,177
4604,177
4605,177
4606,177
4607,177
4608,177
4609,177
4610,177
4611,177
4612,177
4613,177
4614,177
4615,177
4616,177
4617,177
4618,177
4619,177
4620,177
4621,177
4622,177
4623,177
4624,177
4625,177
4626,177
4627,177
4628,177
4629,177
4630,177
4631,177
4632,177
4633,177
4634,177
4635,177
4636,177
4637,177
4638,177
4639,177
4640,177
4641,177
4642,177
4643,177
4644,177
4645,177
4646,177
4647,177
4648,177
4649,177
4650,177
4651,178
4652,177
4653,178
4654,178
4655,178
4656,178
4657,178
4658,178
4659,178
4660,178
4661,178
4662,178
4663,178
4664,178
4665,178
4666,178
4667,178
4668,177
4669,178
4670,178
4671,178
4672,178
4673,178
4674,177
4675,177
4676,177
4677,177
4678,177
4679,177
4680,177
4681,177
4682,177
4683,177
4684,177
4685,177
4686,177
4687,177
4688,177
4689,177
4690,177
4691,177
4692,177
4693,177
4694,178
4695,177
4696,177
4697,177
4698,177
4699,177
4700,177
4701,177
4702,177
4703,177
4704,177
4705,177
4706,178
4707,178
4708,178
4709,177
4710,177
4711,178
4712,178
4713,178
4714,178
4715,178
4716,178
4717,178
4718,178
4719,178
4720,178
4721,178
4722,177
4723,177
4724,177
4725,177
4726,177
4727,177
4728,177
4729,178
4730,178
4731,178
4732,178
4733,178
4734,178
4735,178
4736,178
4737,178
4738,178
4739,178
4740,178
4741,178
4742,178
4743,178
4744,178
4745,179
4746,179
4747,179
4748,179
4749,179
4750,179
4751,179
4752,179
4753,179
4754,178
4755,178
4756,178
4757,178
4758,178
4759,178
4760,178
4761,178
4762,178
4763,178
4764,178
4765,178
4766,179
4767,179
4768,179
4769,178
4770,179
4771,178
4772,178
4773,178
4774,178
4775,178
4776,178
4777,179
4778,179
4779,179
4780,178
4781,178
4782,178
4783,178
4784,178
4785,178
4786,178
4787,178
4788,178
4789,179
4790,178
4791,179
4792,179
4793,179
4794,179
4795,179
4796,179
4797,179
4798,179
4799,179
4800,179
4801,178
4802,178
4803,178
4804,178
4805,179
4806,179
4807,178
4808,178
4809,178
4810,178
4811,179
4812,179
4813,178
4814,178
4815,178
4816,178
4817,178
4818,178
4819,178
4820,178
4821,178
4822,178
4823,178
4824,178
4825,178
4826,178
4827,178
4828,178
4829,179
4830,179
4831,179
4832,179
4833,179
4834,179
4835,179
4836,179
4837,179
4838,179
4839,179
4840,179
4841,179
4842,179
4843,179
4844,179
4845,179
4846,179
4847,179
4848,179
4849,179
4850,179
4851,179
4852,179
4853,179
4854,179
4855,179
4856,179
4857,179
4858,179
4859,180
4860,180
4861,179
4862,179
4863,179
4864,179
4865,179
4866,179
4867,179
4868,179
4869,179
4870,179
4871,179
4872,179
4873,179
4874,179
4875,179
4876,179
4877,179
4878,180
4879,180
4880,180
4881,180
4882,180
4883,180
4884,180
4885,180
4886,180
4887,180
4888,180
4889,180
4890,180
4891,180
4892,180
4893,180
4894,180
4895,180
4896,180
4897,180
4898,180
4899,180
4900,180
4901,180
4902,180
4903,180
4904,180
4905,180
4906,180
4907,180
4908,180
4909,179
4910,179
4911,179
4912,179
4913,180
4914,179
4915,180
4916,179
4917,180
4918,179
4919,180
4920,180
4921,179
4922,179
4923,179
4924,179
4925,179
4926,179
4927,180
4928,180
4929,179
4930,180
4931,180
4932,180
4933,180
4934,180
4935,180
4936,180
4937,180
4938,180
4939,180
4940,180
4941,180
4942,180
4943,180
4944,180
4945,180
4946,180
4947,180
4948,180
4949,180
4950,180
4951,180
4952,180
4953,180
4954,180
4955,180
4956,180
4957,180
4958,180
4959,180
4960,180
4961,180
4962,180
4963,180
4964,180
4965,180
4966,180
4967,180
4968,180
4969,180
4970,180
4971,180
4972,180
4973,180
4974,181
4975,180
4976,180
4977,180
4978,180
4979,180
4980,180
4981,180
4982,180
4983,180
4984,180
4985,181
4986,180
4987,180
4988,180
4989,181
4990,181
4991,181
4992,181
4993,181
4994,181
4995,181
4996,181
4997,181
4998,181
4999,181
5000,181
5001,181
5002,181
5003,181
5004,181
5005,181
5006,181
5007,181
5008,181
5009,181
5010,181
5011,181
5012,181
5013,181
5014,181
5015,181
5016,181
5017,181
5018,181
5019,181
5020,181
5021,181
5022,181
5023,181
5024,181
5025,181
5026,181
5027,181
5028,181
5029,181
5030,181
5031,181
5032,181
5033,181
5034,181
5035,181
5036,181
5037,181
5038,181
5039,181
5040,181
5041,181
5042,181
5043,181
5044,181
5045,181
5046,181
5047,181
5048,181
5049,182
5050,181
5051,182
5052,182
5053,182
5054,182
5055,182
5056,182
5057,182
5058,182
5059,182
5060,182
5061,182
5062,182
5063,182
5064,182
5065,182
5066,182
5067,182
5068,182
5069,182
5070,182
5071,182
5072,182
5073,182
5074,182
5075,182
5076,182
5077,182
5078,182
5079,182
5080,182
5081,182
5082,182
5083,182
5084,182
5085,183
5086,183
5087,183
5088,182
5089,182
5090,182
5091,182
5092,182
5093,182
5094,182
5095,182
5096,182
5097,182
5098,182
5099,182
5100,182
5101,182
5102,182
5103,182
5104,182
5105,182
5106,182
5107,182
5108,182
5109,182
5110,182
5111,182
5112,182
5113,182
5114,182
5115,182
5116,182
5117,182
5118,182
5119,182
5120,182
5121,182
5122,182
5123,182
5124,182
5125,182
5126,182
5127,182
5128,182
5129,182
5130,182
5131,182
5132,182
5133,182
5134,182
5135,182
5136,182
5137,182
5138,182
5139,183
5140,183
5141,183
5142,183
5143,183
5144,182
5145,182
5146,182
5147,182
5148,182
5149,182
5150,182
5151,182
5152,182
5153,182
5154,182
5155,182
5156,182
5157,182
5158,182
5159,182
5160,182
5161,182
5162,182
5163,182
5164,182
5165,182
5166,182
5167,182
5168,182
5169,182
5170,182
5171,182
5172,182
5173,182
5174,182
5175,182
5176,182
5177,182
5178,182
5179,182
5180,182
5181,183
5182,182
5183,182
5184,183
5185,183
5186,183
5187,182
5188,182
5189,182
5190,182
5191,182
5192,182
5193,182
5194,182
5195,182
5196,182
5197,182
5198,182
5199,182
5200,182
5201,182
5202,182
5203,182
5204,182
5205,182
5206,182
5207,182
5208,182
5209,183
5210,183
5211,183
5212,183
5213,183
5214,182
5215,182
5216,182
5217,182
5218,182
5219,183
5220,182
5221,182
5222,182
5223,182
5224,183
5225,182
5226,182
5227,183
5228,182
5229,182
5230,183
5231,183
5232,183
5233,182
5234,183
5235,183
5236,183
5237,182
5238,182
5239,182
5240,182
5241,182
5242,182
5243,182
5244,182
5245,182
5246,182
5247,182
5248,182
5249,182
5250,182
5251,182
5252,182
5253,182
5254,182
5255,182
5256,182
5257,182
5258,182
5259,182
5260,182
5261,182
5262,182
5263,182
5264,182
5265,182
5266,182
5267,182
5268,182
5269,182
5270,182
5271,182
5272,182
5273,182
5274,182
5275,182
5276,182
5277,182
5278,182
5279,182
5280,182
5281,182
5282,182
5283,182
5284,182
5285,182
5286,182
5287,182
5288,182
5289,182
5290,182
5291,183
5292,182
5293,183
5294,183
5295,182
5296,183
5297,183
5298,183
5299,183
5300,183
5301,183
5302,183
5303,183
5304,183
5305,183
5306,183
5307,183
5308,183
5309,183
5310,183
5311,183
5312,183
5313,183
5314,183
5315,183
5316,183
5317,183
5318,183
5319,183
5320,183
5321,183
5322,183
5323,183
5324,183
5325,184
5326,184
5327,184
5328,183
5329,183
5330,183
5331,183
5332,183
5333,183
5334,183
5335,183
5336,183
5337,183
5338,183
5339,183
5340,182
5341,182
5342,182
5343,182
5344,183
5345,183
5346,183
5347,183
5348,183
5349,183
5350,183
5351,183
5352,183
5353,183
5354,183
5355,183
5356,183
5357,183
5358,183
5359,183
5360,183
5361,183
5362,184
5363,184
5364,184
5365,184
5366,184
5367,184
5368,184
5369,183
5370,183
5371,184
5372,183
5373,184
5374,184
5375,184
5376,184
5377,184
5378,184
5379,184
5380,184
5381,184
5382,184
5383,184
5384,184
5385,184
5386,184
5387,184
5388,184
5389,184
5390,184
5391,184
5392,184
5393,185
5394,185
5395,185
5396,185
5397,185
5398,185
5399,185
5400,185
5401,185
5402,185
5403,185
5404,185
5405,185
5406,185
5407,185
5408,185
5409,185
5410,184
5411,184
5412,184
5413,184
5414,184
5415,184
5416,184
5417,185
5418,185
5419,185
5420,185
5421,185
5422,185
5423,185
5424,185
5425,185
5426,185
5427,185
5428,185
5429,185
5430,185
5431,185
5432,185
5433,185
5434,185
5435,185
5436,185
5437,185
5438,185
5439,185
5440,185
5441,185
5442,185
5443,186
5444,185
5445,185
5446,185
5447,185
5448,185
5449,185
5450,185
5451,185
5452,185
5453,185
5454,185
5455,185
5456,185
5457,185
5458,185
5459,185
5460,186
5461,186
5462,186
5463,186
5464,186
5465,186
5466,186
5467,186
5468,186
5469,186
5470,186
5471,186
5472,186
5473,186
5474,187
5475,186
5476,186
5477,187
5478,187
5479,187
5480,187
5481,187
5482,187
5483,187
5484,187
5485,187
5486,187
5487,187
5488,187
5489,187
5490,187
5491,187
5492,187
5493,187
5494,187
5495,187
5496,187
5497,187
5498,187
5499,187
5500,187
5501,187
5502,187
5503,187
5504,188
5505,188
5506,188
5507,188
5508,188
5509,188
5510,188
5511,188
5512,188
5513,188
5514,188
5515,188
5516,188
5517,188
5518,188
5519,188
5520,188
5521,188
5522,188
5523,188
5524,188
5525,188
5526,188
5527,188
5528,188
5529,188
5530,188
5531,188
5532,188
5533,188
5534,188
5535,188
5536,188
5537,188
5538,188
5539,187
5540,187
5541,187
5542,187
5543,187
5544,187
5545,187
5546,187
5547,187
5548,187
5549,187
5550,187
5551,187
5552,187
5553,187
5554,187
5555,187
5556,187
5557,187
5558,187
5559,187
5560,187
5561,187
5562,187
5563,187
5564,186
5565,187
5566,187
5567,187
5568,187
5569,187
5570,187
5571,187
5572,187
5573,187
5574,187
5575,187
5576,187
5577,187
5578,187
5579,187
5580,187
5581,187
5582,187
5583,187
5584,187
5585,187
5586,187
5587,187
5588,187
5589,187
5590,187
5591,187
5592,187
5593,187
5594,187
5595,187
5596,187
5597,187
5598,187
5599,187
5600,187
5601,187
5602,187
5603,187
5604,187
5605,187
5606,187
5607,187
5608,187
5609,187
5610,187
5611,187
5612,187
5613,187
5614,187
5615,187
5616,188
5617,188
5618,188
5619,188
5620,188
5621,188
5622,188
5623,188
5624,188
5625,188
5626,188
5627,188
5628,188
5629,188
5630,188
5631,188
5632,188
5633,188
5634,188
5635,188
5636,188
5637,188
5638,188
5639,188
5640,188
5641,188
5642,188
5643,188
5644,188
5645,188
5646,188
5647,188
5648,187
5649,188
5650,188
5651,188
5652,188
5653,188
5654,188
5655,187
5656,187
5657,188
5658,188
5659,188
5660,188
5661,188
5662,188
5663,188
5664,188
5665,188
5666,188
5667,188
5668,188
5669,188
5670,188
5671,188
5672,188
5673,188
5674,188
5675,188
5676,188
5677,188
5678,188
5679,188
5680,188
5681,188
5682,188
5683,188
5684,188
5685,188
5686,188
5687,188
5688,187
5689,187
5690,187
5691,187
5692,187
5693,187
5694,187
5695,187
5696,187
5697,187
5698,187
5699,187
5700,188
5701,188
5702,187
5703,187
5704,187
5705,187
5706,187
5707,187
5708,187
5709,187
5710,187
5711,187
5712,187
5713,187
5714,187
5715,187
5716,187
5717,188
5718,187
5719,187
5720,187
5721,187
5722,187
5723,187
5724,187
5725,187
5726,187
5727,187
5728,187
5729,187
5730,187
5731,187
5732,187
5733,187
5734,187
5735,187
5736,187
5737,187
5738,187
5739,187
5740,187
5741,187
5742,187
5743,187
5744,187
5745,187
5746,187
5747,187
5748,187
5749,187
5750,187
5751,187
5752,188
5753,188
5754,188
5755,188
5756,187
5757,188
5758,188
5759,188
5760,188
5761,187
5762,187
5763,188
5764,187
5765,187
5766,187
5767,187
5768,187
5769,187
5770,187
5771,187
5772,187
5773,187
5774,187
5775,187
5776,187
5777,187
5778,187
5779,187
5780,187
5781,187
5782,187
5783,187
5784,187
5785,187
5786,187
5787,187
5788,187
5789,187
5790,187
5791,187
5792,187
5793,187
5794,187
5795,187
5796,187
5797,187
5798,187
5799,186
5800,186
5801,186
5802,186
5803,186
5804,186
5805,186
5806,186
5807,186
5808,186
5809,186
5810,186
5811,186
5812,186
5813,187
5814,187
5815,187
5816,187
5817,187
5818,187
5819,187
5820,187
5821,187
5822,187
5823,188
5824,187
5825,187
5826,187
5827,187
5828,187
5829,187
5830,188
5831,188
5832,188
5833,187
5834,187
5835,187
5836,187
5837,187
5838,187
5839,187
5840,188
5841,188
5842,187
5843,187
5844,188
5845,188
5846,188
5847,187
5848,187
5849,187
5850,188
5851,188
5852,188
5853,188
5854,188
5855,188
5856,188
5857,188
5858,188
5859,187
5860,187
5861,187
5862,187
5863,187
5864,187
5865,187
5866,188
5867,188
5868,188
5869,188
5870,187
5871,188
5872,188
5873,188
5874,188
5875,188
5876,188
5877,188
5878,188
5879,188
5880,188
5881,188
5882,188
5883,188
5884,188
5885,188
5886,188
5887,188
5888,188
5889,188
5890,188
5891,188
5892,188
5893,188
5894,188
5895,188
5896,188
5897,188
5898,188
5899,188
5900,188
5901,188
5902,188
5903,188
5904,188
5905,188
5906,188
5907,188
5908,188
5909,188
5910,188
5911,188
5912,188
5913,188
5914,188
5915,188
5916,188
5917,188
5918,188
5919,188
5920,188
5921,188
5922,188
5923,188
5924,187
5925,187
5926,187
5927,187
5928,187
5929,187
5930,187
5931,187
5932,187
5933,187
5934,187
5935,187
5936,187
5937,187
5938,187
5939,187
5940,187
5941,187
5942,187
5943,187
5944,187
5945,187
5946,187
5947,187
5948,187
5949,187
5950,187
5951,187
5952,187
5953,187
5954,187
5955,187
5956,187
5957,187
5958,187
5959,187
5960,187
5961,187
5962,187
5963,187
5964,187
5965,187
5966,187
5967,187
5968,187
5969,187
5970,187
5971,187
5972,187
5973,187
5974,187
5975,187
5976,187
5977,187
5978,187
5979,187
5980,187
5981,187
5982,188
5983,188
5984,188
5985,187
5986,187
5987,187
5988,187
5989,187
5990,187
5991,187
5992,187
5993,187
5994,187
5995,187
5996,187
5997,187
5998,187
5999,187
6000,187
6001,187
6002,187
6003,187
6004,187
6005,187
6006,187
6007,187
6008,187
6009,187
6010,187
6011,187
6012,187
6013,187
6014,187
6015,187
6016,187
6017,187
6018,187
6019,187
6020,187
6021,187
6022,187
6023,187
6024,187
6025,187
6026,187
6027,187
6028,187
6029,187
6030,187
6031,187
6032,187
6033,187
6034,187
6035,187
6036,187
6037,187
6038,187
6039,187
6040,187
6041,187
6042,187
6043,187
6044,187
6045,187
6046,187
6047,187
6048,187
6049,187
6050,187
6051,187
6052,187
6053,187
6054,187
6055,187
6056,187
6057,187
6058,187
6059,187
6060,187
6061,187
6062,187
6063,187
6064,187
6065,187
6066,187
6067,187
6068,187
6069,187
6070,187
6071,187
6072,187
6073,187
6074,187
6075,187
6076,187
6077,187
6078,187
6079,187
6080,187
6081,187
6082,187
6083,187
6084,187
6085,187
6086,187
6087,187
6088,187
6089,187
6090,187
6091,187
6092,187
6093,187
6094,187
6095,187
6096,187
6097,187
6098,188
6099,187
6100,187
6101,188
6102,188
6103,188
6104,187
6105,188
6106,188
6107,188
6108,188
6109,188
6110,188
6111,188
6112,188
6113,188
6114,188
6115,188
6116,188
6117,188
6118,188
6119,188
6120,188
6121,188
6122,188
6123,188
6124,188
6125,188
6126,188
6127,188
6128,188
6129,188
6130,188
6131,188
6132,188
6133,188
6134,188
6135,188
6136,188
6137,188
6138,188
6139,188
6140,188
6141,188
6142,188
6143,187
6144,187
6145,187
6146,187
6147,187
6148,187
6149,187
6150,187
6151,188
6152,188
6153,187
6154,187
6155,187
6156,187
6157,187
6158,187
6159,187
6160,187
6161,187
6162,187
6163,187
6164,187
6165,187
6166,187
6167,187
6168,187
6169,187
6170,187
6171,187
6172,187
6173,187
6174,187
6175,187
6176,187
6177,187
6178,187
6179,187
6180,187
6181,187
6182,187
6183,187
6184,187
6185,187
6186,187
6187,187
6188,187
6189,188
6190,188
6191,188
6192,188
6193,188
6194,188
6195,188
6196,188
6197,188
6198,188
6199,188
6200,188
6201,188
6202,188
6203,188
6204,188
6205,188
6206,188
6207,188
6208,188
6209,188
6210,188
6211,188
6212,188
6213,188
6214,188
6215,188
6216,188
6217,188
6218,188
6219,188
6220,188
6221,188
6222,188
6223,188
6224,188
6225,188
6226,188
6227,188
6228,188
6229,188
6230,188
6231,188
6232,188
6233,188
6234,188
6235,188
6236,187
6237,187
6238,188
6239,187
6240,187
6241,188
6242,188
6243,188
6244,188
6245,188
6246,188
6247,188
6248,188
6249,188
6250,188
6251,188
6252,188
6253,188
6254,188
6255,188
6256,188
6257,188
6258,188
6259,188
6260,188
6261,188
6262,188
6263,188
6264,188
6265,188
6266,188
6267,188
6268,188
6269,188
6270,188
6271,188
6272,188
6273,188
6274,188
6275,188
6276,188
6277,188
6278,188
6279,188
6280,188
6281,188
6282,188
6283,188
6284,188
6285,188
6286,188
6287,188
6288,188
6289,188
6290,188
6291,188
6292,188
6293,188
6294,188
6295,188
6296,188
6297,188
6298,188
6299,188
6300,188
6301,188
6302,188
6303,188
6304,188
6305,188
6306,188
6307,188
6308,188
6309,188
6310,188
6311,188
6312,188
6313,188
6314,188
6315,188
6316,188
6317,188
6318,188
6319,188
6320,188
6321,188
6322,188
6323,188
6324,188
6325,189
6326,188
6327,188
6328,188
6329,188
6330,188
6331,188
6332,189
6333,189
6334,189
6335,188
6336,188
6337,189
6338,189
6339,189
6340,189
6341,189
6342,189
6343,189
6344,189
6345,189
6346,189
6347,189
6348,189
6349,189
6350,189
6351,189
6352,189
6353,189
6354,189
6355,189
6356,189
6357,189
6358,189
6359,189
6360,189
6361,189
6362,189
6363,189
6364,189
6365,189
6366,189
6367,189
6368,189
6369,189
6370,189
6371,189
6372,189
6373,189
6374,189
6375,189
6376,189
6377,189
6378,189
6379,189
6380,189
6381,189
6382,189
6383,189
6384,189
6385,189
6386,189
6387,189
6388,189
6389,189
6390,189
6391,189
6392,189
6393,189
6394,189
6395,189
6396,189
6397,189
6398,189
6399,189
6400,189
6401,189
6402,189
6403,189
6404,189
6405,189
6406,190
6407,189
6408,190
6409,190
6410,190
6411,190
6412,189
6413,190
6414,190
6415,190
6416,189
6417,189
6418,190
6419,190
6420,189
6421,189
6422,189
6423,190
6424,189
6425,189
6426,189
6427,189
6428,189
6429,189
6430,189
6431,190
6432,190
6433,190
6434,190
6435,190
6436,190
6437,190
6438,190
6439,190
6440,190
6441,190
6442,190
6443,190
6444,190
6445,190
6446,190
6447,190
6448,190
6449,190
6450,190
6451,190
6452,190
6453,190
6454,190
6455,190
6456,190
6457,190
6458,190
6459,190
6460,190
6461,190
6462,190
6463,190
6464,190
6465,190
6466,190
6467,190
6468,190
6469,190
6470,190
6471,190
6472,190
6473,190
6474,190
6475,190
6476,190
6477,190
6478,190
6479,190
6480,190
6481,190
6482,190
6483,190
6484,190
6485,190
6486,190
6487,190
6488,190
6489,190
6490,190
6491,190
6492,190
6493,190
6494,190
6495,190
6496,190
6497,190
6498,190
6499,190
6500,190
6501,190
6502,190
6503,190
6504,190
6505,190
6506,190
6507,190
6508,190
6509,190
6510,190
6511,190
6512,190
6513,190
6514,190
6515,190
6516,190
6517,190
6518,190
6519,190
6520,190
6521,191
6522,191
6523,191
6524,191
6525,191
6526,191
6527,191
6528,191
6529,191
6530,191
6531,191
6532,191
6533,191
6534,191
6535,191
6536,191
6537,191
6538,191
6539,191
6540,191
6541,191
6542,191
6543,191
6544,191
6545,191
6546,191
6547,191
6548,191
6549,191
6550,191
6551,191
6552,191
6553,191
6554,191
6555,191
6556,191
6557,191
6558,191
6559,191
6560,191
6561,191
6562,191
6563,191
6564,191
6565,191
6566,191
6567,191
6568,191
6569,191
6570,191
6571,191
6572,191
6573,191
6574,191
6575,191
6576,191
6577,191
6578,191
6579,191
6580,191
6581,191
6582,191
6583,191
6584,191
6585,191
6586,191
6587,191
6588,191
6589,191
6590,191
6591,191
6592,191
6593,191
6594,191
6595,191
6596,191
6597,191
6598,191
6599,191
6600,191
6601,190
6602,190
6603,191
6604,190
6605,190
6606,191
6607,190
6608,190
6609,191
6610,190
6611,190
6612,190
6613,190
6614,190
6615,190
6616,190
6617,190
6618,190
6619,190
6620,191
6621,191
6622,191
6623,191
6624,191
6625,191
6626,191
6627,191
6628,191
6629,191
6630,191
6631,192
6632,191
6633,192
6634,191
6635,191
6636,191
6637,191
6638,191
6639,191
6640,191
6641,192
6642,192
6643,192
6644,192
6645,192
6646,192
6647,192
6648,192
6649,192
6650,192
6651,192
6652,192
6653,192
6654,192
6655,192
6656,192
6657,192
6658,192
6659,192
6660,192
6661,192
6662,192
6663,192
6664,192
6665,192
6666,192
6667,192
6668,192
6669,192
6670,192
6671,192
6672,192
6673,192
6674,192
6675,192
6676,192
6677,192
6678,192
6679,192
6680,192
6681,192
6682,192
6683,192
6684,192
6685,192
6686,192
6687,192
6688,192
6689,192
6690,192
6691,192
6692,192
6693,192
6694,192
6695,192
6696,192
6697,192
6698,192
6699,192
6700,192
6701,192
6702,192
6703,192
6704,192
6705,192
6706,192
6707,192
6708,192
6709,192
6710,192
6711,192
6712,192
6713,192
6714,192
6715,192
6716,192
6717,192
6718,192
6719,192
6720,192
6721,192
6722,192
6723,192
6724,192
6725,192
6726,192
6727,192
6728,192
6729,192
6730,192
6731,192
6732,192
6733,192
6734,192
6735,192
6736,192
6737,192
6738,192
6739,192
6740,192
6741,192
6742,192
6743,192
6744,192
6745,192
6746,192
6747,192
6748,192
6749,192
6750,192
6751,192
6752,192
6753,192
6754,192
6755,192
6756,192
6757,192
6758,192
6759,192
6760,192
6761,192
6762,192
6763,192
6764,192
6765,192
6766,192
6767,192
6768,192
6769,192
6770,192
6771,191
6772,191
6773,191
6774,191
6775,191
6776,191
6777,191
6778,191
6779,191
6780,191
6781,191
6782,191
6783,191
6784,191
6785,191
6786,191
6787,191
6788,191
6789,191
6790,191
6791,191
6792,191
6793,191
6794,191
6795,191
6796,191
6797,191
6798,191
6799,191
6800,191
6801,191
6802,191
6803,191
6804,191
6805,191
6806,191
6807,191
6808,191
6809,191
6810,191
6811,191
6812,191
6813,191
6814,191
6815,191
6816,191
6817,191
6818,191
6819,191
6820,191
6821,191
6822,191
6823,191
6824,191
6825,191
6826,191
6827,191
6828,191
6829,191
6830,191
6831,191
6832,191
6833,191
6834,191
6835,191
6836,191
6837,191
6838,191
6839,190
6840,190
6841,190
6842,190
6843,190
6844,191
6845,191
6846,191
6847,191
6848,191
6849,191
6850,191
6851,191
6852,191
6853,191
6854,191
6855,190
6856,190
6857,191
6858,191
6859,191
6860,191
6861,191
6862,191
6863,191
6864,191
6865,191
6866,191
6867,191
6868,191
6869,191
6870,191
6871,191
6872,191
6873,191
6874,191
6875,191
6876,191
6877,191
6878,191
6879,191
6880,191
6881,191
6882,191
6883,191
6884,191
6885,191
6886,191
6887,191
6888,191
6889,191
6890,191
6891,191
6892,191
6893,191
6894,191
6895,191
6896,191
6897,191
6898,191
6899,191
6900,192
6901,192
6902,192
6903,191
6904,192
6905,192
6906,192
6907,192
6908,192
6909,192
6910,192
6911,192
6912,192
6913,192
6914,192
6915,192
6916,192
6917,192
6918,192
6919,192
6920,192
6921,192
6922,192
6923,192
6924,192
6925,192
6926,192
6927,192
6928,192
6929,192
6930,192
6931,192
6932,192
6933,192
6934,192
6935,192
6936,192
6937,192
6938,192
6939,192
6940,192
6941,192
6942,192
6943,192
6944,192
6945,192
6946,192
6947,192
6948,192
6949,192
6950,192
6951,192
6952,192
6953,192
6954,192
6955,192
6956,192
6957,192
6958,192
6959,192
6960,192
6961,192
6962,192
6963,192
6964,192
6965,192
6966,192
6967,192
6968,192
6969,192
6970,192
6971,192
6972,192
6973,192
6974,192
6975,192
6976,192
6977,192
6978,192
6979,192
6980,192
6981,192
6982,192
6983,192
6984,192
6985,192
6986,192
6987,192
6988,192
6989,192
6990,192
6991,192
6992,192
6993,192
6994,192
6995,192
6996,192
6997,192
6998,192
6999,192
7000,192
7001,192
7002,192
7003,192
7004,192
7005,192
7006,192
7007,192
7008,192
7009,192
7010,192
7011,192
7012,192
7013,192
7014,192
7015,192
7016,192
7017,192
7018,192
7019,192
7020,192
7021,192
7022,192
7023,192
7024,192
7025,192
7026,192
7027,192
7028,192
7029,192
7030,192
7031,193
7032,193
7033,193
7034,193
7035,193
7036,193
7037,193
7038,193
7039,193
7040,193
7041,193
7042,193
7043,193
7044,193
7045,193
7046,193
7047,193
7048,193
7049,193
7050,193
7051,193
7052,193
7053,193
7054,193
7055,193
7056,193
7057,193
7058,193
7059,193
7060,193
7061,193
7062,193
7063,193
7064,193
7065,193
7066,193
7067,193
7068,193
7069,193
7070,193
7071,193
7072,193
7073,193
7074,193
7075,193
7076,193
7077,193
7078,193
7079,193
7080,193
7081,193
7082,194
7083,193
7084,193
7085,193
7086,193
7087,193
7088,193
7089,193
7090,193
7091,193
7092,193
7093,193
7094,193
7095,193
7096,193
7097,193
7098,193
7099,194
7100,193
7101,193
7102,193
7103,193
7104,193
7105,193
7106,193
7107,194
7108,194
7109,194
7110,193
7111,193
7112,193
7113,194
7114,194
7115,194
7116,194
7117,193
7118,193
7119,193
7120,193
7121,193
7122,193
7123,193
7124,193
7125,193
7126,193
7127,193
7128,193
7129,193
7130,193
7131,193
7132,193
7133,193
7134,193
7135,193
7136,193
7137,193
7138,193
7139,193
7140,193
7141,193
7142,193
7143,193
7144,193
7145,193
7146,193
7147,193
7148,193
7149,193
7150,193
7151,193
7152,193
7153,193
7154,193
7155,193
7156,193
7157,193
7158,193
7159,193
7160,193
7161,193
7162,193
7163,193
7164,193
7165,193
7166,193
7167,193
7168,193
7169,193
7170,193
7171,193
7172,193
7173,193
7174,193
7175,193
7176,193
7177,193
7178,193
7179,193
7180,193
7181,193
7182,193
7183,193
7184,193
7185,193
7186,193
7187,193
7188,193
7189,193
7190,193
7191,193
7192,193
7193,193
7194,193
7195,193
7196,193
7197,193
7198,193
7199,193
7200,194
7201,194
7202,194
7203,194
7204,193
7205,194
7206,194
7207,194
7208,194
7209,194
7210,194
7211,194
7212,194
7213,194
7214,194
7215,194
7216,194
7217,194
7218,194
7219,194
7220,194
7221,194
7222,194
7223,194
7224,194
7225,194
7226,194
7227,194
7228,193
7229,193
7230,193
7231,194
7232,194
7233,194
7234,194
7235,193
7236,194
7237,193
7238,193
7239,193
7240,194
7241,194
7242,194
7243,194
7244,194
7245,194
7246,194
7247,193
7248,193
7249,193
7250,193
7251,194
7252,194
7253,194
7254,194
7255,194
7256,194
7257,194
7258,194
7259,194
7260,194
7261,194
7262,194
7263,194
7264,194
7265,194
7266,194
7267,194
7268,194
7269,194
7270,194
7271,194
7272,194
7273,194
7274,194
7275,194
7276,194
7277,194
7278,194
7279,194
7280,194
7281,194
7282,194
7283,194
7284,194
7285,194
7286,194
7287,194
7288,194
7289,194
7290,194
7291,194
7292,194
7293,194
7294,194
7295,194
7296,194
7297,194
7298,194
7299,194
7300,194
7301,194
7302,194
7303,194
7304,194
7305,194
7306,194
7307,194
7308,194
7309,194
7310,194
7311,194
7312,194
7313,194
7314,194
7315,194
7316,194
7317,194
7318,194
7319,194
7320,194
7321,194
7322,194
7323,194
7324,194
7325,194
7326,194
7327,194
7328,194
7329,194
7330,194
7331,194
7332,194
7333,194
7334,194
7335,194
7336,194
7337,194
7338,194
7339,194
7340,194
7341,194
7342,194
7343,194
7344,194
7345,194
7346,194
7347,194
7348,194
7349,194
7350,194
7351,194
7352,194
7353,194
7354,194
7355,194
7356,194
7357,194
7358,194
7359,194
7360,194
7361,194
7362,194
7363,194
7364,194
7365,194
7366,194
7367,194
7368,194
7369,194
7370,194
7371,194
7372,194
7373,194
7374,194
7375,194
7376,194
7377,194
7378,194
7379,194
7380,194
7381,194
7382,194
7383,194
7384,194
7385,194
7386,194
7387,194
7388,194
7389,194
7390,194
7391,194
7392,194
7393,194
7394,194
7395,194
7396,194
7397,194
7398,194
7399,194
7400,194
7401,194
7402,194
7403,194
7404,194
7405,194
7406,194
7407,194
7408,194
7409,194
7410,194
7411,194
7412,194
7413,194
7414,194
7415,194
7416,194
7417,194
7418,194
7419,194
7420,194
7421,194
7422,194
7423,194
7424,194
7425,194
7426,194
7427,194
7428,194
7429,194
7430,194
7431,194
7432,194
7433,194
7434,194
7435,194
7436,194
7437,194
7438,194
7439,194
7440,194
7441,194
7442,194
7443,194
7444,194
7445,194
7446,194
7447,194
7448,194
7449,194
7450,194
7451,194
7452,194
7453,194
7454,194
7455,194
7456,194
7457,194
7458,194
7459,194
7460,194
7461,194
7462,194
7463,194
7464,194
7465,194
7466,195
7467,195
7468,195
7469,195
7470,195
7471,195
7472,195
7473,195
7474,195
7475,195
7476,195
7477,195
7478,195
7479,195
7480,195
7481,195
7482,195
7483,195
7484,195
7485,195
7486,195
7487,195
7488,195
7489,195
7490,195
7491,195
7492,195
7493,195
7494,195
7495,195
7496,195
7497,195
7498,195
7499,195
7500,195
7501,195
7502,195
7503,195
7504,195
7505,195
7506,195
7507,195
7508,195
7509,195
7510,195
7511,195
7512,195
7513,195
7514,195
7515,195
7516,195
7517,195
7518,195
7519,195
7520,195
7521,195
7522,195
7523,195
7524,195
7525,195
7526,195
7527,195
7528,195
7529,195
7530,195
7531,195
7532,195
7533,195
7534,195
7535,195
7536,195
7537,195
7538,195
7539,195
7540,195
7541,195
7542,195
7543,195
7544,195
7545,195
7546,195
7547,195
7548,195
7549,195
7550,195
7551,195
7552,195
7553,195
7554,195
7555,195
7556,195
7557,195
7558,195
7559,195
7560,195
7561,195
7562,195
7563,195
7564,195
7565,195
7566,195
7567,195
7568,195
7569,195
7570,195
7571,195
7572,195
7573,195
7574,195
7575,195
7576,195
7577,195
7578,195
7579,195
7580,195
7581,195
7582,195
7583,195
7584,195
7585,195
7586,195
7587,195
7588,195
7589,195
7590,195
7591,195
7592,195
7593,195
7594,195
7595,195
7596,195
7597,195
7598,195
7599,195
7600,195
7601,195
7602,195
7603,195
7604,195
7605,195
7606,195
7607,195
7608,195
7609,195
7610,195
7611,195
7612,195
7613,195
7614,195
7615,195
7616,195
7617,195
7618,195
7619,195
7620,195
7621,195
7622,195
7623,195
7624,195
7625,195
7626,195
7627,195
7628,195
7629,195
7630,195
7631,195
7632,195
7633,195
7634,195
7635,195
7636,195
7637,195
7638,195
7639,195
7640,195
7641,195
7642,195
7643,195
7644,195
7645,195
7646,196
7647,196
7648,196
7649,195
7650,195
7651,196
7652,195
7653,196
7654,196
7655,195
7656,195
7657,195
7658,195
7659,195
7660,195
7661,195
7662,196
7663,196
7664,196
7665,196
7666,196
7667,196
7668,196
7669,196
7670,196
7671,196
7672,196
7673,196
7674,196
7675,196
7676,196
7677,196
7678,196
7679,196
7680,196
7681,196
7682,196
7683,196
7684,196
7685,196
7686,196
7687,196
7688,196
7689,196
7690,196
7691,196
7692,196
7693,196
7694,196
7695,196
7696,196
7697,196
7698,196
7699,196
7700,196
7701,196
7702,196
7703,196
7704,196
7705,196
7706,196
7707,196
7708,195
7709,196
7710,196
7711,196
7712,196
7713,196
7714,196
7715,196
7716,196
7717,196
7718,196
7719,196
7720,196
7721,196
7722,196
7723,196
7724,196
7725,196
7726,196
7727,196
7728,196
7729,196
7730,196
7731,196
7732,196
7733,196
7734,196
7735,196
7736,196
7737,196
7738,196
7739,196
7740,196
7741,196
7742,196
7743,196
7744,196
7745,196
7746,196
7747,196
7748,196
7749,196
7750,196
7751,196
7752,196
7753,196
7754,196
7755,196
7756,196
7757,196
7758,196
7759,196
7760,196
7761,196
7762,196
7763,196
7764,196
7765,196
7766,196
7767,196
7768,196
7769,196
7770,196
7771,196
7772,196
7773,196
7774,196
7775,196
7776,196
7777,196
7778,196
7779,196
7780,196
7781,196
7782,196
7783,196
7784,196
7785,196
7786,196
7787,196
7788,196
7789,196
7790,196
7791,196
7792,196
7793,196
7794,196
7795,196
7796,196
7797,196
7798,196
7799,196
7800,196
7801,196
7802,196
7803,196
7804,196
7805,196
7806,196
7807,196
7808,196
7809,196
7810,196
7811,196
7812,196
7813,196
7814,196
7815,196
7816,196
7817,196
7818,196
7819,196
7820,196
7821,196
7822,196
7823,196
7824,196
7825,196
7826,196
7827,196
7828,196
7829,196
7830,196
7831,196
7832,196
7833,196
7834,196
7835,196
7836,196
7837,196
7838,196
7839,196
7840,197
7841,197
7842,197
7843,197
7844,197
7845,197
7846,197
7847,197
7848,197
7849,197
7850,197
7851,197
7852,197
7853,197
7854,197
7855,197
7856,197
7857,197
7858,197
7859,197
7860,196
7861,196
7862,196
7863,196
7864,196
7865,196
7866,196
7867,196
7868,196
7869,196
7870,196
7871,196
7872,196
7873,196
7874,196
7875,196
7876,196
7877,196
7878,196
7879,196
7880,196
7881,196
7882,196
7883,196
7884,196
7885,196
7886,196
7887,195
7888,195
7889,196
7890,196
7891,196
7892,196
7893,196
7894,195
7895,195
7896,195
7897,196
7898,196
7899,196
7900,196
7901,196
7902,196
7903,196
7904,196
7905,196
7906,196
7907,196
7908,196
7909,196
7910,196
7911,196
7912,196
7913,196
7914,196
7915,196
7916,196
7917,196
7918,196
7919,196
7920,196
7921,196
7922,196
7923,196
7924,196
7925,196
7926,196
7927,196
7928,196
7929,196
7930,196
7931,196
7932,196
7933,196
7934,196
7935,196
7936,196
7937,196
7938,196
7939,196
7940,196
7941,196
7942,196
7943,196
7944,196
7945,196
7946,196
7947,196
7948,196
7949,196
7950,196
7951,196
7952,196
7953,196
7954,196
7955,196
7956,196
7957,196
7958,196
7959,196
7960,196
7961,196
7962,196
7963,196
7964,196
7965,196
7966,196
7967,196
7968,197
7969,197
7970,196
7971,196
7972,196
7973,196
7974,196
7975,196
7976,196
7977,196
7978,196
7979,196
7980,196
7981,196
7982,196
7983,197
7984,197
7985,197
7986,197
7987,197
7988,197
7989,197
7990,197
7991,196
7992,196
7993,196
7994,196
7995,196
7996,197
7997,197
7998,197
7999,197
8000,197
8001,197
8002,197
8003,197
8004,197
8005,197
8006,197
8007,197
8008,197
8009,197
8010,197
8011,197
8012,197
8013,197
8014,197
8015,197
8016,197
8017,197
8018,197
8019,197
8020,197
8021,197
8022,197
8023,197
8024,197
8025,197
8026,197
8027,197
8028,197
8029,197
8030,197
8031,197
8032,197
8033,196
8034,197
8035,196
8036,197
8037,197
8038,197
8039,197
8040,197
8041,197
8042,197
8043,197
8044,197
8045,197
8046,197
8047,197
8048,197
8049,197
8050,197
8051,197
8052,197
8053,197
8054,196
8055,196
8056,197
8057,196
8058,197
8059,197
8060,197
8061,197
8062,197
8063,197
8064,196
8065,196
8066,197
8067,197
8068,197
8069,197
8070,197
8071,197
8072,197
8073,197
8074,197
8075,197
8076,197
8077,197
8078,197
8079,197
8080,197
8081,197
8082,197
8083,197
8084,197
8085,197
8086,197
8087,197
8088,197
8089,197
8090,197
8091,197
8092,197
8093,197
8094,197
8095,197
8096,197
8097,197
8098,197
8099,197
8100,197
8101,198
8102,198
8103,198
8104,198
8105,198
8106,198
8107,198
8108,198
8109,198
8110,197
8111,198
8112,197
8113,198
8114,197
8115,197
8116,197
8117,197
8118,198
8119,198
8120,198
8121,198
8122,198
8123,198
8124,198
8125,198
8126,198
8127,198
8128,198
8129,198
8130,198
8131,198
8132,198
8133,198
8134,198
8135,198
8136,198
8137,198
8138,198
8139,198
8140,198
8141,198
8142,198
8143,198
8144,198
8145,198
8146,198
8147,198
8148,198
8149,198
8150,198
8151,198
8152,198
8153,198
8154,198
8155,198
8156,198
8157,198
8158,198
8159,198
8160,198
8161,198
8162,198
8163,198
8164,198
8165,198
8166,198
8167,198
8168,198
8169,198
8170,198
8171,198
8172,198
8173,198
8174,198
8175,198
8176,198
8177,198
8178,198
8179,198
8180,198
8181,198
8182,198
8183,198
8184,198
8185,198
8186,198
8187,198
8188,198
8189,198
8190,198
8191,198
8192,198
8193,198
8194,199
8195,199
8196,199
8197,199
8198,199
8199,199
8200,199
8201,199
8202,199
8203,199
8204,199
8205,199
8206,199
8207,199
8208,199
8209,199
8210,199
8211,199
8212,199
8213,199
8214,199
8215,199
8216,199
8217,199
8218,199
8219,199
8220,199
8221,199
8222,199
8223,199
8224,199
8225,199
8226,199
8227,199
8228,199
8229,199
8230,199
8231,199
8232,199
8233,199
8234,199
8235,199
8236,199
8237,199
8238,199
8239,199
8240,199
8241,199
8242,199
8243,199
8244,199
8245,199
8246,199
8247,199
8248,199
8249,199
8250,199
8251,199
8252,199
8253,199
8254,199
8255,199
8256,199
8257,199
8258,199
8259,199
8260,199
8261,199
8262,199
8263,199
8264,199
8265,199
8266,199
8267,199
8268,199
8269,199
8270,199
8271,199
8272,199
8273,199
8274,199
8275,199
8276,199
8277,199
8278,199
8279,199
8280,199
8281,199
8282,199
8283,199
8284,199
8285,199
8286,199
8287,199
8288,199
8289,199
8290,199
8291,199
8292,199
8293,199
8294,199
8295,199
8296,199
8297,199
8298,199
8299,199
8300,199
8301,199
8302,199
8303,199
8304,199
8305,199
8306,199
8307,199
8308,199
8309,199
8310,199
8311,199
8312,199
8313,199
8314,199
8315,199
8316,199
8317,199
8318,199
8319,199
8320,199
8321,199
8322,199
8323,199
8324,199
8325,199
8326,199
8327,199
8328,199
8329,199
8330,199
8331,199
8332,199
8333,199
8334,199
8335,199
8336,199
8337,199
8338,199
8339,199
8340,199
8341,199
8342,199
8343,199
8344,199
8345,199
8346,199
8347,199
8348,199
8349,199
8350,199
8351,199
8352,199
8353,199
8354,199
8355,199
8356,199
8357,199
8358,199
8359,199
8360,199
8361,199
8362,199
8363,199
8364,199
8365,199
8366,199
8367,199
8368,199
8369,199
8370,199
8371,199
8372,199
8373,199
8374,199
8375,199
8376,199
8377,199
8378,199
8379,199
8380,199
8381,199
8382,199
8383,199
8384,199
8385,199
8386,199
8387,199
8388,199
8389,199
8390,199
8391,199
8392,199
8393,200
8394,200
8395,200
8396,200
8397,200
8398,200
8399,200
8400,200
8401,200
8402,200
8403,200
8404,200
8405,200
8406,200
8407,200
8408,200
8409,200
8410,200
8411,200
8412,200
8413,200
8414,200
8415,200
8416,200
8417,200
8418,200
8419,200
8420,200
8421,200
8422,200
8423,200
8424,200
8425,200
8426,200
8427,200
8428,200
8429,200
8430,200
8431,200
8432,200
8433,200
8434,200
8435,200
8436,200
8437,200
8438,200
8439,200
8440,200
8441,200
8442,200
8443,200
8444,200
8445,200
8446,200
8447,200
8448,200
8449,200
8450,200
8451,200
8452,200
8453,200
8454,200
8455,200
8456,200
8457,200
8458,200
8459,200
8460,200
8461,200
8462,200
8463,200
8464,200
8465,200
8466,200
8467,200
8468,200
8469,200
8470,200
8471,200
8472,200
8473,200
8474,200
8475,200
8476,200
8477,200
8478,200
8479,200
8480,200
8481,200
8482,200
8483,200
8484,200
8485,200
8486,200
8487,200
8488,200
8489,200
8490,200
8491,200
8492,200
8493,200
8494,200
8495,200
8496,200
8497,200
8498,200
8499,200
8500,200
8501,200
8502,200
8503,200
8504,200
8505,200
8506,200
8507,200
8508,200
8509,200
8510,200
8511,200
8512,200
8513,200
8514,200
8515,200
8516,200
8517,200
8518,200
8519,200
8520,200
8521,200
8522,200
8523,200
8524,200
8525,200
8526,200
8527,200
8528,200
8529,200
8530,200
8531,200
8532,200
8533,200
8534,200
8535,200
8536,200
8537,200
8538,200
8539,200
8540,200
8541,200
8542,200
8543,200
8544,200
8545,200
8546,200
8547,200
8548,200
8549,200
8550,200
8551,200
8552,200
8553,200
8554,200
8555,200
8556,200
8557,200
8558,200
8559,200
8560,200
8561,200
8562,200
8563,200
8564,200
8565,200
8566,200
8567,200
8568,200
8569,200
8570,200
8571,200
8572,200
8573,200
8574,200
8575,200
8576,200
8577,200
8578,200
8579,200
8580,200
8581,200
8582,200
8583,200
8584,200
8585,200
8586,200
8587,200
8588,200
8589,200
8590,200
8591,200
8592,200
8593,200
8594,200
8595,200
8596,200
8597,200
8598,200
8599,200
8600,200
8601,200
8602,200
8603,200
8604,200
8605,200
8606,200
8607,200
8608,200
8609,200
8610,200
8611,200
8612,200
8613,200
8614,200
8615,200
8616,200
8617,200
8618,200
8619,200
8620,200
8621,200
8622,200
8623,200
8624,200
8625,200
8626,200
8627,200
8628,200
8629,200
8630,200
8631,200
8632,200
8633,200
8634,200
8635,200
8636,200
8637,200
8638,200
8639,200
8640,200
8641,200
8642,200
8643,200
8644,200
8645,200
8646,200
8647,200
8648,200
8649,200
8650,200
8651,200
8652,200
8653,200
8654,200
8655,200
8656,200
8657,200
8658,200
8659,200
8660,200
8661,200
8662,200
8663,200
8664,200
8665,200
8666,200
8667,200
8668,200
8669,200
8670,200
8671,200
8672,200
8673,200
8674,200
8675,200
8676,199
8677,199
8678,199
8679,199
8680,199
8681,199
8682,199
8683,200
8684,200
8685,200
8686,200
8687,200
8688,200
8689,200
8690,200
8691,200
8692,200
8693,200
8694,200
8695,200
8696,200
8697,200
8698,200
8699,200
8700,200
8701,200
8702,200
8703,200
8704,200
8705,200
8706,200
8707,200
8708,200
8709,200
8710,200
8711,200
8712,200
8713,200
8714,200
8715,200
8716,200
8717,200
8718,200
8719,200
8720,200
8721,200
8722,200
8723,200
8724,201
8725,201
8726,201
8727,200
8728,200
8729,200
8730,200
8731,200
8732,200
8733,200
8734,201
8735,201
8736,201
8737,201
8738,201
8739,201
8740,201
8741,201
8742,201
8743,201
8744,201
8745,201
8746,201
8747,201
8748,201
8749,201
8750,201
8751,201
8752,201
8753,201
8754,201
8755,201
8756,201
8757,201
8758,201
8759,201
8760,201
8761,201
8762,201
8763,201
8764,201
8765,201
8766,201
8767,201
8768,201
8769,201
8770,201
8771,201
8772,201
8773,201
8774,201
8775,201
8776,201
8777,201
8778,201
8779,201
8780,201
8781,201
8782,201
8783,201
8784,201
8785,202
8786,201
8787,202
8788,201
8789,201
8790,201
8791,201
8792,201
8793,201
8794,201
8795,201
8796,202
8797,201
8798,201
8799,201
8800,201
8801,201
8802,202
8803,202
8804,202
8805,202
8806,202
8807,202
8808,202
8809,202
8810,202
8811,202
8812,202
8813,202
8814,202
8815,202
8816,201
8817,202
8818,201
8819,201
8820,201
8821,201
8822,201
8823,201
8824,201
8825,201
8826,201
8827,201
8828,201
8829,201
8830,201
8831,201
8832,201
8833,201
8834,201
8835,201
8836,201
8837,201
8838,201
8839,201
8840,201
8841,201
8842,201
8843,201
8844,201
8845,201
8846,201
8847,201
8848,201
8849,201
8850,201
8851,201
8852,201
8853,201
8854,201
8855,201
8856,201
8857,201
8858,201
8859,201
8860,201
8861,201
8862,201
8863,201
8864,201
8865,201
8866,201
8867,201
8868,201
8869,201
8870,201
8871,201
8872,201
8873,201
8874,201
8875,201
8876,201
8877,201
8878,201
8879,201
8880,201
8881,201
8882,201
8883,201
8884,201
8885,201
8886,201
8887,201
8888,201
8889,201
8890,201
8891,201
8892,200
8893,200
8894,200
8895,201
8896,201
8897,201
8898,201
8899,201
8900,201
8901,201
8902,201
8903,201
8904,201
8905,201
8906,200
8907,200
8908,200
8909,200
8910,200
8911,200
8912,200
8913,200
8914,200
8915,200
8916,200
8917,200
8918,200
8919,200
8920,200
8921,200
8922,200
8923,200
8924,200
8925,200
8926,200
8927,200
8928,200
8929,200
8930,200
8931,200
8932,200
8933,200
8934,200
8935,200
8936,200
8937,200
8938,200
8939,200
8940,200
8941,200
8942,200
8943,201
8944,201
8945,201
8946,201
8947,201
8948,201
8949,201
8950,201
8951,201
8952,201
8953,201
8954,200
8955,200
8956,200
8957,200
8958,200
8959,200
8960,200
8961,200
8962,200
8963,200
8964,200
8965,200
8966,200
8967,200
8968,200
8969,200
8970,200
8971,200
8972,200
8973,200
8974,200
8975,200
8976,200
8977,200
8978,200
8979,200
8980,200
8981,200
8982,200
8983,200
8984,201
8985,200
8986,201
8987,200
8988,201
8989,201
8990,201
8991,201
8992,201
8993,201
8994,201
8995,201
8996,201
8997,200
8998,201
8999,201
9000,200
9001,200
9002,200
9003,200
9004,200
9005,200
9006,200
9007,200
9008,200
9009,200
9010,201
9011,201
9012,201
9013,200
9014,201
9015,201
9016,201
9017,201
9018,201
9019,201
9020,201
9021,201
9022,201
9023,201
9024,201
9025,201
9026,201
9027,201
9028,201
9029,201
9030,201
9031,201
9032,201
9033,201
9034,201
9035,201
9036,201
9037,201
9038,201
9039,201
9040,201
9041,201
9042,201
9043,201
9044,201
9045,201
9046,201
9047,201
9048,201
9049,201
9050,201
9051,201
9052,201
9053,201
9054,201
9055,201
9056,201
9057,201
9058,201
9059,201
9060,201
9061,201
9062,201
9063,201
9064,201
9065,201
9066,201
9067,201
9068,201
9069,201
9070,201
9071,201
9072,201
9073,201
9074,201
9075,201
9076,201
9077,201
9078,201
9079,201
9080,201
9081,201
9082,201
9083,201
9084,201
9085,201
9086,201
9087,201
9088,201
9089,201
9090,201
9091,201
9092,201
9093,201
9094,201
9095,201
9096,201
9097,201
9098,201
9099,201
9100,201
9101,201
9102,201
9103,201
9104,201
9105,201
9106,201
9107,201
9108,201
9109,201
9110,201
9111,201
9112,201
9113,201
9114,201
9115,201
9116,201
9117,201
9118,201
9119,201
9120,201
9121,201
9122,201
9123,201
9124,201
9125,201
9126,201
9127,201
9128,201
9129,201
9130,201
9131,201
9132,201
9133,201
9134,201
9135,201
9136,201
9137,201
9138,201
9139,201
9140,201
9141,201
9142,201
9143,201
9144,201
9145,201
9146,201
9147,201
9148,201
9149,201
9150,201
9151,201
9152,201
9153,201
9154,201
9155,201
9156,201
9157,201
9158,201
9159,201
9160,201
9161,201
9162,201
9163,201
9164,201
9165,201
9166,201
9167,201
9168,201
9169,201
9170,201
9171,201
9172,201
9173,201
9174,201
9175,201
9176,201
9177,201
9178,201
9179,201
9180,201
9181,201
9182,201
9183,201
9184,201
9185,201
9186,201
9187,201
9188,201
9189,201
9190,201
9191,201
9192,201
9193,201
9194,201
9195,201
9196,201
9197,201
9198,201
9199,201
9200,201
9201,201
9202,201
9203,201
9204,201
9205,201
9206,201
9207,201
9208,201
9209,201
9210,201
9211,201
9212,201
9213,201
9214,201
9215,201
9216,201
9217,201
9218,201
9219,201
9220,201
9221,201
9222,201
9223,201
9224,201
9225,201
9226,201
9227,201
9228,201
9229,201
9230,201
9231,201
9232,201
9233,201
9234,201
9235,201
9236,201
9237,201
9238,201
9239,201
9240,201
9241,201
9242,201
9243,201
9244,201
9245,201
9246,201
9247,201
9248,201
9249,201
9250,201
9251,201
9252,202
9253,202
9254,202
9255,202
9256,202
9257,202
9258,202
9259,202
9260,202
9261,202
9262,202
9263,202
9264,202
9265,202
9266,202
9267,202
9268,202
9269,202
9270,202
9271,202
9272,202
9273,202
9274,202
9275,202
9276,202
9277,202
9278,202
9279,202
9280,202
9281,202
9282,202
9283,202
9284,202
9285,202
9286,202
9287,202
9288,202
9289,202
9290,202
9291,202
9292,202
9293,202
9294,202
9295,202
9296,202
9297,202
9298,202
9299,202
9300,202
9301,202
9302,202
9303,202
9304,202
9305,202
9306,202
9307,202
9308,203
9309,202
9310,203
9311,202
9312,202
9313,202
9314,202
9315,202
9316,202
9317,202
9318,202
9319,202
9320,202
9321,202
9322,202
9323,202
9324,202
9325,202
9326,202
9327,202
9328,202
9329,202
9330,202
9331,202
9332,202
9333,202
9334,202
9335,202
9336,202
9337,202
9338,202
9339,202
9340,202
9341,202
9342,202
9343,202
9344,202
9345,202
9346,202
9347,202
9348,202
9349,202
9350,202
9351,202
9352,202
9353,202
9354,202
9355,202
9356,202
9357,202
9358,202
9359,202
9360,202
9361,202
9362,202
9363,202
9364,202
9365,202
9366,202
9367,202
9368,202
9369,202
9370,202
9371,202
9372,202
9373,202
9374,202
9375,202
9376,202
9377,202
9378,202
9379,202
9380,202
9381,202
9382,202
9383,202
9384,202
9385,202
9386,202
9387,202
9388,202
9389,202
9390,202
9391,202
9392,202
9393,202
9394,202
9395,202
9396,202
9397,202
9398,202
9399,202
9400,202
9401,202
9402,202
9403,202
9404,202
9405,202
9406,202
9407,202
9408,202
9409,202
9410,202
9411,202
9412,202
9413,202
9414,202
9415,202
9416,202
9417,202
9418,202
9419,202
9420,202
9421,202
9422,202
9423,202
9424,202
9425,202
9426,202
9427,202
9428,202
9429,202
9430,202
9431,202
9432,202
9433,202
9434,202
9435,202
9436,202
9437,202
9438,202
9439,202
9440,202
9441,202
9442,202
9443,202
9444,202
9445,202
9446,202
9447,202
9448,202
9449,202
9450,202
9451,202
9452,202
9453,202
9454,202
9455,202
9456,202
9457,202
9458,202
9459,203
9460,203
9461,203
9462,203
9463,203
9464,203
9465,203
9466,203
9467,202
9468,202
9469,203
9470,203
9471,203
9472,203
9473,203
9474,203
9475,203
9476,203
9477,203
9478,203
9479,203
9480,203
9481,203
9482,203
9483,203
9484,203
9485,203
9486,203
9487,203
9488,203
9489,203
9490,203
9491,203
9492,203
9493,203
9494,203
9495,203
9496,203
9497,203
9498,203
9499,203
9500,203
9501,203
9502,203
9503,203
9504,203
9505,203
9506,203
9507,203
9508,203
9509,203
9510,203
9511,203
9512,203
9513,203
9514,203
9515,203
9516,203
9517,203
9518,203
9519,203
9520,203
9521,203
9522,203
9523,203
9524,203
9525,204
9526,204
9527,203
9528,204
9529,204
9530,203
9531,203
9532,203
9533,203
9534,204
9535,204
9536,204
9537,204
9538,204
9539,204
9540,204
9541,204
9542,204
9543,204
9544,204
9545,204
9546,204
9547,204
9548,204
9549,204
9550,204
9551,204
9552,204
9553,204
9554,204
9555,204
9556,204
9557,204
9558,204
9559,204
9560,204
9561,204
9562,204
9563,204
9564,204
9565,204
9566,204
9567,204
9568,204
9569,204
9570,204
9571,204
9572,204
9573,204
9574,204
9575,204
9576,204
9577,204
9578,204
9579,204
9580,204
9581,204
9582,204
9583,204
9584,204
9585,204
9586,204
9587,204
9588,204
9589,204
9590,204
9591,204
9592,204
9593,204
9594,204
9595,204
9596,204
9597,204
9598,204
9599,204
9600,204
9601,204
9602,204
9603,204
9604,204
9605,204
9606,204
9607,204
9608,204
9609,204
9610,204
9611,204
9612,204
9613,204
9614,204
9615,204
9616,204
9617,204
9618,204
9619,204
9620,204
9621,204
9622,204
9623,204
9624,204
9625,204
9626,204
9627,204
9628,204
9629,204
9630,204
9631,204
9632,204
9633,204
9634,204
9635,204
9636,204
9637,204
9638,204
9639,204
9640,204
9641,204
9642,204
9643,204
9644,204
9645,204
9646,204
9647,204
9648,204
9649,204
9650,204
9651,204
9652,204
9653,204
9654,204
9655,204
9656,204
9657,204
9658,204
9659,204
9660,204
9661,204
9662,204
9663,204
9664,204
9665,204
9666,204
9667,204
9668,204
9669,204
9670,204
9671,204
9672,204
9673,204
9674,204
9675,204
9676,204
9677,204
9678,204
9679,204
9680,204
9681,204
9682,204
9683,204
9684,204
9685,204
9686,204
9687,204
9688,204
9689,204
9690,204
9691,204
9692,204
9693,204
9694,204
9695,204
9696,204
9697,204
9698,205
9699,205
9700,204
9701,205
9702,204
9703,204
9704,204
9705,204
9706,204
9707,204
9708,204
9709,204
9710,204
9711,204
9712,205
9713,205
9714,205
9715,204
9716,204
9717,204
9718,204
9719,204
9720,204
9721,205
9722,204
9723,205
9724,205
9725,205
9726,205
9727,205
9728,205
9729,205
9730,205
9731,205
9732,205
9733,205
9734,205
9735,205
9736,205
9737,205
9738,205
9739,204
9740,204
9741,204
9742,205
9743,205
9744,205
9745,205
9746,205
9747,205
9748,205
9749,205
9750,205
9751,205
9752,205
9753,205
9754,205
9755,205
9756,205
9757,205
9758,205
9759,205
9760,205
9761,205
9762,205
9763,205
9764,205
9765,205
9766,205
9767,205
9768,205
9769,205
9770,205
9771,205
9772,205
9773,205
9774,205
9775,205
9776,205
9777,205
9778,205
9779,205
9780,206
9781,205
9782,206
9783,206
9784,206
9785,206
9786,206
9787,206
9788,206
9789,206
9790,206
9791,206
9792,205
9793,206
9794,205
9795,205
9796,205
9797,205
9798,205
9799,205
9800,205
9801,205
9802,205
9803,205
9804,205
9805,206
9806,205
9807,205
9808,205
9809,205
9810,205
9811,205
9812,205
9813,205
9814,205
9815,205
9816,205
9817,205
9818,205
9819,205
9820,205
9821,205
9822,205
9823,205
9824,205
9825,205
9826,205
9827,205
9828,205
9829,205
9830,205
9831,205
9832,205
9833,205
9834,205
9835,205
9836,206
9837,206
9838,206
9839,206
9840,206
9841,206
9842,206
9843,206
9844,206
9845,206
9846,206
9847,206
9848,206
9849,206
9850,206
9851,206
9852,206
9853,206
9854,206
9855,206
9856,206
9857,206
9858,206
9859,206
9860,206
9861,206
9862,206
9863,206
9864,206
9865,206
9866,206
9867,206
9868,206
9869,206
9870,206
9871,206
9872,206
9873,206
9874,206
9875,206
9876,206
9877,206
9878,206
9879,206
9880,206
9881,206
9882,206
9883,206
9884,206
9885,206
9886,206
9887,206
9888,206
9889,206
9890,206
9891,206
9892,206
9893,207
9894,207
9895,207
9896,207
9897,207
9898,207
9899,207
9900,207
9901,207
9902,207
9903,207
9904,207
9905,207
9906,207
9907,207
9908,207
9909,207
9910,207
9911,207
9912,207
9913,207
9914,207
9915,207
9916,207
9917,207
9918,207
9919,207
9920,207
9921,207
9922,207
9923,207
9924,207
9925,207
9926,207
9927,207
9928,207
9929,207
9930,207
9931,207
9932,207
9933,207
9934,208
9935,208
9936,208
9937,208
9938,208
9939,208
9940,208
9941,208
9942,208
9943,208
9944,208
9945,208
9946,208
9947,208
9948,208
9949,208
9950,208
9951,208
9952,208
9953,208
9954,208
9955,208
9956,208
9957,208
9958,208
9959,208
9960,208
9961,208
9962,208
9963,208
9964,208
9965,208
9966,208
9967,208
9968,208
9969,208
9970,208
9971,208
9972,208
9973,208
9974,208
9975,208
9976,208
9977,208
9978,208
9979,208
9980,208
9981,208
9982,208
9983,208
9984,208
9985,208
9986,208
9987,208
9988,208
9989,208
9990,208
9991,208
9992,209
9993,209
9994,208
9995,209
9996,209
9997,209
9998,209
9999,209
