0,149
1,150
2,149
3,149
4,149
5,149
6,150
7,150
8,150
9,149
10,150
11,149
12,149
13,149
14,149
15,149
16,149
17,149
18,149
19,149
20,149
21,149
22,149
23,149
24,149
25,149
26,149
27,149
28,149
29,149
30,149
31,149
32,149
33,149
34,149
35,150
36,150
37,150
38,150
39,150
40,150
41,150
42,150
43,150
44,150
45,150
46,150
47,150
48,149
49,149
50,149
51,150
52,150
53,150
54,150
55,150
56,150
57,150
58,150
59,149
60,150
61,149
62,149
63,149
64,149
65,150
66,149
67,150
68,150
69,149
70,149
71,149
72,149
73,149
74,149
75,149
76,149
77,149
78,149
79,149
80,149
81,149
82,149
83,149
84,149
85,149
86,149
87,149
88,149
89,149
90,149
91,149
92,149
93,149
94,149
95,149
96,150
97,150
98,150
99,150
100,150
101,150
102,150
103,150
104,150
105,150
106,150
107,150
108,150
109,150
110,150
111,150
112,150
113,150
114,150
115,150
116,150
117,150
118,150
119,150
120,150
121,150
122,150
123,150
124,150
125,151
126,150
127,150
128,151
129,150
130,150
131,150
132,150
133,150
134,150
135,150
136,150
137,150
138,150
139,150
140,150
141,150
142,150
143,150
144,150
145,150
146,150
147,150
148,150
149,150
150,150
151,151
152,150
153,151
154,151
155,151
156,151
157,151
158,151
159,151
160,151
161,151
162,151
163,151
164,151
165,151
166,151
167,151
168,151
169,151
170,151
171,151
172,151
173,151
174,151
175,151
176,151
177,151
178,151
179,151
180,151
181,151
182,151
183,151
184,150
185,150
186,150
187,150
188,151
189,151
190,151
191,151
192,151
193,150
194,150
195,150
196,150
197,150
198,151
199,150
200,150
201,151
202,151
203,151
204,151
205,151
206,151
207,151
208,151
209,151
210,151
211,151
212,151
213,151
214,151
215,151
216,151
217,151
218,151
219,151
220,151
221,151
222,151
223,151
224,151
225,151
226,151
227,151
228,151
229,151
230,151
231,151
232,151
233,151
234,151
235,151
236,151
237,151
238,151
239,151
240,151
241,151
242,151
243,151
244,151
245,151
246,151
247,151
248,151
249,151
250,151
251,151
252,151
253,151
254,151
255,151
256,151
257,151
258,151
259,151
260,151
261,151
262,151
263,151
264,151
265,151
266,151
267,151
268,151
269,151
270,151
271,151
272,151
273,151
274,151
275,151
276,151
277,151
278,151
279,151
280,151
281,151
282,151
283,151
284,151
285,151
286,151
287,151
288,151
289,150
290,150
291,150
292,150
293,150
294,150
295,150
296,150
297,150
298,150
299,150
300,150
301,150
302,151
303,150
304,150
305,150
306,151
307,151
308,151
309,150
310,150
311,150
312,150
313,150
314,150
315,150
316,150
317,150
318,150
319,151
320,151
321,150
322,150
323,150
324,150
325,150
326,151
327,150
328,150
329,150
330,150
331,150
332,151
333,151
334,151
335,151
336,151
337,151
338,151
339,151
340,151
341,151
342,151
343,151
344,151
345,151
346,151
347,151
348,151
349,151
350,151
351,151
352,151
353,151
354,151
355,150
356,150
357,150
358,150
359,150
360,150
361,150
362,150
363,150
364,150
365,150
366,150
367,150
368,150
369,150
370,150
371,150
372,150
373,150
374,150
375,150
376,150
377,150
378,150
379,150
380,150
381,150
382,150
383,150
384,150
385,150
386,150
387,150
388,150
389,150
390,150
391,150
392,150
393,150
394,150
395,150
396,150
397,150
398,150
399,150
400,150
401,150
402,150
403,151
404,150
405,150
406,150
407,151
408,151
409,151
410,151
411,150
412,150
413,150
414,150
415,150
416,150
417,150
418,150
419,150
420,150
421,150
422,150
423,150
424,150
425,150
426,150
427,150
428,150
429,150
430,150
431,151
432,151
433,151
434,151
435,151
436,150
437,151
438,151
439,151
440,151
441,150
442,150
443,150
444,151
445,151
446,151
447,151
448,151
449,151
450,151
451,151
452,151
453,151
454,151
455,151
456,151
457,151
458,151
459,151
460,151
461,151
462,151
463,151
464,151
465,151
466,151
467,151
468,151
469,151
470,152
471,152
472,152
473,152
474,152
475,152
476,152
477,152
478,152
479,152
480,152
481,152
482,152
483,152
484,152
485,152
486,152
487,152
488,152
489,152
490,152
491,152
492,152
493,152
494,152
495,152
496,152
497,152
498,152
499,152
500,152
501,152
502,152
503,152
504,152
505,152
506,152
507,153
508,153
509,153
510,153
511,153
512,152
513,152
514,152
515,152
516,152
517,152
518,152
519,152
520,152
521,152
522,152
523,152
524,152
525,152
526,152
527,152
528,152
529,152
530,152
531,151
532,151
533,152
534,152
535,152
536,152
537,152
538,152
539,152
540,152
541,152
542,152
543,152
544,152
545,152
546,152
547,152
548,152
549,152
550,152
551,152
552,152
553,152
554,152
555,152
556,152
557,152
558,152
559,152
560,152
561,152
562,152
563,152
564,152
565,152
566,152
567,152
568,152
569,152
570,152
571,152
572,152
573,152
574,152
575,152
576,152
577,152
578,152
579,152
580,152
581,152
582,152
583,152
584,152
585,152
586,152
587,152
588,153
589,152
590,152
591,152
592,152
593,152
594,152
595,153
596,153
597,153
598,153
599,153
600,152
601,152
602,152
603,153
604,153
605,153
606,152
607,153
608,153
609,153
610,153
611,153
612,153
613,153
614,153
615,153
616,153
617,153
618,153
619,153
620,153
621,153
622,153
623,153
624,153
625,153
626,153
627,153
628,153
629,153
630,153
631,153
632,153
633,153
634,153
635,153
636,153
637,153
638,153
639,153
640,153
641,154
642,153
643,153
644,153
645,153
646,154
647,154
648,154
649,154
650,154
651,154
652,154
653,154
654,154
655,154
656,154
657,154
658,154
659,154
660,154
661,154
662,154
663,155
664,155
665,155
666,155
667,155
668,155
669,154
670,154
671,154
672,155
673,154
674,154
675,154
676,155
677,154
678,154
679,154
680,154
681,155
682,155
683,155
684,155
685,155
686,155
687,155
688,155
689,155
690,155
691,155
692,155
693,155
694,154
695,154
696,154
697,154
698,154
699,154
700,154
701,154
702,154
703,154
704,154
705,154
706,154
707,154
708,154
709,154
710,154
711,154
712,154
713,154
714,154
715,154
716,154
717,154
718,154
719,154
720,154
721,154
722,154
723,154
724,154
725,154
726,154
727,154
728,154
729,154
730,154
731,154
732,154
733,154
734,154
735,154
736,154
737,154
738,154
739,154
740,155
741,155
742,155
743,155
744,155
745,155
746,155
747,155
748,155
749,155
750,155
751,155
752,155
753,155
754,155
755,155
756,156
757,156
758,156
759,156
760,156
761,156
762,156
763,156
764,156
765,156
766,156
767,156
768,156
769,156
770,156
771,156
772,156
773,156
774,156
775,156
776,156
777,156
778,156
779,156
780,156
781,156
782,156
783,156
784,156
785,156
786,156
787,156
788,156
789,156
790,156
791,156
792,156
793,156
794,156
795,156
796,156
797,156
798,156
799,156
800,156
801,156
802,156
803,156
804,156
805,156
806,156
807,156
808,156
809,156
810,156
811,156
812,157
813,156
814,156
815,156
816,157
817,157
818,157
819,157
820,157
821,157
822,157
823,157
824,157
825,157
826,157
827,157
828,157
829,157
830,157
831,157
832,157
833,157
834,158
835,158
836,157
837,157
838,157
839,157
840,157
841,157
842,157
843,157
844,157
845,157
846,157
847,157
848,157
849,157
850,157
851,157
852,158
853,158
854,158
855,158
856,158
857,158
858,158
859,158
860,158
861,158
862,158
863,158
864,158
865,158
866,158
867,158
868,158
869,158
870,158
871,158
872,158
873,158
874,158
875,158
876,158
877,158
878,158
879,158
880,158
881,158
882,158
883,158
884,158
885,158
886,158
887,158
888,158
889,158
890,158
891,158
892,158
893,158
894,158
895,158
896,158
897,158
898,158
899,158
900,158
901,158
902,158
903,158
904,158
905,157
906,157
907,157
908,157
909,157
910,157
911,157
912,157
913,157
914,157
915,157
916,157
917,157
918,157
919,157
920,157
921,157
922,157
923,157
924,157
925,157
926,157
927,157
928,157
929,157
930,157
931,157
932,157
933,157
934,157
935,157
936,157
937,157
938,157
939,157
940,157
941,157
942,157
943,157
944,157
945,157
946,157
947,157
948,157
949,157
950,157
951,157
952,157
953,157
954,157
955,157
956,157
957,157
958,157
959,157
960,157
961,157
962,157
963,157
964,157
965,157
966,157
967,157
968,157
969,157
970,157
971,157
972,157
973,157
974,157
975,157
976,157
977,157
978,157
979,157
980,157
981,157
982,157
983,157
984,157
985,157
986,157
987,157
988,157
989,158
990,158
991,157
992,158
993,157
994,158
995,158
996,158
997,158
998,158
999,158
1000,157
1001,157
1002,157
1003,157
1004,157
1005,157
1006,157
1007,158
1008,158
1009,158
1010,158
1011,158
1012,158
1013,158
1014,158
1015,158
1016,158
1017,158
1018,158
1019,158
1020,158
1021,158
1022,158
1023,158
1024,158
1025,158
1026,158
1027,158
1028,158
1029,158
1030,158
1031,158
1032,158
1033,158
1034,158
1035,158
1036,158
1037,158
1038,158
1039,158
1040,158
1041,158
1042,158
1043,158
1044,158
1045,158
1046,158
1047,158
1048,158
1049,158
1050,158
1051,158
1052,158
1053,158
1054,158
1055,158
1056,158
1057,158
1058,158
1059,158
1060,158
1061,158
1062,158
1063,158
1064,158
1065,158
1066,158
1067,158
1068,158
1069,158
1070,158
1071,158
1072,158
1073,158
1074,158
1075,158
1076,158
1077,158
1078,158
1079,158
1080,158
1081,158
1082,158
1083,158
1084,158
1085,158
1086,158
1087,158
1088,158
1089,158
1090,158
1091,158
1092,158
1093,158
1094,158
1095,158
1096,158
1097,158
1098,158
1099,158
1100,158
1101,158
1102,158
1103,158
1104,158
1105,158
1106,158
1107,158
1108,158
1109,158
1110,158
1111,158
1112,158
1113,158
1114,158
1115,158
1116,158
1117,158
1118,158
1119,158
1120,158
1121,158
1122,158
1123,158
1124,158
1125,158
1126,158
1127,158
1128,158
1129,158
1130,158
1131,158
1132,158
1133,158
1134,158
1135,158
1136,158
1137,158
1138,159
1139,159
1140,159
1141,159
1142,159
1143,159
1144,159
1145,159
1146,159
1147,159
1148,159
1149,159
1150,159
1151,159
1152,159
1153,159
1154,159
1155,159
1156,160
1157,160
1158,160
1159,160
1160,160
1161,160
1162,160
1163,160
1164,160
1165,160
1166,160
1167,160
1168,160
1169,160
1170,160
1171,160
1172,160
1173,160
1174,160
1175,160
1176,160
1177,160
1178,161
1179,161
1180,161
1181,161
1182,161
1183,161
1184,161
1185,161
1186,161
1187,161
1188,161
1189,161
1190,161
1191,161
1192,161
1193,161
1194,161
1195,161
1196,161
1197,161
1198,161
1199,161
1200,161
1201,161
1202,161
1203,161
1204,161
1205,161
1206,161
1207,161
1208,161
1209,161
1210,161
1211,161
1212,161
1213,161
1214,161
1215,161
1216,161
1217,161
1218,161
1219,161
1220,161
1221,161
1222,161
1223,161
1224,161
1225,161
1226,161
1227,161
1228,161
1229,161
1230,162
1231,161
1232,161
1233,161
1234,161
1235,161
1236,161
1237,161
1238,161
1239,161
1240,161
1241,161
1242,161
1243,161
1244,161
1245,161
1246,161
1247,161
1248,161
1249,161
1250,161
1251,161
1252,161
1253,161
1254,161
1255,161
1256,161
1257,161
1258,161
1259,161
1260,161
1261,161
1262,161
1263,161
1264,161
1265,162
1266,162
1267,162
1268,162
1269,162
1270,162
1271,162
1272,162
1273,162
1274,162
1275,162
1276,162
1277,162
1278,162
1279,162
1280,162
1281,162
1282,162
1283,162
1284,162
1285,162
1286,162
1287,162
1288,162
1289,162
1290,162
1291,162
1292,162
1293,162
1294,162
1295,162
1296,162
1297,162
1298,162
1299,162
1300,162
1301,162
1302,162
1303,162
1304,162
1305,162
1306,162
1307,162
1308,162
1309,162
1310,162
1311,162
1312,162
1313,162
1314,162
1315,162
1316,162
1317,162
1318,162
1319,162
1320,162
1321,162
1322,162
1323,162
1324,162
1325,162
1326,162
1327,163
1328,163
1329,163
1330,163
1331,163
1332,163
1333,163
1334,163
1335,163
1336,163
1337,163
1338,163
1339,163
1340,163
1341,163
1342,163
1343,163
1344,163
1345,163
1346,163
1347,163
1348,163
1349,163
1350,163
1351,163
1352,163
1353,163
1354,163
1355,163
1356,163
1357,163
1358,163
1359,163
1360,163
1361,163
1362,163
1363,163
1364,163
1365,163
1366,163
1367,163
1368,163
1369,163
1370,163
1371,163
1372,163
1373,163
1374,163
1375,163
1376,163
1377,163
1378,163
1379,163
1380,163
1381,163
1382,163
1383,163
1384,163
1385,163
1386,163
1387,162
1388,162
1389,162
1390,162
1391,162
1392,162
1393,162
1394,162
1395,163
1396,163
1397,163
1398,163
1399,163
1400,163
1401,163
1402,163
1403,163
1404,163
1405,163
1406,163
1407,163
1408,163
1409,163
1410,163
1411,163
1412,163
1413,163
1414,163
1415,163
1416,163
1417,163
1418,163
1419,163
1420,163
1421,163
1422,163
1423,163
1424,163
1425,163
1426,163
1427,163
1428,163
1429,163
1430,163
1431,163
1432,163
1433,163
1434,163
1435,163
1436,163
1437,163
1438,163
1439,163
1440,163
1441,163
1442,163
1443,163
1444,163
1445,163
1446,163
1447,163
1448,163
1449,163
1450,163
1451,163
1452,163
1453,163
1454,163
1455,163
1456,163
1457,163
1458,163
1459,163
1460,163
1461,163
1462,163
1463,163
1464,163
1465,163
1466,163
1467,163
1468,163
1469,163
1470,163
1471,163
1472,163
1473,163
1474,163
1475,163
1476,163
1477,163
1478,163
1479,163
1480,163
1481,163
1482,163
1483,163
1484,163
1485,163
1486,163
1487,163
1488,163
1489,163
1490,163
1491,163
1492,163
1493,163
1494,163
1495,163
1496,163
1497,163
1498,163
1499,163
1500,163
1501,163
1502,163
1503,163
1504,163
1505,163
1506,163
1507,163
1508,163
1509,163
1510,163
1511,163
1512,163
1513,163
1514,163
1515,163
1516,163
1517,163
1518,163
1519,163
1520,163
1521,163
1522,163
1523,163
1524,163
1525,163
1526,163
1527,163
1528,163
1529,163
1530,163
1531,163
1532,163
1533,163
1534,163
1535,163
1536,163
1537,163
1538,163
1539,163
1540,163
1541,163
1542,163
1543,163
1544,163
1545,163
1546,163
1547,163
1548,163
1549,163
1550,163
1551,163
1552,163
1553,163
1554,163
1555,163
1556,164
1557,164
1558,164
1559,164
1560,163
1561,163
1562,163
1563,163
1564,163
1565,163
1566,163
1567,163
1568,163
1569,163
1570,163
1571,163
1572,163
1573,163
1574,164
1575,164
1576,164
1577,164
1578,164
1579,164
1580,164
1581,164
1582,164
1583,164
1584,164
1585,164
1586,164
1587,163
1588,163
1589,163
1590,163
1591,163
1592,163
1593,163
1594,163
1595,163
1596,163
1597,163
1598,163
1599,163
1600,163
1601,163
1602,163
1603,163
1604,163
1605,163
1606,163
1607,163
1608,163
1609,163
1610,163
1611,163
1612,163
1613,163
1614,163
1615,163
1616,163
1617,163
1618,163
1619,163
1620,163
1621,163
1622,163
1623,163
1624,163
1625,163
1626,163
1627,163
1628,163
1629,163
1630,163
1631,163
1632,163
1633,163
1634,163
1635,163
1636,163
1637,163
1638,163
1639,163
1640,163
1641,163
1642,163
1643,163
1644,163
1645,163
1646,163
1647,163
1648,163
1649,163
1650,163
1651,163
1652,163
1653,163
1654,163
1655,163
1656,163
1657,163
1658,163
1659,163
1660,163
1661,163
1662,163
1663,163
1664,163
1665,163
1666,163
1667,163
1668,163
1669,163
1670,163
1671,163
1672,163
1673,163
1674,163
1675,164
1676,163
1677,163
1678,163
1679,163
1680,163
1681,164
1682,164
1683,164
1684,164
1685,163
1686,164
1687,164
1688,163
1689,164
1690,164
1691,164
1692,164
1693,164
1694,164
1695,164
1696,164
1697,164
1698,164
1699,164
1700,164
1701,164
1702,164
1703,164
1704,164
1705,164
1706,164
1707,164
1708,164
1709,164
1710,163
1711,164
1712,164
1713,164
1714,163
1715,164
1716,163
1717,163
1718,163
1719,164
1720,164
1721,164
1722,164
1723,164
1724,164
1725,164
1726,164
1727,164
1728,164
1729,164
1730,164
1731,164
1732,164
1733,164
1734,164
1735,164
1736,164
1737,164
1738,164
1739,164
1740,164
1741,164
1742,164
1743,164
1744,164
1745,164
1746,164
1747,164
1748,164
1749,164
1750,164
1751,164
1752,164
1753,164
1754,164
1755,164
1756,164
1757,164
1758,164
1759,164
1760,164
1761,164
1762,164
1763,164
1764,164
1765,164
1766,164
1767,164
1768,164
1769,164
1770,164
1771,164
1772,164
1773,164
1774,164
1775,164
1776,164
1777,164
1778,164
1779,164
1780,164
1781,164
1782,164
1783,164
1784,164
1785,164
1786,164
1787,164
1788,164
1789,164
1790,164
1791,164
1792,164
1793,164
1794,164
1795,164
1796,164
1797,164
1798,164
1799,164
1800,164
1801,164
1802,164
1803,164
1804,164
1805,164
1806,164
1807,164
1808,164
1809,164
1810,164
1811,164
1812,164
1813,164
1814,164
1815,164
1816,164
1817,164
1818,164
1819,164
1820,164
1821,164
1822,164
1823,164
1824,164
1825,164
1826,164
1827,164
1828,164
1829,164
1830,164
1831,164
1832,164
1833,164
1834,164
1835,164
1836,164
1837,164
1838,165
1839,165
1840,164
1841,164
1842,164
1843,164
1844,164
1845,164
1846,164
1847,164
1848,164
1849,164
1850,164
1851,164
1852,164
1853,164
1854,164
1855,164
1856,164
1857,164
1858,164
1859,164
1860,164
1861,164
1862,165
1863,164
1864,164
1865,164
1866,164
1867,165
1868,164
1869,165
1870,165
1871,165
1872,165
1873,165
1874,165
1875,165
1876,165
1877,165
1878,165
1879,165
1880,165
1881,165
1882,165
1883,165
1884,165
1885,165
1886,165
1887,165
1888,165
1889,165
1890,165
1891,165
1892,165
1893,165
1894,165
1895,165
1896,165
1897,166
1898,166
1899,165
1900,165
1901,165
1902,165
1903,165
1904,165
1905,165
1906,165
1907,165
1908,165
1909,165
1910,165
1911,165
1912,165
1913,165
1914,165
1915,165
1916,165
1917,165
1918,165
1919,165
1920,166
1921,166
1922,166
1923,166
1924,166
1925,165
1926,165
1927,165
1928,165
1929,165
1930,166
1931,166
1932,166
1933,166
1934,166
1935,166
1936,166
1937,166
1938,166
1939,166
1940,166
1941,166
1942,166
1943,166
1944,166
1945,166
1946,166
1947,166
1948,166
1949,166
1950,166
1951,166
1952,166
1953,166
1954,166
1955,166
1956,166
1957,166
1958,166
1959,166
1960,166
1961,166
1962,166
1963,166
1964,166
1965,166
1966,166
1967,166
1968,166
1969,166
1970,166
1971,166
1972,166
1973,166
1974,166
1975,166
1976,166
1977,166
1978,166
1979,166
1980,166
1981,166
1982,166
1983,166
1984,166
1985,166
1986,166
1987,166
1988,166
1989,166
1990,166
1991,166
1992,166
1993,166
1994,166
1995,166
1996,166
1997,166
1998,166
1999,166
2000,166
2001,166
2002,166
2003,166
2004,167
2005,166
2006,166
2007,166
2008,166
2009,166
2010,167
2011,167
2012,167
2013,167
2014,167
2015,167
2016,167
2017,167
2018,167
2019,167
2020,167
2021,167
2022,167
2023,167
2024,167
2025,167
2026,167
2027,166
2028,166
2029,166
2030,166
2031,166
2032,166
2033,166
2034,166
2035,166
2036,166
2037,166
2038,166
2039,166
2040,166
2041,166
2042,166
2043,166
2044,166
2045,166
2046,166
2047,167
2048,167
2049,167
2050,167
2051,167
2052,167
2053,167
2054,167
2055,167
2056,167
2057,167
2058,167
2059,167
2060,167
2061,167
2062,167
2063,167
2064,167
2065,167
2066,167
2067,167
2068,167
2069,167
2070,167
2071,167
2072,167
2073,167
2074,167
2075,167
2076,167
2077,167
2078,167
2079,167
2080,167
2081,167
2082,167
2083,167
2084,167
2085,167
2086,167
2087,167
2088,167
2089,167
2090,167
2091,167
2092,167
2093,167
2094,167
2095,167
2096,167
2097,167
2098,167
2099,167
2100,167
2101,167
2102,167
2103,167
2104,167
2105,167
2106,167
2107,167
2108,167
2109,167
2110,167
2111,167
2112,168
2113,167
2114,167
2115,167
2116,167
2117,167
2118,167
2119,167
2120,167
2121,167
2122,167
2123,167
2124,167
2125,167
2126,167
2127,167
2128,167
2129,167
2130,167
2131,167
2132,167
2133,167
2134,167
2135,167
2136,167
2137,167
2138,167
2139,167
2140,167
2141,167
2142,167
2143,167
2144,167
2145,167
2146,167
2147,167
2148,167
2149,167
2150,167
2151,167
2152,167
2153,167
2154,167
2155,167
2156,167
2157,167
2158,167
2159,167
2160,167
2161,167
2162,167
2163,167
2164,167
2165,167
2166,167
2167,167
2168,167
2169,167
2170,167
2171,167
2172,167
2173,167
2174,167
2175,167
2176,167
2177,167
2178,167
2179,167
2180,167
2181,167
2182,167
2183,167
2184,167
2185,167
2186,167
2187,167
2188,167
2189,167
2190,167
2191,167
2192,167
2193,167
2194,167
2195,167
2196,167
2197,167
2198,167
2199,167
2200,166
2201,166
2202,166
2203,166
2204,166
2205,166
2206,167
2207,167
2208,166
2209,166
2210,167
2211,166
2212,166
2213,166
2214,166
2215,166
2216,167
2217,167
2218,167
2219,167
2220,167
2221,167
2222,167
2223,167
2224,167
2225,167
2226,167
2227,167
2228,167
2229,167
2230,167
2231,167
2232,167
2233,167
2234,167
2235,167
2236,167
2237,167
2238,167
2239,167
2240,167
2241,167
2242,167
2243,167
2244,167
2245,167
2246,167
2247,167
2248,167
2249,167
2250,167
2251,167
2252,167
2253,167
2254,167
2255,167
2256,167
2257,167
2258,168
2259,168
2260,168
2261,168
2262,168
2263,168
2264,168
2265,168
2266,168
2267,168
2268,168
2269,168
2270,168
2271,168
2272,168
2273,168
2274,168
2275,168
2276,168
2277,168
2278,168
2279,168
2280,168
2281,168
2282,168
2283,168
2284,168
2285,168
2286,168
2287,168
2288,168
2289,168
2290,168
2291,168
2292,168
2293,168
2294,168
2295,168
2296,168
2297,168
2298,168
2299,168
2300,168
2301,168
2302,168
2303,168
2304,168
2305,168
2306,168
2307,168
2308,168
2309,168
2310,168
2311,168
2312,168
2313,168
2314,168
2315,168
2316,168
2317,168
2318,168
2319,168
2320,168
2321,168
2322,168
2323,168
2324,168
2325,168
2326,168
2327,168
2328,168
2329,168
2330,168
2331,168
2332,168
2333,168
2334,168
2335,168
2336,168
2337,168
2338,168
2339,168
2340,168
2341,168
2342,168
2343,168
2344,168
2345,168
2346,168
2347,168
2348,168
2349,168
2350,168
2351,168
2352,168
2353,168
2354,168
2355,168
2356,168
2357,168
2358,168
2359,168
2360,168
2361,168
2362,168
2363,168
2364,168
2365,168
2366,168
2367,168
2368,168
2369,168
2370,168
2371,168
2372,168
2373,168
2374,168
2375,168
2376,168
2377,168
2378,168
2379,168
2380,168
2381,168
2382,168
2383,168
2384,168
2385,168
2386,168
2387,168
2388,168
2389,169
2390,169
2391,169
2392,169
2393,169
2394,169
2395,169
2396,169
2397,169
2398,169
2399,169
2400,169
2401,169
2402,169
2403,169
2404,169
2405,169
2406,169
2407,169
2408,169
2409,169
2410,169
2411,169
2412,169
2413,169
2414,169
2415,169
2416,169
2417,169
2418,169
2419,169
2420,169
2421,169
2422,169
2423,169
2424,169
2425,169
2426,169
2427,169
2428,169
2429,169
2430,169
2431,168
2432,168
2433,168
2434,168
2435,168
2436,168
2437,168
2438,168
2439,168
2440,168
2441,168
2442,168
2443,168
2444,168
2445,169
2446,169
2447,169
2448,169
2449,169
2450,169
2451,169
2452,169
2453,169
2454,169
2455,169
2456,169
2457,170
2458,170
2459,170
2460,170
2461,170
2462,170
2463,170
2464,170
2465,169
2466,170
2467,170
2468,170
2469,170
2470,170
2471,170
2472,170
2473,170
2474,170
2475,170
2476,170
2477,170
2478,170
2479,170
2480,170
2481,170
2482,170
2483,170
2484,170
2485,170
2486,170
2487,170
2488,170
2489,170
2490,170
2491,170
2492,170
2493,170
2494,170
2495,170
2496,170
2497,170
2498,170
2499,170
2500,170
2501,170
2502,170
2503,170
2504,170
2505,170
2506,170
2507,170
2508,170
2509,170
2510,170
2511,170
2512,170
2513,170
2514,170
2515,170
2516,170
2517,170
2518,170
2519,171
2520,171
2521,171
2522,171
2523,171
2524,171
2525,171
2526,171
2527,171
2528,170
2529,170
2530,170
2531,170
2532,170
2533,170
2534,171
2535,171
2536,171
2537,171
2538,171
2539,171
2540,171
2541,171
2542,171
2543,171
2544,171
2545,171
2546,171
2547,171
2548,171
2549,171
2550,171
2551,171
2552,171
2553,171
2554,171
2555,171
2556,171
2557,171
2558,171
2559,171
2560,171
2561,171
2562,171
2563,171
2564,171
2565,171
2566,172
2567,171
2568,172
2569,172
2570,172
2571,172
2572,172
2573,172
2574,172
2575,172
2576,172
2577,172
2578,172
2579,172
2580,172
2581,172
2582,172
2583,172
2584,172
2585,172
2586,172
2587,172
2588,172
2589,172
2590,172
2591,172
2592,172
2593,172
2594,172
2595,172
2596,172
2597,172
2598,172
2599,172
2600,172
2601,172
2602,172
2603,172
2604,172
2605,173
2606,173
2607,172
2608,172
2609,172
2610,172
2611,172
2612,172
2613,172
2614,172
2615,173
2616,173
2617,173
2618,173
2619,173
2620,173
2621,173
2622,173
2623,173
2624,173
2625,173
2626,173
2627,173
2628,173
2629,173
2630,173
2631,173
2632,173
2633,173
2634,173
2635,173
2636,173
2637,173
2638,173
2639,173
2640,173
2641,173
2642,173
2643,173
2644,173
2645,173
2646,173
2647,173
2648,173
2649,173
2650,173
2651,173
2652,173
2653,173
2654,173
2655,173
2656,173
2657,173
2658,173
2659,173
2660,173
2661,173
2662,173
2663,173
2664,173
2665,173
2666,173
2667,173
2668,173
2669,173
2670,173
2671,173
2672,173
2673,173
2674,173
2675,173
2676,173
2677,173
2678,173
2679,173
2680,173
2681,173
2682,173
2683,173
2684,173
2685,173
2686,173
2687,173
2688,173
2689,173
2690,173
2691,173
2692,173
2693,173
2694,173
2695,173
2696,173
2697,173
2698,173
2699,173
2700,173
2701,173
2702,173
2703,173
2704,173
2705,173
2706,173
2707,173
2708,173
2709,173
2710,173
2711,173
2712,173
2713,173
2714,173
2715,173
2716,173
2717,173
2718,173
2719,173
2720,173
2721,173
2722,172
2723,173
2724,172
2725,172
2726,172
2727,172
2728,172
2729,172
2730,172
2731,172
2732,172
2733,172
2734,172
2735,172
2736,172
2737,172
2738,172
2739,172
2740,172
2741,172
2742,172
2743,172
2744,172
2745,172
2746,172
2747,172
2748,172
2749,172
2750,172
2751,172
2752,172
2753,172
2754,172
2755,172
2756,172
2757,172
2758,172
2759,172
2760,172
2761,172
2762,172
2763,172
2764,172
2765,172
2766,172
2767,172
2768,172
2769,172
2770,172
2771,172
2772,172
2773,172
2774,172
2775,172
2776,172
2777,172
2778,172
2779,172
2780,172
2781,172
2782,172
2783,172
2784,172
2785,172
2786,172
2787,172
2788,172
2789,172
2790,172
2791,172
2792,172
2793,172
2794,172
2795,172
2796,172
2797,172
2798,172
2799,172
2800,172
2801,172
2802,173
2803,173
2804,173
2805,173
2806,173
2807,173
2808,173
2809,173
2810,173
2811,172
2812,172
2813,172
2814,172
2815,172
2816,172
2817,172
2818,172
2819,172
2820,172
2821,172
2822,172
2823,172
2824,172
2825,172
2826,172
2827,172
2828,173
2829,172
2830,172
2831,173
2832,173
2833,173
2834,173
2835,173
2836,173
2837,173
2838,173
2839,173
2840,173
2841,173
2842,173
2843,173
2844,173
2845,173
2846,173
2847,173
2848,173
2849,173
2850,173
2851,173
2852,173
2853,173
2854,173
2855,173
2856,173
2857,173
2858,173
2859,173
2860,173
2861,173
2862,173
2863,173
2864,173
2865,173
2866,173
2867,173
2868,173
2869,173
2870,173
2871,172
2872,172
2873,173
2874,173
2875,172
2876,172
2877,172
2878,172
2879,172
2880,172
2881,172
2882,172
2883,172
2884,172
2885,172
2886,172
2887,172
2888,172
2889,172
2890,172
2891,172
2892,172
2893,172
2894,172
2895,172
2896,172
2897,172
2898,172
2899,172
2900,172
2901,172
2902,172
2903,172
2904,172
2905,172
2906,172
2907,172
2908,172
2909,172
2910,172
2911,172
2912,172
2913,172
2914,172
2915,172
2916,172
2917,172
2918,172
2919,172
2920,172
2921,172
2922,172
2923,172
2924,172
2925,172
2926,172
2927,172
2928,172
2929,172
2930,173
2931,172
2932,172
2933,172
2934,172
2935,172
2936,172
2937,172
2938,172
2939,172
2940,172
2941,172
2942,172
2943,172
2944,172
2945,172
2946,172
2947,172
2948,172
2949,172
2950,172
2951,172
2952,172
2953,172
2954,172
2955,172
2956,172
2957,172
2958,172
2959,172
2960,172
2961,172
2962,172
2963,172
2964,172
2965,172
2966,172
2967,172
2968,172
2969,172
2970,172
2971,172
2972,172
2973,172
2974,172
2975,172
2976,172
2977,172
2978,172
2979,172
2980,172
2981,172
2982,172
2983,172
2984,172
2985,172
2986,172
2987,172
2988,172
2989,172
2990,172
2991,172
2992,172
2993,172
2994,172
2995,172
2996,172
2997,172
2998,172
2999,172
3000,172
3001,172
3002,172
3003,172
3004,172
3005,172
3006,172
3007,172
3008,172
3009,172
3010,172
3011,172
3012,172
3013,172
3014,172
3015,172
3016,172
3017,172
3018,173
3019,172
3020,172
3021,172
3022,172
3023,172
3024,172
3025,173
3026,173
3027,173
3028,173
3029,173
3030,173
3031,173
3032,173
3033,173
3034,173
3035,173
3036,173
3037,173
3038,173
3039,173
3040,173
3041,173
3042,173
3043,173
3044,173
3045,173
3046,173
3047,173
3048,173
3049,173
3050,173
3051,173
3052,173
3053,173
3054,173
3055,173
3056,173
3057,173
3058,173
3059,173
3060,173
3061,173
3062,173
3063,173
3064,173
3065,173
3066,173
3067,173
3068,173
3069,173
3070,173
3071,173
3072,173
3073,174
3074,174
3075,174
3076,174
3077,174
3078,174
3079,174
3080,174
3081,174
3082,174
3083,174
3084,174
3085,174
3086,174
3087,174
3088,174
3089,174
3090,174
3091,174
3092,174
3093,174
3094,174
3095,174
3096,174
3097,174
3098,174
3099,174
3100,174
3101,174
3102,174
3103,174
3104,174
3105,174
3106,174
3107,174
3108,174
3109,174
3110,174
3111,174
3112,174
3113,174
3114,174
3115,174
3116,174
3117,174
3118,174
3119,174
3120,174
3121,174
3122,174
3123,174
3124,174
3125,174
3126,174
3127,174
3128,174
3129,174
3130,174
3131,174
3132,174
3133,174
3134,174
3135,174
3136,174
3137,174
3138,174
3139,174
3140,174
3141,174
3142,174
3143,174
3144,174
3145,174
3146,174
3147,174
3148,174
3149,174
3150,174
3151,174
3152,174
3153,174
3154,174
3155,174
3156,174
3157,174
3158,173
3159,174
3160,174
3161,174
3162,174
3163,174
3164,174
3165,174
3166,174
3167,174
3168,174
3169,174
3170,174
3171,174
3172,174
3173,174
3174,174
3175,174
3176,174
3177,174
3178,174
3179,174
3180,174
3181,174
3182,174
3183,174
3184,174
3185,174
3186,174
3187,174
3188,174
3189,174
3190,174
3191,174
3192,174
3193,174
3194,174
3195,174
3196,174
3197,174
3198,174
3199,174
3200,174
3201,174
3202,174
3203,174
3204,174
3205,174
3206,173
3207,174
3208,174
3209,174
3210,174
3211,174
3212,174
3213,173
3214,173
3215,173
3216,173
3217,173
3218,174
3219,174
3220,174
3221,174
3222,174
3223,174
3224,174
3225,174
3226,174
3227,174
3228,174
3229,174
3230,174
3231,174
3232,174
3233,174
3234,174
3235,174
3236,174
3237,174
3238,174
3239,174
3240,174
3241,174
3242,174
3243,174
3244,174
3245,174
3246,174
3247,174
3248,174
3249,174
3250,174
3251,175
3252,174
3253,175
3254,175
3255,175
3256,175
3257,175
3258,175
3259,175
3260,175
3261,175
3262,175
3263,175
3264,175
3265,175
3266,175
3267,175
3268,175
3269,175
3270,175
3271,175
3272,175
3273,175
3274,175
3275,175
3276,175
3277,175
3278,175
3279,175
3280,175
3281,175
3282,175
3283,175
3284,175
3285,175
3286,175
3287,175
3288,175
3289,175
3290,175
3291,175
3292,175
3293,175
3294,175
3295,175
3296,175
3297,175
3298,175
3299,175
3300,175
3301,175
3302,175
3303,175
3304,175
3305,175
3306,175
3307,175
3308,175
3309,175
3310,175
3311,175
3312,175
3313,176
3314,176
3315,175
3316,175
3317,175
3318,175
3319,175
3320,175
3321,175
3322,175
3323,175
3324,175
3325,175
3326,176
3327,175
3328,175
3329,175
3330,175
3331,175
3332,175
3333,175
3334,175
3335,175
3336,175
3337,175
3338,175
3339,175
3340,175
3341,175
3342,175
3343,175
3344,175
3345,175
3346,175
3347,176
3348,176
3349,176
3350,176
3351,176
3352,176
3353,176
3354,176
3355,176
3356,175
3357,175
3358,175
3359,175
3360,175
3361,175
3362,175
3363,175
3364,175
3365,175
3366,175
3367,175
3368,175
3369,175
3370,175
3371,175
3372,175
3373,175
3374,175
3375,175
3376,175
3377,175
3378,175
3379,175
3380,175
3381,175
3382,175
3383,175
3384,175
3385,175
3386,175
3387,175
3388,175
3389,175
3390,175
3391,175
3392,175
3393,175
3394,175
3395,175
3396,175
3397,175
3398,175
3399,175
3400,175
3401,175
3402,175
3403,175
3404,175
3405,175
3406,175
3407,175
3408,175
3409,175
3410,175
3411,175
3412,175
3413,175
3414,175
3415,175
3416,175
3417,175
3418,175
3419,175
3420,175
3421,175
3422,175
3423,175
3424,175
3425,175
3426,175
3427,175
3428,175
3429,175
3430,175
3431,175
3432,175
3433,175
3434,175
3435,175
3436,175
3437,175
3438,176
3439,175
3440,175
3441,175
3442,175
3443,175
3444,175
3445,175
3446,175
3447,175
3448,175
3449,175
3450,175
3451,175
3452,175
3453,175
3454,175
3455,176
3456,176
3457,176
3458,176
3459,175
3460,175
3461,176
3462,175
3463,175
3464,175
3465,175
3466,175
3467,175
3468,176
3469,175
3470,176
3471,175
3472,176
3473,175
3474,175
3475,175
3476,175
3477,175
3478,175
3479,175
3480,175
3481,175
3482,175
3483,175
3484,175
3485,175
3486,175
3487,175
3488,175
3489,175
3490,175
3491,175
3492,175
3493,175
3494,175
3495,175
3496,175
3497,175
3498,176
3499,175
3500,175
3501,175
3502,175
3503,175
3504,175
3505,176
3506,176
3507,176
3508,176
3509,176
3510,176
3511,176
3512,176
3513,176
3514,176
3515,176
3516,176
3517,176
3518,176
3519,176
3520,176
3521,176
3522,176
3523,176
3524,176
3525,176
3526,176
3527,176
3528,176
3529,176
3530,176
3531,176
3532,176
3533,176
3534,176
3535,175
3536,175
3537,175
3538,175
3539,175
3540,175
3541,175
3542,175
3543,175
3544,175
3545,175
3546,175
3547,175
3548,176
3549,176
3550,176
3551,176
3552,176
3553,176
3554,176
3555,176
3556,176
3557,176
3558,176
3559,176
3560,176
3561,176
3562,176
3563,176
3564,176
3565,176
3566,176
3567,176
3568,176
3569,176
3570,176
3571,176
3572,176
3573,176
3574,176
3575,176
3576,176
3577,176
3578,176
3579,176
3580,176
3581,176
3582,176
3583,176
3584,176
3585,176
3586,176
3587,176
3588,176
3589,176
3590,176
3591,176
3592,176
3593,176
3594,176
3595,176
3596,176
3597,176
3598,176
3599,176
3600,176
3601,176
3602,176
3603,176
3604,176
3605,176
3606,176
3607,176
3608,176
3609,176
3610,176
3611,176
3612,176
3613,176
3614,176
3615,176
3616,176
3617,176
3618,176
3619,176
3620,176
3621,176
3622,176
3623,176
3624,176
3625,176
3626,177
3627,177
3628,177
3629,176
3630,177
3631,177
3632,177
3633,177
3634,177
3635,177
3636,177
3637,177
3638,177
3639,177
3640,177
3641,177
3642,177
3643,177
3644,177
3645,177
3646,177
3647,177
3648,177
3649,177
3650,177
3651,178
3652,178
3653,178
3654,178
3655,178
3656,178
3657,178
3658,178
3659,178
3660,178
3661,178
3662,178
3663,178
3664,178
3665,178
3666,178
3667,178
3668,178
3669,178
3670,178
3671,178
3672,178
3673,178
3674,178
3675,178
3676,178
3677,178
3678,178
3679,178
3680,178
3681,178
3682,178
3683,178
3684,178
3685,179
3686,179
3687,179
3688,179
3689,179
3690,178
3691,178
3692,178
3693,178
3694,178
3695,178
3696,179
3697,179
3698,178
3699,178
3700,178
3701,178
3702,178
3703,178
3704,178
3705,178
3706,178
3707,178
3708,178
3709,178
3710,178
3711,178
3712,178
3713,178
3714,178
3715,178
3716,178
3717,178
3718,178
3719,178
3720,178
3721,178
3722,178
3723,178
3724,178
3725,178
3726,178
3727,178
3728,178
3729,178
3730,178
3731,178
3732,178
3733,178
3734,177
3735,177
3736,177
3737,177
3738,177
3739,177
3740,177
3741,177
3742,177
3743,177
3744,177
3745,177
3746,177
3747,177
3748,177
3749,177
3750,177
3751,177
3752,177
3753,177
3754,177
3755,177
3756,177
3757,177
3758,177
3759,177
3760,177
3761,177
3762,177
3763,177
3764,177
3765,177
3766,177
3767,177
3768,177
3769,177
3770,177
3771,177
3772,177
3773,177
3774,177
3775,177
3776,177
3777,177
3778,177
3779,177
3780,177
3781,177
3782,177
3783,177
3784,177
3785,177
3786,177
3787,177
3788,177
3789,177
3790,177
3791,177
3792,177
3793,177
3794,177
3795,178
3796,178
3797,178
3798,178
3799,178
3800,178
3801,178
3802,178
3803,178
3804,178
3805,178
3806,178
3807,178
3808,178
3809,178
3810,178
3811,178
3812,178
3813,178
3814,178
3815,178
3816,178
3817,178
3818,178
3819,178
3820,178
3821,178
3822,178
3823,178
3824,178
3825,178
3826,178
3827,178
3828,178
3829,178
3830,178
3831,178
3832,178
3833,178
3834,178
3835,178
3836,178
3837,178
3838,178
3839,178
3840,178
3841,178
3842,178
3843,178
3844,178
3845,178
3846,178
3847,178
3848,178
3849,178
3850,178
3851,178
3852,178
3853,178
3854,178
3855,178
3856,178
3857,178
3858,178
3859,178
3860,178
3861,178
3862,178
3863,178
3864,178
3865,178
3866,178
3867,178
3868,178
3869,178
3870,178
3871,178
3872,178
3873,178
3874,178
3875,178
3876,178
3877,178
3878,178
3879,178
3880,178
3881,178
3882,178
3883,178
3884,178
3885,178
3886,178
3887,178
3888,178
3889,178
3890,178
3891,178
3892,178
3893,178
3894,178
3895,178
3896,178
3897,178
3898,178
3899,178
3900,179
3901,178
3902,178
3903,178
3904,178
3905,179
3906,178
3907,179
3908,179
3909,179
3910,179
3911,179
3912,179
3913,179
3914,179
3915,179
3916,179
3917,179
3918,179
3919,179
3920,179
3921,179
3922,179
3923,179
3924,179
3925,179
3926,179
3927,179
3928,179
3929,179
3930,179
3931,179
3932,179
3933,179
3934,179
3935,179
3936,179
3937,179
3938,179
3939,179
3940,179
3941,179
3942,179
3943,179
3944,179
3945,179
3946,179
3947,179
3948,179
3949,179
3950,179
3951,179
3952,179
3953,179
3954,179
3955,180
3956,180
3957,180
3958,180
3959,180
3960,180
3961,180
3962,179
3963,179
3964,180
3965,179
3966,179
3967,179
3968,179
3969,180
3970,180
3971,179
3972,180
3973,180
3974,180
3975,180
3976,180
3977,180
3978,180
3979,180
3980,180
3981,180
3982,180
3983,180
3984,180
3985,180
3986,180
3987,180
3988,180
3989,180
3990,180
3991,180
3992,180
3993,180
3994,180
3995,180
3996,180
3997,180
3998,180
3999,180
4000,179
4001,179
4002,180
4003,179
4004,180
4005,180
4006,180
4007,179
4008,180
4009,179
4010,179
4011,179
4012,179
4013,179
4014,179
4015,180
4016,180
4017,180
4018,180
4019,179
4020,179
4021,179
4022,179
4023,179
4024,179
4025,180
4026,180
4027,180
4028,180
4029,180
4030,180
4031,180
4032,180
4033,180
4034,180
4035,180
4036,180
4037,180
4038,180
4039,180
4040,180
4041,180
4042,180
4043,180
4044,180
4045,180
4046,180
4047,180
4048,180
4049,180
4050,181
4051,181
4052,181
4053,181
4054,181
4055,181
4056,181
4057,181
4058,181
4059,181
4060,181
4061,181
4062,181
4063,181
4064,181
4065,181
4066,181
4067,181
4068,181
4069,181
4070,180
4071,181
4072,180
4073,181
4074,180
4075,180
4076,180
4077,181
4078,181
4079,181
4080,181
4081,181
4082,181
4083,181
4084,181
4085,181
4086,181
4087,181
4088,181
4089,181
4090,181
4091,181
4092,181
4093,181
4094,181
4095,181
4096,181
4097,181
4098,181
4099,181
4100,181
4101,181
4102,181
4103,181
4104,181
4105,181
4106,181
4107,181
4108,181
4109,181
4110,181
4111,181
4112,181
4113,181
4114,181
4115,181
4116,181
4117,182
4118,182
4119,181
4120,182
4121,182
4122,182
4123,182
4124,182
4125,182
4126,182
4127,182
4128,182
4129,182
4130,182
4131,182
4132,182
4133,182
4134,182
4135,182
4136,182
4137,182
4138,182
4139,182
4140,182
4141,182
4142,182
4143,182
4144,182
4145,182
4146,182
4147,182
4148,182
4149,182
4150,182
4151,182
4152,182
4153,182
4154,182
4155,182
4156,182
4157,183
4158,182
4159,182
4160,182
4161,182
4162,182
4163,182
4164,182
4165,182
4166,182
4167,182
4168,183
4169,182
4170,182
4171,182
4172,182
4173,183
4174,183
4175,183
4176,182
4177,182
4178,182
4179,182
4180,182
4181,182
4182,182
4183,182
4184,182
4185,182
4186,182
4187,182
4188,182
4189,183
4190,183
4191,183
4192,182
4193,182
4194,182
4195,182
4196,182
4197,182
4198,183
4199,182
4200,183
4201,183
4202,183
4203,183
4204,183
4205,183
4206,183
4207,183
4208,183
4209,183
4210,183
4211,183
4212,183
4213,183
4214,183
4215,183
4216,183
4217,183
4218,183
4219,183
4220,183
4221,183
4222,183
4223,183
4224,183
4225,183
4226,183
4227,183
4228,183
4229,183
4230,183
4231,183
4232,183
4233,183
4234,183
4235,183
4236,183
4237,183
4238,183
4239,183
4240,183
4241,183
4242,183
4243,183
4244,183
4245,183
4246,183
4247,183
4248,183
4249,183
4250,183
4251,183
4252,183
4253,183
4254,183
4255,183
4256,183
4257,183
4258,183
4259,183
4260,183
4261,183
4262,183
4263,183
4264,183
4265,183
4266,183
4267,183
4268,183
4269,183
4270,183
4271,183
4272,183
4273,183
4274,183
4275,183
4276,183
4277,183
4278,183
4279,183
4280,183
4281,183
4282,183
4283,183
4284,183
4285,183
4286,183
4287,183
4288,183
4289,183
4290,183
4291,183
4292,183
4293,183
4294,183
4295,183
4296,183
4297,183
4298,183
4299,183
4300,183
4301,183
4302,183
4303,183
4304,183
4305,183
4306,183
4307,183
4308,183
4309,183
4310,183
4311,184
4312,184
4313,183
4314,183
4315,183
4316,183
4317,184
4318,184
4319,184
4320,184
4321,184
4322,184
4323,184
4324,184
4325,184
4326,184
4327,184
4328,184
4329,184
4330,184
4331,184
4332,184
4333,184
4334,184
4335,184
4336,184
4337,184
4338,184
4339,184
4340,184
4341,184
4342,184
4343,184
4344,184
4345,184
4346,184
4347,184
4348,184
4349,184
4350,184
4351,184
4352,184
4353,184
4354,184
4355,184
4356,184
4357,184
4358,184
4359,184
4360,184
4361,184
4362,184
4363,184
4364,184
4365,184
4366,184
4367,184
4368,184
4369,184
4370,184
4371,184
4372,184
4373,184
4374,184
4375,184
4376,184
4377,184
4378,184
4379,184
4380,184
4381,184
4382,184
4383,184
4384,184
4385,184
4386,184
4387,184
4388,184
4389,184
4390,184
4391,184
4392,184
4393,185
4394,185
4395,185
4396,185
4397,185
4398,185
4399,185
4400,185
4401,185
4402,185
4403,185
4404,185
4405,185
4406,185
4407,185
4408,185
4409,185
4410,185
4411,185
4412,185
4413,185
4414,185
4415,185
4416,185
4417,185
4418,185
4419,185
4420,185
4421,185
4422,185
4423,185
4424,185
4425,185
4426,185
4427,185
4428,185
4429,185
4430,185
4431,185
4432,185
4433,185
4434,185
4435,185
4436,185
4437,185
4438,185
4439,185
4440,185
4441,185
4442,185
4443,185
4444,185
4445,185
4446,185
4447,185
4448,185
4449,185
4450,185
4451,184
4452,184
4453,184
4454,184
4455,184
4456,184
4457,185
4458,185
4459,185
4460,184
4461,185
4462,185
4463,184
4464,185
4465,184
4466,184
4467,185
4468,185
4469,185
4470,185
4471,185
4472,185
4473,185
4474,185
4475,185
4476,184
4477,185
4478,185
4479,184
4480,184
4481,185
4482,185
4483,185
4484,185
4485,185
4486,185
4487,185
4488,185
4489,185
4490,185
4491,185
4492,185
4493,185
4494,185
4495,185
4496,185
4497,185
4498,185
4499,185
4500,185
4501,185
4502,185
4503,185
4504,185
4505,185
4506,185
4507,185
4508,185
4509,186
4510,186
4511,186
4512,186
4513,186
4514,186
4515,186
4516,186
4517,186
4518,186
4519,186
4520,186
4521,186
4522,186
4523,186
4524,186
4525,186
4526,186
4527,186
4528,186
4529,186
4530,186
4531,186
4532,186
4533,186
4534,186
4535,186
4536,186
4537,186
4538,186
4539,186
4540,186
4541,186
4542,186
4543,186
4544,186
4545,186
4546,186
4547,186
4548,186
4549,186
4550,186
4551,186
4552,186
4553,186
4554,186
4555,186
4556,186
4557,186
4558,186
4559,186
4560,187
4561,187
4562,187
4563,187
4564,187
4565,187
4566,187
4567,187
4568,187
4569,187
4570,187
4571,187
4572,187
4573,187
4574,187
4575,187
4576,187
4577,187
4578,187
4579,187
4580,187
4581,187
4582,187
4583,187
4584,187
4585,187
4586,187
4587,187
4588,187
4589,187
4590,187
4591,187
4592,187
4593,187
4594,187
4595,187
4596,187
4597,187
4598,187
4599,187
4600,187
4601,187
4602,187
4603,187
4604,187
4605,187
4606,187
4607,187
4608,187
4609,187
4610,187
4611,187
4612,187
4613,187
4614,187
4615,187
4616,187
4617,187
4618,187
4619,187
4620,187
4621,187
4622,187
4623,187
4624,187
4625,187
4626,187
4627,187
4628,187
4629,187
4630,187
4631,187
4632,187
4633,187
4634,187
4635,187
4636,187
4637,187
4638,187
4639,187
4640,187
4641,187
4642,187
4643,187
4644,187
4645,187
4646,187
4647,187
4648,187
4649,187
4650,187
4651,187
4652,187
4653,187
4654,186
4655,187
4656,187
4657,187
4658,186
4659,186
4660,186
4661,186
4662,186
4663,186
4664,186
4665,186
4666,186
4667,186
4668,186
4669,186
4670,186
4671,186
4672,186
4673,186
4674,186
4675,186
4676,186
4677,186
4678,186
4679,186
4680,186
4681,186
4682,186
4683,186
4684,186
4685,186
4686,186
4687,186
4688,186
4689,186
4690,186
4691,186
4692,186
4693,186
4694,186
4695,186
4696,186
4697,186
4698,186
4699,186
4700,186
4701,186
4702,186
4703,186
4704,186
4705,186
4706,186
4707,186
4708,186
4709,186
4710,186
4711,186
4712,186
4713,186
4714,186
4715,186
4716,186
4717,186
4718,186
4719,186
4720,186
4721,186
4722,186
4723,186
4724,186
4725,186
4726,186
4727,186
4728,186
4729,186
4730,186
4731,186
4732,186
4733,186
4734,186
4735,186
4736,186
4737,186
4738,186
4739,186
4740,186
4741,186
4742,186
4743,186
4744,186
4745,186
4746,186
4747,186
4748,186
4749,186
4750,186
4751,186
4752,186
4753,186
4754,186
4755,186
4756,186
4757,186
4758,186
4759,186
4760,186
4761,186
4762,186
4763,186
4764,186
4765,186
4766,186
4767,186
4768,186
4769,186
4770,186
4771,186
4772,186
4773,186
4774,186
4775,186
4776,186
4777,186
4778,186
4779,186
4780,186
4781,186
4782,186
4783,186
4784,186
4785,186
4786,186
4787,186
4788,187
4789,186
4790,186
4791,186
4792,186
4793,187
4794,187
4795,187
4796,186
4797,186
4798,186
4799,186
4800,186
4801,186
4802,186
4803,186
4804,186
4805,186
4806,186
4807,186
4808,186
4809,186
4810,186
4811,186
4812,186
4813,186
4814,186
4815,186
4816,186
4817,186
4818,186
4819,186
4820,186
4821,186
4822,186
4823,186
4824,186
4825,186
4826,186
4827,186
4828,186
4829,186
4830,186
4831,186
4832,186
4833,186
4834,186
4835,186
4836,186
4837,186
4838,186
4839,186
4840,186
4841,186
4842,185
4843,185
4844,185
4845,185
4846,185
4847,185
4848,185
4849,185
4850,185
4851,185
4852,185
4853,185
4854,185
4855,185
4856,186
4857,186
4858,186
4859,186
4860,186
4861,186
4862,186
4863,186
4864,186
4865,186
4866,186
4867,186
4868,186
4869,186
4870,186
4871,186
4872,186
4873,186
4874,186
4875,186
4876,186
4877,186
4878,186
4879,186
4880,186
4881,186
4882,186
4883,186
4884,186
4885,186
4886,186
4887,186
4888,186
4889,186
4890,186
4891,186
4892,186
4893,186
4894,186
4895,186
4896,186
4897,186
4898,186
4899,186
4900,186
4901,186
4902,186
4903,186
4904,186
4905,186
4906,186
4907,186
4908,186
4909,186
4910,186
4911,186
4912,186
4913,186
4914,186
4915,186
4916,186
4917,186
4918,186
4919,186
4920,186
4921,186
4922,186
4923,186
4924,186
4925,186
4926,186
4927,186
4928,186
4929,186
4930,186
4931,186
4932,186
4933,186
4934,186
4935,186
4936,186
4937,186
4938,186
4939,186
4940,186
4941,186
4942,186
4943,186
4944,186
4945,186
4946,186
4947,186
4948,186
4949,186
4950,186
4951,186
4952,186
4953,186
4954,186
4955,186
4956,186
4957,186
4958,186
4959,186
4960,186
4961,186
4962,186
4963,186
4964,186
4965,186
4966,186
4967,186
4968,186
4969,186
4970,186
4971,186
4972,186
4973,186
4974,186
4975,186
4976,186
4977,186
4978,186
4979,186
4980,186
4981,186
4982,186
4983,186
4984,186
4985,186
4986,186
4987,187
4988,187
4989,186
4990,187
4991,187
4992,187
4993,187
4994,187
4995,187
4996,187
4997,187
4998,187
4999,187
5000,187
5001,187
5002,187
5003,187
5004,187
5005,187
5006,187
5007,187
5008,187
5009,187
5010,187
5011,187
5012,187
5013,187
5014,187
5015,187
5016,187
5017,187
5018,187
5019,187
5020,187
5021,187
5022,187
5023,187
5024,187
5025,187
5026,187
5027,187
5028,187
5029,187
5030,187
5031,187
5032,187
5033,187
5034,187
5035,187
5036,187
5037,187
5038,187
5039,187
5040,187
5041,187
5042,187
5043,188
5044,188
5045,187
5046,188
5047,188
5048,188
5049,188
5050,187
5051,188
5052,188
5053,188
5054,188
5055,188
5056,188
5057,188
5058,188
5059,188
5060,188
5061,187
5062,188
5063,187
5064,187
5065,187
5066,187
5067,187
5068,187
5069,187
5070,187
5071,187
5072,187
5073,187
5074,187
5075,187
5076,187
5077,187
5078,187
5079,187
5080,187
5081,188
5082,187
5083,188
5084,188
5085,188
5086,188
5087,188
5088,188
5089,188
5090,188
5091,188
5092,188
5093,188
5094,188
5095,188
5096,188
5097,188
5098,188
5099,188
5100,188
5101,188
5102,188
5103,188
5104,188
5105,188
5106,188
5107,188
5108,188
5109,188
5110,188
5111,188
5112,188
5113,188
5114,188
5115,189
5116,188
5117,188
5118,188
5119,188
5120,188
5121,189
5122,188
5123,188
5124,189
5125,189
5126,189
5127,189
5128,189
5129,189
5130,189
5131,189
5132,189
5133,189
5134,189
5135,189
5136,189
5137,189
5138,189
5139,189
5140,189
5141,189
5142,189
5143,189
5144,189
5145,189
5146,189
5147,189
5148,189
5149,189
5150,189
5151,189
5152,189
5153,189
5154,189
5155,189
5156,189
5157,189
5158,189
5159,189
5160,189
5161,189
5162,189
5163,189
5164,189
5165,189
5166,189
5167,189
5168,189
5169,189
5170,189
5171,189
5172,189
5173,189
5174,189
5175,189
5176,189
5177,188
5178,188
5179,189
5180,189
5181,189
5182,188
5183,189
5184,189
5185,189
5186,189
5187,189
5188,189
5189,189
5190,189
5191,188
5192,188
5193,188
5194,188
5195,188
5196,188
5197,188
5198,188
5199,188
5200,188
5201,188
5202,188
5203,188
5204,188
5205,188
5206,188
5207,188
5208,188
5209,188
5210,188
5211,188
5212,188
5213,188
5214,188
5215,188
5216,188
5217,188
5218,188
5219,188
5220,188
5221,188
5222,188
5223,188
5224,188
5225,189
5226,189
5227,189
5228,189
5229,189
5230,189
5231,189
5232,189
5233,189
5234,189
5235,189
5236,189
5237,189
5238,189
5239,189
5240,189
5241,189
5242,189
5243,189
5244,189
5245,189
5246,189
5247,189
5248,189
5249,189
5250,189
5251,189
5252,189
5253,189
5254,189
5255,189
5256,189
5257,189
5258,189
5259,189
5260,189
5261,189
5262,189
5263,189
5264,189
5265,189
5266,189
5267,189
5268,189
5269,189
5270,189
5271,189
5272,189
5273,189
5274,189
5275,189
5276,189
5277,189
5278,189
5279,189
5280,189
5281,189
5282,189
5283,189
5284,189
5285,189
5286,189
5287,189
5288,189
5289,189
5290,189
5291,189
5292,189
5293,189
5294,189
5295,189
5296,189
5297,189
5298,189
5299,189
5300,189
5301,189
5302,189
5303,189
5304,189
5305,189
5306,189
5307,189
5308,189
5309,189
5310,189
5311,189
5312,189
5313,189
5314,189
5315,189
5316,189
5317,189
5318,189
5319,189
5320,189
5321,189
5322,189
5323,189
5324,189
5325,189
5326,189
5327,189
5328,189
5329,189
5330,189
5331,189
5332,189
5333,189
5334,189
5335,189
5336,189
5337,188
5338,189
5339,189
5340,189
5341,189
5342,188
5343,188
5344,188
5345,188
5346,188
5347,188
5348,188
5349,188
5350,188
5351,188
5352,188
5353,188
5354,188
5355,188
5356,188
5357,188
5358,188
5359,188
5360,188
5361,188
5362,188
5363,188
5364,188
5365,188
5366,189
5367,188
5368,188
5369,188
5370,189
5371,189
5372,189
5373,189
5374,189
5375,189
5376,189
5377,189
5378,189
5379,189
5380,189
5381,189
5382,189
5383,189
5384,189
5385,189
5386,189
5387,189
5388,189
5389,189
5390,189
5391,189
5392,189
5393,189
5394,189
5395,189
5396,190
5397,190
5398,190
5399,190
5400,190
5401,190
5402,190
5403,190
5404,190
5405,189
5406,189
5407,190
5408,190
5409,190
5410,190
5411,190
5412,189
5413,190
5414,189
5415,189
5416,189
5417,189
5418,190
5419,189
5420,190
5421,190
5422,190
5423,190
5424,190
5425,190
5426,190
5427,190
5428,190
5429,190
5430,190
5431,190
5432,190
5433,190
5434,190
5435,190
5436,190
5437,190
5438,190
5439,190
5440,190
5441,190
5442,190
5443,190
5444,190
5445,190
5446,190
5447,190
5448,190
5449,190
5450,190
5451,190
5452,190
5453,190
5454,190
5455,190
5456,190
5457,190
5458,190
5459,190
5460,190
5461,190
5462,190
5463,190
5464,190
5465,190
5466,190
5467,190
5468,190
5469,190
5470,190
5471,190
5472,190
5473,190
5474,190
5475,190
5476,190
5477,190
5478,190
5479,190
5480,190
5481,190
5482,190
5483,190
5484,190
5485,190
5486,190
5487,190
5488,190
5489,190
5490,190
5491,190
5492,190
5493,190
5494,190
5495,190
5496,190
5497,190
5498,190
5499,190
5500,190
5501,190
5502,190
5503,190
5504,190
5505,190
5506,190
5507,190
5508,190
5509,190
5510,190
5511,190
5512,190
5513,190
5514,190
5515,190
5516,190
5517,190
5518,190
5519,190
5520,190
5521,190
5522,190
5523,190
5524,190
5525,190
5526,190
5527,190
5528,190
5529,190
5530,190
5531,190
5532,190
5533,190
5534,191
5535,191
5536,191
5537,190
5538,191
5539,191
5540,191
5541,191
5542,191
5543,191
5544,191
5545,191
5546,191
5547,191
5548,191
5549,191
5550,191
5551,191
5552,191
5553,191
5554,191
5555,191
5556,191
5557,191
5558,191
5559,191
5560,192
5561,192
5562,192
5563,192
5564,192
5565,192
5566,192
5567,192
5568,192
5569,192
5570,192
5571,192
5572,192
5573,192
5574,192
5575,192
5576,192
5577,192
5578,192
5579,192
5580,192
5581,192
5582,192
5583,192
5584,192
5585,192
5586,192
5587,192
5588,192
5589,192
5590,192
5591,192
5592,192
5593,192
5594,192
5595,192
5596,192
5597,192
5598,192
5599,192
5600,193
5601,192
5602,192
5603,192
5604,192
5605,192
5606,192
5607,193
5608,192
5609,192
5610,192
5611,192
5612,192
5613,192
5614,192
5615,192
5616,192
5617,192
5618,192
5619,192
5620,192
5621,192
5622,192
5623,192
5624,192
5625,192
5626,192
5627,192
5628,192
5629,193
5630,193
5631,192
5632,193
5633,193
5634,193
5635,193
5636,193
5637,192
5638,193
5639,193
5640,193
5641,193
5642,193
5643,193
5644,193
5645,193
5646,193
5647,193
5648,193
5649,193
5650,193
5651,193
5652,193
5653,193
5654,193
5655,193
5656,193
5657,193
5658,193
5659,193
5660,193
5661,193
5662,193
5663,193
5664,193
5665,193
5666,193
5667,193
5668,193
5669,193
5670,193
5671,193
5672,193
5673,193
5674,193
5675,193
5676,193
5677,193
5678,193
5679,193
5680,193
5681,193
5682,193
5683,193
5684,193
5685,193
5686,193
5687,193
5688,193
5689,193
5690,193
5691,193
5692,193
5693,193
5694,193
5695,193
5696,193
5697,193
5698,193
5699,193
5700,193
5701,193
5702,193
5703,193
5704,193
5705,193
5706,193
5707,193
5708,193
5709,193
5710,193
5711,193
5712,193
5713,193
5714,193
5715,193
5716,194
5717,194
5718,194
5719,194
5720,193
5721,194
5722,193
5723,193
5724,193
5725,193
5726,193
5727,193
5728,193
5729,193
5730,193
5731,193
5732,193
5733,193
5734,193
5735,193
5736,193
5737,193
5738,193
5739,193
5740,193
5741,193
5742,193
5743,193
5744,193
5745,193
5746,193
5747,193
5748,193
5749,193
5750,193
5751,193
5752,193
5753,193
5754,193
5755,193
5756,193
5757,193
5758,193
5759,193
5760,193
5761,193
5762,193
5763,194
5764,194
5765,194
5766,194
5767,194
5768,194
5769,194
5770,193
5771,194
5772,194
5773,194
5774,194
5775,194
5776,194
5777,194
5778,194
5779,194
5780,194
5781,194
5782,194
5783,194
5784,194
5785,194
5786,194
5787,194
5788,194
5789,194
5790,194
5791,194
5792,194
5793,194
5794,194
5795,194
5796,194
5797,194
5798,194
5799,194
5800,194
5801,194
5802,194
5803,194
5804,194
5805,194
5806,194
5807,194
5808,194
5809,194
5810,194
5811,194
5812,194
5813,194
5814,194
5815,194
5816,194
5817,194
5818,194
5819,194
5820,194
5821,194
5822,194
5823,194
5824,194
5825,194
5826,194
5827,194
5828,194
5829,194
5830,194
5831,194
5832,194
5833,194
5834,194
5835,194
5836,194
5837,194
5838,194
5839,194
5840,194
5841,194
5842,194
5843,194
5844,194
5845,194
5846,194
5847,194
5848,194
5849,194
5850,194
5851,194
5852,194
5853,194
5854,194
5855,194
5856,194
5857,194
5858,194
5859,194
5860,194
5861,194
5862,194
5863,194
5864,194
5865,194
5866,194
5867,194
5868,194
5869,194
5870,194
5871,194
5872,194
5873,194
5874,194
5875,195
5876,195
5877,195
5878,195
5879,195
5880,195
5881,195
5882,195
5883,195
5884,195
5885,195
5886,195
5887,195
5888,195
5889,195
5890,195
5891,195
5892,195
5893,195
5894,194
5895,195
5896,195
5897,194
5898,194
5899,194
5900,194
5901,195
5902,195
5903,195
5904,195
5905,194
5906,195
5907,194
5908,194
5909,194
5910,194
5911,194
5912,194
5913,194
5914,194
5915,194
5916,194
5917,194
5918,194
5919,194
5920,194
5921,194
5922,194
5923,194
5924,194
5925,194
5926,194
5927,194
5928,194
5929,194
5930,194
5931,194
5932,194
5933,194
5934,194
5935,194
5936,194
5937,194
5938,194
5939,194
5940,194
5941,194
5942,194
5943,194
5944,194
5945,194
5946,194
5947,194
5948,194
5949,194
5950,194
5951,194
5952,194
5953,194
5954,194
5955,194
5956,194
5957,194
5958,194
5959,194
5960,194
5961,194
5962,194
5963,194
5964,194
5965,194
5966,194
5967,194
5968,194
5969,194
5970,194
5971,194
5972,194
5973,194
5974,194
5975,194
5976,194
5977,194
5978,194
5979,194
5980,194
5981,194
5982,194
5983,194
5984,194
5985,194
5986,194
5987,194
5988,194
5989,194
5990,194
5991,194
5992,194
5993,194
5994,194
5995,194
5996,194
5997,194
5998,194
5999,194
6000,194
6001,194
6002,194
6003,194
6004,194
6005,194
6006,194
6007,194
6008,194
6009,194
6010,194
6011,194
6012,194
6013,194
6014,194
6015,194
6016,194
6017,194
6018,194
6019,194
6020,194
6021,194
6022,194
6023,194
6024,194
6025,194
6026,194
6027,194
6028,194
6029,194
6030,194
6031,194
6032,194
6033,194
6034,194
6035,194
6036,194
6037,194
6038,194
6039,194
6040,194
6041,194
6042,194
6043,194
6044,194
6045,193
6046,193
6047,193
6048,193
6049,193
6050,193
6051,193
6052,193
6053,193
6054,193
6055,193
6056,193
6057,193
6058,193
6059,193
6060,193
6061,193
6062,193
6063,193
6064,193
6065,193
6066,193
6067,193
6068,193
6069,193
6070,193
6071,193
6072,193
6073,193
6074,193
6075,193
6076,193
6077,193
6078,193
6079,193
6080,193
6081,193
6082,193
6083,193
6084,193
6085,193
6086,193
6087,193
6088,193
6089,193
6090,193
6091,193
6092,193
6093,193
6094,193
6095,193
6096,193
6097,193
6098,193
6099,193
6100,193
6101,193
6102,193
6103,193
6104,193
6105,193
6106,193
6107,193
6108,193
6109,193
6110,193
6111,193
6112,193
6113,193
6114,193
6115,193
6116,193
6117,193
6118,193
6119,193
6120,193
6121,193
6122,193
6123,193
6124,193
6125,193
6126,193
6127,193
6128,193
6129,193
6130,193
6131,193
6132,193
6133,193
6134,193
6135,193
6136,193
6137,193
6138,193
6139,193
6140,193
6141,193
6142,193
6143,193
6144,193
6145,193
6146,193
6147,193
6148,193
6149,193
6150,193
6151,193
6152,193
6153,193
6154,193
6155,193
6156,193
6157,193
6158,193
6159,193
6160,193
6161,193
6162,193
6163,193
6164,193
6165,193
6166,193
6167,193
6168,193
6169,193
6170,193
6171,193
6172,193
6173,193
6174,193
6175,193
6176,194
6177,194
6178,194
6179,194
6180,194
6181,193
6182,193
6183,193
6184,193
6185,193
6186,193
6187,193
6188,193
6189,193
6190,193
6191,193
6192,193
6193,194
6194,193
6195,193
6196,193
6197,193
6198,193
6199,193
6200,193
6201,193
6202,193
6203,193
6204,193
6205,193
6206,194
6207,194
6208,194
6209,194
6210,194
6211,194
6212,194
6213,194
6214,194
6215,194
6216,194
6217,194
6218,194
6219,194
6220,194
6221,194
6222,194
6223,194
6224,194
6225,194
6226,194
6227,194
6228,194
6229,194
6230,194
6231,194
6232,194
6233,194
6234,194
6235,194
6236,194
6237,194
6238,194
6239,194
6240,194
6241,194
6242,194
6243,194
6244,193
6245,193
6246,193
6247,193
6248,193
6249,193
6250,193
6251,194
6252,194
6253,194
6254,194
6255,194
6256,194
6257,194
6258,194
6259,194
6260,194
6261,194
6262,194
6263,194
6264,194
6265,194
6266,194
6267,194
6268,194
6269,194
6270,194
6271,194
6272,194
6273,194
6274,194
6275,194
6276,194
6277,194
6278,194
6279,194
6280,194
6281,194
6282,194
6283,194
6284,194
6285,194
6286,194
6287,194
6288,194
6289,194
6290,194
6291,194
6292,194
6293,194
6294,194
6295,194
6296,194
6297,194
6298,194
6299,194
6300,194
6301,194
6302,194
6303,194
6304,194
6305,194
6306,194
6307,194
6308,194
6309,194
6310,194
6311,194
6312,194
6313,194
6314,194
6315,194
6316,194
6317,194
6318,194
6319,194
6320,193
6321,194
6322,194
6323,194
6324,194
6325,194
6326,194
6327,194
6328,194
6329,194
6330,194
6331,194
6332,194
6333,194
6334,194
6335,194
6336,194
6337,194
6338,194
6339,194
6340,194
6341,194
6342,194
6343,194
6344,194
6345,194
6346,194
6347,194
6348,194
6349,194
6350,194
6351,194
6352,194
6353,194
6354,194
6355,194
6356,194
6357,194
6358,194
6359,194
6360,194
6361,194
6362,194
6363,194
6364,194
6365,194
6366,194
6367,194
6368,194
6369,194
6370,194
6371,194
6372,194
6373,194
6374,194
6375,194
6376,194
6377,194
6378,194
6379,194
6380,194
6381,194
6382,194
6383,194
6384,194
6385,194
6386,194
6387,194
6388,194
6389,194
6390,194
6391,194
6392,194
6393,194
6394,194
6395,194
6396,194
6397,194
6398,194
6399,194
6400,194
6401,194
6402,194
6403,194
6404,194
6405,194
6406,194
6407,194
6408,194
6409,194
6410,194
6411,194
6412,194
6413,194
6414,194
6415,194
6416,194
6417,194
6418,194
6419,194
6420,194
6421,194
6422,194
6423,194
6424,194
6425,194
6426,194
6427,194
6428,194
6429,194
6430,194
6431,194
6432,194
6433,194
6434,194
6435,194
6436,194
6437,194
6438,194
6439,194
6440,194
6441,194
6442,194
6443,195
6444,195
6445,195
6446,195
6447,195
6448,195
6449,195
6450,195
6451,195
6452,195
6453,195
6454,195
6455,195
6456,195
6457,195
6458,195
6459,195
6460,195
6461,195
6462,195
6463,195
6464,195
6465,195
6466,195
6467,195
6468,195
6469,195
6470,195
6471,195
6472,195
6473,195
6474,195
6475,195
6476,195
6477,195
6478,195
6479,195
6480,195
6481,195
6482,195
6483,195
6484,195
6485,195
6486,195
6487,195
6488,195
6489,195
6490,195
6491,195
6492,195
6493,195
6494,195
6495,195
6496,195
6497,195
6498,195
6499,195
6500,195
6501,195
6502,195
6503,195
6504,195
6505,195
6506,195
6507,194
6508,195
6509,194
6510,195
6511,195
6512,195
6513,195
6514,194
6515,194
6516,195
6517,195
6518,195
6519,195
6520,195
6521,195
6522,195
6523,195
6524,195
6525,195
6526,195
6527,194
6528,195
6529,195
6530,195
6531,195
6532,195
6533,195
6534,195
6535,195
6536,195
6537,195
6538,195
6539,195
6540,195
6541,195
6542,195
6543,195
6544,195
6545,195
6546,195
6547,195
6548,195
6549,195
6550,195
6551,195
6552,195
6553,195
6554,195
6555,195
6556,195
6557,195
6558,195
6559,195
6560,195
6561,195
6562,195
6563,195
6564,195
6565,195
6566,195
6567,195
6568,195
6569,195
6570,195
6571,195
6572,195
6573,195
6574,195
6575,195
6576,195
6577,195
6578,195
6579,195
6580,195
6581,195
6582,195
6583,195
6584,195
6585,195
6586,195
6587,195
6588,195
6589,195
6590,195
6591,195
6592,195
6593,195
6594,195
6595,195
6596,195
6597,195
6598,195
6599,195
6600,195
6601,195
6602,195
6603,195
6604,195
6605,195
6606,195
6607,195
6608,195
6609,195
6610,195
6611,195
6612,195
6613,195
6614,195
6615,195
6616,195
6617,195
6618,195
6619,195
6620,195
6621,195
6622,195
6623,195
6624,195
6625,195
6626,195
6627,195
6628,195
6629,195
6630,195
6631,195
6632,195
6633,196
6634,196
6635,196
6636,195
6637,196
6638,196
6639,196
6640,196
6641,196
6642,196
6643,196
6644,196
6645,196
6646,196
6647,196
6648,195
6649,195
6650,195
6651,195
6652,195
6653,196
6654,195
6655,195
6656,195
6657,195
6658,195
6659,195
6660,195
6661,195
6662,195
6663,195
6664,195
6665,195
6666,195
6667,195
6668,195
6669,195
6670,195
6671,195
6672,195
6673,195
6674,195
6675,195
6676,195
6677,195
6678,195
6679,195
6680,195
6681,195
6682,195
6683,195
6684,195
6685,195
6686,195
6687,195
6688,195
6689,195
6690,195
6691,195
6692,195
6693,195
6694,195
6695,195
6696,195
6697,195
6698,195
6699,195
6700,195
6701,195
6702,195
6703,195
6704,195
6705,195
6706,195
6707,196
6708,196
6709,196
6710,196
6711,196
6712,196
6713,196
6714,196
6715,196
6716,196
6717,196
6718,196
6719,196
6720,196
6721,196
6722,197
6723,196
6724,196
6725,196
6726,196
6727,196
6728,197
6729,197
6730,197
6731,197
6732,197
6733,197
6734,197
6735,197
6736,197
6737,197
6738,197
6739,197
6740,197
6741,197
6742,197
6743,197
6744,197
6745,197
6746,197
6747,197
6748,197
6749,197
6750,197
6751,197
6752,197
6753,197
6754,197
6755,197
6756,197
6757,197
6758,197
6759,197
6760,198
6761,198
6762,198
6763,198
6764,198
6765,198
6766,198
6767,198
6768,198
6769,198
6770,198
6771,197
6772,197
6773,197
6774,197
6775,197
6776,197
6777,197
6778,197
6779,197
6780,197
6781,197
6782,197
6783,197
6784,197
6785,197
6786,198
6787,198
6788,198
6789,198
6790,198
6791,198
6792,198
6793,198
6794,198
6795,198
6796,198
6797,198
6798,198
6799,198
6800,198
6801,198
6802,198
6803,198
6804,198
6805,198
6806,198
6807,198
6808,198
6809,198
6810,198
6811,198
6812,198
6813,198
6814,198
6815,198
6816,198
6817,198
6818,198
6819,198
6820,198
6821,198
6822,198
6823,198
6824,198
6825,198
6826,198
6827,198
6828,198
6829,198
6830,198
6831,198
6832,198
6833,198
6834,198
6835,198
6836,198
6837,198
6838,198
6839,199
6840,199
6841,198
6842,199
6843,199
6844,199
6845,199
6846,199
6847,199
6848,199
6849,199
6850,199
6851,199
6852,199
6853,199
6854,199
6855,199
6856,199
6857,199
6858,199
6859,199
6860,199
6861,199
6862,199
6863,199
6864,199
6865,199
6866,199
6867,199
6868,199
6869,199
6870,199
6871,199
6872,199
6873,199
6874,199
6875,199
6876,199
6877,199
6878,199
6879,199
6880,199
6881,199
6882,199
6883,199
6884,199
6885,199
6886,199
6887,199
6888,199
6889,199
6890,199
6891,199
6892,199
6893,199
6894,199
6895,199
6896,199
6897,199
6898,199
6899,199
6900,199
6901,199
6902,199
6903,199
6904,199
6905,199
6906,199
6907,199
6908,199
6909,199
6910,199
6911,199
6912,199
6913,199
6914,199
6915,199
6916,199
6917,199
6918,199
6919,199
6920,199
6921,199
6922,199
6923,199
6924,199
6925,199
6926,199
6927,199
6928,199
6929,199
6930,199
6931,198
6932,199
6933,199
6934,199
6935,199
6936,199
6937,199
6938,199
6939,199
6940,199
6941,199
6942,199
6943,199
6944,199
6945,199
6946,199
6947,199
6948,199
6949,199
6950,199
6951,199
6952,199
6953,199
6954,199
6955,199
6956,199
6957,199
6958,199
6959,199
6960,199
6961,199
6962,199
6963,199
6964,199
6965,199
6966,199
6967,199
6968,199
6969,199
6970,199
6971,199
6972,199
6973,199
6974,199
6975,199
6976,199
6977,199
6978,199
6979,199
6980,199
6981,199
6982,199
6983,199
6984,199
6985,199
6986,199
6987,199
6988,199
6989,199
6990,199
6991,199
6992,199
6993,199
6994,199
6995,199
6996,199
6997,199
6998,199
6999,199
7000,199
7001,199
7002,199
7003,199
7004,199
7005,199
7006,199
7007,199
7008,199
7009,199
7010,199
7011,199
7012,199
7013,199
7014,199
7015,199
7016,199
7017,199
7018,199
7019,199
7020,199
7021,199
7022,199
7023,199
7024,199
7025,199
7026,199
7027,200
7028,200
7029,200
7030,200
7031,200
7032,200
7033,200
7034,200
7035,200
7036,200
7037,200
7038,200
7039,200
7040,200
7041,200
7042,200
7043,200
7044,200
7045,200
7046,200
7047,200
7048,200
7049,200
7050,200
7051,200
7052,200
7053,200
7054,200
7055,200
7056,200
7057,200
7058,200
7059,200
7060,200
7061,200
7062,200
7063,200
7064,200
7065,200
7066,200
7067,200
7068,200
7069,200
7070,200
7071,200
7072,200
7073,200
7074,200
7075,200
7076,200
7077,200
7078,200
7079,200
7080,200
7081,200
7082,200
7083,201
7084,201
7085,200
7086,201
7087,201
7088,201
7089,201
7090,201
7091,201
7092,201
7093,201
7094,201
7095,201
7096,201
7097,201
7098,201
7099,201
7100,201
7101,202
7102,202
7103,202
7104,202
7105,202
7106,202
7107,202
7108,202
7109,202
7110,202
7111,202
7112,202
7113,202
7114,202
7115,202
7116,202
7117,202
7118,202
7119,202
7120,201
7121,202
7122,202
7123,202
7124,202
7125,202
7126,202
7127,202
7128,202
7129,202
7130,202
7131,202
7132,202
7133,202
7134,202
7135,202
7136,202
7137,202
7138,203
7139,203
7140,202
7141,202
7142,202
7143,202
7144,202
7145,202
7146,202
7147,202
7148,202
7149,202
7150,202
7151,203
7152,203
7153,203
7154,203
7155,203
7156,202
7157,202
7158,203
7159,203
7160,203
7161,202
7162,202
7163,202
7164,203
7165,203
7166,203
7167,203
7168,203
7169,203
7170,203
7171,203
7172,203
7173,203
7174,203
7175,203
7176,203
7177,203
7178,203
7179,203
7180,203
7181,203
7182,203
7183,203
7184,203
7185,203
7186,203
7187,203
7188,203
7189,203
7190,203
7191,203
7192,203
7193,203
7194,203
7195,203
7196,203
7197,203
7198,203
7199,203
7200,203
7201,203
7202,203
7203,203
7204,203
7205,203
7206,203
7207,203
7208,203
7209,203
7210,203
7211,203
7212,203
7213,203
7214,203
7215,203
7216,203
7217,203
7218,203
7219,203
7220,203
7221,203
7222,203
7223,203
7224,203
7225,203
7226,203
7227,203
7228,203
7229,203
7230,202
7231,203
7232,203
7233,203
7234,203
7235,203
7236,203
7237,203
7238,203
7239,203
7240,203
7241,203
7242,203
7243,203
7244,203
7245,203
7246,203
7247,203
7248,203
7249,203
7250,203
7251,203
7252,203
7253,203
7254,203
7255,203
7256,204
7257,204
7258,203
7259,203
7260,204
7261,203
7262,204
7263,204
7264,204
7265,204
7266,204
7267,204
7268,204
7269,204
7270,204
7271,204
7272,204
7273,204
7274,204
7275,204
7276,204
7277,204
7278,204
7279,204
7280,204
7281,204
7282,204
7283,204
7284,204
7285,204
7286,204
7287,204
7288,204
7289,204
7290,204
7291,204
7292,204
7293,204
7294,204
7295,204
7296,204
7297,204
7298,203
7299,203
7300,204
7301,203
7302,203
7303,203
7304,204
7305,204
7306,204
7307,204
7308,204
7309,204
7310,204
7311,204
7312,204
7313,204
7314,204
7315,204
7316,204
7317,204
7318,204
7319,204
7320,204
7321,204
7322,204
7323,204
7324,204
7325,204
7326,204
7327,204
7328,204
7329,204
7330,204
7331,204
7332,204
7333,204
7334,204
7335,204
7336,204
7337,204
7338,204
7339,204
7340,204
7341,204
7342,204
7343,204
7344,204
7345,204
7346,204
7347,204
7348,204
7349,204
7350,204
7351,204
7352,204
7353,204
7354,204
7355,204
7356,203
7357,204
7358,204
7359,204
7360,204
7361,204
7362,204
7363,204
7364,204
7365,204
7366,204
7367,204
7368,204
7369,204
7370,204
7371,204
7372,204
7373,204
7374,204
7375,204
7376,204
7377,204
7378,204
7379,204
7380,204
7381,204
7382,204
7383,204
7384,204
7385,204
7386,204
7387,204
7388,204
7389,204
7390,204
7391,204
7392,204
7393,205
7394,205
7395,205
7396,205
7397,205
7398,205
7399,205
7400,205
7401,205
7402,205
7403,205
7404,205
7405,205
7406,205
7407,205
7408,205
7409,205
7410,205
7411,205
7412,204
7413,204
7414,204
7415,204
7416,204
7417,204
7418,204
7419,204
7420,204
7421,204
7422,204
7423,204
7424,204
7425,204
7426,204
7427,204
7428,204
7429,204
7430,204
7431,204
7432,204
7433,204
7434,204
7435,204
7436,204
7437,205
7438,205
7439,205
7440,204
7441,204
7442,204
7443,204
7444,204
7445,204
7446,205
7447,205
7448,205
7449,205
7450,205
7451,205
7452,205
7453,205
7454,205
7455,205
7456,205
7457,205
7458,204
7459,204
7460,204
7461,204
7462,205
7463,204
7464,204
7465,205
7466,205
7467,205
7468,204
7469,205
7470,205
7471,205
7472,205
7473,205
7474,205
7475,205
7476,205
7477,205
7478,205
7479,205
7480,205
7481,205
7482,204
7483,204
7484,205
7485,205
7486,205
7487,205
7488,205
7489,205
7490,205
7491,205
7492,205
7493,205
7494,205
7495,205
7496,205
7497,205
7498,205
7499,205
7500,205
7501,205
7502,205
7503,205
7504,205
7505,205
7506,205
7507,205
7508,205
7509,205
7510,205
7511,205
7512,205
7513,205
7514,205
7515,205
7516,205
7517,205
7518,205
7519,205
7520,205
7521,205
7522,205
7523,205
7524,205
7525,205
7526,205
7527,205
7528,205
7529,205
7530,205
7531,205
7532,205
7533,205
7534,205
7535,205
7536,205
7537,205
7538,205
7539,205
7540,205
7541,205
7542,206
7543,206
7544,206
7545,206
7546,206
7547,206
7548,206
7549,205
7550,205
7551,205
7552,205
7553,205
7554,205
7555,205
7556,205
7557,205
7558,205
7559,205
7560,205
7561,205
7562,205
7563,205
7564,205
7565,205
7566,205
7567,205
7568,205
7569,205
7570,205
7571,205
7572,206
7573,206
7574,205
7575,206
7576,206
7577,206
7578,205
7579,205
7580,205
7581,205
7582,205
7583,205
7584,205
7585,205
7586,205
7587,205
7588,205
7589,205
7590,205
7591,205
7592,205
7593,205
7594,205
7595,206
7596,206
7597,206
7598,206
7599,206
7600,206
7601,206
7602,205
7603,205
7604,205
7605,205
7606,205
7607,205
7608,205
7609,205
7610,205
7611,206
7612,206
7613,205
7614,205
7615,205
7616,206
7617,206
7618,206
7619,206
7620,206
7621,206
7622,206
7623,206
7624,206
7625,206
7626,206
7627,206
7628,205
7629,205
7630,206
7631,206
7632,206
7633,206
7634,206
7635,206
7636,206
7637,206
7638,206
7639,206
7640,206
7641,206
7642,206
7643,206
7644,206
7645,206
7646,206
7647,206
7648,206
7649,206
7650,206
7651,206
7652,206
7653,206
7654,206
7655,206
7656,206
7657,206
7658,206
7659,206
7660,206
7661,206
7662,206
7663,206
7664,206
7665,206
7666,206
7667,206
7668,206
7669,206
7670,206
7671,206
7672,206
7673,206
7674,206
7675,206
7676,206
7677,206
7678,206
7679,206
7680,206
7681,207
7682,207
7683,207
7684,207
7685,207
7686,207
7687,207
7688,207
7689,207
7690,207
7691,206
7692,206
7693,206
7694,206
7695,206
7696,206
7697,206
7698,206
7699,206
7700,206
7701,206
7702,206
7703,206
7704,206
7705,206
7706,206
7707,206
7708,206
7709,206
7710,206
7711,206
7712,206
7713,206
7714,206
7715,206
7716,206
7717,206
7718,206
7719,206
7720,206
7721,206
7722,206
7723,206
7724,206
7725,206
7726,206
7727,206
7728,206
7729,206
7730,206
7731,206
7732,206
7733,206
7734,206
7735,206
7736,206
7737,206
7738,206
7739,206
7740,206
7741,206
7742,206
7743,206
7744,206
7745,206
7746,206
7747,206
7748,206
7749,206
7750,206
7751,206
7752,206
7753,206
7754,206
7755,206
7756,206
7757,206
7758,206
7759,206
7760,206
7761,206
7762,206
7763,206
7764,206
7765,206
7766,206
7767,206
7768,206
7769,206
7770,206
7771,206
7772,206
7773,206
7774,206
7775,206
7776,206
7777,206
7778,206
7779,206
7780,206
7781,206
7782,206
7783,206
7784,206
7785,206
7786,206
7787,206
7788,206
7789,206
7790,206
7791,206
7792,206
7793,205
7794,205
7795,205
7796,205
7797,205
7798,205
7799,205
7800,205
7801,205
7802,205
7803,205
7804,205
7805,205
7806,205
7807,205
7808,205
7809,205
7810,205
7811,205
7812,205
7813,205
7814,205
7815,205
7816,205
7817,205
7818,205
7819,205
7820,205
7821,205
7822,205
7823,205
7824,205
7825,205
7826,205
7827,205
7828,205
7829,205
7830,205
7831,205
7832,206
7833,206
7834,206
7835,206
7836,206
7837,206
7838,206
7839,206
7840,206
7841,206
7842,206
7843,206
7844,206
7845,206
7846,206
7847,206
7848,206
7849,206
7850,206
7851,206
7852,207
7853,207
7854,207
7855,207
7856,207
7857,207
7858,207
7859,207
7860,207
7861,207
7862,207
7863,206
7864,206
7865,206
7866,206
7867,206
7868,206
7869,206
7870,206
7871,206
7872,206
7873,206
7874,206
7875,206
7876,206
7877,206
7878,206
7879,206
7880,206
7881,206
7882,206
7883,207
7884,206
7885,206
7886,207
7887,206
7888,207
7889,207
7890,207
7891,207
7892,207
7893,207
7894,207
7895,207
7896,207
7897,207
7898,207
7899,207
7900,207
7901,207
7902,207
7903,207
7904,207
7905,207
7906,207
7907,207
7908,207
7909,207
7910,207
7911,207
7912,207
7913,207
7914,207
7915,207
7916,207
7917,207
7918,207
7919,207
7920,207
7921,207
7922,207
7923,207
7924,207
7925,207
7926,207
7927,207
7928,207
7929,207
7930,207
7931,207
7932,207
7933,207
7934,207
7935,207
7936,207
7937,207
7938,207
7939,207
7940,207
7941,207
7942,207
7943,207
7944,207
7945,207
7946,207
7947,207
7948,207
7949,207
7950,207
7951,207
7952,207
7953,207
7954,207
7955,207
7956,207
7957,207
7958,207
7959,206
7960,206
7961,207
7962,207
7963,207
7964,206
7965,206
7966,206
7967,206
7968,206
7969,206
7970,206
7971,206
7972,206
7973,206
7974,206
7975,206
7976,206
7977,206
7978,206
7979,206
7980,206
7981,206
7982,205
7983,206
7984,206
7985,206
7986,206
7987,206
7988,206
7989,206
7990,206
7991,206
7992,205
7993,205
7994,205
7995,205
7996,205
7997,205
7998,205
7999,205
8000,205
8001,205
8002,205
8003,205
8004,205
8005,205
8006,205
8007,205
8008,205
8009,205
8010,205
8011,205
8012,205
8013,205
8014,205
8015,205
8016,205
8017,205
8018,205
8019,205
8020,205
8021,205
8022,205
8023,205
8024,205
8025,205
8026,205
8027,205
8028,205
8029,205
8030,205
8031,205
8032,205
8033,205
8034,205
8035,205
8036,205
8037,205
8038,205
8039,205
8040,205
8041,205
8042,205
8043,205
8044,205
8045,205
8046,205
8047,205
8048,205
8049,205
8050,205
8051,205
8052,205
8053,205
8054,206
8055,206
8056,205
8057,205
8058,205
8059,205
8060,205
8061,205
8062,205
8063,205
8064,205
8065,206
8066,206
8067,206
8068,205
8069,205
8070,205
8071,205
8072,205
8073,205
8074,205
8075,205
8076,205
8077,205
8078,205
8079,205
8080,205
8081,205
8082,205
8083,205
8084,205
8085,205
8086,205
8087,205
8088,205
8089,205
8090,205
8091,205
8092,205
8093,205
8094,205
8095,205
8096,205
8097,205
8098,205
8099,205
8100,205
8101,206
8102,206
8103,205
8104,206
8105,206
8106,205
8107,205
8108,205
8109,205
8110,206
8111,206
8112,206
8113,206
8114,206
8115,206
8116,206
8117,206
8118,206
8119,206
8120,206
8121,206
8122,206
8123,206
8124,206
8125,206
8126,206
8127,206
8128,206
8129,206
8130,206
8131,206
8132,206
8133,206
8134,206
8135,206
8136,206
8137,206
8138,206
8139,206
8140,206
8141,206
8142,206
8143,206
8144,206
8145,206
8146,206
8147,206
8148,206
8149,206
8150,206
8151,206
8152,206
8153,206
8154,206
8155,206
8156,206
8157,206
8158,206
8159,206
8160,206
8161,206
8162,206
8163,206
8164,206
8165,206
8166,206
8167,206
8168,206
8169,206
8170,206
8171,206
8172,206
8173,206
8174,206
8175,206
8176,206
8177,206
8178,206
8179,206
8180,206
8181,206
8182,206
8183,206
8184,206
8185,206
8186,206
8187,206
8188,206
8189,206
8190,206
8191,206
8192,206
8193,206
8194,206
8195,206
8196,206
8197,206
8198,206
8199,206
8200,206
8201,206
8202,206
8203,206
8204,206
8205,206
8206,206
8207,206
8208,206
8209,206
8210,206
8211,206
8212,206
8213,206
8214,206
8215,206
8216,206
8217,206
8218,206
8219,206
8220,206
8221,206
8222,206
8223,206
8224,206
8225,206
8226,206
8227,206
8228,206
8229,206
8230,206
8231,206
8232,206
8233,206
8234,206
8235,206
8236,206
8237,206
8238,206
8239,206
8240,206
8241,206
8242,206
8243,206
8244,206
8245,206
8246,206
8247,206
8248,206
8249,206
8250,206
8251,206
8252,206
8253,206
8254,206
8255,206
8256,206
8257,206
8258,206
8259,206
8260,206
8261,206
8262,206
8263,206
8264,206
8265,206
8266,206
8267,206
8268,206
8269,206
8270,206
8271,206
8272,206
8273,206
8274,206
8275,206
8276,206
8277,206
8278,206
8279,206
8280,206
8281,206
8282,206
8283,206
8284,206
8285,206
8286,206
8287,206
8288,206
8289,206
8290,206
8291,206
8292,206
8293,206
8294,206
8295,206
8296,206
8297,206
8298,206
8299,206
8300,206
8301,206
8302,205
8303,205
8304,205
8305,205
8306,205
8307,205
8308,205
8309,205
8310,205
8311,205
8312,206
8313,206
8314,206
8315,206
8316,206
8317,206
8318,206
8319,205
8320,205
8321,205
8322,205
8323,205
8324,205
8325,205
8326,205
8327,205
8328,205
8329,205
8330,205
8331,205
8332,205
8333,205
8334,205
8335,205
8336,206
8337,205
8338,206
8339,205
8340,206
8341,206
8342,206
8343,206
8344,206
8345,206
8346,206
8347,206
8348,206
8349,206
8350,206
8351,206
8352,206
8353,206
8354,206
8355,206
8356,206
8357,206
8358,206
8359,206
8360,206
8361,206
8362,206
8363,206
8364,206
8365,206
8366,206
8367,206
8368,206
8369,206
8370,206
8371,206
8372,207
8373,207
8374,207
8375,207
8376,206
8377,206
8378,206
8379,206
8380,206
8381,206
8382,207
8383,206
8384,207
8385,207
8386,207
8387,207
8388,207
8389,207
8390,207
8391,207
8392,207
8393,207
8394,207
8395,207
8396,207
8397,207
8398,207
8399,207
8400,207
8401,207
8402,207
8403,207
8404,207
8405,207
8406,207
8407,207
8408,207
8409,207
8410,207
8411,207
8412,207
8413,207
8414,207
8415,207
8416,207
8417,207
8418,207
8419,207
8420,207
8421,207
8422,207
8423,207
8424,207
8425,207
8426,207
8427,207
8428,207
8429,207
8430,207
8431,207
8432,207
8433,207
8434,207
8435,207
8436,208
8437,207
8438,208
8439,208
8440,208
8441,208
8442,208
8443,208
8444,207
8445,208
8446,208
8447,207
8448,207
8449,207
8450,207
8451,207
8452,207
8453,207
8454,207
8455,207
8456,207
8457,207
8458,207
8459,207
8460,207
8461,208
8462,208
8463,207
8464,207
8465,207
8466,207
8467,207
8468,208
8469,208
8470,207
8471,207
8472,208
8473,208
8474,208
8475,208
8476,208
8477,208
8478,208
8479,208
8480,208
8481,208
8482,208
8483,208
8484,208
8485,208
8486,208
8487,208
8488,208
8489,208
8490,208
8491,208
8492,208
8493,208
8494,208
8495,208
8496,208
8497,208
8498,208
8499,208
8500,208
8501,208
8502,208
8503,208
8504,208
8505,208
8506,208
8507,208
8508,208
8509,208
8510,208
8511,208
8512,209
8513,209
8514,209
8515,209
8516,209
8517,209
8518,208
8519,208
8520,208
8521,208
8522,208
8523,209
8524,209
8525,209
8526,208
8527,209
8528,209
8529,209
8530,208
8531,209
8532,209
8533,209
8534,209
8535,209
8536,209
8537,209
8538,209
8539,209
8540,209
8541,209
8542,209
8543,209
8544,209
8545,209
8546,209
8547,209
8548,209
8549,209
8550,209
8551,209
8552,209
8553,209
8554,209
8555,209
8556,209
8557,209
8558,209
8559,209
8560,209
8561,209
8562,209
8563,209
8564,209
8565,209
8566,209
8567,209
8568,209
8569,209
8570,209
8571,209
8572,209
8573,209
8574,209
8575,209
8576,209
8577,209
8578,209
8579,209
8580,209
8581,209
8582,209
8583,209
8584,209
8585,209
8586,209
8587,209
8588,209
8589,209
8590,209
8591,209
8592,209
8593,209
8594,209
8595,209
8596,209
8597,209
8598,209
8599,209
8600,209
8601,209
8602,209
8603,209
8604,209
8605,210
8606,210
8607,210
8608,210
8609,210
8610,209
8611,209
8612,209
8613,209
8614,209
8615,209
8616,209
8617,209
8618,209
8619,209
8620,209
8621,209
8622,209
8623,209
8624,209
8625,209
8626,209
8627,209
8628,209
8629,209
8630,209
8631,209
8632,209
8633,209
8634,209
8635,209
8636,209
8637,209
8638,209
8639,209
8640,209
8641,209
8642,209
8643,209
8644,209
8645,209
8646,209
8647,209
8648,209
8649,209
8650,209
8651,209
8652,209
8653,209
8654,209
8655,209
8656,209
8657,209
8658,209
8659,209
8660,209
8661,209
8662,209
8663,209
8664,210
8665,210
8666,209
8667,209
8668,209
8669,209
8670,209
8671,209
8672,209
8673,209
8674,209
8675,209
8676,209
8677,209
8678,209
8679,209
8680,209
8681,209
8682,209
8683,209
8684,209
8685,209
8686,209
8687,209
8688,209
8689,209
8690,209
8691,209
8692,209
8693,209
8694,209
8695,209
8696,209
8697,210
8698,210
8699,210
8700,210
8701,210
8702,210
8703,210
8704,210
8705,210
8706,210
8707,210
8708,210
8709,210
8710,210
8711,210
8712,210
8713,210
8714,210
8715,210
8716,210
8717,210
8718,210
8719,210
8720,210
8721,210
8722,210
8723,210
8724,210
8725,210
8726,210
8727,210
8728,210
8729,210
8730,210
8731,210
8732,210
8733,210
8734,210
8735,210
8736,210
8737,210
8738,210
8739,210
8740,210
8741,210
8742,210
8743,210
8744,210
8745,210
8746,210
8747,210
8748,210
8749,210
8750,210
8751,210
8752,210
8753,210
8754,210
8755,210
8756,210
8757,210
8758,210
8759,210
8760,210
8761,210
8762,210
8763,210
8764,210
8765,210
8766,210
8767,210
8768,210
8769,210
8770,210
8771,210
8772,211
8773,210
8774,210
8775,210
8776,211
8777,211
8778,211
8779,211
8780,211
8781,211
8782,211
8783,211
8784,211
8785,211
8786,211
8787,211
8788,211
8789,211
8790,211
8791,211
8792,211
8793,211
8794,210
8795,210
8796,210
8797,210
8798,210
8799,210
8800,210
8801,210
8802,210
8803,210
8804,211
8805,210
8806,210
8807,210
8808,211
8809,210
8810,210
8811,210
8812,210
8813,211
8814,211
8815,211
8816,210
8817,210
8818,211
8819,211
8820,210
8821,211
8822,211
8823,211
8824,211
8825,211
8826,211
8827,211
8828,211
8829,211
8830,211
8831,211
8832,211
8833,211
8834,211
8835,211
8836,211
8837,211
8838,211
8839,211
8840,211
8841,211
8842,211
8843,211
8844,211
8845,211
8846,211
8847,211
8848,211
8849,211
8850,211
8851,211
8852,211
8853,211
8854,211
8855,211
8856,211
8857,211
8858,211
8859,211
8860,211
8861,211
8862,211
8863,211
8864,211
8865,211
8866,211
8867,211
8868,212
8869,212
8870,212
8871,212
8872,212
8873,212
8874,212
8875,212
8876,212
8877,212
8878,212
8879,212
8880,212
8881,212
8882,212
8883,212
8884,212
8885,212
8886,212
8887,212
8888,212
8889,212
8890,212
8891,211
8892,211
8893,211
8894,211
8895,211
8896,211
8897,211
8898,211
8899,211
8900,211
8901,211
8902,211
8903,211
8904,211
8905,211
8906,211
8907,211
8908,211
8909,211
8910,211
8911,211
8912,211
8913,211
8914,211
8915,211
8916,211
8917,211
8918,211
8919,211
8920,211
8921,211
8922,211
8923,211
8924,211
8925,211
8926,211
8927,211
8928,211
8929,211
8930,211
8931,211
8932,211
8933,211
8934,211
8935,211
8936,211
8937,211
8938,211
8939,211
8940,211
8941,211
8942,211
8943,211
8944,211
8945,211
8946,211
8947,211
8948,211
8949,211
8950,211
8951,211
8952,211
8953,211
8954,211
8955,211
8956,212
8957,211
8958,211
8959,211
8960,211
8961,212
8962,212
8963,211
8964,211
8965,211
8966,211
8967,211
8968,211
8969,211
8970,212
8971,212
8972,212
8973,212
8974,212
8975,212
8976,212
8977,212
8978,212
8979,212
8980,212
8981,212
8982,212
8983,212
8984,212
8985,212
8986,212
8987,212
8988,212
8989,212
8990,212
8991,212
8992,212
8993,212
8994,212
8995,212
8996,212
8997,212
8998,212
8999,212
9000,212
9001,212
9002,212
9003,212
9004,212
9005,212
9006,212
9007,212
9008,212
9009,212
9010,213
9011,213
9012,213
9013,213
9014,213
9015,212
9016,212
9017,213
9018,213
9019,213
9020,213
9021,213
9022,213
9023,213
9024,213
9025,212
9026,212
9027,212
9028,212
9029,212
9030,212
9031,212
9032,212
9033,212
9034,212
9035,212
9036,212
9037,212
9038,212
9039,212
9040,212
9041,212
9042,212
9043,212
9044,212
9045,212
9046,213
9047,212
9048,213
9049,212
9050,213
9051,213
9052,213
9053,213
9054,213
9055,213
9056,213
9057,213
9058,213
9059,213
9060,213
9061,213
9062,213
9063,213
9064,213
9065,213
9066,213
9067,213
9068,213
9069,213
9070,213
9071,213
9072,213
9073,213
9074,213
9075,213
9076,213
9077,213
9078,213
9079,213
9080,213
9081,213
9082,213
9083,213
9084,213
9085,213
9086,213
9087,213
9088,213
9089,213
9090,213
9091,213
9092,213
9093,213
9094,213
9095,213
9096,213
9097,213
9098,213
9099,213
9100,213
9101,214
9102,214
9103,214
9104,214
9105,214
9106,214
9107,214
9108,214
9109,214
9110,214
9111,214
9112,214
9113,214
9114,214
9115,214
9116,214
9117,214
9118,214
9119,214
9120,214
9121,214
9122,214
9123,214
9124,214
9125,214
9126,214
9127,214
9128,214
9129,214
9130,214
9131,214
9132,214
9133,214
9134,214
9135,214
9136,214
9137,214
9138,214
9139,214
9140,214
9141,214
9142,214
9143,214
9144,214
9145,214
9146,214
9147,214
9148,214
9149,214
9150,214
9151,214
9152,214
9153,214
9154,214
9155,214
9156,214
9157,214
9158,214
9159,214
9160,214
9161,213
9162,213
9163,213
9164,213
9165,213
9166,213
9167,213
9168,213
9169,213
9170,213
9171,213
9172,213
9173,213
9174,213
9175,213
9176,213
9177,213
9178,213
9179,213
9180,213
9181,213
9182,213
9183,213
9184,213
9185,213
9186,213
9187,213
9188,213
9189,213
9190,213
9191,213
9192,213
9193,213
9194,213
9195,213
9196,213
9197,213
9198,213
9199,213
9200,213
9201,213
9202,213
9203,213
9204,213
9205,213
9206,213
9207,213
9208,213
9209,213
9210,213
9211,213
9212,213
9213,213
9214,213
9215,213
9216,213
9217,213
9218,213
9219,213
9220,213
9221,213
9222,213
9223,214
9224,213
9225,213
9226,213
9227,214
9228,214
9229,214
9230,214
9231,214
9232,214
9233,214
9234,214
9235,214
9236,214
9237,214
9238,214
9239,214
9240,214
9241,214
9242,214
9243,214
9244,214
9245,214
9246,214
9247,214
9248,214
9249,214
9250,214
9251,214
9252,214
9253,214
9254,214
9255,215
9256,215
9257,215
9258,215
9259,215
9260,215
9261,215
9262,215
9263,215
9264,215
9265,215
9266,215
9267,214
9268,214
9269,214
9270,215
9271,214
9272,214
9273,215
9274,215
9275,215
9276,215
9277,215
9278,215
9279,215
9280,215
9281,215
9282,215
9283,215
9284,215
9285,215
9286,215
9287,215
9288,215
9289,215
9290,215
9291,215
9292,215
9293,216
9294,216
9295,216
9296,216
9297,216
9298,215
9299,215
9300,216
9301,216
9302,216
9303,216
9304,216
9305,215
9306,216
9307,215
9308,215
9309,215
9310,215
9311,215
9312,215
9313,215
9314,215
9315,215
9316,215
9317,215
9318,216
9319,216
9320,216
9321,216
9322,216
9323,216
9324,216
9325,216
9326,216
9327,216
9328,216
9329,216
9330,216
9331,216
9332,216
9333,216
9334,216
9335,216
9336,216
9337,216
9338,216
9339,216
9340,216
9341,216
9342,216
9343,216
9344,216
9345,216
9346,216
9347,216
9348,216
9349,216
9350,216
9351,216
9352,216
9353,216
9354,216
9355,216
9356,216
9357,216
9358,216
9359,216
9360,216
9361,216
9362,216
9363,216
9364,216
9365,216
9366,216
9367,216
9368,216
9369,216
9370,216
9371,216
9372,216
9373,216
9374,216
9375,216
9376,216
9377,216
9378,216
9379,216
9380,216
9381,216
9382,216
9383,216
9384,216
9385,216
9386,216
9387,216
9388,216
9389,216
9390,216
9391,216
9392,216
9393,216
9394,216
9395,216
9396,216
9397,216
9398,216
9399,216
9400,216
9401,216
9402,216
9403,216
9404,216
9405,216
9406,216
9407,216
9408,216
9409,216
9410,216
9411,216
9412,216
9413,216
9414,216
9415,216
9416,216
9417,216
9418,216
9419,216
9420,216
9421,216
9422,216
9423,216
9424,216
9425,216
9426,216
9427,216
9428,216
9429,216
9430,216
9431,216
9432,216
9433,216
9434,216
9435,216
9436,216
9437,216
9438,216
9439,216
9440,216
9441,216
9442,216
9443,216
9444,216
9445,216
9446,217
9447,217
9448,217
9449,217
9450,217
9451,217
9452,217
9453,217
9454,217
9455,217
9456,217
9457,217
9458,217
9459,217
9460,217
9461,217
9462,217
9463,217
9464,217
9465,217
9466,217
9467,217
9468,217
9469,217
9470,217
9471,217
9472,217
9473,217
9474,217
9475,217
9476,217
9477,217
9478,217
9479,218
9480,218
9481,218
9482,218
9483,218
9484,218
9485,218
9486,218
9487,218
9488,218
9489,218
9490,218
9491,218
9492,218
9493,218
9494,218
9495,218
9496,218
9497,218
9498,218
9499,218
9500,218
9501,218
9502,218
9503,218
9504,218
9505,218
9506,218
9507,218
9508,218
9509,218
9510,218
9511,219
9512,219
9513,218
9514,218
9515,218
9516,218
9517,218
9518,218
9519,218
9520,218
9521,218
9522,218
9523,218
9524,218
9525,218
9526,218
9527,218
9528,218
9529,218
9530,218
9531,218
9532,218
9533,218
9534,218
9535,218
9536,218
9537,218
9538,218
9539,218
9540,218
9541,218
9542,218
9543,218
9544,218
9545,218
9546,218
9547,218
9548,218
9549,218
9550,218
9551,218
9552,218
9553,218
9554,218
9555,218
9556,218
9557,218
9558,218
9559,219
9560,218
9561,218
9562,218
9563,218
9564,218
9565,218
9566,218
9567,218
9568,218
9569,218
9570,218
9571,218
9572,218
9573,218
9574,218
9575,218
9576,219
9577,219
9578,219
9579,219
9580,219
9581,218
9582,219
9583,219
9584,219
9585,219
9586,219
9587,219
9588,219
9589,219
9590,219
9591,219
9592,219
9593,219
9594,219
9595,219
9596,219
9597,219
9598,219
9599,219
9600,219
9601,219
9602,219
9603,219
9604,219
9605,219
9606,219
9607,219
9608,219
9609,219
9610,219
9611,219
9612,219
9613,219
9614,219
9615,219
9616,219
9617,219
9618,219
9619,219
9620,219
9621,219
9622,219
9623,219
9624,219
9625,219
9626,219
9627,219
9628,219
9629,219
9630,219
9631,219
9632,219
9633,219
9634,219
9635,218
9636,218
9637,218
9638,218
9639,218
9640,219
9641,219
9642,219
9643,219
9644,219
9645,219
9646,219
9647,219
9648,219
9649,219
9650,219
9651,219
9652,219
9653,219
9654,219
9655,219
9656,219
9657,219
9658,219
9659,219
9660,219
9661,218
9662,218
9663,219
9664,219
9665,219
9666,219
9667,219
9668,219
9669,219
9670,219
9671,219
9672,219
9673,219
9674,219
9675,219
9676,219
9677,219
9678,219
9679,219
9680,219
9681,219
9682,219
9683,219
9684,219
9685,219
9686,219
9687,219
9688,219
9689,219
9690,219
9691,219
9692,219
9693,219
9694,219
9695,219
9696,219
9697,219
9698,219
9699,219
9700,220
9701,219
9702,220
9703,220
9704,220
9705,220
9706,219
9707,219
9708,219
9709,219
9710,219
9711,219
9712,219
9713,219
9714,219
9715,219
9716,219
9717,219
9718,219
9719,219
9720,219
9721,219
9722,219
9723,219
9724,219
9725,219
9726,219
9727,219
9728,219
9729,219
9730,219
9731,219
9732,219
9733,219
9734,219
9735,219
9736,219
9737,219
9738,219
9739,219
9740,220
9741,219
9742,219
9743,219
9744,219
9745,219
9746,219
9747,219
9748,219
9749,219
9750,219
9751,219
9752,219
9753,219
9754,219
9755,219
9756,220
9757,219
9758,219
9759,219
9760,219
9761,220
9762,220
9763,220
9764,220
9765,220
9766,220
9767,220
9768,220
9769,220
9770,220
9771,220
9772,220
9773,220
9774,220
9775,220
9776,220
9777,220
9778,220
9779,220
9780,220
9781,220
9782,220
9783,220
9784,220
9785,220
9786,220
9787,220
9788,220
9789,220
9790,220
9791,220
9792,220
9793,220
9794,220
9795,220
9796,220
9797,220
9798,220
9799,220
9800,220
9801,220
9802,220
9803,220
9804,220
9805,220
9806,220
9807,220
9808,220
9809,220
9810,220
9811,220
9812,220
9813,220
9814,220
9815,220
9816,220
9817,220
9818,220
9819,220
9820,220
9821,220
9822,220
9823,220
9824,220
9825,220
9826,220
9827,220
9828,220
9829,220
9830,220
9831,220
9832,220
9833,220
9834,220
9835,220
9836,220
9837,220
9838,220
9839,220
9840,220
9841,220
9842,220
9843,220
9844,220
9845,220
9846,220
9847,220
9848,220
9849,220
9850,220
9851,220
9852,220
9853,220
9854,220
9855,220
9856,220
9857,220
9858,220
9859,220
9860,220
9861,220
9862,220
9863,220
9864,220
9865,221
9866,221
9867,221
9868,221
9869,221
9870,221
9871,221
9872,221
9873,221
9874,221
9875,221
9876,221
9877,221
9878,221
9879,221
9880,221
9881,221
9882,221
9883,221
9884,221
9885,221
9886,221
9887,221
9888,221
9889,221
9890,221
9891,221
9892,221
9893,221
9894,221
9895,221
9896,221
9897,221
9898,221
9899,221
9900,221
9901,221
9902,221
9903,221
9904,221
9905,221
9906,221
9907,221
9908,221
9909,221
9910,221
9911,221
9912,221
9913,221
9914,221
9915,221
9916,221
9917,222
9918,222
9919,222
9920,222
9921,222
9922,222
9923,222
9924,222
9925,222
9926,222
9927,222
9928,222
9929,222
9930,222
9931,222
9932,222
9933,222
9934,222
9935,222
9936,222
9937,222
9938,222
9939,222
9940,222
9941,222
9942,222
9943,222
9944,222
9945,222
9946,222
9947,222
9948,222
9949,222
9950,222
9951,222
9952,222
9953,222
9954,222
9955,222
9956,222
9957,222
9958,222
9959,223
9960,223
9961,223
9962,223
9963,223
9964,223
9965,222
9966,222
9967,222
9968,223
9969,223
9970,222
9971,222
9972,222
9973,223
9974,222
9975,223
9976,223
9977,223
9978,223
9979,223
9980,223
9981,223
9982,223
9983,223
9984,223
9985,223
9986,223
9987,223
9988,223
9989,223
9990,223
9991,223
9992,223
9993,223
9994,223
9995,223
9996,223
9997,223
9998,223
9999,223
