0,149
1,150
2,150
3,150
4,150
5,150
6,150
7,150
8,150
9,150
10,150
11,149
12,150
13,150
14,150
15,150
16,150
17,150
18,150
19,150
20,150
21,150
22,150
23,150
24,150
25,150
26,150
27,150
28,150
29,150
30,150
31,150
32,150
33,150
34,150
35,149
36,149
37,150
38,150
39,149
40,149
41,149
42,149
43,149
44,149
45,149
46,149
47,149
48,149
49,149
50,149
51,150
52,150
53,150
54,150
55,150
56,150
57,150
58,150
59,150
60,150
61,150
62,150
63,150
64,150
65,150
66,150
67,150
68,150
69,150
70,150
71,150
72,150
73,150
74,150
75,150
76,150
77,150
78,150
79,150
80,150
81,150
82,150
83,150
84,150
85,150
86,150
87,150
88,150
89,150
90,150
91,150
92,150
93,150
94,150
95,150
96,150
97,150
98,150
99,150
100,150
101,150
102,150
103,150
104,150
105,150
106,150
107,150
108,150
109,150
110,150
111,150
112,150
113,150
114,150
115,150
116,150
117,150
118,149
119,150
120,150
121,150
122,150
123,150
124,150
125,150
126,150
127,150
128,150
129,150
130,150
131,150
132,150
133,150
134,150
135,150
136,150
137,150
138,150
139,150
140,150
141,150
142,150
143,150
144,150
145,150
146,150
147,150
148,150
149,150
150,150
151,150
152,150
153,150
154,150
155,150
156,149
157,149
158,149
159,150
160,149
161,149
162,149
163,149
164,149
165,149
166,149
167,149
168,149
169,149
170,149
171,150
172,150
173,149
174,149
175,149
176,150
177,150
178,149
179,149
180,150
181,150
182,149
183,150
184,149
185,150
186,150
187,150
188,150
189,150
190,150
191,150
192,150
193,150
194,150
195,150
196,150
197,150
198,150
199,150
200,150
201,150
202,150
203,150
204,150
205,150
206,150
207,150
208,150
209,149
210,149
211,150
212,150
213,150
214,150
215,150
216,150
217,150
218,149
219,149
220,149
221,149
222,149
223,149
224,149
225,149
226,149
227,149
228,149
229,149
230,149
231,149
232,149
233,149
234,149
235,149
236,149
237,149
238,149
239,149
240,149
241,149
242,150
243,150
244,149
245,150
246,149
247,149
248,149
249,149
250,150
251,149
252,149
253,149
254,149
255,149
256,149
257,149
258,149
259,149
260,149
261,149
262,149
263,149
264,149
265,149
266,150
267,150
268,150
269,150
270,150
271,150
272,150
273,150
274,150
275,150
276,149
277,150
278,150
279,150
280,150
281,150
282,150
283,150
284,150
285,150
286,150
287,150
288,150
289,150
290,150
291,150
292,150
293,150
294,150
295,150
296,150
297,150
298,150
299,150
300,150
301,150
302,150
303,150
304,150
305,150
306,150
307,150
308,150
309,150
310,150
311,150
312,150
313,150
314,150
315,150
316,150
317,150
318,150
319,150
320,150
321,150
322,150
323,150
324,150
325,150
326,150
327,150
328,150
329,150
330,150
331,150
332,150
333,150
334,150
335,150
336,150
337,150
338,150
339,150
340,150
341,150
342,150
343,150
344,149
345,149
346,150
347,150
348,150
349,150
350,150
351,150
352,149
353,149
354,149
355,149
356,149
357,149
358,150
359,149
360,150
361,150
362,149
363,149
364,149
365,149
366,150
367,150
368,150
369,149
370,150
371,150
372,150
373,150
374,150
375,150
376,149
377,150
378,150
379,150
380,149
381,149
382,149
383,149
384,149
385,149
386,149
387,149
388,149
389,149
390,149
391,149
392,149
393,149
394,149
395,149
396,149
397,149
398,149
399,149
400,149
401,149
402,149
403,149
404,149
405,149
406,149
407,149
408,149
409,149
410,149
411,149
412,150
413,149
414,149
415,150
416,150
417,150
418,150
419,150
420,149
421,149
422,149
423,149
424,149
425,149
426,149
427,150
428,149
429,149
430,149
431,149
432,149
433,149
434,149
435,149
436,149
437,149
438,149
439,150
440,150
441,149
442,149
443,149
444,149
445,149
446,149
447,149
448,149
449,149
450,149
451,149
452,149
453,149
454,149
455,149
456,149
457,149
458,149
459,149
460,149
461,149
462,149
463,149
464,149
465,149
466,149
467,149
468,149
469,150
470,150
471,150
472,149
473,149
474,149
475,149
476,149
477,149
478,149
479,149
480,149
481,149
482,149
483,149
484,149
485,149
486,149
487,149
488,149
489,149
490,149
491,149
492,149
493,149
494,149
495,149
496,149
497,149
498,149
499,149
500,149
501,149
502,149
503,149
504,149
505,149
506,149
507,149
508,149
509,149
510,149
511,149
512,149
513,149
514,149
515,149
516,149
517,149
518,149
519,149
520,149
521,149
522,149
523,149
524,149
525,149
526,149
527,149
528,149
529,149
530,149
531,149
532,149
533,149
534,149
535,149
536,149
537,149
538,149
539,149
540,149
541,149
542,149
543,149
544,149
545,149
546,149
547,149
548,149
549,149
550,149
551,149
552,149
553,149
554,149
555,149
556,149
557,149
558,149
559,149
560,149
561,149
562,149
563,149
564,149
565,149
566,149
567,149
568,149
569,149
570,149
571,149
572,149
573,149
574,149
575,149
576,149
577,149
578,149
579,149
580,149
581,150
582,150
583,149
584,149
585,149
586,149
587,149
588,149
589,149
590,149
591,149
592,149
593,149
594,149
595,149
596,149
597,149
598,149
599,149
600,149
601,149
602,149
603,149
604,149
605,149
606,149
607,149
608,149
609,149
610,149
611,149
612,149
613,149
614,149
615,149
616,150
617,150
618,150
619,150
620,150
621,150
622,150
623,150
624,150
625,150
626,150
627,150
628,150
629,150
630,150
631,150
632,150
633,150
634,150
635,150
636,150
637,150
638,150
639,150
640,150
641,150
642,150
643,150
644,150
645,150
646,150
647,150
648,150
649,150
650,150
651,150
652,150
653,150
654,150
655,150
656,150
657,150
658,150
659,150
660,150
661,150
662,150
663,150
664,150
665,150
666,150
667,150
668,150
669,150
670,150
671,150
672,150
673,150
674,150
675,150
676,150
677,150
678,150
679,150
680,150
681,150
682,150
683,149
684,150
685,150
686,150
687,150
688,149
689,150
690,150
691,150
692,150
693,149
694,149
695,149
696,149
697,149
698,149
699,149
700,150
701,150
702,150
703,150
704,150
705,150
706,150
707,150
708,150
709,150
710,150
711,150
712,150
713,150
714,150
715,150
716,150
717,150
718,149
719,149
720,150
721,150
722,150
723,150
724,149
725,150
726,150
727,150
728,150
729,150
730,150
731,150
732,150
733,150
734,150
735,150
736,150
737,150
738,150
739,150
740,150
741,150
742,150
743,150
744,150
745,150
746,150
747,150
748,150
749,150
750,150
751,150
752,150
753,150
754,150
755,150
756,150
757,150
758,150
759,150
760,150
761,150
762,150
763,150
764,150
765,150
766,150
767,150
768,150
769,150
770,150
771,150
772,150
773,150
774,150
775,150
776,150
777,150
778,150
779,150
780,150
781,150
782,150
783,150
784,150
785,150
786,150
787,150
788,150
789,150
790,150
791,150
792,150
793,150
794,150
795,150
796,150
797,150
798,150
799,150
800,150
801,150
802,150
803,150
804,150
805,150
806,150
807,150
808,150
809,150
810,150
811,150
812,150
813,150
814,150
815,150
816,150
817,150
818,150
819,150
820,150
821,150
822,150
823,150
824,150
825,150
826,150
827,150
828,150
829,150
830,150
831,150
832,150
833,150
834,150
835,150
836,150
837,150
838,150
839,150
840,150
841,150
842,150
843,150
844,150
845,150
846,150
847,150
848,150
849,150
850,150
851,150
852,150
853,150
854,150
855,150
856,150
857,150
858,150
859,150
860,150
861,150
862,150
863,150
864,150
865,150
866,150
867,150
868,150
869,150
870,150
871,150
872,150
873,150
874,150
875,150
876,150
877,150
878,150
879,150
880,150
881,150
882,150
883,150
884,150
885,150
886,150
887,150
888,150
889,150
890,150
891,150
892,150
893,150
894,150
895,150
896,150
897,151
898,151
899,151
900,151
901,151
902,151
903,151
904,151
905,151
906,151
907,151
908,151
909,151
910,151
911,151
912,151
913,150
914,150
915,150
916,150
917,150
918,150
919,150
920,150
921,150
922,150
923,150
924,150
925,150
926,150
927,150
928,150
929,150
930,150
931,150
932,150
933,150
934,150
935,150
936,150
937,150
938,150
939,150
940,150
941,150
942,150
943,150
944,150
945,150
946,150
947,150
948,150
949,150
950,150
951,150
952,150
953,150
954,150
955,150
956,150
957,150
958,150
959,150
960,150
961,150
962,150
963,150
964,150
965,150
966,150
967,150
968,150
969,150
970,150
971,150
972,150
973,150
974,150
975,150
976,150
977,150
978,150
979,150
980,150
981,151
982,151
983,151
984,151
985,150
986,151
987,151
988,151
989,150
990,150
991,151
992,151
993,150
994,150
995,150
996,150
997,150
998,150
999,150
1000,150
1001,150
1002,150
1003,150
1004,150
1005,150
1006,150
1007,150
1008,150
1009,150
1010,150
1011,150
1012,150
1013,150
1014,150
1015,150
1016,150
1017,150
1018,150
1019,150
1020,150
1021,150
1022,150
1023,150
1024,150
1025,150
1026,150
1027,150
1028,150
1029,150
1030,150
1031,150
1032,150
1033,150
1034,150
1035,150
1036,150
1037,150
1038,150
1039,150
1040,150
1041,150
1042,150
1043,150
1044,150
1045,150
1046,150
1047,150
1048,150
1049,150
1050,150
1051,150
1052,150
1053,150
1054,150
1055,150
1056,150
1057,150
1058,150
1059,150
1060,150
1061,150
1062,150
1063,150
1064,150
1065,150
1066,150
1067,150
1068,150
1069,150
1070,150
1071,150
1072,150
1073,150
1074,150
1075,150
1076,150
1077,150
1078,150
1079,150
1080,150
1081,150
1082,150
1083,150
1084,150
1085,150
1086,150
1087,150
1088,150
1089,150
1090,150
1091,150
1092,150
1093,150
1094,150
1095,150
1096,150
1097,150
1098,150
1099,150
1100,150
1101,151
1102,151
1103,151
1104,151
1105,151
1106,151
1107,151
1108,151
1109,151
1110,151
1111,151
1112,151
1113,151
1114,150
1115,150
1116,150
1117,150
1118,150
1119,150
1120,150
1121,150
1122,150
1123,150
1124,150
1125,150
1126,150
1127,150
1128,150
1129,150
1130,150
1131,150
1132,150
1133,150
1134,150
1135,150
1136,150
1137,150
1138,150
1139,150
1140,150
1141,150
1142,150
1143,150
1144,150
1145,150
1146,150
1147,150
1148,150
1149,150
1150,150
1151,150
1152,150
1153,151
1154,151
1155,151
1156,151
1157,150
1158,151
1159,150
1160,151
1161,150
1162,151
1163,151
1164,151
1165,151
1166,151
1167,151
1168,151
1169,151
1170,151
1171,151
1172,151
1173,151
1174,151
1175,151
1176,151
1177,151
1178,151
1179,151
1180,151
1181,151
1182,151
1183,151
1184,151
1185,151
1186,151
1187,151
1188,151
1189,151
1190,151
1191,151
1192,151
1193,151
1194,151
1195,151
1196,151
1197,151
1198,151
1199,151
1200,151
1201,151
1202,151
1203,151
1204,151
1205,151
1206,151
1207,151
1208,151
1209,151
1210,151
1211,151
1212,151
1213,151
1214,151
1215,151
1216,151
1217,151
1218,151
1219,151
1220,151
1221,151
1222,151
1223,151
1224,151
1225,151
1226,152
1227,152
1228,152
1229,152
1230,152
1231,152
1232,152
1233,152
1234,152
1235,152
1236,152
1237,152
1238,152
1239,152
1240,152
1241,152
1242,152
1243,152
1244,152
1245,152
1246,152
1247,152
1248,152
1249,152
1250,152
1251,152
1252,152
1253,152
1254,152
1255,152
1256,152
1257,152
1258,152
1259,152
1260,152
1261,152
1262,152
1263,152
1264,152
1265,152
1266,152
1267,152
1268,152
1269,152
1270,152
1271,152
1272,152
1273,152
1274,152
1275,152
1276,152
1277,152
1278,152
1279,152
1280,152
1281,152
1282,152
1283,151
1284,151
1285,151
1286,151
1287,151
1288,151
1289,151
1290,151
1291,151
1292,151
1293,151
1294,151
1295,151
1296,151
1297,151
1298,151
1299,151
1300,151
1301,151
1302,151
1303,151
1304,151
1305,151
1306,151
1307,151
1308,151
1309,151
1310,151
1311,151
1312,151
1313,151
1314,151
1315,151
1316,151
1317,151
1318,151
1319,151
1320,151
1321,151
1322,151
1323,152
1324,152
1325,152
1326,152
1327,152
1328,152
1329,151
1330,152
1331,152
1332,152
1333,152
1334,151
1335,152
1336,152
1337,152
1338,151
1339,151
1340,152
1341,151
1342,151
1343,151
1344,151
1345,151
1346,151
1347,151
1348,151
1349,151
1350,151
1351,152
1352,152
1353,152
1354,152
1355,152
1356,152
1357,152
1358,152
1359,152
1360,152
1361,152
1362,152
1363,152
1364,152
1365,152
1366,152
1367,152
1368,152
1369,153
1370,153
1371,153
1372,153
1373,153
1374,153
1375,153
1376,153
1377,153
1378,153
1379,153
1380,153
1381,153
1382,153
1383,153
1384,153
1385,153
1386,153
1387,153
1388,153
1389,153
1390,153
1391,153
1392,153
1393,153
1394,153
1395,153
1396,153
1397,153
1398,153
1399,153
1400,153
1401,153
1402,153
1403,153
1404,153
1405,153
1406,153
1407,153
1408,153
1409,153
1410,153
1411,153
1412,153
1413,153
1414,153
1415,153
1416,153
1417,153
1418,153
1419,153
1420,153
1421,153
1422,153
1423,153
1424,154
1425,154
1426,153
1427,154
1428,154
1429,153
1430,153
1431,153
1432,153
1433,153
1434,153
1435,153
1436,153
1437,153
1438,153
1439,153
1440,153
1441,153
1442,153
1443,153
1444,153
1445,153
1446,153
1447,153
1448,153
1449,153
1450,153
1451,153
1452,153
1453,153
1454,153
1455,153
1456,153
1457,153
1458,153
1459,153
1460,153
1461,153
1462,153
1463,153
1464,153
1465,153
1466,153
1467,153
1468,153
1469,153
1470,153
1471,153
1472,153
1473,153
1474,153
1475,153
1476,153
1477,153
1478,153
1479,153
1480,153
1481,153
1482,153
1483,153
1484,153
1485,153
1486,153
1487,153
1488,153
1489,153
1490,153
1491,153
1492,153
1493,153
1494,153
1495,153
1496,153
1497,153
1498,153
1499,153
1500,153
1501,153
1502,153
1503,153
1504,153
1505,153
1506,153
1507,153
1508,153
1509,153
1510,153
1511,153
1512,153
1513,153
1514,153
1515,153
1516,153
1517,153
1518,153
1519,153
1520,153
1521,153
1522,153
1523,153
1524,153
1525,153
1526,153
1527,153
1528,152
1529,153
1530,153
1531,153
1532,153
1533,153
1534,153
1535,153
1536,153
1537,152
1538,152
1539,153
1540,152
1541,152
1542,153
1543,153
1544,153
1545,152
1546,152
1547,152
1548,153
1549,152
1550,152
1551,153
1552,153
1553,153
1554,153
1555,153
1556,153
1557,152
1558,152
1559,152
1560,152
1561,152
1562,152
1563,152
1564,152
1565,152
1566,152
1567,152
1568,152
1569,152
1570,152
1571,152
1572,152
1573,152
1574,152
1575,152
1576,152
1577,152
1578,152
1579,152
1580,152
1581,152
1582,152
1583,152
1584,152
1585,152
1586,152
1587,152
1588,152
1589,152
1590,152
1591,152
1592,152
1593,152
1594,152
1595,152
1596,152
1597,152
1598,152
1599,152
1600,152
1601,152
1602,152
1603,152
1604,152
1605,152
1606,152
1607,152
1608,152
1609,152
1610,153
1611,153
1612,153
1613,153
1614,153
1615,153
1616,153
1617,153
1618,153
1619,153
1620,153
1621,153
1622,153
1623,153
1624,153
1625,153
1626,153
1627,153
1628,153
1629,153
1630,153
1631,153
1632,153
1633,153
1634,153
1635,153
1636,153
1637,153
1638,153
1639,153
1640,153
1641,153
1642,153
1643,153
1644,153
1645,153
1646,153
1647,153
1648,153
1649,153
1650,153
1651,153
1652,153
1653,153
1654,153
1655,153
1656,153
1657,153
1658,153
1659,153
1660,153
1661,153
1662,153
1663,153
1664,153
1665,153
1666,153
1667,153
1668,153
1669,153
1670,153
1671,153
1672,153
1673,153
1674,153
1675,153
1676,153
1677,153
1678,153
1679,153
1680,153
1681,153
1682,153
1683,153
1684,153
1685,153
1686,153
1687,153
1688,153
1689,153
1690,153
1691,153
1692,153
1693,153
1694,153
1695,153
1696,153
1697,153
1698,153
1699,153
1700,153
1701,154
1702,153
1703,153
1704,153
1705,153
1706,153
1707,153
1708,153
1709,153
1710,153
1711,154
1712,153
1713,154
1714,153
1715,153
1716,154
1717,153
1718,153
1719,153
1720,153
1721,153
1722,153
1723,153
1724,153
1725,153
1726,153
1727,153
1728,153
1729,153
1730,153
1731,153
1732,154
1733,154
1734,154
1735,154
1736,154
1737,154
1738,153
1739,153
1740,153
1741,153
1742,153
1743,153
1744,153
1745,153
1746,153
1747,153
1748,153
1749,153
1750,153
1751,153
1752,153
1753,153
1754,153
1755,153
1756,153
1757,153
1758,153
1759,153
1760,153
1761,153
1762,153
1763,153
1764,153
1765,153
1766,153
1767,153
1768,153
1769,153
1770,153
1771,153
1772,153
1773,153
1774,153
1775,153
1776,153
1777,153
1778,153
1779,153
1780,153
1781,153
1782,153
1783,153
1784,153
1785,153
1786,153
1787,153
1788,153
1789,153
1790,153
1791,153
1792,153
1793,153
1794,153
1795,153
1796,154
1797,154
1798,154
1799,154
1800,154
1801,154
1802,154
1803,154
1804,154
1805,154
1806,154
1807,154
1808,154
1809,154
1810,154
1811,154
1812,154
1813,154
1814,154
1815,154
1816,154
1817,154
1818,154
1819,154
1820,154
1821,154
1822,154
1823,154
1824,154
1825,154
1826,154
1827,154
1828,154
1829,154
1830,154
1831,154
1832,154
1833,154
1834,154
1835,154
1836,154
1837,154
1838,154
1839,154
1840,154
1841,154
1842,154
1843,154
1844,154
1845,154
1846,154
1847,154
1848,154
1849,154
1850,154
1851,154
1852,154
1853,154
1854,154
1855,154
1856,154
1857,154
1858,154
1859,154
1860,154
1861,154
1862,154
1863,154
1864,154
1865,154
1866,154
1867,154
1868,154
1869,154
1870,154
1871,154
1872,154
1873,154
1874,154
1875,154
1876,154
1877,154
1878,154
1879,154
1880,154
1881,154
1882,154
1883,154
1884,154
1885,154
1886,154
1887,154
1888,154
1889,154
1890,154
1891,154
1892,154
1893,154
1894,154
1895,154
1896,154
1897,154
1898,154
1899,154
1900,154
1901,154
1902,154
1903,154
1904,154
1905,155
1906,155
1907,154
1908,154
1909,155
1910,155
1911,155
1912,155
1913,155
1914,155
1915,155
1916,155
1917,155
1918,155
1919,155
1920,155
1921,154
1922,154
1923,155
1924,155
1925,154
1926,154
1927,154
1928,154
1929,155
1930,155
1931,155
1932,155
1933,155
1934,154
1935,154
1936,154
1937,154
1938,154
1939,155
1940,154
1941,155
1942,155
1943,155
1944,155
1945,155
1946,155
1947,155
1948,155
1949,155
1950,155
1951,155
1952,155
1953,155
1954,155
1955,155
1956,155
1957,155
1958,155
1959,155
1960,155
1961,155
1962,155
1963,155
1964,155
1965,155
1966,155
1967,155
1968,155
1969,155
1970,155
1971,155
1972,155
1973,155
1974,155
1975,155
1976,155
1977,155
1978,155
1979,155
1980,155
1981,155
1982,155
1983,155
1984,155
1985,155
1986,155
1987,155
1988,155
1989,155
1990,155
1991,155
1992,155
1993,155
1994,155
1995,155
1996,155
1997,155
1998,155
1999,155
2000,155
2001,155
2002,155
2003,155
2004,155
2005,155
2006,155
2007,155
2008,155
2009,155
2010,155
2011,155
2012,155
2013,155
2014,155
2015,155
2016,155
2017,155
2018,155
2019,155
2020,155
2021,155
2022,155
2023,155
2024,155
2025,155
2026,155
2027,155
2028,155
2029,155
2030,155
2031,155
2032,155
2033,155
2034,155
2035,155
2036,155
2037,155
2038,155
2039,155
2040,155
2041,155
2042,155
2043,155
2044,156
2045,156
2046,156
2047,156
2048,155
2049,156
2050,155
2051,155
2052,155
2053,155
2054,155
2055,155
2056,155
2057,155
2058,155
2059,155
2060,155
2061,155
2062,155
2063,155
2064,155
2065,155
2066,155
2067,155
2068,155
2069,155
2070,155
2071,155
2072,155
2073,155
2074,155
2075,155
2076,155
2077,155
2078,155
2079,155
2080,155
2081,155
2082,155
2083,155
2084,155
2085,155
2086,155
2087,155
2088,155
2089,155
2090,155
2091,156
2092,156
2093,156
2094,156
2095,155
2096,155
2097,155
2098,155
2099,155
2100,155
2101,155
2102,155
2103,155
2104,155
2105,155
2106,155
2107,155
2108,155
2109,155
2110,155
2111,155
2112,155
2113,155
2114,155
2115,155
2116,155
2117,155
2118,155
2119,155
2120,155
2121,155
2122,155
2123,156
2124,155
2125,155
2126,155
2127,155
2128,155
2129,155
2130,155
2131,156
2132,156
2133,155
2134,155
2135,156
2136,156
2137,155
2138,156
2139,156
2140,156
2141,156
2142,156
2143,156
2144,156
2145,156
2146,156
2147,156
2148,156
2149,156
2150,156
2151,156
2152,156
2153,156
2154,156
2155,156
2156,156
2157,156
2158,156
2159,156
2160,156
2161,156
2162,156
2163,156
2164,156
2165,156
2166,156
2167,156
2168,156
2169,156
2170,156
2171,156
2172,156
2173,156
2174,156
2175,156
2176,156
2177,156
2178,156
2179,156
2180,156
2181,156
2182,156
2183,156
2184,155
2185,155
2186,155
2187,155
2188,155
2189,155
2190,156
2191,156
2192,156
2193,156
2194,156
2195,156
2196,156
2197,155
2198,155
2199,156
2200,156
2201,156
2202,156
2203,156
2204,156
2205,156
2206,156
2207,156
2208,156
2209,156
2210,156
2211,156
2212,156
2213,156
2214,156
2215,156
2216,156
2217,156
2218,156
2219,156
2220,156
2221,156
2222,156
2223,156
2224,157
2225,157
2226,157
2227,157
2228,157
2229,157
2230,157
2231,157
2232,157
2233,157
2234,157
2235,157
2236,157
2237,157
2238,157
2239,157
2240,156
2241,156
2242,156
2243,156
2244,156
2245,156
2246,156
2247,156
2248,156
2249,156
2250,156
2251,156
2252,156
2253,156
2254,156
2255,156
2256,156
2257,156
2258,156
2259,156
2260,156
2261,156
2262,156
2263,156
2264,156
2265,156
2266,156
2267,156
2268,157
2269,157
2270,157
2271,157
2272,157
2273,157
2274,157
2275,157
2276,157
2277,157
2278,157
2279,157
2280,157
2281,157
2282,157
2283,156
2284,156
2285,157
2286,157
2287,157
2288,156
2289,157
2290,157
2291,157
2292,157
2293,157
2294,157
2295,157
2296,157
2297,156
2298,156
2299,156
2300,156
2301,156
2302,156
2303,156
2304,156
2305,157
2306,157
2307,157
2308,157
2309,157
2310,157
2311,157
2312,157
2313,157
2314,157
2315,157
2316,157
2317,157
2318,157
2319,157
2320,157
2321,157
2322,157
2323,157
2324,157
2325,157
2326,157
2327,157
2328,157
2329,157
2330,157
2331,157
2332,157
2333,157
2334,157
2335,157
2336,157
2337,157
2338,157
2339,157
2340,157
2341,157
2342,157
2343,157
2344,157
2345,157
2346,157
2347,157
2348,157
2349,157
2350,157
2351,157
2352,157
2353,157
2354,157
2355,157
2356,157
2357,157
2358,157
2359,157
2360,157
2361,157
2362,157
2363,157
2364,157
2365,157
2366,157
2367,157
2368,157
2369,157
2370,157
2371,157
2372,157
2373,157
2374,157
2375,157
2376,157
2377,157
2378,158
2379,157
2380,157
2381,158
2382,157
2383,157
2384,157
2385,158
2386,158
2387,158
2388,158
2389,158
2390,158
2391,158
2392,158
2393,158
2394,158
2395,158
2396,158
2397,158
2398,158
2399,158
2400,158
2401,158
2402,158
2403,158
2404,158
2405,158
2406,158
2407,158
2408,158
2409,158
2410,158
2411,158
2412,158
2413,158
2414,158
2415,158
2416,158
2417,158
2418,158
2419,158
2420,158
2421,158
2422,158
2423,158
2424,158
2425,158
2426,158
2427,158
2428,158
2429,158
2430,158
2431,158
2432,158
2433,158
2434,158
2435,158
2436,158
2437,158
2438,158
2439,158
2440,159
2441,159
2442,159
2443,159
2444,159
2445,159
2446,159
2447,159
2448,159
2449,158
2450,158
2451,158
2452,158
2453,158
2454,158
2455,158
2456,158
2457,158
2458,159
2459,158
2460,158
2461,158
2462,158
2463,158
2464,158
2465,158
2466,158
2467,158
2468,159
2469,158
2470,158
2471,159
2472,158
2473,158
2474,159
2475,159
2476,159
2477,159
2478,159
2479,159
2480,159
2481,159
2482,159
2483,159
2484,159
2485,159
2486,159
2487,159
2488,159
2489,159
2490,159
2491,159
2492,159
2493,159
2494,159
2495,159
2496,159
2497,159
2498,159
2499,159
2500,159
2501,159
2502,159
2503,159
2504,159
2505,159
2506,159
2507,159
2508,159
2509,159
2510,159
2511,159
2512,159
2513,159
2514,159
2515,159
2516,159
2517,159
2518,159
2519,159
2520,159
2521,159
2522,159
2523,159
2524,159
2525,159
2526,159
2527,159
2528,159
2529,159
2530,159
2531,159
2532,159
2533,159
2534,159
2535,159
2536,159
2537,159
2538,159
2539,159
2540,159
2541,159
2542,159
2543,159
2544,159
2545,159
2546,159
2547,159
2548,159
2549,158
2550,159
2551,158
2552,158
2553,159
2554,159
2555,159
2556,159
2557,159
2558,159
2559,159
2560,159
2561,159
2562,159
2563,159
2564,159
2565,159
2566,159
2567,159
2568,159
2569,159
2570,159
2571,159
2572,159
2573,159
2574,159
2575,159
2576,159
2577,159
2578,159
2579,159
2580,159
2581,159
2582,160
2583,159
2584,159
2585,159
2586,160
2587,159
2588,159
2589,159
2590,159
2591,159
2592,159
2593,159
2594,159
2595,159
2596,159
2597,159
2598,159
2599,159
2600,159
2601,159
2602,159
2603,159
2604,159
2605,159
2606,159
2607,159
2608,159
2609,159
2610,159
2611,159
2612,159
2613,159
2614,159
2615,159
2616,159
2617,159
2618,159
2619,159
2620,159
2621,159
2622,159
2623,159
2624,159
2625,159
2626,159
2627,159
2628,159
2629,159
2630,159
2631,159
2632,159
2633,159
2634,159
2635,159
2636,159
2637,159
2638,159
2639,159
2640,159
2641,160
2642,160
2643,160
2644,160
2645,160
2646,160
2647,160
2648,160
2649,160
2650,160
2651,160
2652,160
2653,160
2654,159
2655,160
2656,160
2657,159
2658,159
2659,159
2660,159
2661,159
2662,159
2663,159
2664,159
2665,159
2666,159
2667,159
2668,159
2669,159
2670,159
2671,159
2672,159
2673,159
2674,159
2675,159
2676,159
2677,159
2678,159
2679,159
2680,159
2681,159
2682,159
2683,159
2684,159
2685,159
2686,159
2687,159
2688,159
2689,159
2690,159
2691,159
2692,159
2693,159
2694,159
2695,159
2696,159
2697,159
2698,159
2699,159
2700,159
2701,159
2702,159
2703,159
2704,159
2705,159
2706,159
2707,159
2708,159
2709,159
2710,159
2711,159
2712,159
2713,159
2714,159
2715,159
2716,159
2717,159
2718,159
2719,159
2720,159
2721,159
2722,160
2723,160
2724,160
2725,160
2726,160
2727,160
2728,160
2729,160
2730,160
2731,159
2732,159
2733,159
2734,159
2735,160
2736,160
2737,160
2738,160
2739,160
2740,159
2741,159
2742,160
2743,159
2744,159
2745,159
2746,159
2747,159
2748,159
2749,159
2750,159
2751,159
2752,159
2753,159
2754,159
2755,159
2756,159
2757,159
2758,159
2759,159
2760,159
2761,159
2762,159
2763,159
2764,159
2765,159
2766,159
2767,159
2768,159
2769,159
2770,159
2771,159
2772,159
2773,159
2774,159
2775,159
2776,159
2777,159
2778,159
2779,158
2780,158
2781,159
2782,159
2783,159
2784,159
2785,158
2786,158
2787,158
2788,159
2789,158
2790,158
2791,158
2792,158
2793,158
2794,158
2795,158
2796,158
2797,158
2798,158
2799,158
2800,158
2801,158
2802,158
2803,158
2804,158
2805,158
2806,158
2807,158
2808,158
2809,158
2810,158
2811,158
2812,158
2813,159
2814,158
2815,158
2816,158
2817,158
2818,158
2819,158
2820,158
2821,158
2822,158
2823,158
2824,158
2825,159
2826,159
2827,159
2828,159
2829,159
2830,159
2831,159
2832,159
2833,159
2834,159
2835,159
2836,159
2837,159
2838,159
2839,159
2840,159
2841,159
2842,159
2843,159
2844,159
2845,159
2846,158
2847,158
2848,158
2849,158
2850,159
2851,159
2852,159
2853,159
2854,159
2855,159
2856,159
2857,159
2858,159
2859,159
2860,159
2861,159
2862,159
2863,159
2864,159
2865,159
2866,159
2867,159
2868,159
2869,159
2870,159
2871,159
2872,159
2873,159
2874,159
2875,159
2876,159
2877,159
2878,159
2879,159
2880,159
2881,159
2882,159
2883,159
2884,159
2885,158
2886,158
2887,159
2888,159
2889,159
2890,159
2891,159
2892,159
2893,159
2894,159
2895,159
2896,159
2897,159
2898,159
2899,158
2900,158
2901,158
2902,158
2903,158
2904,158
2905,159
2906,158
2907,158
2908,158
2909,158
2910,158
2911,158
2912,159
2913,159
2914,159
2915,158
2916,159
2917,159
2918,159
2919,159
2920,159
2921,159
2922,159
2923,159
2924,159
2925,159
2926,159
2927,159
2928,159
2929,159
2930,159
2931,159
2932,159
2933,159
2934,159
2935,159
2936,159
2937,159
2938,160
2939,160
2940,159
2941,159
2942,159
2943,159
2944,159
2945,159
2946,159
2947,159
2948,159
2949,159
2950,159
2951,159
2952,159
2953,160
2954,160
2955,160
2956,160
2957,160
2958,160
2959,160
2960,160
2961,160
2962,160
2963,160
2964,160
2965,160
2966,160
2967,160
2968,160
2969,160
2970,160
2971,160
2972,160
2973,160
2974,160
2975,160
2976,160
2977,160
2978,160
2979,160
2980,160
2981,160
2982,160
2983,160
2984,160
2985,160
2986,160
2987,160
2988,160
2989,160
2990,160
2991,160
2992,160
2993,160
2994,160
2995,160
2996,160
2997,160
2998,160
2999,160
3000,160
3001,160
3002,160
3003,160
3004,160
3005,160
3006,160
3007,160
3008,160
3009,160
3010,160
3011,160
3012,160
3013,160
3014,160
3015,160
3016,160
3017,160
3018,160
3019,160
3020,160
3021,161
3022,160
3023,160
3024,160
3025,160
3026,160
3027,161
3028,161
3029,161
3030,161
3031,161
3032,161
3033,161
3034,161
3035,161
3036,161
3037,161
3038,161
3039,161
3040,161
3041,161
3042,161
3043,161
3044,161
3045,161
3046,161
3047,161
3048,161
3049,161
3050,161
3051,161
3052,161
3053,161
3054,161
3055,161
3056,161
3057,161
3058,161
3059,161
3060,161
3061,161
3062,161
3063,161
3064,161
3065,161
3066,161
3067,162
3068,162
3069,161
3070,162
3071,161
3072,162
3073,162
3074,162
3075,162
3076,162
3077,162
3078,162
3079,161
3080,161
3081,161
3082,161
3083,161
3084,161
3085,161
3086,161
3087,161
3088,161
3089,161
3090,161
3091,162
3092,162
3093,162
3094,162
3095,162
3096,162
3097,161
3098,161
3099,161
3100,161
3101,162
3102,162
3103,162
3104,162
3105,161
3106,162
3107,162
3108,162
3109,162
3110,162
3111,162
3112,162
3113,161
3114,161
3115,161
3116,161
3117,161
3118,162
3119,162
3120,162
3121,162
3122,162
3123,163
3124,163
3125,163
3126,163
3127,163
3128,163
3129,163
3130,163
3131,163
3132,163
3133,163
3134,163
3135,163
3136,164
3137,164
3138,164
3139,163
3140,164
3141,164
3142,164
3143,164
3144,164
3145,164
3146,164
3147,164
3148,164
3149,164
3150,164
3151,164
3152,164
3153,164
3154,164
3155,164
3156,164
3157,164
3158,164
3159,164
3160,164
3161,164
3162,164
3163,164
3164,164
3165,164
3166,164
3167,164
3168,164
3169,164
3170,164
3171,164
3172,164
3173,164
3174,164
3175,164
3176,164
3177,165
3178,165
3179,165
3180,164
3181,165
3182,164
3183,165
3184,165
3185,165
3186,165
3187,165
3188,165
3189,165
3190,165
3191,165
3192,165
3193,165
3194,165
3195,165
3196,165
3197,165
3198,165
3199,165
3200,165
3201,165
3202,165
3203,165
3204,165
3205,165
3206,165
3207,165
3208,165
3209,165
3210,165
3211,165
3212,165
3213,165
3214,165
3215,165
3216,165
3217,165
3218,165
3219,165
3220,165
3221,165
3222,165
3223,165
3224,165
3225,165
3226,165
3227,165
3228,165
3229,165
3230,165
3231,165
3232,165
3233,164
3234,164
3235,164
3236,164
3237,164
3238,164
3239,164
3240,164
3241,164
3242,164
3243,164
3244,164
3245,164
3246,164
3247,164
3248,164
3249,164
3250,164
3251,164
3252,164
3253,164
3254,164
3255,164
3256,164
3257,164
3258,164
3259,164
3260,164
3261,164
3262,164
3263,164
3264,164
3265,164
3266,164
3267,164
3268,164
3269,164
3270,164
3271,164
3272,164
3273,164
3274,164
3275,164
3276,164
3277,165
3278,164
3279,165
3280,165
3281,165
3282,165
3283,164
3284,165
3285,165
3286,165
3287,165
3288,165
3289,165
3290,165
3291,165
3292,165
3293,164
3294,164
3295,165
3296,164
3297,164
3298,164
3299,164
3300,164
3301,164
3302,164
3303,164
3304,164
3305,164
3306,164
3307,164
3308,164
3309,164
3310,164
3311,164
3312,164
3313,165
3314,165
3315,165
3316,165
3317,165
3318,165
3319,165
3320,165
3321,165
3322,165
3323,164
3324,165
3325,165
3326,165
3327,165
3328,165
3329,165
3330,165
3331,165
3332,165
3333,165
3334,165
3335,165
3336,164
3337,164
3338,165
3339,165
3340,164
3341,165
3342,165
3343,165
3344,165
3345,165
3346,165
3347,165
3348,165
3349,165
3350,165
3351,165
3352,164
3353,165
3354,165
3355,165
3356,165
3357,165
3358,165
3359,165
3360,165
3361,165
3362,165
3363,165
3364,165
3365,165
3366,165
3367,165
3368,165
3369,165
3370,165
3371,165
3372,165
3373,165
3374,165
3375,166
3376,166
3377,166
3378,165
3379,165
3380,165
3381,165
3382,165
3383,165
3384,165
3385,165
3386,165
3387,165
3388,165
3389,165
3390,165
3391,165
3392,165
3393,165
3394,165
3395,165
3396,165
3397,165
3398,165
3399,165
3400,166
3401,166
3402,166
3403,166
3404,166
3405,166
3406,166
3407,166
3408,166
3409,166
3410,166
3411,166
3412,166
3413,166
3414,166
3415,166
3416,166
3417,166
3418,166
3419,166
3420,166
3421,166
3422,166
3423,167
3424,167
3425,167
3426,167
3427,167
3428,167
3429,167
3430,167
3431,167
3432,167
3433,167
3434,167
3435,168
3436,168
3437,168
3438,168
3439,168
3440,168
3441,168
3442,168
3443,168
3444,168
3445,168
3446,168
3447,168
3448,168
3449,168
3450,168
3451,168
3452,168
3453,168
3454,168
3455,168
3456,168
3457,168
3458,168
3459,168
3460,168
3461,168
3462,168
3463,168
3464,168
3465,168
3466,168
3467,168
3468,168
3469,168
3470,168
3471,168
3472,168
3473,168
3474,169
3475,168
3476,169
3477,169
3478,168
3479,169
3480,169
3481,168
3482,168
3483,168
3484,168
3485,169
3486,169
3487,169
3488,169
3489,169
3490,169
3491,169
3492,169
3493,169
3494,169
3495,169
3496,169
3497,169
3498,169
3499,169
3500,169
3501,169
3502,169
3503,169
3504,169
3505,169
3506,169
3507,169
3508,169
3509,169
3510,169
3511,170
3512,169
3513,170
3514,170
3515,170
3516,170
3517,170
3518,169
3519,170
3520,170
3521,170
3522,170
3523,170
3524,170
3525,169
3526,169
3527,169
3528,169
3529,169
3530,170
3531,170
3532,170
3533,170
3534,170
3535,170
3536,170
3537,170
3538,170
3539,170
3540,170
3541,170
3542,170
3543,170
3544,170
3545,170
3546,170
3547,170
3548,170
3549,170
3550,170
3551,170
3552,170
3553,170
3554,170
3555,170
3556,169
3557,170
3558,169
3559,169
3560,169
3561,170
3562,170
3563,170
3564,169
3565,169
3566,169
3567,169
3568,169
3569,169
3570,169
3571,169
3572,169
3573,170
3574,170
3575,170
3576,170
3577,170
3578,170
3579,170
3580,170
3581,170
3582,170
3583,170
3584,170
3585,170
3586,170
3587,170
3588,170
3589,170
3590,170
3591,170
3592,170
3593,170
3594,170
3595,170
3596,170
3597,170
3598,170
3599,170
3600,170
3601,170
3602,170
3603,170
3604,170
3605,170
3606,170
3607,170
3608,170
3609,170
3610,170
3611,170
3612,170
3613,170
3614,170
3615,170
3616,170
3617,170
3618,170
3619,170
3620,170
3621,170
3622,170
3623,170
3624,170
3625,170
3626,170
3627,170
3628,170
3629,170
3630,170
3631,170
3632,170
3633,170
3634,170
3635,170
3636,171
3637,171
3638,171
3639,171
3640,171
3641,171
3642,171
3643,171
3644,171
3645,171
3646,171
3647,171
3648,171
3649,171
3650,171
3651,171
3652,171
3653,171
3654,171
3655,171
3656,171
3657,171
3658,171
3659,171
3660,171
3661,171
3662,171
3663,171
3664,171
3665,171
3666,171
3667,171
3668,171
3669,171
3670,171
3671,171
3672,171
3673,171
3674,172
3675,172
3676,172
3677,172
3678,172
3679,172
3680,172
3681,172
3682,172
3683,172
3684,172
3685,172
3686,172
3687,172
3688,172
3689,172
3690,172
3691,172
3692,172
3693,172
3694,172
3695,172
3696,172
3697,172
3698,172
3699,172
3700,172
3701,172
3702,172
3703,172
3704,172
3705,172
3706,172
3707,172
3708,172
3709,172
3710,172
3711,172
3712,172
3713,172
3714,172
3715,172
3716,172
3717,172
3718,172
3719,172
3720,172
3721,172
3722,172
3723,172
3724,172
3725,172
3726,172
3727,172
3728,172
3729,172
3730,172
3731,172
3732,172
3733,172
3734,172
3735,172
3736,172
3737,172
3738,172
3739,172
3740,172
3741,172
3742,172
3743,172
3744,172
3745,172
3746,172
3747,172
3748,172
3749,172
3750,172
3751,172
3752,172
3753,172
3754,172
3755,172
3756,172
3757,172
3758,172
3759,172
3760,172
3761,172
3762,172
3763,172
3764,172
3765,172
3766,172
3767,172
3768,172
3769,172
3770,172
3771,172
3772,172
3773,172
3774,172
3775,172
3776,172
3777,172
3778,172
3779,172
3780,172
3781,172
3782,172
3783,172
3784,172
3785,172
3786,172
3787,172
3788,172
3789,172
3790,172
3791,172
3792,172
3793,172
3794,172
3795,172
3796,172
3797,172
3798,172
3799,172
3800,172
3801,172
3802,172
3803,172
3804,172
3805,172
3806,172
3807,172
3808,172
3809,172
3810,172
3811,172
3812,172
3813,172
3814,172
3815,172
3816,172
3817,172
3818,172
3819,172
3820,172
3821,172
3822,172
3823,172
3824,172
3825,172
3826,172
3827,172
3828,172
3829,172
3830,172
3831,172
3832,172
3833,172
3834,172
3835,172
3836,172
3837,172
3838,172
3839,172
3840,172
3841,172
3842,172
3843,172
3844,172
3845,172
3846,172
3847,172
3848,172
3849,172
3850,172
3851,172
3852,172
3853,172
3854,172
3855,172
3856,172
3857,172
3858,172
3859,172
3860,172
3861,172
3862,172
3863,172
3864,172
3865,172
3866,172
3867,172
3868,172
3869,172
3870,173
3871,173
3872,173
3873,173
3874,173
3875,173
3876,173
3877,173
3878,173
3879,173
3880,172
3881,172
3882,172
3883,172
3884,172
3885,172
3886,172
3887,173
3888,173
3889,173
3890,173
3891,173
3892,173
3893,173
3894,173
3895,173
3896,173
3897,173
3898,173
3899,173
3900,173
3901,173
3902,173
3903,173
3904,173
3905,173
3906,173
3907,173
3908,173
3909,173
3910,173
3911,173
3912,173
3913,173
3914,173
3915,173
3916,173
3917,173
3918,173
3919,173
3920,173
3921,173
3922,173
3923,173
3924,173
3925,173
3926,173
3927,173
3928,173
3929,173
3930,173
3931,173
3932,173
3933,173
3934,173
3935,173
3936,173
3937,173
3938,173
3939,173
3940,173
3941,173
3942,173
3943,173
3944,173
3945,173
3946,173
3947,173
3948,174
3949,174
3950,174
3951,174
3952,174
3953,174
3954,174
3955,174
3956,174
3957,174
3958,174
3959,174
3960,174
3961,174
3962,174
3963,174
3964,174
3965,174
3966,174
3967,174
3968,174
3969,174
3970,174
3971,174
3972,174
3973,174
3974,174
3975,174
3976,174
3977,174
3978,174
3979,174
3980,174
3981,174
3982,174
3983,174
3984,174
3985,174
3986,175
3987,175
3988,175
3989,175
3990,175
3991,175
3992,175
3993,175
3994,175
3995,175
3996,175
3997,175
3998,175
3999,175
4000,175
4001,175
4002,175
4003,175
4004,175
4005,175
4006,175
4007,175
4008,175
4009,175
4010,175
4011,175
4012,175
4013,175
4014,175
4015,175
4016,175
4017,175
4018,175
4019,175
4020,175
4021,175
4022,175
4023,175
4024,175
4025,175
4026,175
4027,175
4028,175
4029,175
4030,175
4031,175
4032,175
4033,175
4034,175
4035,175
4036,175
4037,176
4038,175
4039,175
4040,175
4041,175
4042,176
4043,176
4044,176
4045,176
4046,176
4047,176
4048,176
4049,176
4050,176
4051,176
4052,176
4053,176
4054,176
4055,176
4056,176
4057,176
4058,176
4059,176
4060,176
4061,176
4062,176
4063,176
4064,176
4065,176
4066,176
4067,176
4068,176
4069,176
4070,176
4071,176
4072,176
4073,176
4074,176
4075,176
4076,176
4077,176
4078,176
4079,176
4080,176
4081,176
4082,176
4083,176
4084,176
4085,176
4086,176
4087,176
4088,176
4089,176
4090,176
4091,176
4092,176
4093,176
4094,176
4095,176
4096,176
4097,176
4098,176
4099,176
4100,176
4101,176
4102,176
4103,176
4104,176
4105,176
4106,176
4107,176
4108,176
4109,176
4110,176
4111,176
4112,176
4113,176
4114,176
4115,176
4116,176
4117,176
4118,176
4119,176
4120,176
4121,176
4122,176
4123,176
4124,176
4125,176
4126,176
4127,176
4128,176
4129,176
4130,176
4131,176
4132,177
4133,176
4134,177
4135,177
4136,177
4137,177
4138,177
4139,177
4140,177
4141,177
4142,177
4143,177
4144,177
4145,177
4146,177
4147,177
4148,177
4149,177
4150,177
4151,177
4152,177
4153,177
4154,177
4155,177
4156,177
4157,177
4158,177
4159,177
4160,177
4161,177
4162,177
4163,177
4164,177
4165,177
4166,177
4167,177
4168,177
4169,177
4170,177
4171,177
4172,177
4173,178
4174,178
4175,178
4176,178
4177,178
4178,178
4179,178
4180,178
4181,178
4182,178
4183,178
4184,178
4185,178
4186,178
4187,178
4188,178
4189,178
4190,178
4191,178
4192,178
4193,178
4194,178
4195,178
4196,178
4197,178
4198,178
4199,178
4200,178
4201,178
4202,178
4203,178
4204,178
4205,178
4206,178
4207,178
4208,178
4209,178
4210,178
4211,178
4212,178
4213,178
4214,178
4215,178
4216,178
4217,178
4218,178
4219,178
4220,178
4221,178
4222,178
4223,178
4224,178
4225,178
4226,178
4227,178
4228,178
4229,178
4230,178
4231,178
4232,178
4233,178
4234,178
4235,178
4236,178
4237,178
4238,178
4239,178
4240,178
4241,178
4242,178
4243,178
4244,178
4245,178
4246,178
4247,178
4248,177
4249,178
4250,178
4251,177
4252,177
4253,178
4254,178
4255,178
4256,178
4257,178
4258,178
4259,178
4260,178
4261,178
4262,178
4263,178
4264,177
4265,177
4266,177
4267,178
4268,178
4269,178
4270,177
4271,177
4272,177
4273,177
4274,177
4275,177
4276,177
4277,177
4278,177
4279,177
4280,177
4281,177
4282,177
4283,177
4284,177
4285,177
4286,177
4287,177
4288,177
4289,177
4290,177
4291,177
4292,178
4293,178
4294,178
4295,178
4296,178
4297,178
4298,178
4299,178
4300,178
4301,178
4302,178
4303,178
4304,178
4305,178
4306,178
4307,177
4308,178
4309,178
4310,178
4311,178
4312,178
4313,178
4314,178
4315,178
4316,178
4317,178
4318,178
4319,178
4320,178
4321,178
4322,178
4323,178
4324,178
4325,178
4326,178
4327,178
4328,178
4329,178
4330,178
4331,178
4332,178
4333,178
4334,178
4335,178
4336,178
4337,178
4338,178
4339,178
4340,178
4341,178
4342,178
4343,178
4344,178
4345,178
4346,178
4347,178
4348,178
4349,177
4350,177
4351,177
4352,177
4353,177
4354,177
4355,177
4356,177
4357,177
4358,177
4359,177
4360,177
4361,177
4362,177
4363,177
4364,177
4365,177
4366,177
4367,177
4368,177
4369,177
4370,177
4371,177
4372,177
4373,177
4374,177
4375,177
4376,177
4377,177
4378,177
4379,177
4380,177
4381,177
4382,177
4383,177
4384,177
4385,177
4386,177
4387,177
4388,177
4389,177
4390,177
4391,177
4392,177
4393,178
4394,178
4395,178
4396,178
4397,178
4398,178
4399,178
4400,178
4401,178
4402,178
4403,178
4404,178
4405,178
4406,178
4407,178
4408,177
4409,177
4410,177
4411,177
4412,177
4413,177
4414,178
4415,177
4416,177
4417,177
4418,177
4419,177
4420,177
4421,177
4422,178
4423,178
4424,178
4425,178
4426,178
4427,178
4428,178
4429,178
4430,178
4431,178
4432,178
4433,178
4434,178
4435,178
4436,178
4437,178
4438,178
4439,178
4440,178
4441,178
4442,178
4443,178
4444,178
4445,178
4446,178
4447,178
4448,178
4449,178
4450,178
4451,178
4452,178
4453,178
4454,178
4455,178
4456,178
4457,178
4458,178
4459,178
4460,178
4461,178
4462,178
4463,178
4464,178
4465,178
4466,178
4467,178
4468,178
4469,178
4470,178
4471,178
4472,178
4473,178
4474,178
4475,178
4476,178
4477,178
4478,178
4479,178
4480,178
4481,178
4482,178
4483,178
4484,178
4485,178
4486,178
4487,178
4488,178
4489,178
4490,178
4491,178
4492,178
4493,178
4494,178
4495,178
4496,178
4497,178
4498,178
4499,178
4500,178
4501,177
4502,178
4503,178
4504,178
4505,178
4506,178
4507,178
4508,177
4509,177
4510,177
4511,178
4512,178
4513,178
4514,178
4515,177
4516,178
4517,178
4518,178
4519,177
4520,177
4521,178
4522,177
4523,177
4524,177
4525,177
4526,177
4527,177
4528,177
4529,177
4530,177
4531,178
4532,178
4533,178
4534,178
4535,178
4536,178
4537,178
4538,178
4539,178
4540,178
4541,178
4542,178
4543,178
4544,178
4545,178
4546,178
4547,178
4548,178
4549,178
4550,178
4551,178
4552,178
4553,178
4554,178
4555,178
4556,178
4557,178
4558,178
4559,178
4560,178
4561,178
4562,178
4563,178
4564,178
4565,178
4566,178
4567,178
4568,178
4569,178
4570,178
4571,178
4572,178
4573,178
4574,178
4575,178
4576,178
4577,178
4578,178
4579,178
4580,178
4581,178
4582,178
4583,178
4584,178
4585,178
4586,178
4587,178
4588,178
4589,178
4590,178
4591,178
4592,178
4593,178
4594,178
4595,178
4596,178
4597,178
4598,178
4599,178
4600,178
4601,178
4602,178
4603,178
4604,178
4605,178
4606,178
4607,178
4608,178
4609,178
4610,178
4611,178
4612,178
4613,178
4614,178
4615,178
4616,178
4617,178
4618,178
4619,178
4620,178
4621,178
4622,178
4623,178
4624,178
4625,178
4626,178
4627,178
4628,178
4629,178
4630,178
4631,178
4632,178
4633,179
4634,179
4635,178
4636,178
4637,179
4638,179
4639,179
4640,179
4641,179
4642,179
4643,179
4644,179
4645,179
4646,179
4647,179
4648,179
4649,179
4650,179
4651,179
4652,179
4653,179
4654,179
4655,179
4656,179
4657,179
4658,178
4659,178
4660,179
4661,179
4662,179
4663,178
4664,178
4665,178
4666,178
4667,178
4668,178
4669,179
4670,179
4671,179
4672,179
4673,179
4674,179
4675,179
4676,179
4677,179
4678,180
4679,179
4680,180
4681,180
4682,180
4683,180
4684,180
4685,180
4686,180
4687,180
4688,180
4689,180
4690,180
4691,180
4692,180
4693,180
4694,180
4695,180
4696,180
4697,180
4698,179
4699,179
4700,180
4701,180
4702,180
4703,180
4704,180
4705,180
4706,180
4707,180
4708,180
4709,180
4710,180
4711,180
4712,180
4713,180
4714,180
4715,180
4716,180
4717,180
4718,180
4719,180
4720,180
4721,180
4722,180
4723,180
4724,180
4725,180
4726,180
4727,180
4728,180
4729,180
4730,180
4731,180
4732,180
4733,180
4734,180
4735,180
4736,180
4737,180
4738,180
4739,180
4740,180
4741,181
4742,181
4743,181
4744,181
4745,181
4746,181
4747,181
4748,181
4749,181
4750,180
4751,180
4752,180
4753,180
4754,180
4755,180
4756,180
4757,180
4758,180
4759,180
4760,180
4761,180
4762,180
4763,180
4764,180
4765,180
4766,180
4767,180
4768,180
4769,180
4770,180
4771,180
4772,180
4773,180
4774,180
4775,180
4776,180
4777,180
4778,180
4779,181
4780,181
4781,181
4782,181
4783,181
4784,181
4785,181
4786,181
4787,181
4788,181
4789,181
4790,181
4791,181
4792,181
4793,181
4794,181
4795,181
4796,181
4797,181
4798,181
4799,181
4800,181
4801,181
4802,181
4803,181
4804,181
4805,181
4806,181
4807,181
4808,181
4809,181
4810,181
4811,181
4812,181
4813,181
4814,181
4815,181
4816,181
4817,181
4818,181
4819,181
4820,181
4821,181
4822,181
4823,181
4824,181
4825,181
4826,181
4827,181
4828,181
4829,181
4830,181
4831,181
4832,181
4833,181
4834,182
4835,182
4836,182
4837,182
4838,182
4839,182
4840,182
4841,181
4842,181
4843,181
4844,181
4845,181
4846,181
4847,181
4848,181
4849,181
4850,181
4851,181
4852,181
4853,181
4854,181
4855,181
4856,181
4857,181
4858,181
4859,181
4860,181
4861,181
4862,181
4863,181
4864,181
4865,181
4866,181
4867,181
4868,181
4869,181
4870,181
4871,181
4872,181
4873,181
4874,181
4875,181
4876,181
4877,181
4878,181
4879,181
4880,181
4881,181
4882,181
4883,181
4884,181
4885,181
4886,181
4887,181
4888,181
4889,181
4890,181
4891,181
4892,181
4893,181
4894,181
4895,181
4896,181
4897,181
4898,181
4899,181
4900,181
4901,181
4902,181
4903,181
4904,181
4905,181
4906,181
4907,181
4908,181
4909,181
4910,181
4911,181
4912,181
4913,181
4914,181
4915,181
4916,181
4917,181
4918,181
4919,181
4920,181
4921,181
4922,181
4923,181
4924,181
4925,181
4926,181
4927,181
4928,181
4929,181
4930,181
4931,181
4932,181
4933,181
4934,181
4935,181
4936,181
4937,181
4938,181
4939,181
4940,181
4941,181
4942,181
4943,181
4944,181
4945,181
4946,181
4947,181
4948,181
4949,181
4950,181
4951,181
4952,181
4953,181
4954,181
4955,181
4956,181
4957,181
4958,181
4959,181
4960,181
4961,181
4962,181
4963,181
4964,181
4965,181
4966,181
4967,181
4968,181
4969,181
4970,181
4971,181
4972,181
4973,181
4974,181
4975,181
4976,181
4977,181
4978,181
4979,182
4980,182
4981,181
4982,181
4983,182
4984,182
4985,182
4986,182
4987,182
4988,182
4989,182
4990,182
4991,182
4992,182
4993,182
4994,182
4995,182
4996,182
4997,182
4998,182
4999,182
5000,182
5001,182
5002,182
5003,182
5004,182
5005,182
5006,182
5007,182
5008,182
5009,182
5010,182
5011,182
5012,182
5013,182
5014,182
5015,182
5016,182
5017,182
5018,182
5019,182
5020,182
5021,182
5022,182
5023,182
5024,182
5025,182
5026,182
5027,182
5028,182
5029,182
5030,182
5031,183
5032,182
5033,182
5034,182
5035,182
5036,182
5037,182
5038,182
5039,182
5040,182
5041,182
5042,183
5043,183
5044,183
5045,182
5046,182
5047,182
5048,182
5049,182
5050,183
5051,182
5052,182
5053,182
5054,182
5055,182
5056,182
5057,182
5058,182
5059,182
5060,182
5061,182
5062,182
5063,182
5064,182
5065,182
5066,182
5067,182
5068,182
5069,182
5070,182
5071,182
5072,182
5073,182
5074,182
5075,182
5076,182
5077,182
5078,182
5079,182
5080,182
5081,182
5082,182
5083,182
5084,182
5085,182
5086,182
5087,182
5088,182
5089,182
5090,182
5091,182
5092,182
5093,182
5094,182
5095,182
5096,182
5097,182
5098,182
5099,182
5100,182
5101,182
5102,182
5103,182
5104,182
5105,182
5106,182
5107,182
5108,182
5109,182
5110,182
5111,182
5112,182
5113,182
5114,182
5115,182
5116,182
5117,182
5118,182
5119,182
5120,182
5121,182
5122,182
5123,183
5124,183
5125,183
5126,183
5127,182
5128,182
5129,183
5130,182
5131,182
5132,182
5133,182
5134,182
5135,182
5136,182
5137,182
5138,182
5139,182
5140,183
5141,183
5142,183
5143,183
5144,183
5145,182
5146,182
5147,182
5148,182
5149,182
5150,182
5151,182
5152,182
5153,182
5154,183
5155,183
5156,183
5157,183
5158,183
5159,183
5160,183
5161,183
5162,183
5163,183
5164,183
5165,183
5166,183
5167,183
5168,183
5169,183
5170,183
5171,183
5172,183
5173,183
5174,183
5175,183
5176,183
5177,183
5178,183
5179,183
5180,183
5181,183
5182,183
5183,183
5184,183
5185,183
5186,183
5187,183
5188,183
5189,183
5190,183
5191,183
5192,183
5193,183
5194,183
5195,183
5196,183
5197,183
5198,183
5199,183
5200,183
5201,183
5202,183
5203,183
5204,183
5205,183
5206,183
5207,183
5208,183
5209,183
5210,183
5211,183
5212,183
5213,184
5214,183
5215,184
5216,184
5217,183
5218,183
5219,183
5220,183
5221,183
5222,183
5223,183
5224,183
5225,183
5226,183
5227,183
5228,183
5229,183
5230,184
5231,184
5232,184
5233,184
5234,184
5235,184
5236,184
5237,184
5238,184
5239,184
5240,184
5241,184
5242,184
5243,184
5244,184
5245,184
5246,183
5247,183
5248,183
5249,183
5250,184
5251,183
5252,183
5253,183
5254,183
5255,183
5256,183
5257,183
5258,183
5259,183
5260,183
5261,183
5262,183
5263,184
5264,183
5265,183
5266,184
5267,184
5268,184
5269,184
5270,184
5271,184
5272,184
5273,184
5274,184
5275,184
5276,184
5277,184
5278,184
5279,184
5280,184
5281,184
5282,184
5283,184
5284,184
5285,184
5286,184
5287,184
5288,184
5289,184
5290,184
5291,184
5292,184
5293,184
5294,184
5295,184
5296,184
5297,184
5298,184
5299,184
5300,184
5301,184
5302,184
5303,184
5304,184
5305,184
5306,184
5307,184
5308,184
5309,184
5310,184
5311,184
5312,184
5313,184
5314,184
5315,184
5316,184
5317,184
5318,184
5319,184
5320,184
5321,185
5322,185
5323,185
5324,185
5325,185
5326,184
5327,184
5328,184
5329,184
5330,184
5331,184
5332,184
5333,184
5334,184
5335,184
5336,184
5337,184
5338,184
5339,184
5340,184
5341,184
5342,184
5343,184
5344,184
5345,184
5346,184
5347,184
5348,184
5349,184
5350,184
5351,184
5352,185
5353,185
5354,185
5355,185
5356,185
5357,185
5358,185
5359,185
5360,185
5361,185
5362,185
5363,185
5364,185
5365,185
5366,185
5367,185
5368,185
5369,185
5370,185
5371,185
5372,185
5373,185
5374,185
5375,185
5376,185
5377,185
5378,185
5379,185
5380,185
5381,185
5382,185
5383,185
5384,185
5385,185
5386,185
5387,186
5388,185
5389,186
5390,185
5391,185
5392,185
5393,185
5394,185
5395,185
5396,185
5397,185
5398,185
5399,185
5400,185
5401,185
5402,185
5403,186
5404,185
5405,185
5406,185
5407,185
5408,185
5409,185
5410,185
5411,185
5412,185
5413,185
5414,185
5415,185
5416,185
5417,185
5418,185
5419,185
5420,185
5421,185
5422,185
5423,185
5424,185
5425,185
5426,185
5427,185
5428,185
5429,185
5430,185
5431,185
5432,184
5433,184
5434,184
5435,184
5436,184
5437,184
5438,184
5439,184
5440,184
5441,185
5442,185
5443,185
5444,185
5445,185
5446,185
5447,185
5448,185
5449,185
5450,185
5451,185
5452,185
5453,185
5454,185
5455,185
5456,185
5457,185
5458,185
5459,185
5460,185
5461,185
5462,185
5463,185
5464,185
5465,185
5466,185
5467,184
5468,184
5469,184
5470,185
5471,185
5472,185
5473,185
5474,185
5475,185
5476,185
5477,185
5478,185
5479,185
5480,185
5481,185
5482,185
5483,185
5484,185
5485,185
5486,185
5487,185
5488,185
5489,185
5490,185
5491,185
5492,185
5493,185
5494,185
5495,185
5496,185
5497,185
5498,185
5499,185
5500,185
5501,185
5502,185
5503,185
5504,185
5505,185
5506,185
5507,185
5508,185
5509,185
5510,185
5511,185
5512,185
5513,185
5514,185
5515,185
5516,185
5517,185
5518,185
5519,185
5520,185
5521,185
5522,185
5523,185
5524,185
5525,185
5526,185
5527,185
5528,185
5529,185
5530,185
5531,185
5532,185
5533,185
5534,185
5535,185
5536,185
5537,185
5538,185
5539,185
5540,185
5541,185
5542,185
5543,186
5544,186
5545,186
5546,186
5547,186
5548,186
5549,186
5550,186
5551,186
5552,186
5553,186
5554,186
5555,186
5556,186
5557,186
5558,186
5559,186
5560,186
5561,186
5562,186
5563,186
5564,186
5565,186
5566,186
5567,186
5568,186
5569,186
5570,186
5571,186
5572,186
5573,186
5574,186
5575,186
5576,186
5577,186
5578,186
5579,186
5580,186
5581,186
5582,186
5583,186
5584,186
5585,186
5586,186
5587,186
5588,186
5589,186
5590,186
5591,186
5592,186
5593,186
5594,186
5595,186
5596,186
5597,186
5598,186
5599,186
5600,186
5601,186
5602,186
5603,186
5604,186
5605,186
5606,186
5607,186
5608,186
5609,186
5610,186
5611,186
5612,186
5613,186
5614,186
5615,186
5616,186
5617,186
5618,186
5619,186
5620,186
5621,186
5622,186
5623,186
5624,186
5625,187
5626,187
5627,187
5628,187
5629,187
5630,187
5631,187
5632,187
5633,187
5634,187
5635,187
5636,187
5637,187
5638,187
5639,187
5640,187
5641,187
5642,187
5643,187
5644,187
5645,187
5646,187
5647,187
5648,187
5649,187
5650,187
5651,187
5652,187
5653,187
5654,186
5655,186
5656,186
5657,186
5658,186
5659,186
5660,186
5661,186
5662,186
5663,186
5664,186
5665,186
5666,186
5667,186
5668,186
5669,186
5670,186
5671,186
5672,186
5673,186
5674,187
5675,187
5676,187
5677,186
5678,186
5679,186
5680,186
5681,186
5682,186
5683,186
5684,186
5685,186
5686,186
5687,187
5688,187
5689,187
5690,187
5691,187
5692,187
5693,187
5694,187
5695,187
5696,187
5697,187
5698,187
5699,187
5700,187
5701,187
5702,187
5703,187
5704,187
5705,187
5706,187
5707,187
5708,187
5709,187
5710,187
5711,187
5712,187
5713,187
5714,187
5715,187
5716,187
5717,187
5718,187
5719,187
5720,187
5721,187
5722,187
5723,187
5724,187
5725,187
5726,187
5727,187
5728,187
5729,187
5730,187
5731,187
5732,187
5733,187
5734,187
5735,187
5736,187
5737,187
5738,187
5739,187
5740,188
5741,187
5742,187
5743,187
5744,187
5745,188
5746,188
5747,188
5748,188
5749,188
5750,188
5751,188
5752,188
5753,188
5754,188
5755,188
5756,188
5757,188
5758,188
5759,188
5760,188
5761,188
5762,188
5763,188
5764,188
5765,188
5766,188
5767,188
5768,188
5769,188
5770,188
5771,188
5772,188
5773,188
5774,188
5775,188
5776,188
5777,188
5778,188
5779,188
5780,188
5781,188
5782,188
5783,188
5784,188
5785,188
5786,188
5787,188
5788,188
5789,188
5790,188
5791,188
5792,188
5793,188
5794,188
5795,189
5796,189
5797,189
5798,189
5799,189
5800,189
5801,189
5802,189
5803,189
5804,189
5805,189
5806,189
5807,189
5808,189
5809,189
5810,189
5811,189
5812,189
5813,189
5814,189
5815,189
5816,189
5817,189
5818,189
5819,189
5820,189
5821,189
5822,189
5823,189
5824,189
5825,189
5826,189
5827,189
5828,189
5829,189
5830,189
5831,189
5832,189
5833,189
5834,189
5835,189
5836,189
5837,189
5838,189
5839,189
5840,189
5841,189
5842,189
5843,189
5844,189
5845,189
5846,189
5847,189
5848,189
5849,189
5850,189
5851,189
5852,189
5853,189
5854,189
5855,189
5856,189
5857,189
5858,189
5859,189
5860,189
5861,189
5862,189
5863,189
5864,189
5865,189
5866,189
5867,189
5868,189
5869,189
5870,189
5871,189
5872,189
5873,189
5874,189
5875,190
5876,190
5877,190
5878,189
5879,189
5880,189
5881,189
5882,189
5883,189
5884,189
5885,189
5886,189
5887,189
5888,189
5889,189
5890,189
5891,189
5892,189
5893,189
5894,189
5895,190
5896,189
5897,190
5898,190
5899,190
5900,190
5901,190
5902,190
5903,190
5904,190
5905,190
5906,190
5907,190
5908,190
5909,190
5910,190
5911,190
5912,190
5913,189
5914,189
5915,189
5916,190
5917,190
5918,190
5919,190
5920,190
5921,190
5922,190
5923,190
5924,190
5925,190
5926,190
5927,190
5928,190
5929,190
5930,190
5931,190
5932,190
5933,190
5934,190
5935,190
5936,190
5937,190
5938,190
5939,190
5940,190
5941,190
5942,190
5943,191
5944,191
5945,191
5946,191
5947,191
5948,191
5949,191
5950,191
5951,191
5952,191
5953,191
5954,191
5955,191
5956,191
5957,191
5958,191
5959,191
5960,191
5961,191
5962,191
5963,191
5964,191
5965,191
5966,191
5967,191
5968,191
5969,191
5970,191
5971,191
5972,191
5973,191
5974,191
5975,191
5976,191
5977,191
5978,191
5979,191
5980,191
5981,191
5982,191
5983,191
5984,191
5985,191
5986,191
5987,191
5988,192
5989,192
5990,191
5991,191
5992,191
5993,191
5994,191
5995,191
5996,191
5997,191
5998,191
5999,191
6000,191
6001,192
6002,191
6003,192
6004,191
6005,191
6006,192
6007,192
6008,192
6009,191
6010,192
6011,192
6012,192
6013,192
6014,192
6015,192
6016,192
6017,192
6018,192
6019,192
6020,192
6021,192
6022,192
6023,192
6024,192
6025,192
6026,192
6027,192
6028,192
6029,192
6030,192
6031,192
6032,192
6033,192
6034,192
6035,192
6036,192
6037,192
6038,192
6039,192
6040,192
6041,192
6042,192
6043,192
6044,192
6045,192
6046,192
6047,192
6048,193
6049,193
6050,192
6051,193
6052,193
6053,193
6054,193
6055,192
6056,192
6057,192
6058,192
6059,193
6060,193
6061,193
6062,193
6063,193
6064,193
6065,193
6066,193
6067,193
6068,192
6069,193
6070,193
6071,193
6072,193
6073,193
6074,193
6075,193
6076,193
6077,193
6078,193
6079,193
6080,193
6081,193
6082,193
6083,193
6084,193
6085,193
6086,193
6087,193
6088,193
6089,193
6090,193
6091,193
6092,193
6093,193
6094,193
6095,193
6096,193
6097,193
6098,193
6099,193
6100,193
6101,193
6102,192
6103,192
6104,192
6105,192
6106,192
6107,192
6108,192
6109,192
6110,192
6111,192
6112,192
6113,192
6114,192
6115,192
6116,192
6117,192
6118,192
6119,192
6120,192
6121,192
6122,192
6123,192
6124,192
6125,192
6126,192
6127,192
6128,192
6129,192
6130,192
6131,192
6132,192
6133,192
6134,191
6135,191
6136,192
6137,191
6138,191
6139,191
6140,191
6141,191
6142,191
6143,191
6144,191
6145,191
6146,191
6147,191
6148,191
6149,191
6150,191
6151,191
6152,191
6153,191
6154,191
6155,191
6156,191
6157,191
6158,191
6159,192
6160,192
6161,192
6162,192
6163,192
6164,192
6165,192
6166,192
6167,192
6168,192
6169,193
6170,193
6171,192
6172,192
6173,192
6174,192
6175,192
6176,193
6177,192
6178,192
6179,192
6180,192
6181,192
6182,192
6183,192
6184,192
6185,192
6186,192
6187,192
6188,192
6189,192
6190,192
6191,192
6192,192
6193,192
6194,192
6195,192
6196,192
6197,192
6198,192
6199,192
6200,192
6201,192
6202,192
6203,192
6204,192
6205,192
6206,192
6207,192
6208,192
6209,192
6210,192
6211,192
6212,191
6213,191
6214,191
6215,192
6216,191
6217,192
6218,191
6219,192
6220,192
6221,192
6222,192
6223,192
6224,192
6225,192
6226,192
6227,192
6228,191
6229,191
6230,192
6231,192
6232,192
6233,192
6234,191
6235,192
6236,191
6237,191
6238,191
6239,192
6240,192
6241,192
6242,192
6243,192
6244,192
6245,191
6246,192
6247,192
6248,191
6249,191
6250,191
6251,191
6252,192
6253,191
6254,191
6255,192
6256,192
6257,192
6258,192
6259,192
6260,192
6261,192
6262,192
6263,192
6264,192
6265,192
6266,192
6267,192
6268,192
6269,192
6270,192
6271,192
6272,192
6273,192
6274,192
6275,192
6276,192
6277,192
6278,192
6279,192
6280,192
6281,192
6282,192
6283,192
6284,192
6285,192
6286,192
6287,192
6288,192
6289,192
6290,192
6291,192
6292,192
6293,192
6294,192
6295,192
6296,192
6297,192
6298,192
6299,193
6300,193
6301,193
6302,193
6303,193
6304,193
6305,192
6306,192
6307,192
6308,192
6309,192
6310,192
6311,193
6312,193
6313,193
6314,193
6315,193
6316,193
6317,193
6318,193
6319,193
6320,193
6321,193
6322,193
6323,193
6324,193
6325,193
6326,193
6327,193
6328,193
6329,193
6330,193
6331,193
6332,193
6333,193
6334,193
6335,193
6336,193
6337,193
6338,193
6339,193
6340,193
6341,193
6342,193
6343,194
6344,194
6345,194
6346,194
6347,194
6348,194
6349,194
6350,194
6351,194
6352,194
6353,194
6354,194
6355,194
6356,194
6357,194
6358,194
6359,194
6360,194
6361,194
6362,194
6363,194
6364,194
6365,194
6366,194
6367,194
6368,194
6369,194
6370,194
6371,194
6372,194
6373,194
6374,194
6375,194
6376,194
6377,194
6378,194
6379,194
6380,194
6381,194
6382,194
6383,194
6384,194
6385,194
6386,194
6387,194
6388,194
6389,194
6390,194
6391,194
6392,194
6393,194
6394,194
6395,194
6396,195
6397,194
6398,195
6399,195
6400,195
6401,195
6402,195
6403,195
6404,195
6405,195
6406,195
6407,195
6408,194
6409,194
6410,195
6411,195
6412,195
6413,195
6414,195
6415,194
6416,195
6417,195
6418,195
6419,195
6420,195
6421,195
6422,195
6423,195
6424,195
6425,195
6426,195
6427,195
6428,195
6429,195
6430,195
6431,195
6432,195
6433,195
6434,195
6435,195
6436,195
6437,195
6438,195
6439,195
6440,195
6441,195
6442,195
6443,195
6444,195
6445,195
6446,195
6447,195
6448,195
6449,195
6450,195
6451,195
6452,195
6453,195
6454,195
6455,195
6456,195
6457,195
6458,195
6459,195
6460,196
6461,196
6462,196
6463,196
6464,196
6465,196
6466,196
6467,196
6468,196
6469,196
6470,196
6471,196
6472,196
6473,196
6474,196
6475,196
6476,196
6477,196
6478,196
6479,196
6480,196
6481,196
6482,196
6483,196
6484,196
6485,196
6486,196
6487,196
6488,196
6489,196
6490,196
6491,197
6492,196
6493,196
6494,196
6495,196
6496,197
6497,196
6498,196
6499,196
6500,196
6501,196
6502,197
6503,197
6504,197
6505,197
6506,197
6507,197
6508,197
6509,197
6510,197
6511,197
6512,197
6513,197
6514,197
6515,197
6516,197
6517,197
6518,197
6519,197
6520,197
6521,197
6522,197
6523,198
6524,198
6525,198
6526,198
6527,198
6528,198
6529,198
6530,198
6531,198
6532,198
6533,198
6534,198
6535,198
6536,198
6537,198
6538,198
6539,199
6540,198
6541,199
6542,199
6543,199
6544,198
6545,198
6546,199
6547,198
6548,198
6549,198
6550,198
6551,198
6552,198
6553,198
6554,198
6555,198
6556,198
6557,198
6558,198
6559,198
6560,198
6561,198
6562,198
6563,198
6564,198
6565,198
6566,198
6567,198
6568,198
6569,198
6570,198
6571,198
6572,198
6573,198
6574,198
6575,198
6576,198
6577,198
6578,198
6579,198
6580,198
6581,198
6582,198
6583,198
6584,198
6585,198
6586,198
6587,198
6588,198
6589,198
6590,198
6591,198
6592,199
6593,199
6594,199
6595,199
6596,199
6597,199
6598,199
6599,199
6600,199
6601,199
6602,199
6603,199
6604,199
6605,199
6606,199
6607,199
6608,199
6609,199
6610,199
6611,199
6612,199
6613,199
6614,199
6615,199
6616,199
6617,199
6618,199
6619,199
6620,199
6621,199
6622,199
6623,199
6624,199
6625,199
6626,199
6627,199
6628,199
6629,199
6630,199
6631,199
6632,199
6633,199
6634,199
6635,199
6636,199
6637,199
6638,199
6639,199
6640,199
6641,199
6642,199
6643,199
6644,199
6645,199
6646,199
6647,199
6648,199
6649,199
6650,199
6651,199
6652,199
6653,199
6654,199
6655,199
6656,199
6657,199
6658,199
6659,199
6660,199
6661,199
6662,199
6663,199
6664,199
6665,199
6666,199
6667,199
6668,199
6669,199
6670,199
6671,199
6672,199
6673,199
6674,199
6675,199
6676,199
6677,199
6678,199
6679,199
6680,199
6681,199
6682,199
6683,199
6684,199
6685,199
6686,199
6687,199
6688,199
6689,199
6690,199
6691,199
6692,199
6693,199
6694,199
6695,199
6696,199
6697,199
6698,199
6699,200
6700,199
6701,199
6702,199
6703,199
6704,199
6705,200
6706,200
6707,199
6708,199
6709,199
6710,199
6711,200
6712,200
6713,200
6714,200
6715,200
6716,200
6717,200
6718,199
6719,199
6720,199
6721,199
6722,199
6723,199
6724,199
6725,200
6726,200
6727,200
6728,200
6729,200
6730,200
6731,200
6732,200
6733,200
6734,200
6735,200
6736,200
6737,200
6738,200
6739,200
6740,200
6741,200
6742,200
6743,200
6744,200
6745,200
6746,200
6747,200
6748,200
6749,200
6750,200
6751,200
6752,200
6753,200
6754,200
6755,200
6756,200
6757,200
6758,200
6759,200
6760,201
6761,201
6762,201
6763,201
6764,201
6765,201
6766,201
6767,201
6768,201
6769,201
6770,201
6771,201
6772,201
6773,201
6774,201
6775,201
6776,201
6777,201
6778,201
6779,201
6780,200
6781,201
6782,201
6783,201
6784,201
6785,201
6786,201
6787,201
6788,201
6789,201
6790,201
6791,201
6792,201
6793,201
6794,201
6795,201
6796,201
6797,201
6798,201
6799,201
6800,201
6801,201
6802,201
6803,201
6804,201
6805,201
6806,201
6807,201
6808,201
6809,201
6810,201
6811,201
6812,201
6813,201
6814,201
6815,201
6816,201
6817,201
6818,201
6819,201
6820,201
6821,201
6822,201
6823,201
6824,201
6825,201
6826,201
6827,201
6828,201
6829,201
6830,201
6831,201
6832,201
6833,201
6834,201
6835,201
6836,201
6837,201
6838,201
6839,201
6840,201
6841,201
6842,201
6843,201
6844,201
6845,201
6846,201
6847,201
6848,202
6849,202
6850,202
6851,202
6852,202
6853,202
6854,202
6855,202
6856,202
6857,202
6858,202
6859,202
6860,202
6861,202
6862,202
6863,202
6864,202
6865,202
6866,202
6867,202
6868,202
6869,202
6870,202
6871,202
6872,202
6873,202
6874,202
6875,202
6876,202
6877,202
6878,202
6879,202
6880,202
6881,202
6882,202
6883,202
6884,202
6885,202
6886,202
6887,202
6888,202
6889,202
6890,202
6891,202
6892,203
6893,203
6894,203
6895,203
6896,203
6897,203
6898,203
6899,203
6900,203
6901,203
6902,203
6903,203
6904,203
6905,203
6906,203
6907,203
6908,203
6909,203
6910,203
6911,203
6912,203
6913,203
6914,203
6915,203
6916,203
6917,203
6918,203
6919,203
6920,203
6921,203
6922,203
6923,203
6924,203
6925,203
6926,203
6927,203
6928,203
6929,203
6930,203
6931,203
6932,203
6933,203
6934,203
6935,203
6936,203
6937,203
6938,203
6939,203
6940,203
6941,203
6942,203
6943,203
6944,203
6945,203
6946,203
6947,203
6948,203
6949,203
6950,203
6951,203
6952,203
6953,203
6954,203
6955,203
6956,203
6957,203
6958,203
6959,203
6960,203
6961,203
6962,203
6963,203
6964,203
6965,203
6966,203
6967,203
6968,203
6969,203
6970,203
6971,203
6972,203
6973,203
6974,203
6975,203
6976,203
6977,203
6978,203
6979,203
6980,203
6981,203
6982,203
6983,203
6984,203
6985,203
6986,203
6987,203
6988,203
6989,203
6990,203
6991,203
6992,203
6993,203
6994,203
6995,203
6996,203
6997,203
6998,203
6999,203
7000,203
7001,203
7002,203
7003,203
7004,203
7005,203
7006,203
7007,203
7008,204
7009,204
7010,204
7011,204
7012,204
7013,204
7014,204
7015,204
7016,204
7017,204
7018,204
7019,204
7020,204
7021,204
7022,204
7023,204
7024,204
7025,204
7026,204
7027,204
7028,205
7029,205
7030,205
7031,205
7032,205
7033,205
7034,205
7035,205
7036,205
7037,205
7038,205
7039,205
7040,205
7041,205
7042,205
7043,205
7044,205
7045,205
7046,205
7047,205
7048,205
7049,205
7050,205
7051,205
7052,205
7053,205
7054,205
7055,205
7056,205
7057,205
7058,205
7059,205
7060,205
7061,205
7062,205
7063,205
7064,204
7065,204
7066,204
7067,204
7068,204
7069,204
7070,204
7071,204
7072,204
7073,204
7074,205
7075,205
7076,205
7077,204
7078,205
7079,205
7080,205
7081,205
7082,205
7083,205
7084,205
7085,204
7086,204
7087,204
7088,204
7089,204
7090,204
7091,204
7092,204
7093,204
7094,205
7095,205
7096,205
7097,205
7098,205
7099,205
7100,205
7101,205
7102,204
7103,205
7104,205
7105,204
7106,205
7107,204
7108,204
7109,204
7110,204
7111,204
7112,204
7113,204
7114,204
7115,204
7116,204
7117,204
7118,204
7119,204
7120,204
7121,204
7122,204
7123,204
7124,204
7125,205
7126,205
7127,205
7128,205
7129,205
7130,205
7131,204
7132,205
7133,204
7134,204
7135,204
7136,204
7137,204
7138,204
7139,205
7140,205
7141,204
7142,204
7143,205
7144,204
7145,204
7146,205
7147,205
7148,204
7149,204
7150,205
7151,204
7152,204
7153,204
7154,204
7155,204
7156,204
7157,204
7158,204
7159,204
7160,204
7161,204
7162,204
7163,204
7164,204
7165,204
7166,204
7167,204
7168,204
7169,204
7170,204
7171,204
7172,204
7173,204
7174,204
7175,204
7176,204
7177,204
7178,204
7179,204
7180,204
7181,204
7182,204
7183,204
7184,204
7185,204
7186,204
7187,204
7188,204
7189,204
7190,204
7191,204
7192,204
7193,204
7194,204
7195,204
7196,204
7197,204
7198,204
7199,204
7200,204
7201,203
7202,204
7203,204
7204,204
7205,204
7206,204
7207,204
7208,204
7209,204
7210,204
7211,204
7212,204
7213,204
7214,204
7215,204
7216,204
7217,204
7218,204
7219,204
7220,204
7221,204
7222,204
7223,204
7224,204
7225,204
7226,204
7227,204
7228,204
7229,204
7230,204
7231,204
7232,204
7233,204
7234,204
7235,204
7236,204
7237,204
7238,204
7239,204
7240,204
7241,204
7242,204
7243,204
7244,203
7245,204
7246,204
7247,203
7248,203
7249,204
7250,204
7251,204
7252,204
7253,204
7254,204
7255,204
7256,204
7257,204
7258,204
7259,204
7260,203
7261,203
7262,203
7263,203
7264,203
7265,204
7266,204
7267,204
7268,204
7269,204
7270,204
7271,204
7272,204
7273,204
7274,204
7275,204
7276,204
7277,204
7278,204
7279,204
7280,204
7281,204
7282,204
7283,204
7284,204
7285,204
7286,204
7287,204
7288,204
7289,204
7290,204
7291,204
7292,204
7293,204
7294,204
7295,204
7296,204
7297,204
7298,204
7299,204
7300,204
7301,204
7302,204
7303,204
7304,203
7305,204
7306,204
7307,204
7308,204
7309,204
7310,204
7311,204
7312,204
7313,204
7314,204
7315,204
7316,204
7317,204
7318,204
7319,204
7320,204
7321,204
7322,204
7323,204
7324,204
7325,204
7326,204
7327,204
7328,204
7329,204
7330,204
7331,204
7332,204
7333,204
7334,204
7335,204
7336,204
7337,204
7338,204
7339,204
7340,204
7341,204
7342,204
7343,204
7344,204
7345,204
7346,204
7347,204
7348,204
7349,204
7350,204
7351,204
7352,204
7353,204
7354,204
7355,204
7356,204
7357,204
7358,204
7359,204
7360,203
7361,203
7362,203
7363,204
7364,204
7365,203
7366,203
7367,203
7368,203
7369,203
7370,203
7371,204
7372,203
7373,203
7374,203
7375,203
7376,203
7377,204
7378,204
7379,204
7380,203
7381,204
7382,204
7383,204
7384,204
7385,203
7386,203
7387,203
7388,203
7389,203
7390,203
7391,203
7392,203
7393,203
7394,203
7395,203
7396,203
7397,203
7398,203
7399,203
7400,203
7401,203
7402,203
7403,203
7404,203
7405,203
7406,203
7407,203
7408,203
7409,203
7410,203
7411,204
7412,204
7413,203
7414,203
7415,203
7416,203
7417,203
7418,203
7419,203
7420,203
7421,204
7422,204
7423,203
7424,204
7425,204
7426,204
7427,204
7428,204
7429,204
7430,204
7431,204
7432,204
7433,204
7434,204
7435,204
7436,204
7437,204
7438,204
7439,204
7440,204
7441,204
7442,204
7443,204
7444,204
7445,205
7446,205
7447,205
7448,205
7449,205
7450,205
7451,205
7452,205
7453,205
7454,205
7455,205
7456,205
7457,205
7458,205
7459,205
7460,205
7461,205
7462,205
7463,205
7464,205
7465,205
7466,205
7467,205
7468,205
7469,205
7470,205
7471,205
7472,205
7473,205
7474,205
7475,205
7476,205
7477,204
7478,204
7479,204
7480,204
7481,204
7482,204
7483,204
7484,204
7485,205
7486,205
7487,204
7488,204
7489,205
7490,205
7491,205
7492,205
7493,205
7494,205
7495,205
7496,205
7497,205
7498,205
7499,204
7500,205
7501,205
7502,205
7503,205
7504,205
7505,205
7506,205
7507,205
7508,205
7509,205
7510,205
7511,205
7512,205
7513,205
7514,205
7515,205
7516,205
7517,205
7518,205
7519,205
7520,205
7521,205
7522,205
7523,205
7524,205
7525,205
7526,205
7527,205
7528,205
7529,205
7530,205
7531,205
7532,205
7533,205
7534,205
7535,205
7536,205
7537,205
7538,205
7539,205
7540,205
7541,205
7542,205
7543,205
7544,205
7545,205
7546,205
7547,205
7548,205
7549,205
7550,205
7551,205
7552,205
7553,205
7554,205
7555,205
7556,205
7557,205
7558,205
7559,205
7560,205
7561,205
7562,205
7563,205
7564,205
7565,205
7566,205
7567,205
7568,205
7569,206
7570,206
7571,206
7572,205
7573,206
7574,205
7575,205
7576,205
7577,205
7578,205
7579,206
7580,206
7581,206
7582,206
7583,206
7584,206
7585,206
7586,206
7587,206
7588,206
7589,206
7590,206
7591,206
7592,206
7593,207
7594,207
7595,207
7596,207
7597,207
7598,207
7599,207
7600,207
7601,207
7602,207
7603,207
7604,207
7605,207
7606,207
7607,207
7608,207
7609,207
7610,207
7611,207
7612,207
7613,207
7614,207
7615,207
7616,207
7617,207
7618,207
7619,207
7620,207
7621,207
7622,207
7623,207
7624,207
7625,207
7626,207
7627,207
7628,207
7629,207
7630,207
7631,207
7632,207
7633,207
7634,207
7635,207
7636,207
7637,207
7638,207
7639,207
7640,207
7641,207
7642,207
7643,207
7644,207
7645,207
7646,207
7647,207
7648,207
7649,207
7650,207
7651,207
7652,207
7653,207
7654,207
7655,208
7656,208
7657,207
7658,207
7659,207
7660,207
7661,207
7662,207
7663,207
7664,207
7665,207
7666,207
7667,207
7668,207
7669,207
7670,207
7671,207
7672,207
7673,207
7674,207
7675,207
7676,207
7677,207
7678,207
7679,207
7680,207
7681,207
7682,207
7683,207
7684,207
7685,207
7686,207
7687,207
7688,207
7689,207
7690,207
7691,207
7692,207
7693,207
7694,207
7695,207
7696,207
7697,207
7698,207
7699,207
7700,207
7701,207
7702,207
7703,207
7704,207
7705,207
7706,207
7707,207
7708,207
7709,207
7710,207
7711,207
7712,207
7713,207
7714,207
7715,207
7716,207
7717,207
7718,207
7719,207
7720,207
7721,207
7722,207
7723,207
7724,207
7725,207
7726,207
7727,207
7728,207
7729,207
7730,207
7731,207
7732,207
7733,207
7734,207
7735,207
7736,207
7737,207
7738,207
7739,207
7740,207
7741,207
7742,207
7743,207
7744,208
7745,208
7746,208
7747,208
7748,208
7749,208
7750,208
7751,208
7752,207
7753,208
7754,208
7755,208
7756,207
7757,207
7758,207
7759,207
7760,207
7761,207
7762,207
7763,207
7764,207
7765,207
7766,207
7767,207
7768,207
7769,207
7770,207
7771,207
7772,207
7773,207
7774,207
7775,207
7776,207
7777,207
7778,207
7779,207
7780,207
7781,207
7782,207
7783,207
7784,207
7785,207
7786,207
7787,207
7788,208
7789,207
7790,207
7791,207
7792,207
7793,207
7794,207
7795,208
7796,208
7797,208
7798,208
7799,208
7800,208
7801,208
7802,208
7803,208
7804,208
7805,208
7806,208
7807,208
7808,208
7809,208
7810,208
7811,208
7812,208
7813,208
7814,207
7815,207
7816,207
7817,207
7818,207
7819,207
7820,207
7821,207
7822,207
7823,207
7824,207
7825,207
7826,207
7827,207
7828,207
7829,207
7830,207
7831,207
7832,207
7833,207
7834,207
7835,207
7836,207
7837,207
7838,207
7839,207
7840,207
7841,207
7842,207
7843,207
7844,207
7845,207
7846,207
7847,207
7848,207
7849,207
7850,207
7851,207
7852,207
7853,207
7854,207
7855,207
7856,207
7857,207
7858,207
7859,207
7860,207
7861,207
7862,207
7863,207
7864,207
7865,207
7866,207
7867,207
7868,207
7869,207
7870,207
7871,207
7872,207
7873,207
7874,207
7875,207
7876,207
7877,207
7878,207
7879,207
7880,207
7881,207
7882,207
7883,207
7884,207
7885,207
7886,207
7887,207
7888,207
7889,207
7890,207
7891,207
7892,207
7893,207
7894,207
7895,207
7896,207
7897,207
7898,207
7899,207
7900,207
7901,207
7902,207
7903,207
7904,207
7905,207
7906,207
7907,207
7908,207
7909,208
7910,208
7911,208
7912,208
7913,208
7914,208
7915,208
7916,208
7917,208
7918,208
7919,208
7920,208
7921,208
7922,208
7923,208
7924,208
7925,208
7926,208
7927,208
7928,208
7929,208
7930,208
7931,208
7932,208
7933,208
7934,208
7935,208
7936,208
7937,208
7938,208
7939,208
7940,208
7941,208
7942,208
7943,208
7944,208
7945,208
7946,208
7947,208
7948,208
7949,208
7950,208
7951,208
7952,208
7953,208
7954,208
7955,208
7956,208
7957,208
7958,208
7959,208
7960,208
7961,208
7962,208
7963,208
7964,208
7965,208
7966,208
7967,208
7968,208
7969,208
7970,208
7971,208
7972,208
7973,208
7974,208
7975,208
7976,208
7977,208
7978,208
7979,208
7980,209
7981,209
7982,209
7983,209
7984,209
7985,209
7986,209
7987,209
7988,209
7989,209
7990,209
7991,209
7992,209
7993,209
7994,209
7995,209
7996,209
7997,209
7998,209
7999,209
8000,209
8001,209
8002,209
8003,209
8004,209
8005,209
8006,209
8007,209
8008,209
8009,209
8010,209
8011,209
8012,209
8013,209
8014,209
8015,209
8016,209
8017,209
8018,209
8019,209
8020,208
8021,208
8022,208
8023,208
8024,208
8025,208
8026,208
8027,208
8028,208
8029,208
8030,208
8031,208
8032,208
8033,208
8034,208
8035,208
8036,208
8037,208
8038,208
8039,208
8040,208
8041,209
8042,209
8043,209
8044,209
8045,209
8046,209
8047,209
8048,208
8049,209
8050,208
8051,208
8052,208
8053,208
8054,208
8055,209
8056,209
8057,209
8058,209
8059,209
8060,208
8061,209
8062,208
8063,209
8064,209
8065,209
8066,209
8067,208
8068,208
8069,209
8070,209
8071,208
8072,208
8073,208
8074,208
8075,208
8076,208
8077,208
8078,208
8079,208
8080,208
8081,208
8082,208
8083,208
8084,208
8085,208
8086,208
8087,208
8088,208
8089,208
8090,208
8091,208
8092,208
8093,208
8094,208
8095,208
8096,208
8097,208
8098,208
8099,208
8100,208
8101,208
8102,208
8103,208
8104,208
8105,208
8106,208
8107,208
8108,208
8109,208
8110,208
8111,208
8112,209
8113,209
8114,209
8115,209
8116,209
8117,209
8118,209
8119,209
8120,209
8121,209
8122,209
8123,209
8124,209
8125,209
8126,209
8127,209
8128,209
8129,209
8130,209
8131,209
8132,209
8133,209
8134,209
8135,209
8136,209
8137,209
8138,209
8139,209
8140,209
8141,209
8142,209
8143,209
8144,209
8145,209
8146,209
8147,209
8148,209
8149,209
8150,210
8151,210
8152,210
8153,210
8154,210
8155,210
8156,210
8157,210
8158,210
8159,210
8160,210
8161,210
8162,210
8163,210
8164,210
8165,210
8166,210
8167,210
8168,210
8169,210
8170,210
8171,210
8172,210
8173,210
8174,210
8175,210
8176,210
8177,210
8178,210
8179,210
8180,210
8181,210
8182,210
8183,210
8184,210
8185,209
8186,209
8187,209
8188,209
8189,209
8190,209
8191,209
8192,209
8193,209
8194,209
8195,209
8196,209
8197,209
8198,209
8199,209
8200,209
8201,209
8202,209
8203,209
8204,209
8205,209
8206,209
8207,210
8208,210
8209,210
8210,210
8211,209
8212,209
8213,210
8214,210
8215,210
8216,210
8217,210
8218,210
8219,210
8220,210
8221,210
8222,210
8223,210
8224,210
8225,210
8226,210
8227,210
8228,210
8229,210
8230,210
8231,210
8232,210
8233,210
8234,210
8235,210
8236,210
8237,210
8238,210
8239,210
8240,210
8241,210
8242,210
8243,210
8244,210
8245,210
8246,210
8247,210
8248,210
8249,210
8250,210
8251,210
8252,210
8253,210
8254,210
8255,210
8256,210
8257,210
8258,210
8259,210
8260,210
8261,210
8262,210
8263,210
8264,210
8265,210
8266,210
8267,210
8268,210
8269,210
8270,210
8271,210
8272,210
8273,210
8274,210
8275,210
8276,210
8277,210
8278,210
8279,210
8280,210
8281,210
8282,210
8283,210
8284,210
8285,210
8286,210
8287,210
8288,210
8289,210
8290,210
8291,210
8292,210
8293,210
8294,210
8295,210
8296,210
8297,210
8298,210
8299,210
8300,210
8301,210
8302,210
8303,211
8304,210
8305,210
8306,210
8307,210
8308,210
8309,210
8310,210
8311,210
8312,210
8313,210
8314,210
8315,210
8316,210
8317,210
8318,210
8319,210
8320,210
8321,210
8322,210
8323,210
8324,210
8325,210
8326,210
8327,210
8328,210
8329,210
8330,210
8331,210
8332,210
8333,211
8334,210
8335,210
8336,210
8337,211
8338,211
8339,210
8340,210
8341,210
8342,210
8343,210
8344,210
8345,210
8346,211
8347,210
8348,210
8349,210
8350,210
8351,210
8352,210
8353,210
8354,210
8355,210
8356,210
8357,210
8358,210
8359,210
8360,210
8361,210
8362,210
8363,210
8364,210
8365,211
8366,211
8367,210
8368,211
8369,211
8370,211
8371,211
8372,211
8373,211
8374,211
8375,211
8376,211
8377,211
8378,211
8379,211
8380,211
8381,211
8382,211
8383,211
8384,211
8385,211
8386,211
8387,211
8388,211
8389,211
8390,211
8391,211
8392,211
8393,211
8394,211
8395,211
8396,211
8397,211
8398,211
8399,211
8400,211
8401,211
8402,211
8403,211
8404,211
8405,211
8406,211
8407,211
8408,211
8409,211
8410,211
8411,211
8412,211
8413,211
8414,211
8415,211
8416,211
8417,211
8418,211
8419,211
8420,211
8421,211
8422,211
8423,211
8424,211
8425,211
8426,211
8427,211
8428,211
8429,211
8430,211
8431,211
8432,211
8433,211
8434,211
8435,211
8436,211
8437,211
8438,211
8439,211
8440,211
8441,211
8442,211
8443,211
8444,211
8445,211
8446,211
8447,211
8448,211
8449,211
8450,211
8451,211
8452,211
8453,211
8454,211
8455,211
8456,211
8457,211
8458,211
8459,211
8460,211
8461,211
8462,212
8463,212
8464,212
8465,212
8466,212
8467,212
8468,212
8469,212
8470,212
8471,212
8472,212
8473,212
8474,212
8475,212
8476,212
8477,212
8478,212
8479,212
8480,212
8481,212
8482,212
8483,212
8484,212
8485,211
8486,211
8487,212
8488,212
8489,212
8490,212
8491,212
8492,212
8493,212
8494,212
8495,212
8496,212
8497,212
8498,212
8499,212
8500,212
8501,212
8502,212
8503,212
8504,212
8505,212
8506,212
8507,212
8508,212
8509,212
8510,212
8511,212
8512,212
8513,212
8514,212
8515,212
8516,212
8517,213
8518,213
8519,213
8520,213
8521,213
8522,213
8523,213
8524,213
8525,213
8526,213
8527,213
8528,213
8529,213
8530,213
8531,213
8532,213
8533,213
8534,213
8535,213
8536,213
8537,213
8538,213
8539,213
8540,213
8541,213
8542,213
8543,213
8544,213
8545,213
8546,213
8547,213
8548,213
8549,213
8550,213
8551,213
8552,213
8553,213
8554,213
8555,213
8556,213
8557,213
8558,213
8559,213
8560,212
8561,212
8562,212
8563,212
8564,213
8565,213
8566,213
8567,213
8568,213
8569,213
8570,213
8571,213
8572,213
8573,213
8574,213
8575,213
8576,213
8577,213
8578,213
8579,213
8580,213
8581,213
8582,213
8583,213
8584,213
8585,213
8586,214
8587,213
8588,213
8589,213
8590,213
8591,213
8592,213
8593,213
8594,213
8595,213
8596,214
8597,214
8598,214
8599,214
8600,214
8601,214
8602,214
8603,214
8604,214
8605,214
8606,214
8607,214
8608,214
8609,214
8610,213
8611,213
8612,213
8613,213
8614,213
8615,213
8616,213
8617,213
8618,213
8619,213
8620,214
8621,214
8622,213
8623,213
8624,214
8625,214
8626,214
8627,214
8628,214
8629,213
8630,214
8631,214
8632,214
8633,214
8634,214
8635,214
8636,214
8637,214
8638,214
8639,214
8640,213
8641,213
8642,213
8643,213
8644,213
8645,213
8646,213
8647,214
8648,214
8649,214
8650,214
8651,214
8652,214
8653,214
8654,214
8655,214
8656,214
8657,214
8658,214
8659,214
8660,214
8661,215
8662,214
8663,215
8664,215
8665,215
8666,214
8667,214
8668,215
8669,215
8670,215
8671,215
8672,215
8673,215
8674,215
8675,215
8676,215
8677,215
8678,215
8679,215
8680,215
8681,214
8682,215
8683,215
8684,215
8685,215
8686,215
8687,215
8688,214
8689,214
8690,214
8691,215
8692,214
8693,215
8694,215
8695,215
8696,215
8697,215
8698,215
8699,215
8700,215
8701,215
8702,214
8703,215
8704,215
8705,215
8706,215
8707,215
8708,215
8709,215
8710,215
8711,215
8712,215
8713,215
8714,215
8715,215
8716,215
8717,215
8718,215
8719,215
8720,215
8721,215
8722,215
8723,215
8724,215
8725,215
8726,215
8727,215
8728,215
8729,215
8730,215
8731,215
8732,215
8733,215
8734,215
8735,215
8736,215
8737,215
8738,215
8739,215
8740,215
8741,215
8742,215
8743,215
8744,215
8745,215
8746,215
8747,215
8748,215
8749,215
8750,215
8751,215
8752,215
8753,215
8754,215
8755,215
8756,215
8757,215
8758,215
8759,215
8760,215
8761,215
8762,215
8763,215
8764,215
8765,215
8766,215
8767,215
8768,215
8769,215
8770,215
8771,215
8772,215
8773,215
8774,215
8775,215
8776,215
8777,215
8778,215
8779,215
8780,215
8781,215
8782,215
8783,215
8784,215
8785,215
8786,215
8787,215
8788,215
8789,215
8790,215
8791,215
8792,215
8793,215
8794,215
8795,215
8796,215
8797,215
8798,215
8799,215
8800,215
8801,215
8802,215
8803,215
8804,215
8805,215
8806,215
8807,215
8808,215
8809,215
8810,215
8811,215
8812,215
8813,215
8814,215
8815,215
8816,215
8817,215
8818,215
8819,215
8820,215
8821,215
8822,215
8823,215
8824,215
8825,215
8826,215
8827,215
8828,215
8829,215
8830,215
8831,215
8832,215
8833,215
8834,215
8835,215
8836,215
8837,215
8838,215
8839,215
8840,215
8841,215
8842,215
8843,215
8844,215
8845,215
8846,215
8847,215
8848,215
8849,215
8850,215
8851,215
8852,215
8853,215
8854,216
8855,216
8856,216
8857,216
8858,216
8859,215
8860,215
8861,215
8862,215
8863,216
8864,215
8865,216
8866,215
8867,216
8868,216
8869,216
8870,216
8871,216
8872,216
8873,215
8874,216
8875,215
8876,215
8877,215
8878,215
8879,215
8880,216
8881,215
8882,216
8883,216
8884,215
8885,216
8886,215
8887,215
8888,216
8889,216
8890,215
8891,215
8892,215
8893,216
8894,215
8895,216
8896,216
8897,216
8898,216
8899,216
8900,216
8901,216
8902,216
8903,216
8904,216
8905,216
8906,216
8907,216
8908,216
8909,216
8910,216
8911,216
8912,216
8913,216
8914,216
8915,216
8916,216
8917,216
8918,216
8919,216
8920,216
8921,216
8922,215
8923,216
8924,215
8925,216
8926,215
8927,215
8928,215
8929,215
8930,215
8931,215
8932,215
8933,215
8934,215
8935,215
8936,215
8937,215
8938,215
8939,215
8940,215
8941,215
8942,215
8943,215
8944,215
8945,215
8946,215
8947,215
8948,215
8949,215
8950,215
8951,215
8952,215
8953,215
8954,215
8955,215
8956,215
8957,215
8958,215
8959,215
8960,215
8961,215
8962,215
8963,215
8964,215
8965,216
8966,216
8967,215
8968,216
8969,216
8970,216
8971,215
8972,215
8973,215
8974,216
8975,216
8976,216
8977,216
8978,216
8979,216
8980,216
8981,216
8982,216
8983,216
8984,216
8985,216
8986,216
8987,216
8988,216
8989,216
8990,216
8991,216
8992,216
8993,216
8994,216
8995,216
8996,216
8997,216
8998,216
8999,216
9000,216
9001,216
9002,216
9003,216
9004,216
9005,216
9006,216
9007,216
9008,216
9009,216
9010,216
9011,216
9012,216
9013,216
9014,216
9015,216
9016,216
9017,216
9018,216
9019,216
9020,216
9021,216
9022,216
9023,216
9024,216
9025,216
9026,216
9027,216
9028,216
9029,216
9030,216
9031,216
9032,216
9033,216
9034,216
9035,216
9036,216
9037,216
9038,216
9039,216
9040,216
9041,216
9042,216
9043,216
9044,216
9045,216
9046,216
9047,216
9048,216
9049,216
9050,216
9051,216
9052,216
9053,216
9054,216
9055,216
9056,216
9057,216
9058,216
9059,216
9060,216
9061,216
9062,216
9063,216
9064,216
9065,216
9066,216
9067,216
9068,216
9069,216
9070,216
9071,216
9072,216
9073,216
9074,216
9075,216
9076,216
9077,216
9078,216
9079,216
9080,216
9081,216
9082,216
9083,216
9084,216
9085,216
9086,216
9087,216
9088,216
9089,216
9090,216
9091,217
9092,217
9093,217
9094,216
9095,216
9096,216
9097,216
9098,216
9099,216
9100,217
9101,217
9102,216
9103,216
9104,217
9105,217
9106,217
9107,217
9108,217
9109,217
9110,217
9111,217
9112,217
9113,217
9114,217
9115,217
9116,217
9117,217
9118,217
9119,217
9120,217
9121,217
9122,217
9123,217
9124,217
9125,217
9126,217
9127,217
9128,217
9129,217
9130,217
9131,217
9132,217
9133,217
9134,217
9135,217
9136,217
9137,218
9138,217
9139,218
9140,218
9141,218
9142,217
9143,217
9144,217
9145,217
9146,217
9147,217
9148,217
9149,217
9150,217
9151,217
9152,217
9153,218
9154,218
9155,218
9156,218
9157,218
9158,218
9159,218
9160,218
9161,218
9162,218
9163,218
9164,218
9165,218
9166,218
9167,218
9168,218
9169,218
9170,218
9171,218
9172,218
9173,218
9174,218
9175,218
9176,218
9177,218
9178,218
9179,218
9180,218
9181,218
9182,218
9183,218
9184,219
9185,219
9186,219
9187,219
9188,219
9189,219
9190,219
9191,219
9192,219
9193,219
9194,219
9195,219
9196,219
9197,219
9198,219
9199,219
9200,219
9201,219
9202,219
9203,219
9204,219
9205,219
9206,219
9207,219
9208,219
9209,219
9210,219
9211,219
9212,219
9213,219
9214,219
9215,219
9216,219
9217,219
9218,219
9219,219
9220,218
9221,219
9222,219
9223,219
9224,219
9225,219
9226,219
9227,219
9228,219
9229,219
9230,219
9231,219
9232,219
9233,219
9234,219
9235,219
9236,219
9237,219
9238,219
9239,219
9240,219
9241,219
9242,219
9243,219
9244,219
9245,219
9246,219
9247,219
9248,219
9249,219
9250,219
9251,219
9252,219
9253,219
9254,219
9255,219
9256,219
9257,219
9258,219
9259,219
9260,219
9261,219
9262,219
9263,219
9264,219
9265,219
9266,219
9267,219
9268,219
9269,219
9270,219
9271,219
9272,219
9273,218
9274,219
9275,219
9276,218
9277,218
9278,218
9279,219
9280,218
9281,219
9282,219
9283,219
9284,219
9285,219
9286,219
9287,219
9288,219
9289,219
9290,219
9291,219
9292,219
9293,219
9294,219
9295,219
9296,219
9297,219
9298,219
9299,219
9300,219
9301,219
9302,219
9303,219
9304,219
9305,219
9306,219
9307,219
9308,220
9309,220
9310,219
9311,219
9312,219
9313,219
9314,219
9315,219
9316,219
9317,219
9318,219
9319,219
9320,219
9321,219
9322,219
9323,219
9324,219
9325,219
9326,219
9327,219
9328,219
9329,219
9330,219
9331,219
9332,219
9333,219
9334,219
9335,219
9336,219
9337,219
9338,219
9339,219
9340,220
9341,219
9342,219
9343,219
9344,219
9345,219
9346,219
9347,219
9348,219
9349,219
9350,219
9351,219
9352,219
9353,219
9354,219
9355,219
9356,219
9357,219
9358,219
9359,219
9360,219
9361,219
9362,219
9363,219
9364,219
9365,219
9366,219
9367,219
9368,219
9369,219
9370,219
9371,219
9372,219
9373,219
9374,219
9375,219
9376,219
9377,219
9378,219
9379,219
9380,219
9381,219
9382,219
9383,219
9384,219
9385,218
9386,218
9387,218
9388,219
9389,218
9390,219
9391,219
9392,219
9393,218
9394,218
9395,218
9396,218
9397,218
9398,218
9399,219
9400,219
9401,219
9402,219
9403,219
9404,219
9405,219
9406,219
9407,219
9408,219
9409,219
9410,219
9411,219
9412,219
9413,219
9414,219
9415,219
9416,219
9417,219
9418,219
9419,219
9420,219
9421,219
9422,219
9423,219
9424,219
9425,219
9426,219
9427,219
9428,219
9429,219
9430,219
9431,219
9432,219
9433,219
9434,219
9435,219
9436,219
9437,219
9438,219
9439,219
9440,219
9441,219
9442,219
9443,219
9444,219
9445,219
9446,219
9447,219
9448,219
9449,219
9450,219
9451,219
9452,219
9453,219
9454,219
9455,219
9456,219
9457,219
9458,219
9459,219
9460,219
9461,219
9462,219
9463,219
9464,219
9465,219
9466,219
9467,219
9468,219
9469,219
9470,219
9471,219
9472,219
9473,219
9474,219
9475,219
9476,219
9477,219
9478,219
9479,219
9480,219
9481,219
9482,219
9483,219
9484,219
9485,219
9486,219
9487,219
9488,219
9489,219
9490,219
9491,219
9492,219
9493,219
9494,219
9495,219
9496,219
9497,219
9498,219
9499,219
9500,219
9501,219
9502,219
9503,219
9504,219
9505,219
9506,219
9507,219
9508,219
9509,219
9510,219
9511,219
9512,219
9513,219
9514,219
9515,219
9516,219
9517,219
9518,219
9519,219
9520,219
9521,219
9522,219
9523,220
9524,220
9525,219
9526,220
9527,220
9528,220
9529,220
9530,220
9531,220
9532,220
9533,220
9534,220
9535,220
9536,220
9537,220
9538,220
9539,220
9540,220
9541,220
9542,220
9543,220
9544,220
9545,220
9546,220
9547,220
9548,220
9549,220
9550,220
9551,220
9552,220
9553,220
9554,220
9555,220
9556,220
9557,220
9558,220
9559,220
9560,220
9561,220
9562,220
9563,220
9564,220
9565,221
9566,221
9567,221
9568,220
9569,220
9570,220
9571,220
9572,220
9573,220
9574,220
9575,220
9576,220
9577,221
9578,221
9579,221
9580,221
9581,220
9582,221
9583,221
9584,221
9585,221
9586,221
9587,221
9588,221
9589,221
9590,221
9591,221
9592,221
9593,221
9594,221
9595,221
9596,221
9597,221
9598,221
9599,221
9600,221
9601,221
9602,221
9603,221
9604,221
9605,221
9606,221
9607,221
9608,221
9609,221
9610,221
9611,221
9612,221
9613,221
9614,221
9615,221
9616,221
9617,221
9618,221
9619,221
9620,221
9621,221
9622,221
9623,221
9624,221
9625,221
9626,221
9627,221
9628,221
9629,221
9630,221
9631,221
9632,221
9633,221
9634,221
9635,221
9636,221
9637,221
9638,221
9639,221
9640,221
9641,221
9642,221
9643,221
9644,221
9645,221
9646,221
9647,221
9648,221
9649,221
9650,221
9651,221
9652,221
9653,221
9654,221
9655,221
9656,221
9657,221
9658,221
9659,221
9660,221
9661,221
9662,221
9663,221
9664,221
9665,221
9666,221
9667,221
9668,221
9669,221
9670,221
9671,221
9672,221
9673,221
9674,221
9675,221
9676,221
9677,221
9678,221
9679,221
9680,221
9681,221
9682,221
9683,221
9684,221
9685,221
9686,221
9687,221
9688,221
9689,221
9690,221
9691,221
9692,221
9693,221
9694,221
9695,221
9696,221
9697,221
9698,221
9699,221
9700,221
9701,221
9702,221
9703,221
9704,221
9705,221
9706,221
9707,220
9708,220
9709,220
9710,221
9711,221
9712,221
9713,221
9714,221
9715,221
9716,221
9717,221
9718,221
9719,221
9720,221
9721,221
9722,221
9723,221
9724,221
9725,221
9726,221
9727,221
9728,221
9729,221
9730,221
9731,221
9732,221
9733,221
9734,221
9735,221
9736,221
9737,221
9738,221
9739,221
9740,221
9741,221
9742,221
9743,221
9744,221
9745,221
9746,221
9747,221
9748,221
9749,221
9750,221
9751,221
9752,221
9753,222
9754,222
9755,222
9756,222
9757,222
9758,222
9759,222
9760,222
9761,222
9762,222
9763,222
9764,221
9765,222
9766,221
9767,222
9768,222
9769,222
9770,222
9771,222
9772,222
9773,222
9774,222
9775,222
9776,222
9777,222
9778,221
9779,221
9780,221
9781,222
9782,222
9783,222
9784,222
9785,222
9786,222
9787,222
9788,222
9789,222
9790,222
9791,222
9792,222
9793,222
9794,222
9795,222
9796,222
9797,222
9798,222
9799,222
9800,222
9801,222
9802,221
9803,221
9804,221
9805,221
9806,221
9807,221
9808,221
9809,221
9810,221
9811,221
9812,221
9813,221
9814,221
9815,221
9816,221
9817,221
9818,221
9819,221
9820,222
9821,221
9822,221
9823,221
9824,221
9825,221
9826,221
9827,222
9828,221
9829,222
9830,221
9831,221
9832,222
9833,222
9834,222
9835,221
9836,221
9837,222
9838,221
9839,222
9840,222
9841,222
9842,222
9843,222
9844,222
9845,222
9846,222
9847,222
9848,222
9849,222
9850,222
9851,222
9852,222
9853,222
9854,222
9855,222
9856,222
9857,222
9858,222
9859,223
9860,223
9861,223
9862,223
9863,223
9864,223
9865,223
9866,223
9867,223
9868,222
9869,223
9870,223
9871,223
9872,223
9873,223
9874,223
9875,223
9876,223
9877,223
9878,223
9879,223
9880,223
9881,223
9882,222
9883,222
9884,222
9885,222
9886,222
9887,222
9888,222
9889,222
9890,222
9891,222
9892,222
9893,222
9894,222
9895,222
9896,222
9897,222
9898,222
9899,222
9900,222
9901,222
9902,222
9903,222
9904,222
9905,222
9906,222
9907,222
9908,222
9909,223
9910,223
9911,223
9912,223
9913,223
9914,223
9915,223
9916,223
9917,223
9918,223
9919,223
9920,223
9921,223
9922,223
9923,223
9924,223
9925,223
9926,223
9927,223
9928,223
9929,223
9930,223
9931,223
9932,223
9933,223
9934,223
9935,223
9936,223
9937,223
9938,223
9939,223
9940,223
9941,223
9942,223
9943,223
9944,223
9945,223
9946,223
9947,223
9948,223
9949,223
9950,223
9951,223
9952,223
9953,223
9954,223
9955,222
9956,222
9957,222
9958,222
9959,222
9960,222
9961,222
9962,222
9963,222
9964,222
9965,222
9966,223
9967,223
9968,222
9969,223
9970,223
9971,223
9972,223
9973,223
9974,223
9975,223
9976,223
9977,223
9978,223
9979,223
9980,223
9981,223
9982,223
9983,223
9984,223
9985,223
9986,223
9987,223
9988,223
9989,223
9990,223
9991,223
9992,223
9993,223
9994,223
9995,223
9996,223
9997,223
9998,223
9999,223
