0,149
1,149
2,149
3,149
4,150
5,150
6,149
7,150
8,149
9,150
10,150
11,150
12,150
13,150
14,150
15,150
16,150
17,150
18,150
19,150
20,150
21,150
22,150
23,150
24,150
25,150
26,150
27,150
28,150
29,150
30,150
31,150
32,150
33,150
34,150
35,150
36,150
37,150
38,150
39,150
40,150
41,150
42,150
43,150
44,150
45,150
46,150
47,150
48,150
49,150
50,150
51,150
52,150
53,150
54,150
55,150
56,150
57,150
58,150
59,150
60,150
61,150
62,150
63,150
64,150
65,150
66,150
67,150
68,150
69,150
70,150
71,150
72,150
73,150
74,150
75,150
76,150
77,150
78,150
79,150
80,150
81,150
82,150
83,150
84,150
85,150
86,150
87,150
88,150
89,150
90,150
91,150
92,150
93,150
94,150
95,150
96,150
97,150
98,150
99,150
100,150
101,150
102,150
103,150
104,150
105,150
106,150
107,150
108,150
109,150
110,150
111,150
112,150
113,150
114,150
115,150
116,150
117,150
118,150
119,150
120,150
121,150
122,150
123,150
124,150
125,150
126,151
127,151
128,151
129,151
130,151
131,151
132,151
133,151
134,151
135,151
136,151
137,151
138,151
139,151
140,151
141,151
142,151
143,151
144,151
145,151
146,151
147,151
148,151
149,151
150,151
151,151
152,151
153,151
154,151
155,151
156,151
157,151
158,151
159,151
160,151
161,151
162,151
163,151
164,151
165,151
166,151
167,151
168,151
169,151
170,151
171,151
172,151
173,151
174,151
175,151
176,151
177,151
178,151
179,151
180,151
181,151
182,151
183,151
184,151
185,151
186,151
187,151
188,151
189,151
190,151
191,151
192,151
193,151
194,151
195,151
196,151
197,151
198,151
199,151
200,151
201,151
202,151
203,151
204,151
205,151
206,151
207,151
208,151
209,151
210,151
211,151
212,151
213,151
214,151
215,151
216,151
217,151
218,151
219,151
220,151
221,151
222,151
223,151
224,151
225,151
226,151
227,151
228,151
229,151
230,151
231,151
232,151
233,151
234,151
235,151
236,151
237,151
238,151
239,151
240,151
241,151
242,151
243,151
244,151
245,151
246,151
247,151
248,151
249,151
250,151
251,151
252,151
253,151
254,151
255,152
256,152
257,152
258,152
259,152
260,152
261,152
262,152
263,152
264,152
265,152
266,152
267,152
268,152
269,152
270,152
271,152
272,152
273,152
274,152
275,152
276,152
277,152
278,152
279,152
280,152
281,152
282,152
283,152
284,152
285,152
286,152
287,152
288,152
289,152
290,152
291,152
292,152
293,152
294,152
295,152
296,152
297,152
298,152
299,152
300,152
301,152
302,152
303,152
304,152
305,152
306,152
307,152
308,152
309,152
310,152
311,152
312,152
313,152
314,152
315,152
316,152
317,152
318,152
319,152
320,152
321,152
322,152
323,152
324,152
325,152
326,152
327,153
328,153
329,153
330,153
331,153
332,153
333,153
334,153
335,153
336,153
337,153
338,153
339,153
340,153
341,153
342,153
343,153
344,153
345,153
346,153
347,153
348,153
349,153
350,153
351,153
352,153
353,153
354,153
355,153
356,153
357,153
358,153
359,153
360,153
361,153
362,153
363,153
364,153
365,153
366,153
367,153
368,153
369,153
370,153
371,153
372,153
373,153
374,153
375,153
376,153
377,153
378,153
379,153
380,153
381,153
382,153
383,153
384,153
385,153
386,153
387,153
388,153
389,153
390,153
391,153
392,153
393,154
394,153
395,153
396,153
397,154
398,154
399,154
400,154
401,154
402,154
403,154
404,153
405,154
406,154
407,154
408,154
409,154
410,154
411,154
412,154
413,154
414,154
415,154
416,154
417,154
418,154
419,154
420,154
421,154
422,154
423,154
424,154
425,154
426,154
427,154
428,154
429,154
430,154
431,154
432,154
433,154
434,154
435,154
436,154
437,154
438,154
439,154
440,154
441,154
442,154
443,154
444,154
445,154
446,154
447,154
448,154
449,154
450,154
451,154
452,154
453,154
454,154
455,154
456,154
457,154
458,154
459,154
460,154
461,154
462,154
463,154
464,154
465,154
466,154
467,154
468,154
469,154
470,154
471,154
472,154
473,154
474,154
475,154
476,154
477,154
478,154
479,154
480,154
481,154
482,154
483,154
484,154
485,154
486,154
487,154
488,154
489,154
490,154
491,154
492,154
493,154
494,154
495,154
496,154
497,154
498,154
499,154
500,154
501,154
502,154
503,154
504,154
505,154
506,154
507,154
508,154
509,154
510,154
511,154
512,154
513,154
514,154
515,154
516,154
517,154
518,154
519,154
520,154
521,154
522,154
523,154
524,154
525,154
526,154
527,154
528,154
529,154
530,154
531,154
532,154
533,154
534,154
535,154
536,155
537,155
538,155
539,155
540,155
541,155
542,155
543,155
544,155
545,155
546,155
547,155
548,155
549,155
550,155
551,155
552,155
553,155
554,155
555,155
556,155
557,155
558,155
559,155
560,155
561,155
562,155
563,155
564,155
565,155
566,155
567,155
568,155
569,155
570,155
571,155
572,155
573,155
574,155
575,155
576,155
577,155
578,155
579,155
580,155
581,155
582,155
583,155
584,155
585,155
586,155
587,155
588,155
589,155
590,155
591,155
592,155
593,155
594,155
595,155
596,155
597,155
598,155
599,155
600,155
601,155
602,155
603,155
604,155
605,155
606,155
607,155
608,155
609,155
610,155
611,155
612,155
613,155
614,155
615,155
616,155
617,155
618,155
619,155
620,155
621,155
622,155
623,155
624,155
625,155
626,155
627,155
628,155
629,155
630,155
631,155
632,155
633,155
634,155
635,155
636,155
637,155
638,155
639,155
640,155
641,156
642,156
643,156
644,155
645,156
646,156
647,156
648,156
649,156
650,156
651,156
652,156
653,156
654,156
655,156
656,156
657,156
658,156
659,156
660,156
661,156
662,156
663,156
664,156
665,156
666,156
667,156
668,156
669,156
670,156
671,156
672,156
673,156
674,156
675,156
676,156
677,156
678,156
679,156
680,156
681,156
682,156
683,156
684,156
685,156
686,156
687,156
688,156
689,156
690,156
691,156
692,156
693,156
694,156
695,156
696,156
697,156
698,156
699,156
700,156
701,156
702,156
703,156
704,156
705,156
706,156
707,156
708,156
709,156
710,156
711,156
712,156
713,156
714,156
715,156
716,156
717,156
718,156
719,156
720,156
721,156
722,156
723,156
724,156
725,156
726,156
727,156
728,156
729,156
730,156
731,156
732,156
733,156
734,156
735,156
736,156
737,156
738,156
739,156
740,156
741,156
742,156
743,156
744,156
745,156
746,157
747,157
748,156
749,157
750,156
751,157
752,157
753,157
754,157
755,157
756,157
757,157
758,157
759,157
760,157
761,157
762,157
763,157
764,157
765,157
766,157
767,157
768,157
769,157
770,157
771,157
772,157
773,157
774,157
775,157
776,157
777,157
778,157
779,157
780,157
781,157
782,157
783,157
784,157
785,157
786,157
787,157
788,157
789,157
790,157
791,157
792,157
793,157
794,157
795,157
796,157
797,157
798,157
799,157
800,157
801,157
802,157
803,157
804,158
805,158
806,158
807,158
808,158
809,158
810,158
811,158
812,158
813,158
814,158
815,158
816,158
817,158
818,158
819,158
820,158
821,158
822,158
823,158
824,158
825,158
826,158
827,158
828,158
829,158
830,158
831,158
832,158
833,158
834,158
835,158
836,158
837,158
838,158
839,158
840,158
841,158
842,158
843,158
844,158
845,158
846,158
847,158
848,158
849,158
850,158
851,158
852,158
853,158
854,158
855,158
856,158
857,158
858,158
859,158
860,158
861,158
862,158
863,158
864,158
865,158
866,158
867,158
868,158
869,158
870,158
871,158
872,158
873,158
874,158
875,158
876,158
877,158
878,158
879,158
880,158
881,158
882,158
883,158
884,158
885,158
886,158
887,158
888,158
889,158
890,158
891,158
892,158
893,158
894,158
895,158
896,158
897,158
898,158
899,158
900,158
901,158
902,158
903,158
904,158
905,158
906,158
907,158
908,158
909,158
910,159
911,158
912,159
913,159
914,159
915,159
916,159
917,159
918,159
919,159
920,159
921,159
922,159
923,159
924,159
925,159
926,159
927,159
928,159
929,159
930,159
931,159
932,159
933,159
934,159
935,159
936,159
937,159
938,159
939,159
940,159
941,159
942,159
943,159
944,159
945,159
946,159
947,159
948,159
949,159
950,159
951,159
952,159
953,159
954,159
955,159
956,159
957,159
958,159
959,159
960,159
961,159
962,159
963,159
964,159
965,159
966,159
967,159
968,160
969,160
970,160
971,160
972,160
973,160
974,160
975,160
976,160
977,160
978,160
979,160
980,160
981,160
982,160
983,160
984,160
985,160
986,160
987,160
988,160
989,160
990,160
991,160
992,160
993,160
994,160
995,160
996,160
997,160
998,160
999,160
1000,160
1001,160
1002,160
1003,160
1004,160
1005,160
1006,160
1007,160
1008,160
1009,160
1010,160
1011,160
1012,160
1013,160
1014,160
1015,160
1016,160
1017,160
1018,160
1019,160
1020,160
1021,160
1022,161
1023,161
1024,161
1025,161
1026,161
1027,161
1028,161
1029,161
1030,161
1031,161
1032,161
1033,161
1034,161
1035,161
1036,161
1037,161
1038,161
1039,161
1040,161
1041,161
1042,161
1043,161
1044,161
1045,161
1046,161
1047,161
1048,161
1049,161
1050,161
1051,161
1052,161
1053,161
1054,161
1055,161
1056,161
1057,161
1058,161
1059,161
1060,161
1061,161
1062,161
1063,161
1064,161
1065,161
1066,161
1067,161
1068,161
1069,161
1070,161
1071,161
1072,161
1073,161
1074,161
1075,161
1076,161
1077,161
1078,161
1079,161
1080,161
1081,161
1082,161
1083,161
1084,161
1085,161
1086,161
1087,161
1088,161
1089,161
1090,161
1091,161
1092,161
1093,161
1094,161
1095,161
1096,161
1097,161
1098,161
1099,161
1100,161
1101,161
1102,161
1103,161
1104,161
1105,161
1106,161
1107,162
1108,162
1109,162
1110,162
1111,162
1112,162
1113,162
1114,162
1115,162
1116,162
1117,162
1118,162
1119,162
1120,162
1121,162
1122,162
1123,162
1124,162
1125,162
1126,162
1127,162
1128,162
1129,162
1130,162
1131,162
1132,162
1133,162
1134,162
1135,162
1136,162
1137,162
1138,162
1139,162
1140,162
1141,162
1142,162
1143,162
1144,162
1145,162
1146,162
1147,162
1148,162
1149,162
1150,162
1151,162
1152,162
1153,162
1154,162
1155,162
1156,162
1157,162
1158,162
1159,162
1160,162
1161,162
1162,162
1163,162
1164,163
1165,163
1166,163
1167,163
1168,163
1169,163
1170,163
1171,163
1172,163
1173,163
1174,163
1175,163
1176,163
1177,163
1178,163
1179,163
1180,163
1181,163
1182,163
1183,163
1184,163
1185,163
1186,163
1187,163
1188,163
1189,163
1190,163
1191,163
1192,163
1193,163
1194,163
1195,163
1196,163
1197,163
1198,163
1199,163
1200,163
1201,163
1202,163
1203,163
1204,163
1205,163
1206,163
1207,163
1208,163
1209,163
1210,163
1211,163
1212,163
1213,163
1214,163
1215,163
1216,163
1217,163
1218,163
1219,163
1220,163
1221,163
1222,163
1223,163
1224,163
1225,163
1226,163
1227,163
1228,163
1229,163
1230,163
1231,163
1232,163
1233,163
1234,163
1235,163
1236,163
1237,163
1238,163
1239,163
1240,163
1241,163
1242,163
1243,163
1244,163
1245,163
1246,163
1247,163
1248,163
1249,163
1250,163
1251,163
1252,163
1253,163
1254,163
1255,163
1256,163
1257,163
1258,163
1259,163
1260,163
1261,163
1262,163
1263,163
1264,163
1265,163
1266,163
1267,163
1268,163
1269,163
1270,163
1271,163
1272,163
1273,163
1274,163
1275,163
1276,163
1277,164
1278,164
1279,164
1280,164
1281,164
1282,164
1283,164
1284,164
1285,164
1286,164
1287,164
1288,164
1289,164
1290,164
1291,164
1292,164
1293,164
1294,164
1295,164
1296,164
1297,164
1298,164
1299,164
1300,164
1301,164
1302,164
1303,164
1304,164
1305,164
1306,164
1307,164
1308,164
1309,164
1310,164
1311,164
1312,164
1313,164
1314,164
1315,164
1316,164
1317,164
1318,164
1319,164
1320,164
1321,164
1322,164
1323,164
1324,164
1325,164
1326,164
1327,164
1328,164
1329,164
1330,164
1331,164
1332,164
1333,164
1334,164
1335,164
1336,164
1337,164
1338,164
1339,164
1340,164
1341,164
1342,164
1343,164
1344,164
1345,164
1346,164
1347,164
1348,164
1349,164
1350,164
1351,164
1352,164
1353,164
1354,164
1355,165
1356,165
1357,164
1358,165
1359,164
1360,164
1361,165
1362,165
1363,165
1364,165
1365,165
1366,165
1367,165
1368,165
1369,165
1370,165
1371,165
1372,165
1373,165
1374,165
1375,165
1376,165
1377,165
1378,165
1379,165
1380,165
1381,165
1382,165
1383,165
1384,165
1385,165
1386,165
1387,165
1388,165
1389,165
1390,165
1391,165
1392,165
1393,165
1394,165
1395,165
1396,165
1397,165
1398,165
1399,165
1400,165
1401,165
1402,165
1403,165
1404,165
1405,165
1406,165
1407,165
1408,165
1409,165
1410,165
1411,165
1412,165
1413,165
1414,165
1415,165
1416,165
1417,165
1418,165
1419,165
1420,165
1421,166
1422,166
1423,166
1424,166
1425,166
1426,166
1427,166
1428,166
1429,166
1430,166
1431,166
1432,166
1433,166
1434,166
1435,166
1436,166
1437,166
1438,166
1439,166
1440,166
1441,166
1442,166
1443,166
1444,166
1445,166
1446,166
1447,166
1448,166
1449,166
1450,166
1451,166
1452,166
1453,166
1454,166
1455,166
1456,166
1457,166
1458,166
1459,166
1460,166
1461,166
1462,166
1463,166
1464,166
1465,166
1466,166
1467,166
1468,166
1469,166
1470,166
1471,166
1472,166
1473,166
1474,166
1475,166
1476,166
1477,167
1478,167
1479,167
1480,167
1481,167
1482,167
1483,167
1484,167
1485,167
1486,167
1487,167
1488,167
1489,167
1490,167
1491,167
1492,167
1493,167
1494,167
1495,167
1496,167
1497,167
1498,167
1499,167
1500,167
1501,167
1502,167
1503,167
1504,167
1505,167
1506,167
1507,167
1508,167
1509,167
1510,167
1511,167
1512,167
1513,167
1514,167
1515,167
1516,167
1517,167
1518,167
1519,167
1520,167
1521,167
1522,167
1523,167
1524,167
1525,167
1526,167
1527,167
1528,167
1529,167
1530,167
1531,167
1532,167
1533,167
1534,167
1535,167
1536,167
1537,167
1538,167
1539,167
1540,167
1541,167
1542,167
1543,167
1544,168
1545,167
1546,167
1547,167
1548,167
1549,168
1550,168
1551,168
1552,168
1553,168
1554,168
1555,168
1556,168
1557,168
1558,168
1559,168
1560,168
1561,168
1562,168
1563,168
1564,168
1565,168
1566,168
1567,168
1568,168
1569,168
1570,168
1571,168
1572,168
1573,168
1574,168
1575,168
1576,168
1577,168
1578,168
1579,168
1580,168
1581,168
1582,168
1583,168
1584,168
1585,168
1586,168
1587,168
1588,168
1589,168
1590,168
1591,168
1592,168
1593,168
1594,168
1595,168
1596,168
1597,169
1598,169
1599,169
1600,169
1601,169
1602,169
1603,169
1604,169
1605,169
1606,169
1607,169
1608,169
1609,169
1610,169
1611,169
1612,169
1613,169
1614,169
1615,169
1616,169
1617,169
1618,169
1619,169
1620,169
1621,169
1622,169
1623,169
1624,169
1625,169
1626,169
1627,169
1628,169
1629,169
1630,169
1631,169
1632,169
1633,169
1634,169
1635,169
1636,169
1637,169
1638,169
1639,169
1640,169
1641,169
1642,169
1643,169
1644,169
1645,169
1646,169
1647,169
1648,169
1649,169
1650,170
1651,170
1652,170
1653,170
1654,170
1655,170
1656,170
1657,170
1658,169
1659,169
1660,169
1661,169
1662,169
1663,169
1664,169
1665,169
1666,170
1667,170
1668,170
1669,170
1670,170
1671,170
1672,170
1673,170
1674,170
1675,170
1676,170
1677,170
1678,170
1679,170
1680,170
1681,170
1682,170
1683,170
1684,170
1685,170
1686,170
1687,170
1688,170
1689,170
1690,170
1691,170
1692,170
1693,170
1694,170
1695,170
1696,170
1697,170
1698,170
1699,170
1700,170
1701,170
1702,170
1703,170
1704,170
1705,170
1706,170
1707,170
1708,170
1709,170
1710,170
1711,170
1712,170
1713,170
1714,170
1715,170
1716,170
1717,170
1718,170
1719,170
1720,170
1721,170
1722,170
1723,170
1724,170
1725,170
1726,170
1727,170
1728,170
1729,170
1730,170
1731,170
1732,171
1733,171
1734,171
1735,171
1736,171
1737,171
1738,171
1739,171
1740,171
1741,171
1742,171
1743,171
1744,171
1745,171
1746,171
1747,171
1748,171
1749,171
1750,171
1751,171
1752,171
1753,171
1754,171
1755,171
1756,171
1757,171
1758,171
1759,171
1760,171
1761,171
1762,171
1763,171
1764,171
1765,171
1766,171
1767,171
1768,171
1769,171
1770,171
1771,171
1772,171
1773,171
1774,171
1775,171
1776,171
1777,171
1778,171
1779,172
1780,172
1781,172
1782,172
1783,172
1784,172
1785,172
1786,172
1787,172
1788,172
1789,172
1790,172
1791,172
1792,172
1793,172
1794,172
1795,172
1796,172
1797,172
1798,172
1799,172
1800,172
1801,172
1802,172
1803,172
1804,172
1805,172
1806,172
1807,172
1808,172
1809,172
1810,172
1811,172
1812,172
1813,172
1814,172
1815,172
1816,172
1817,172
1818,172
1819,172
1820,172
1821,172
1822,172
1823,172
1824,173
1825,173
1826,173
1827,173
1828,173
1829,173
1830,173
1831,173
1832,173
1833,173
1834,173
1835,173
1836,173
1837,173
1838,173
1839,173
1840,173
1841,173
1842,173
1843,173
1844,173
1845,173
1846,173
1847,173
1848,173
1849,173
1850,173
1851,173
1852,173
1853,173
1854,173
1855,173
1856,173
1857,173
1858,173
1859,173
1860,173
1861,173
1862,173
1863,173
1864,173
1865,173
1866,173
1867,173
1868,173
1869,173
1870,173
1871,173
1872,173
1873,173
1874,173
1875,173
1876,173
1877,173
1878,173
1879,173
1880,173
1881,174
1882,174
1883,174
1884,174
1885,174
1886,174
1887,174
1888,174
1889,174
1890,174
1891,174
1892,174
1893,174
1894,174
1895,174
1896,174
1897,174
1898,174
1899,174
1900,174
1901,174
1902,174
1903,174
1904,174
1905,174
1906,174
1907,174
1908,174
1909,174
1910,174
1911,174
1912,174
1913,174
1914,174
1915,174
1916,174
1917,174
1918,174
1919,174
1920,174
1921,174
1922,174
1923,174
1924,174
1925,174
1926,174
1927,174
1928,174
1929,174
1930,174
1931,174
1932,174
1933,174
1934,174
1935,174
1936,174
1937,174
1938,174
1939,174
1940,174
1941,174
1942,174
1943,174
1944,174
1945,174
1946,174
1947,174
1948,174
1949,174
1950,174
1951,174
1952,174
1953,174
1954,174
1955,174
1956,174
1957,174
1958,174
1959,174
1960,174
1961,174
1962,174
1963,175
1964,175
1965,175
1966,175
1967,175
1968,175
1969,175
1970,175
1971,175
1972,175
1973,175
1974,175
1975,175
1976,175
1977,175
1978,175
1979,175
1980,175
1981,175
1982,175
1983,175
1984,174
1985,175
1986,175
1987,175
1988,175
1989,175
1990,175
1991,175
1992,174
1993,174
1994,174
1995,174
1996,174
1997,174
1998,175
1999,175
2000,175
2001,175
2002,175
2003,175
2004,175
2005,175
2006,175
2007,175
2008,175
2009,175
2010,175
2011,175
2012,175
2013,175
2014,175
2015,175
2016,175
2017,175
2018,175
2019,175
2020,175
2021,175
2022,175
2023,175
2024,175
2025,175
2026,175
2027,175
2028,175
2029,175
2030,175
2031,175
2032,175
2033,175
2034,175
2035,175
2036,175
2037,175
2038,175
2039,175
2040,175
2041,175
2042,175
2043,175
2044,175
2045,175
2046,175
2047,175
2048,175
2049,175
2050,175
2051,175
2052,175
2053,175
2054,175
2055,175
2056,175
2057,175
2058,175
2059,175
2060,175
2061,175
2062,175
2063,175
2064,175
2065,175
2066,175
2067,176
2068,176
2069,176
2070,176
2071,176
2072,176
2073,176
2074,176
2075,176
2076,176
2077,176
2078,176
2079,176
2080,176
2081,176
2082,176
2083,176
2084,176
2085,176
2086,176
2087,176
2088,176
2089,176
2090,176
2091,176
2092,176
2093,176
2094,176
2095,176
2096,176
2097,176
2098,176
2099,176
2100,176
2101,176
2102,176
2103,176
2104,176
2105,176
2106,176
2107,176
2108,176
2109,176
2110,176
2111,176
2112,176
2113,176
2114,176
2115,176
2116,176
2117,176
2118,176
2119,176
2120,176
2121,176
2122,176
2123,176
2124,176
2125,176
2126,176
2127,176
2128,176
2129,176
2130,176
2131,176
2132,176
2133,176
2134,176
2135,176
2136,176
2137,176
2138,176
2139,176
2140,176
2141,176
2142,176
2143,176
2144,176
2145,176
2146,176
2147,176
2148,176
2149,176
2150,176
2151,176
2152,176
2153,176
2154,176
2155,176
2156,176
2157,176
2158,176
2159,176
2160,176
2161,176
2162,176
2163,176
2164,176
2165,176
2166,176
2167,177
2168,177
2169,177
2170,177
2171,177
2172,177
2173,177
2174,177
2175,177
2176,177
2177,177
2178,177
2179,177
2180,177
2181,177
2182,177
2183,177
2184,177
2185,177
2186,177
2187,177
2188,177
2189,177
2190,177
2191,177
2192,177
2193,177
2194,177
2195,177
2196,177
2197,177
2198,177
2199,177
2200,177
2201,177
2202,177
2203,177
2204,177
2205,177
2206,177
2207,177
2208,177
2209,177
2210,177
2211,177
2212,177
2213,177
2214,177
2215,177
2216,177
2217,177
2218,177
2219,177
2220,177
2221,177
2222,177
2223,177
2224,177
2225,177
2226,177
2227,177
2228,177
2229,177
2230,177
2231,177
2232,177
2233,177
2234,177
2235,177
2236,177
2237,177
2238,177
2239,177
2240,177
2241,178
2242,177
2243,178
2244,178
2245,178
2246,178
2247,178
2248,178
2249,178
2250,178
2251,178
2252,178
2253,178
2254,178
2255,178
2256,178
2257,178
2258,178
2259,178
2260,178
2261,178
2262,178
2263,178
2264,178
2265,178
2266,178
2267,178
2268,178
2269,178
2270,178
2271,178
2272,178
2273,178
2274,178
2275,178
2276,178
2277,178
2278,178
2279,178
2280,178
2281,178
2282,178
2283,178
2284,178
2285,178
2286,178
2287,178
2288,178
2289,178
2290,178
2291,178
2292,178
2293,178
2294,178
2295,178
2296,178
2297,178
2298,178
2299,178
2300,178
2301,178
2302,178
2303,178
2304,178
2305,178
2306,178
2307,178
2308,178
2309,178
2310,178
2311,178
2312,178
2313,178
2314,179
2315,178
2316,178
2317,178
2318,179
2319,179
2320,179
2321,179
2322,179
2323,179
2324,179
2325,179
2326,179
2327,179
2328,179
2329,179
2330,179
2331,179
2332,179
2333,179
2334,179
2335,179
2336,179
2337,179
2338,179
2339,179
2340,179
2341,179
2342,179
2343,179
2344,179
2345,179
2346,179
2347,179
2348,179
2349,179
2350,179
2351,179
2352,179
2353,179
2354,179
2355,179
2356,179
2357,179
2358,179
2359,179
2360,179
2361,179
2362,179
2363,179
2364,179
2365,179
2366,179
2367,179
2368,179
2369,179
2370,179
2371,179
2372,179
2373,179
2374,179
2375,179
2376,179
2377,179
2378,179
2379,179
2380,179
2381,179
2382,179
2383,179
2384,179
2385,179
2386,179
2387,179
2388,179
2389,179
2390,179
2391,179
2392,179
2393,179
2394,179
2395,179
2396,179
2397,179
2398,179
2399,179
2400,179
2401,179
2402,179
2403,179
2404,179
2405,180
2406,180
2407,180
2408,180
2409,180
2410,180
2411,179
2412,180
2413,180
2414,180
2415,180
2416,180
2417,180
2418,180
2419,179
2420,180
2421,180
2422,180
2423,180
2424,180
2425,180
2426,180
2427,180
2428,180
2429,180
2430,180
2431,180
2432,180
2433,180
2434,180
2435,180
2436,180
2437,180
2438,180
2439,180
2440,180
2441,180
2442,180
2443,180
2444,180
2445,180
2446,180
2447,180
2448,180
2449,180
2450,180
2451,180
2452,180
2453,180
2454,180
2455,180
2456,180
2457,180
2458,180
2459,180
2460,180
2461,180
2462,180
2463,180
2464,180
2465,180
2466,180
2467,180
2468,180
2469,180
2470,180
2471,180
2472,180
2473,180
2474,180
2475,180
2476,180
2477,180
2478,180
2479,180
2480,180
2481,180
2482,180
2483,180
2484,181
2485,181
2486,181
2487,181
2488,181
2489,181
2490,181
2491,181
2492,181
2493,181
2494,181
2495,181
2496,181
2497,181
2498,181
2499,181
2500,181
2501,181
2502,181
2503,181
2504,181
2505,181
2506,181
2507,181
2508,181
2509,181
2510,181
2511,181
2512,181
2513,181
2514,181
2515,181
2516,181
2517,181
2518,181
2519,181
2520,181
2521,181
2522,181
2523,181
2524,181
2525,181
2526,181
2527,181
2528,181
2529,181
2530,181
2531,181
2532,181
2533,181
2534,181
2535,181
2536,181
2537,181
2538,181
2539,181
2540,181
2541,182
2542,182
2543,182
2544,182
2545,181
2546,181
2547,182
2548,182
2549,182
2550,182
2551,182
2552,182
2553,182
2554,182
2555,182
2556,182
2557,182
2558,182
2559,182
2560,182
2561,182
2562,182
2563,182
2564,182
2565,182
2566,182
2567,182
2568,182
2569,182
2570,182
2571,182
2572,182
2573,182
2574,182
2575,182
2576,182
2577,182
2578,182
2579,182
2580,182
2581,182
2582,182
2583,182
2584,182
2585,182
2586,182
2587,182
2588,183
2589,183
2590,182
2591,182
2592,182
2593,182
2594,183
2595,183
2596,182
2597,183
2598,182
2599,183
2600,182
2601,182
2602,182
2603,182
2604,182
2605,182
2606,182
2607,183
2608,183
2609,183
2610,183
2611,183
2612,183
2613,183
2614,183
2615,183
2616,183
2617,183
2618,183
2619,183
2620,183
2621,183
2622,183
2623,183
2624,183
2625,183
2626,183
2627,183
2628,183
2629,183
2630,183
2631,183
2632,183
2633,183
2634,183
2635,183
2636,183
2637,183
2638,183
2639,183
2640,183
2641,183
2642,183
2643,183
2644,183
2645,183
2646,183
2647,183
2648,183
2649,183
2650,183
2651,183
2652,183
2653,183
2654,183
2655,183
2656,183
2657,183
2658,183
2659,183
2660,183
2661,183
2662,183
2663,183
2664,183
2665,183
2666,183
2667,183
2668,183
2669,183
2670,183
2671,183
2672,183
2673,183
2674,183
2675,183
2676,183
2677,183
2678,183
2679,183
2680,183
2681,183
2682,183
2683,183
2684,183
2685,183
2686,183
2687,183
2688,183
2689,183
2690,183
2691,183
2692,183
2693,183
2694,183
2695,183
2696,183
2697,183
2698,183
2699,183
2700,183
2701,183
2702,183
2703,183
2704,183
2705,183
2706,183
2707,183
2708,183
2709,183
2710,183
2711,183
2712,183
2713,183
2714,183
2715,183
2716,183
2717,183
2718,183
2719,183
2720,183
2721,183
2722,183
2723,183
2724,183
2725,183
2726,183
2727,183
2728,183
2729,183
2730,183
2731,183
2732,183
2733,183
2734,183
2735,183
2736,183
2737,183
2738,183
2739,183
2740,183
2741,183
2742,183
2743,183
2744,183
2745,183
2746,183
2747,183
2748,183
2749,183
2750,183
2751,183
2752,183
2753,183
2754,183
2755,183
2756,183
2757,183
2758,183
2759,183
2760,183
2761,183
2762,183
2763,183
2764,183
2765,183
2766,183
2767,184
2768,183
2769,183
2770,184
2771,184
2772,184
2773,184
2774,184
2775,184
2776,184
2777,184
2778,184
2779,184
2780,184
2781,184
2782,184
2783,184
2784,184
2785,184
2786,184
2787,184
2788,184
2789,184
2790,184
2791,184
2792,184
2793,184
2794,184
2795,184
2796,184
2797,184
2798,184
2799,184
2800,184
2801,184
2802,184
2803,184
2804,184
2805,184
2806,184
2807,184
2808,184
2809,184
2810,184
2811,184
2812,184
2813,184
2814,184
2815,184
2816,184
2817,184
2818,185
2819,185
2820,185
2821,185
2822,185
2823,185
2824,185
2825,185
2826,185
2827,185
2828,185
2829,185
2830,185
2831,185
2832,185
2833,185
2834,185
2835,185
2836,185
2837,185
2838,185
2839,185
2840,185
2841,185
2842,185
2843,185
2844,185
2845,185
2846,185
2847,185
2848,185
2849,185
2850,185
2851,185
2852,185
2853,185
2854,185
2855,185
2856,185
2857,185
2858,185
2859,185
2860,185
2861,185
2862,185
2863,185
2864,185
2865,185
2866,185
2867,185
2868,185
2869,185
2870,185
2871,185
2872,185
2873,186
2874,186
2875,186
2876,186
2877,186
2878,186
2879,186
2880,186
2881,186
2882,186
2883,186
2884,186
2885,186
2886,186
2887,186
2888,186
2889,186
2890,186
2891,186
2892,186
2893,186
2894,186
2895,186
2896,186
2897,186
2898,186
2899,186
2900,186
2901,186
2902,186
2903,186
2904,186
2905,186
2906,186
2907,186
2908,186
2909,186
2910,186
2911,186
2912,186
2913,186
2914,186
2915,186
2916,186
2917,186
2918,186
2919,186
2920,186
2921,186
2922,186
2923,186
2924,187
2925,187
2926,187
2927,187
2928,187
2929,187
2930,187
2931,187
2932,187
2933,187
2934,187
2935,187
2936,187
2937,187
2938,187
2939,187
2940,187
2941,187
2942,187
2943,187
2944,187
2945,187
2946,187
2947,187
2948,187
2949,187
2950,187
2951,187
2952,187
2953,187
2954,187
2955,187
2956,187
2957,187
2958,187
2959,187
2960,187
2961,187
2962,187
2963,187
2964,187
2965,187
2966,187
2967,187
2968,187
2969,187
2970,187
2971,187
2972,187
2973,187
2974,187
2975,187
2976,187
2977,187
2978,187
2979,187
2980,187
2981,187
2982,187
2983,187
2984,187
2985,187
2986,187
2987,187
2988,187
2989,187
2990,187
2991,187
2992,187
2993,187
2994,187
2995,187
2996,187
2997,187
2998,187
2999,187
3000,187
3001,187
3002,187
3003,187
3004,187
3005,187
3006,187
3007,187
3008,187
3009,187
3010,187
3011,187
3012,187
3013,187
3014,187
3015,187
3016,187
3017,187
3018,187
3019,187
3020,187
3021,187
3022,187
3023,187
3024,187
3025,187
3026,187
3027,187
3028,187
3029,187
3030,187
3031,187
3032,187
3033,187
3034,187
3035,187
3036,187
3037,187
3038,187
3039,187
3040,187
3041,187
3042,187
3043,188
3044,187
3045,187
3046,188
3047,188
3048,188
3049,188
3050,188
3051,188
3052,188
3053,188
3054,188
3055,188
3056,188
3057,188
3058,188
3059,188
3060,188
3061,188
3062,188
3063,188
3064,188
3065,188
3066,187
3067,187
3068,187
3069,188
3070,187
3071,188
3072,188
3073,188
3074,188
3075,188
3076,188
3077,188
3078,188
3079,188
3080,188
3081,188
3082,188
3083,188
3084,188
3085,188
3086,188
3087,188
3088,188
3089,188
3090,188
3091,188
3092,188
3093,188
3094,188
3095,188
3096,188
3097,188
3098,188
3099,188
3100,188
3101,188
3102,188
3103,188
3104,188
3105,188
3106,188
3107,188
3108,189
3109,189
3110,189
3111,189
3112,189
3113,189
3114,189
3115,189
3116,189
3117,189
3118,189
3119,189
3120,189
3121,189
3122,189
3123,189
3124,189
3125,189
3126,189
3127,189
3128,189
3129,189
3130,189
3131,189
3132,189
3133,189
3134,189
3135,189
3136,189
3137,189
3138,189
3139,189
3140,189
3141,189
3142,189
3143,189
3144,189
3145,189
3146,189
3147,189
3148,189
3149,189
3150,189
3151,189
3152,189
3153,189
3154,189
3155,189
3156,189
3157,189
3158,189
3159,189
3160,189
3161,189
3162,189
3163,189
3164,189
3165,189
3166,189
3167,189
3168,189
3169,189
3170,189
3171,189
3172,189
3173,189
3174,189
3175,189
3176,189
3177,189
3178,189
3179,189
3180,189
3181,189
3182,189
3183,189
3184,189
3185,189
3186,189
3187,189
3188,189
3189,189
3190,189
3191,189
3192,189
3193,189
3194,189
3195,189
3196,189
3197,189
3198,189
3199,189
3200,189
3201,189
3202,189
3203,189
3204,189
3205,189
3206,189
3207,189
3208,189
3209,189
3210,189
3211,189
3212,189
3213,189
3214,189
3215,189
3216,189
3217,190
3218,190
3219,190
3220,190
3221,190
3222,190
3223,190
3224,190
3225,190
3226,190
3227,190
3228,190
3229,190
3230,190
3231,190
3232,190
3233,190
3234,190
3235,190
3236,190
3237,190
3238,190
3239,190
3240,190
3241,190
3242,190
3243,190
3244,190
3245,190
3246,190
3247,190
3248,190
3249,190
3250,190
3251,190
3252,190
3253,190
3254,190
3255,190
3256,190
3257,190
3258,190
3259,190
3260,190
3261,190
3262,190
3263,190
3264,190
3265,190
3266,190
3267,190
3268,190
3269,190
3270,190
3271,190
3272,190
3273,190
3274,190
3275,190
3276,190
3277,190
3278,190
3279,190
3280,190
3281,190
3282,190
3283,190
3284,190
3285,190
3286,190
3287,190
3288,190
3289,191
3290,191
3291,191
3292,191
3293,191
3294,191
3295,191
3296,191
3297,191
3298,191
3299,191
3300,191
3301,191
3302,191
3303,191
3304,191
3305,191
3306,191
3307,191
3308,191
3309,191
3310,191
3311,191
3312,191
3313,191
3314,191
3315,191
3316,191
3317,191
3318,191
3319,191
3320,191
3321,191
3322,191
3323,191
3324,191
3325,191
3326,191
3327,191
3328,191
3329,191
3330,191
3331,191
3332,191
3333,191
3334,191
3335,191
3336,191
3337,191
3338,191
3339,191
3340,191
3341,191
3342,191
3343,191
3344,191
3345,191
3346,191
3347,191
3348,191
3349,191
3350,191
3351,191
3352,191
3353,191
3354,191
3355,191
3356,191
3357,191
3358,191
3359,191
3360,191
3361,191
3362,191
3363,191
3364,191
3365,191
3366,191
3367,191
3368,191
3369,191
3370,191
3371,191
3372,191
3373,191
3374,191
3375,191
3376,191
3377,191
3378,191
3379,191
3380,191
3381,191
3382,191
3383,191
3384,191
3385,191
3386,191
3387,191
3388,191
3389,191
3390,191
3391,191
3392,191
3393,191
3394,191
3395,191
3396,191
3397,191
3398,191
3399,191
3400,191
3401,191
3402,191
3403,191
3404,191
3405,191
3406,191
3407,191
3408,191
3409,191
3410,191
3411,191
3412,191
3413,191
3414,191
3415,191
3416,191
3417,191
3418,191
3419,191
3420,191
3421,191
3422,191
3423,191
3424,191
3425,191
3426,191
3427,191
3428,191
3429,191
3430,191
3431,191
3432,191
3433,191
3434,191
3435,191
3436,191
3437,191
3438,191
3439,191
3440,191
3441,192
3442,191
3443,192
3444,192
3445,192
3446,192
3447,192
3448,192
3449,192
3450,192
3451,192
3452,192
3453,192
3454,192
3455,192
3456,192
3457,192
3458,192
3459,192
3460,192
3461,192
3462,192
3463,192
3464,192
3465,192
3466,192
3467,192
3468,192
3469,192
3470,192
3471,192
3472,192
3473,192
3474,192
3475,192
3476,192
3477,192
3478,192
3479,192
3480,192
3481,192
3482,192
3483,192
3484,192
3485,192
3486,192
3487,192
3488,192
3489,192
3490,192
3491,192
3492,192
3493,192
3494,192
3495,192
3496,192
3497,192
3498,192
3499,192
3500,192
3501,192
3502,192
3503,192
3504,192
3505,192
3506,192
3507,192
3508,192
3509,192
3510,192
3511,192
3512,192
3513,192
3514,192
3515,192
3516,192
3517,192
3518,192
3519,192
3520,192
3521,192
3522,192
3523,192
3524,192
3525,192
3526,192
3527,192
3528,192
3529,192
3530,192
3531,192
3532,192
3533,192
3534,192
3535,192
3536,192
3537,192
3538,192
3539,192
3540,192
3541,192
3542,192
3543,192
3544,192
3545,192
3546,192
3547,192
3548,192
3549,192
3550,192
3551,192
3552,192
3553,192
3554,192
3555,193
3556,193
3557,193
3558,192
3559,193
3560,193
3561,193
3562,192
3563,192
3564,193
3565,193
3566,193
3567,193
3568,193
3569,193
3570,193
3571,193
3572,193
3573,193
3574,193
3575,193
3576,193
3577,193
3578,193
3579,193
3580,193
3581,193
3582,193
3583,193
3584,193
3585,193
3586,193
3587,193
3588,193
3589,193
3590,193
3591,193
3592,193
3593,193
3594,193
3595,193
3596,193
3597,193
3598,193
3599,193
3600,193
3601,193
3602,193
3603,193
3604,193
3605,193
3606,193
3607,193
3608,193
3609,194
3610,194
3611,194
3612,194
3613,194
3614,194
3615,194
3616,194
3617,194
3618,194
3619,194
3620,194
3621,194
3622,194
3623,194
3624,194
3625,194
3626,194
3627,194
3628,194
3629,194
3630,194
3631,194
3632,194
3633,194
3634,194
3635,194
3636,194
3637,194
3638,194
3639,194
3640,194
3641,194
3642,194
3643,194
3644,194
3645,194
3646,194
3647,194
3648,194
3649,194
3650,194
3651,194
3652,194
3653,194
3654,194
3655,194
3656,194
3657,194
3658,194
3659,194
3660,194
3661,194
3662,194
3663,194
3664,194
3665,194
3666,194
3667,194
3668,194
3669,194
3670,194
3671,194
3672,194
3673,194
3674,194
3675,194
3676,194
3677,194
3678,194
3679,194
3680,194
3681,194
3682,194
3683,194
3684,194
3685,194
3686,194
3687,194
3688,194
3689,194
3690,194
3691,194
3692,194
3693,194
3694,194
3695,194
3696,194
3697,194
3698,194
3699,194
3700,194
3701,194
3702,194
3703,194
3704,194
3705,194
3706,194
3707,194
3708,194
3709,194
3710,194
3711,194
3712,194
3713,194
3714,194
3715,194
3716,194
3717,194
3718,194
3719,194
3720,195
3721,195
3722,195
3723,195
3724,195
3725,195
3726,195
3727,195
3728,195
3729,195
3730,195
3731,195
3732,195
3733,195
3734,195
3735,195
3736,195
3737,195
3738,195
3739,195
3740,195
3741,195
3742,195
3743,195
3744,195
3745,195
3746,195
3747,195
3748,195
3749,195
3750,195
3751,195
3752,195
3753,195
3754,195
3755,195
3756,195
3757,195
3758,195
3759,195
3760,195
3761,195
3762,195
3763,195
3764,195
3765,195
3766,195
3767,195
3768,195
3769,195
3770,195
3771,195
3772,195
3773,195
3774,195
3775,195
3776,195
3777,195
3778,195
3779,195
3780,195
3781,195
3782,195
3783,195
3784,195
3785,195
3786,195
3787,195
3788,195
3789,195
3790,195
3791,195
3792,195
3793,195
3794,196
3795,196
3796,196
3797,196
3798,196
3799,196
3800,196
3801,196
3802,196
3803,196
3804,196
3805,196
3806,196
3807,196
3808,196
3809,196
3810,196
3811,196
3812,196
3813,196
3814,196
3815,196
3816,196
3817,196
3818,196
3819,196
3820,196
3821,196
3822,196
3823,196
3824,196
3825,196
3826,196
3827,196
3828,196
3829,196
3830,196
3831,196
3832,196
3833,196
3834,196
3835,196
3836,196
3837,196
3838,196
3839,196
3840,196
3841,196
3842,196
3843,196
3844,196
3845,196
3846,196
3847,196
3848,196
3849,196
3850,196
3851,196
3852,196
3853,196
3854,196
3855,196
3856,196
3857,196
3858,196
3859,196
3860,197
3861,197
3862,197
3863,197
3864,197
3865,197
3866,197
3867,197
3868,197
3869,197
3870,197
3871,197
3872,197
3873,197
3874,197
3875,197
3876,197
3877,197
3878,197
3879,197
3880,197
3881,197
3882,197
3883,197
3884,197
3885,197
3886,197
3887,197
3888,197
3889,197
3890,197
3891,197
3892,197
3893,197
3894,197
3895,197
3896,197
3897,197
3898,197
3899,197
3900,197
3901,197
3902,197
3903,197
3904,197
3905,197
3906,197
3907,197
3908,197
3909,197
3910,197
3911,197
3912,197
3913,197
3914,197
3915,197
3916,197
3917,197
3918,197
3919,197
3920,197
3921,197
3922,197
3923,197
3924,197
3925,197
3926,197
3927,197
3928,197
3929,197
3930,197
3931,197
3932,197
3933,197
3934,197
3935,197
3936,197
3937,197
3938,197
3939,197
3940,197
3941,197
3942,197
3943,197
3944,197
3945,197
3946,197
3947,197
3948,197
3949,197
3950,197
3951,197
3952,197
3953,197
3954,197
3955,197
3956,197
3957,197
3958,197
3959,197
3960,197
3961,197
3962,197
3963,197
3964,197
3965,197
3966,197
3967,197
3968,197
3969,197
3970,197
3971,197
3972,197
3973,198
3974,198
3975,198
3976,198
3977,198
3978,198
3979,198
3980,197
3981,197
3982,197
3983,197
3984,197
3985,197
3986,197
3987,197
3988,197
3989,197
3990,197
3991,197
3992,198
3993,198
3994,198
3995,198
3996,198
3997,198
3998,198
3999,198
4000,198
4001,198
4002,198
4003,198
4004,198
4005,198
4006,198
4007,198
4008,198
4009,198
4010,198
4011,198
4012,198
4013,198
4014,198
4015,198
4016,198
4017,198
4018,198
4019,198
4020,198
4021,198
4022,198
4023,198
4024,198
4025,198
4026,198
4027,198
4028,198
4029,198
4030,198
4031,198
4032,198
4033,198
4034,198
4035,198
4036,198
4037,198
4038,198
4039,198
4040,198
4041,198
4042,198
4043,198
4044,198
4045,198
4046,198
4047,198
4048,198
4049,198
4050,198
4051,198
4052,198
4053,198
4054,199
4055,199
4056,199
4057,198
4058,198
4059,198
4060,198
4061,199
4062,199
4063,199
4064,199
4065,199
4066,199
4067,199
4068,199
4069,199
4070,199
4071,199
4072,199
4073,199
4074,199
4075,199
4076,199
4077,199
4078,199
4079,199
4080,199
4081,199
4082,199
4083,199
4084,199
4085,199
4086,199
4087,199
4088,199
4089,199
4090,199
4091,199
4092,199
4093,199
4094,199
4095,199
4096,199
4097,199
4098,199
4099,199
4100,199
4101,199
4102,199
4103,199
4104,199
4105,199
4106,199
4107,199
4108,199
4109,199
4110,199
4111,199
4112,199
4113,199
4114,199
4115,199
4116,199
4117,199
4118,199
4119,199
4120,199
4121,199
4122,199
4123,199
4124,199
4125,199
4126,199
4127,199
4128,199
4129,199
4130,199
4131,199
4132,199
4133,199
4134,199
4135,199
4136,199
4137,199
4138,200
4139,200
4140,199
4141,199
4142,199
4143,199
4144,200
4145,200
4146,199
4147,199
4148,199
4149,199
4150,200
4151,200
4152,200
4153,199
4154,199
4155,200
4156,200
4157,200
4158,200
4159,200
4160,200
4161,200
4162,200
4163,200
4164,200
4165,200
4166,200
4167,200
4168,200
4169,200
4170,200
4171,200
4172,200
4173,200
4174,200
4175,200
4176,200
4177,200
4178,200
4179,200
4180,200
4181,200
4182,200
4183,200
4184,200
4185,200
4186,200
4187,200
4188,200
4189,200
4190,200
4191,200
4192,200
4193,200
4194,200
4195,200
4196,200
4197,200
4198,200
4199,200
4200,200
4201,200
4202,200
4203,200
4204,200
4205,200
4206,200
4207,200
4208,200
4209,200
4210,200
4211,200
4212,200
4213,200
4214,200
4215,200
4216,200
4217,200
4218,200
4219,200
4220,200
4221,200
4222,200
4223,200
4224,200
4225,200
4226,200
4227,200
4228,200
4229,200
4230,200
4231,200
4232,200
4233,200
4234,200
4235,200
4236,200
4237,200
4238,200
4239,200
4240,200
4241,200
4242,200
4243,200
4244,200
4245,200
4246,200
4247,200
4248,200
4249,200
4250,200
4251,200
4252,200
4253,200
4254,201
4255,201
4256,201
4257,201
4258,201
4259,201
4260,201
4261,201
4262,201
4263,201
4264,201
4265,201
4266,201
4267,201
4268,201
4269,201
4270,201
4271,201
4272,201
4273,201
4274,201
4275,201
4276,201
4277,201
4278,201
4279,201
4280,201
4281,201
4282,201
4283,201
4284,201
4285,201
4286,201
4287,201
4288,201
4289,201
4290,201
4291,201
4292,201
4293,201
4294,201
4295,201
4296,201
4297,201
4298,201
4299,201
4300,201
4301,201
4302,201
4303,201
4304,201
4305,201
4306,201
4307,201
4308,202
4309,201
4310,201
4311,202
4312,202
4313,202
4314,202
4315,202
4316,202
4317,202
4318,202
4319,202
4320,202
4321,202
4322,202
4323,202
4324,202
4325,202
4326,202
4327,202
4328,202
4329,202
4330,202
4331,202
4332,202
4333,202
4334,202
4335,202
4336,202
4337,202
4338,202
4339,202
4340,202
4341,202
4342,202
4343,202
4344,202
4345,202
4346,202
4347,202
4348,202
4349,202
4350,202
4351,202
4352,202
4353,202
4354,202
4355,202
4356,202
4357,202
4358,202
4359,202
4360,202
4361,202
4362,202
4363,202
4364,202
4365,202
4366,202
4367,202
4368,202
4369,202
4370,202
4371,202
4372,202
4373,202
4374,202
4375,202
4376,202
4377,202
4378,202
4379,202
4380,202
4381,202
4382,202
4383,202
4384,202
4385,202
4386,203
4387,203
4388,203
4389,203
4390,203
4391,203
4392,203
4393,203
4394,203
4395,203
4396,203
4397,203
4398,203
4399,203
4400,203
4401,203
4402,203
4403,203
4404,203
4405,203
4406,203
4407,203
4408,203
4409,203
4410,203
4411,203
4412,203
4413,203
4414,203
4415,203
4416,203
4417,203
4418,203
4419,203
4420,203
4421,203
4422,203
4423,203
4424,203
4425,203
4426,203
4427,203
4428,203
4429,203
4430,203
4431,203
4432,204
4433,204
4434,204
4435,203
4436,204
4437,204
4438,203
4439,204
4440,203
4441,204
4442,204
4443,204
4444,204
4445,204
4446,204
4447,204
4448,204
4449,204
4450,204
4451,204
4452,204
4453,204
4454,204
4455,204
4456,204
4457,204
4458,204
4459,204
4460,204
4461,204
4462,204
4463,204
4464,204
4465,204
4466,204
4467,204
4468,204
4469,204
4470,204
4471,204
4472,204
4473,204
4474,204
4475,204
4476,204
4477,204
4478,204
4479,204
4480,204
4481,204
4482,204
4483,204
4484,204
4485,204
4486,204
4487,204
4488,204
4489,204
4490,204
4491,205
4492,205
4493,205
4494,205
4495,205
4496,205
4497,205
4498,205
4499,205
4500,205
4501,205
4502,205
4503,205
4504,205
4505,205
4506,205
4507,205
4508,205
4509,205
4510,205
4511,205
4512,205
4513,205
4514,205
4515,205
4516,205
4517,205
4518,205
4519,205
4520,205
4521,205
4522,205
4523,205
4524,205
4525,205
4526,205
4527,205
4528,205
4529,205
4530,205
4531,205
4532,205
4533,205
4534,205
4535,205
4536,205
4537,205
4538,205
4539,205
4540,205
4541,205
4542,205
4543,205
4544,205
4545,205
4546,205
4547,205
4548,205
4549,205
4550,205
4551,205
4552,205
4553,205
4554,205
4555,205
4556,205
4557,205
4558,205
4559,205
4560,205
4561,205
4562,205
4563,205
4564,205
4565,205
4566,205
4567,205
4568,205
4569,205
4570,205
4571,205
4572,205
4573,205
4574,205
4575,205
4576,205
4577,205
4578,205
4579,205
4580,205
4581,205
4582,205
4583,205
4584,205
4585,205
4586,205
4587,205
4588,205
4589,205
4590,205
4591,205
4592,205
4593,205
4594,205
4595,205
4596,205
4597,205
4598,205
4599,205
4600,205
4601,205
4602,205
4603,205
4604,205
4605,205
4606,205
4607,205
4608,205
4609,205
4610,205
4611,205
4612,205
4613,205
4614,205
4615,205
4616,205
4617,205
4618,205
4619,206
4620,206
4621,206
4622,206
4623,206
4624,206
4625,206
4626,206
4627,205
4628,206
4629,206
4630,206
4631,206
4632,206
4633,206
4634,206
4635,206
4636,206
4637,206
4638,206
4639,206
4640,206
4641,206
4642,206
4643,206
4644,206
4645,206
4646,206
4647,206
4648,206
4649,206
4650,206
4651,206
4652,206
4653,206
4654,206
4655,206
4656,206
4657,206
4658,206
4659,206
4660,206
4661,206
4662,206
4663,206
4664,206
4665,206
4666,206
4667,206
4668,206
4669,206
4670,206
4671,206
4672,206
4673,206
4674,206
4675,206
4676,206
4677,206
4678,206
4679,206
4680,206
4681,206
4682,206
4683,206
4684,206
4685,206
4686,206
4687,206
4688,206
4689,206
4690,206
4691,207
4692,207
4693,206
4694,206
4695,206
4696,206
4697,207
4698,207
4699,206
4700,207
4701,207
4702,207
4703,207
4704,207
4705,207
4706,207
4707,207
4708,207
4709,207
4710,207
4711,207
4712,207
4713,207
4714,207
4715,207
4716,207
4717,207
4718,207
4719,207
4720,207
4721,207
4722,207
4723,207
4724,207
4725,207
4726,207
4727,207
4728,207
4729,207
4730,207
4731,207
4732,207
4733,207
4734,207
4735,207
4736,207
4737,207
4738,207
4739,207
4740,207
4741,207
4742,207
4743,207
4744,207
4745,207
4746,207
4747,207
4748,207
4749,207
4750,207
4751,207
4752,207
4753,207
4754,207
4755,207
4756,207
4757,207
4758,207
4759,207
4760,207
4761,207
4762,207
4763,208
4764,208
4765,208
4766,208
4767,208
4768,208
4769,208
4770,208
4771,208
4772,208
4773,208
4774,208
4775,208
4776,208
4777,208
4778,208
4779,208
4780,208
4781,208
4782,208
4783,208
4784,208
4785,208
4786,208
4787,208
4788,208
4789,208
4790,208
4791,208
4792,208
4793,208
4794,208
4795,208
4796,208
4797,208
4798,208
4799,208
4800,208
4801,208
4802,208
4803,208
4804,208
4805,208
4806,208
4807,208
4808,208
4809,208
4810,208
4811,208
4812,208
4813,208
4814,208
4815,208
4816,208
4817,208
4818,208
4819,208
4820,208
4821,208
4822,208
4823,208
4824,208
4825,208
4826,208
4827,208
4828,208
4829,208
4830,208
4831,208
4832,208
4833,208
4834,208
4835,208
4836,208
4837,208
4838,208
4839,208
4840,208
4841,208
4842,208
4843,208
4844,208
4845,208
4846,208
4847,208
4848,208
4849,208
4850,208
4851,208
4852,208
4853,208
4854,208
4855,208
4856,208
4857,208
4858,208
4859,208
4860,208
4861,208
4862,208
4863,208
4864,208
4865,209
4866,209
4867,209
4868,209
4869,209
4870,209
4871,209
4872,209
4873,209
4874,209
4875,209
4876,209
4877,209
4878,209
4879,209
4880,209
4881,209
4882,209
4883,209
4884,209
4885,209
4886,209
4887,209
4888,209
4889,209
4890,209
4891,209
4892,209
4893,209
4894,209
4895,209
4896,209
4897,209
4898,209
4899,209
4900,209
4901,209
4902,209
4903,209
4904,209
4905,209
4906,209
4907,209
4908,209
4909,209
4910,209
4911,209
4912,209
4913,209
4914,209
4915,209
4916,209
4917,209
4918,209
4919,209
4920,209
4921,209
4922,209
4923,209
4924,209
4925,209
4926,209
4927,209
4928,209
4929,209
4930,209
4931,210
4932,210
4933,210
4934,210
4935,209
4936,210
4937,210
4938,210
4939,210
4940,210
4941,210
4942,210
4943,210
4944,210
4945,210
4946,210
4947,210
4948,210
4949,210
4950,210
4951,210
4952,210
4953,210
4954,210
4955,210
4956,210
4957,210
4958,210
4959,210
4960,210
4961,210
4962,210
4963,210
4964,210
4965,210
4966,210
4967,210
4968,210
4969,210
4970,211
4971,211
4972,211
4973,211
4974,211
4975,211
4976,211
4977,211
4978,211
4979,211
4980,211
4981,211
4982,211
4983,211
4984,211
4985,211
4986,211
4987,211
4988,211
4989,211
4990,211
4991,211
4992,211
4993,211
4994,211
4995,211
4996,211
4997,211
4998,211
4999,211
5000,211
5001,211
5002,211
5003,211
5004,211
5005,211
5006,211
5007,211
5008,211
5009,211
5010,211
5011,211
5012,211
5013,211
5014,211
5015,211
5016,211
5017,211
5018,211
5019,211
5020,211
5021,211
5022,211
5023,211
5024,211
5025,211
5026,211
5027,211
5028,211
5029,211
5030,211
5031,211
5032,211
5033,211
5034,211
5035,211
5036,211
5037,211
5038,211
5039,211
5040,211
5041,211
5042,211
5043,211
5044,211
5045,211
5046,211
5047,211
5048,211
5049,211
5050,211
5051,211
5052,211
5053,211
5054,211
5055,211
5056,211
5057,211
5058,211
5059,211
5060,211
5061,211
5062,211
5063,211
5064,211
5065,211
5066,211
5067,211
5068,211
5069,211
5070,211
5071,211
5072,212
5073,212
5074,212
5075,212
5076,212
5077,212
5078,212
5079,212
5080,212
5081,212
5082,212
5083,212
5084,212
5085,212
5086,212
5087,212
5088,212
5089,212
5090,212
5091,212
5092,212
5093,212
5094,212
5095,212
5096,212
5097,212
5098,212
5099,212
5100,212
5101,212
5102,212
5103,212
5104,212
5105,212
5106,212
5107,212
5108,212
5109,212
5110,212
5111,212
5112,212
5113,212
5114,212
5115,212
5116,212
5117,212
5118,212
5119,212
5120,212
5121,212
5122,212
5123,212
5124,212
5125,212
5126,212
5127,212
5128,212
5129,212
5130,212
5131,212
5132,212
5133,212
5134,212
5135,213
5136,213
5137,213
5138,213
5139,213
5140,213
5141,213
5142,213
5143,213
5144,213
5145,213
5146,213
5147,213
5148,213
5149,213
5150,213
5151,213
5152,213
5153,213
5154,213
5155,213
5156,213
5157,213
5158,213
5159,213
5160,213
5161,213
5162,213
5163,213
5164,213
5165,213
5166,213
5167,213
5168,213
5169,213
5170,213
5171,213
5172,213
5173,213
5174,213
5175,213
5176,213
5177,213
5178,213
5179,213
5180,213
5181,213
5182,213
5183,213
5184,213
5185,213
5186,213
5187,213
5188,213
5189,213
5190,213
5191,213
5192,213
5193,213
5194,213
5195,213
5196,213
5197,213
5198,213
5199,213
5200,214
5201,214
5202,214
5203,214
5204,214
5205,214
5206,214
5207,214
5208,214
5209,214
5210,214
5211,214
5212,214
5213,214
5214,214
5215,214
5216,214
5217,214
5218,214
5219,214
5220,214
5221,214
5222,214
5223,214
5224,214
5225,214
5226,214
5227,214
5228,214
5229,214
5230,214
5231,214
5232,214
5233,214
5234,214
5235,214
5236,214
5237,214
5238,214
5239,214
5240,214
5241,214
5242,214
5243,214
5244,214
5245,214
5246,214
5247,214
5248,214
5249,214
5250,214
5251,214
5252,214
5253,214
5254,214
5255,214
5256,214
5257,214
5258,214
5259,214
5260,214
5261,214
5262,214
5263,214
5264,214
5265,215
5266,215
5267,215
5268,215
5269,215
5270,215
5271,215
5272,215
5273,215
5274,215
5275,215
5276,215
5277,215
5278,215
5279,215
5280,215
5281,215
5282,215
5283,215
5284,215
5285,215
5286,215
5287,215
5288,215
5289,215
5290,215
5291,215
5292,215
5293,215
5294,215
5295,215
5296,215
5297,215
5298,215
5299,215
5300,215
5301,215
5302,215
5303,215
5304,215
5305,215
5306,215
5307,215
5308,215
5309,215
5310,215
5311,215
5312,215
5313,215
5314,215
5315,215
5316,215
5317,215
5318,215
5319,215
5320,215
5321,215
5322,215
5323,215
5324,215
5325,215
5326,215
5327,215
5328,215
5329,215
5330,215
5331,215
5332,215
5333,215
5334,215
5335,215
5336,215
5337,215
5338,215
5339,215
5340,215
5341,215
5342,215
5343,215
5344,215
5345,215
5346,215
5347,215
5348,215
5349,215
5350,215
5351,215
5352,215
5353,215
5354,215
5355,215
5356,215
5357,215
5358,215
5359,215
5360,215
5361,215
5362,215
5363,215
5364,215
5365,215
5366,215
5367,215
5368,215
5369,215
5370,215
5371,215
5372,216
5373,215
5374,215
5375,215
5376,215
5377,216
5378,216
5379,216
5380,216
5381,216
5382,216
5383,216
5384,216
5385,216
5386,216
5387,216
5388,216
5389,216
5390,216
5391,216
5392,216
5393,216
5394,216
5395,216
5396,216
5397,216
5398,216
5399,216
5400,216
5401,216
5402,216
5403,216
5404,216
5405,216
5406,216
5407,216
5408,216
5409,216
5410,216
5411,216
5412,216
5413,216
5414,216
5415,216
5416,216
5417,216
5418,216
5419,216
5420,216
5421,216
5422,216
5423,216
5424,216
5425,216
5426,216
5427,216
5428,216
5429,216
5430,217
5431,217
5432,217
5433,217
5434,217
5435,217
5436,217
5437,217
5438,217
5439,217
5440,217
5441,217
5442,217
5443,217
5444,217
5445,217
5446,217
5447,217
5448,217
5449,217
5450,217
5451,217
5452,217
5453,217
5454,217
5455,217
5456,217
5457,217
5458,217
5459,217
5460,217
5461,217
5462,217
5463,217
5464,217
5465,217
5466,217
5467,217
5468,217
5469,217
5470,217
5471,217
5472,217
5473,217
5474,217
5475,217
5476,217
5477,217
5478,217
5479,217
5480,217
5481,217
5482,217
5483,217
5484,217
5485,217
5486,217
5487,217
5488,217
5489,217
5490,217
5491,217
5492,217
5493,217
5494,217
5495,217
5496,218
5497,217
5498,217
5499,218
5500,218
5501,218
5502,217
5503,218
5504,218
5505,218
5506,218
5507,218
5508,218
5509,218
5510,218
5511,218
5512,218
5513,218
5514,218
5515,218
5516,218
5517,218
5518,218
5519,218
5520,218
5521,218
5522,218
5523,218
5524,218
5525,218
5526,218
5527,218
5528,218
5529,218
5530,218
5531,218
5532,218
5533,218
5534,218
5535,218
5536,218
5537,218
5538,218
5539,218
5540,218
5541,218
5542,218
5543,218
5544,218
5545,218
5546,218
5547,218
5548,218
5549,218
5550,218
5551,218
5552,218
5553,218
5554,218
5555,218
5556,218
5557,218
5558,218
5559,218
5560,218
5561,218
5562,218
5563,218
5564,218
5565,218
5566,218
5567,218
5568,219
5569,219
5570,219
5571,219
5572,219
5573,219
5574,219
5575,219
5576,219
5577,219
5578,219
5579,219
5580,219
5581,219
5582,219
5583,219
5584,219
5585,219
5586,219
5587,219
5588,219
5589,219
5590,219
5591,219
5592,219
5593,219
5594,219
5595,219
5596,219
5597,219
5598,219
5599,219
5600,219
5601,219
5602,219
5603,219
5604,219
5605,219
5606,219
5607,219
5608,219
5609,219
5610,219
5611,219
5612,219
5613,219
5614,219
5615,219
5616,219
5617,219
5618,219
5619,219
5620,219
5621,219
5622,219
5623,219
5624,219
5625,219
5626,219
5627,219
5628,219
5629,219
5630,219
5631,219
5632,219
5633,219
5634,219
5635,219
5636,219
5637,219
5638,219
5639,219
5640,219
5641,219
5642,219
5643,219
5644,219
5645,219
5646,219
5647,219
5648,219
5649,219
5650,219
5651,219
5652,219
5653,219
5654,219
5655,219
5656,219
5657,219
5658,219
5659,219
5660,219
5661,219
5662,219
5663,219
5664,219
5665,219
5666,219
5667,219
5668,219
5669,219
5670,219
5671,219
5672,219
5673,219
5674,219
5675,219
5676,219
5677,219
5678,219
5679,219
5680,219
5681,219
5682,219
5683,219
5684,219
5685,219
5686,219
5687,219
5688,219
5689,219
5690,219
5691,219
5692,219
5693,220
5694,219
5695,220
5696,219
5697,220
5698,219
5699,219
5700,219
5701,220
5702,220
5703,220
5704,219
5705,220
5706,220
5707,220
5708,220
5709,220
5710,220
5711,220
5712,220
5713,220
5714,220
5715,220
5716,220
5717,220
5718,220
5719,220
5720,220
5721,220
5722,220
5723,220
5724,220
5725,220
5726,220
5727,220
5728,220
5729,220
5730,220
5731,220
5732,220
5733,220
5734,220
5735,220
5736,220
5737,220
5738,220
5739,220
5740,220
5741,220
5742,220
5743,220
5744,220
5745,220
5746,220
5747,220
5748,220
5749,220
5750,220
5751,220
5752,220
5753,220
5754,220
5755,220
5756,220
5757,220
5758,220
5759,220
5760,220
5761,220
5762,220
5763,220
5764,220
5765,220
5766,220
5767,220
5768,220
5769,220
5770,220
5771,220
5772,220
5773,220
5774,220
5775,220
5776,220
5777,220
5778,220
5779,220
5780,220
5781,220
5782,220
5783,220
5784,220
5785,220
5786,220
5787,220
5788,220
5789,220
5790,220
5791,220
5792,220
5793,220
5794,220
5795,220
5796,220
5797,221
5798,221
5799,221
5800,221
5801,221
5802,221
5803,221
5804,221
5805,221
5806,221
5807,221
5808,221
5809,221
5810,221
5811,221
5812,221
5813,221
5814,221
5815,221
5816,221
5817,221
5818,221
5819,221
5820,221
5821,221
5822,221
5823,221
5824,221
5825,221
5826,221
5827,221
5828,221
5829,221
5830,221
5831,221
5832,221
5833,221
5834,221
5835,221
5836,221
5837,221
5838,221
5839,221
5840,221
5841,221
5842,221
5843,221
5844,221
5845,221
5846,221
5847,221
5848,221
5849,221
5850,221
5851,221
5852,221
5853,221
5854,221
5855,221
5856,221
5857,221
5858,221
5859,221
5860,221
5861,221
5862,221
5863,221
5864,221
5865,221
5866,221
5867,221
5868,221
5869,221
5870,221
5871,221
5872,221
5873,221
5874,221
5875,221
5876,221
5877,221
5878,221
5879,221
5880,221
5881,221
5882,221
5883,221
5884,221
5885,221
5886,221
5887,221
5888,221
5889,221
5890,221
5891,221
5892,221
5893,221
5894,221
5895,221
5896,221
5897,221
5898,221
5899,221
5900,221
5901,221
5902,221
5903,221
5904,221
5905,221
5906,221
5907,221
5908,221
5909,221
5910,221
5911,221
5912,221
5913,221
5914,221
5915,221
5916,221
5917,221
5918,221
5919,221
5920,221
5921,221
5922,221
5923,221
5924,222
5925,222
5926,222
5927,222
5928,222
5929,222
5930,222
5931,222
5932,222
5933,222
5934,222
5935,222
5936,222
5937,222
5938,222
5939,222
5940,222
5941,222
5942,222
5943,222
5944,222
5945,222
5946,222
5947,222
5948,222
5949,222
5950,222
5951,222
5952,222
5953,222
5954,222
5955,222
5956,222
5957,222
5958,222
5959,222
5960,222
5961,222
5962,222
5963,222
5964,222
5965,222
5966,222
5967,222
5968,222
5969,222
5970,222
5971,222
5972,222
5973,222
5974,222
5975,222
5976,222
5977,222
5978,222
5979,222
5980,222
5981,222
5982,222
5983,222
5984,222
5985,222
5986,222
5987,222
5988,222
5989,222
5990,222
5991,222
5992,222
5993,222
5994,222
5995,222
5996,222
5997,222
5998,222
5999,222
6000,222
6001,222
6002,222
6003,222
6004,222
6005,222
6006,222
6007,222
6008,222
6009,222
6010,222
6011,222
6012,222
6013,222
6014,222
6015,222
6016,222
6017,222
6018,222
6019,222
6020,222
6021,222
6022,222
6023,222
6024,222
6025,222
6026,222
6027,222
6028,222
6029,222
6030,222
6031,222
6032,223
6033,223
6034,223
6035,223
6036,223
6037,223
6038,223
6039,223
6040,223
6041,223
6042,223
6043,223
6044,223
6045,223
6046,223
6047,223
6048,223
6049,223
6050,223
6051,223
6052,223
6053,223
6054,223
6055,223
6056,223
6057,223
6058,223
6059,223
6060,223
6061,223
6062,223
6063,223
6064,223
6065,223
6066,223
6067,223
6068,223
6069,223
6070,223
6071,223
6072,223
6073,223
6074,223
6075,223
6076,223
6077,223
6078,223
6079,223
6080,223
6081,223
6082,223
6083,223
6084,223
6085,223
6086,223
6087,223
6088,223
6089,223
6090,223
6091,223
6092,223
6093,223
6094,223
6095,223
6096,223
6097,223
6098,223
6099,223
6100,223
6101,223
6102,223
6103,223
6104,223
6105,223
6106,223
6107,223
6108,223
6109,223
6110,223
6111,223
6112,223
6113,223
6114,224
6115,224
6116,224
6117,224
6118,224
6119,224
6120,224
6121,224
6122,224
6123,224
6124,224
6125,224
6126,224
6127,224
6128,224
6129,224
6130,224
6131,224
6132,224
6133,224
6134,224
6135,224
6136,224
6137,224
6138,224
6139,224
6140,224
6141,224
6142,224
6143,224
6144,224
6145,224
6146,224
6147,224
6148,224
6149,224
6150,224
6151,224
6152,224
6153,224
6154,224
6155,224
6156,224
6157,224
6158,224
6159,224
6160,224
6161,224
6162,224
6163,224
6164,224
6165,224
6166,224
6167,224
6168,224
6169,224
6170,224
6171,224
6172,224
6173,224
6174,224
6175,224
6176,224
6177,224
6178,224
6179,224
6180,224
6181,224
6182,225
6183,225
6184,225
6185,225
6186,225
6187,225
6188,225
6189,225
6190,225
6191,225
6192,225
6193,225
6194,225
6195,225
6196,225
6197,225
6198,225
6199,225
6200,225
6201,225
6202,225
6203,225
6204,225
6205,225
6206,225
6207,225
6208,225
6209,225
6210,225
6211,225
6212,225
6213,225
6214,225
6215,225
6216,225
6217,225
6218,225
6219,225
6220,225
6221,225
6222,225
6223,225
6224,225
6225,225
6226,225
6227,225
6228,225
6229,225
6230,225
6231,225
6232,225
6233,225
6234,225
6235,225
6236,225
6237,225
6238,225
6239,226
6240,226
6241,226
6242,225
6243,225
6244,226
6245,226
6246,226
6247,226
6248,226
6249,226
6250,226
6251,226
6252,226
6253,226
6254,226
6255,226
6256,226
6257,226
6258,226
6259,226
6260,226
6261,226
6262,226
6263,226
6264,226
6265,226
6266,226
6267,226
6268,226
6269,226
6270,226
6271,226
6272,226
6273,226
6274,226
6275,226
6276,226
6277,226
6278,226
6279,226
6280,226
6281,226
6282,226
6283,226
6284,226
6285,226
6286,226
6287,226
6288,226
6289,226
6290,226
6291,226
6292,226
6293,226
6294,226
6295,226
6296,226
6297,226
6298,226
6299,226
6300,226
6301,226
6302,226
6303,226
6304,226
6305,226
6306,226
6307,226
6308,226
6309,226
6310,226
6311,226
6312,226
6313,226
6314,226
6315,226
6316,226
6317,226
6318,226
6319,226
6320,226
6321,226
6322,226
6323,226
6324,226
6325,226
6326,226
6327,226
6328,226
6329,226
6330,226
6331,226
6332,226
6333,226
6334,226
6335,226
6336,226
6337,226
6338,226
6339,226
6340,226
6341,226
6342,226
6343,226
6344,226
6345,226
6346,226
6347,226
6348,226
6349,226
6350,226
6351,227
6352,227
6353,227
6354,227
6355,227
6356,227
6357,226
6358,227
6359,227
6360,227
6361,227
6362,227
6363,227
6364,227
6365,227
6366,227
6367,227
6368,227
6369,227
6370,227
6371,227
6372,227
6373,227
6374,227
6375,227
6376,227
6377,227
6378,227
6379,227
6380,227
6381,227
6382,227
6383,227
6384,227
6385,227
6386,227
6387,227
6388,227
6389,227
6390,227
6391,227
6392,227
6393,227
6394,227
6395,227
6396,227
6397,227
6398,227
6399,227
6400,227
6401,227
6402,227
6403,227
6404,227
6405,227
6406,227
6407,227
6408,227
6409,227
6410,227
6411,227
6412,227
6413,227
6414,227
6415,227
6416,227
6417,227
6418,227
6419,227
6420,227
6421,227
6422,227
6423,227
6424,227
6425,227
6426,227
6427,227
6428,227
6429,227
6430,227
6431,227
6432,227
6433,227
6434,227
6435,227
6436,227
6437,227
6438,227
6439,227
6440,227
6441,228
6442,228
6443,228
6444,228
6445,228
6446,228
6447,228
6448,228
6449,228
6450,228
6451,228
6452,228
6453,228
6454,228
6455,228
6456,228
6457,228
6458,228
6459,228
6460,228
6461,228
6462,228
6463,228
6464,228
6465,228
6466,228
6467,228
6468,228
6469,228
6470,228
6471,228
6472,228
6473,228
6474,228
6475,228
6476,228
6477,228
6478,228
6479,228
6480,228
6481,228
6482,228
6483,228
6484,228
6485,228
6486,228
6487,228
6488,228
6489,228
6490,228
6491,228
6492,228
6493,228
6494,228
6495,228
6496,228
6497,228
6498,228
6499,228
6500,228
6501,228
6502,228
6503,228
6504,228
6505,228
6506,228
6507,228
6508,228
6509,228
6510,228
6511,228
6512,228
6513,228
6514,228
6515,228
6516,228
6517,228
6518,228
6519,228
6520,228
6521,229
6522,229
6523,229
6524,229
6525,229
6526,229
6527,229
6528,229
6529,229
6530,229
6531,229
6532,229
6533,229
6534,229
6535,229
6536,229
6537,229
6538,229
6539,229
6540,229
6541,229
6542,229
6543,229
6544,229
6545,229
6546,229
6547,229
6548,229
6549,229
6550,229
6551,229
6552,229
6553,229
6554,229
6555,229
6556,229
6557,229
6558,229
6559,229
6560,229
6561,229
6562,229
6563,229
6564,229
6565,229
6566,229
6567,229
6568,229
6569,230
6570,230
6571,230
6572,230
6573,230
6574,230
6575,230
6576,230
6577,230
6578,230
6579,230
6580,230
6581,230
6582,230
6583,230
6584,230
6585,230
6586,230
6587,230
6588,230
6589,230
6590,230
6591,230
6592,230
6593,230
6594,230
6595,230
6596,230
6597,230
6598,230
6599,230
6600,230
6601,230
6602,230
6603,230
6604,230
6605,230
6606,230
6607,230
6608,230
6609,230
6610,230
6611,230
6612,230
6613,230
6614,230
6615,230
6616,230
6617,230
6618,230
6619,230
6620,230
6621,230
6622,230
6623,230
6624,230
6625,230
6626,230
6627,230
6628,230
6629,230
6630,230
6631,230
6632,230
6633,230
6634,230
6635,230
6636,230
6637,230
6638,230
6639,230
6640,230
6641,230
6642,230
6643,230
6644,230
6645,230
6646,230
6647,230
6648,230
6649,230
6650,230
6651,231
6652,231
6653,231
6654,231
6655,231
6656,231
6657,231
6658,231
6659,231
6660,231
6661,231
6662,231
6663,231
6664,231
6665,231
6666,231
6667,231
6668,231
6669,231
6670,231
6671,231
6672,231
6673,231
6674,231
6675,231
6676,231
6677,231
6678,231
6679,231
6680,231
6681,231
6682,231
6683,231
6684,231
6685,231
6686,231
6687,231
6688,231
6689,231
6690,231
6691,231
6692,231
6693,231
6694,231
6695,231
6696,231
6697,231
6698,231
6699,231
6700,231
6701,231
6702,231
6703,231
6704,231
6705,231
6706,231
6707,231
6708,231
6709,231
6710,231
6711,231
6712,231
6713,231
6714,231
6715,231
6716,231
6717,231
6718,231
6719,231
6720,231
6721,231
6722,232
6723,232
6724,232
6725,231
6726,232
6727,232
6728,232
6729,232
6730,231
6731,231
6732,231
6733,231
6734,231
6735,231
6736,231
6737,231
6738,231
6739,231
6740,231
6741,231
6742,231
6743,231
6744,231
6745,231
6746,231
6747,231
6748,231
6749,231
6750,232
6751,232
6752,232
6753,231
6754,231
6755,232
6756,232
6757,232
6758,232
6759,232
6760,232
6761,232
6762,232
6763,232
6764,232
6765,232
6766,232
6767,232
6768,232
6769,232
6770,232
6771,232
6772,232
6773,232
6774,232
6775,232
6776,232
6777,232
6778,232
6779,232
6780,232
6781,232
6782,232
6783,232
6784,232
6785,232
6786,232
6787,232
6788,232
6789,232
6790,232
6791,232
6792,232
6793,232
6794,232
6795,232
6796,232
6797,232
6798,232
6799,232
6800,232
6801,232
6802,232
6803,232
6804,232
6805,232
6806,232
6807,232
6808,232
6809,232
6810,232
6811,232
6812,232
6813,232
6814,232
6815,232
6816,232
6817,232
6818,232
6819,232
6820,232
6821,232
6822,232
6823,232
6824,232
6825,232
6826,232
6827,232
6828,232
6829,232
6830,232
6831,232
6832,232
6833,232
6834,232
6835,232
6836,232
6837,232
6838,232
6839,232
6840,232
6841,233
6842,233
6843,233
6844,233
6845,233
6846,233
6847,233
6848,233
6849,233
6850,233
6851,233
6852,233
6853,233
6854,233
6855,233
6856,233
6857,233
6858,233
6859,233
6860,233
6861,233
6862,233
6863,233
6864,233
6865,233
6866,233
6867,233
6868,233
6869,233
6870,233
6871,233
6872,233
6873,233
6874,233
6875,233
6876,233
6877,233
6878,233
6879,233
6880,233
6881,233
6882,233
6883,233
6884,233
6885,233
6886,233
6887,233
6888,233
6889,233
6890,233
6891,233
6892,233
6893,233
6894,233
6895,233
6896,233
6897,233
6898,233
6899,233
6900,233
6901,233
6902,233
6903,233
6904,233
6905,233
6906,233
6907,233
6908,233
6909,233
6910,233
6911,233
6912,233
6913,233
6914,233
6915,233
6916,233
6917,233
6918,233
6919,233
6920,233
6921,233
6922,233
6923,233
6924,233
6925,233
6926,233
6927,233
6928,233
6929,233
6930,233
6931,233
6932,233
6933,233
6934,233
6935,233
6936,233
6937,233
6938,233
6939,233
6940,233
6941,233
6942,233
6943,233
6944,233
6945,233
6946,233
6947,233
6948,233
6949,233
6950,233
6951,233
6952,233
6953,233
6954,233
6955,233
6956,233
6957,233
6958,234
6959,233
6960,233
6961,233
6962,234
6963,234
6964,234
6965,234
6966,234
6967,234
6968,234
6969,234
6970,234
6971,233
6972,234
6973,234
6974,234
6975,234
6976,234
6977,234
6978,234
6979,234
6980,234
6981,234
6982,234
6983,234
6984,234
6985,234
6986,234
6987,234
6988,234
6989,234
6990,234
6991,234
6992,234
6993,234
6994,234
6995,234
6996,234
6997,234
6998,234
6999,234
7000,234
7001,234
7002,234
7003,234
7004,234
7005,234
7006,234
7007,234
7008,234
7009,234
7010,234
7011,234
7012,234
7013,234
7014,234
7015,234
7016,234
7017,234
7018,234
7019,234
7020,234
7021,234
7022,234
7023,234
7024,234
7025,234
7026,234
7027,234
7028,234
7029,234
7030,234
7031,234
7032,234
7033,234
7034,234
7035,234
7036,234
7037,234
7038,234
7039,234
7040,234
7041,234
7042,234
7043,234
7044,234
7045,234
7046,234
7047,234
7048,234
7049,234
7050,234
7051,234
7052,234
7053,234
7054,234
7055,234
7056,234
7057,234
7058,234
7059,234
7060,234
7061,234
7062,234
7063,234
7064,234
7065,234
7066,234
7067,234
7068,234
7069,234
7070,234
7071,234
7072,234
7073,234
7074,234
7075,234
7076,234
7077,234
7078,234
7079,234
7080,234
7081,234
7082,234
7083,234
7084,234
7085,234
7086,234
7087,234
7088,234
7089,234
7090,234
7091,234
7092,234
7093,234
7094,234
7095,235
7096,235
7097,235
7098,235
7099,235
7100,235
7101,235
7102,235
7103,235
7104,235
7105,235
7106,235
7107,235
7108,235
7109,235
7110,235
7111,235
7112,235
7113,235
7114,235
7115,235
7116,235
7117,235
7118,235
7119,235
7120,235
7121,235
7122,235
7123,235
7124,235
7125,235
7126,235
7127,235
7128,235
7129,235
7130,235
7131,235
7132,235
7133,235
7134,235
7135,235
7136,235
7137,235
7138,235
7139,235
7140,235
7141,235
7142,235
7143,235
7144,235
7145,235
7146,235
7147,235
7148,235
7149,235
7150,235
7151,235
7152,235
7153,235
7154,235
7155,235
7156,235
7157,235
7158,235
7159,235
7160,235
7161,235
7162,235
7163,235
7164,235
7165,235
7166,235
7167,235
7168,235
7169,235
7170,235
7171,235
7172,235
7173,235
7174,236
7175,236
7176,236
7177,236
7178,236
7179,236
7180,236
7181,236
7182,236
7183,236
7184,236
7185,236
7186,236
7187,236
7188,236
7189,236
7190,236
7191,236
7192,236
7193,236
7194,236
7195,236
7196,236
7197,236
7198,236
7199,236
7200,236
7201,236
7202,236
7203,236
7204,236
7205,236
7206,236
7207,236
7208,236
7209,236
7210,236
7211,236
7212,236
7213,236
7214,236
7215,236
7216,236
7217,236
7218,236
7219,236
7220,236
7221,236
7222,236
7223,236
7224,236
7225,236
7226,236
7227,236
7228,236
7229,236
7230,236
7231,236
7232,236
7233,236
7234,236
7235,236
7236,236
7237,236
7238,236
7239,236
7240,236
7241,236
7242,236
7243,237
7244,237
7245,237
7246,237
7247,237
7248,237
7249,237
7250,237
7251,237
7252,237
7253,237
7254,237
7255,237
7256,237
7257,237
7258,237
7259,237
7260,237
7261,237
7262,237
7263,237
7264,237
7265,237
7266,237
7267,237
7268,237
7269,237
7270,237
7271,237
7272,237
7273,237
7274,237
7275,237
7276,237
7277,237
7278,237
7279,237
7280,237
7281,237
7282,237
7283,237
7284,237
7285,237
7286,237
7287,237
7288,237
7289,237
7290,237
7291,237
7292,237
7293,237
7294,237
7295,237
7296,237
7297,237
7298,237
7299,237
7300,237
7301,237
7302,237
7303,237
7304,237
7305,237
7306,237
7307,237
7308,237
7309,237
7310,237
7311,237
7312,237
7313,237
7314,237
7315,237
7316,237
7317,237
7318,237
7319,237
7320,237
7321,237
7322,237
7323,237
7324,237
7325,237
7326,237
7327,237
7328,237
7329,237
7330,237
7331,237
7332,237
7333,237
7334,237
7335,237
7336,237
7337,237
7338,237
7339,237
7340,237
7341,237
7342,237
7343,238
7344,237
7345,237
7346,238
7347,238
7348,238
7349,238
7350,238
7351,237
7352,238
7353,238
7354,238
7355,238
7356,238
7357,238
7358,237
7359,237
7360,237
7361,237
7362,238
7363,238
7364,238
7365,238
7366,238
7367,238
7368,238
7369,238
7370,238
7371,238
7372,238
7373,238
7374,238
7375,238
7376,238
7377,238
7378,238
7379,238
7380,238
7381,238
7382,238
7383,238
7384,238
7385,238
7386,238
7387,238
7388,238
7389,238
7390,238
7391,238
7392,238
7393,238
7394,238
7395,238
7396,238
7397,238
7398,238
7399,238
7400,238
7401,238
7402,238
7403,238
7404,238
7405,238
7406,238
7407,238
7408,238
7409,238
7410,238
7411,238
7412,238
7413,238
7414,238
7415,238
7416,238
7417,239
7418,239
7419,238
7420,238
7421,239
7422,239
7423,239
7424,239
7425,239
7426,239
7427,239
7428,239
7429,239
7430,239
7431,239
7432,239
7433,239
7434,239
7435,239
7436,239
7437,239
7438,239
7439,239
7440,239
7441,239
7442,239
7443,239
7444,239
7445,239
7446,239
7447,239
7448,239
7449,239
7450,239
7451,239
7452,239
7453,239
7454,239
7455,239
7456,239
7457,239
7458,239
7459,239
7460,239
7461,239
7462,239
7463,239
7464,239
7465,239
7466,239
7467,239
7468,239
7469,239
7470,239
7471,239
7472,239
7473,239
7474,239
7475,239
7476,239
7477,239
7478,239
7479,239
7480,239
7481,239
7482,239
7483,239
7484,239
7485,239
7486,239
7487,239
7488,239
7489,240
7490,240
7491,240
7492,240
7493,240
7494,240
7495,240
7496,240
7497,240
7498,240
7499,240
7500,240
7501,240
7502,240
7503,240
7504,240
7505,240
7506,240
7507,240
7508,240
7509,240
7510,240
7511,240
7512,240
7513,240
7514,240
7515,240
7516,240
7517,240
7518,240
7519,240
7520,240
7521,240
7522,240
7523,240
7524,240
7525,240
7526,240
7527,240
7528,240
7529,240
7530,240
7531,240
7532,240
7533,240
7534,240
7535,240
7536,240
7537,240
7538,240
7539,240
7540,240
7541,240
7542,240
7543,240
7544,240
7545,240
7546,240
7547,240
7548,240
7549,240
7550,240
7551,240
7552,240
7553,240
7554,240
7555,240
7556,240
7557,240
7558,240
7559,240
7560,240
7561,240
7562,240
7563,240
7564,240
7565,240
7566,240
7567,240
7568,240
7569,240
7570,240
7571,240
7572,240
7573,240
7574,240
7575,240
7576,240
7577,240
7578,240
7579,240
7580,240
7581,240
7582,240
7583,240
7584,240
7585,240
7586,240
7587,240
7588,240
7589,240
7590,240
7591,240
7592,241
7593,241
7594,241
7595,241
7596,241
7597,241
7598,241
7599,241
7600,241
7601,241
7602,241
7603,241
7604,241
7605,241
7606,241
7607,241
7608,241
7609,241
7610,241
7611,241
7612,241
7613,241
7614,241
7615,241
7616,241
7617,241
7618,241
7619,241
7620,241
7621,241
7622,241
7623,241
7624,241
7625,241
7626,241
7627,241
7628,241
7629,241
7630,241
7631,241
7632,241
7633,241
7634,241
7635,241
7636,241
7637,241
7638,241
7639,241
7640,241
7641,241
7642,241
7643,241
7644,241
7645,241
7646,241
7647,241
7648,241
7649,241
7650,241
7651,241
7652,241
7653,241
7654,241
7655,241
7656,241
7657,241
7658,241
7659,241
7660,241
7661,241
7662,241
7663,241
7664,241
7665,241
7666,241
7667,241
7668,241
7669,242
7670,242
7671,242
7672,242
7673,242
7674,242
7675,242
7676,242
7677,242
7678,242
7679,242
7680,242
7681,242
7682,242
7683,242
7684,242
7685,242
7686,242
7687,242
7688,242
7689,242
7690,242
7691,242
7692,242
7693,242
7694,242
7695,242
7696,242
7697,242
7698,242
7699,242
7700,242
7701,242
7702,242
7703,242
7704,242
7705,242
7706,242
7707,242
7708,242
7709,242
7710,242
7711,242
7712,242
7713,242
7714,242
7715,242
7716,242
7717,242
7718,242
7719,242
7720,242
7721,242
7722,242
7723,242
7724,242
7725,242
7726,242
7727,242
7728,242
7729,242
7730,242
7731,242
7732,242
7733,242
7734,242
7735,242
7736,242
7737,242
7738,242
7739,242
7740,242
7741,242
7742,242
7743,242
7744,242
7745,243
7746,243
7747,243
7748,243
7749,243
7750,243
7751,243
7752,243
7753,243
7754,243
7755,243
7756,243
7757,243
7758,243
7759,243
7760,243
7761,243
7762,243
7763,243
7764,243
7765,243
7766,243
7767,243
7768,243
7769,243
7770,243
7771,243
7772,243
7773,243
7774,243
7775,243
7776,243
7777,243
7778,243
7779,243
7780,243
7781,243
7782,243
7783,243
7784,243
7785,243
7786,243
7787,243
7788,243
7789,243
7790,243
7791,243
7792,243
7793,243
7794,243
7795,243
7796,243
7797,243
7798,243
7799,243
7800,243
7801,243
7802,244
7803,244
7804,243
7805,243
7806,244
7807,244
7808,244
7809,244
7810,244
7811,244
7812,244
7813,244
7814,244
7815,244
7816,244
7817,244
7818,244
7819,244
7820,244
7821,244
7822,244
7823,244
7824,244
7825,244
7826,244
7827,244
7828,244
7829,244
7830,244
7831,244
7832,244
7833,244
7834,244
7835,244
7836,244
7837,244
7838,244
7839,244
7840,244
7841,244
7842,244
7843,244
7844,244
7845,244
7846,244
7847,244
7848,244
7849,244
7850,244
7851,244
7852,244
7853,244
7854,244
7855,244
7856,244
7857,244
7858,244
7859,244
7860,244
7861,244
7862,244
7863,244
7864,244
7865,244
7866,244
7867,244
7868,244
7869,244
7870,244
7871,244
7872,244
7873,244
7874,244
7875,244
7876,244
7877,244
7878,244
7879,244
7880,244
7881,244
7882,244
7883,244
7884,244
7885,244
7886,244
7887,244
7888,244
7889,244
7890,244
7891,244
7892,244
7893,244
7894,244
7895,244
7896,244
7897,244
7898,244
7899,244
7900,244
7901,244
7902,244
7903,244
7904,244
7905,244
7906,244
7907,244
7908,244
7909,244
7910,244
7911,244
7912,244
7913,244
7914,244
7915,244
7916,244
7917,244
7918,244
7919,244
7920,244
7921,244
7922,244
7923,244
7924,245
7925,245
7926,244
7927,244
7928,245
7929,245
7930,245
7931,245
7932,245
7933,245
7934,245
7935,244
7936,244
7937,244
7938,245
7939,244
7940,244
7941,245
7942,245
7943,245
7944,245
7945,245
7946,245
7947,245
7948,245
7949,245
7950,245
7951,245
7952,245
7953,245
7954,245
7955,245
7956,245
7957,245
7958,245
7959,245
7960,245
7961,245
7962,245
7963,245
7964,245
7965,245
7966,245
7967,245
7968,245
7969,245
7970,245
7971,245
7972,245
7973,245
7974,245
7975,245
7976,245
7977,245
7978,245
7979,245
7980,245
7981,245
7982,245
7983,245
7984,245
7985,245
7986,245
7987,245
7988,245
7989,245
7990,245
7991,245
7992,245
7993,245
7994,245
7995,245
7996,245
7997,245
7998,245
7999,245
8000,245
8001,245
8002,245
8003,245
8004,245
8005,245
8006,245
8007,245
8008,245
8009,245
8010,245
8011,245
8012,245
8013,245
8014,245
8015,245
8016,245
8017,245
8018,245
8019,245
8020,246
8021,246
8022,246
8023,245
8024,245
8025,245
8026,246
8027,246
8028,246
8029,246
8030,246
8031,246
8032,246
8033,246
8034,246
8035,246
8036,246
8037,246
8038,246
8039,246
8040,246
8041,246
8042,246
8043,246
8044,246
8045,246
8046,246
8047,246
8048,246
8049,246
8050,246
8051,246
8052,246
8053,246
8054,246
8055,246
8056,246
8057,246
8058,246
8059,246
8060,246
8061,246
8062,246
8063,246
8064,246
8065,246
8066,246
8067,246
8068,246
8069,246
8070,246
8071,246
8072,246
8073,246
8074,246
8075,246
8076,246
8077,246
8078,246
8079,246
8080,246
8081,246
8082,246
8083,246
8084,246
8085,246
8086,246
8087,246
8088,246
8089,246
8090,246
8091,246
8092,246
8093,246
8094,246
8095,246
8096,246
8097,246
8098,246
8099,246
8100,246
8101,246
8102,246
8103,246
8104,246
8105,246
8106,246
8107,246
8108,246
8109,246
8110,246
8111,246
8112,246
8113,246
8114,246
8115,246
8116,246
8117,246
8118,246
8119,246
8120,246
8121,246
8122,246
8123,246
8124,246
8125,247
8126,247
8127,247
8128,247
8129,247
8130,247
8131,247
8132,247
8133,247
8134,247
8135,247
8136,247
8137,247
8138,247
8139,247
8140,247
8141,247
8142,247
8143,247
8144,247
8145,247
8146,247
8147,247
8148,247
8149,247
8150,247
8151,247
8152,247
8153,247
8154,247
8155,247
8156,247
8157,247
8158,247
8159,247
8160,247
8161,247
8162,247
8163,247
8164,247
8165,247
8166,247
8167,247
8168,247
8169,247
8170,247
8171,247
8172,247
8173,247
8174,247
8175,247
8176,247
8177,247
8178,247
8179,247
8180,247
8181,247
8182,247
8183,247
8184,247
8185,247
8186,247
8187,247
8188,247
8189,247
8190,247
8191,247
8192,247
8193,247
8194,247
8195,247
8196,247
8197,247
8198,247
8199,247
8200,247
8201,247
8202,247
8203,247
8204,247
8205,247
8206,247
8207,247
8208,247
8209,247
8210,247
8211,247
8212,247
8213,247
8214,247
8215,247
8216,247
8217,247
8218,247
8219,247
8220,247
8221,247
8222,247
8223,247
8224,248
8225,248
8226,247
8227,248
8228,248
8229,248
8230,248
8231,248
8232,248
8233,248
8234,248
8235,248
8236,248
8237,248
8238,248
8239,248
8240,248
8241,248
8242,248
8243,248
8244,248
8245,248
8246,248
8247,248
8248,248
8249,248
8250,248
8251,248
8252,248
8253,248
8254,248
8255,248
8256,248
8257,248
8258,248
8259,248
8260,248
8261,248
8262,248
8263,248
8264,248
8265,248
8266,248
8267,248
8268,248
8269,248
8270,248
8271,248
8272,248
8273,248
8274,248
8275,248
8276,248
8277,248
8278,248
8279,248
8280,248
8281,248
8282,248
8283,248
8284,248
8285,248
8286,248
8287,248
8288,249
8289,249
8290,249
8291,249
8292,249
8293,249
8294,249
8295,249
8296,249
8297,249
8298,249
8299,249
8300,249
8301,249
8302,249
8303,249
8304,249
8305,249
8306,249
8307,249
8308,249
8309,249
8310,249
8311,249
8312,249
8313,249
8314,249
8315,249
8316,249
8317,249
8318,249
8319,249
8320,249
8321,249
8322,249
8323,249
8324,249
8325,249
8326,249
8327,249
8328,249
8329,249
8330,249
8331,249
8332,249
8333,249
8334,249
8335,249
8336,249
8337,249
8338,249
8339,249
8340,250
8341,250
8342,250
8343,250
8344,250
8345,250
8346,250
8347,250
8348,250
8349,250
8350,250
8351,250
8352,250
8353,250
8354,250
8355,250
8356,250
8357,250
8358,250
8359,250
8360,250
8361,250
8362,250
8363,250
8364,250
8365,250
8366,250
8367,250
8368,250
8369,250
8370,250
8371,250
8372,250
8373,250
8374,250
8375,250
8376,250
8377,250
8378,250
8379,250
8380,250
8381,250
8382,250
8383,250
8384,250
8385,250
8386,250
8387,250
8388,250
8389,250
8390,250
8391,250
8392,250
8393,250
8394,250
8395,250
8396,250
8397,250
8398,250
8399,250
8400,250
8401,250
8402,250
8403,250
8404,250
8405,250
8406,250
8407,250
8408,250
8409,250
8410,250
8411,250
8412,250
8413,250
8414,250
8415,250
8416,250
8417,250
8418,250
8419,250
8420,250
8421,251
8422,251
8423,251
8424,251
8425,251
8426,251
8427,251
8428,251
8429,251
8430,251
8431,251
8432,251
8433,251
8434,251
8435,251
8436,251
8437,251
8438,251
8439,251
8440,251
8441,251
8442,251
8443,251
8444,251
8445,251
8446,251
8447,251
8448,251
8449,251
8450,251
8451,251
8452,251
8453,251
8454,251
8455,251
8456,251
8457,251
8458,251
8459,251
8460,251
8461,251
8462,251
8463,251
8464,251
8465,251
8466,251
8467,251
8468,251
8469,251
8470,251
8471,251
8472,251
8473,251
8474,251
8475,251
8476,251
8477,251
8478,251
8479,251
8480,251
8481,251
8482,251
8483,251
8484,251
8485,251
8486,251
8487,251
8488,251
8489,251
8490,251
8491,251
8492,251
8493,251
8494,251
8495,251
8496,251
8497,251
8498,251
8499,251
8500,251
8501,251
8502,251
8503,251
8504,251
8505,251
8506,251
8507,251
8508,251
8509,251
8510,251
8511,251
8512,251
8513,251
8514,251
8515,251
8516,251
8517,251
8518,251
8519,251
8520,251
8521,251
8522,251
8523,251
8524,251
8525,251
8526,251
8527,251
8528,251
8529,251
8530,251
8531,251
8532,251
8533,251
8534,251
8535,251
8536,251
8537,251
8538,251
8539,251
8540,251
8541,251
8542,251
8543,251
8544,251
8545,251
8546,251
8547,251
8548,251
8549,251
8550,251
8551,251
8552,251
8553,251
8554,251
8555,251
8556,251
8557,251
8558,251
8559,251
8560,251
8561,251
8562,251
8563,251
8564,251
8565,251
8566,251
8567,252
8568,252
8569,252
8570,252
8571,252
8572,252
8573,252
8574,252
8575,252
8576,252
8577,252
8578,252
8579,252
8580,252
8581,252
8582,252
8583,252
8584,252
8585,252
8586,252
8587,252
8588,252
8589,252
8590,252
8591,252
8592,252
8593,252
8594,252
8595,252
8596,252
8597,252
8598,252
8599,252
8600,252
8601,252
8602,252
8603,252
8604,252
8605,252
8606,252
8607,252
8608,252
8609,252
8610,252
8611,252
8612,252
8613,252
8614,252
8615,252
8616,252
8617,252
8618,252
8619,252
8620,252
8621,252
8622,252
8623,252
8624,252
8625,252
8626,252
8627,252
8628,252
8629,252
8630,252
8631,252
8632,252
8633,252
8634,252
8635,252
8636,252
8637,252
8638,252
8639,252
8640,252
8641,252
8642,252
8643,252
8644,252
8645,252
8646,252
8647,252
8648,252
8649,252
8650,252
8651,252
8652,252
8653,252
8654,252
8655,252
8656,252
8657,252
8658,252
8659,252
8660,252
8661,252
8662,252
8663,252
8664,252
8665,252
8666,252
8667,252
8668,252
8669,252
8670,252
8671,252
8672,252
8673,253
8674,253
8675,253
8676,253
8677,253
8678,252
8679,252
8680,253
8681,253
8682,252
8683,252
8684,253
8685,252
8686,252
8687,253
8688,253
8689,253
8690,253
8691,253
8692,253
8693,253
8694,253
8695,253
8696,253
8697,253
8698,253
8699,253
8700,253
8701,253
8702,253
8703,253
8704,253
8705,253
8706,253
8707,253
8708,253
8709,253
8710,253
8711,253
8712,253
8713,253
8714,253
8715,253
8716,253
8717,253
8718,253
8719,253
8720,253
8721,253
8722,253
8723,253
8724,253
8725,253
8726,253
8727,253
8728,253
8729,253
8730,253
8731,253
8732,253
8733,253
8734,253
8735,253
8736,253
8737,253
8738,253
8739,253
8740,253
8741,253
8742,253
8743,253
8744,253
8745,253
8746,253
8747,253
8748,253
8749,253
8750,253
8751,253
8752,253
8753,253
8754,253
8755,253
8756,253
8757,253
8758,253
8759,253
8760,254
8761,254
8762,254
8763,254
8764,254
8765,254
8766,254
8767,254
8768,254
8769,254
8770,254
8771,254
8772,254
8773,254
8774,254
8775,254
8776,254
8777,254
8778,254
8779,254
8780,254
8781,254
8782,254
8783,254
8784,254
8785,254
8786,254
8787,254
8788,254
8789,254
8790,254
8791,254
8792,254
8793,254
8794,254
8795,254
8796,254
8797,254
8798,254
8799,254
8800,254
8801,254
8802,254
8803,254
8804,254
8805,255
8806,255
8807,255
8808,255
8809,255
8810,255
8811,255
8812,255
8813,255
8814,255
8815,255
8816,255
8817,255
8818,255
8819,255
8820,255
8821,255
8822,255
8823,255
8824,255
8825,255
8826,255
8827,255
8828,255
8829,255
8830,255
8831,255
8832,255
8833,255
8834,255
8835,255
8836,255
8837,255
8838,255
8839,255
8840,255
8841,255
8842,255
8843,255
8844,255
8845,255
8846,255
8847,255
8848,255
8849,255
8850,255
8851,255
8852,255
8853,255
8854,255
8855,255
8856,255
8857,255
8858,255
8859,255
8860,255
8861,255
8862,256
8863,256
8864,256
8865,256
8866,256
8867,256
8868,256
8869,256
8870,256
8871,256
8872,256
8873,256
8874,256
8875,256
8876,256
8877,256
8878,256
8879,256
8880,256
8881,256
8882,256
8883,256
8884,256
8885,256
8886,256
8887,256
8888,256
8889,256
8890,256
8891,256
8892,256
8893,256
8894,256
8895,256
8896,256
8897,256
8898,256
8899,256
8900,256
8901,256
8902,256
8903,256
8904,256
8905,256
8906,256
8907,256
8908,256
8909,256
8910,256
8911,256
8912,256
8913,256
8914,256
8915,256
8916,256
8917,256
8918,256
8919,256
8920,256
8921,256
8922,256
8923,256
8924,256
8925,256
8926,256
8927,256
8928,256
8929,257
8930,256
8931,257
8932,257
8933,257
8934,257
8935,257
8936,257
8937,256
8938,256
8939,256
8940,256
8941,257
8942,257
8943,257
8944,257
8945,257
8946,257
8947,257
8948,257
8949,257
8950,257
8951,257
8952,257
8953,257
8954,257
8955,257
8956,257
8957,257
8958,257
8959,257
8960,257
8961,257
8962,257
8963,257
8964,257
8965,257
8966,257
8967,257
8968,257
8969,257
8970,257
8971,257
8972,257
8973,257
8974,256
8975,256
8976,256
8977,256
8978,257
8979,257
8980,257
8981,257
8982,257
8983,257
8984,257
8985,257
8986,257
8987,257
8988,257
8989,257
8990,257
8991,257
8992,257
8993,257
8994,257
8995,257
8996,257
8997,257
8998,257
8999,257
9000,257
9001,257
9002,257
9003,257
9004,257
9005,257
9006,257
9007,257
9008,257
9009,257
9010,257
9011,257
9012,257
9013,257
9014,257
9015,257
9016,257
9017,257
9018,257
9019,257
9020,257
9021,257
9022,257
9023,257
9024,257
9025,257
9026,257
9027,257
9028,257
9029,257
9030,257
9031,257
9032,257
9033,257
9034,257
9035,257
9036,257
9037,257
9038,257
9039,257
9040,257
9041,257
9042,257
9043,257
9044,257
9045,257
9046,257
9047,257
9048,257
9049,257
9050,257
9051,257
9052,257
9053,257
9054,257
9055,257
9056,257
9057,257
9058,257
9059,257
9060,257
9061,257
9062,257
9063,258
9064,258
9065,258
9066,258
9067,258
9068,258
9069,258
9070,258
9071,258
9072,258
9073,258
9074,258
9075,258
9076,258
9077,258
9078,258
9079,258
9080,258
9081,258
9082,258
9083,258
9084,258
9085,258
9086,258
9087,258
9088,258
9089,258
9090,258
9091,258
9092,258
9093,258
9094,258
9095,258
9096,258
9097,258
9098,258
9099,258
9100,258
9101,258
9102,258
9103,258
9104,258
9105,258
9106,258
9107,258
9108,258
9109,258
9110,258
9111,258
9112,258
9113,258
9114,258
9115,258
9116,258
9117,258
9118,258
9119,258
9120,259
9121,259
9122,259
9123,259
9124,259
9125,259
9126,259
9127,259
9128,259
9129,259
9130,259
9131,259
9132,259
9133,259
9134,259
9135,259
9136,259
9137,259
9138,259
9139,259
9140,259
9141,259
9142,259
9143,259
9144,258
9145,259
9146,259
9147,259
9148,258
9149,258
9150,259
9151,259
9152,259
9153,258
9154,258
9155,258
9156,258
9157,258
9158,259
9159,259
9160,259
9161,258
9162,258
9163,258
9164,258
9165,258
9166,258
9167,258
9168,258
9169,258
9170,258
9171,258
9172,258
9173,258
9174,258
9175,258
9176,259
9177,259
9178,259
9179,259
9180,259
9181,259
9182,259
9183,259
9184,259
9185,259
9186,259
9187,259
9188,259
9189,259
9190,259
9191,259
9192,259
9193,259
9194,259
9195,259
9196,259
9197,259
9198,259
9199,259
9200,259
9201,259
9202,259
9203,259
9204,259
9205,259
9206,259
9207,259
9208,260
9209,259
9210,260
9211,260
9212,260
9213,260
9214,260
9215,260
9216,260
9217,260
9218,260
9219,260
9220,260
9221,260
9222,260
9223,260
9224,260
9225,260
9226,260
9227,260
9228,260
9229,260
9230,260
9231,260
9232,260
9233,260
9234,260
9235,260
9236,260
9237,260
9238,260
9239,260
9240,260
9241,260
9242,260
9243,260
9244,260
9245,260
9246,260
9247,260
9248,260
9249,260
9250,260
9251,260
9252,260
9253,260
9254,260
9255,260
9256,260
9257,260
9258,260
9259,260
9260,260
9261,260
9262,260
9263,260
9264,260
9265,260
9266,260
9267,260
9268,260
9269,260
9270,260
9271,260
9272,261
9273,261
9274,261
9275,261
9276,261
9277,261
9278,261
9279,261
9280,261
9281,261
9282,261
9283,261
9284,261
9285,261
9286,261
9287,261
9288,261
9289,261
9290,261
9291,261
9292,261
9293,261
9294,261
9295,261
9296,261
9297,261
9298,261
9299,261
9300,261
9301,261
9302,261
9303,261
9304,261
9305,261
9306,261
9307,261
9308,261
9309,261
9310,261
9311,261
9312,261
9313,261
9314,261
9315,261
9316,261
9317,261
9318,261
9319,261
9320,261
9321,261
9322,261
9323,261
9324,261
9325,261
9326,261
9327,261
9328,261
9329,261
9330,261
9331,261
9332,261
9333,261
9334,261
9335,261
9336,261
9337,261
9338,261
9339,261
9340,261
9341,261
9342,261
9343,261
9344,261
9345,261
9346,261
9347,261
9348,261
9349,261
9350,261
9351,261
9352,261
9353,261
9354,261
9355,261
9356,261
9357,261
9358,261
9359,261
9360,261
9361,261
9362,261
9363,261
9364,261
9365,261
9366,261
9367,261
9368,261
9369,261
9370,261
9371,261
9372,261
9373,261
9374,261
9375,261
9376,261
9377,261
9378,261
9379,261
9380,261
9381,261
9382,261
9383,261
9384,261
9385,262
9386,262
9387,262
9388,261
9389,261
9390,261
9391,261
9392,261
9393,261
9394,261
9395,261
9396,261
9397,261
9398,261
9399,261
9400,261
9401,261
9402,261
9403,261
9404,261
9405,261
9406,261
9407,261
9408,262
9409,261
9410,262
9411,261
9412,262
9413,262
9414,261
9415,262
9416,262
9417,262
9418,262
9419,262
9420,262
9421,262
9422,262
9423,262
9424,262
9425,262
9426,262
9427,262
9428,262
9429,262
9430,262
9431,262
9432,262
9433,262
9434,262
9435,262
9436,262
9437,262
9438,262
9439,262
9440,262
9441,262
9442,262
9443,262
9444,262
9445,262
9446,262
9447,262
9448,262
9449,262
9450,262
9451,262
9452,262
9453,262
9454,262
9455,262
9456,262
9457,262
9458,262
9459,262
9460,262
9461,262
9462,262
9463,262
9464,262
9465,262
9466,262
9467,262
9468,262
9469,262
9470,262
9471,262
9472,262
9473,262
9474,262
9475,262
9476,262
9477,262
9478,262
9479,262
9480,262
9481,262
9482,262
9483,263
9484,263
9485,263
9486,263
9487,263
9488,263
9489,263
9490,263
9491,263
9492,263
9493,263
9494,263
9495,263
9496,263
9497,263
9498,263
9499,263
9500,263
9501,263
9502,263
9503,263
9504,263
9505,263
9506,263
9507,263
9508,263
9509,263
9510,263
9511,263
9512,263
9513,263
9514,263
9515,263
9516,263
9517,263
9518,263
9519,263
9520,263
9521,263
9522,263
9523,263
9524,263
9525,263
9526,263
9527,263
9528,263
9529,263
9530,263
9531,263
9532,263
9533,263
9534,263
9535,264
9536,264
9537,264
9538,264
9539,264
9540,264
9541,264
9542,264
9543,264
9544,264
9545,264
9546,264
9547,264
9548,264
9549,264
9550,264
9551,264
9552,264
9553,264
9554,264
9555,264
9556,264
9557,264
9558,264
9559,264
9560,264
9561,264
9562,264
9563,264
9564,264
9565,264
9566,264
9567,264
9568,264
9569,264
9570,264
9571,264
9572,264
9573,264
9574,264
9575,264
9576,264
9577,264
9578,264
9579,264
9580,264
9581,264
9582,264
9583,264
9584,264
9585,264
9586,264
9587,264
9588,264
9589,264
9590,264
9591,264
9592,264
9593,264
9594,264
9595,264
9596,264
9597,264
9598,264
9599,264
9600,264
9601,264
9602,264
9603,264
9604,264
9605,264
9606,264
9607,264
9608,265
9609,265
9610,264
9611,264
9612,265
9613,264
9614,265
9615,264
9616,264
9617,264
9618,264
9619,264
9620,265
9621,265
9622,264
9623,264
9624,265
9625,265
9626,265
9627,265
9628,265
9629,265
9630,265
9631,265
9632,265
9633,265
9634,265
9635,265
9636,265
9637,265
9638,265
9639,265
9640,265
9641,265
9642,265
9643,265
9644,265
9645,264
9646,264
9647,264
9648,264
9649,264
9650,264
9651,265
9652,265
9653,265
9654,265
9655,265
9656,265
9657,265
9658,265
9659,265
9660,265
9661,265
9662,265
9663,265
9664,265
9665,265
9666,265
9667,265
9668,265
9669,265
9670,265
9671,265
9672,265
9673,265
9674,265
9675,265
9676,265
9677,265
9678,265
9679,265
9680,265
9681,265
9682,265
9683,265
9684,265
9685,265
9686,265
9687,265
9688,265
9689,265
9690,265
9691,265
9692,265
9693,265
9694,265
9695,265
9696,265
9697,265
9698,265
9699,265
9700,265
9701,265
9702,265
9703,265
9704,265
9705,265
9706,265
9707,265
9708,265
9709,265
9710,265
9711,265
9712,265
9713,265
9714,265
9715,265
9716,265
9717,265
9718,265
9719,265
9720,265
9721,265
9722,265
9723,265
9724,265
9725,265
9726,265
9727,265
9728,265
9729,265
9730,265
9731,265
9732,265
9733,265
9734,265
9735,265
9736,265
9737,265
9738,265
9739,265
9740,265
9741,265
9742,265
9743,265
9744,265
9745,265
9746,265
9747,265
9748,265
9749,265
9750,265
9751,265
9752,265
9753,265
9754,265
9755,265
9756,265
9757,265
9758,265
9759,265
9760,265
9761,265
9762,265
9763,265
9764,265
9765,265
9766,265
9767,265
9768,266
9769,266
9770,266
9771,266
9772,266
9773,266
9774,266
9775,266
9776,266
9777,266
9778,266
9779,266
9780,266
9781,266
9782,266
9783,266
9784,266
9785,266
9786,266
9787,266
9788,266
9789,266
9790,266
9791,266
9792,266
9793,266
9794,266
9795,266
9796,266
9797,266
9798,266
9799,266
9800,266
9801,266
9802,266
9803,266
9804,266
9805,266
9806,266
9807,266
9808,266
9809,266
9810,266
9811,266
9812,266
9813,266
9814,266
9815,266
9816,266
9817,266
9818,266
9819,266
9820,266
9821,266
9822,266
9823,266
9824,266
9825,266
9826,266
9827,266
9828,266
9829,266
9830,266
9831,266
9832,266
9833,266
9834,266
9835,266
9836,266
9837,267
9838,267
9839,266
9840,267
9841,267
9842,267
9843,267
9844,266
9845,266
9846,267
9847,267
9848,267
9849,267
9850,267
9851,267
9852,267
9853,267
9854,267
9855,267
9856,267
9857,267
9858,267
9859,267
9860,267
9861,267
9862,267
9863,267
9864,267
9865,267
9866,267
9867,267
9868,267
9869,267
9870,267
9871,267
9872,267
9873,267
9874,267
9875,267
9876,267
9877,267
9878,267
9879,267
9880,267
9881,267
9882,267
9883,267
9884,267
9885,267
9886,267
9887,267
9888,267
9889,267
9890,267
9891,267
9892,267
9893,267
9894,267
9895,267
9896,267
9897,267
9898,267
9899,267
9900,267
9901,267
9902,267
9903,267
9904,267
9905,267
9906,267
9907,267
9908,267
9909,267
9910,267
9911,267
9912,267
9913,267
9914,267
9915,267
9916,267
9917,267
9918,267
9919,267
9920,267
9921,267
9922,267
9923,267
9924,267
9925,267
9926,267
9927,267
9928,267
9929,267
9930,267
9931,267
9932,267
9933,267
9934,268
9935,268
9936,268
9937,267
9938,267
9939,267
9940,267
9941,267
9942,268
9943,268
9944,268
9945,268
9946,268
9947,268
9948,268
9949,268
9950,268
9951,268
9952,268
9953,268
9954,268
9955,268
9956,268
9957,268
9958,268
9959,268
9960,268
9961,268
9962,268
9963,268
9964,268
9965,268
9966,268
9967,268
9968,268
9969,268
9970,268
9971,268
9972,268
9973,268
9974,268
9975,268
9976,268
9977,268
9978,268
9979,268
9980,268
9981,268
9982,268
9983,268
9984,268
9985,268
9986,268
9987,268
9988,268
9989,268
9990,268
9991,268
9992,268
9993,268
9994,269
9995,269
9996,269
9997,269
9998,269
9999,269
