0,150
1,150
2,150
3,150
4,150
5,150
6,150
7,150
8,150
9,150
10,150
11,150
12,150
13,150
14,150
15,150
16,150
17,150
18,150
19,150
20,150
21,150
22,150
23,150
24,150
25,150
26,150
27,150
28,150
29,150
30,150
31,150
32,150
33,150
34,150
35,150
36,150
37,150
38,150
39,150
40,150
41,150
42,150
43,150
44,150
45,150
46,150
47,150
48,150
49,150
50,150
51,150
52,150
53,150
54,150
55,150
56,150
57,150
58,150
59,150
60,150
61,150
62,150
63,150
64,150
65,150
66,150
67,150
68,150
69,150
70,150
71,150
72,150
73,150
74,150
75,150
76,150
77,150
78,150
79,150
80,150
81,150
82,150
83,150
84,150
85,150
86,150
87,150
88,150
89,150
90,150
91,150
92,150
93,150
94,150
95,150
96,150
97,150
98,150
99,150
100,150
101,150
102,150
103,150
104,150
105,150
106,150
107,150
108,150
109,150
110,150
111,150
112,150
113,150
114,150
115,150
116,150
117,150
118,150
119,150
120,150
121,150
122,150
123,150
124,150
125,150
126,150
127,150
128,150
129,150
130,150
131,150
132,150
133,150
134,150
135,150
136,150
137,151
138,151
139,151
140,151
141,151
142,151
143,151
144,151
145,151
146,151
147,151
148,151
149,151
150,151
151,151
152,151
153,151
154,151
155,151
156,151
157,151
158,151
159,151
160,151
161,151
162,151
163,151
164,151
165,151
166,151
167,151
168,151
169,151
170,151
171,151
172,151
173,151
174,151
175,151
176,151
177,151
178,151
179,151
180,151
181,151
182,151
183,151
184,151
185,151
186,151
187,151
188,151
189,151
190,151
191,151
192,151
193,151
194,151
195,151
196,151
197,151
198,151
199,151
200,151
201,151
202,151
203,151
204,151
205,151
206,151
207,151
208,151
209,151
210,151
211,151
212,151
213,151
214,151
215,151
216,151
217,151
218,151
219,151
220,151
221,151
222,151
223,151
224,151
225,151
226,151
227,151
228,151
229,151
230,151
231,151
232,151
233,151
234,151
235,151
236,151
237,151
238,151
239,151
240,151
241,151
242,151
243,151
244,151
245,151
246,151
247,151
248,151
249,151
250,151
251,151
252,151
253,151
254,151
255,151
256,151
257,151
258,151
259,151
260,151
261,151
262,151
263,152
264,152
265,152
266,152
267,152
268,152
269,152
270,152
271,152
272,152
273,152
274,152
275,152
276,152
277,152
278,152
279,152
280,152
281,152
282,152
283,152
284,152
285,152
286,152
287,152
288,152
289,152
290,152
291,152
292,152
293,152
294,152
295,152
296,152
297,152
298,152
299,152
300,152
301,152
302,152
303,152
304,152
305,152
306,152
307,152
308,152
309,152
310,152
311,152
312,152
313,152
314,152
315,152
316,152
317,153
318,153
319,153
320,153
321,153
322,153
323,153
324,153
325,153
326,152
327,152
328,153
329,153
330,153
331,152
332,153
333,152
334,152
335,152
336,152
337,153
338,153
339,153
340,152
341,152
342,152
343,152
344,152
345,152
346,152
347,152
348,152
349,152
350,152
351,152
352,152
353,152
354,152
355,153
356,153
357,153
358,153
359,153
360,153
361,153
362,153
363,153
364,153
365,153
366,153
367,153
368,153
369,153
370,153
371,153
372,153
373,153
374,153
375,153
376,153
377,153
378,153
379,153
380,153
381,153
382,153
383,153
384,153
385,153
386,153
387,153
388,153
389,153
390,153
391,153
392,153
393,153
394,153
395,153
396,153
397,153
398,153
399,153
400,153
401,153
402,153
403,153
404,153
405,153
406,153
407,153
408,153
409,153
410,153
411,153
412,153
413,153
414,153
415,153
416,153
417,153
418,153
419,153
420,153
421,153
422,153
423,153
424,153
425,153
426,153
427,154
428,154
429,154
430,154
431,154
432,154
433,154
434,154
435,154
436,154
437,154
438,154
439,154
440,154
441,154
442,154
443,154
444,154
445,154
446,154
447,154
448,154
449,154
450,154
451,154
452,154
453,154
454,154
455,154
456,154
457,154
458,154
459,154
460,154
461,154
462,154
463,154
464,154
465,154
466,154
467,154
468,154
469,154
470,154
471,154
472,154
473,154
474,154
475,154
476,154
477,154
478,154
479,154
480,154
481,154
482,154
483,154
484,154
485,154
486,154
487,154
488,154
489,154
490,154
491,154
492,154
493,154
494,154
495,154
496,154
497,154
498,154
499,155
500,155
501,155
502,155
503,155
504,155
505,155
506,155
507,155
508,155
509,155
510,155
511,155
512,155
513,155
514,155
515,155
516,155
517,155
518,155
519,155
520,155
521,155
522,155
523,155
524,155
525,155
526,155
527,155
528,155
529,155
530,155
531,155
532,155
533,155
534,155
535,155
536,155
537,155
538,155
539,155
540,155
541,155
542,155
543,155
544,155
545,155
546,155
547,155
548,155
549,156
550,156
551,156
552,155
553,156
554,155
555,156
556,156
557,156
558,156
559,156
560,156
561,156
562,156
563,156
564,156
565,156
566,156
567,156
568,156
569,156
570,156
571,156
572,156
573,156
574,156
575,156
576,156
577,156
578,156
579,156
580,156
581,156
582,156
583,156
584,156
585,156
586,156
587,156
588,156
589,156
590,156
591,156
592,156
593,156
594,156
595,156
596,156
597,156
598,156
599,156
600,156
601,156
602,156
603,156
604,156
605,156
606,156
607,156
608,156
609,156
610,156
611,156
612,156
613,156
614,156
615,157
616,157
617,157
618,157
619,157
620,156
621,156
622,156
623,157
624,157
625,157
626,157
627,156
628,157
629,157
630,157
631,157
632,156
633,157
634,157
635,157
636,157
637,157
638,157
639,157
640,157
641,157
642,157
643,157
644,157
645,157
646,157
647,157
648,157
649,157
650,157
651,157
652,157
653,157
654,157
655,157
656,157
657,157
658,157
659,157
660,157
661,157
662,157
663,157
664,157
665,157
666,157
667,157
668,157
669,157
670,157
671,157
672,157
673,157
674,157
675,157
676,157
677,157
678,157
679,157
680,157
681,157
682,157
683,157
684,157
685,157
686,157
687,157
688,157
689,157
690,157
691,157
692,157
693,157
694,157
695,157
696,157
697,157
698,157
699,157
700,158
701,157
702,157
703,157
704,158
705,158
706,158
707,157
708,157
709,157
710,157
711,157
712,158
713,158
714,157
715,157
716,157
717,157
718,157
719,158
720,158
721,158
722,158
723,158
724,158
725,158
726,158
727,158
728,158
729,158
730,158
731,158
732,158
733,158
734,158
735,158
736,158
737,158
738,158
739,158
740,158
741,158
742,158
743,158
744,158
745,158
746,158
747,158
748,158
749,158
750,158
751,158
752,158
753,158
754,158
755,158
756,158
757,158
758,159
759,159
760,159
761,159
762,159
763,159
764,159
765,159
766,159
767,159
768,159
769,159
770,159
771,159
772,159
773,159
774,159
775,159
776,159
777,159
778,159
779,159
780,159
781,159
782,159
783,159
784,159
785,159
786,159
787,159
788,159
789,159
790,159
791,159
792,159
793,159
794,159
795,159
796,159
797,159
798,159
799,159
800,159
801,159
802,159
803,159
804,159
805,159
806,159
807,159
808,159
809,159
810,159
811,159
812,159
813,159
814,159
815,160
816,160
817,160
818,160
819,160
820,160
821,160
822,160
823,160
824,160
825,160
826,160
827,160
828,160
829,160
830,160
831,160
832,160
833,160
834,160
835,160
836,160
837,160
838,160
839,160
840,160
841,160
842,160
843,160
844,160
845,160
846,160
847,160
848,160
849,160
850,160
851,160
852,160
853,160
854,160
855,160
856,160
857,160
858,160
859,160
860,160
861,160
862,160
863,160
864,160
865,160
866,160
867,160
868,160
869,160
870,160
871,160
872,160
873,160
874,160
875,160
876,160
877,160
878,160
879,160
880,160
881,160
882,160
883,160
884,160
885,160
886,160
887,160
888,160
889,160
890,160
891,160
892,160
893,160
894,160
895,160
896,160
897,160
898,160
899,160
900,160
901,160
902,160
903,160
904,160
905,160
906,160
907,160
908,160
909,160
910,160
911,160
912,160
913,160
914,160
915,160
916,160
917,160
918,160
919,160
920,161
921,160
922,160
923,160
924,161
925,161
926,161
927,161
928,161
929,161
930,161
931,161
932,161
933,161
934,161
935,161
936,161
937,161
938,161
939,161
940,161
941,161
942,161
943,161
944,161
945,161
946,161
947,161
948,161
949,161
950,161
951,161
952,161
953,161
954,161
955,161
956,161
957,161
958,161
959,161
960,161
961,161
962,161
963,161
964,161
965,161
966,161
967,161
968,161
969,161
970,161
971,161
972,161
973,161
974,161
975,161
976,161
977,161
978,161
979,161
980,161
981,161
982,161
983,161
984,161
985,161
986,161
987,161
988,161
989,161
990,161
991,161
992,161
993,161
994,161
995,161
996,161
997,161
998,161
999,161
1000,161
1001,161
1002,161
1003,161
1004,161
1005,161
1006,161
1007,161
1008,161
1009,161
1010,161
1011,161
1012,161
1013,161
1014,161
1015,161
1016,161
1017,161
1018,161
1019,161
1020,161
1021,161
1022,161
1023,161
1024,161
1025,161
1026,161
1027,161
1028,161
1029,161
1030,161
1031,161
1032,161
1033,161
1034,161
1035,161
1036,161
1037,161
1038,161
1039,161
1040,161
1041,161
1042,161
1043,161
1044,161
1045,161
1046,161
1047,161
1048,161
1049,161
1050,161
1051,161
1052,161
1053,161
1054,161
1055,161
1056,161
1057,161
1058,161
1059,161
1060,161
1061,161
1062,161
1063,161
1064,161
1065,161
1066,161
1067,161
1068,161
1069,161
1070,161
1071,161
1072,161
1073,161
1074,161
1075,161
1076,161
1077,161
1078,161
1079,161
1080,161
1081,162
1082,162
1083,161
1084,162
1085,162
1086,162
1087,162
1088,162
1089,162
1090,161
1091,162
1092,162
1093,162
1094,162
1095,162
1096,162
1097,162
1098,162
1099,162
1100,162
1101,162
1102,162
1103,162
1104,162
1105,162
1106,162
1107,162
1108,162
1109,162
1110,162
1111,162
1112,162
1113,162
1114,162
1115,162
1116,162
1117,162
1118,162
1119,162
1120,162
1121,162
1122,162
1123,162
1124,162
1125,162
1126,162
1127,162
1128,162
1129,162
1130,162
1131,162
1132,162
1133,162
1134,162
1135,162
1136,162
1137,162
1138,162
1139,162
1140,162
1141,162
1142,162
1143,162
1144,162
1145,162
1146,162
1147,162
1148,162
1149,162
1150,162
1151,162
1152,162
1153,162
1154,162
1155,162
1156,162
1157,162
1158,162
1159,162
1160,162
1161,162
1162,162
1163,162
1164,162
1165,162
1166,162
1167,162
1168,162
1169,162
1170,162
1171,162
1172,162
1173,162
1174,162
1175,162
1176,162
1177,162
1178,162
1179,162
1180,162
1181,162
1182,162
1183,162
1184,162
1185,162
1186,162
1187,162
1188,162
1189,162
1190,162
1191,162
1192,162
1193,162
1194,162
1195,162
1196,162
1197,162
1198,162
1199,162
1200,162
1201,162
1202,162
1203,162
1204,162
1205,162
1206,162
1207,162
1208,162
1209,162
1210,162
1211,163
1212,163
1213,163
1214,163
1215,163
1216,163
1217,163
1218,163
1219,163
1220,163
1221,163
1222,163
1223,163
1224,163
1225,163
1226,163
1227,163
1228,163
1229,163
1230,163
1231,163
1232,163
1233,163
1234,163
1235,163
1236,163
1237,163
1238,163
1239,163
1240,163
1241,163
1242,163
1243,163
1244,163
1245,163
1246,163
1247,163
1248,163
1249,163
1250,163
1251,163
1252,163
1253,163
1254,163
1255,163
1256,163
1257,163
1258,163
1259,163
1260,163
1261,163
1262,163
1263,163
1264,163
1265,163
1266,163
1267,163
1268,163
1269,163
1270,163
1271,163
1272,163
1273,163
1274,163
1275,163
1276,163
1277,163
1278,163
1279,163
1280,163
1281,163
1282,163
1283,163
1284,163
1285,163
1286,163
1287,163
1288,163
1289,163
1290,163
1291,163
1292,163
1293,163
1294,163
1295,163
1296,163
1297,163
1298,163
1299,163
1300,163
1301,163
1302,163
1303,163
1304,163
1305,163
1306,163
1307,163
1308,163
1309,163
1310,163
1311,163
1312,163
1313,163
1314,163
1315,163
1316,163
1317,163
1318,163
1319,163
1320,163
1321,163
1322,163
1323,163
1324,163
1325,163
1326,163
1327,163
1328,163
1329,163
1330,164
1331,164
1332,164
1333,164
1334,164
1335,164
1336,164
1337,163
1338,164
1339,164
1340,164
1341,164
1342,164
1343,164
1344,164
1345,163
1346,163
1347,163
1348,163
1349,163
1350,163
1351,163
1352,163
1353,163
1354,163
1355,163
1356,163
1357,163
1358,163
1359,163
1360,163
1361,164
1362,164
1363,164
1364,164
1365,164
1366,164
1367,164
1368,164
1369,164
1370,164
1371,164
1372,164
1373,164
1374,164
1375,164
1376,164
1377,164
1378,164
1379,164
1380,164
1381,164
1382,164
1383,164
1384,164
1385,164
1386,164
1387,164
1388,164
1389,164
1390,164
1391,164
1392,164
1393,164
1394,164
1395,164
1396,164
1397,164
1398,164
1399,164
1400,164
1401,164
1402,164
1403,164
1404,164
1405,164
1406,164
1407,164
1408,164
1409,164
1410,164
1411,164
1412,164
1413,164
1414,164
1415,164
1416,164
1417,164
1418,164
1419,164
1420,164
1421,164
1422,164
1423,164
1424,164
1425,164
1426,164
1427,164
1428,164
1429,164
1430,164
1431,164
1432,164
1433,164
1434,164
1435,164
1436,164
1437,164
1438,164
1439,164
1440,164
1441,164
1442,164
1443,164
1444,164
1445,164
1446,164
1447,164
1448,164
1449,164
1450,164
1451,164
1452,164
1453,164
1454,164
1455,164
1456,164
1457,164
1458,164
1459,164
1460,164
1461,164
1462,164
1463,164
1464,164
1465,164
1466,164
1467,164
1468,164
1469,164
1470,164
1471,164
1472,164
1473,164
1474,164
1475,164
1476,164
1477,164
1478,164
1479,164
1480,165
1481,165
1482,165
1483,165
1484,165
1485,165
1486,165
1487,165
1488,165
1489,165
1490,165
1491,165
1492,165
1493,165
1494,165
1495,165
1496,165
1497,165
1498,165
1499,165
1500,165
1501,165
1502,165
1503,165
1504,165
1505,165
1506,165
1507,165
1508,165
1509,165
1510,165
1511,165
1512,165
1513,165
1514,165
1515,165
1516,165
1517,165
1518,165
1519,165
1520,165
1521,165
1522,165
1523,165
1524,165
1525,165
1526,165
1527,165
1528,165
1529,165
1530,165
1531,165
1532,165
1533,165
1534,165
1535,165
1536,165
1537,165
1538,165
1539,165
1540,165
1541,165
1542,165
1543,165
1544,165
1545,165
1546,165
1547,165
1548,165
1549,165
1550,165
1551,165
1552,165
1553,165
1554,165
1555,165
1556,165
1557,165
1558,165
1559,165
1560,165
1561,165
1562,165
1563,165
1564,165
1565,165
1566,165
1567,165
1568,165
1569,165
1570,165
1571,165
1572,165
1573,165
1574,165
1575,165
1576,165
1577,165
1578,165
1579,165
1580,165
1581,165
1582,165
1583,165
1584,165
1585,165
1586,165
1587,165
1588,165
1589,165
1590,165
1591,165
1592,165
1593,165
1594,165
1595,165
1596,165
1597,165
1598,165
1599,165
1600,165
1601,165
1602,165
1603,165
1604,165
1605,165
1606,165
1607,165
1608,165
1609,165
1610,165
1611,165
1612,165
1613,165
1614,165
1615,165
1616,165
1617,165
1618,165
1619,165
1620,165
1621,165
1622,165
1623,165
1624,165
1625,165
1626,165
1627,165
1628,165
1629,165
1630,165
1631,165
1632,165
1633,165
1634,165
1635,165
1636,165
1637,165
1638,165
1639,166
1640,165
1641,166
1642,166
1643,166
1644,166
1645,166
1646,166
1647,166
1648,166
1649,166
1650,166
1651,166
1652,166
1653,166
1654,166
1655,166
1656,166
1657,166
1658,166
1659,166
1660,166
1661,166
1662,166
1663,166
1664,166
1665,166
1666,166
1667,166
1668,166
1669,166
1670,166
1671,166
1672,166
1673,166
1674,166
1675,166
1676,166
1677,166
1678,166
1679,166
1680,166
1681,166
1682,166
1683,166
1684,166
1685,166
1686,166
1687,166
1688,166
1689,166
1690,166
1691,166
1692,166
1693,166
1694,166
1695,166
1696,166
1697,166
1698,166
1699,166
1700,166
1701,166
1702,166
1703,166
1704,166
1705,166
1706,166
1707,166
1708,166
1709,166
1710,166
1711,166
1712,166
1713,166
1714,166
1715,166
1716,166
1717,166
1718,166
1719,166
1720,166
1721,166
1722,166
1723,166
1724,166
1725,166
1726,166
1727,166
1728,166
1729,166
1730,166
1731,166
1732,166
1733,166
1734,166
1735,166
1736,166
1737,166
1738,166
1739,166
1740,166
1741,166
1742,166
1743,166
1744,166
1745,166
1746,166
1747,166
1748,166
1749,166
1750,166
1751,166
1752,166
1753,166
1754,166
1755,166
1756,166
1757,166
1758,166
1759,166
1760,166
1761,166
1762,166
1763,166
1764,166
1765,166
1766,166
1767,166
1768,166
1769,166
1770,166
1771,167
1772,167
1773,167
1774,167
1775,167
1776,167
1777,167
1778,167
1779,167
1780,167
1781,167
1782,167
1783,167
1784,167
1785,167
1786,167
1787,167
1788,167
1789,167
1790,167
1791,167
1792,167
1793,167
1794,167
1795,167
1796,167
1797,167
1798,167
1799,167
1800,167
1801,167
1802,167
1803,167
1804,167
1805,167
1806,167
1807,167
1808,167
1809,167
1810,167
1811,167
1812,167
1813,167
1814,167
1815,167
1816,167
1817,167
1818,167
1819,167
1820,167
1821,167
1822,167
1823,167
1824,167
1825,167
1826,167
1827,167
1828,167
1829,167
1830,167
1831,167
1832,167
1833,167
1834,167
1835,167
1836,167
1837,167
1838,167
1839,168
1840,168
1841,168
1842,167
1843,167
1844,167
1845,167
1846,167
1847,167
1848,167
1849,167
1850,167
1851,167
1852,167
1853,167
1854,167
1855,167
1856,167
1857,167
1858,167
1859,167
1860,167
1861,167
1862,167
1863,167
1864,167
1865,168
1866,168
1867,168
1868,168
1869,168
1870,168
1871,168
1872,167
1873,168
1874,168
1875,168
1876,168
1877,168
1878,168
1879,168
1880,168
1881,168
1882,168
1883,168
1884,168
1885,168
1886,168
1887,168
1888,168
1889,168
1890,168
1891,168
1892,168
1893,168
1894,168
1895,168
1896,168
1897,168
1898,168
1899,168
1900,168
1901,168
1902,168
1903,168
1904,168
1905,168
1906,168
1907,168
1908,168
1909,168
1910,168
1911,168
1912,168
1913,168
1914,168
1915,168
1916,168
1917,168
1918,168
1919,168
1920,168
1921,168
1922,168
1923,168
1924,168
1925,168
1926,168
1927,168
1928,168
1929,168
1930,168
1931,168
1932,168
1933,168
1934,168
1935,168
1936,168
1937,168
1938,168
1939,168
1940,169
1941,169
1942,169
1943,169
1944,169
1945,169
1946,169
1947,169
1948,169
1949,169
1950,169
1951,169
1952,169
1953,169
1954,169
1955,169
1956,169
1957,169
1958,169
1959,169
1960,169
1961,169
1962,169
1963,169
1964,169
1965,169
1966,169
1967,169
1968,169
1969,169
1970,169
1971,169
1972,169
1973,169
1974,169
1975,169
1976,169
1977,169
1978,169
1979,169
1980,169
1981,169
1982,169
1983,169
1984,169
1985,169
1986,169
1987,169
1988,169
1989,169
1990,169
1991,169
1992,169
1993,169
1994,169
1995,169
1996,169
1997,169
1998,169
1999,169
2000,169
2001,169
2002,169
2003,169
2004,169
2005,169
2006,169
2007,169
2008,169
2009,169
2010,169
2011,169
2012,169
2013,169
2014,169
2015,169
2016,169
2017,169
2018,169
2019,169
2020,169
2021,169
2022,169
2023,169
2024,169
2025,169
2026,169
2027,169
2028,169
2029,169
2030,169
2031,169
2032,169
2033,169
2034,169
2035,169
2036,169
2037,169
2038,169
2039,169
2040,169
2041,169
2042,169
2043,169
2044,169
2045,169
2046,169
2047,169
2048,169
2049,169
2050,169
2051,169
2052,169
2053,169
2054,169
2055,169
2056,169
2057,169
2058,169
2059,169
2060,169
2061,169
2062,169
2063,169
2064,169
2065,169
2066,169
2067,169
2068,169
2069,169
2070,169
2071,169
2072,170
2073,170
2074,170
2075,170
2076,170
2077,170
2078,170
2079,170
2080,170
2081,170
2082,170
2083,170
2084,170
2085,170
2086,170
2087,170
2088,170
2089,170
2090,170
2091,170
2092,170
2093,170
2094,170
2095,170
2096,170
2097,170
2098,170
2099,170
2100,170
2101,170
2102,170
2103,170
2104,170
2105,170
2106,170
2107,170
2108,170
2109,170
2110,170
2111,170
2112,170
2113,170
2114,170
2115,170
2116,170
2117,170
2118,170
2119,170
2120,170
2121,170
2122,170
2123,170
2124,170
2125,170
2126,170
2127,170
2128,170
2129,170
2130,170
2131,170
2132,170
2133,170
2134,170
2135,170
2136,170
2137,170
2138,170
2139,170
2140,170
2141,170
2142,170
2143,170
2144,171
2145,170
2146,170
2147,171
2148,170
2149,170
2150,170
2151,170
2152,171
2153,171
2154,171
2155,171
2156,171
2157,171
2158,171
2159,171
2160,171
2161,171
2162,171
2163,171
2164,171
2165,171
2166,171
2167,171
2168,171
2169,171
2170,171
2171,171
2172,171
2173,171
2174,171
2175,171
2176,171
2177,171
2178,171
2179,171
2180,171
2181,171
2182,171
2183,171
2184,171
2185,171
2186,171
2187,171
2188,171
2189,171
2190,171
2191,171
2192,171
2193,171
2194,171
2195,171
2196,171
2197,171
2198,171
2199,171
2200,171
2201,171
2202,171
2203,171
2204,171
2205,171
2206,171
2207,171
2208,171
2209,171
2210,171
2211,171
2212,171
2213,171
2214,171
2215,171
2216,171
2217,171
2218,171
2219,171
2220,171
2221,171
2222,171
2223,172
2224,172
2225,172
2226,171
2227,171
2228,171
2229,171
2230,172
2231,172
2232,172
2233,172
2234,172
2235,172
2236,172
2237,172
2238,172
2239,172
2240,172
2241,172
2242,172
2243,172
2244,172
2245,172
2246,172
2247,172
2248,172
2249,172
2250,172
2251,172
2252,171
2253,171
2254,172
2255,172
2256,172
2257,172
2258,172
2259,172
2260,172
2261,172
2262,172
2263,172
2264,172
2265,172
2266,172
2267,172
2268,172
2269,172
2270,172
2271,172
2272,172
2273,172
2274,172
2275,172
2276,172
2277,172
2278,172
2279,172
2280,172
2281,172
2282,172
2283,172
2284,172
2285,172
2286,172
2287,172
2288,172
2289,172
2290,172
2291,172
2292,172
2293,172
2294,172
2295,172
2296,172
2297,172
2298,172
2299,172
2300,172
2301,172
2302,172
2303,172
2304,172
2305,172
2306,172
2307,172
2308,172
2309,172
2310,172
2311,172
2312,172
2313,172
2314,172
2315,172
2316,172
2317,172
2318,172
2319,172
2320,172
2321,172
2322,172
2323,172
2324,172
2325,172
2326,172
2327,172
2328,173
2329,172
2330,172
2331,172
2332,172
2333,172
2334,172
2335,172
2336,172
2337,172
2338,172
2339,172
2340,172
2341,172
2342,172
2343,172
2344,172
2345,172
2346,172
2347,172
2348,172
2349,172
2350,173
2351,173
2352,173
2353,173
2354,173
2355,173
2356,173
2357,173
2358,173
2359,173
2360,173
2361,173
2362,173
2363,173
2364,173
2365,173
2366,173
2367,173
2368,173
2369,173
2370,173
2371,173
2372,173
2373,173
2374,173
2375,173
2376,173
2377,173
2378,173
2379,173
2380,173
2381,173
2382,173
2383,173
2384,173
2385,173
2386,173
2387,173
2388,173
2389,173
2390,173
2391,173
2392,173
2393,173
2394,173
2395,173
2396,173
2397,173
2398,173
2399,173
2400,173
2401,173
2402,173
2403,173
2404,173
2405,173
2406,174
2407,174
2408,173
2409,173
2410,173
2411,174
2412,174
2413,174
2414,174
2415,174
2416,174
2417,174
2418,174
2419,174
2420,174
2421,174
2422,174
2423,174
2424,174
2425,174
2426,174
2427,174
2428,174
2429,174
2430,174
2431,174
2432,174
2433,174
2434,174
2435,174
2436,174
2437,174
2438,174
2439,174
2440,174
2441,174
2442,174
2443,174
2444,174
2445,175
2446,175
2447,175
2448,175
2449,175
2450,175
2451,175
2452,175
2453,175
2454,175
2455,175
2456,175
2457,175
2458,175
2459,175
2460,175
2461,175
2462,175
2463,175
2464,175
2465,175
2466,175
2467,175
2468,175
2469,175
2470,175
2471,175
2472,175
2473,175
2474,175
2475,175
2476,175
2477,175
2478,175
2479,175
2480,175
2481,175
2482,175
2483,175
2484,175
2485,175
2486,175
2487,175
2488,175
2489,175
2490,175
2491,175
2492,175
2493,175
2494,175
2495,175
2496,175
2497,175
2498,175
2499,175
2500,175
2501,175
2502,175
2503,175
2504,175
2505,175
2506,175
2507,175
2508,175
2509,175
2510,175
2511,175
2512,175
2513,175
2514,175
2515,175
2516,175
2517,175
2518,175
2519,175
2520,175
2521,175
2522,175
2523,175
2524,176
2525,176
2526,176
2527,176
2528,176
2529,176
2530,176
2531,176
2532,176
2533,176
2534,176
2535,176
2536,176
2537,176
2538,176
2539,176
2540,176
2541,176
2542,176
2543,176
2544,176
2545,176
2546,176
2547,176
2548,176
2549,176
2550,176
2551,176
2552,176
2553,176
2554,176
2555,176
2556,176
2557,176
2558,176
2559,176
2560,176
2561,176
2562,176
2563,176
2564,176
2565,176
2566,176
2567,176
2568,176
2569,176
2570,176
2571,176
2572,176
2573,176
2574,176
2575,176
2576,176
2577,176
2578,176
2579,176
2580,176
2581,176
2582,176
2583,176
2584,176
2585,176
2586,176
2587,176
2588,176
2589,176
2590,176
2591,176
2592,177
2593,177
2594,177
2595,177
2596,177
2597,177
2598,177
2599,177
2600,177
2601,177
2602,177
2603,177
2604,177
2605,177
2606,177
2607,177
2608,177
2609,177
2610,177
2611,177
2612,177
2613,177
2614,177
2615,177
2616,177
2617,177
2618,177
2619,177
2620,177
2621,177
2622,177
2623,177
2624,177
2625,177
2626,177
2627,177
2628,177
2629,177
2630,177
2631,177
2632,177
2633,177
2634,177
2635,177
2636,177
2637,177
2638,177
2639,177
2640,177
2641,177
2642,177
2643,177
2644,177
2645,178
2646,178
2647,178
2648,178
2649,178
2650,178
2651,178
2652,178
2653,178
2654,178
2655,178
2656,178
2657,178
2658,178
2659,178
2660,178
2661,178
2662,178
2663,178
2664,178
2665,178
2666,178
2667,178
2668,178
2669,178
2670,178
2671,178
2672,178
2673,178
2674,178
2675,178
2676,178
2677,178
2678,178
2679,178
2680,178
2681,178
2682,178
2683,178
2684,178
2685,178
2686,178
2687,178
2688,178
2689,179
2690,179
2691,179
2692,178
2693,179
2694,179
2695,179
2696,179
2697,179
2698,179
2699,179
2700,179
2701,179
2702,179
2703,179
2704,179
2705,179
2706,179
2707,179
2708,179
2709,179
2710,179
2711,179
2712,179
2713,179
2714,179
2715,179
2716,179
2717,179
2718,179
2719,179
2720,179
2721,179
2722,179
2723,179
2724,179
2725,179
2726,179
2727,179
2728,179
2729,179
2730,179
2731,179
2732,179
2733,179
2734,179
2735,179
2736,179
2737,179
2738,179
2739,179
2740,179
2741,179
2742,179
2743,179
2744,179
2745,179
2746,179
2747,179
2748,179
2749,179
2750,179
2751,179
2752,179
2753,179
2754,179
2755,179
2756,179
2757,179
2758,179
2759,179
2760,179
2761,179
2762,179
2763,179
2764,179
2765,179
2766,179
2767,179
2768,179
2769,179
2770,179
2771,179
2772,179
2773,179
2774,179
2775,179
2776,179
2777,179
2778,180
2779,180
2780,180
2781,180
2782,180
2783,180
2784,180
2785,180
2786,180
2787,180
2788,180
2789,180
2790,180
2791,180
2792,180
2793,180
2794,180
2795,180
2796,180
2797,180
2798,180
2799,180
2800,180
2801,180
2802,180
2803,180
2804,180
2805,180
2806,180
2807,180
2808,180
2809,180
2810,180
2811,180
2812,180
2813,180
2814,180
2815,180
2816,180
2817,180
2818,180
2819,180
2820,180
2821,180
2822,180
2823,180
2824,180
2825,180
2826,180
2827,180
2828,180
2829,180
2830,180
2831,180
2832,180
2833,180
2834,180
2835,180
2836,180
2837,180
2838,180
2839,180
2840,180
2841,180
2842,180
2843,180
2844,180
2845,180
2846,180
2847,180
2848,180
2849,180
2850,180
2851,180
2852,180
2853,180
2854,180
2855,180
2856,180
2857,180
2858,180
2859,180
2860,180
2861,180
2862,180
2863,180
2864,180
2865,180
2866,180
2867,180
2868,180
2869,180
2870,180
2871,180
2872,180
2873,180
2874,180
2875,180
2876,180
2877,180
2878,180
2879,180
2880,180
2881,180
2882,180
2883,180
2884,180
2885,180
2886,180
2887,180
2888,180
2889,180
2890,180
2891,181
2892,181
2893,181
2894,181
2895,181
2896,181
2897,181
2898,181
2899,181
2900,181
2901,181
2902,180
2903,180
2904,181
2905,181
2906,181
2907,181
2908,181
2909,181
2910,181
2911,181
2912,181
2913,181
2914,181
2915,181
2916,181
2917,181
2918,181
2919,181
2920,181
2921,181
2922,181
2923,181
2924,181
2925,181
2926,181
2927,181
2928,181
2929,181
2930,181
2931,181
2932,181
2933,181
2934,181
2935,181
2936,181
2937,181
2938,181
2939,181
2940,181
2941,181
2942,181
2943,181
2944,181
2945,181
2946,181
2947,181
2948,181
2949,181
2950,181
2951,181
2952,181
2953,181
2954,181
2955,181
2956,181
2957,181
2958,181
2959,181
2960,181
2961,181
2962,181
2963,181
2964,181
2965,181
2966,181
2967,181
2968,181
2969,181
2970,181
2971,181
2972,181
2973,181
2974,181
2975,181
2976,181
2977,181
2978,181
2979,181
2980,181
2981,181
2982,181
2983,181
2984,181
2985,181
2986,181
2987,181
2988,181
2989,181
2990,181
2991,181
2992,181
2993,181
2994,181
2995,181
2996,181
2997,181
2998,181
2999,181
3000,181
3001,181
3002,181
3003,181
3004,181
3005,181
3006,181
3007,181
3008,181
3009,181
3010,181
3011,181
3012,181
3013,181
3014,181
3015,182
3016,182
3017,182
3018,181
3019,181
3020,181
3021,182
3022,182
3023,182
3024,182
3025,182
3026,182
3027,182
3028,182
3029,182
3030,182
3031,182
3032,182
3033,182
3034,182
3035,182
3036,182
3037,182
3038,182
3039,182
3040,182
3041,182
3042,182
3043,182
3044,182
3045,182
3046,182
3047,182
3048,182
3049,182
3050,182
3051,182
3052,182
3053,182
3054,182
3055,182
3056,182
3057,182
3058,182
3059,182
3060,182
3061,182
3062,182
3063,182
3064,182
3065,182
3066,182
3067,182
3068,182
3069,182
3070,182
3071,182
3072,182
3073,182
3074,182
3075,182
3076,182
3077,182
3078,182
3079,182
3080,182
3081,183
3082,183
3083,183
3084,183
3085,182
3086,182
3087,182
3088,182
3089,182
3090,182
3091,182
3092,182
3093,182
3094,182
3095,182
3096,183
3097,183
3098,183
3099,183
3100,183
3101,183
3102,183
3103,183
3104,183
3105,183
3106,183
3107,183
3108,183
3109,183
3110,183
3111,183
3112,183
3113,183
3114,183
3115,183
3116,183
3117,183
3118,183
3119,183
3120,183
3121,183
3122,183
3123,183
3124,183
3125,183
3126,183
3127,183
3128,183
3129,183
3130,183
3131,183
3132,183
3133,183
3134,183
3135,183
3136,183
3137,183
3138,183
3139,183
3140,183
3141,184
3142,184
3143,184
3144,184
3145,184
3146,184
3147,184
3148,184
3149,184
3150,184
3151,184
3152,184
3153,184
3154,184
3155,184
3156,184
3157,184
3158,184
3159,184
3160,184
3161,184
3162,184
3163,184
3164,184
3165,184
3166,184
3167,184
3168,184
3169,184
3170,184
3171,184
3172,184
3173,184
3174,184
3175,184
3176,184
3177,184
3178,184
3179,184
3180,184
3181,184
3182,184
3183,184
3184,184
3185,184
3186,184
3187,184
3188,184
3189,184
3190,184
3191,184
3192,184
3193,184
3194,184
3195,184
3196,184
3197,184
3198,184
3199,184
3200,184
3201,184
3202,184
3203,184
3204,184
3205,184
3206,184
3207,184
3208,184
3209,184
3210,184
3211,184
3212,184
3213,184
3214,184
3215,184
3216,184
3217,184
3218,184
3219,184
3220,184
3221,184
3222,184
3223,184
3224,184
3225,184
3226,184
3227,184
3228,184
3229,184
3230,184
3231,184
3232,184
3233,184
3234,184
3235,184
3236,184
3237,184
3238,184
3239,184
3240,184
3241,184
3242,184
3243,184
3244,184
3245,184
3246,184
3247,185
3248,184
3249,185
3250,185
3251,185
3252,185
3253,185
3254,185
3255,185
3256,185
3257,185
3258,185
3259,185
3260,185
3261,185
3262,185
3263,185
3264,185
3265,185
3266,185
3267,185
3268,185
3269,185
3270,185
3271,185
3272,185
3273,185
3274,185
3275,185
3276,185
3277,185
3278,185
3279,185
3280,185
3281,185
3282,185
3283,185
3284,185
3285,185
3286,185
3287,185
3288,185
3289,185
3290,185
3291,185
3292,185
3293,185
3294,185
3295,185
3296,185
3297,185
3298,185
3299,185
3300,185
3301,185
3302,185
3303,185
3304,185
3305,186
3306,185
3307,185
3308,185
3309,186
3310,186
3311,186
3312,186
3313,186
3314,186
3315,186
3316,186
3317,186
3318,186
3319,186
3320,186
3321,186
3322,186
3323,186
3324,186
3325,186
3326,186
3327,186
3328,186
3329,186
3330,186
3331,186
3332,186
3333,186
3334,186
3335,186
3336,186
3337,186
3338,186
3339,186
3340,186
3341,186
3342,186
3343,186
3344,186
3345,186
3346,186
3347,186
3348,186
3349,186
3350,186
3351,186
3352,186
3353,186
3354,186
3355,186
3356,186
3357,186
3358,186
3359,186
3360,186
3361,186
3362,186
3363,186
3364,186
3365,186
3366,186
3367,186
3368,186
3369,186
3370,186
3371,186
3372,186
3373,186
3374,186
3375,186
3376,186
3377,186
3378,186
3379,186
3380,186
3381,186
3382,186
3383,186
3384,187
3385,187
3386,186
3387,186
3388,186
3389,186
3390,186
3391,187
3392,187
3393,187
3394,187
3395,187
3396,187
3397,187
3398,187
3399,187
3400,187
3401,187
3402,186
3403,187
3404,187
3405,187
3406,187
3407,187
3408,187
3409,187
3410,187
3411,187
3412,187
3413,187
3414,187
3415,187
3416,187
3417,187
3418,187
3419,187
3420,187
3421,187
3422,187
3423,187
3424,187
3425,187
3426,187
3427,187
3428,187
3429,187
3430,187
3431,187
3432,187
3433,187
3434,187
3435,187
3436,187
3437,187
3438,187
3439,187
3440,187
3441,187
3442,187
3443,187
3444,187
3445,187
3446,187
3447,188
3448,187
3449,187
3450,188
3451,188
3452,188
3453,188
3454,188
3455,188
3456,188
3457,188
3458,188
3459,188
3460,188
3461,188
3462,188
3463,188
3464,188
3465,188
3466,188
3467,188
3468,188
3469,188
3470,188
3471,188
3472,188
3473,188
3474,188
3475,188
3476,188
3477,188
3478,188
3479,188
3480,188
3481,188
3482,188
3483,188
3484,188
3485,188
3486,188
3487,188
3488,188
3489,188
3490,188
3491,188
3492,188
3493,188
3494,188
3495,188
3496,188
3497,188
3498,188
3499,188
3500,189
3501,189
3502,189
3503,189
3504,189
3505,189
3506,189
3507,189
3508,189
3509,189
3510,189
3511,189
3512,189
3513,189
3514,189
3515,189
3516,189
3517,189
3518,189
3519,189
3520,189
3521,189
3522,189
3523,189
3524,189
3525,189
3526,189
3527,189
3528,189
3529,189
3530,189
3531,189
3532,189
3533,189
3534,189
3535,189
3536,189
3537,189
3538,189
3539,189
3540,189
3541,189
3542,189
3543,189
3544,189
3545,189
3546,189
3547,189
3548,189
3549,189
3550,189
3551,189
3552,189
3553,189
3554,189
3555,190
3556,189
3557,190
3558,190
3559,190
3560,190
3561,189
3562,189
3563,189
3564,189
3565,189
3566,189
3567,189
3568,189
3569,190
3570,190
3571,189
3572,189
3573,189
3574,189
3575,189
3576,189
3577,190
3578,190
3579,190
3580,189
3581,190
3582,190
3583,190
3584,190
3585,190
3586,190
3587,190
3588,190
3589,190
3590,190
3591,190
3592,190
3593,190
3594,190
3595,190
3596,190
3597,190
3598,190
3599,190
3600,190
3601,190
3602,190
3603,190
3604,190
3605,190
3606,190
3607,190
3608,190
3609,190
3610,190
3611,190
3612,190
3613,190
3614,190
3615,190
3616,190
3617,190
3618,190
3619,190
3620,190
3621,190
3622,190
3623,190
3624,190
3625,190
3626,190
3627,190
3628,190
3629,190
3630,190
3631,190
3632,190
3633,190
3634,190
3635,190
3636,190
3637,190
3638,190
3639,190
3640,190
3641,190
3642,190
3643,190
3644,190
3645,190
3646,190
3647,190
3648,190
3649,190
3650,190
3651,190
3652,190
3653,190
3654,190
3655,190
3656,190
3657,190
3658,191
3659,191
3660,191
3661,191
3662,191
3663,191
3664,191
3665,191
3666,191
3667,191
3668,191
3669,191
3670,191
3671,191
3672,191
3673,191
3674,191
3675,191
3676,191
3677,191
3678,191
3679,191
3680,191
3681,191
3682,191
3683,191
3684,191
3685,191
3686,191
3687,191
3688,191
3689,191
3690,191
3691,191
3692,191
3693,191
3694,191
3695,191
3696,191
3697,191
3698,191
3699,191
3700,191
3701,191
3702,191
3703,191
3704,191
3705,191
3706,191
3707,191
3708,191
3709,191
3710,191
3711,191
3712,191
3713,191
3714,191
3715,191
3716,191
3717,191
3718,191
3719,191
3720,191
3721,191
3722,191
3723,191
3724,191
3725,191
3726,191
3727,191
3728,191
3729,191
3730,191
3731,191
3732,191
3733,191
3734,191
3735,191
3736,192
3737,191
3738,192
3739,192
3740,192
3741,192
3742,192
3743,192
3744,192
3745,192
3746,192
3747,192
3748,192
3749,192
3750,192
3751,192
3752,192
3753,192
3754,192
3755,192
3756,192
3757,192
3758,192
3759,192
3760,192
3761,192
3762,192
3763,192
3764,192
3765,192
3766,192
3767,192
3768,192
3769,192
3770,192
3771,192
3772,192
3773,192
3774,192
3775,192
3776,192
3777,192
3778,192
3779,192
3780,192
3781,192
3782,192
3783,192
3784,192
3785,192
3786,192
3787,192
3788,192
3789,192
3790,192
3791,192
3792,192
3793,192
3794,192
3795,192
3796,192
3797,192
3798,192
3799,192
3800,192
3801,192
3802,193
3803,193
3804,193
3805,193
3806,193
3807,192
3808,193
3809,193
3810,193
3811,193
3812,193
3813,193
3814,193
3815,193
3816,193
3817,193
3818,193
3819,193
3820,193
3821,193
3822,193
3823,193
3824,193
3825,193
3826,193
3827,193
3828,193
3829,193
3830,193
3831,193
3832,193
3833,193
3834,193
3835,193
3836,193
3837,193
3838,193
3839,193
3840,193
3841,193
3842,193
3843,193
3844,193
3845,193
3846,193
3847,193
3848,193
3849,193
3850,193
3851,193
3852,193
3853,193
3854,193
3855,193
3856,193
3857,193
3858,193
3859,193
3860,193
3861,193
3862,193
3863,193
3864,193
3865,193
3866,193
3867,193
3868,193
3869,193
3870,193
3871,193
3872,193
3873,193
3874,193
3875,193
3876,193
3877,193
3878,193
3879,193
3880,193
3881,193
3882,193
3883,193
3884,193
3885,193
3886,193
3887,193
3888,193
3889,193
3890,193
3891,193
3892,193
3893,193
3894,193
3895,193
3896,193
3897,193
3898,193
3899,193
3900,193
3901,193
3902,194
3903,194
3904,194
3905,194
3906,194
3907,194
3908,194
3909,194
3910,194
3911,194
3912,194
3913,194
3914,194
3915,194
3916,194
3917,194
3918,194
3919,194
3920,194
3921,194
3922,194
3923,194
3924,194
3925,194
3926,194
3927,194
3928,194
3929,194
3930,194
3931,194
3932,194
3933,194
3934,194
3935,194
3936,194
3937,194
3938,194
3939,194
3940,194
3941,194
3942,194
3943,194
3944,194
3945,194
3946,194
3947,194
3948,194
3949,194
3950,194
3951,194
3952,194
3953,194
3954,194
3955,194
3956,194
3957,194
3958,194
3959,194
3960,194
3961,194
3962,194
3963,194
3964,194
3965,194
3966,194
3967,194
3968,194
3969,194
3970,194
3971,194
3972,194
3973,194
3974,194
3975,194
3976,195
3977,195
3978,195
3979,195
3980,195
3981,195
3982,195
3983,195
3984,195
3985,195
3986,195
3987,195
3988,195
3989,195
3990,195
3991,195
3992,195
3993,195
3994,195
3995,195
3996,195
3997,195
3998,195
3999,195
4000,195
4001,195
4002,195
4003,195
4004,195
4005,195
4006,195
4007,195
4008,195
4009,195
4010,195
4011,195
4012,195
4013,195
4014,195
4015,195
4016,195
4017,195
4018,195
4019,195
4020,195
4021,195
4022,195
4023,195
4024,195
4025,195
4026,195
4027,195
4028,195
4029,195
4030,195
4031,195
4032,195
4033,195
4034,195
4035,195
4036,195
4037,195
4038,195
4039,195
4040,195
4041,195
4042,195
4043,195
4044,195
4045,195
4046,195
4047,195
4048,195
4049,195
4050,195
4051,195
4052,195
4053,195
4054,195
4055,195
4056,195
4057,195
4058,195
4059,195
4060,195
4061,195
4062,195
4063,195
4064,195
4065,195
4066,195
4067,195
4068,195
4069,195
4070,195
4071,195
4072,195
4073,195
4074,195
4075,195
4076,195
4077,195
4078,195
4079,195
4080,195
4081,195
4082,195
4083,195
4084,195
4085,195
4086,195
4087,195
4088,195
4089,195
4090,195
4091,195
4092,195
4093,195
4094,195
4095,195
4096,195
4097,195
4098,195
4099,195
4100,195
4101,195
4102,195
4103,195
4104,195
4105,195
4106,195
4107,195
4108,195
4109,195
4110,195
4111,195
4112,195
4113,195
4114,195
4115,195
4116,195
4117,195
4118,195
4119,195
4120,195
4121,195
4122,195
4123,195
4124,195
4125,195
4126,195
4127,195
4128,195
4129,195
4130,195
4131,195
4132,195
4133,195
4134,195
4135,195
4136,195
4137,195
4138,195
4139,196
4140,196
4141,196
4142,195
4143,196
4144,196
4145,196
4146,196
4147,196
4148,196
4149,196
4150,196
4151,196
4152,196
4153,196
4154,196
4155,196
4156,196
4157,196
4158,196
4159,196
4160,196
4161,196
4162,196
4163,196
4164,196
4165,196
4166,196
4167,196
4168,196
4169,196
4170,196
4171,196
4172,196
4173,196
4174,196
4175,196
4176,196
4177,196
4178,196
4179,196
4180,196
4181,196
4182,196
4183,196
4184,196
4185,196
4186,196
4187,196
4188,196
4189,196
4190,196
4191,197
4192,197
4193,197
4194,197
4195,197
4196,197
4197,197
4198,197
4199,197
4200,197
4201,197
4202,197
4203,197
4204,197
4205,197
4206,197
4207,197
4208,197
4209,197
4210,197
4211,197
4212,197
4213,197
4214,197
4215,197
4216,197
4217,197
4218,197
4219,197
4220,197
4221,197
4222,197
4223,197
4224,197
4225,197
4226,197
4227,197
4228,197
4229,197
4230,197
4231,197
4232,197
4233,197
4234,197
4235,197
4236,197
4237,197
4238,197
4239,197
4240,197
4241,197
4242,197
4243,197
4244,197
4245,197
4246,197
4247,197
4248,197
4249,197
4250,197
4251,197
4252,197
4253,197
4254,197
4255,197
4256,197
4257,197
4258,197
4259,197
4260,197
4261,197
4262,197
4263,198
4264,198
4265,198
4266,198
4267,198
4268,198
4269,198
4270,198
4271,198
4272,198
4273,198
4274,198
4275,198
4276,198
4277,198
4278,198
4279,198
4280,198
4281,198
4282,198
4283,198
4284,198
4285,198
4286,198
4287,198
4288,198
4289,198
4290,198
4291,198
4292,198
4293,198
4294,198
4295,198
4296,198
4297,198
4298,198
4299,198
4300,198
4301,198
4302,198
4303,198
4304,198
4305,198
4306,198
4307,198
4308,198
4309,198
4310,198
4311,198
4312,198
4313,198
4314,198
4315,198
4316,198
4317,198
4318,198
4319,198
4320,198
4321,198
4322,198
4323,198
4324,198
4325,198
4326,198
4327,198
4328,198
4329,199
4330,199
4331,199
4332,199
4333,199
4334,199
4335,199
4336,199
4337,199
4338,199
4339,199
4340,199
4341,199
4342,199
4343,199
4344,199
4345,199
4346,199
4347,199
4348,199
4349,199
4350,199
4351,199
4352,199
4353,199
4354,199
4355,199
4356,199
4357,199
4358,199
4359,199
4360,199
4361,199
4362,199
4363,199
4364,199
4365,199
4366,199
4367,199
4368,199
4369,199
4370,199
4371,199
4372,199
4373,200
4374,200
4375,200
4376,200
4377,200
4378,200
4379,200
4380,200
4381,200
4382,200
4383,200
4384,200
4385,200
4386,200
4387,200
4388,200
4389,200
4390,200
4391,200
4392,200
4393,200
4394,200
4395,200
4396,200
4397,200
4398,200
4399,200
4400,200
4401,200
4402,200
4403,200
4404,200
4405,200
4406,200
4407,200
4408,200
4409,200
4410,200
4411,200
4412,200
4413,200
4414,200
4415,200
4416,200
4417,200
4418,200
4419,200
4420,200
4421,200
4422,200
4423,200
4424,200
4425,200
4426,200
4427,200
4428,200
4429,200
4430,200
4431,200
4432,200
4433,200
4434,200
4435,200
4436,200
4437,200
4438,200
4439,200
4440,200
4441,200
4442,200
4443,200
4444,200
4445,200
4446,201
4447,201
4448,201
4449,201
4450,201
4451,201
4452,201
4453,201
4454,201
4455,201
4456,201
4457,201
4458,201
4459,201
4460,201
4461,201
4462,201
4463,201
4464,201
4465,201
4466,201
4467,201
4468,201
4469,201
4470,201
4471,201
4472,201
4473,201
4474,201
4475,201
4476,201
4477,201
4478,201
4479,201
4480,201
4481,201
4482,201
4483,201
4484,201
4485,201
4486,201
4487,201
4488,201
4489,201
4490,201
4491,201
4492,201
4493,201
4494,201
4495,201
4496,201
4497,201
4498,201
4499,201
4500,201
4501,201
4502,201
4503,201
4504,201
4505,201
4506,201
4507,201
4508,201
4509,201
4510,201
4511,201
4512,201
4513,201
4514,201
4515,201
4516,201
4517,201
4518,201
4519,201
4520,201
4521,201
4522,201
4523,201
4524,201
4525,201
4526,201
4527,201
4528,201
4529,201
4530,201
4531,201
4532,201
4533,201
4534,201
4535,201
4536,201
4537,201
4538,201
4539,201
4540,201
4541,201
4542,201
4543,201
4544,201
4545,201
4546,201
4547,201
4548,201
4549,201
4550,201
4551,201
4552,201
4553,201
4554,201
4555,201
4556,201
4557,201
4558,201
4559,201
4560,201
4561,201
4562,201
4563,201
4564,201
4565,201
4566,201
4567,201
4568,201
4569,201
4570,201
4571,201
4572,201
4573,201
4574,201
4575,201
4576,201
4577,201
4578,201
4579,201
4580,201
4581,201
4582,201
4583,201
4584,201
4585,201
4586,201
4587,201
4588,201
4589,201
4590,201
4591,201
4592,201
4593,201
4594,201
4595,201
4596,201
4597,202
4598,202
4599,202
4600,202
4601,202
4602,202
4603,202
4604,202
4605,202
4606,202
4607,202
4608,202
4609,202
4610,202
4611,202
4612,202
4613,202
4614,202
4615,202
4616,202
4617,202
4618,202
4619,202
4620,202
4621,202
4622,202
4623,202
4624,202
4625,202
4626,202
4627,202
4628,202
4629,202
4630,202
4631,202
4632,202
4633,202
4634,202
4635,202
4636,202
4637,202
4638,202
4639,202
4640,202
4641,202
4642,202
4643,202
4644,202
4645,202
4646,202
4647,202
4648,202
4649,202
4650,202
4651,202
4652,202
4653,202
4654,202
4655,202
4656,202
4657,202
4658,202
4659,202
4660,202
4661,202
4662,202
4663,202
4664,202
4665,202
4666,203
4667,203
4668,203
4669,203
4670,203
4671,203
4672,203
4673,203
4674,203
4675,203
4676,203
4677,203
4678,203
4679,203
4680,203
4681,203
4682,203
4683,203
4684,203
4685,203
4686,203
4687,203
4688,203
4689,203
4690,203
4691,203
4692,203
4693,203
4694,203
4695,203
4696,203
4697,203
4698,203
4699,203
4700,203
4701,203
4702,203
4703,203
4704,203
4705,203
4706,203
4707,203
4708,203
4709,203
4710,203
4711,203
4712,203
4713,203
4714,203
4715,203
4716,203
4717,203
4718,203
4719,203
4720,203
4721,203
4722,203
4723,203
4724,203
4725,203
4726,203
4727,203
4728,203
4729,203
4730,203
4731,203
4732,203
4733,203
4734,203
4735,203
4736,203
4737,203
4738,203
4739,203
4740,203
4741,203
4742,203
4743,203
4744,203
4745,203
4746,203
4747,203
4748,204
4749,204
4750,204
4751,204
4752,204
4753,204
4754,204
4755,204
4756,204
4757,204
4758,204
4759,204
4760,204
4761,204
4762,204
4763,204
4764,204
4765,204
4766,204
4767,204
4768,204
4769,204
4770,204
4771,204
4772,204
4773,204
4774,204
4775,204
4776,204
4777,204
4778,204
4779,204
4780,204
4781,204
4782,204
4783,204
4784,204
4785,204
4786,204
4787,204
4788,204
4789,204
4790,204
4791,204
4792,204
4793,204
4794,204
4795,204
4796,204
4797,204
4798,204
4799,204
4800,204
4801,204
4802,204
4803,204
4804,204
4805,204
4806,204
4807,204
4808,204
4809,204
4810,204
4811,204
4812,204
4813,204
4814,204
4815,204
4816,204
4817,204
4818,204
4819,204
4820,204
4821,204
4822,204
4823,204
4824,204
4825,204
4826,204
4827,204
4828,204
4829,204
4830,204
4831,204
4832,204
4833,204
4834,204
4835,204
4836,204
4837,204
4838,204
4839,204
4840,204
4841,204
4842,204
4843,204
4844,204
4845,204
4846,204
4847,204
4848,204
4849,204
4850,204
4851,204
4852,204
4853,204
4854,204
4855,204
4856,204
4857,204
4858,204
4859,204
4860,204
4861,204
4862,204
4863,204
4864,204
4865,204
4866,204
4867,204
4868,204
4869,204
4870,204
4871,204
4872,204
4873,204
4874,204
4875,204
4876,204
4877,204
4878,204
4879,204
4880,204
4881,204
4882,204
4883,204
4884,204
4885,204
4886,204
4887,204
4888,204
4889,204
4890,204
4891,204
4892,204
4893,204
4894,204
4895,204
4896,204
4897,204
4898,205
4899,204
4900,204
4901,204
4902,204
4903,204
4904,204
4905,204
4906,204
4907,204
4908,204
4909,204
4910,205
4911,205
4912,205
4913,205
4914,205
4915,205
4916,205
4917,205
4918,205
4919,205
4920,205
4921,205
4922,205
4923,205
4924,205
4925,205
4926,205
4927,205
4928,205
4929,205
4930,205
4931,205
4932,205
4933,205
4934,205
4935,205
4936,205
4937,205
4938,205
4939,205
4940,205
4941,205
4942,205
4943,205
4944,205
4945,205
4946,205
4947,205
4948,205
4949,205
4950,205
4951,205
4952,205
4953,205
4954,206
4955,206
4956,206
4957,206
4958,206
4959,206
4960,206
4961,206
4962,206
4963,206
4964,206
4965,206
4966,206
4967,206
4968,206
4969,206
4970,206
4971,206
4972,206
4973,206
4974,206
4975,206
4976,206
4977,206
4978,206
4979,206
4980,206
4981,206
4982,206
4983,206
4984,206
4985,206
4986,206
4987,206
4988,206
4989,206
4990,206
4991,206
4992,206
4993,206
4994,206
4995,206
4996,206
4997,206
4998,206
4999,206
5000,206
5001,206
5002,206
5003,206
5004,206
5005,206
5006,206
5007,206
5008,206
5009,206
5010,206
5011,206
5012,206
5013,206
5014,206
5015,206
5016,206
5017,206
5018,206
5019,206
5020,206
5021,207
5022,207
5023,207
5024,207
5025,207
5026,207
5027,207
5028,207
5029,207
5030,207
5031,207
5032,207
5033,207
5034,207
5035,207
5036,207
5037,207
5038,207
5039,207
5040,207
5041,207
5042,207
5043,207
5044,207
5045,207
5046,207
5047,207
5048,207
5049,207
5050,207
5051,207
5052,207
5053,207
5054,207
5055,207
5056,207
5057,207
5058,207
5059,207
5060,207
5061,207
5062,207
5063,207
5064,207
5065,207
5066,207
5067,207
5068,207
5069,207
5070,207
5071,207
5072,207
5073,207
5074,207
5075,207
5076,207
5077,207
5078,207
5079,207
5080,207
5081,207
5082,207
5083,207
5084,207
5085,207
5086,207
5087,207
5088,208
5089,208
5090,208
5091,208
5092,208
5093,208
5094,208
5095,208
5096,208
5097,208
5098,208
5099,208
5100,208
5101,208
5102,208
5103,208
5104,208
5105,208
5106,208
5107,208
5108,208
5109,208
5110,208
5111,208
5112,208
5113,208
5114,208
5115,208
5116,208
5117,208
5118,208
5119,208
5120,208
5121,208
5122,208
5123,208
5124,208
5125,208
5126,208
5127,208
5128,208
5129,208
5130,208
5131,208
5132,208
5133,208
5134,208
5135,208
5136,208
5137,208
5138,208
5139,208
5140,208
5141,208
5142,208
5143,208
5144,208
5145,208
5146,208
5147,208
5148,208
5149,208
5150,208
5151,208
5152,208
5153,208
5154,208
5155,208
5156,208
5157,208
5158,208
5159,208
5160,208
5161,208
5162,208
5163,208
5164,208
5165,208
5166,208
5167,208
5168,208
5169,208
5170,208
5171,208
5172,208
5173,208
5174,208
5175,208
5176,208
5177,208
5178,208
5179,208
5180,208
5181,208
5182,208
5183,208
5184,208
5185,208
5186,208
5187,208
5188,208
5189,208
5190,208
5191,208
5192,208
5193,208
5194,208
5195,208
5196,208
5197,208
5198,208
5199,208
5200,208
5201,208
5202,208
5203,208
5204,208
5205,208
5206,208
5207,209
5208,208
5209,209
5210,209
5211,209
5212,209
5213,209
5214,209
5215,209
5216,209
5217,209
5218,209
5219,209
5220,209
5221,209
5222,209
5223,209
5224,209
5225,209
5226,209
5227,209
5228,209
5229,209
5230,209
5231,209
5232,209
5233,209
5234,209
5235,209
5236,209
5237,209
5238,209
5239,209
5240,209
5241,209
5242,209
5243,209
5244,209
5245,209
5246,209
5247,209
5248,209
5249,209
5250,209
5251,209
5252,209
5253,209
5254,209
5255,209
5256,209
5257,209
5258,209
5259,209
5260,209
5261,209
5262,209
5263,209
5264,209
5265,209
5266,210
5267,209
5268,209
5269,210
5270,210
5271,210
5272,210
5273,210
5274,210
5275,210
5276,210
5277,210
5278,210
5279,210
5280,210
5281,210
5282,210
5283,210
5284,210
5285,210
5286,210
5287,210
5288,210
5289,210
5290,210
5291,210
5292,210
5293,210
5294,210
5295,210
5296,210
5297,210
5298,210
5299,210
5300,210
5301,210
5302,210
5303,210
5304,210
5305,210
5306,210
5307,210
5308,210
5309,210
5310,210
5311,210
5312,210
5313,210
5314,210
5315,210
5316,210
5317,211
5318,211
5319,210
5320,210
5321,211
5322,211
5323,211
5324,211
5325,211
5326,211
5327,211
5328,211
5329,211
5330,211
5331,211
5332,211
5333,211
5334,211
5335,211
5336,211
5337,211
5338,211
5339,211
5340,211
5341,211
5342,211
5343,211
5344,211
5345,211
5346,211
5347,211
5348,211
5349,211
5350,211
5351,211
5352,211
5353,211
5354,211
5355,211
5356,211
5357,211
5358,211
5359,211
5360,211
5361,211
5362,211
5363,211
5364,211
5365,211
5366,211
5367,211
5368,211
5369,211
5370,211
5371,211
5372,211
5373,211
5374,211
5375,211
5376,211
5377,211
5378,211
5379,211
5380,211
5381,211
5382,211
5383,211
5384,211
5385,211
5386,211
5387,211
5388,211
5389,211
5390,211
5391,211
5392,211
5393,211
5394,211
5395,211
5396,211
5397,211
5398,211
5399,211
5400,211
5401,211
5402,211
5403,211
5404,211
5405,211
5406,211
5407,211
5408,211
5409,211
5410,211
5411,211
5412,211
5413,211
5414,211
5415,211
5416,211
5417,211
5418,211
5419,211
5420,211
5421,211
5422,211
5423,211
5424,211
5425,211
5426,211
5427,211
5428,211
5429,211
5430,211
5431,211
5432,211
5433,211
5434,211
5435,211
5436,211
5437,211
5438,211
5439,211
5440,212
5441,212
5442,212
5443,212
5444,212
5445,212
5446,212
5447,212
5448,212
5449,212
5450,212
5451,212
5452,212
5453,212
5454,212
5455,212
5456,212
5457,212
5458,212
5459,212
5460,212
5461,212
5462,212
5463,212
5464,212
5465,212
5466,212
5467,212
5468,212
5469,212
5470,212
5471,212
5472,212
5473,212
5474,212
5475,212
5476,212
5477,212
5478,212
5479,212
5480,212
5481,212
5482,212
5483,212
5484,212
5485,212
5486,212
5487,212
5488,212
5489,212
5490,212
5491,212
5492,212
5493,212
5494,212
5495,212
5496,212
5497,212
5498,212
5499,212
5500,212
5501,213
5502,213
5503,213
5504,213
5505,213
5506,213
5507,213
5508,213
5509,213
5510,213
5511,213
5512,213
5513,213
5514,213
5515,213
5516,213
5517,213
5518,213
5519,213
5520,213
5521,213
5522,213
5523,213
5524,213
5525,213
5526,213
5527,213
5528,213
5529,213
5530,213
5531,213
5532,213
5533,213
5534,213
5535,213
5536,213
5537,213
5538,213
5539,213
5540,213
5541,213
5542,213
5543,213
5544,213
5545,213
5546,213
5547,213
5548,213
5549,213
5550,213
5551,213
5552,213
5553,213
5554,213
5555,213
5556,213
5557,214
5558,214
5559,214
5560,214
5561,214
5562,214
5563,214
5564,214
5565,214
5566,214
5567,214
5568,214
5569,214
5570,214
5571,214
5572,214
5573,214
5574,214
5575,214
5576,214
5577,214
5578,214
5579,214
5580,214
5581,214
5582,214
5583,214
5584,214
5585,214
5586,214
5587,214
5588,214
5589,214
5590,214
5591,214
5592,214
5593,214
5594,214
5595,214
5596,214
5597,214
5598,214
5599,214
5600,214
5601,214
5602,214
5603,214
5604,214
5605,214
5606,214
5607,214
5608,214
5609,214
5610,214
5611,214
5612,214
5613,214
5614,214
5615,214
5616,214
5617,215
5618,215
5619,215
5620,215
5621,215
5622,215
5623,215
5624,215
5625,215
5626,215
5627,215
5628,215
5629,215
5630,215
5631,215
5632,215
5633,215
5634,215
5635,215
5636,215
5637,215
5638,215
5639,215
5640,215
5641,215
5642,215
5643,215
5644,215
5645,215
5646,215
5647,215
5648,215
5649,215
5650,215
5651,215
5652,215
5653,215
5654,215
5655,215
5656,215
5657,215
5658,215
5659,215
5660,215
5661,215
5662,215
5663,215
5664,215
5665,215
5666,215
5667,215
5668,215
5669,215
5670,215
5671,215
5672,215
5673,215
5674,215
5675,215
5676,215
5677,215
5678,215
5679,215
5680,215
5681,215
5682,215
5683,215
5684,215
5685,215
5686,215
5687,215
5688,215
5689,215
5690,215
5691,215
5692,215
5693,215
5694,215
5695,215
5696,215
5697,215
5698,215
5699,215
5700,215
5701,215
5702,215
5703,215
5704,215
5705,215
5706,215
5707,215
5708,215
5709,215
5710,215
5711,215
5712,215
5713,215
5714,216
5715,216
5716,216
5717,216
5718,216
5719,216
5720,216
5721,216
5722,216
5723,216
5724,216
5725,216
5726,216
5727,216
5728,216
5729,216
5730,216
5731,216
5732,216
5733,216
5734,216
5735,216
5736,216
5737,216
5738,216
5739,216
5740,216
5741,216
5742,216
5743,216
5744,216
5745,216
5746,216
5747,216
5748,216
5749,216
5750,216
5751,216
5752,216
5753,216
5754,216
5755,216
5756,216
5757,216
5758,216
5759,216
5760,216
5761,216
5762,216
5763,216
5764,216
5765,216
5766,216
5767,216
5768,216
5769,216
5770,216
5771,216
5772,216
5773,216
5774,216
5775,216
5776,216
5777,216
5778,216
5779,216
5780,216
5781,216
5782,216
5783,216
5784,216
5785,216
5786,216
5787,216
5788,216
5789,216
5790,216
5791,216
5792,216
5793,216
5794,216
5795,216
5796,216
5797,216
5798,216
5799,216
5800,216
5801,216
5802,216
5803,216
5804,216
5805,216
5806,217
5807,217
5808,217
5809,217
5810,217
5811,217
5812,217
5813,217
5814,217
5815,217
5816,217
5817,217
5818,217
5819,217
5820,217
5821,217
5822,217
5823,217
5824,217
5825,217
5826,217
5827,217
5828,217
5829,217
5830,217
5831,217
5832,217
5833,217
5834,217
5835,217
5836,217
5837,217
5838,217
5839,217
5840,217
5841,217
5842,217
5843,217
5844,217
5845,217
5846,217
5847,217
5848,217
5849,217
5850,217
5851,217
5852,217
5853,217
5854,217
5855,217
5856,217
5857,217
5858,217
5859,217
5860,217
5861,217
5862,217
5863,217
5864,217
5865,217
5866,217
5867,217
5868,217
5869,217
5870,217
5871,217
5872,217
5873,217
5874,217
5875,217
5876,217
5877,217
5878,217
5879,217
5880,217
5881,217
5882,217
5883,217
5884,217
5885,217
5886,217
5887,217
5888,217
5889,217
5890,217
5891,217
5892,217
5893,217
5894,217
5895,217
5896,217
5897,217
5898,217
5899,217
5900,217
5901,218
5902,217
5903,218
5904,217
5905,218
5906,218
5907,218
5908,218
5909,218
5910,218
5911,217
5912,218
5913,218
5914,218
5915,218
5916,218
5917,218
5918,218
5919,218
5920,218
5921,218
5922,218
5923,218
5924,218
5925,218
5926,218
5927,218
5928,218
5929,218
5930,218
5931,218
5932,218
5933,218
5934,218
5935,218
5936,218
5937,218
5938,218
5939,218
5940,218
5941,218
5942,218
5943,218
5944,218
5945,218
5946,218
5947,218
5948,218
5949,218
5950,218
5951,218
5952,218
5953,218
5954,218
5955,218
5956,218
5957,218
5958,218
5959,218
5960,218
5961,218
5962,218
5963,218
5964,218
5965,218
5966,218
5967,218
5968,218
5969,218
5970,218
5971,218
5972,218
5973,218
5974,218
5975,218
5976,219
5977,219
5978,219
5979,219
5980,219
5981,219
5982,219
5983,219
5984,219
5985,219
5986,219
5987,219
5988,219
5989,219
5990,219
5991,219
5992,219
5993,219
5994,219
5995,219
5996,219
5997,219
5998,219
5999,219
6000,219
6001,219
6002,219
6003,219
6004,219
6005,219
6006,219
6007,219
6008,219
6009,219
6010,219
6011,219
6012,219
6013,219
6014,219
6015,219
6016,219
6017,219
6018,219
6019,219
6020,219
6021,219
6022,219
6023,219
6024,219
6025,219
6026,219
6027,219
6028,219
6029,219
6030,219
6031,219
6032,219
6033,219
6034,219
6035,219
6036,219
6037,219
6038,219
6039,220
6040,219
6041,220
6042,220
6043,220
6044,220
6045,220
6046,220
6047,220
6048,220
6049,220
6050,220
6051,220
6052,220
6053,220
6054,220
6055,220
6056,220
6057,220
6058,220
6059,220
6060,220
6061,220
6062,220
6063,220
6064,220
6065,220
6066,220
6067,220
6068,220
6069,220
6070,220
6071,220
6072,220
6073,220
6074,220
6075,220
6076,220
6077,220
6078,220
6079,220
6080,220
6081,220
6082,220
6083,220
6084,220
6085,220
6086,220
6087,220
6088,220
6089,220
6090,220
6091,220
6092,220
6093,220
6094,220
6095,220
6096,220
6097,220
6098,220
6099,220
6100,220
6101,220
6102,220
6103,220
6104,221
6105,221
6106,221
6107,221
6108,221
6109,221
6110,221
6111,221
6112,221
6113,221
6114,221
6115,221
6116,221
6117,221
6118,221
6119,221
6120,221
6121,221
6122,221
6123,221
6124,221
6125,221
6126,221
6127,221
6128,221
6129,221
6130,221
6131,221
6132,221
6133,221
6134,221
6135,221
6136,221
6137,221
6138,221
6139,221
6140,221
6141,221
6142,221
6143,221
6144,221
6145,221
6146,221
6147,221
6148,221
6149,221
6150,221
6151,221
6152,221
6153,221
6154,221
6155,221
6156,221
6157,221
6158,221
6159,221
6160,221
6161,221
6162,221
6163,221
6164,221
6165,221
6166,221
6167,221
6168,221
6169,221
6170,221
6171,221
6172,221
6173,221
6174,221
6175,221
6176,221
6177,221
6178,221
6179,221
6180,221
6181,221
6182,221
6183,221
6184,221
6185,221
6186,221
6187,221
6188,221
6189,221
6190,221
6191,221
6192,221
6193,221
6194,221
6195,221
6196,221
6197,221
6198,221
6199,221
6200,221
6201,221
6202,221
6203,221
6204,221
6205,221
6206,221
6207,221
6208,221
6209,221
6210,221
6211,221
6212,221
6213,221
6214,221
6215,221
6216,221
6217,221
6218,221
6219,222
6220,222
6221,222
6222,222
6223,222
6224,222
6225,222
6226,222
6227,222
6228,222
6229,222
6230,222
6231,222
6232,222
6233,222
6234,222
6235,222
6236,222
6237,222
6238,222
6239,222
6240,222
6241,222
6242,222
6243,222
6244,222
6245,222
6246,222
6247,222
6248,222
6249,222
6250,222
6251,222
6252,222
6253,222
6254,222
6255,222
6256,222
6257,222
6258,222
6259,222
6260,222
6261,222
6262,222
6263,222
6264,222
6265,222
6266,222
6267,222
6268,222
6269,222
6270,222
6271,222
6272,222
6273,222
6274,222
6275,222
6276,222
6277,222
6278,222
6279,222
6280,222
6281,222
6282,222
6283,222
6284,222
6285,222
6286,222
6287,222
6288,222
6289,222
6290,222
6291,222
6292,222
6293,222
6294,222
6295,222
6296,222
6297,222
6298,223
6299,223
6300,223
6301,223
6302,223
6303,223
6304,223
6305,223
6306,223
6307,223
6308,223
6309,223
6310,223
6311,223
6312,223
6313,223
6314,223
6315,223
6316,223
6317,223
6318,223
6319,223
6320,223
6321,223
6322,223
6323,223
6324,223
6325,223
6326,223
6327,223
6328,223
6329,223
6330,223
6331,223
6332,223
6333,223
6334,223
6335,223
6336,223
6337,223
6338,223
6339,223
6340,223
6341,223
6342,223
6343,223
6344,223
6345,223
6346,223
6347,223
6348,223
6349,223
6350,223
6351,223
6352,223
6353,223
6354,223
6355,223
6356,223
6357,223
6358,223
6359,223
6360,223
6361,223
6362,223
6363,223
6364,223
6365,223
6366,223
6367,223
6368,223
6369,223
6370,223
6371,223
6372,223
6373,223
6374,223
6375,223
6376,223
6377,223
6378,223
6379,223
6380,223
6381,223
6382,223
6383,223
6384,223
6385,223
6386,223
6387,223
6388,223
6389,223
6390,223
6391,223
6392,223
6393,223
6394,223
6395,224
6396,224
6397,224
6398,224
6399,224
6400,224
6401,224
6402,224
6403,224
6404,224
6405,224
6406,224
6407,224
6408,224
6409,224
6410,224
6411,224
6412,224
6413,224
6414,224
6415,224
6416,224
6417,224
6418,224
6419,224
6420,224
6421,224
6422,224
6423,224
6424,224
6425,224
6426,224
6427,224
6428,224
6429,224
6430,224
6431,224
6432,224
6433,224
6434,224
6435,224
6436,224
6437,224
6438,224
6439,224
6440,224
6441,224
6442,224
6443,224
6444,224
6445,224
6446,224
6447,224
6448,224
6449,224
6450,224
6451,224
6452,224
6453,224
6454,224
6455,224
6456,224
6457,224
6458,224
6459,224
6460,224
6461,224
6462,224
6463,225
6464,224
6465,224
6466,224
6467,224
6468,224
6469,224
6470,224
6471,225
6472,225
6473,225
6474,225
6475,225
6476,225
6477,225
6478,225
6479,225
6480,225
6481,225
6482,225
6483,225
6484,225
6485,225
6486,225
6487,225
6488,225
6489,225
6490,225
6491,225
6492,225
6493,225
6494,225
6495,225
6496,225
6497,225
6498,225
6499,225
6500,225
6501,225
6502,225
6503,225
6504,225
6505,225
6506,225
6507,225
6508,225
6509,225
6510,225
6511,225
6512,225
6513,225
6514,225
6515,225
6516,225
6517,225
6518,225
6519,225
6520,225
6521,225
6522,225
6523,225
6524,225
6525,225
6526,225
6527,225
6528,225
6529,225
6530,225
6531,225
6532,225
6533,225
6534,225
6535,225
6536,225
6537,225
6538,225
6539,225
6540,225
6541,225
6542,225
6543,225
6544,225
6545,225
6546,225
6547,225
6548,225
6549,225
6550,225
6551,225
6552,225
6553,225
6554,225
6555,225
6556,225
6557,225
6558,225
6559,225
6560,225
6561,225
6562,226
6563,226
6564,226
6565,226
6566,226
6567,226
6568,226
6569,226
6570,226
6571,226
6572,226
6573,226
6574,226
6575,226
6576,226
6577,226
6578,226
6579,226
6580,226
6581,226
6582,226
6583,226
6584,226
6585,226
6586,226
6587,226
6588,226
6589,226
6590,226
6591,226
6592,226
6593,226
6594,226
6595,226
6596,226
6597,226
6598,227
6599,227
6600,227
6601,227
6602,227
6603,227
6604,227
6605,227
6606,227
6607,227
6608,227
6609,227
6610,227
6611,227
6612,227
6613,227
6614,227
6615,227
6616,227
6617,227
6618,227
6619,227
6620,227
6621,227
6622,227
6623,227
6624,227
6625,227
6626,227
6627,227
6628,227
6629,227
6630,227
6631,227
6632,227
6633,227
6634,227
6635,227
6636,227
6637,227
6638,227
6639,227
6640,227
6641,227
6642,227
6643,227
6644,227
6645,227
6646,227
6647,227
6648,227
6649,227
6650,227
6651,227
6652,227
6653,227
6654,227
6655,227
6656,227
6657,227
6658,227
6659,227
6660,227
6661,227
6662,227
6663,227
6664,227
6665,227
6666,227
6667,227
6668,227
6669,227
6670,228
6671,228
6672,228
6673,228
6674,228
6675,228
6676,228
6677,228
6678,228
6679,228
6680,228
6681,228
6682,228
6683,228
6684,228
6685,228
6686,228
6687,228
6688,228
6689,228
6690,228
6691,228
6692,228
6693,228
6694,228
6695,228
6696,228
6697,228
6698,228
6699,228
6700,228
6701,228
6702,228
6703,228
6704,228
6705,228
6706,228
6707,228
6708,228
6709,228
6710,228
6711,228
6712,228
6713,228
6714,228
6715,228
6716,228
6717,228
6718,228
6719,228
6720,228
6721,228
6722,228
6723,228
6724,228
6725,228
6726,228
6727,228
6728,228
6729,228
6730,228
6731,228
6732,228
6733,228
6734,228
6735,228
6736,228
6737,228
6738,228
6739,228
6740,228
6741,228
6742,228
6743,229
6744,229
6745,229
6746,229
6747,229
6748,229
6749,229
6750,229
6751,229
6752,229
6753,229
6754,229
6755,229
6756,229
6757,229
6758,229
6759,229
6760,229
6761,229
6762,229
6763,229
6764,229
6765,229
6766,229
6767,229
6768,229
6769,229
6770,229
6771,229
6772,229
6773,229
6774,229
6775,229
6776,229
6777,229
6778,229
6779,229
6780,229
6781,229
6782,229
6783,229
6784,229
6785,229
6786,229
6787,229
6788,229
6789,229
6790,229
6791,229
6792,229
6793,229
6794,229
6795,229
6796,229
6797,229
6798,229
6799,229
6800,229
6801,229
6802,229
6803,229
6804,229
6805,229
6806,229
6807,229
6808,229
6809,229
6810,229
6811,229
6812,229
6813,229
6814,229
6815,229
6816,229
6817,229
6818,229
6819,229
6820,229
6821,229
6822,229
6823,229
6824,229
6825,229
6826,229
6827,229
6828,230
6829,230
6830,230
6831,230
6832,229
6833,229
6834,229
6835,229
6836,229
6837,229
6838,229
6839,230
6840,230
6841,230
6842,230
6843,230
6844,230
6845,230
6846,230
6847,229
6848,229
6849,229
6850,229
6851,229
6852,229
6853,229
6854,229
6855,230
6856,230
6857,230
6858,230
6859,230
6860,230
6861,230
6862,230
6863,230
6864,230
6865,230
6866,230
6867,230
6868,230
6869,230
6870,230
6871,230
6872,230
6873,230
6874,230
6875,230
6876,230
6877,230
6878,230
6879,230
6880,230
6881,230
6882,230
6883,230
6884,230
6885,230
6886,230
6887,230
6888,230
6889,230
6890,230
6891,230
6892,230
6893,230
6894,230
6895,230
6896,230
6897,230
6898,230
6899,230
6900,230
6901,230
6902,230
6903,230
6904,230
6905,230
6906,230
6907,230
6908,230
6909,230
6910,230
6911,230
6912,230
6913,230
6914,230
6915,230
6916,230
6917,230
6918,230
6919,230
6920,230
6921,230
6922,230
6923,230
6924,230
6925,230
6926,230
6927,230
6928,230
6929,230
6930,230
6931,230
6932,230
6933,230
6934,230
6935,230
6936,231
6937,231
6938,231
6939,231
6940,231
6941,231
6942,231
6943,231
6944,231
6945,231
6946,231
6947,231
6948,231
6949,231
6950,231
6951,231
6952,231
6953,231
6954,231
6955,231
6956,231
6957,231
6958,231
6959,231
6960,231
6961,231
6962,231
6963,231
6964,231
6965,231
6966,231
6967,231
6968,231
6969,231
6970,231
6971,231
6972,231
6973,231
6974,231
6975,231
6976,231
6977,231
6978,231
6979,231
6980,231
6981,231
6982,231
6983,231
6984,231
6985,231
6986,231
6987,231
6988,231
6989,231
6990,231
6991,231
6992,231
6993,231
6994,231
6995,231
6996,231
6997,231
6998,231
6999,231
7000,231
7001,231
7002,231
7003,231
7004,231
7005,231
7006,231
7007,231
7008,231
7009,231
7010,231
7011,231
7012,231
7013,231
7014,231
7015,231
7016,231
7017,231
7018,231
7019,231
7020,231
7021,231
7022,231
7023,231
7024,231
7025,231
7026,231
7027,231
7028,231
7029,231
7030,231
7031,231
7032,231
7033,231
7034,231
7035,231
7036,231
7037,231
7038,231
7039,231
7040,231
7041,231
7042,231
7043,231
7044,231
7045,231
7046,231
7047,231
7048,231
7049,231
7050,231
7051,231
7052,231
7053,231
7054,231
7055,231
7056,231
7057,231
7058,231
7059,232
7060,232
7061,231
7062,232
7063,232
7064,232
7065,232
7066,232
7067,232
7068,232
7069,232
7070,232
7071,232
7072,232
7073,232
7074,232
7075,232
7076,232
7077,232
7078,232
7079,232
7080,232
7081,232
7082,232
7083,232
7084,232
7085,232
7086,232
7087,232
7088,232
7089,232
7090,232
7091,232
7092,232
7093,232
7094,232
7095,232
7096,232
7097,232
7098,232
7099,232
7100,232
7101,232
7102,232
7103,232
7104,232
7105,232
7106,232
7107,232
7108,232
7109,232
7110,232
7111,232
7112,232
7113,232
7114,232
7115,232
7116,232
7117,232
7118,232
7119,232
7120,232
7121,232
7122,232
7123,232
7124,232
7125,232
7126,232
7127,232
7128,232
7129,232
7130,232
7131,233
7132,233
7133,233
7134,233
7135,233
7136,233
7137,233
7138,233
7139,233
7140,233
7141,233
7142,233
7143,233
7144,233
7145,233
7146,233
7147,233
7148,233
7149,233
7150,233
7151,233
7152,233
7153,233
7154,233
7155,233
7156,233
7157,233
7158,233
7159,233
7160,233
7161,233
7162,233
7163,233
7164,233
7165,233
7166,233
7167,233
7168,233
7169,233
7170,233
7171,233
7172,233
7173,233
7174,233
7175,233
7176,233
7177,233
7178,233
7179,233
7180,233
7181,233
7182,233
7183,233
7184,233
7185,233
7186,233
7187,233
7188,233
7189,233
7190,233
7191,233
7192,233
7193,233
7194,234
7195,233
7196,233
7197,233
7198,233
7199,234
7200,234
7201,234
7202,234
7203,234
7204,234
7205,234
7206,234
7207,234
7208,234
7209,234
7210,234
7211,234
7212,234
7213,234
7214,234
7215,234
7216,234
7217,234
7218,234
7219,234
7220,234
7221,234
7222,234
7223,234
7224,234
7225,234
7226,234
7227,234
7228,234
7229,234
7230,234
7231,234
7232,234
7233,234
7234,234
7235,234
7236,234
7237,234
7238,234
7239,234
7240,234
7241,234
7242,234
7243,234
7244,234
7245,234
7246,234
7247,234
7248,234
7249,234
7250,234
7251,234
7252,234
7253,234
7254,234
7255,234
7256,234
7257,234
7258,234
7259,234
7260,234
7261,234
7262,234
7263,234
7264,234
7265,234
7266,234
7267,234
7268,234
7269,234
7270,234
7271,234
7272,234
7273,234
7274,234
7275,235
7276,235
7277,235
7278,235
7279,235
7280,235
7281,235
7282,235
7283,235
7284,234
7285,235
7286,235
7287,234
7288,235
7289,235
7290,235
7291,235
7292,235
7293,235
7294,235
7295,235
7296,234
7297,234
7298,234
7299,234
7300,234
7301,234
7302,235
7303,235
7304,234
7305,234
7306,235
7307,234
7308,234
7309,235
7310,235
7311,235
7312,235
7313,235
7314,235
7315,235
7316,235
7317,235
7318,235
7319,235
7320,235
7321,235
7322,235
7323,235
7324,235
7325,235
7326,235
7327,235
7328,235
7329,235
7330,235
7331,235
7332,235
7333,235
7334,235
7335,235
7336,235
7337,235
7338,235
7339,235
7340,235
7341,235
7342,235
7343,235
7344,235
7345,235
7346,235
7347,235
7348,235
7349,235
7350,235
7351,235
7352,235
7353,235
7354,235
7355,235
7356,235
7357,235
7358,235
7359,235
7360,235
7361,235
7362,235
7363,235
7364,235
7365,235
7366,235
7367,235
7368,235
7369,235
7370,235
7371,235
7372,235
7373,235
7374,236
7375,236
7376,236
7377,236
7378,236
7379,236
7380,236
7381,236
7382,236
7383,236
7384,236
7385,236
7386,236
7387,236
7388,236
7389,236
7390,236
7391,236
7392,236
7393,236
7394,236
7395,236
7396,236
7397,236
7398,236
7399,236
7400,236
7401,236
7402,236
7403,236
7404,236
7405,236
7406,236
7407,236
7408,236
7409,236
7410,236
7411,236
7412,236
7413,236
7414,236
7415,236
7416,236
7417,236
7418,236
7419,236
7420,236
7421,236
7422,236
7423,236
7424,236
7425,236
7426,236
7427,236
7428,236
7429,236
7430,236
7431,236
7432,236
7433,236
7434,236
7435,236
7436,236
7437,236
7438,236
7439,236
7440,236
7441,236
7442,236
7443,236
7444,236
7445,236
7446,236
7447,236
7448,236
7449,236
7450,236
7451,236
7452,236
7453,236
7454,236
7455,236
7456,236
7457,236
7458,236
7459,236
7460,236
7461,236
7462,236
7463,236
7464,236
7465,236
7466,236
7467,236
7468,236
7469,236
7470,236
7471,236
7472,236
7473,236
7474,236
7475,236
7476,236
7477,236
7478,236
7479,236
7480,236
7481,236
7482,236
7483,236
7484,236
7485,236
7486,236
7487,236
7488,236
7489,236
7490,236
7491,236
7492,236
7493,236
7494,237
7495,237
7496,237
7497,236
7498,236
7499,236
7500,236
7501,236
7502,236
7503,236
7504,236
7505,236
7506,236
7507,236
7508,236
7509,236
7510,236
7511,236
7512,237
7513,237
7514,237
7515,237
7516,237
7517,237
7518,237
7519,237
7520,237
7521,237
7522,237
7523,237
7524,237
7525,237
7526,237
7527,237
7528,237
7529,237
7530,237
7531,237
7532,237
7533,237
7534,237
7535,237
7536,237
7537,237
7538,237
7539,237
7540,237
7541,237
7542,237
7543,237
7544,237
7545,237
7546,237
7547,237
7548,237
7549,237
7550,237
7551,237
7552,237
7553,237
7554,237
7555,237
7556,237
7557,237
7558,237
7559,237
7560,237
7561,237
7562,237
7563,237
7564,237
7565,237
7566,237
7567,237
7568,237
7569,237
7570,237
7571,237
7572,237
7573,237
7574,237
7575,237
7576,237
7577,237
7578,237
7579,237
7580,237
7581,237
7582,237
7583,237
7584,237
7585,237
7586,237
7587,237
7588,237
7589,237
7590,237
7591,237
7592,237
7593,238
7594,238
7595,238
7596,238
7597,238
7598,238
7599,238
7600,238
7601,238
7602,238
7603,238
7604,238
7605,238
7606,238
7607,238
7608,238
7609,238
7610,238
7611,238
7612,238
7613,238
7614,238
7615,238
7616,238
7617,238
7618,238
7619,238
7620,238
7621,238
7622,238
7623,238
7624,238
7625,238
7626,238
7627,238
7628,238
7629,238
7630,238
7631,238
7632,238
7633,238
7634,238
7635,238
7636,238
7637,238
7638,238
7639,238
7640,238
7641,238
7642,238
7643,238
7644,238
7645,238
7646,238
7647,238
7648,238
7649,238
7650,238
7651,238
7652,238
7653,238
7654,238
7655,238
7656,238
7657,238
7658,238
7659,238
7660,238
7661,238
7662,238
7663,238
7664,238
7665,238
7666,238
7667,238
7668,238
7669,238
7670,238
7671,238
7672,238
7673,238
7674,238
7675,238
7676,238
7677,238
7678,238
7679,238
7680,238
7681,238
7682,238
7683,238
7684,238
7685,238
7686,238
7687,238
7688,238
7689,238
7690,238
7691,238
7692,238
7693,238
7694,238
7695,238
7696,238
7697,238
7698,238
7699,238
7700,238
7701,238
7702,238
7703,238
7704,238
7705,238
7706,238
7707,238
7708,238
7709,238
7710,238
7711,238
7712,238
7713,238
7714,238
7715,238
7716,238
7717,238
7718,238
7719,238
7720,238
7721,238
7722,238
7723,238
7724,238
7725,238
7726,238
7727,238
7728,238
7729,238
7730,238
7731,238
7732,238
7733,238
7734,238
7735,238
7736,238
7737,238
7738,239
7739,239
7740,239
7741,239
7742,239
7743,239
7744,239
7745,239
7746,239
7747,239
7748,239
7749,239
7750,239
7751,239
7752,239
7753,239
7754,239
7755,239
7756,239
7757,239
7758,239
7759,239
7760,239
7761,239
7762,239
7763,239
7764,239
7765,239
7766,239
7767,239
7768,239
7769,239
7770,239
7771,239
7772,239
7773,239
7774,239
7775,239
7776,239
7777,239
7778,239
7779,239
7780,239
7781,239
7782,239
7783,239
7784,239
7785,239
7786,239
7787,239
7788,239
7789,239
7790,239
7791,239
7792,239
7793,239
7794,239
7795,239
7796,239
7797,239
7798,239
7799,239
7800,239
7801,239
7802,239
7803,239
7804,239
7805,239
7806,239
7807,239
7808,239
7809,239
7810,239
7811,239
7812,239
7813,239
7814,239
7815,239
7816,239
7817,239
7818,239
7819,239
7820,239
7821,239
7822,239
7823,239
7824,239
7825,239
7826,239
7827,239
7828,239
7829,239
7830,239
7831,239
7832,239
7833,239
7834,239
7835,239
7836,239
7837,239
7838,239
7839,239
7840,239
7841,239
7842,239
7843,239
7844,239
7845,239
7846,239
7847,239
7848,239
7849,239
7850,239
7851,239
7852,239
7853,239
7854,239
7855,239
7856,239
7857,239
7858,239
7859,239
7860,239
7861,239
7862,239
7863,239
7864,239
7865,239
7866,239
7867,240
7868,240
7869,240
7870,240
7871,240
7872,240
7873,240
7874,240
7875,240
7876,240
7877,240
7878,240
7879,240
7880,240
7881,240
7882,240
7883,240
7884,240
7885,240
7886,240
7887,240
7888,240
7889,240
7890,240
7891,240
7892,240
7893,240
7894,240
7895,240
7896,240
7897,240
7898,240
7899,240
7900,240
7901,240
7902,240
7903,240
7904,240
7905,240
7906,240
7907,240
7908,240
7909,240
7910,240
7911,240
7912,240
7913,240
7914,240
7915,240
7916,240
7917,240
7918,240
7919,240
7920,240
7921,240
7922,240
7923,240
7924,240
7925,240
7926,240
7927,240
7928,240
7929,240
7930,240
7931,240
7932,240
7933,240
7934,240
7935,240
7936,240
7937,240
7938,240
7939,240
7940,240
7941,240
7942,240
7943,240
7944,240
7945,240
7946,240
7947,240
7948,240
7949,240
7950,240
7951,240
7952,240
7953,240
7954,240
7955,240
7956,240
7957,240
7958,240
7959,240
7960,240
7961,240
7962,240
7963,240
7964,240
7965,240
7966,240
7967,240
7968,240
7969,240
7970,240
7971,240
7972,240
7973,240
7974,241
7975,241
7976,241
7977,241
7978,241
7979,241
7980,241
7981,241
7982,241
7983,241
7984,241
7985,241
7986,241
7987,241
7988,241
7989,241
7990,241
7991,241
7992,241
7993,241
7994,241
7995,241
7996,241
7997,241
7998,241
7999,241
8000,241
8001,241
8002,241
8003,241
8004,241
8005,241
8006,241
8007,241
8008,241
8009,241
8010,241
8011,241
8012,241
8013,241
8014,241
8015,241
8016,241
8017,241
8018,241
8019,241
8020,241
8021,241
8022,241
8023,241
8024,241
8025,241
8026,241
8027,241
8028,241
8029,241
8030,241
8031,241
8032,241
8033,241
8034,241
8035,241
8036,241
8037,242
8038,242
8039,242
8040,242
8041,242
8042,242
8043,242
8044,242
8045,242
8046,242
8047,242
8048,242
8049,242
8050,242
8051,242
8052,242
8053,242
8054,242
8055,242
8056,242
8057,242
8058,242
8059,242
8060,242
8061,242
8062,242
8063,242
8064,242
8065,242
8066,242
8067,242
8068,242
8069,242
8070,242
8071,242
8072,242
8073,242
8074,242
8075,242
8076,242
8077,242
8078,242
8079,242
8080,242
8081,242
8082,242
8083,242
8084,242
8085,242
8086,242
8087,242
8088,242
8089,242
8090,242
8091,242
8092,242
8093,242
8094,242
8095,242
8096,242
8097,242
8098,242
8099,242
8100,242
8101,242
8102,242
8103,242
8104,242
8105,242
8106,242
8107,242
8108,242
8109,242
8110,242
8111,242
8112,242
8113,242
8114,242
8115,242
8116,242
8117,242
8118,242
8119,242
8120,242
8121,242
8122,242
8123,242
8124,243
8125,243
8126,243
8127,243
8128,243
8129,243
8130,243
8131,243
8132,243
8133,243
8134,243
8135,243
8136,243
8137,243
8138,243
8139,243
8140,243
8141,243
8142,243
8143,243
8144,243
8145,243
8146,243
8147,243
8148,243
8149,243
8150,243
8151,243
8152,243
8153,243
8154,243
8155,243
8156,243
8157,243
8158,243
8159,243
8160,243
8161,243
8162,243
8163,243
8164,243
8165,243
8166,243
8167,243
8168,243
8169,243
8170,243
8171,243
8172,243
8173,243
8174,243
8175,243
8176,243
8177,243
8178,243
8179,243
8180,243
8181,243
8182,243
8183,243
8184,243
8185,243
8186,243
8187,243
8188,243
8189,243
8190,243
8191,243
8192,243
8193,243
8194,243
8195,243
8196,243
8197,243
8198,243
8199,243
8200,243
8201,243
8202,243
8203,243
8204,243
8205,243
8206,244
8207,244
8208,243
8209,244
8210,244
8211,243
8212,244
8213,244
8214,244
8215,244
8216,244
8217,244
8218,244
8219,244
8220,244
8221,244
8222,244
8223,244
8224,244
8225,244
8226,244
8227,244
8228,244
8229,244
8230,244
8231,244
8232,244
8233,244
8234,244
8235,244
8236,244
8237,244
8238,244
8239,244
8240,244
8241,244
8242,244
8243,244
8244,244
8245,244
8246,244
8247,244
8248,244
8249,244
8250,244
8251,244
8252,244
8253,244
8254,244
8255,244
8256,244
8257,244
8258,244
8259,244
8260,244
8261,244
8262,244
8263,244
8264,244
8265,244
8266,244
8267,244
8268,244
8269,244
8270,244
8271,244
8272,244
8273,244
8274,244
8275,244
8276,244
8277,244
8278,244
8279,244
8280,244
8281,244
8282,244
8283,244
8284,244
8285,244
8286,244
8287,244
8288,244
8289,244
8290,244
8291,244
8292,244
8293,244
8294,244
8295,244
8296,244
8297,244
8298,244
8299,245
8300,245
8301,245
8302,244
8303,244
8304,244
8305,244
8306,244
8307,244
8308,244
8309,244
8310,245
8311,245
8312,245
8313,245
8314,245
8315,245
8316,245
8317,245
8318,245
8319,245
8320,245
8321,245
8322,245
8323,245
8324,245
8325,245
8326,245
8327,245
8328,245
8329,245
8330,245
8331,245
8332,245
8333,245
8334,245
8335,245
8336,245
8337,245
8338,245
8339,245
8340,245
8341,245
8342,245
8343,245
8344,245
8345,245
8346,245
8347,245
8348,245
8349,245
8350,245
8351,245
8352,245
8353,245
8354,245
8355,245
8356,245
8357,245
8358,245
8359,245
8360,245
8361,245
8362,245
8363,245
8364,246
8365,245
8366,246
8367,246
8368,246
8369,246
8370,246
8371,246
8372,246
8373,246
8374,246
8375,246
8376,246
8377,246
8378,246
8379,246
8380,246
8381,246
8382,246
8383,246
8384,246
8385,246
8386,246
8387,246
8388,246
8389,246
8390,246
8391,246
8392,246
8393,246
8394,246
8395,246
8396,246
8397,246
8398,246
8399,246
8400,246
8401,246
8402,246
8403,246
8404,246
8405,246
8406,246
8407,246
8408,246
8409,246
8410,246
8411,246
8412,246
8413,246
8414,246
8415,246
8416,246
8417,246
8418,246
8419,246
8420,246
8421,246
8422,246
8423,246
8424,246
8425,246
8426,246
8427,246
8428,246
8429,246
8430,246
8431,246
8432,247
8433,247
8434,247
8435,247
8436,247
8437,247
8438,247
8439,247
8440,247
8441,247
8442,247
8443,247
8444,247
8445,247
8446,247
8447,247
8448,247
8449,247
8450,247
8451,247
8452,247
8453,247
8454,247
8455,247
8456,247
8457,247
8458,247
8459,247
8460,247
8461,247
8462,247
8463,247
8464,247
8465,247
8466,247
8467,247
8468,247
8469,247
8470,247
8471,247
8472,247
8473,247
8474,247
8475,247
8476,247
8477,247
8478,247
8479,247
8480,247
8481,247
8482,247
8483,247
8484,247
8485,247
8486,247
8487,247
8488,247
8489,247
8490,247
8491,247
8492,247
8493,247
8494,247
8495,247
8496,247
8497,247
8498,247
8499,247
8500,247
8501,247
8502,247
8503,247
8504,247
8505,247
8506,247
8507,247
8508,247
8509,247
8510,247
8511,247
8512,247
8513,247
8514,247
8515,247
8516,247
8517,247
8518,247
8519,247
8520,248
8521,247
8522,247
8523,248
8524,248
8525,248
8526,248
8527,248
8528,248
8529,248
8530,248
8531,248
8532,248
8533,248
8534,248
8535,248
8536,248
8537,248
8538,248
8539,248
8540,248
8541,248
8542,248
8543,248
8544,248
8545,248
8546,248
8547,248
8548,248
8549,248
8550,248
8551,248
8552,248
8553,248
8554,248
8555,248
8556,248
8557,248
8558,248
8559,248
8560,248
8561,248
8562,248
8563,248
8564,248
8565,248
8566,248
8567,248
8568,248
8569,248
8570,248
8571,248
8572,248
8573,248
8574,248
8575,248
8576,248
8577,248
8578,248
8579,248
8580,248
8581,248
8582,248
8583,248
8584,248
8585,248
8586,248
8587,248
8588,248
8589,248
8590,248
8591,248
8592,248
8593,248
8594,248
8595,248
8596,248
8597,249
8598,249
8599,249
8600,249
8601,249
8602,249
8603,249
8604,249
8605,249
8606,249
8607,249
8608,249
8609,249
8610,249
8611,249
8612,249
8613,249
8614,249
8615,249
8616,249
8617,249
8618,249
8619,249
8620,249
8621,249
8622,249
8623,249
8624,249
8625,249
8626,249
8627,249
8628,249
8629,249
8630,249
8631,249
8632,249
8633,249
8634,249
8635,249
8636,249
8637,249
8638,249
8639,249
8640,249
8641,249
8642,249
8643,249
8644,249
8645,249
8646,249
8647,249
8648,249
8649,249
8650,249
8651,249
8652,249
8653,249
8654,249
8655,249
8656,249
8657,249
8658,249
8659,249
8660,249
8661,249
8662,249
8663,249
8664,249
8665,249
8666,249
8667,249
8668,249
8669,249
8670,249
8671,249
8672,249
8673,249
8674,249
8675,249
8676,249
8677,249
8678,249
8679,249
8680,249
8681,249
8682,249
8683,249
8684,249
8685,249
8686,249
8687,249
8688,249
8689,249
8690,249
8691,249
8692,249
8693,249
8694,249
8695,249
8696,249
8697,249
8698,249
8699,249
8700,249
8701,249
8702,249
8703,249
8704,249
8705,249
8706,249
8707,249
8708,249
8709,249
8710,249
8711,249
8712,249
8713,249
8714,249
8715,249
8716,249
8717,249
8718,249
8719,249
8720,249
8721,249
8722,249
8723,249
8724,249
8725,249
8726,249
8727,249
8728,249
8729,249
8730,249
8731,249
8732,249
8733,249
8734,249
8735,249
8736,249
8737,249
8738,249
8739,249
8740,249
8741,249
8742,249
8743,249
8744,250
8745,250
8746,249
8747,250
8748,250
8749,249
8750,250
8751,250
8752,250
8753,250
8754,250
8755,250
8756,250
8757,250
8758,250
8759,250
8760,250
8761,250
8762,250
8763,250
8764,250
8765,250
8766,250
8767,250
8768,250
8769,250
8770,250
8771,250
8772,250
8773,250
8774,250
8775,250
8776,250
8777,250
8778,250
8779,250
8780,250
8781,250
8782,250
8783,250
8784,250
8785,250
8786,250
8787,250
8788,250
8789,250
8790,250
8791,250
8792,250
8793,250
8794,250
8795,250
8796,250
8797,250
8798,250
8799,250
8800,250
8801,250
8802,250
8803,250
8804,250
8805,250
8806,250
8807,250
8808,250
8809,250
8810,250
8811,250
8812,250
8813,250
8814,250
8815,250
8816,250
8817,250
8818,250
8819,250
8820,250
8821,250
8822,250
8823,250
8824,250
8825,250
8826,250
8827,250
8828,250
8829,250
8830,250
8831,251
8832,251
8833,251
8834,251
8835,251
8836,251
8837,251
8838,251
8839,251
8840,251
8841,251
8842,251
8843,251
8844,251
8845,251
8846,251
8847,251
8848,251
8849,251
8850,251
8851,251
8852,251
8853,251
8854,251
8855,251
8856,251
8857,251
8858,251
8859,251
8860,251
8861,251
8862,251
8863,251
8864,251
8865,251
8866,251
8867,251
8868,251
8869,251
8870,251
8871,251
8872,251
8873,251
8874,251
8875,251
8876,251
8877,251
8878,251
8879,251
8880,251
8881,251
8882,251
8883,251
8884,251
8885,251
8886,251
8887,251
8888,251
8889,251
8890,251
8891,251
8892,251
8893,251
8894,252
8895,252
8896,252
8897,252
8898,252
8899,252
8900,252
8901,252
8902,252
8903,252
8904,252
8905,252
8906,252
8907,252
8908,252
8909,252
8910,252
8911,252
8912,252
8913,252
8914,252
8915,252
8916,252
8917,252
8918,252
8919,252
8920,252
8921,252
8922,252
8923,252
8924,252
8925,252
8926,252
8927,252
8928,252
8929,252
8930,252
8931,252
8932,252
8933,252
8934,252
8935,252
8936,252
8937,252
8938,252
8939,252
8940,252
8941,252
8942,252
8943,252
8944,252
8945,252
8946,252
8947,252
8948,252
8949,252
8950,253
8951,253
8952,252
8953,252
8954,252
8955,252
8956,252
8957,252
8958,252
8959,252
8960,253
8961,253
8962,253
8963,253
8964,253
8965,253
8966,253
8967,253
8968,253
8969,253
8970,253
8971,253
8972,253
8973,253
8974,253
8975,253
8976,253
8977,253
8978,253
8979,253
8980,253
8981,253
8982,253
8983,253
8984,253
8985,253
8986,253
8987,253
8988,253
8989,253
8990,253
8991,253
8992,253
8993,253
8994,253
8995,253
8996,253
8997,253
8998,253
8999,253
9000,253
9001,253
9002,253
9003,253
9004,253
9005,253
9006,253
9007,253
9008,253
9009,253
9010,253
9011,253
9012,253
9013,253
9014,253
9015,253
9016,253
9017,253
9018,253
9019,253
9020,253
9021,253
9022,253
9023,253
9024,253
9025,253
9026,253
9027,253
9028,253
9029,253
9030,253
9031,253
9032,253
9033,253
9034,253
9035,253
9036,254
9037,254
9038,254
9039,254
9040,254
9041,254
9042,254
9043,254
9044,254
9045,254
9046,254
9047,254
9048,254
9049,254
9050,254
9051,254
9052,254
9053,254
9054,254
9055,254
9056,254
9057,254
9058,254
9059,254
9060,254
9061,254
9062,254
9063,254
9064,254
9065,254
9066,254
9067,254
9068,254
9069,254
9070,254
9071,254
9072,254
9073,254
9074,254
9075,254
9076,254
9077,254
9078,254
9079,254
9080,254
9081,254
9082,254
9083,254
9084,254
9085,254
9086,254
9087,254
9088,254
9089,254
9090,254
9091,254
9092,254
9093,254
9094,254
9095,254
9096,254
9097,255
9098,255
9099,255
9100,255
9101,255
9102,255
9103,255
9104,255
9105,255
9106,255
9107,255
9108,255
9109,255
9110,255
9111,255
9112,255
9113,255
9114,255
9115,255
9116,255
9117,255
9118,255
9119,255
9120,255
9121,255
9122,255
9123,255
9124,255
9125,255
9126,255
9127,255
9128,255
9129,255
9130,255
9131,255
9132,255
9133,255
9134,255
9135,255
9136,255
9137,255
9138,255
9139,255
9140,255
9141,255
9142,255
9143,255
9144,255
9145,255
9146,255
9147,255
9148,255
9149,255
9150,255
9151,255
9152,255
9153,255
9154,255
9155,255
9156,255
9157,255
9158,255
9159,255
9160,256
9161,256
9162,256
9163,256
9164,256
9165,256
9166,256
9167,256
9168,256
9169,256
9170,256
9171,256
9172,256
9173,256
9174,256
9175,256
9176,256
9177,256
9178,256
9179,256
9180,256
9181,256
9182,256
9183,256
9184,256
9185,256
9186,256
9187,256
9188,256
9189,256
9190,256
9191,256
9192,256
9193,256
9194,256
9195,256
9196,256
9197,256
9198,256
9199,256
9200,256
9201,256
9202,256
9203,256
9204,256
9205,256
9206,256
9207,256
9208,256
9209,256
9210,256
9211,256
9212,256
9213,256
9214,256
9215,256
9216,256
9217,256
9218,256
9219,256
9220,256
9221,256
9222,256
9223,256
9224,256
9225,256
9226,256
9227,256
9228,256
9229,256
9230,256
9231,256
9232,256
9233,256
9234,256
9235,256
9236,256
9237,256
9238,256
9239,256
9240,256
9241,256
9242,257
9243,257
9244,257
9245,257
9246,257
9247,257
9248,257
9249,257
9250,257
9251,257
9252,257
9253,257
9254,257
9255,257
9256,257
9257,257
9258,257
9259,257
9260,257
9261,257
9262,257
9263,257
9264,257
9265,257
9266,257
9267,257
9268,257
9269,257
9270,257
9271,257
9272,257
9273,257
9274,257
9275,257
9276,257
9277,257
9278,257
9279,257
9280,257
9281,257
9282,257
9283,257
9284,257
9285,257
9286,257
9287,257
9288,257
9289,257
9290,257
9291,257
9292,257
9293,257
9294,257
9295,257
9296,257
9297,258
9298,258
9299,258
9300,258
9301,258
9302,258
9303,258
9304,258
9305,258
9306,258
9307,258
9308,258
9309,258
9310,258
9311,258
9312,258
9313,258
9314,258
9315,258
9316,258
9317,258
9318,258
9319,258
9320,258
9321,258
9322,258
9323,258
9324,258
9325,258
9326,258
9327,258
9328,258
9329,258
9330,258
9331,258
9332,258
9333,258
9334,258
9335,258
9336,258
9337,258
9338,258
9339,258
9340,258
9341,258
9342,258
9343,258
9344,258
9345,258
9346,258
9347,258
9348,258
9349,258
9350,258
9351,258
9352,258
9353,258
9354,258
9355,258
9356,258
9357,258
9358,258
9359,258
9360,258
9361,258
9362,258
9363,258
9364,258
9365,258
9366,258
9367,258
9368,258
9369,258
9370,258
9371,258
9372,258
9373,258
9374,258
9375,258
9376,258
9377,258
9378,258
9379,258
9380,258
9381,258
9382,258
9383,258
9384,258
9385,258
9386,258
9387,258
9388,258
9389,258
9390,258
9391,258
9392,258
9393,258
9394,258
9395,258
9396,258
9397,258
9398,258
9399,258
9400,258
9401,258
9402,258
9403,258
9404,258
9405,258
9406,258
9407,259
9408,259
9409,259
9410,258
9411,258
9412,258
9413,258
9414,258
9415,258
9416,259
9417,259
9418,259
9419,259
9420,259
9421,259
9422,258
9423,259
9424,259
9425,259
9426,259
9427,259
9428,259
9429,259
9430,259
9431,259
9432,259
9433,259
9434,259
9435,259
9436,259
9437,259
9438,259
9439,259
9440,259
9441,259
9442,259
9443,259
9444,259
9445,259
9446,259
9447,259
9448,259
9449,259
9450,259
9451,259
9452,259
9453,259
9454,259
9455,259
9456,259
9457,259
9458,259
9459,259
9460,259
9461,259
9462,259
9463,259
9464,259
9465,259
9466,259
9467,259
9468,259
9469,259
9470,259
9471,259
9472,259
9473,259
9474,259
9475,259
9476,259
9477,259
9478,259
9479,259
9480,259
9481,259
9482,259
9483,259
9484,259
9485,259
9486,259
9487,259
9488,259
9489,259
9490,259
9491,259
9492,259
9493,259
9494,259
9495,259
9496,259
9497,259
9498,259
9499,259
9500,259
9501,259
9502,259
9503,259
9504,259
9505,259
9506,259
9507,259
9508,260
9509,260
9510,260
9511,260
9512,260
9513,260
9514,260
9515,260
9516,260
9517,260
9518,260
9519,260
9520,260
9521,260
9522,260
9523,260
9524,260
9525,260
9526,260
9527,260
9528,260
9529,260
9530,260
9531,260
9532,260
9533,260
9534,260
9535,260
9536,260
9537,260
9538,260
9539,260
9540,260
9541,260
9542,260
9543,260
9544,260
9545,260
9546,260
9547,260
9548,260
9549,260
9550,260
9551,260
9552,260
9553,260
9554,260
9555,260
9556,260
9557,260
9558,260
9559,260
9560,260
9561,260
9562,260
9563,260
9564,260
9565,260
9566,260
9567,260
9568,260
9569,260
9570,260
9571,260
9572,260
9573,260
9574,260
9575,260
9576,260
9577,260
9578,260
9579,260
9580,260
9581,260
9582,260
9583,260
9584,260
9585,260
9586,260
9587,260
9588,260
9589,260
9590,260
9591,260
9592,260
9593,260
9594,260
9595,260
9596,260
9597,260
9598,260
9599,260
9600,260
9601,260
9602,260
9603,260
9604,260
9605,260
9606,261
9607,261
9608,261
9609,261
9610,261
9611,261
9612,261
9613,261
9614,261
9615,261
9616,261
9617,261
9618,261
9619,261
9620,261
9621,261
9622,261
9623,261
9624,261
9625,261
9626,261
9627,261
9628,261
9629,261
9630,261
9631,261
9632,261
9633,261
9634,261
9635,261
9636,261
9637,261
9638,261
9639,261
9640,261
9641,261
9642,261
9643,261
9644,261
9645,261
9646,261
9647,261
9648,261
9649,261
9650,261
9651,261
9652,261
9653,261
9654,261
9655,261
9656,261
9657,261
9658,261
9659,261
9660,261
9661,261
9662,261
9663,261
9664,261
9665,261
9666,261
9667,261
9668,261
9669,261
9670,261
9671,261
9672,261
9673,261
9674,261
9675,261
9676,261
9677,261
9678,261
9679,261
9680,261
9681,261
9682,261
9683,261
9684,261
9685,261
9686,261
9687,261
9688,261
9689,261
9690,261
9691,261
9692,261
9693,261
9694,262
9695,262
9696,262
9697,262
9698,262
9699,262
9700,262
9701,262
9702,262
9703,262
9704,262
9705,262
9706,262
9707,262
9708,262
9709,262
9710,262
9711,262
9712,262
9713,262
9714,262
9715,262
9716,262
9717,262
9718,262
9719,262
9720,262
9721,262
9722,262
9723,262
9724,262
9725,262
9726,262
9727,262
9728,262
9729,262
9730,262
9731,262
9732,262
9733,262
9734,262
9735,262
9736,262
9737,262
9738,263
9739,263
9740,262
9741,263
9742,263
9743,263
9744,263
9745,263
9746,263
9747,263
9748,263
9749,263
9750,263
9751,263
9752,263
9753,263
9754,263
9755,263
9756,263
9757,263
9758,263
9759,263
9760,263
9761,263
9762,263
9763,263
9764,263
9765,263
9766,263
9767,263
9768,263
9769,263
9770,263
9771,263
9772,263
9773,264
9774,264
9775,264
9776,264
9777,264
9778,264
9779,264
9780,264
9781,264
9782,264
9783,264
9784,264
9785,264
9786,264
9787,264
9788,263
9789,264
9790,264
9791,263
9792,264
9793,264
9794,264
9795,264
9796,264
9797,264
9798,264
9799,264
9800,264
9801,264
9802,264
9803,264
9804,264
9805,264
9806,264
9807,264
9808,264
9809,264
9810,264
9811,264
9812,264
9813,264
9814,264
9815,264
9816,264
9817,264
9818,264
9819,264
9820,264
9821,264
9822,264
9823,264
9824,264
9825,264
9826,264
9827,264
9828,264
9829,264
9830,265
9831,265
9832,265
9833,265
9834,265
9835,265
9836,265
9837,265
9838,265
9839,265
9840,265
9841,265
9842,265
9843,265
9844,265
9845,265
9846,265
9847,265
9848,265
9849,265
9850,265
9851,265
9852,265
9853,265
9854,265
9855,265
9856,265
9857,265
9858,265
9859,265
9860,265
9861,265
9862,265
9863,265
9864,265
9865,265
9866,265
9867,265
9868,265
9869,265
9870,265
9871,265
9872,265
9873,265
9874,265
9875,265
9876,265
9877,265
9878,265
9879,265
9880,265
9881,265
9882,265
9883,265
9884,265
9885,265
9886,266
9887,266
9888,266
9889,266
9890,266
9891,266
9892,266
9893,266
9894,266
9895,266
9896,266
9897,266
9898,266
9899,266
9900,266
9901,266
9902,266
9903,266
9904,266
9905,266
9906,266
9907,266
9908,266
9909,266
9910,266
9911,266
9912,266
9913,266
9914,266
9915,266
9916,266
9917,266
9918,266
9919,266
9920,266
9921,266
9922,266
9923,266
9924,266
9925,266
9926,266
9927,266
9928,266
9929,266
9930,266
9931,266
9932,266
9933,266
9934,266
9935,266
9936,266
9937,266
9938,266
9939,266
9940,266
9941,266
9942,266
9943,266
9944,266
9945,266
9946,266
9947,266
9948,266
9949,266
9950,266
9951,266
9952,266
9953,266
9954,266
9955,266
9956,266
9957,266
9958,266
9959,266
9960,266
9961,266
9962,266
9963,266
9964,266
9965,266
9966,266
9967,266
9968,266
9969,266
9970,266
9971,266
9972,266
9973,266
9974,266
9975,266
9976,266
9977,266
9978,266
9979,266
9980,266
9981,266
9982,266
9983,266
9984,266
9985,266
9986,266
9987,266
9988,266
9989,266
9990,266
9991,266
9992,266
9993,266
9994,266
9995,266
9996,266
9997,266
9998,266
9999,266
