0,149
1,149
2,149
3,150
4,150
5,150
6,150
7,150
8,150
9,150
10,150
11,150
12,150
13,150
14,150
15,150
16,150
17,150
18,150
19,150
20,149
21,149
22,149
23,150
24,149
25,149
26,149
27,149
28,149
29,149
30,149
31,150
32,150
33,150
34,150
35,150
36,150
37,150
38,150
39,150
40,150
41,150
42,150
43,150
44,150
45,150
46,150
47,150
48,150
49,150
50,150
51,150
52,150
53,150
54,150
55,150
56,150
57,150
58,150
59,150
60,150
61,150
62,150
63,150
64,150
65,150
66,150
67,150
68,150
69,150
70,150
71,150
72,150
73,150
74,150
75,150
76,150
77,150
78,150
79,150
80,150
81,150
82,150
83,150
84,150
85,150
86,150
87,150
88,150
89,150
90,150
91,150
92,150
93,150
94,150
95,150
96,150
97,150
98,150
99,150
100,150
101,150
102,150
103,150
104,150
105,150
106,150
107,150
108,150
109,150
110,150
111,150
112,150
113,150
114,150
115,150
116,150
117,150
118,150
119,150
120,150
121,150
122,150
123,150
124,150
125,150
126,150
127,150
128,150
129,150
130,150
131,150
132,150
133,150
134,150
135,150
136,150
137,150
138,150
139,150
140,150
141,150
142,150
143,150
144,150
145,150
146,150
147,150
148,150
149,150
150,150
151,150
152,150
153,150
154,150
155,150
156,150
157,150
158,150
159,150
160,150
161,150
162,150
163,150
164,150
165,150
166,150
167,150
168,150
169,150
170,150
171,150
172,150
173,150
174,150
175,150
176,150
177,150
178,150
179,150
180,150
181,150
182,150
183,150
184,150
185,150
186,150
187,150
188,150
189,150
190,150
191,150
192,150
193,150
194,150
195,150
196,151
197,151
198,151
199,151
200,151
201,151
202,151
203,151
204,151
205,151
206,151
207,151
208,151
209,151
210,151
211,151
212,151
213,151
214,151
215,151
216,151
217,151
218,151
219,151
220,151
221,151
222,151
223,151
224,151
225,151
226,151
227,151
228,151
229,151
230,151
231,151
232,151
233,151
234,151
235,151
236,151
237,151
238,151
239,151
240,151
241,151
242,151
243,151
244,151
245,151
246,151
247,151
248,151
249,151
250,151
251,151
252,151
253,151
254,151
255,151
256,151
257,151
258,151
259,151
260,151
261,151
262,151
263,151
264,151
265,151
266,151
267,151
268,151
269,151
270,151
271,151
272,151
273,151
274,151
275,151
276,151
277,151
278,151
279,151
280,151
281,151
282,151
283,151
284,151
285,151
286,151
287,151
288,151
289,151
290,151
291,151
292,151
293,151
294,151
295,151
296,151
297,151
298,151
299,151
300,151
301,151
302,151
303,151
304,151
305,151
306,151
307,151
308,151
309,151
310,151
311,151
312,151
313,151
314,151
315,151
316,151
317,151
318,151
319,152
320,151
321,151
322,151
323,151
324,152
325,152
326,152
327,152
328,152
329,152
330,152
331,152
332,152
333,152
334,152
335,152
336,152
337,152
338,152
339,152
340,152
341,152
342,152
343,152
344,152
345,152
346,152
347,152
348,152
349,152
350,152
351,152
352,152
353,152
354,152
355,152
356,152
357,152
358,152
359,152
360,152
361,152
362,152
363,152
364,152
365,152
366,152
367,152
368,152
369,152
370,152
371,152
372,152
373,152
374,152
375,152
376,152
377,152
378,152
379,152
380,152
381,152
382,152
383,152
384,152
385,152
386,152
387,152
388,152
389,152
390,152
391,152
392,152
393,152
394,152
395,152
396,152
397,152
398,152
399,152
400,152
401,152
402,152
403,152
404,152
405,152
406,152
407,152
408,152
409,152
410,152
411,152
412,152
413,152
414,152
415,152
416,152
417,152
418,152
419,152
420,152
421,152
422,152
423,152
424,152
425,152
426,153
427,153
428,153
429,153
430,153
431,153
432,153
433,153
434,153
435,153
436,153
437,153
438,153
439,153
440,153
441,153
442,153
443,153
444,153
445,153
446,153
447,153
448,153
449,153
450,153
451,153
452,153
453,153
454,153
455,153
456,153
457,153
458,153
459,153
460,153
461,153
462,153
463,153
464,153
465,153
466,153
467,153
468,153
469,153
470,153
471,153
472,153
473,153
474,153
475,153
476,153
477,153
478,153
479,153
480,153
481,153
482,153
483,153
484,153
485,153
486,153
487,153
488,153
489,153
490,153
491,153
492,153
493,153
494,153
495,153
496,153
497,153
498,153
499,153
500,153
501,153
502,153
503,153
504,153
505,153
506,153
507,153
508,153
509,153
510,153
511,154
512,154
513,154
514,154
515,154
516,153
517,154
518,154
519,154
520,153
521,153
522,153
523,154
524,154
525,154
526,154
527,154
528,154
529,154
530,154
531,154
532,154
533,154
534,154
535,154
536,154
537,154
538,154
539,154
540,154
541,154
542,154
543,154
544,154
545,154
546,154
547,154
548,154
549,154
550,154
551,154
552,154
553,154
554,154
555,154
556,154
557,154
558,154
559,154
560,154
561,154
562,154
563,154
564,154
565,154
566,154
567,154
568,154
569,154
570,154
571,154
572,154
573,154
574,154
575,154
576,154
577,154
578,154
579,154
580,154
581,154
582,154
583,154
584,154
585,154
586,154
587,154
588,154
589,154
590,154
591,154
592,154
593,154
594,154
595,154
596,154
597,154
598,154
599,154
600,154
601,154
602,154
603,154
604,154
605,154
606,154
607,154
608,154
609,154
610,154
611,154
612,154
613,154
614,154
615,154
616,154
617,154
618,154
619,154
620,154
621,154
622,154
623,154
624,154
625,154
626,154
627,154
628,154
629,154
630,154
631,154
632,154
633,154
634,154
635,154
636,154
637,154
638,154
639,154
640,154
641,154
642,154
643,154
644,154
645,154
646,154
647,154
648,154
649,154
650,154
651,154
652,154
653,154
654,154
655,154
656,154
657,154
658,154
659,154
660,154
661,154
662,155
663,155
664,155
665,155
666,155
667,155
668,155
669,155
670,155
671,155
672,155
673,155
674,155
675,155
676,155
677,155
678,155
679,155
680,155
681,155
682,155
683,155
684,155
685,155
686,155
687,155
688,155
689,155
690,155
691,155
692,155
693,155
694,155
695,155
696,155
697,155
698,155
699,155
700,155
701,155
702,155
703,155
704,155
705,155
706,155
707,155
708,155
709,155
710,155
711,155
712,155
713,155
714,155
715,155
716,155
717,155
718,155
719,155
720,155
721,155
722,155
723,155
724,155
725,155
726,155
727,155
728,155
729,155
730,155
731,155
732,155
733,155
734,155
735,155
736,155
737,155
738,155
739,155
740,155
741,155
742,155
743,156
744,156
745,156
746,156
747,156
748,156
749,156
750,156
751,156
752,156
753,156
754,156
755,156
756,156
757,156
758,156
759,156
760,156
761,156
762,156
763,156
764,156
765,156
766,156
767,156
768,156
769,156
770,156
771,156
772,156
773,156
774,156
775,156
776,155
777,156
778,155
779,156
780,156
781,156
782,156
783,156
784,156
785,156
786,156
787,156
788,156
789,156
790,156
791,156
792,156
793,156
794,156
795,156
796,156
797,156
798,156
799,156
800,156
801,156
802,156
803,156
804,156
805,156
806,156
807,156
808,156
809,156
810,156
811,156
812,156
813,156
814,156
815,156
816,156
817,156
818,156
819,156
820,156
821,156
822,156
823,156
824,156
825,156
826,156
827,156
828,156
829,156
830,156
831,156
832,156
833,156
834,156
835,156
836,156
837,156
838,156
839,156
840,156
841,156
842,156
843,156
844,156
845,156
846,156
847,156
848,156
849,156
850,156
851,156
852,156
853,156
854,156
855,156
856,156
857,156
858,157
859,157
860,157
861,157
862,157
863,157
864,157
865,157
866,157
867,157
868,157
869,157
870,157
871,157
872,157
873,157
874,157
875,157
876,157
877,157
878,157
879,157
880,157
881,157
882,157
883,157
884,157
885,157
886,157
887,157
888,157
889,157
890,157
891,157
892,157
893,157
894,157
895,157
896,157
897,157
898,157
899,157
900,157
901,157
902,157
903,157
904,157
905,157
906,157
907,157
908,157
909,157
910,157
911,157
912,157
913,157
914,157
915,157
916,157
917,157
918,157
919,157
920,157
921,157
922,157
923,157
924,157
925,157
926,157
927,157
928,157
929,157
930,157
931,158
932,157
933,158
934,158
935,158
936,158
937,158
938,158
939,158
940,158
941,158
942,158
943,158
944,158
945,158
946,158
947,158
948,158
949,158
950,158
951,158
952,158
953,158
954,158
955,158
956,158
957,158
958,158
959,158
960,158
961,158
962,158
963,158
964,158
965,158
966,158
967,158
968,158
969,158
970,158
971,158
972,158
973,158
974,158
975,158
976,158
977,158
978,158
979,158
980,158
981,158
982,158
983,158
984,158
985,158
986,158
987,158
988,158
989,158
990,158
991,158
992,158
993,158
994,158
995,158
996,158
997,158
998,158
999,158
1000,158
1001,159
1002,159
1003,159
1004,159
1005,159
1006,159
1007,159
1008,159
1009,159
1010,159
1011,159
1012,159
1013,159
1014,159
1015,159
1016,159
1017,159
1018,159
1019,159
1020,159
1021,159
1022,159
1023,159
1024,159
1025,159
1026,159
1027,159
1028,159
1029,159
1030,159
1031,159
1032,159
1033,159
1034,159
1035,159
1036,159
1037,159
1038,159
1039,159
1040,159
1041,159
1042,159
1043,159
1044,159
1045,159
1046,159
1047,159
1048,159
1049,159
1050,159
1051,159
1052,159
1053,159
1054,159
1055,159
1056,159
1057,159
1058,159
1059,159
1060,159
1061,159
1062,159
1063,159
1064,159
1065,159
1066,159
1067,160
1068,160
1069,160
1070,160
1071,160
1072,160
1073,160
1074,160
1075,160
1076,160
1077,160
1078,160
1079,159
1080,159
1081,159
1082,159
1083,159
1084,159
1085,159
1086,159
1087,160
1088,160
1089,160
1090,160
1091,160
1092,160
1093,160
1094,160
1095,160
1096,160
1097,160
1098,160
1099,160
1100,160
1101,160
1102,160
1103,160
1104,160
1105,160
1106,160
1107,160
1108,160
1109,160
1110,160
1111,160
1112,160
1113,160
1114,160
1115,160
1116,160
1117,160
1118,160
1119,160
1120,160
1121,160
1122,160
1123,160
1124,160
1125,160
1126,160
1127,160
1128,160
1129,160
1130,160
1131,160
1132,160
1133,160
1134,160
1135,160
1136,160
1137,160
1138,160
1139,160
1140,160
1141,160
1142,160
1143,160
1144,160
1145,160
1146,160
1147,160
1148,160
1149,160
1150,160
1151,160
1152,160
1153,160
1154,160
1155,160
1156,160
1157,160
1158,160
1159,160
1160,160
1161,160
1162,160
1163,160
1164,160
1165,160
1166,160
1167,160
1168,160
1169,160
1170,160
1171,160
1172,160
1173,160
1174,160
1175,160
1176,160
1177,160
1178,160
1179,160
1180,160
1181,160
1182,160
1183,160
1184,160
1185,160
1186,160
1187,160
1188,160
1189,160
1190,160
1191,160
1192,160
1193,160
1194,160
1195,160
1196,160
1197,160
1198,160
1199,160
1200,160
1201,160
1202,160
1203,161
1204,161
1205,161
1206,161
1207,161
1208,161
1209,161
1210,161
1211,161
1212,161
1213,161
1214,161
1215,161
1216,161
1217,161
1218,161
1219,161
1220,161
1221,161
1222,161
1223,161
1224,161
1225,161
1226,161
1227,161
1228,161
1229,161
1230,161
1231,161
1232,161
1233,161
1234,161
1235,161
1236,161
1237,161
1238,161
1239,161
1240,161
1241,161
1242,161
1243,161
1244,161
1245,161
1246,161
1247,161
1248,161
1249,161
1250,161
1251,161
1252,161
1253,161
1254,161
1255,161
1256,161
1257,161
1258,161
1259,161
1260,161
1261,161
1262,161
1263,161
1264,161
1265,161
1266,161
1267,161
1268,161
1269,161
1270,161
1271,161
1272,161
1273,161
1274,162
1275,162
1276,162
1277,162
1278,162
1279,162
1280,162
1281,162
1282,162
1283,162
1284,162
1285,162
1286,162
1287,162
1288,162
1289,162
1290,162
1291,162
1292,162
1293,162
1294,162
1295,162
1296,162
1297,162
1298,162
1299,162
1300,162
1301,162
1302,162
1303,162
1304,162
1305,162
1306,162
1307,162
1308,161
1309,162
1310,162
1311,162
1312,162
1313,162
1314,162
1315,162
1316,162
1317,162
1318,162
1319,162
1320,162
1321,162
1322,162
1323,162
1324,162
1325,162
1326,162
1327,162
1328,162
1329,162
1330,162
1331,162
1332,162
1333,162
1334,162
1335,162
1336,162
1337,162
1338,162
1339,162
1340,162
1341,162
1342,162
1343,162
1344,162
1345,162
1346,162
1347,162
1348,162
1349,162
1350,162
1351,162
1352,162
1353,162
1354,162
1355,162
1356,162
1357,162
1358,162
1359,162
1360,162
1361,162
1362,162
1363,162
1364,162
1365,162
1366,162
1367,162
1368,162
1369,162
1370,162
1371,162
1372,162
1373,162
1374,162
1375,162
1376,162
1377,162
1378,163
1379,163
1380,163
1381,163
1382,163
1383,163
1384,163
1385,163
1386,163
1387,163
1388,163
1389,163
1390,163
1391,163
1392,163
1393,163
1394,163
1395,163
1396,163
1397,163
1398,163
1399,163
1400,163
1401,163
1402,163
1403,163
1404,163
1405,163
1406,163
1407,163
1408,163
1409,163
1410,163
1411,163
1412,163
1413,163
1414,163
1415,163
1416,163
1417,163
1418,163
1419,163
1420,163
1421,163
1422,163
1423,163
1424,163
1425,163
1426,163
1427,163
1428,163
1429,163
1430,163
1431,163
1432,163
1433,163
1434,163
1435,163
1436,163
1437,163
1438,163
1439,163
1440,164
1441,163
1442,164
1443,164
1444,163
1445,164
1446,163
1447,164
1448,164
1449,164
1450,164
1451,164
1452,164
1453,164
1454,164
1455,164
1456,164
1457,164
1458,164
1459,164
1460,164
1461,164
1462,164
1463,164
1464,164
1465,164
1466,164
1467,164
1468,164
1469,164
1470,164
1471,164
1472,164
1473,164
1474,164
1475,164
1476,164
1477,164
1478,164
1479,164
1480,164
1481,164
1482,164
1483,164
1484,164
1485,164
1486,164
1487,164
1488,164
1489,164
1490,164
1491,164
1492,164
1493,164
1494,164
1495,165
1496,165
1497,164
1498,164
1499,164
1500,164
1501,164
1502,164
1503,165
1504,165
1505,165
1506,165
1507,165
1508,165
1509,165
1510,165
1511,165
1512,165
1513,165
1514,165
1515,165
1516,165
1517,165
1518,165
1519,165
1520,165
1521,165
1522,165
1523,165
1524,165
1525,165
1526,165
1527,165
1528,165
1529,165
1530,165
1531,165
1532,165
1533,165
1534,165
1535,165
1536,165
1537,165
1538,165
1539,165
1540,165
1541,165
1542,165
1543,165
1544,165
1545,165
1546,165
1547,165
1548,165
1549,165
1550,165
1551,165
1552,165
1553,165
1554,165
1555,165
1556,165
1557,165
1558,165
1559,165
1560,165
1561,165
1562,165
1563,165
1564,165
1565,165
1566,165
1567,165
1568,165
1569,165
1570,165
1571,165
1572,165
1573,165
1574,165
1575,165
1576,165
1577,165
1578,165
1579,165
1580,165
1581,165
1582,165
1583,165
1584,165
1585,165
1586,165
1587,165
1588,165
1589,165
1590,165
1591,165
1592,165
1593,165
1594,165
1595,165
1596,165
1597,165
1598,165
1599,165
1600,165
1601,165
1602,165
1603,165
1604,165
1605,165
1606,165
1607,165
1608,165
1609,165
1610,165
1611,165
1612,165
1613,165
1614,165
1615,166
1616,166
1617,166
1618,166
1619,166
1620,166
1621,166
1622,166
1623,166
1624,166
1625,166
1626,166
1627,166
1628,166
1629,166
1630,166
1631,166
1632,166
1633,166
1634,166
1635,166
1636,166
1637,166
1638,166
1639,166
1640,166
1641,166
1642,166
1643,166
1644,166
1645,166
1646,166
1647,166
1648,166
1649,166
1650,166
1651,166
1652,166
1653,166
1654,166
1655,166
1656,166
1657,166
1658,166
1659,166
1660,166
1661,166
1662,166
1663,166
1664,166
1665,166
1666,166
1667,166
1668,166
1669,166
1670,166
1671,166
1672,166
1673,166
1674,166
1675,166
1676,167
1677,167
1678,167
1679,167
1680,167
1681,167
1682,167
1683,167
1684,167
1685,167
1686,167
1687,167
1688,167
1689,167
1690,167
1691,167
1692,167
1693,167
1694,167
1695,167
1696,167
1697,167
1698,167
1699,167
1700,167
1701,167
1702,167
1703,167
1704,167
1705,167
1706,167
1707,167
1708,167
1709,167
1710,167
1711,167
1712,167
1713,167
1714,167
1715,167
1716,167
1717,167
1718,167
1719,167
1720,167
1721,167
1722,167
1723,167
1724,167
1725,167
1726,167
1727,167
1728,167
1729,167
1730,167
1731,167
1732,167
1733,167
1734,167
1735,167
1736,167
1737,167
1738,167
1739,167
1740,167
1741,167
1742,167
1743,167
1744,167
1745,167
1746,168
1747,167
1748,168
1749,168
1750,168
1751,168
1752,168
1753,168
1754,168
1755,168
1756,168
1757,168
1758,168
1759,168
1760,168
1761,168
1762,168
1763,168
1764,168
1765,168
1766,168
1767,168
1768,168
1769,168
1770,168
1771,168
1772,168
1773,168
1774,168
1775,168
1776,168
1777,168
1778,168
1779,168
1780,168
1781,168
1782,168
1783,168
1784,168
1785,168
1786,168
1787,168
1788,168
1789,168
1790,168
1791,168
1792,168
1793,168
1794,168
1795,168
1796,168
1797,168
1798,169
1799,169
1800,169
1801,169
1802,169
1803,169
1804,169
1805,169
1806,169
1807,169
1808,169
1809,169
1810,169
1811,169
1812,169
1813,169
1814,169
1815,169
1816,169
1817,169
1818,169
1819,169
1820,169
1821,169
1822,169
1823,169
1824,169
1825,169
1826,169
1827,169
1828,169
1829,169
1830,169
1831,169
1832,169
1833,169
1834,169
1835,169
1836,169
1837,169
1838,169
1839,169
1840,169
1841,169
1842,169
1843,169
1844,169
1845,169
1846,169
1847,169
1848,169
1849,169
1850,169
1851,170
1852,170
1853,170
1854,170
1855,170
1856,170
1857,170
1858,170
1859,170
1860,170
1861,170
1862,170
1863,170
1864,170
1865,170
1866,170
1867,170
1868,170
1869,170
1870,170
1871,170
1872,170
1873,170
1874,170
1875,170
1876,170
1877,170
1878,170
1879,170
1880,170
1881,170
1882,170
1883,170
1884,170
1885,170
1886,170
1887,170
1888,170
1889,170
1890,170
1891,170
1892,170
1893,170
1894,170
1895,170
1896,170
1897,170
1898,170
1899,170
1900,170
1901,171
1902,171
1903,171
1904,171
1905,171
1906,171
1907,171
1908,171
1909,171
1910,171
1911,171
1912,171
1913,171
1914,171
1915,171
1916,171
1917,171
1918,171
1919,171
1920,171
1921,171
1922,171
1923,171
1924,171
1925,171
1926,171
1927,171
1928,171
1929,171
1930,171
1931,171
1932,171
1933,171
1934,171
1935,171
1936,171
1937,171
1938,171
1939,171
1940,171
1941,171
1942,171
1943,171
1944,171
1945,171
1946,171
1947,171
1948,171
1949,171
1950,171
1951,171
1952,171
1953,171
1954,171
1955,171
1956,171
1957,171
1958,171
1959,171
1960,171
1961,171
1962,171
1963,171
1964,171
1965,171
1966,171
1967,171
1968,171
1969,171
1970,171
1971,171
1972,171
1973,171
1974,171
1975,171
1976,171
1977,171
1978,171
1979,171
1980,171
1981,171
1982,171
1983,172
1984,172
1985,172
1986,172
1987,172
1988,172
1989,172
1990,172
1991,172
1992,172
1993,172
1994,172
1995,172
1996,172
1997,172
1998,172
1999,172
2000,172
2001,172
2002,172
2003,172
2004,172
2005,172
2006,172
2007,172
2008,172
2009,172
2010,172
2011,172
2012,172
2013,172
2014,172
2015,172
2016,172
2017,172
2018,172
2019,172
2020,172
2021,172
2022,172
2023,172
2024,172
2025,172
2026,172
2027,172
2028,172
2029,172
2030,172
2031,172
2032,172
2033,172
2034,172
2035,172
2036,172
2037,172
2038,172
2039,172
2040,172
2041,172
2042,172
2043,172
2044,172
2045,172
2046,172
2047,172
2048,172
2049,172
2050,172
2051,172
2052,172
2053,172
2054,172
2055,172
2056,172
2057,172
2058,172
2059,172
2060,172
2061,172
2062,172
2063,172
2064,172
2065,172
2066,172
2067,172
2068,172
2069,172
2070,172
2071,172
2072,172
2073,172
2074,172
2075,172
2076,172
2077,172
2078,172
2079,172
2080,172
2081,172
2082,172
2083,172
2084,172
2085,172
2086,172
2087,172
2088,172
2089,172
2090,172
2091,173
2092,173
2093,173
2094,173
2095,173
2096,173
2097,173
2098,173
2099,172
2100,173
2101,173
2102,173
2103,173
2104,173
2105,173
2106,173
2107,173
2108,173
2109,173
2110,173
2111,173
2112,173
2113,173
2114,173
2115,173
2116,173
2117,173
2118,173
2119,173
2120,173
2121,173
2122,173
2123,173
2124,173
2125,173
2126,173
2127,173
2128,173
2129,173
2130,173
2131,173
2132,173
2133,173
2134,173
2135,173
2136,173
2137,173
2138,173
2139,173
2140,173
2141,173
2142,173
2143,173
2144,173
2145,173
2146,173
2147,173
2148,173
2149,173
2150,173
2151,173
2152,173
2153,173
2154,173
2155,173
2156,173
2157,173
2158,173
2159,173
2160,173
2161,173
2162,173
2163,173
2164,173
2165,173
2166,173
2167,173
2168,173
2169,173
2170,173
2171,173
2172,173
2173,173
2174,173
2175,173
2176,173
2177,173
2178,173
2179,173
2180,173
2181,173
2182,173
2183,173
2184,173
2185,173
2186,173
2187,173
2188,173
2189,173
2190,173
2191,173
2192,173
2193,173
2194,173
2195,173
2196,173
2197,173
2198,173
2199,173
2200,173
2201,173
2202,173
2203,173
2204,173
2205,173
2206,173
2207,173
2208,173
2209,173
2210,173
2211,173
2212,173
2213,173
2214,173
2215,173
2216,173
2217,173
2218,173
2219,173
2220,173
2221,174
2222,174
2223,174
2224,174
2225,174
2226,174
2227,174
2228,174
2229,174
2230,174
2231,174
2232,174
2233,174
2234,174
2235,174
2236,174
2237,174
2238,174
2239,174
2240,174
2241,174
2242,174
2243,174
2244,174
2245,174
2246,174
2247,174
2248,174
2249,174
2250,174
2251,174
2252,174
2253,174
2254,174
2255,174
2256,174
2257,174
2258,174
2259,174
2260,174
2261,174
2262,174
2263,174
2264,174
2265,174
2266,174
2267,174
2268,174
2269,174
2270,174
2271,174
2272,174
2273,174
2274,174
2275,174
2276,174
2277,174
2278,174
2279,174
2280,174
2281,174
2282,174
2283,174
2284,174
2285,174
2286,174
2287,174
2288,174
2289,174
2290,174
2291,174
2292,174
2293,174
2294,174
2295,174
2296,174
2297,174
2298,174
2299,174
2300,174
2301,174
2302,174
2303,174
2304,174
2305,174
2306,174
2307,174
2308,174
2309,174
2310,174
2311,174
2312,174
2313,174
2314,174
2315,174
2316,174
2317,174
2318,174
2319,174
2320,174
2321,174
2322,174
2323,174
2324,174
2325,174
2326,174
2327,174
2328,174
2329,174
2330,174
2331,174
2332,174
2333,174
2334,174
2335,174
2336,174
2337,174
2338,174
2339,174
2340,174
2341,174
2342,174
2343,174
2344,174
2345,174
2346,174
2347,174
2348,174
2349,174
2350,174
2351,174
2352,174
2353,174
2354,174
2355,174
2356,174
2357,174
2358,175
2359,175
2360,175
2361,175
2362,175
2363,175
2364,175
2365,175
2366,175
2367,175
2368,175
2369,175
2370,175
2371,175
2372,175
2373,175
2374,175
2375,175
2376,175
2377,175
2378,175
2379,175
2380,175
2381,175
2382,175
2383,175
2384,175
2385,175
2386,175
2387,175
2388,175
2389,175
2390,175
2391,175
2392,175
2393,175
2394,175
2395,175
2396,175
2397,175
2398,175
2399,175
2400,175
2401,175
2402,175
2403,175
2404,175
2405,175
2406,175
2407,175
2408,175
2409,175
2410,175
2411,175
2412,175
2413,175
2414,175
2415,175
2416,175
2417,175
2418,175
2419,175
2420,175
2421,175
2422,175
2423,175
2424,175
2425,175
2426,175
2427,175
2428,175
2429,175
2430,176
2431,176
2432,176
2433,176
2434,176
2435,176
2436,176
2437,176
2438,176
2439,176
2440,176
2441,176
2442,176
2443,176
2444,176
2445,176
2446,176
2447,176
2448,176
2449,176
2450,176
2451,176
2452,176
2453,176
2454,176
2455,176
2456,176
2457,176
2458,176
2459,176
2460,176
2461,176
2462,176
2463,176
2464,176
2465,176
2466,176
2467,176
2468,176
2469,176
2470,176
2471,176
2472,176
2473,176
2474,176
2475,176
2476,176
2477,176
2478,176
2479,176
2480,176
2481,176
2482,176
2483,176
2484,176
2485,176
2486,176
2487,176
2488,176
2489,176
2490,176
2491,176
2492,176
2493,176
2494,176
2495,176
2496,176
2497,176
2498,176
2499,176
2500,176
2501,176
2502,176
2503,176
2504,176
2505,176
2506,176
2507,176
2508,176
2509,176
2510,177
2511,177
2512,177
2513,176
2514,177
2515,177
2516,177
2517,177
2518,177
2519,177
2520,177
2521,177
2522,177
2523,177
2524,177
2525,177
2526,177
2527,177
2528,177
2529,177
2530,177
2531,177
2532,177
2533,177
2534,177
2535,177
2536,177
2537,177
2538,177
2539,177
2540,177
2541,177
2542,177
2543,177
2544,177
2545,177
2546,177
2547,177
2548,177
2549,177
2550,177
2551,177
2552,177
2553,177
2554,177
2555,177
2556,177
2557,177
2558,177
2559,177
2560,177
2561,177
2562,177
2563,177
2564,177
2565,177
2566,177
2567,177
2568,177
2569,177
2570,177
2571,177
2572,177
2573,177
2574,177
2575,177
2576,177
2577,177
2578,177
2579,177
2580,177
2581,177
2582,177
2583,177
2584,177
2585,178
2586,177
2587,177
2588,177
2589,177
2590,177
2591,177
2592,177
2593,177
2594,178
2595,178
2596,178
2597,178
2598,178
2599,178
2600,178
2601,178
2602,178
2603,178
2604,178
2605,178
2606,178
2607,178
2608,178
2609,178
2610,178
2611,178
2612,178
2613,178
2614,178
2615,178
2616,178
2617,178
2618,178
2619,178
2620,178
2621,178
2622,178
2623,178
2624,178
2625,178
2626,178
2627,178
2628,178
2629,178
2630,178
2631,178
2632,178
2633,178
2634,178
2635,179
2636,179
2637,179
2638,179
2639,179
2640,179
2641,179
2642,179
2643,179
2644,179
2645,179
2646,179
2647,179
2648,179
2649,179
2650,179
2651,179
2652,179
2653,179
2654,179
2655,179
2656,179
2657,179
2658,179
2659,179
2660,179
2661,179
2662,179
2663,179
2664,179
2665,179
2666,178
2667,179
2668,179
2669,179
2670,179
2671,179
2672,179
2673,179
2674,179
2675,179
2676,179
2677,179
2678,179
2679,179
2680,179
2681,179
2682,179
2683,179
2684,179
2685,179
2686,179
2687,179
2688,179
2689,179
2690,179
2691,179
2692,179
2693,179
2694,179
2695,179
2696,179
2697,179
2698,179
2699,179
2700,179
2701,179
2702,179
2703,179
2704,179
2705,179
2706,179
2707,179
2708,179
2709,179
2710,179
2711,179
2712,179
2713,180
2714,180
2715,180
2716,180
2717,180
2718,180
2719,180
2720,180
2721,180
2722,180
2723,180
2724,180
2725,180
2726,180
2727,180
2728,180
2729,180
2730,180
2731,180
2732,180
2733,180
2734,180
2735,180
2736,180
2737,180
2738,180
2739,180
2740,180
2741,180
2742,180
2743,180
2744,180
2745,180
2746,180
2747,180
2748,180
2749,180
2750,180
2751,180
2752,180
2753,180
2754,180
2755,180
2756,180
2757,180
2758,180
2759,180
2760,180
2761,181
2762,181
2763,181
2764,181
2765,181
2766,181
2767,181
2768,181
2769,181
2770,181
2771,181
2772,181
2773,181
2774,181
2775,181
2776,181
2777,181
2778,181
2779,181
2780,181
2781,181
2782,181
2783,181
2784,181
2785,181
2786,181
2787,181
2788,181
2789,181
2790,181
2791,181
2792,181
2793,181
2794,181
2795,181
2796,181
2797,181
2798,181
2799,181
2800,181
2801,181
2802,181
2803,181
2804,181
2805,181
2806,181
2807,181
2808,181
2809,181
2810,181
2811,181
2812,181
2813,181
2814,181
2815,181
2816,181
2817,181
2818,181
2819,181
2820,182
2821,182
2822,182
2823,182
2824,182
2825,182
2826,182
2827,182
2828,182
2829,182
2830,182
2831,182
2832,182
2833,182
2834,182
2835,182
2836,182
2837,182
2838,182
2839,182
2840,182
2841,182
2842,182
2843,182
2844,182
2845,182
2846,182
2847,182
2848,182
2849,182
2850,182
2851,182
2852,182
2853,182
2854,182
2855,182
2856,182
2857,182
2858,182
2859,182
2860,182
2861,182
2862,182
2863,182
2864,182
2865,182
2866,182
2867,182
2868,182
2869,182
2870,182
2871,182
2872,182
2873,182
2874,182
2875,182
2876,182
2877,182
2878,182
2879,182
2880,182
2881,182
2882,182
2883,182
2884,182
2885,182
2886,182
2887,182
2888,182
2889,182
2890,182
2891,182
2892,182
2893,182
2894,182
2895,182
2896,182
2897,182
2898,182
2899,182
2900,183
2901,183
2902,183
2903,183
2904,183
2905,183
2906,183
2907,183
2908,183
2909,183
2910,183
2911,183
2912,183
2913,183
2914,183
2915,183
2916,183
2917,183
2918,183
2919,183
2920,183
2921,183
2922,183
2923,183
2924,183
2925,183
2926,183
2927,183
2928,183
2929,183
2930,183
2931,183
2932,183
2933,183
2934,183
2935,183
2936,183
2937,183
2938,183
2939,183
2940,183
2941,183
2942,183
2943,183
2944,183
2945,183
2946,183
2947,183
2948,183
2949,183
2950,183
2951,183
2952,183
2953,183
2954,183
2955,183
2956,183
2957,183
2958,183
2959,183
2960,183
2961,183
2962,183
2963,183
2964,183
2965,183
2966,183
2967,183
2968,183
2969,183
2970,183
2971,183
2972,183
2973,183
2974,183
2975,183
2976,183
2977,183
2978,183
2979,183
2980,183
2981,183
2982,183
2983,183
2984,183
2985,183
2986,183
2987,183
2988,183
2989,183
2990,183
2991,183
2992,184
2993,184
2994,183
2995,183
2996,183
2997,184
2998,183
2999,184
3000,184
3001,184
3002,184
3003,184
3004,184
3005,184
3006,184
3007,184
3008,184
3009,184
3010,184
3011,184
3012,184
3013,184
3014,184
3015,184
3016,184
3017,184
3018,184
3019,184
3020,184
3021,184
3022,184
3023,184
3024,184
3025,184
3026,184
3027,184
3028,184
3029,184
3030,184
3031,184
3032,184
3033,184
3034,184
3035,184
3036,184
3037,184
3038,184
3039,184
3040,184
3041,184
3042,184
3043,184
3044,184
3045,184
3046,184
3047,184
3048,184
3049,184
3050,184
3051,184
3052,184
3053,184
3054,184
3055,184
3056,184
3057,184
3058,184
3059,184
3060,184
3061,184
3062,185
3063,185
3064,184
3065,185
3066,185
3067,185
3068,185
3069,185
3070,185
3071,185
3072,185
3073,185
3074,185
3075,185
3076,185
3077,185
3078,185
3079,185
3080,185
3081,185
3082,185
3083,185
3084,185
3085,185
3086,185
3087,185
3088,185
3089,185
3090,185
3091,185
3092,185
3093,185
3094,185
3095,185
3096,185
3097,185
3098,185
3099,185
3100,185
3101,185
3102,185
3103,185
3104,185
3105,185
3106,185
3107,185
3108,185
3109,185
3110,185
3111,185
3112,185
3113,185
3114,185
3115,185
3116,185
3117,185
3118,185
3119,186
3120,186
3121,186
3122,186
3123,186
3124,186
3125,186
3126,186
3127,186
3128,186
3129,186
3130,186
3131,186
3132,186
3133,186
3134,186
3135,186
3136,186
3137,186
3138,186
3139,186
3140,186
3141,186
3142,186
3143,186
3144,186
3145,186
3146,185
3147,185
3148,185
3149,185
3150,185
3151,186
3152,186
3153,186
3154,186
3155,186
3156,185
3157,185
3158,186
3159,186
3160,185
3161,185
3162,185
3163,185
3164,185
3165,185
3166,185
3167,185
3168,185
3169,186
3170,186
3171,186
3172,186
3173,186
3174,186
3175,186
3176,186
3177,186
3178,186
3179,186
3180,186
3181,186
3182,186
3183,186
3184,186
3185,186
3186,186
3187,186
3188,186
3189,186
3190,186
3191,186
3192,186
3193,186
3194,186
3195,186
3196,186
3197,186
3198,186
3199,186
3200,186
3201,186
3202,186
3203,186
3204,186
3205,186
3206,186
3207,186
3208,186
3209,186
3210,186
3211,186
3212,186
3213,186
3214,186
3215,186
3216,186
3217,186
3218,186
3219,186
3220,186
3221,186
3222,186
3223,186
3224,186
3225,186
3226,186
3227,186
3228,186
3229,186
3230,186
3231,186
3232,186
3233,186
3234,186
3235,186
3236,186
3237,186
3238,186
3239,186
3240,186
3241,186
3242,187
3243,187
3244,187
3245,187
3246,187
3247,187
3248,187
3249,187
3250,187
3251,187
3252,187
3253,187
3254,187
3255,187
3256,187
3257,187
3258,187
3259,187
3260,187
3261,187
3262,187
3263,187
3264,187
3265,187
3266,187
3267,187
3268,187
3269,187
3270,187
3271,187
3272,187
3273,187
3274,187
3275,187
3276,187
3277,187
3278,187
3279,187
3280,187
3281,187
3282,187
3283,187
3284,187
3285,187
3286,187
3287,187
3288,187
3289,187
3290,187
3291,187
3292,187
3293,187
3294,187
3295,187
3296,187
3297,187
3298,187
3299,187
3300,187
3301,187
3302,187
3303,187
3304,187
3305,187
3306,187
3307,187
3308,187
3309,187
3310,187
3311,187
3312,187
3313,187
3314,187
3315,187
3316,187
3317,188
3318,188
3319,187
3320,188
3321,188
3322,188
3323,188
3324,188
3325,188
3326,188
3327,188
3328,188
3329,188
3330,188
3331,188
3332,188
3333,188
3334,188
3335,188
3336,188
3337,188
3338,188
3339,188
3340,188
3341,188
3342,188
3343,188
3344,188
3345,188
3346,188
3347,188
3348,188
3349,188
3350,188
3351,188
3352,188
3353,188
3354,188
3355,188
3356,188
3357,188
3358,188
3359,188
3360,188
3361,188
3362,188
3363,188
3364,188
3365,188
3366,188
3367,188
3368,188
3369,188
3370,188
3371,188
3372,188
3373,188
3374,188
3375,188
3376,188
3377,188
3378,188
3379,188
3380,188
3381,188
3382,188
3383,188
3384,188
3385,188
3386,188
3387,188
3388,188
3389,188
3390,188
3391,188
3392,188
3393,188
3394,188
3395,188
3396,188
3397,188
3398,188
3399,188
3400,188
3401,188
3402,188
3403,188
3404,188
3405,188
3406,188
3407,188
3408,188
3409,188
3410,188
3411,188
3412,188
3413,188
3414,188
3415,188
3416,188
3417,188
3418,188
3419,188
3420,188
3421,188
3422,188
3423,188
3424,188
3425,188
3426,188
3427,188
3428,188
3429,188
3430,188
3431,189
3432,189
3433,189
3434,189
3435,189
3436,189
3437,189
3438,189
3439,189
3440,189
3441,189
3442,189
3443,189
3444,189
3445,189
3446,189
3447,189
3448,189
3449,189
3450,189
3451,189
3452,189
3453,189
3454,189
3455,189
3456,189
3457,189
3458,189
3459,189
3460,189
3461,189
3462,189
3463,189
3464,189
3465,189
3466,189
3467,189
3468,189
3469,189
3470,189
3471,189
3472,189
3473,189
3474,189
3475,189
3476,189
3477,189
3478,189
3479,189
3480,189
3481,189
3482,189
3483,189
3484,189
3485,189
3486,189
3487,189
3488,189
3489,189
3490,189
3491,189
3492,189
3493,189
3494,189
3495,189
3496,189
3497,189
3498,189
3499,189
3500,189
3501,189
3502,189
3503,189
3504,189
3505,189
3506,189
3507,189
3508,189
3509,189
3510,189
3511,189
3512,189
3513,189
3514,189
3515,190
3516,190
3517,190
3518,190
3519,190
3520,190
3521,190
3522,190
3523,190
3524,190
3525,190
3526,190
3527,190
3528,190
3529,190
3530,190
3531,190
3532,190
3533,190
3534,190
3535,190
3536,190
3537,190
3538,190
3539,190
3540,190
3541,190
3542,190
3543,190
3544,190
3545,190
3546,190
3547,190
3548,190
3549,190
3550,190
3551,190
3552,190
3553,190
3554,190
3555,190
3556,190
3557,190
3558,190
3559,190
3560,190
3561,190
3562,190
3563,190
3564,190
3565,190
3566,190
3567,190
3568,190
3569,190
3570,190
3571,190
3572,190
3573,190
3574,190
3575,190
3576,190
3577,190
3578,190
3579,190
3580,190
3581,190
3582,190
3583,190
3584,191
3585,190
3586,190
3587,190
3588,191
3589,191
3590,191
3591,191
3592,191
3593,191
3594,191
3595,191
3596,191
3597,191
3598,191
3599,191
3600,191
3601,191
3602,191
3603,191
3604,191
3605,191
3606,191
3607,191
3608,191
3609,191
3610,191
3611,190
3612,191
3613,191
3614,191
3615,191
3616,191
3617,191
3618,191
3619,191
3620,191
3621,191
3622,191
3623,191
3624,191
3625,191
3626,191
3627,191
3628,191
3629,191
3630,191
3631,191
3632,191
3633,191
3634,191
3635,191
3636,191
3637,191
3638,191
3639,191
3640,191
3641,191
3642,191
3643,191
3644,191
3645,191
3646,191
3647,191
3648,191
3649,191
3650,191
3651,191
3652,191
3653,191
3654,191
3655,191
3656,191
3657,191
3658,191
3659,191
3660,191
3661,191
3662,191
3663,191
3664,191
3665,191
3666,191
3667,191
3668,191
3669,191
3670,191
3671,191
3672,191
3673,191
3674,191
3675,191
3676,191
3677,191
3678,191
3679,191
3680,191
3681,191
3682,191
3683,191
3684,191
3685,191
3686,191
3687,191
3688,191
3689,191
3690,191
3691,191
3692,191
3693,191
3694,191
3695,191
3696,192
3697,191
3698,191
3699,191
3700,192
3701,192
3702,192
3703,192
3704,192
3705,192
3706,192
3707,192
3708,192
3709,192
3710,192
3711,192
3712,192
3713,192
3714,192
3715,192
3716,192
3717,192
3718,192
3719,192
3720,192
3721,192
3722,192
3723,192
3724,192
3725,192
3726,192
3727,192
3728,192
3729,192
3730,192
3731,192
3732,192
3733,192
3734,192
3735,192
3736,192
3737,192
3738,192
3739,192
3740,192
3741,192
3742,192
3743,192
3744,192
3745,192
3746,192
3747,192
3748,192
3749,192
3750,192
3751,192
3752,192
3753,192
3754,193
3755,193
3756,193
3757,193
3758,193
3759,193
3760,193
3761,193
3762,193
3763,193
3764,193
3765,193
3766,193
3767,193
3768,193
3769,193
3770,193
3771,193
3772,193
3773,193
3774,193
3775,193
3776,193
3777,193
3778,193
3779,193
3780,193
3781,193
3782,193
3783,193
3784,193
3785,193
3786,193
3787,193
3788,193
3789,193
3790,193
3791,193
3792,193
3793,193
3794,193
3795,193
3796,193
3797,193
3798,193
3799,193
3800,193
3801,193
3802,193
3803,193
3804,193
3805,193
3806,193
3807,193
3808,193
3809,193
3810,193
3811,193
3812,193
3813,193
3814,193
3815,193
3816,193
3817,193
3818,193
3819,193
3820,193
3821,193
3822,193
3823,193
3824,193
3825,193
3826,193
3827,193
3828,193
3829,193
3830,193
3831,193
3832,193
3833,193
3834,193
3835,193
3836,193
3837,193
3838,193
3839,193
3840,193
3841,193
3842,193
3843,193
3844,193
3845,193
3846,193
3847,193
3848,194
3849,194
3850,194
3851,194
3852,194
3853,194
3854,194
3855,194
3856,194
3857,194
3858,194
3859,194
3860,194
3861,194
3862,194
3863,194
3864,194
3865,194
3866,194
3867,194
3868,194
3869,194
3870,194
3871,194
3872,194
3873,194
3874,194
3875,194
3876,194
3877,194
3878,194
3879,194
3880,194
3881,194
3882,194
3883,194
3884,194
3885,194
3886,194
3887,194
3888,194
3889,194
3890,194
3891,194
3892,194
3893,194
3894,194
3895,194
3896,194
3897,194
3898,194
3899,194
3900,194
3901,194
3902,194
3903,194
3904,194
3905,194
3906,194
3907,195
3908,195
3909,195
3910,195
3911,195
3912,195
3913,195
3914,195
3915,195
3916,195
3917,195
3918,195
3919,195
3920,195
3921,195
3922,195
3923,195
3924,195
3925,195
3926,195
3927,195
3928,195
3929,195
3930,195
3931,195
3932,195
3933,195
3934,195
3935,195
3936,195
3937,195
3938,195
3939,195
3940,195
3941,195
3942,195
3943,195
3944,195
3945,195
3946,195
3947,195
3948,195
3949,195
3950,195
3951,195
3952,195
3953,195
3954,195
3955,195
3956,195
3957,195
3958,195
3959,195
3960,195
3961,195
3962,195
3963,195
3964,195
3965,195
3966,195
3967,195
3968,195
3969,195
3970,195
3971,195
3972,195
3973,195
3974,195
3975,195
3976,195
3977,195
3978,195
3979,195
3980,195
3981,195
3982,195
3983,195
3984,195
3985,195
3986,195
3987,195
3988,195
3989,195
3990,195
3991,195
3992,195
3993,195
3994,195
3995,195
3996,195
3997,195
3998,195
3999,195
4000,195
4001,195
4002,195
4003,195
4004,195
4005,195
4006,195
4007,195
4008,195
4009,195
4010,195
4011,195
4012,195
4013,195
4014,195
4015,195
4016,196
4017,196
4018,196
4019,196
4020,196
4021,196
4022,196
4023,196
4024,196
4025,196
4026,196
4027,196
4028,196
4029,196
4030,196
4031,196
4032,196
4033,196
4034,196
4035,196
4036,196
4037,196
4038,196
4039,196
4040,196
4041,196
4042,196
4043,196
4044,196
4045,196
4046,196
4047,196
4048,196
4049,196
4050,196
4051,196
4052,196
4053,196
4054,196
4055,196
4056,196
4057,196
4058,196
4059,196
4060,196
4061,196
4062,196
4063,196
4064,196
4065,196
4066,196
4067,196
4068,196
4069,196
4070,196
4071,196
4072,196
4073,196
4074,196
4075,196
4076,196
4077,196
4078,196
4079,196
4080,196
4081,196
4082,196
4083,197
4084,196
4085,196
4086,196
4087,196
4088,196
4089,196
4090,196
4091,196
4092,196
4093,196
4094,197
4095,197
4096,197
4097,196
4098,197
4099,197
4100,197
4101,197
4102,197
4103,197
4104,197
4105,197
4106,197
4107,197
4108,197
4109,197
4110,197
4111,197
4112,197
4113,197
4114,197
4115,197
4116,197
4117,197
4118,197
4119,197
4120,197
4121,197
4122,197
4123,197
4124,197
4125,197
4126,197
4127,197
4128,197
4129,197
4130,197
4131,197
4132,197
4133,197
4134,197
4135,197
4136,197
4137,197
4138,197
4139,197
4140,197
4141,197
4142,197
4143,197
4144,197
4145,197
4146,197
4147,197
4148,197
4149,197
4150,197
4151,197
4152,197
4153,197
4154,197
4155,197
4156,197
4157,197
4158,197
4159,197
4160,197
4161,197
4162,197
4163,197
4164,197
4165,197
4166,197
4167,197
4168,197
4169,197
4170,197
4171,197
4172,197
4173,197
4174,197
4175,197
4176,197
4177,197
4178,197
4179,197
4180,197
4181,198
4182,198
4183,198
4184,198
4185,198
4186,198
4187,198
4188,198
4189,198
4190,198
4191,198
4192,198
4193,198
4194,198
4195,198
4196,198
4197,198
4198,198
4199,198
4200,198
4201,198
4202,198
4203,198
4204,198
4205,198
4206,198
4207,198
4208,198
4209,198
4210,198
4211,198
4212,198
4213,198
4214,198
4215,198
4216,198
4217,198
4218,198
4219,198
4220,198
4221,198
4222,198
4223,198
4224,198
4225,198
4226,198
4227,198
4228,198
4229,198
4230,198
4231,198
4232,198
4233,198
4234,198
4235,198
4236,198
4237,198
4238,198
4239,198
4240,198
4241,198
4242,198
4243,198
4244,198
4245,198
4246,198
4247,198
4248,198
4249,198
4250,198
4251,198
4252,198
4253,198
4254,198
4255,198
4256,198
4257,198
4258,198
4259,198
4260,199
4261,199
4262,199
4263,199
4264,199
4265,199
4266,199
4267,199
4268,199
4269,199
4270,199
4271,199
4272,199
4273,199
4274,199
4275,199
4276,199
4277,199
4278,199
4279,199
4280,199
4281,199
4282,199
4283,199
4284,199
4285,199
4286,199
4287,199
4288,199
4289,199
4290,199
4291,199
4292,199
4293,199
4294,199
4295,199
4296,199
4297,199
4298,199
4299,199
4300,199
4301,199
4302,199
4303,199
4304,199
4305,199
4306,199
4307,199
4308,199
4309,199
4310,199
4311,199
4312,199
4313,199
4314,199
4315,199
4316,199
4317,199
4318,199
4319,199
4320,199
4321,199
4322,199
4323,199
4324,199
4325,199
4326,199
4327,199
4328,199
4329,199
4330,199
4331,199
4332,199
4333,199
4334,199
4335,199
4336,199
4337,199
4338,200
4339,200
4340,200
4341,200
4342,199
4343,200
4344,200
4345,200
4346,200
4347,200
4348,200
4349,200
4350,200
4351,200
4352,200
4353,200
4354,200
4355,200
4356,200
4357,200
4358,200
4359,200
4360,200
4361,200
4362,200
4363,200
4364,200
4365,200
4366,200
4367,200
4368,200
4369,200
4370,200
4371,200
4372,200
4373,200
4374,200
4375,200
4376,200
4377,200
4378,200
4379,200
4380,200
4381,200
4382,200
4383,200
4384,200
4385,200
4386,200
4387,200
4388,200
4389,200
4390,200
4391,200
4392,200
4393,200
4394,200
4395,200
4396,200
4397,200
4398,200
4399,200
4400,200
4401,200
4402,200
4403,200
4404,200
4405,200
4406,200
4407,200
4408,200
4409,200
4410,200
4411,200
4412,200
4413,200
4414,200
4415,200
4416,200
4417,200
4418,200
4419,200
4420,200
4421,200
4422,200
4423,200
4424,200
4425,200
4426,200
4427,200
4428,200
4429,200
4430,200
4431,200
4432,200
4433,200
4434,200
4435,200
4436,200
4437,200
4438,200
4439,200
4440,200
4441,200
4442,200
4443,200
4444,200
4445,200
4446,200
4447,200
4448,200
4449,200
4450,200
4451,200
4452,200
4453,200
4454,200
4455,200
4456,200
4457,200
4458,200
4459,200
4460,200
4461,200
4462,200
4463,200
4464,200
4465,200
4466,200
4467,200
4468,200
4469,200
4470,200
4471,201
4472,201
4473,201
4474,201
4475,201
4476,201
4477,201
4478,201
4479,201
4480,201
4481,201
4482,201
4483,201
4484,201
4485,201
4486,201
4487,201
4488,201
4489,201
4490,201
4491,201
4492,201
4493,201
4494,200
4495,200
4496,201
4497,200
4498,200
4499,200
4500,200
4501,201
4502,200
4503,200
4504,200
4505,201
4506,201
4507,201
4508,201
4509,201
4510,201
4511,201
4512,201
4513,201
4514,201
4515,201
4516,201
4517,201
4518,201
4519,201
4520,201
4521,201
4522,201
4523,201
4524,201
4525,201
4526,201
4527,201
4528,201
4529,201
4530,201
4531,201
4532,201
4533,201
4534,201
4535,201
4536,201
4537,201
4538,201
4539,201
4540,201
4541,201
4542,201
4543,201
4544,201
4545,201
4546,201
4547,201
4548,201
4549,201
4550,201
4551,201
4552,201
4553,201
4554,201
4555,201
4556,201
4557,201
4558,201
4559,201
4560,201
4561,201
4562,201
4563,201
4564,201
4565,201
4566,201
4567,201
4568,201
4569,201
4570,201
4571,201
4572,201
4573,201
4574,201
4575,201
4576,201
4577,201
4578,201
4579,201
4580,201
4581,201
4582,201
4583,201
4584,201
4585,201
4586,201
4587,201
4588,201
4589,201
4590,201
4591,201
4592,201
4593,201
4594,201
4595,202
4596,202
4597,202
4598,202
4599,202
4600,202
4601,202
4602,202
4603,202
4604,202
4605,202
4606,202
4607,202
4608,202
4609,202
4610,202
4611,202
4612,202
4613,202
4614,202
4615,202
4616,202
4617,202
4618,202
4619,202
4620,202
4621,202
4622,202
4623,202
4624,202
4625,202
4626,202
4627,202
4628,202
4629,202
4630,202
4631,202
4632,202
4633,202
4634,202
4635,202
4636,202
4637,202
4638,202
4639,202
4640,202
4641,202
4642,202
4643,202
4644,202
4645,202
4646,202
4647,202
4648,202
4649,202
4650,202
4651,202
4652,202
4653,202
4654,202
4655,202
4656,202
4657,202
4658,202
4659,202
4660,202
4661,202
4662,202
4663,202
4664,202
4665,202
4666,202
4667,202
4668,202
4669,202
4670,202
4671,202
4672,202
4673,202
4674,202
4675,202
4676,202
4677,202
4678,202
4679,202
4680,202
4681,202
4682,202
4683,202
4684,203
4685,203
4686,203
4687,203
4688,203
4689,203
4690,203
4691,203
4692,203
4693,203
4694,203
4695,203
4696,202
4697,203
4698,202
4699,203
4700,203
4701,203
4702,203
4703,203
4704,203
4705,203
4706,203
4707,203
4708,203
4709,203
4710,203
4711,203
4712,203
4713,203
4714,203
4715,203
4716,203
4717,203
4718,203
4719,203
4720,203
4721,203
4722,203
4723,203
4724,203
4725,203
4726,203
4727,203
4728,203
4729,203
4730,203
4731,203
4732,203
4733,203
4734,203
4735,203
4736,203
4737,203
4738,203
4739,203
4740,203
4741,203
4742,203
4743,203
4744,203
4745,203
4746,203
4747,203
4748,203
4749,203
4750,203
4751,203
4752,203
4753,203
4754,203
4755,203
4756,203
4757,203
4758,203
4759,203
4760,204
4761,204
4762,204
4763,204
4764,204
4765,204
4766,204
4767,204
4768,204
4769,204
4770,204
4771,204
4772,204
4773,204
4774,204
4775,204
4776,204
4777,204
4778,204
4779,204
4780,204
4781,204
4782,204
4783,204
4784,204
4785,204
4786,204
4787,204
4788,204
4789,204
4790,204
4791,204
4792,204
4793,204
4794,204
4795,204
4796,204
4797,204
4798,204
4799,204
4800,204
4801,204
4802,204
4803,204
4804,204
4805,204
4806,204
4807,204
4808,204
4809,204
4810,204
4811,204
4812,204
4813,204
4814,204
4815,204
4816,205
4817,205
4818,205
4819,205
4820,205
4821,205
4822,205
4823,205
4824,205
4825,205
4826,205
4827,205
4828,205
4829,205
4830,205
4831,205
4832,205
4833,205
4834,205
4835,205
4836,205
4837,205
4838,205
4839,205
4840,205
4841,205
4842,205
4843,205
4844,205
4845,205
4846,205
4847,205
4848,205
4849,205
4850,205
4851,205
4852,205
4853,205
4854,205
4855,205
4856,205
4857,205
4858,205
4859,205
4860,205
4861,205
4862,205
4863,205
4864,205
4865,205
4866,205
4867,205
4868,205
4869,205
4870,205
4871,205
4872,205
4873,205
4874,205
4875,205
4876,205
4877,205
4878,205
4879,205
4880,205
4881,205
4882,205
4883,205
4884,205
4885,205
4886,205
4887,205
4888,205
4889,205
4890,206
4891,205
4892,205
4893,205
4894,206
4895,206
4896,206
4897,206
4898,206
4899,206
4900,206
4901,206
4902,206
4903,206
4904,206
4905,206
4906,206
4907,206
4908,206
4909,206
4910,206
4911,206
4912,206
4913,206
4914,206
4915,206
4916,206
4917,206
4918,206
4919,206
4920,206
4921,206
4922,206
4923,206
4924,206
4925,206
4926,206
4927,206
4928,206
4929,206
4930,206
4931,206
4932,206
4933,206
4934,206
4935,206
4936,206
4937,206
4938,206
4939,206
4940,206
4941,206
4942,206
4943,206
4944,206
4945,206
4946,206
4947,206
4948,206
4949,206
4950,206
4951,206
4952,206
4953,206
4954,206
4955,206
4956,206
4957,207
4958,207
4959,207
4960,207
4961,207
4962,207
4963,207
4964,207
4965,207
4966,207
4967,207
4968,207
4969,207
4970,207
4971,207
4972,207
4973,207
4974,207
4975,207
4976,207
4977,207
4978,207
4979,207
4980,207
4981,207
4982,207
4983,207
4984,207
4985,207
4986,207
4987,207
4988,207
4989,207
4990,207
4991,207
4992,207
4993,207
4994,207
4995,207
4996,207
4997,207
4998,207
4999,207
5000,207
5001,207
5002,207
5003,207
5004,207
5005,207
5006,207
5007,207
5008,207
5009,207
5010,207
5011,207
5012,207
5013,207
5014,207
5015,207
5016,207
5017,207
5018,207
5019,208
5020,208
5021,208
5022,208
5023,208
5024,208
5025,208
5026,208
5027,208
5028,208
5029,208
5030,208
5031,208
5032,208
5033,208
5034,208
5035,208
5036,208
5037,208
5038,208
5039,208
5040,208
5041,208
5042,208
5043,208
5044,208
5045,208
5046,208
5047,208
5048,208
5049,208
5050,208
5051,208
5052,208
5053,208
5054,208
5055,208
5056,208
5057,208
5058,208
5059,208
5060,208
5061,208
5062,208
5063,208
5064,208
5065,208
5066,208
5067,208
5068,208
5069,208
5070,208
5071,208
5072,208
5073,208
5074,208
5075,208
5076,208
5077,209
5078,209
5079,209
5080,209
5081,209
5082,209
5083,209
5084,209
5085,209
5086,209
5087,209
5088,209
5089,209
5090,209
5091,209
5092,209
5093,209
5094,209
5095,209
5096,209
5097,209
5098,209
5099,209
5100,209
5101,209
5102,209
5103,209
5104,209
5105,209
5106,209
5107,209
5108,209
5109,209
5110,209
5111,209
5112,209
5113,209
5114,209
5115,209
5116,209
5117,209
5118,209
5119,209
5120,209
5121,209
5122,209
5123,209
5124,209
5125,209
5126,209
5127,209
5128,209
5129,209
5130,209
5131,210
5132,210
5133,210
5134,210
5135,210
5136,210
5137,210
5138,210
5139,210
5140,210
5141,210
5142,210
5143,210
5144,210
5145,210
5146,210
5147,210
5148,210
5149,210
5150,209
5151,210
5152,210
5153,210
5154,210
5155,210
5156,210
5157,210
5158,210
5159,210
5160,210
5161,210
5162,210
5163,210
5164,210
5165,210
5166,210
5167,210
5168,210
5169,210
5170,210
5171,210
5172,210
5173,210
5174,210
5175,210
5176,210
5177,210
5178,210
5179,210
5180,210
5181,210
5182,210
5183,210
5184,210
5185,210
5186,210
5187,210
5188,210
5189,210
5190,210
5191,210
5192,211
5193,211
5194,211
5195,211
5196,211
5197,211
5198,211
5199,211
5200,211
5201,211
5202,211
5203,211
5204,211
5205,211
5206,211
5207,211
5208,211
5209,211
5210,211
5211,211
5212,211
5213,211
5214,211
5215,211
5216,211
5217,211
5218,211
5219,211
5220,211
5221,211
5222,211
5223,211
5224,211
5225,211
5226,211
5227,211
5228,211
5229,211
5230,211
5231,211
5232,211
5233,211
5234,211
5235,211
5236,211
5237,211
5238,211
5239,211
5240,211
5241,211
5242,211
5243,211
5244,211
5245,211
5246,211
5247,211
5248,211
5249,211
5250,211
5251,211
5252,211
5253,211
5254,211
5255,212
5256,211
5257,211
5258,211
5259,212
5260,212
5261,212
5262,212
5263,212
5264,212
5265,212
5266,212
5267,212
5268,212
5269,212
5270,212
5271,212
5272,212
5273,212
5274,212
5275,212
5276,212
5277,212
5278,212
5279,212
5280,212
5281,212
5282,212
5283,212
5284,212
5285,212
5286,212
5287,212
5288,212
5289,212
5290,212
5291,212
5292,212
5293,212
5294,212
5295,212
5296,212
5297,212
5298,212
5299,212
5300,212
5301,212
5302,212
5303,212
5304,212
5305,212
5306,212
5307,212
5308,212
5309,212
5310,212
5311,212
5312,212
5313,212
5314,212
5315,212
5316,213
5317,213
5318,213
5319,213
5320,213
5321,213
5322,213
5323,213
5324,213
5325,213
5326,213
5327,213
5328,213
5329,213
5330,213
5331,213
5332,213
5333,213
5334,213
5335,213
5336,213
5337,213
5338,213
5339,213
5340,213
5341,213
5342,213
5343,213
5344,213
5345,213
5346,213
5347,213
5348,213
5349,213
5350,213
5351,213
5352,213
5353,213
5354,213
5355,213
5356,213
5357,213
5358,213
5359,213
5360,213
5361,213
5362,213
5363,213
5364,213
5365,213
5366,213
5367,213
5368,213
5369,213
5370,213
5371,213
5372,213
5373,213
5374,213
5375,213
5376,213
5377,213
5378,214
5379,214
5380,214
5381,214
5382,214
5383,214
5384,214
5385,214
5386,214
5387,214
5388,214
5389,214
5390,214
5391,214
5392,214
5393,214
5394,214
5395,214
5396,214
5397,214
5398,214
5399,214
5400,214
5401,214
5402,214
5403,214
5404,214
5405,214
5406,214
5407,214
5408,214
5409,214
5410,214
5411,214
5412,214
5413,214
5414,214
5415,214
5416,214
5417,214
5418,214
5419,214
5420,214
5421,214
5422,214
5423,214
5424,214
5425,214
5426,214
5427,214
5428,214
5429,214
5430,214
5431,214
5432,214
5433,214
5434,214
5435,214
5436,214
5437,214
5438,214
5439,214
5440,214
5441,214
5442,214
5443,214
5444,214
5445,214
5446,214
5447,214
5448,214
5449,214
5450,214
5451,214
5452,214
5453,214
5454,214
5455,214
5456,214
5457,214
5458,214
5459,214
5460,214
5461,214
5462,214
5463,214
5464,214
5465,214
5466,214
5467,214
5468,214
5469,214
5470,214
5471,214
5472,214
5473,214
5474,214
5475,214
5476,214
5477,214
5478,214
5479,214
5480,215
5481,215
5482,215
5483,215
5484,215
5485,215
5486,215
5487,215
5488,215
5489,214
5490,215
5491,215
5492,215
5493,215
5494,215
5495,215
5496,215
5497,215
5498,215
5499,215
5500,215
5501,215
5502,215
5503,215
5504,215
5505,215
5506,215
5507,215
5508,215
5509,215
5510,215
5511,215
5512,215
5513,215
5514,215
5515,215
5516,215
5517,215
5518,215
5519,215
5520,215
5521,216
5522,216
5523,216
5524,216
5525,216
5526,216
5527,216
5528,216
5529,216
5530,216
5531,216
5532,216
5533,216
5534,216
5535,216
5536,216
5537,216
5538,216
5539,216
5540,216
5541,216
5542,216
5543,216
5544,216
5545,216
5546,216
5547,216
5548,216
5549,216
5550,216
5551,216
5552,216
5553,216
5554,216
5555,216
5556,216
5557,216
5558,216
5559,217
5560,216
5561,217
5562,217
5563,217
5564,217
5565,217
5566,216
5567,217
5568,217
5569,217
5570,217
5571,217
5572,217
5573,217
5574,217
5575,217
5576,217
5577,217
5578,217
5579,217
5580,217
5581,217
5582,217
5583,217
5584,217
5585,217
5586,217
5587,217
5588,217
5589,217
5590,217
5591,217
5592,217
5593,217
5594,217
5595,217
5596,217
5597,217
5598,217
5599,217
5600,217
5601,217
5602,217
5603,217
5604,217
5605,217
5606,217
5607,217
5608,217
5609,217
5610,217
5611,217
5612,217
5613,217
5614,217
5615,217
5616,217
5617,217
5618,217
5619,217
5620,217
5621,217
5622,217
5623,218
5624,218
5625,218
5626,218
5627,218
5628,218
5629,218
5630,218
5631,218
5632,218
5633,218
5634,218
5635,218
5636,218
5637,218
5638,218
5639,218
5640,218
5641,218
5642,218
5643,218
5644,218
5645,218
5646,218
5647,218
5648,218
5649,218
5650,218
5651,218
5652,218
5653,218
5654,218
5655,218
5656,218
5657,218
5658,218
5659,218
5660,218
5661,218
5662,218
5663,218
5664,218
5665,218
5666,218
5667,218
5668,218
5669,218
5670,218
5671,218
5672,218
5673,218
5674,218
5675,218
5676,218
5677,218
5678,218
5679,219
5680,219
5681,218
5682,218
5683,218
5684,218
5685,218
5686,218
5687,218
5688,218
5689,219
5690,219
5691,219
5692,219
5693,219
5694,219
5695,219
5696,219
5697,219
5698,219
5699,219
5700,219
5701,219
5702,219
5703,219
5704,219
5705,219
5706,219
5707,219
5708,219
5709,219
5710,219
5711,219
5712,219
5713,219
5714,219
5715,219
5716,219
5717,219
5718,219
5719,219
5720,219
5721,219
5722,219
5723,219
5724,219
5725,219
5726,219
5727,219
5728,219
5729,219
5730,219
5731,219
5732,219
5733,219
5734,219
5735,219
5736,219
5737,219
5738,219
5739,219
5740,219
5741,219
5742,219
5743,219
5744,219
5745,219
5746,219
5747,219
5748,219
5749,219
5750,219
5751,219
5752,219
5753,219
5754,219
5755,219
5756,219
5757,219
5758,219
5759,219
5760,219
5761,219
5762,219
5763,219
5764,219
5765,219
5766,219
5767,219
5768,219
5769,219
5770,219
5771,219
5772,219
5773,220
5774,220
5775,220
5776,220
5777,220
5778,220
5779,220
5780,220
5781,220
5782,220
5783,220
5784,220
5785,220
5786,220
5787,220
5788,220
5789,220
5790,220
5791,220
5792,220
5793,220
5794,220
5795,220
5796,220
5797,220
5798,220
5799,220
5800,220
5801,220
5802,220
5803,220
5804,220
5805,220
5806,220
5807,220
5808,220
5809,220
5810,220
5811,220
5812,220
5813,220
5814,220
5815,220
5816,220
5817,220
5818,220
5819,220
5820,220
5821,220
5822,220
5823,220
5824,220
5825,220
5826,220
5827,220
5828,220
5829,220
5830,220
5831,220
5832,220
5833,220
5834,220
5835,220
5836,220
5837,220
5838,220
5839,220
5840,220
5841,220
5842,220
5843,220
5844,220
5845,220
5846,220
5847,220
5848,220
5849,220
5850,220
5851,220
5852,220
5853,220
5854,220
5855,220
5856,220
5857,220
5858,220
5859,220
5860,220
5861,220
5862,220
5863,221
5864,221
5865,221
5866,221
5867,221
5868,221
5869,221
5870,221
5871,221
5872,221
5873,221
5874,221
5875,221
5876,221
5877,221
5878,221
5879,221
5880,221
5881,221
5882,221
5883,221
5884,221
5885,221
5886,221
5887,221
5888,221
5889,221
5890,221
5891,221
5892,221
5893,221
5894,221
5895,221
5896,221
5897,221
5898,221
5899,221
5900,221
5901,221
5902,221
5903,221
5904,221
5905,221
5906,221
5907,221
5908,221
5909,221
5910,221
5911,221
5912,221
5913,221
5914,221
5915,221
5916,221
5917,221
5918,221
5919,221
5920,221
5921,221
5922,221
5923,221
5924,221
5925,221
5926,221
5927,221
5928,221
5929,221
5930,221
5931,221
5932,221
5933,221
5934,221
5935,221
5936,221
5937,221
5938,221
5939,221
5940,221
5941,221
5942,221
5943,221
5944,221
5945,221
5946,221
5947,221
5948,221
5949,221
5950,221
5951,221
5952,221
5953,221
5954,221
5955,221
5956,221
5957,222
5958,222
5959,222
5960,222
5961,222
5962,222
5963,222
5964,222
5965,222
5966,222
5967,222
5968,222
5969,222
5970,222
5971,222
5972,222
5973,222
5974,222
5975,222
5976,222
5977,222
5978,222
5979,222
5980,222
5981,222
5982,222
5983,222
5984,222
5985,222
5986,222
5987,222
5988,222
5989,222
5990,222
5991,222
5992,222
5993,222
5994,222
5995,222
5996,222
5997,222
5998,222
5999,222
6000,222
6001,222
6002,222
6003,223
6004,222
6005,222
6006,222
6007,222
6008,222
6009,222
6010,222
6011,222
6012,222
6013,222
6014,222
6015,222
6016,222
6017,222
6018,222
6019,222
6020,222
6021,222
6022,222
6023,222
6024,222
6025,222
6026,222
6027,222
6028,222
6029,222
6030,222
6031,222
6032,223
6033,222
6034,222
6035,222
6036,222
6037,222
6038,222
6039,222
6040,222
6041,222
6042,222
6043,222
6044,223
6045,222
6046,223
6047,223
6048,223
6049,222
6050,222
6051,222
6052,223
6053,223
6054,223
6055,223
6056,223
6057,223
6058,223
6059,223
6060,223
6061,223
6062,222
6063,222
6064,223
6065,223
6066,223
6067,223
6068,223
6069,223
6070,223
6071,223
6072,223
6073,223
6074,223
6075,223
6076,223
6077,223
6078,223
6079,223
6080,223
6081,223
6082,223
6083,223
6084,223
6085,223
6086,223
6087,223
6088,223
6089,223
6090,223
6091,223
6092,223
6093,223
6094,223
6095,223
6096,223
6097,223
6098,223
6099,223
6100,223
6101,223
6102,223
6103,223
6104,223
6105,223
6106,223
6107,223
6108,223
6109,223
6110,223
6111,223
6112,224
6113,224
6114,224
6115,224
6116,224
6117,224
6118,224
6119,224
6120,224
6121,224
6122,224
6123,224
6124,224
6125,224
6126,224
6127,224
6128,224
6129,224
6130,224
6131,224
6132,224
6133,224
6134,224
6135,224
6136,224
6137,224
6138,224
6139,224
6140,224
6141,224
6142,224
6143,224
6144,224
6145,224
6146,224
6147,224
6148,224
6149,224
6150,224
6151,224
6152,224
6153,224
6154,224
6155,224
6156,224
6157,224
6158,224
6159,224
6160,224
6161,224
6162,224
6163,224
6164,224
6165,224
6166,224
6167,224
6168,224
6169,224
6170,224
6171,224
6172,224
6173,224
6174,224
6175,224
6176,224
6177,224
6178,224
6179,224
6180,224
6181,224
6182,224
6183,224
6184,224
6185,224
6186,224
6187,224
6188,224
6189,224
6190,224
6191,224
6192,224
6193,224
6194,224
6195,224
6196,224
6197,224
6198,224
6199,224
6200,224
6201,224
6202,224
6203,224
6204,224
6205,224
6206,224
6207,224
6208,224
6209,224
6210,224
6211,224
6212,224
6213,224
6214,224
6215,224
6216,224
6217,224
6218,224
6219,224
6220,224
6221,224
6222,224
6223,224
6224,224
6225,224
6226,224
6227,224
6228,224
6229,224
6230,224
6231,224
6232,224
6233,224
6234,224
6235,224
6236,224
6237,224
6238,224
6239,224
6240,224
6241,224
6242,224
6243,224
6244,224
6245,224
6246,224
6247,224
6248,224
6249,224
6250,224
6251,224
6252,224
6253,224
6254,224
6255,224
6256,225
6257,224
6258,224
6259,225
6260,225
6261,225
6262,225
6263,225
6264,225
6265,225
6266,224
6267,224
6268,224
6269,224
6270,224
6271,224
6272,224
6273,224
6274,225
6275,225
6276,225
6277,225
6278,225
6279,225
6280,225
6281,224
6282,225
6283,225
6284,225
6285,225
6286,225
6287,225
6288,225
6289,225
6290,225
6291,225
6292,225
6293,225
6294,225
6295,225
6296,225
6297,225
6298,225
6299,225
6300,225
6301,225
6302,225
6303,225
6304,225
6305,225
6306,225
6307,225
6308,225
6309,225
6310,225
6311,225
6312,225
6313,225
6314,225
6315,225
6316,225
6317,225
6318,225
6319,225
6320,225
6321,225
6322,225
6323,225
6324,225
6325,225
6326,226
6327,226
6328,225
6329,225
6330,226
6331,226
6332,226
6333,226
6334,226
6335,226
6336,226
6337,226
6338,226
6339,226
6340,226
6341,226
6342,226
6343,226
6344,226
6345,226
6346,226
6347,226
6348,226
6349,226
6350,226
6351,226
6352,226
6353,226
6354,226
6355,226
6356,226
6357,226
6358,226
6359,226
6360,226
6361,226
6362,226
6363,226
6364,226
6365,226
6366,226
6367,226
6368,226
6369,226
6370,226
6371,226
6372,226
6373,226
6374,226
6375,226
6376,226
6377,226
6378,226
6379,226
6380,226
6381,226
6382,226
6383,226
6384,226
6385,226
6386,226
6387,226
6388,226
6389,226
6390,226
6391,226
6392,226
6393,226
6394,226
6395,226
6396,226
6397,226
6398,226
6399,226
6400,226
6401,226
6402,226
6403,226
6404,226
6405,226
6406,226
6407,226
6408,226
6409,226
6410,226
6411,226
6412,226
6413,226
6414,226
6415,226
6416,226
6417,226
6418,226
6419,226
6420,226
6421,226
6422,226
6423,226
6424,226
6425,226
6426,226
6427,226
6428,226
6429,226
6430,226
6431,226
6432,226
6433,226
6434,226
6435,226
6436,226
6437,226
6438,226
6439,226
6440,227
6441,227
6442,227
6443,227
6444,227
6445,227
6446,227
6447,227
6448,227
6449,227
6450,227
6451,227
6452,227
6453,227
6454,227
6455,227
6456,227
6457,227
6458,227
6459,227
6460,227
6461,227
6462,227
6463,227
6464,227
6465,227
6466,227
6467,227
6468,227
6469,227
6470,227
6471,227
6472,227
6473,227
6474,227
6475,227
6476,227
6477,227
6478,227
6479,227
6480,227
6481,227
6482,227
6483,227
6484,227
6485,227
6486,227
6487,227
6488,227
6489,227
6490,227
6491,227
6492,227
6493,227
6494,227
6495,227
6496,227
6497,227
6498,227
6499,227
6500,227
6501,227
6502,227
6503,227
6504,227
6505,227
6506,227
6507,227
6508,227
6509,227
6510,227
6511,227
6512,228
6513,227
6514,227
6515,227
6516,228
6517,228
6518,228
6519,228
6520,228
6521,228
6522,227
6523,227
6524,228
6525,228
6526,228
6527,228
6528,228
6529,228
6530,228
6531,228
6532,228
6533,228
6534,228
6535,228
6536,228
6537,228
6538,228
6539,228
6540,228
6541,228
6542,228
6543,228
6544,228
6545,228
6546,228
6547,228
6548,228
6549,228
6550,228
6551,228
6552,228
6553,228
6554,228
6555,228
6556,228
6557,228
6558,228
6559,228
6560,228
6561,228
6562,228
6563,228
6564,228
6565,228
6566,228
6567,228
6568,228
6569,228
6570,228
6571,228
6572,228
6573,228
6574,228
6575,228
6576,228
6577,228
6578,228
6579,228
6580,228
6581,228
6582,228
6583,228
6584,228
6585,228
6586,228
6587,229
6588,229
6589,229
6590,228
6591,228
6592,228
6593,229
6594,229
6595,229
6596,229
6597,229
6598,229
6599,229
6600,229
6601,229
6602,229
6603,229
6604,229
6605,229
6606,229
6607,229
6608,229
6609,229
6610,229
6611,229
6612,229
6613,229
6614,229
6615,229
6616,229
6617,229
6618,229
6619,229
6620,229
6621,229
6622,229
6623,229
6624,229
6625,229
6626,229
6627,229
6628,229
6629,229
6630,229
6631,229
6632,229
6633,229
6634,229
6635,229
6636,229
6637,229
6638,229
6639,229
6640,229
6641,229
6642,229
6643,229
6644,229
6645,229
6646,229
6647,229
6648,229
6649,229
6650,229
6651,229
6652,229
6653,229
6654,229
6655,229
6656,229
6657,229
6658,229
6659,229
6660,229
6661,229
6662,229
6663,229
6664,229
6665,229
6666,229
6667,229
6668,229
6669,229
6670,229
6671,229
6672,229
6673,229
6674,229
6675,229
6676,229
6677,229
6678,229
6679,229
6680,229
6681,229
6682,229
6683,229
6684,229
6685,229
6686,229
6687,229
6688,229
6689,229
6690,229
6691,229
6692,229
6693,229
6694,229
6695,229
6696,229
6697,229
6698,229
6699,229
6700,229
6701,229
6702,230
6703,230
6704,230
6705,230
6706,230
6707,230
6708,230
6709,230
6710,230
6711,230
6712,230
6713,230
6714,230
6715,230
6716,230
6717,230
6718,230
6719,230
6720,230
6721,230
6722,230
6723,230
6724,230
6725,230
6726,230
6727,230
6728,230
6729,230
6730,230
6731,230
6732,230
6733,230
6734,230
6735,230
6736,230
6737,230
6738,230
6739,230
6740,230
6741,230
6742,230
6743,230
6744,230
6745,230
6746,230
6747,230
6748,230
6749,230
6750,230
6751,230
6752,230
6753,230
6754,230
6755,230
6756,230
6757,230
6758,230
6759,230
6760,230
6761,230
6762,230
6763,230
6764,230
6765,230
6766,230
6767,230
6768,231
6769,231
6770,231
6771,231
6772,231
6773,231
6774,231
6775,231
6776,231
6777,231
6778,231
6779,231
6780,231
6781,231
6782,231
6783,231
6784,231
6785,231
6786,231
6787,231
6788,231
6789,231
6790,231
6791,231
6792,231
6793,231
6794,231
6795,231
6796,231
6797,231
6798,231
6799,231
6800,231
6801,231
6802,231
6803,231
6804,231
6805,231
6806,231
6807,231
6808,231
6809,231
6810,231
6811,231
6812,231
6813,231
6814,231
6815,231
6816,231
6817,231
6818,231
6819,231
6820,231
6821,231
6822,231
6823,231
6824,231
6825,231
6826,231
6827,231
6828,231
6829,231
6830,231
6831,231
6832,231
6833,231
6834,231
6835,231
6836,231
6837,231
6838,231
6839,231
6840,231
6841,231
6842,231
6843,231
6844,231
6845,231
6846,231
6847,231
6848,231
6849,231
6850,231
6851,231
6852,231
6853,231
6854,231
6855,231
6856,232
6857,232
6858,231
6859,232
6860,231
6861,231
6862,231
6863,232
6864,232
6865,231
6866,232
6867,232
6868,232
6869,232
6870,232
6871,231
6872,232
6873,232
6874,232
6875,232
6876,232
6877,232
6878,232
6879,232
6880,232
6881,232
6882,232
6883,232
6884,232
6885,232
6886,232
6887,232
6888,232
6889,232
6890,232
6891,232
6892,232
6893,232
6894,232
6895,232
6896,232
6897,232
6898,232
6899,232
6900,232
6901,232
6902,232
6903,232
6904,232
6905,232
6906,232
6907,232
6908,232
6909,232
6910,232
6911,232
6912,232
6913,232
6914,232
6915,232
6916,232
6917,232
6918,232
6919,232
6920,232
6921,232
6922,232
6923,232
6924,232
6925,232
6926,232
6927,232
6928,232
6929,232
6930,232
6931,232
6932,232
6933,232
6934,232
6935,232
6936,232
6937,232
6938,232
6939,232
6940,232
6941,232
6942,232
6943,232
6944,232
6945,232
6946,232
6947,232
6948,232
6949,232
6950,232
6951,232
6952,232
6953,232
6954,232
6955,232
6956,232
6957,232
6958,232
6959,232
6960,232
6961,232
6962,232
6963,232
6964,232
6965,232
6966,232
6967,232
6968,232
6969,232
6970,232
6971,232
6972,232
6973,232
6974,232
6975,232
6976,232
6977,232
6978,232
6979,232
6980,232
6981,233
6982,233
6983,233
6984,233
6985,233
6986,233
6987,233
6988,233
6989,233
6990,233
6991,233
6992,233
6993,233
6994,233
6995,233
6996,233
6997,233
6998,233
6999,233
7000,233
7001,233
7002,233
7003,233
7004,233
7005,233
7006,233
7007,233
7008,233
7009,233
7010,233
7011,233
7012,233
7013,233
7014,233
7015,233
7016,233
7017,233
7018,233
7019,233
7020,233
7021,233
7022,233
7023,233
7024,233
7025,233
7026,233
7027,233
7028,233
7029,233
7030,233
7031,233
7032,233
7033,233
7034,233
7035,233
7036,233
7037,233
7038,233
7039,233
7040,233
7041,233
7042,233
7043,233
7044,233
7045,233
7046,233
7047,233
7048,233
7049,233
7050,233
7051,233
7052,233
7053,233
7054,233
7055,233
7056,233
7057,233
7058,233
7059,233
7060,233
7061,233
7062,233
7063,233
7064,233
7065,233
7066,233
7067,233
7068,233
7069,233
7070,233
7071,233
7072,233
7073,233
7074,233
7075,233
7076,233
7077,233
7078,233
7079,233
7080,233
7081,233
7082,233
7083,233
7084,233
7085,233
7086,233
7087,233
7088,233
7089,233
7090,233
7091,233
7092,233
7093,233
7094,233
7095,233
7096,233
7097,233
7098,233
7099,233
7100,233
7101,233
7102,233
7103,233
7104,233
7105,233
7106,233
7107,233
7108,233
7109,233
7110,233
7111,233
7112,233
7113,233
7114,233
7115,233
7116,233
7117,233
7118,233
7119,233
7120,233
7121,233
7122,233
7123,233
7124,233
7125,233
7126,234
7127,234
7128,234
7129,234
7130,234
7131,234
7132,234
7133,234
7134,234
7135,234
7136,234
7137,234
7138,234
7139,234
7140,234
7141,234
7142,234
7143,234
7144,234
7145,234
7146,234
7147,234
7148,234
7149,234
7150,234
7151,234
7152,234
7153,234
7154,234
7155,234
7156,234
7157,234
7158,234
7159,234
7160,234
7161,234
7162,234
7163,234
7164,234
7165,234
7166,234
7167,234
7168,234
7169,234
7170,234
7171,234
7172,234
7173,234
7174,234
7175,234
7176,234
7177,234
7178,234
7179,234
7180,234
7181,234
7182,234
7183,234
7184,234
7185,234
7186,234
7187,234
7188,234
7189,234
7190,234
7191,234
7192,234
7193,234
7194,234
7195,234
7196,234
7197,234
7198,234
7199,234
7200,234
7201,234
7202,234
7203,234
7204,234
7205,234
7206,234
7207,234
7208,234
7209,234
7210,234
7211,234
7212,234
7213,235
7214,235
7215,235
7216,235
7217,235
7218,235
7219,235
7220,235
7221,234
7222,235
7223,235
7224,235
7225,235
7226,235
7227,235
7228,235
7229,235
7230,235
7231,235
7232,235
7233,235
7234,235
7235,235
7236,235
7237,235
7238,235
7239,235
7240,235
7241,235
7242,235
7243,234
7244,234
7245,234
7246,234
7247,234
7248,234
7249,234
7250,234
7251,234
7252,234
7253,234
7254,234
7255,234
7256,234
7257,235
7258,235
7259,235
7260,235
7261,235
7262,235
7263,234
7264,235
7265,235
7266,235
7267,235
7268,235
7269,235
7270,235
7271,235
7272,235
7273,235
7274,235
7275,235
7276,235
7277,235
7278,235
7279,235
7280,235
7281,235
7282,235
7283,235
7284,235
7285,235
7286,235
7287,235
7288,235
7289,235
7290,235
7291,235
7292,235
7293,235
7294,235
7295,235
7296,235
7297,235
7298,235
7299,235
7300,235
7301,235
7302,235
7303,235
7304,235
7305,235
7306,235
7307,235
7308,235
7309,235
7310,235
7311,235
7312,235
7313,235
7314,235
7315,235
7316,235
7317,235
7318,235
7319,235
7320,235
7321,235
7322,235
7323,235
7324,235
7325,235
7326,235
7327,235
7328,235
7329,235
7330,235
7331,235
7332,235
7333,235
7334,235
7335,235
7336,235
7337,235
7338,235
7339,235
7340,235
7341,235
7342,235
7343,235
7344,235
7345,235
7346,235
7347,235
7348,235
7349,235
7350,235
7351,236
7352,236
7353,235
7354,236
7355,236
7356,236
7357,236
7358,236
7359,236
7360,236
7361,236
7362,236
7363,236
7364,236
7365,236
7366,236
7367,236
7368,236
7369,236
7370,236
7371,236
7372,236
7373,236
7374,236
7375,236
7376,236
7377,236
7378,236
7379,236
7380,236
7381,236
7382,236
7383,236
7384,236
7385,236
7386,236
7387,236
7388,236
7389,236
7390,236
7391,236
7392,236
7393,236
7394,236
7395,236
7396,236
7397,236
7398,236
7399,236
7400,236
7401,236
7402,236
7403,236
7404,236
7405,236
7406,236
7407,236
7408,236
7409,236
7410,236
7411,236
7412,236
7413,236
7414,236
7415,236
7416,236
7417,236
7418,236
7419,236
7420,236
7421,236
7422,236
7423,236
7424,236
7425,236
7426,236
7427,236
7428,236
7429,236
7430,236
7431,236
7432,236
7433,236
7434,236
7435,236
7436,236
7437,236
7438,237
7439,237
7440,236
7441,237
7442,237
7443,237
7444,237
7445,237
7446,237
7447,237
7448,237
7449,237
7450,237
7451,237
7452,237
7453,237
7454,237
7455,237
7456,237
7457,237
7458,237
7459,237
7460,237
7461,237
7462,237
7463,237
7464,237
7465,237
7466,237
7467,237
7468,237
7469,237
7470,237
7471,237
7472,237
7473,237
7474,237
7475,237
7476,237
7477,237
7478,237
7479,237
7480,237
7481,237
7482,237
7483,237
7484,237
7485,237
7486,237
7487,237
7488,237
7489,237
7490,237
7491,237
7492,237
7493,237
7494,237
7495,237
7496,237
7497,237
7498,237
7499,237
7500,237
7501,237
7502,237
7503,237
7504,237
7505,237
7506,237
7507,237
7508,237
7509,237
7510,237
7511,237
7512,237
7513,237
7514,237
7515,237
7516,237
7517,237
7518,237
7519,237
7520,237
7521,237
7522,237
7523,237
7524,237
7525,237
7526,237
7527,237
7528,237
7529,237
7530,237
7531,237
7532,237
7533,237
7534,237
7535,237
7536,237
7537,237
7538,238
7539,238
7540,238
7541,238
7542,238
7543,238
7544,238
7545,238
7546,238
7547,238
7548,238
7549,238
7550,238
7551,238
7552,238
7553,238
7554,238
7555,238
7556,238
7557,238
7558,238
7559,238
7560,238
7561,238
7562,238
7563,238
7564,238
7565,238
7566,238
7567,238
7568,238
7569,238
7570,238
7571,238
7572,238
7573,238
7574,238
7575,238
7576,238
7577,238
7578,238
7579,238
7580,238
7581,238
7582,238
7583,238
7584,238
7585,238
7586,238
7587,238
7588,238
7589,238
7590,238
7591,238
7592,238
7593,238
7594,238
7595,238
7596,238
7597,238
7598,238
7599,238
7600,238
7601,238
7602,238
7603,238
7604,238
7605,238
7606,238
7607,238
7608,238
7609,238
7610,238
7611,238
7612,238
7613,238
7614,238
7615,238
7616,238
7617,238
7618,238
7619,238
7620,238
7621,238
7622,238
7623,238
7624,238
7625,238
7626,238
7627,238
7628,238
7629,238
7630,238
7631,238
7632,238
7633,238
7634,238
7635,238
7636,238
7637,238
7638,238
7639,238
7640,238
7641,238
7642,238
7643,238
7644,239
7645,238
7646,238
7647,238
7648,239
7649,238
7650,239
7651,239
7652,239
7653,239
7654,239
7655,239
7656,239
7657,239
7658,239
7659,239
7660,239
7661,239
7662,239
7663,239
7664,239
7665,239
7666,239
7667,239
7668,239
7669,239
7670,239
7671,239
7672,239
7673,239
7674,239
7675,239
7676,239
7677,239
7678,239
7679,239
7680,239
7681,239
7682,239
7683,239
7684,239
7685,239
7686,239
7687,239
7688,239
7689,239
7690,239
7691,239
7692,239
7693,239
7694,239
7695,239
7696,239
7697,239
7698,239
7699,239
7700,239
7701,239
7702,239
7703,239
7704,239
7705,239
7706,239
7707,239
7708,239
7709,239
7710,239
7711,239
7712,239
7713,239
7714,239
7715,239
7716,239
7717,239
7718,239
7719,239
7720,239
7721,239
7722,239
7723,239
7724,239
7725,239
7726,239
7727,239
7728,239
7729,239
7730,239
7731,239
7732,239
7733,239
7734,239
7735,239
7736,239
7737,239
7738,239
7739,239
7740,239
7741,239
7742,239
7743,239
7744,239
7745,239
7746,239
7747,239
7748,239
7749,239
7750,239
7751,239
7752,239
7753,239
7754,239
7755,239
7756,239
7757,240
7758,239
7759,239
7760,239
7761,239
7762,239
7763,239
7764,239
7765,239
7766,239
7767,239
7768,239
7769,239
7770,240
7771,240
7772,240
7773,240
7774,240
7775,240
7776,240
7777,240
7778,240
7779,240
7780,240
7781,240
7782,240
7783,240
7784,240
7785,240
7786,240
7787,240
7788,240
7789,240
7790,240
7791,240
7792,240
7793,240
7794,240
7795,240
7796,240
7797,240
7798,240
7799,240
7800,240
7801,240
7802,240
7803,240
7804,240
7805,240
7806,240
7807,240
7808,240
7809,240
7810,240
7811,240
7812,240
7813,240
7814,240
7815,240
7816,240
7817,240
7818,240
7819,240
7820,240
7821,240
7822,240
7823,240
7824,240
7825,240
7826,240
7827,240
7828,240
7829,240
7830,240
7831,240
7832,240
7833,240
7834,240
7835,240
7836,240
7837,240
7838,240
7839,240
7840,240
7841,240
7842,240
7843,240
7844,240
7845,240
7846,240
7847,240
7848,240
7849,240
7850,240
7851,240
7852,240
7853,240
7854,240
7855,240
7856,240
7857,240
7858,240
7859,240
7860,240
7861,240
7862,240
7863,240
7864,240
7865,240
7866,240
7867,240
7868,240
7869,240
7870,240
7871,240
7872,240
7873,240
7874,240
7875,241
7876,240
7877,241
7878,240
7879,240
7880,240
7881,241
7882,241
7883,241
7884,241
7885,241
7886,241
7887,241
7888,241
7889,241
7890,241
7891,241
7892,241
7893,241
7894,241
7895,241
7896,241
7897,241
7898,241
7899,241
7900,241
7901,241
7902,241
7903,241
7904,241
7905,241
7906,241
7907,241
7908,241
7909,241
7910,241
7911,241
7912,241
7913,241
7914,241
7915,241
7916,241
7917,241
7918,241
7919,241
7920,241
7921,241
7922,241
7923,241
7924,241
7925,241
7926,241
7927,241
7928,241
7929,241
7930,241
7931,241
7932,241
7933,241
7934,241
7935,241
7936,241
7937,241
7938,241
7939,241
7940,241
7941,241
7942,241
7943,241
7944,241
7945,241
7946,241
7947,241
7948,241
7949,241
7950,241
7951,242
7952,241
7953,241
7954,241
7955,241
7956,241
7957,242
7958,242
7959,242
7960,242
7961,242
7962,242
7963,242
7964,242
7965,242
7966,242
7967,242
7968,242
7969,242
7970,242
7971,242
7972,242
7973,242
7974,242
7975,242
7976,242
7977,242
7978,242
7979,242
7980,242
7981,242
7982,242
7983,242
7984,242
7985,242
7986,242
7987,242
7988,242
7989,242
7990,242
7991,242
7992,242
7993,242
7994,242
7995,242
7996,242
7997,242
7998,242
7999,242
8000,242
8001,242
8002,242
8003,242
8004,242
8005,242
8006,242
8007,242
8008,242
8009,242
8010,242
8011,242
8012,242
8013,243
8014,243
8015,242
8016,243
8017,243
8018,243
8019,243
8020,243
8021,243
8022,243
8023,243
8024,243
8025,243
8026,243
8027,243
8028,243
8029,243
8030,243
8031,243
8032,243
8033,243
8034,243
8035,243
8036,243
8037,243
8038,243
8039,243
8040,243
8041,243
8042,243
8043,243
8044,243
8045,243
8046,243
8047,243
8048,243
8049,243
8050,243
8051,243
8052,243
8053,243
8054,243
8055,243
8056,243
8057,243
8058,243
8059,243
8060,243
8061,243
8062,243
8063,243
8064,243
8065,243
8066,243
8067,243
8068,243
8069,243
8070,243
8071,243
8072,243
8073,243
8074,243
8075,243
8076,243
8077,243
8078,243
8079,243
8080,243
8081,243
8082,243
8083,243
8084,243
8085,243
8086,243
8087,243
8088,243
8089,243
8090,243
8091,243
8092,243
8093,243
8094,243
8095,243
8096,243
8097,243
8098,243
8099,243
8100,243
8101,243
8102,243
8103,243
8104,243
8105,243
8106,243
8107,243
8108,243
8109,243
8110,243
8111,243
8112,243
8113,243
8114,243
8115,243
8116,243
8117,243
8118,243
8119,243
8120,243
8121,243
8122,243
8123,243
8124,243
8125,243
8126,243
8127,243
8128,243
8129,243
8130,243
8131,243
8132,243
8133,243
8134,243
8135,243
8136,243
8137,243
8138,243
8139,243
8140,244
8141,244
8142,244
8143,244
8144,244
8145,244
8146,244
8147,244
8148,244
8149,244
8150,244
8151,244
8152,244
8153,244
8154,244
8155,244
8156,244
8157,244
8158,244
8159,244
8160,244
8161,244
8162,244
8163,244
8164,244
8165,244
8166,244
8167,244
8168,244
8169,244
8170,244
8171,244
8172,244
8173,244
8174,244
8175,244
8176,244
8177,244
8178,244
8179,244
8180,245
8181,245
8182,244
8183,244
8184,245
8185,245
8186,245
8187,245
8188,245
8189,245
8190,245
8191,245
8192,245
8193,245
8194,245
8195,245
8196,245
8197,245
8198,245
8199,245
8200,245
8201,245
8202,245
8203,245
8204,245
8205,245
8206,245
8207,245
8208,245
8209,245
8210,245
8211,245
8212,245
8213,245
8214,245
8215,245
8216,245
8217,245
8218,245
8219,245
8220,245
8221,245
8222,245
8223,245
8224,245
8225,245
8226,245
8227,245
8228,245
8229,245
8230,245
8231,245
8232,245
8233,245
8234,245
8235,245
8236,245
8237,245
8238,245
8239,245
8240,245
8241,245
8242,245
8243,245
8244,245
8245,245
8246,245
8247,245
8248,245
8249,245
8250,245
8251,245
8252,245
8253,245
8254,245
8255,245
8256,245
8257,246
8258,245
8259,246
8260,246
8261,246
8262,246
8263,246
8264,246
8265,246
8266,246
8267,246
8268,246
8269,246
8270,246
8271,246
8272,246
8273,246
8274,246
8275,246
8276,246
8277,246
8278,246
8279,246
8280,246
8281,246
8282,246
8283,246
8284,246
8285,246
8286,246
8287,246
8288,246
8289,246
8290,246
8291,246
8292,246
8293,246
8294,246
8295,246
8296,246
8297,246
8298,246
8299,246
8300,246
8301,246
8302,246
8303,246
8304,246
8305,246
8306,246
8307,246
8308,246
8309,247
8310,247
8311,247
8312,247
8313,247
8314,247
8315,247
8316,247
8317,246
8318,246
8319,246
8320,247
8321,247
8322,247
8323,247
8324,247
8325,247
8326,247
8327,247
8328,247
8329,247
8330,247
8331,247
8332,247
8333,247
8334,247
8335,247
8336,247
8337,247
8338,247
8339,247
8340,247
8341,247
8342,247
8343,247
8344,247
8345,247
8346,247
8347,247
8348,247
8349,247
8350,247
8351,247
8352,247
8353,247
8354,247
8355,247
8356,247
8357,247
8358,247
8359,247
8360,247
8361,247
8362,247
8363,247
8364,247
8365,247
8366,247
8367,247
8368,247
8369,247
8370,247
8371,247
8372,247
8373,247
8374,247
8375,247
8376,247
8377,247
8378,247
8379,247
8380,248
8381,247
8382,248
8383,247
8384,247
8385,247
8386,247
8387,248
8388,248
8389,248
8390,248
8391,248
8392,248
8393,248
8394,248
8395,248
8396,248
8397,248
8398,248
8399,248
8400,248
8401,248
8402,248
8403,248
8404,248
8405,248
8406,248
8407,248
8408,248
8409,248
8410,248
8411,248
8412,248
8413,248
8414,248
8415,248
8416,248
8417,248
8418,248
8419,248
8420,248
8421,248
8422,248
8423,248
8424,248
8425,248
8426,248
8427,248
8428,248
8429,248
8430,248
8431,248
8432,248
8433,248
8434,248
8435,248
8436,248
8437,248
8438,248
8439,248
8440,248
8441,248
8442,248
8443,248
8444,248
8445,248
8446,248
8447,248
8448,248
8449,248
8450,248
8451,248
8452,248
8453,248
8454,248
8455,248
8456,248
8457,248
8458,248
8459,249
8460,249
8461,249
8462,249
8463,249
8464,249
8465,249
8466,249
8467,249
8468,249
8469,249
8470,249
8471,249
8472,249
8473,249
8474,249
8475,249
8476,249
8477,249
8478,249
8479,249
8480,249
8481,249
8482,249
8483,249
8484,249
8485,249
8486,249
8487,249
8488,249
8489,249
8490,249
8491,249
8492,249
8493,249
8494,249
8495,249
8496,249
8497,249
8498,249
8499,249
8500,249
8501,249
8502,249
8503,249
8504,249
8505,249
8506,249
8507,249
8508,249
8509,249
8510,249
8511,249
8512,249
8513,249
8514,249
8515,249
8516,249
8517,249
8518,249
8519,249
8520,249
8521,249
8522,250
8523,250
8524,250
8525,250
8526,250
8527,250
8528,250
8529,250
8530,250
8531,250
8532,250
8533,250
8534,250
8535,250
8536,250
8537,250
8538,250
8539,250
8540,250
8541,250
8542,250
8543,250
8544,250
8545,250
8546,250
8547,250
8548,250
8549,250
8550,250
8551,250
8552,250
8553,250
8554,250
8555,250
8556,250
8557,250
8558,250
8559,250
8560,250
8561,250
8562,250
8563,250
8564,250
8565,250
8566,250
8567,250
8568,250
8569,250
8570,250
8571,250
8572,250
8573,250
8574,250
8575,250
8576,250
8577,250
8578,250
8579,250
8580,250
8581,250
8582,250
8583,250
8584,250
8585,250
8586,250
8587,250
8588,250
8589,250
8590,250
8591,250
8592,250
8593,250
8594,250
8595,250
8596,250
8597,250
8598,250
8599,250
8600,250
8601,250
8602,250
8603,250
8604,250
8605,250
8606,250
8607,250
8608,250
8609,250
8610,250
8611,250
8612,250
8613,250
8614,250
8615,250
8616,250
8617,250
8618,250
8619,250
8620,250
8621,250
8622,250
8623,250
8624,250
8625,250
8626,250
8627,250
8628,250
8629,251
8630,251
8631,251
8632,250
8633,250
8634,250
8635,251
8636,251
8637,251
8638,250
8639,250
8640,250
8641,251
8642,251
8643,251
8644,251
8645,251
8646,251
8647,251
8648,251
8649,251
8650,251
8651,251
8652,251
8653,251
8654,251
8655,251
8656,251
8657,251
8658,251
8659,251
8660,251
8661,251
8662,251
8663,251
8664,251
8665,251
8666,251
8667,251
8668,251
8669,251
8670,251
8671,251
8672,251
8673,251
8674,251
8675,251
8676,251
8677,251
8678,251
8679,251
8680,251
8681,251
8682,251
8683,251
8684,251
8685,251
8686,251
8687,251
8688,251
8689,251
8690,251
8691,251
8692,251
8693,251
8694,251
8695,251
8696,251
8697,251
8698,251
8699,251
8700,251
8701,251
8702,251
8703,251
8704,251
8705,251
8706,251
8707,251
8708,251
8709,251
8710,251
8711,251
8712,251
8713,251
8714,251
8715,251
8716,251
8717,251
8718,251
8719,251
8720,251
8721,251
8722,251
8723,251
8724,251
8725,251
8726,251
8727,251
8728,251
8729,251
8730,251
8731,251
8732,251
8733,251
8734,251
8735,251
8736,251
8737,251
8738,251
8739,251
8740,251
8741,251
8742,251
8743,251
8744,251
8745,252
8746,252
8747,252
8748,252
8749,252
8750,252
8751,252
8752,252
8753,252
8754,252
8755,252
8756,252
8757,252
8758,252
8759,252
8760,252
8761,252
8762,252
8763,252
8764,252
8765,252
8766,252
8767,252
8768,252
8769,252
8770,252
8771,252
8772,252
8773,252
8774,252
8775,252
8776,252
8777,252
8778,252
8779,252
8780,252
8781,252
8782,252
8783,252
8784,252
8785,252
8786,252
8787,252
8788,252
8789,252
8790,252
8791,252
8792,253
8793,253
8794,253
8795,253
8796,253
8797,253
8798,253
8799,253
8800,253
8801,253
8802,253
8803,253
8804,253
8805,253
8806,253
8807,253
8808,253
8809,253
8810,253
8811,253
8812,253
8813,253
8814,253
8815,253
8816,253
8817,253
8818,253
8819,253
8820,253
8821,253
8822,253
8823,253
8824,253
8825,253
8826,253
8827,253
8828,253
8829,253
8830,253
8831,253
8832,254
8833,254
8834,254
8835,254
8836,254
8837,254
8838,254
8839,254
8840,254
8841,254
8842,254
8843,254
8844,254
8845,254
8846,254
8847,254
8848,254
8849,254
8850,254
8851,254
8852,254
8853,254
8854,254
8855,254
8856,254
8857,254
8858,254
8859,254
8860,254
8861,254
8862,254
8863,254
8864,254
8865,254
8866,254
8867,254
8868,254
8869,254
8870,254
8871,254
8872,254
8873,254
8874,254
8875,254
8876,254
8877,254
8878,254
8879,254
8880,254
8881,254
8882,254
8883,254
8884,254
8885,254
8886,254
8887,254
8888,254
8889,254
8890,254
8891,254
8892,254
8893,254
8894,254
8895,254
8896,254
8897,254
8898,254
8899,254
8900,254
8901,254
8902,254
8903,254
8904,254
8905,254
8906,255
8907,255
8908,255
8909,255
8910,255
8911,254
8912,255
8913,255
8914,255
8915,255
8916,255
8917,255
8918,255
8919,255
8920,255
8921,255
8922,255
8923,255
8924,255
8925,255
8926,255
8927,255
8928,255
8929,255
8930,255
8931,255
8932,255
8933,255
8934,255
8935,255
8936,255
8937,255
8938,255
8939,255
8940,255
8941,255
8942,255
8943,255
8944,255
8945,255
8946,255
8947,255
8948,255
8949,255
8950,255
8951,255
8952,255
8953,255
8954,255
8955,255
8956,255
8957,255
8958,255
8959,255
8960,255
8961,255
8962,255
8963,255
8964,255
8965,255
8966,255
8967,255
8968,255
8969,255
8970,255
8971,255
8972,255
8973,255
8974,255
8975,255
8976,255
8977,255
8978,255
8979,255
8980,255
8981,255
8982,255
8983,255
8984,255
8985,255
8986,255
8987,255
8988,255
8989,255
8990,255
8991,255
8992,255
8993,255
8994,255
8995,255
8996,255
8997,255
8998,255
8999,255
9000,255
9001,255
9002,256
9003,256
9004,256
9005,256
9006,256
9007,256
9008,256
9009,256
9010,256
9011,256
9012,256
9013,256
9014,256
9015,256
9016,256
9017,256
9018,256
9019,256
9020,256
9021,256
9022,256
9023,256
9024,256
9025,256
9026,256
9027,256
9028,256
9029,256
9030,256
9031,256
9032,256
9033,256
9034,256
9035,256
9036,256
9037,256
9038,256
9039,256
9040,256
9041,256
9042,256
9043,256
9044,256
9045,256
9046,256
9047,256
9048,256
9049,256
9050,256
9051,256
9052,256
9053,256
9054,256
9055,256
9056,256
9057,257
9058,257
9059,257
9060,257
9061,256
9062,256
9063,256
9064,256
9065,256
9066,256
9067,257
9068,257
9069,256
9070,257
9071,257
9072,257
9073,257
9074,257
9075,257
9076,257
9077,257
9078,257
9079,257
9080,257
9081,257
9082,257
9083,257
9084,257
9085,257
9086,257
9087,257
9088,257
9089,257
9090,257
9091,257
9092,257
9093,257
9094,257
9095,257
9096,257
9097,257
9098,257
9099,257
9100,257
9101,257
9102,257
9103,257
9104,257
9105,257
9106,257
9107,257
9108,257
9109,257
9110,257
9111,257
9112,257
9113,257
9114,257
9115,257
9116,257
9117,257
9118,257
9119,257
9120,257
9121,257
9122,257
9123,257
9124,257
9125,257
9126,257
9127,257
9128,257
9129,257
9130,257
9131,257
9132,257
9133,257
9134,257
9135,257
9136,257
9137,257
9138,257
9139,257
9140,257
9141,257
9142,257
9143,258
9144,258
9145,258
9146,258
9147,258
9148,258
9149,258
9150,258
9151,258
9152,258
9153,258
9154,258
9155,258
9156,258
9157,258
9158,258
9159,258
9160,258
9161,258
9162,258
9163,258
9164,258
9165,258
9166,258
9167,258
9168,258
9169,258
9170,258
9171,258
9172,258
9173,258
9174,258
9175,258
9176,258
9177,258
9178,258
9179,258
9180,258
9181,258
9182,258
9183,258
9184,258
9185,258
9186,258
9187,258
9188,258
9189,258
9190,258
9191,258
9192,258
9193,258
9194,258
9195,258
9196,258
9197,258
9198,259
9199,259
9200,259
9201,259
9202,259
9203,259
9204,259
9205,259
9206,259
9207,259
9208,259
9209,259
9210,259
9211,259
9212,259
9213,259
9214,259
9215,259
9216,259
9217,259
9218,259
9219,259
9220,259
9221,259
9222,259
9223,259
9224,259
9225,259
9226,259
9227,259
9228,259
9229,259
9230,259
9231,259
9232,259
9233,259
9234,259
9235,259
9236,259
9237,259
9238,259
9239,259
9240,259
9241,259
9242,259
9243,259
9244,259
9245,259
9246,259
9247,259
9248,259
9249,259
9250,259
9251,259
9252,259
9253,259
9254,259
9255,259
9256,259
9257,259
9258,259
9259,259
9260,259
9261,259
9262,259
9263,259
9264,259
9265,259
9266,259
9267,259
9268,259
9269,259
9270,259
9271,259
9272,259
9273,259
9274,259
9275,259
9276,259
9277,259
9278,259
9279,259
9280,259
9281,259
9282,259
9283,259
9284,259
9285,259
9286,259
9287,259
9288,259
9289,259
9290,259
9291,259
9292,259
9293,259
9294,259
9295,259
9296,259
9297,259
9298,259
9299,259
9300,259
9301,259
9302,259
9303,259
9304,259
9305,259
9306,259
9307,259
9308,259
9309,259
9310,259
9311,259
9312,259
9313,260
9314,260
9315,260
9316,260
9317,260
9318,260
9319,260
9320,260
9321,260
9322,260
9323,260
9324,260
9325,260
9326,260
9327,260
9328,260
9329,260
9330,260
9331,260
9332,260
9333,260
9334,260
9335,260
9336,260
9337,260
9338,260
9339,260
9340,260
9341,260
9342,260
9343,260
9344,260
9345,260
9346,260
9347,260
9348,260
9349,260
9350,260
9351,260
9352,260
9353,260
9354,260
9355,260
9356,260
9357,260
9358,260
9359,260
9360,260
9361,260
9362,260
9363,260
9364,260
9365,260
9366,260
9367,261
9368,261
9369,261
9370,261
9371,261
9372,261
9373,261
9374,261
9375,261
9376,261
9377,261
9378,261
9379,261
9380,261
9381,261
9382,261
9383,261
9384,261
9385,261
9386,261
9387,261
9388,261
9389,261
9390,261
9391,261
9392,261
9393,261
9394,261
9395,261
9396,261
9397,261
9398,261
9399,261
9400,261
9401,261
9402,261
9403,261
9404,261
9405,261
9406,261
9407,261
9408,261
9409,261
9410,261
9411,261
9412,261
9413,261
9414,261
9415,261
9416,261
9417,261
9418,261
9419,261
9420,261
9421,261
9422,261
9423,261
9424,261
9425,261
9426,261
9427,261
9428,261
9429,261
9430,261
9431,261
9432,261
9433,261
9434,261
9435,261
9436,261
9437,261
9438,261
9439,261
9440,261
9441,261
9442,261
9443,261
9444,261
9445,261
9446,261
9447,261
9448,261
9449,261
9450,261
9451,261
9452,261
9453,261
9454,261
9455,261
9456,261
9457,261
9458,261
9459,261
9460,262
9461,261
9462,261
9463,262
9464,262
9465,262
9466,262
9467,262
9468,262
9469,262
9470,262
9471,262
9472,262
9473,262
9474,262
9475,262
9476,262
9477,262
9478,262
9479,262
9480,262
9481,262
9482,262
9483,262
9484,262
9485,262
9486,262
9487,262
9488,262
9489,262
9490,262
9491,262
9492,262
9493,262
9494,262
9495,262
9496,262
9497,262
9498,262
9499,262
9500,262
9501,262
9502,262
9503,262
9504,262
9505,262
9506,262
9507,262
9508,262
9509,262
9510,262
9511,262
9512,262
9513,262
9514,262
9515,262
9516,262
9517,262
9518,262
9519,262
9520,262
9521,262
9522,262
9523,262
9524,262
9525,262
9526,262
9527,262
9528,262
9529,262
9530,262
9531,262
9532,262
9533,262
9534,262
9535,262
9536,262
9537,262
9538,262
9539,262
9540,263
9541,263
9542,263
9543,263
9544,263
9545,263
9546,263
9547,263
9548,263
9549,263
9550,263
9551,263
9552,263
9553,263
9554,263
9555,263
9556,263
9557,263
9558,263
9559,263
9560,263
9561,263
9562,263
9563,263
9564,263
9565,263
9566,263
9567,263
9568,263
9569,263
9570,263
9571,263
9572,263
9573,263
9574,263
9575,263
9576,263
9577,263
9578,263
9579,263
9580,263
9581,263
9582,263
9583,263
9584,263
9585,263
9586,263
9587,263
9588,263
9589,263
9590,263
9591,263
9592,263
9593,263
9594,263
9595,263
9596,263
9597,263
9598,263
9599,263
9600,263
9601,263
9602,263
9603,263
9604,263
9605,263
9606,263
9607,263
9608,263
9609,263
9610,263
9611,263
9612,263
9613,263
9614,263
9615,263
9616,263
9617,263
9618,263
9619,263
9620,263
9621,263
9622,263
9623,263
9624,263
9625,263
9626,263
9627,263
9628,263
9629,263
9630,263
9631,263
9632,263
9633,263
9634,263
9635,263
9636,263
9637,263
9638,263
9639,263
9640,263
9641,263
9642,263
9643,263
9644,263
9645,263
9646,263
9647,263
9648,264
9649,264
9650,264
9651,264
9652,264
9653,264
9654,264
9655,264
9656,264
9657,264
9658,264
9659,264
9660,264
9661,264
9662,264
9663,264
9664,264
9665,264
9666,264
9667,264
9668,264
9669,264
9670,264
9671,264
9672,264
9673,264
9674,264
9675,264
9676,264
9677,264
9678,264
9679,264
9680,264
9681,264
9682,264
9683,264
9684,264
9685,264
9686,264
9687,264
9688,264
9689,264
9690,264
9691,264
9692,264
9693,264
9694,264
9695,264
9696,264
9697,264
9698,264
9699,264
9700,264
9701,264
9702,264
9703,264
9704,264
9705,264
9706,264
9707,264
9708,264
9709,264
9710,264
9711,264
9712,264
9713,264
9714,264
9715,264
9716,264
9717,264
9718,264
9719,264
9720,264
9721,264
9722,264
9723,264
9724,264
9725,264
9726,264
9727,264
9728,264
9729,264
9730,264
9731,264
9732,264
9733,264
9734,264
9735,264
9736,264
9737,264
9738,264
9739,264
9740,264
9741,264
9742,264
9743,264
9744,264
9745,264
9746,264
9747,264
9748,264
9749,264
9750,264
9751,264
9752,264
9753,264
9754,264
9755,264
9756,264
9757,264
9758,264
9759,264
9760,264
9761,264
9762,264
9763,264
9764,264
9765,264
9766,264
9767,264
9768,264
9769,264
9770,264
9771,264
9772,264
9773,264
9774,264
9775,264
9776,264
9777,264
9778,264
9779,264
9780,264
9781,264
9782,264
9783,264
9784,264
9785,264
9786,264
9787,264
9788,264
9789,264
9790,264
9791,264
9792,264
9793,264
9794,264
9795,264
9796,264
9797,264
9798,264
9799,264
9800,264
9801,264
9802,264
9803,264
9804,264
9805,264
9806,264
9807,264
9808,264
9809,264
9810,264
9811,264
9812,264
9813,264
9814,264
9815,264
9816,264
9817,264
9818,264
9819,264
9820,264
9821,264
9822,264
9823,264
9824,264
9825,264
9826,264
9827,264
9828,264
9829,264
9830,264
9831,264
9832,264
9833,264
9834,264
9835,264
9836,264
9837,264
9838,264
9839,264
9840,264
9841,264
9842,264
9843,264
9844,264
9845,264
9846,264
9847,264
9848,264
9849,264
9850,264
9851,264
9852,264
9853,264
9854,264
9855,264
9856,264
9857,264
9858,264
9859,264
9860,264
9861,264
9862,264
9863,264
9864,264
9865,264
9866,264
9867,264
9868,264
9869,264
9870,265
9871,265
9872,265
9873,265
9874,265
9875,265
9876,265
9877,265
9878,265
9879,265
9880,265
9881,265
9882,265
9883,265
9884,265
9885,265
9886,265
9887,265
9888,265
9889,265
9890,265
9891,265
9892,265
9893,265
9894,265
9895,265
9896,265
9897,265
9898,265
9899,265
9900,265
9901,265
9902,265
9903,265
9904,265
9905,265
9906,265
9907,265
9908,265
9909,265
9910,265
9911,265
9912,265
9913,265
9914,265
9915,265
9916,265
9917,265
9918,265
9919,265
9920,265
9921,265
9922,265
9923,265
9924,265
9925,265
9926,265
9927,265
9928,265
9929,265
9930,265
9931,265
9932,265
9933,265
9934,265
9935,265
9936,265
9937,265
9938,265
9939,265
9940,265
9941,265
9942,265
9943,265
9944,265
9945,266
9946,266
9947,266
9948,266
9949,266
9950,266
9951,266
9952,266
9953,266
9954,266
9955,266
9956,266
9957,266
9958,266
9959,266
9960,266
9961,266
9962,266
9963,266
9964,266
9965,266
9966,266
9967,266
9968,266
9969,266
9970,266
9971,266
9972,266
9973,266
9974,266
9975,266
9976,266
9977,266
9978,266
9979,266
9980,266
9981,266
9982,266
9983,266
9984,266
9985,266
9986,266
9987,266
9988,266
9989,266
9990,266
9991,266
9992,266
9993,266
9994,266
9995,266
9996,266
9997,266
9998,266
9999,266
