0,150
1,150
2,150
3,150
4,150
5,150
6,150
7,149
8,149
9,149
10,149
11,150
12,150
13,150
14,150
15,150
16,150
17,150
18,150
19,150
20,150
21,150
22,150
23,150
24,150
25,150
26,150
27,150
28,150
29,150
30,150
31,150
32,150
33,150
34,150
35,150
36,150
37,150
38,150
39,150
40,150
41,150
42,150
43,150
44,150
45,150
46,150
47,150
48,149
49,150
50,149
51,150
52,150
53,150
54,150
55,150
56,150
57,150
58,150
59,150
60,150
61,150
62,150
63,150
64,150
65,150
66,150
67,150
68,150
69,150
70,150
71,150
72,150
73,150
74,150
75,150
76,150
77,150
78,150
79,150
80,150
81,150
82,150
83,150
84,150
85,150
86,150
87,150
88,150
89,150
90,150
91,150
92,150
93,150
94,150
95,150
96,150
97,150
98,150
99,150
100,150
101,150
102,150
103,150
104,150
105,150
106,150
107,150
108,150
109,150
110,150
111,150
112,150
113,150
114,150
115,150
116,150
117,150
118,150
119,150
120,150
121,150
122,150
123,150
124,150
125,150
126,150
127,150
128,150
129,150
130,150
131,150
132,150
133,150
134,150
135,150
136,150
137,150
138,150
139,150
140,150
141,150
142,150
143,150
144,150
145,150
146,150
147,150
148,150
149,150
150,150
151,150
152,150
153,150
154,150
155,150
156,150
157,150
158,150
159,150
160,150
161,150
162,150
163,150
164,150
165,150
166,150
167,150
168,150
169,150
170,150
171,150
172,150
173,150
174,150
175,150
176,150
177,150
178,150
179,150
180,150
181,150
182,150
183,150
184,150
185,151
186,151
187,151
188,151
189,150
190,150
191,150
192,150
193,150
194,150
195,150
196,150
197,151
198,151
199,151
200,151
201,151
202,151
203,151
204,151
205,151
206,151
207,151
208,151
209,151
210,151
211,151
212,151
213,151
214,151
215,151
216,151
217,151
218,151
219,151
220,151
221,151
222,151
223,151
224,151
225,151
226,151
227,151
228,151
229,151
230,151
231,151
232,151
233,151
234,151
235,151
236,151
237,151
238,151
239,151
240,151
241,151
242,151
243,151
244,151
245,151
246,151
247,151
248,151
249,151
250,151
251,151
252,151
253,151
254,151
255,151
256,151
257,151
258,151
259,151
260,151
261,151
262,151
263,151
264,151
265,151
266,151
267,151
268,151
269,151
270,151
271,151
272,151
273,151
274,151
275,151
276,151
277,151
278,151
279,151
280,151
281,151
282,151
283,151
284,151
285,151
286,151
287,151
288,151
289,151
290,151
291,151
292,151
293,151
294,151
295,151
296,151
297,151
298,151
299,151
300,151
301,151
302,151
303,151
304,151
305,151
306,151
307,151
308,151
309,151
310,151
311,151
312,151
313,151
314,152
315,152
316,152
317,152
318,152
319,152
320,152
321,152
322,152
323,152
324,152
325,152
326,152
327,152
328,151
329,152
330,152
331,152
332,152
333,152
334,152
335,152
336,152
337,152
338,152
339,152
340,152
341,152
342,152
343,152
344,152
345,152
346,152
347,152
348,152
349,152
350,152
351,152
352,152
353,152
354,152
355,152
356,152
357,152
358,152
359,152
360,152
361,152
362,152
363,152
364,152
365,152
366,152
367,152
368,152
369,152
370,152
371,152
372,152
373,152
374,152
375,152
376,152
377,152
378,152
379,152
380,152
381,152
382,152
383,152
384,152
385,152
386,152
387,152
388,152
389,152
390,152
391,152
392,152
393,152
394,152
395,152
396,152
397,152
398,152
399,152
400,152
401,152
402,152
403,152
404,152
405,153
406,152
407,153
408,153
409,153
410,153
411,153
412,153
413,153
414,153
415,153
416,153
417,153
418,153
419,153
420,153
421,153
422,153
423,153
424,153
425,153
426,153
427,153
428,153
429,153
430,153
431,153
432,153
433,153
434,153
435,153
436,153
437,153
438,153
439,153
440,153
441,153
442,153
443,153
444,153
445,153
446,153
447,153
448,153
449,153
450,153
451,153
452,153
453,153
454,153
455,153
456,153
457,153
458,153
459,153
460,153
461,153
462,153
463,153
464,153
465,153
466,153
467,153
468,153
469,153
470,153
471,153
472,153
473,153
474,153
475,153
476,153
477,153
478,153
479,153
480,153
481,153
482,153
483,153
484,153
485,153
486,153
487,153
488,153
489,153
490,153
491,153
492,153
493,153
494,153
495,153
496,153
497,153
498,153
499,153
500,153
501,153
502,153
503,153
504,153
505,153
506,153
507,154
508,154
509,154
510,154
511,154
512,154
513,154
514,153
515,153
516,153
517,153
518,153
519,153
520,153
521,153
522,153
523,153
524,153
525,153
526,153
527,153
528,153
529,154
530,154
531,154
532,154
533,154
534,154
535,154
536,154
537,154
538,154
539,154
540,154
541,154
542,154
543,154
544,154
545,154
546,154
547,154
548,154
549,154
550,154
551,154
552,154
553,154
554,154
555,154
556,154
557,154
558,154
559,154
560,154
561,154
562,154
563,154
564,154
565,154
566,154
567,154
568,154
569,154
570,154
571,154
572,154
573,154
574,154
575,154
576,154
577,154
578,154
579,154
580,154
581,154
582,154
583,154
584,154
585,154
586,154
587,154
588,154
589,154
590,154
591,154
592,154
593,154
594,154
595,154
596,154
597,154
598,154
599,154
600,154
601,154
602,154
603,154
604,154
605,154
606,154
607,154
608,154
609,154
610,154
611,154
612,154
613,154
614,154
615,154
616,154
617,154
618,154
619,154
620,154
621,154
622,154
623,154
624,154
625,154
626,154
627,154
628,154
629,154
630,154
631,154
632,154
633,154
634,154
635,154
636,154
637,154
638,154
639,154
640,154
641,154
642,154
643,154
644,154
645,154
646,154
647,154
648,154
649,154
650,154
651,154
652,155
653,155
654,155
655,155
656,155
657,155
658,155
659,155
660,154
661,155
662,154
663,154
664,154
665,154
666,154
667,155
668,155
669,155
670,155
671,155
672,154
673,154
674,154
675,154
676,154
677,154
678,154
679,154
680,154
681,154
682,154
683,154
684,154
685,154
686,155
687,154
688,154
689,155
690,155
691,155
692,155
693,155
694,155
695,155
696,155
697,155
698,155
699,155
700,155
701,155
702,155
703,155
704,155
705,155
706,155
707,155
708,155
709,155
710,155
711,155
712,155
713,155
714,155
715,155
716,155
717,155
718,155
719,155
720,155
721,155
722,155
723,155
724,155
725,155
726,155
727,155
728,155
729,155
730,155
731,155
732,155
733,155
734,155
735,155
736,155
737,155
738,155
739,155
740,155
741,155
742,155
743,155
744,155
745,155
746,155
747,155
748,155
749,155
750,155
751,155
752,155
753,155
754,156
755,156
756,155
757,155
758,155
759,156
760,155
761,155
762,156
763,156
764,156
765,155
766,156
767,156
768,155
769,155
770,156
771,156
772,156
773,156
774,156
775,156
776,156
777,156
778,156
779,156
780,156
781,156
782,156
783,156
784,156
785,156
786,156
787,156
788,156
789,156
790,156
791,156
792,156
793,156
794,156
795,156
796,156
797,156
798,156
799,156
800,156
801,156
802,156
803,156
804,156
805,156
806,156
807,156
808,156
809,156
810,156
811,156
812,156
813,156
814,156
815,156
816,156
817,156
818,156
819,156
820,156
821,156
822,156
823,156
824,156
825,156
826,156
827,156
828,156
829,156
830,156
831,156
832,156
833,156
834,157
835,156
836,156
837,156
838,156
839,156
840,157
841,156
842,156
843,156
844,156
845,156
846,157
847,157
848,156
849,157
850,157
851,157
852,157
853,157
854,157
855,157
856,157
857,157
858,157
859,157
860,157
861,157
862,157
863,157
864,157
865,157
866,157
867,157
868,157
869,157
870,157
871,157
872,157
873,157
874,157
875,157
876,157
877,157
878,157
879,157
880,157
881,157
882,157
883,157
884,157
885,157
886,157
887,157
888,157
889,157
890,157
891,157
892,157
893,157
894,157
895,157
896,157
897,157
898,157
899,157
900,157
901,157
902,157
903,157
904,157
905,157
906,157
907,157
908,157
909,157
910,157
911,157
912,157
913,157
914,157
915,157
916,157
917,158
918,157
919,158
920,158
921,158
922,158
923,158
924,157
925,158
926,158
927,158
928,158
929,158
930,158
931,158
932,158
933,158
934,158
935,158
936,158
937,158
938,158
939,158
940,158
941,158
942,158
943,158
944,158
945,158
946,158
947,158
948,158
949,158
950,158
951,158
952,158
953,158
954,158
955,158
956,158
957,158
958,158
959,158
960,158
961,158
962,158
963,158
964,158
965,158
966,158
967,158
968,158
969,158
970,158
971,158
972,158
973,158
974,158
975,158
976,158
977,158
978,158
979,158
980,158
981,158
982,158
983,158
984,158
985,158
986,158
987,158
988,158
989,158
990,158
991,158
992,158
993,158
994,158
995,158
996,158
997,158
998,158
999,158
1000,158
1001,158
1002,158
1003,158
1004,158
1005,158
1006,158
1007,158
1008,158
1009,158
1010,158
1011,158
1012,158
1013,158
1014,158
1015,158
1016,158
1017,158
1018,158
1019,158
1020,158
1021,158
1022,158
1023,158
1024,158
1025,158
1026,158
1027,158
1028,158
1029,158
1030,158
1031,158
1032,158
1033,158
1034,158
1035,158
1036,158
1037,158
1038,158
1039,158
1040,158
1041,158
1042,158
1043,158
1044,158
1045,158
1046,158
1047,158
1048,158
1049,158
1050,158
1051,158
1052,158
1053,158
1054,158
1055,158
1056,158
1057,158
1058,158
1059,159
1060,159
1061,159
1062,159
1063,159
1064,159
1065,159
1066,158
1067,158
1068,158
1069,158
1070,158
1071,158
1072,158
1073,159
1074,159
1075,159
1076,158
1077,158
1078,159
1079,158
1080,159
1081,159
1082,159
1083,159
1084,159
1085,159
1086,159
1087,159
1088,159
1089,159
1090,159
1091,159
1092,159
1093,159
1094,159
1095,159
1096,159
1097,159
1098,159
1099,159
1100,159
1101,159
1102,159
1103,159
1104,159
1105,159
1106,159
1107,159
1108,159
1109,159
1110,159
1111,159
1112,159
1113,159
1114,159
1115,159
1116,159
1117,159
1118,159
1119,159
1120,159
1121,159
1122,159
1123,159
1124,159
1125,159
1126,159
1127,159
1128,159
1129,159
1130,159
1131,159
1132,159
1133,159
1134,159
1135,159
1136,159
1137,159
1138,159
1139,159
1140,159
1141,159
1142,160
1143,160
1144,160
1145,160
1146,160
1147,160
1148,160
1149,160
1150,160
1151,160
1152,160
1153,160
1154,160
1155,160
1156,160
1157,160
1158,160
1159,160
1160,160
1161,160
1162,160
1163,160
1164,160
1165,160
1166,160
1167,160
1168,160
1169,160
1170,160
1171,160
1172,160
1173,160
1174,160
1175,160
1176,160
1177,160
1178,160
1179,160
1180,160
1181,160
1182,160
1183,160
1184,160
1185,160
1186,160
1187,160
1188,160
1189,160
1190,160
1191,160
1192,160
1193,161
1194,161
1195,161
1196,161
1197,161
1198,161
1199,161
1200,161
1201,161
1202,161
1203,161
1204,161
1205,161
1206,161
1207,161
1208,161
1209,161
1210,161
1211,161
1212,161
1213,161
1214,161
1215,161
1216,161
1217,161
1218,161
1219,161
1220,161
1221,161
1222,161
1223,161
1224,161
1225,161
1226,161
1227,161
1228,161
1229,161
1230,161
1231,161
1232,161
1233,161
1234,161
1235,161
1236,161
1237,161
1238,161
1239,161
1240,161
1241,161
1242,161
1243,161
1244,161
1245,161
1246,161
1247,161
1248,161
1249,161
1250,161
1251,161
1252,161
1253,161
1254,161
1255,161
1256,161
1257,161
1258,161
1259,161
1260,162
1261,162
1262,161
1263,161
1264,161
1265,161
1266,162
1267,162
1268,162
1269,162
1270,162
1271,162
1272,162
1273,162
1274,162
1275,162
1276,162
1277,162
1278,162
1279,162
1280,162
1281,162
1282,162
1283,162
1284,162
1285,162
1286,162
1287,162
1288,162
1289,162
1290,162
1291,162
1292,162
1293,162
1294,162
1295,162
1296,162
1297,162
1298,162
1299,162
1300,162
1301,162
1302,162
1303,162
1304,162
1305,162
1306,162
1307,162
1308,162
1309,162
1310,162
1311,162
1312,162
1313,162
1314,162
1315,162
1316,162
1317,162
1318,162
1319,162
1320,162
1321,162
1322,162
1323,162
1324,162
1325,162
1326,162
1327,162
1328,162
1329,162
1330,162
1331,162
1332,162
1333,162
1334,162
1335,162
1336,162
1337,162
1338,162
1339,162
1340,162
1341,162
1342,162
1343,162
1344,162
1345,162
1346,162
1347,162
1348,162
1349,162
1350,162
1351,162
1352,162
1353,162
1354,162
1355,162
1356,162
1357,162
1358,162
1359,162
1360,162
1361,162
1362,162
1363,162
1364,162
1365,162
1366,162
1367,163
1368,163
1369,162
1370,163
1371,163
1372,163
1373,163
1374,163
1375,163
1376,163
1377,163
1378,163
1379,163
1380,163
1381,163
1382,163
1383,163
1384,163
1385,163
1386,163
1387,163
1388,163
1389,163
1390,163
1391,163
1392,163
1393,163
1394,163
1395,163
1396,163
1397,163
1398,163
1399,163
1400,163
1401,163
1402,163
1403,163
1404,163
1405,163
1406,163
1407,163
1408,163
1409,163
1410,163
1411,163
1412,163
1413,163
1414,163
1415,163
1416,163
1417,163
1418,163
1419,163
1420,163
1421,163
1422,163
1423,163
1424,163
1425,163
1426,163
1427,163
1428,163
1429,163
1430,163
1431,163
1432,163
1433,163
1434,163
1435,163
1436,163
1437,163
1438,163
1439,163
1440,163
1441,163
1442,163
1443,163
1444,164
1445,164
1446,164
1447,164
1448,164
1449,164
1450,164
1451,164
1452,164
1453,164
1454,164
1455,164
1456,164
1457,164
1458,164
1459,164
1460,164
1461,164
1462,164
1463,164
1464,164
1465,164
1466,164
1467,164
1468,164
1469,164
1470,164
1471,164
1472,164
1473,164
1474,164
1475,164
1476,164
1477,164
1478,164
1479,164
1480,164
1481,164
1482,164
1483,164
1484,165
1485,165
1486,164
1487,164
1488,165
1489,165
1490,165
1491,165
1492,165
1493,165
1494,165
1495,165
1496,165
1497,165
1498,165
1499,165
1500,165
1501,165
1502,165
1503,165
1504,165
1505,165
1506,165
1507,165
1508,165
1509,165
1510,165
1511,165
1512,165
1513,165
1514,165
1515,165
1516,165
1517,165
1518,165
1519,165
1520,165
1521,165
1522,165
1523,165
1524,165
1525,165
1526,165
1527,165
1528,165
1529,165
1530,165
1531,165
1532,165
1533,165
1534,165
1535,165
1536,165
1537,165
1538,165
1539,165
1540,165
1541,165
1542,165
1543,165
1544,165
1545,165
1546,165
1547,165
1548,165
1549,165
1550,165
1551,165
1552,165
1553,165
1554,165
1555,165
1556,165
1557,165
1558,165
1559,165
1560,165
1561,165
1562,165
1563,165
1564,165
1565,165
1566,165
1567,165
1568,165
1569,166
1570,166
1571,166
1572,165
1573,166
1574,166
1575,166
1576,166
1577,166
1578,166
1579,166
1580,166
1581,166
1582,166
1583,166
1584,166
1585,166
1586,166
1587,166
1588,166
1589,166
1590,166
1591,166
1592,166
1593,166
1594,166
1595,166
1596,166
1597,166
1598,166
1599,166
1600,166
1601,166
1602,166
1603,166
1604,166
1605,166
1606,166
1607,166
1608,166
1609,166
1610,166
1611,166
1612,166
1613,166
1614,166
1615,166
1616,166
1617,166
1618,166
1619,166
1620,166
1621,166
1622,166
1623,166
1624,166
1625,166
1626,166
1627,166
1628,166
1629,166
1630,166
1631,166
1632,166
1633,166
1634,166
1635,166
1636,166
1637,166
1638,166
1639,166
1640,166
1641,166
1642,166
1643,166
1644,166
1645,166
1646,166
1647,166
1648,166
1649,166
1650,166
1651,166
1652,166
1653,166
1654,166
1655,166
1656,166
1657,166
1658,166
1659,166
1660,166
1661,166
1662,167
1663,166
1664,167
1665,167
1666,167
1667,167
1668,167
1669,167
1670,167
1671,167
1672,167
1673,167
1674,167
1675,167
1676,167
1677,167
1678,167
1679,167
1680,167
1681,167
1682,167
1683,167
1684,167
1685,167
1686,167
1687,167
1688,167
1689,167
1690,167
1691,167
1692,167
1693,167
1694,167
1695,167
1696,167
1697,167
1698,167
1699,167
1700,167
1701,167
1702,167
1703,167
1704,167
1705,167
1706,167
1707,167
1708,167
1709,167
1710,167
1711,167
1712,167
1713,167
1714,167
1715,167
1716,167
1717,167
1718,167
1719,167
1720,167
1721,167
1722,167
1723,167
1724,167
1725,167
1726,167
1727,167
1728,167
1729,167
1730,167
1731,167
1732,167
1733,167
1734,167
1735,167
1736,167
1737,167
1738,167
1739,167
1740,167
1741,167
1742,167
1743,167
1744,167
1745,167
1746,167
1747,167
1748,167
1749,167
1750,167
1751,167
1752,167
1753,167
1754,167
1755,167
1756,167
1757,167
1758,167
1759,167
1760,167
1761,167
1762,167
1763,167
1764,167
1765,167
1766,167
1767,167
1768,167
1769,167
1770,167
1771,167
1772,167
1773,167
1774,167
1775,167
1776,167
1777,167
1778,167
1779,167
1780,167
1781,167
1782,167
1783,167
1784,167
1785,167
1786,167
1787,167
1788,167
1789,167
1790,167
1791,167
1792,167
1793,167
1794,167
1795,167
1796,167
1797,167
1798,167
1799,167
1800,167
1801,167
1802,167
1803,167
1804,168
1805,167
1806,167
1807,168
1808,168
1809,168
1810,168
1811,168
1812,168
1813,168
1814,168
1815,168
1816,168
1817,168
1818,168
1819,168
1820,168
1821,168
1822,168
1823,168
1824,168
1825,168
1826,168
1827,168
1828,168
1829,168
1830,168
1831,168
1832,168
1833,168
1834,168
1835,168
1836,168
1837,168
1838,168
1839,168
1840,168
1841,168
1842,168
1843,168
1844,168
1845,168
1846,168
1847,168
1848,168
1849,168
1850,168
1851,168
1852,168
1853,168
1854,168
1855,168
1856,168
1857,168
1858,168
1859,168
1860,168
1861,168
1862,168
1863,168
1864,168
1865,168
1866,168
1867,168
1868,168
1869,168
1870,168
1871,168
1872,168
1873,168
1874,168
1875,168
1876,168
1877,168
1878,168
1879,168
1880,168
1881,168
1882,168
1883,168
1884,168
1885,168
1886,168
1887,168
1888,168
1889,168
1890,168
1891,168
1892,168
1893,168
1894,168
1895,168
1896,169
1897,168
1898,169
1899,169
1900,168
1901,169
1902,169
1903,169
1904,169
1905,169
1906,169
1907,169
1908,169
1909,169
1910,169
1911,169
1912,169
1913,169
1914,169
1915,169
1916,169
1917,169
1918,169
1919,169
1920,169
1921,169
1922,169
1923,169
1924,169
1925,169
1926,169
1927,169
1928,169
1929,169
1930,169
1931,169
1932,169
1933,169
1934,169
1935,169
1936,169
1937,169
1938,169
1939,169
1940,169
1941,169
1942,169
1943,169
1944,169
1945,169
1946,169
1947,169
1948,169
1949,169
1950,169
1951,169
1952,169
1953,170
1954,170
1955,170
1956,170
1957,170
1958,170
1959,170
1960,170
1961,170
1962,170
1963,170
1964,170
1965,170
1966,170
1967,170
1968,170
1969,170
1970,170
1971,170
1972,170
1973,170
1974,170
1975,170
1976,170
1977,170
1978,170
1979,170
1980,170
1981,170
1982,170
1983,170
1984,170
1985,170
1986,170
1987,170
1988,170
1989,170
1990,170
1991,170
1992,170
1993,170
1994,170
1995,170
1996,170
1997,170
1998,170
1999,170
2000,170
2001,170
2002,170
2003,170
2004,170
2005,170
2006,170
2007,170
2008,170
2009,170
2010,170
2011,170
2012,170
2013,170
2014,170
2015,170
2016,170
2017,170
2018,170
2019,170
2020,170
2021,170
2022,170
2023,170
2024,170
2025,170
2026,170
2027,170
2028,170
2029,170
2030,170
2031,170
2032,170
2033,170
2034,170
2035,170
2036,170
2037,170
2038,170
2039,170
2040,170
2041,170
2042,170
2043,170
2044,170
2045,170
2046,170
2047,170
2048,170
2049,170
2050,170
2051,170
2052,170
2053,170
2054,170
2055,170
2056,170
2057,170
2058,171
2059,170
2060,170
2061,170
2062,170
2063,170
2064,170
2065,170
2066,170
2067,170
2068,170
2069,170
2070,170
2071,170
2072,170
2073,170
2074,170
2075,170
2076,170
2077,170
2078,171
2079,170
2080,170
2081,170
2082,170
2083,171
2084,171
2085,171
2086,171
2087,171
2088,171
2089,171
2090,171
2091,171
2092,171
2093,171
2094,171
2095,171
2096,171
2097,171
2098,171
2099,171
2100,171
2101,171
2102,171
2103,171
2104,171
2105,171
2106,171
2107,171
2108,171
2109,171
2110,171
2111,171
2112,171
2113,171
2114,171
2115,171
2116,171
2117,171
2118,171
2119,171
2120,171
2121,171
2122,171
2123,171
2124,171
2125,171
2126,171
2127,171
2128,171
2129,171
2130,171
2131,171
2132,171
2133,171
2134,171
2135,171
2136,171
2137,171
2138,171
2139,171
2140,171
2141,171
2142,171
2143,171
2144,171
2145,171
2146,171
2147,171
2148,171
2149,171
2150,171
2151,171
2152,171
2153,171
2154,171
2155,171
2156,171
2157,171
2158,171
2159,171
2160,171
2161,171
2162,171
2163,171
2164,171
2165,171
2166,171
2167,171
2168,171
2169,171
2170,171
2171,171
2172,171
2173,171
2174,171
2175,171
2176,171
2177,171
2178,171
2179,171
2180,171
2181,171
2182,171
2183,171
2184,171
2185,171
2186,171
2187,171
2188,171
2189,171
2190,171
2191,171
2192,172
2193,171
2194,171
2195,171
2196,171
2197,171
2198,171
2199,172
2200,171
2201,171
2202,171
2203,171
2204,171
2205,171
2206,172
2207,171
2208,172
2209,172
2210,172
2211,172
2212,172
2213,172
2214,172
2215,172
2216,172
2217,172
2218,172
2219,172
2220,172
2221,172
2222,172
2223,172
2224,172
2225,172
2226,172
2227,172
2228,172
2229,172
2230,172
2231,172
2232,172
2233,172
2234,172
2235,172
2236,172
2237,172
2238,172
2239,172
2240,172
2241,172
2242,172
2243,172
2244,172
2245,172
2246,172
2247,172
2248,172
2249,172
2250,172
2251,172
2252,172
2253,172
2254,172
2255,172
2256,172
2257,172
2258,172
2259,172
2260,172
2261,172
2262,172
2263,172
2264,172
2265,172
2266,172
2267,172
2268,172
2269,172
2270,172
2271,172
2272,172
2273,172
2274,172
2275,172
2276,172
2277,172
2278,172
2279,172
2280,172
2281,172
2282,172
2283,172
2284,172
2285,172
2286,172
2287,172
2288,172
2289,172
2290,172
2291,172
2292,172
2293,172
2294,172
2295,172
2296,172
2297,172
2298,172
2299,172
2300,172
2301,172
2302,172
2303,172
2304,172
2305,172
2306,172
2307,172
2308,172
2309,172
2310,172
2311,172
2312,172
2313,172
2314,172
2315,172
2316,172
2317,172
2318,172
2319,172
2320,172
2321,172
2322,172
2323,172
2324,172
2325,172
2326,172
2327,172
2328,172
2329,172
2330,172
2331,172
2332,172
2333,172
2334,172
2335,172
2336,172
2337,172
2338,172
2339,172
2340,172
2341,172
2342,172
2343,172
2344,172
2345,172
2346,172
2347,172
2348,172
2349,173
2350,173
2351,173
2352,173
2353,173
2354,173
2355,173
2356,173
2357,173
2358,173
2359,173
2360,173
2361,173
2362,173
2363,173
2364,173
2365,173
2366,173
2367,173
2368,173
2369,173
2370,173
2371,173
2372,173
2373,173
2374,173
2375,173
2376,173
2377,173
2378,173
2379,173
2380,173
2381,173
2382,173
2383,173
2384,173
2385,173
2386,173
2387,173
2388,173
2389,173
2390,173
2391,173
2392,173
2393,173
2394,173
2395,173
2396,173
2397,173
2398,173
2399,173
2400,173
2401,173
2402,173
2403,173
2404,173
2405,173
2406,173
2407,173
2408,173
2409,173
2410,173
2411,173
2412,173
2413,174
2414,174
2415,174
2416,174
2417,174
2418,174
2419,174
2420,174
2421,174
2422,174
2423,174
2424,174
2425,174
2426,174
2427,174
2428,174
2429,174
2430,174
2431,174
2432,174
2433,174
2434,174
2435,174
2436,174
2437,174
2438,174
2439,174
2440,174
2441,174
2442,174
2443,174
2444,174
2445,174
2446,174
2447,174
2448,174
2449,174
2450,174
2451,174
2452,174
2453,174
2454,174
2455,174
2456,174
2457,174
2458,174
2459,174
2460,174
2461,174
2462,174
2463,174
2464,174
2465,174
2466,174
2467,174
2468,174
2469,174
2470,174
2471,174
2472,174
2473,174
2474,174
2475,174
2476,174
2477,174
2478,174
2479,174
2480,174
2481,174
2482,174
2483,174
2484,174
2485,174
2486,174
2487,174
2488,174
2489,174
2490,174
2491,174
2492,174
2493,174
2494,174
2495,174
2496,175
2497,174
2498,174
2499,175
2500,175
2501,175
2502,175
2503,175
2504,175
2505,175
2506,175
2507,175
2508,175
2509,175
2510,175
2511,175
2512,175
2513,175
2514,175
2515,175
2516,175
2517,175
2518,175
2519,175
2520,175
2521,175
2522,175
2523,175
2524,175
2525,175
2526,175
2527,175
2528,175
2529,175
2530,175
2531,175
2532,175
2533,175
2534,175
2535,175
2536,175
2537,175
2538,175
2539,175
2540,175
2541,175
2542,175
2543,175
2544,175
2545,175
2546,175
2547,175
2548,175
2549,175
2550,175
2551,175
2552,175
2553,175
2554,175
2555,175
2556,175
2557,175
2558,175
2559,175
2560,175
2561,175
2562,175
2563,175
2564,175
2565,175
2566,175
2567,175
2568,175
2569,175
2570,175
2571,175
2572,175
2573,175
2574,175
2575,175
2576,175
2577,175
2578,175
2579,175
2580,175
2581,175
2582,175
2583,175
2584,175
2585,175
2586,175
2587,175
2588,175
2589,175
2590,175
2591,175
2592,175
2593,175
2594,175
2595,176
2596,176
2597,175
2598,176
2599,176
2600,176
2601,176
2602,176
2603,176
2604,176
2605,176
2606,176
2607,176
2608,176
2609,176
2610,176
2611,176
2612,176
2613,176
2614,176
2615,176
2616,176
2617,176
2618,176
2619,176
2620,176
2621,176
2622,176
2623,176
2624,176
2625,176
2626,176
2627,176
2628,176
2629,176
2630,176
2631,176
2632,176
2633,176
2634,176
2635,176
2636,176
2637,176
2638,176
2639,176
2640,176
2641,176
2642,176
2643,176
2644,176
2645,176
2646,176
2647,176
2648,176
2649,176
2650,176
2651,176
2652,176
2653,176
2654,176
2655,176
2656,176
2657,176
2658,176
2659,176
2660,176
2661,176
2662,176
2663,176
2664,176
2665,176
2666,176
2667,176
2668,176
2669,176
2670,176
2671,176
2672,176
2673,176
2674,176
2675,176
2676,176
2677,176
2678,176
2679,176
2680,176
2681,176
2682,176
2683,176
2684,176
2685,176
2686,176
2687,176
2688,176
2689,176
2690,176
2691,176
2692,177
2693,177
2694,177
2695,176
2696,177
2697,176
2698,177
2699,177
2700,177
2701,177
2702,177
2703,177
2704,177
2705,177
2706,177
2707,177
2708,177
2709,177
2710,177
2711,177
2712,177
2713,177
2714,177
2715,177
2716,177
2717,177
2718,177
2719,177
2720,177
2721,177
2722,177
2723,177
2724,177
2725,177
2726,177
2727,177
2728,177
2729,177
2730,177
2731,177
2732,177
2733,177
2734,177
2735,177
2736,177
2737,177
2738,177
2739,177
2740,177
2741,177
2742,177
2743,177
2744,177
2745,177
2746,177
2747,177
2748,177
2749,177
2750,177
2751,177
2752,177
2753,177
2754,177
2755,177
2756,177
2757,177
2758,177
2759,177
2760,177
2761,177
2762,177
2763,177
2764,177
2765,177
2766,177
2767,177
2768,177
2769,177
2770,177
2771,177
2772,177
2773,177
2774,177
2775,177
2776,177
2777,177
2778,177
2779,177
2780,177
2781,177
2782,177
2783,177
2784,177
2785,177
2786,177
2787,177
2788,177
2789,177
2790,177
2791,177
2792,177
2793,177
2794,177
2795,178
2796,177
2797,177
2798,178
2799,178
2800,178
2801,178
2802,178
2803,178
2804,178
2805,178
2806,178
2807,178
2808,178
2809,178
2810,178
2811,178
2812,178
2813,178
2814,178
2815,178
2816,178
2817,178
2818,178
2819,178
2820,178
2821,178
2822,178
2823,178
2824,178
2825,178
2826,178
2827,178
2828,178
2829,178
2830,178
2831,178
2832,178
2833,178
2834,178
2835,178
2836,178
2837,178
2838,178
2839,178
2840,178
2841,178
2842,178
2843,178
2844,178
2845,178
2846,178
2847,178
2848,178
2849,178
2850,178
2851,178
2852,178
2853,178
2854,178
2855,178
2856,178
2857,178
2858,178
2859,178
2860,178
2861,178
2862,178
2863,178
2864,178
2865,178
2866,178
2867,178
2868,178
2869,178
2870,178
2871,178
2872,178
2873,178
2874,178
2875,178
2876,178
2877,178
2878,178
2879,178
2880,178
2881,178
2882,178
2883,178
2884,178
2885,178
2886,178
2887,178
2888,178
2889,178
2890,178
2891,178
2892,178
2893,178
2894,178
2895,178
2896,178
2897,178
2898,178
2899,178
2900,178
2901,178
2902,178
2903,178
2904,178
2905,178
2906,178
2907,179
2908,179
2909,179
2910,179
2911,178
2912,178
2913,178
2914,178
2915,178
2916,178
2917,178
2918,178
2919,178
2920,178
2921,178
2922,178
2923,178
2924,178
2925,179
2926,179
2927,179
2928,179
2929,179
2930,179
2931,179
2932,179
2933,179
2934,179
2935,179
2936,179
2937,179
2938,179
2939,179
2940,179
2941,179
2942,179
2943,179
2944,179
2945,179
2946,179
2947,179
2948,179
2949,179
2950,179
2951,179
2952,179
2953,179
2954,179
2955,179
2956,179
2957,179
2958,179
2959,179
2960,179
2961,179
2962,179
2963,179
2964,179
2965,179
2966,179
2967,179
2968,179
2969,179
2970,179
2971,179
2972,179
2973,179
2974,179
2975,179
2976,179
2977,179
2978,179
2979,179
2980,179
2981,179
2982,179
2983,179
2984,179
2985,179
2986,179
2987,179
2988,179
2989,179
2990,179
2991,179
2992,179
2993,179
2994,179
2995,179
2996,179
2997,179
2998,179
2999,179
3000,179
3001,179
3002,179
3003,179
3004,179
3005,179
3006,179
3007,179
3008,179
3009,179
3010,179
3011,179
3012,179
3013,179
3014,179
3015,179
3016,179
3017,179
3018,179
3019,179
3020,179
3021,179
3022,179
3023,179
3024,179
3025,179
3026,179
3027,179
3028,179
3029,179
3030,179
3031,179
3032,179
3033,179
3034,179
3035,179
3036,179
3037,179
3038,179
3039,179
3040,179
3041,179
3042,179
3043,179
3044,179
3045,179
3046,179
3047,179
3048,179
3049,179
3050,179
3051,179
3052,179
3053,179
3054,179
3055,179
3056,179
3057,179
3058,179
3059,179
3060,179
3061,179
3062,179
3063,179
3064,179
3065,179
3066,179
3067,179
3068,180
3069,180
3070,180
3071,180
3072,180
3073,180
3074,180
3075,180
3076,179
3077,179
3078,180
3079,180
3080,180
3081,180
3082,180
3083,180
3084,180
3085,180
3086,180
3087,180
3088,180
3089,180
3090,180
3091,180
3092,180
3093,180
3094,180
3095,180
3096,180
3097,180
3098,180
3099,180
3100,180
3101,180
3102,180
3103,180
3104,180
3105,180
3106,180
3107,180
3108,180
3109,180
3110,180
3111,180
3112,180
3113,180
3114,180
3115,180
3116,180
3117,180
3118,180
3119,180
3120,180
3121,180
3122,180
3123,180
3124,180
3125,180
3126,180
3127,180
3128,180
3129,180
3130,180
3131,180
3132,180
3133,180
3134,180
3135,180
3136,180
3137,180
3138,180
3139,180
3140,180
3141,180
3142,180
3143,180
3144,180
3145,180
3146,180
3147,180
3148,180
3149,180
3150,180
3151,180
3152,180
3153,180
3154,180
3155,180
3156,180
3157,180
3158,180
3159,180
3160,180
3161,180
3162,180
3163,180
3164,180
3165,180
3166,180
3167,180
3168,180
3169,180
3170,180
3171,180
3172,180
3173,180
3174,180
3175,180
3176,180
3177,180
3178,180
3179,180
3180,180
3181,180
3182,180
3183,180
3184,180
3185,180
3186,180
3187,180
3188,180
3189,180
3190,180
3191,180
3192,180
3193,180
3194,180
3195,180
3196,180
3197,180
3198,180
3199,180
3200,180
3201,180
3202,180
3203,180
3204,180
3205,180
3206,180
3207,180
3208,180
3209,180
3210,180
3211,180
3212,180
3213,180
3214,180
3215,180
3216,180
3217,180
3218,180
3219,180
3220,180
3221,180
3222,180
3223,180
3224,180
3225,180
3226,180
3227,180
3228,180
3229,180
3230,180
3231,180
3232,180
3233,180
3234,180
3235,180
3236,180
3237,180
3238,180
3239,180
3240,180
3241,180
3242,180
3243,180
3244,180
3245,180
3246,180
3247,181
3248,181
3249,181
3250,181
3251,181
3252,181
3253,181
3254,181
3255,181
3256,181
3257,181
3258,181
3259,181
3260,181
3261,181
3262,181
3263,181
3264,181
3265,181
3266,181
3267,181
3268,181
3269,181
3270,181
3271,181
3272,181
3273,181
3274,181
3275,181
3276,181
3277,181
3278,181
3279,181
3280,181
3281,181
3282,181
3283,181
3284,181
3285,181
3286,181
3287,181
3288,181
3289,181
3290,181
3291,181
3292,181
3293,181
3294,181
3295,181
3296,181
3297,181
3298,181
3299,181
3300,181
3301,181
3302,181
3303,181
3304,181
3305,181
3306,181
3307,181
3308,181
3309,181
3310,181
3311,181
3312,181
3313,181
3314,181
3315,181
3316,181
3317,181
3318,181
3319,181
3320,181
3321,181
3322,181
3323,181
3324,181
3325,181
3326,182
3327,182
3328,181
3329,182
3330,182
3331,181
3332,181
3333,181
3334,181
3335,181
3336,181
3337,181
3338,181
3339,181
3340,181
3341,181
3342,182
3343,182
3344,182
3345,182
3346,181
3347,181
3348,182
3349,182
3350,182
3351,182
3352,182
3353,182
3354,182
3355,182
3356,182
3357,182
3358,182
3359,182
3360,182
3361,182
3362,182
3363,182
3364,182
3365,182
3366,182
3367,182
3368,182
3369,182
3370,182
3371,182
3372,182
3373,182
3374,182
3375,182
3376,182
3377,182
3378,182
3379,182
3380,182
3381,182
3382,182
3383,182
3384,182
3385,182
3386,182
3387,182
3388,182
3389,182
3390,182
3391,182
3392,182
3393,182
3394,182
3395,182
3396,182
3397,182
3398,182
3399,182
3400,182
3401,182
3402,182
3403,182
3404,182
3405,182
3406,182
3407,182
3408,182
3409,182
3410,182
3411,182
3412,182
3413,182
3414,182
3415,182
3416,183
3417,183
3418,183
3419,183
3420,182
3421,182
3422,182
3423,183
3424,183
3425,183
3426,183
3427,183
3428,183
3429,183
3430,183
3431,183
3432,183
3433,183
3434,183
3435,183
3436,183
3437,183
3438,183
3439,183
3440,183
3441,183
3442,183
3443,183
3444,183
3445,183
3446,183
3447,183
3448,183
3449,183
3450,183
3451,183
3452,183
3453,183
3454,183
3455,183
3456,183
3457,183
3458,183
3459,183
3460,183
3461,183
3462,183
3463,183
3464,183
3465,183
3466,183
3467,183
3468,183
3469,183
3470,183
3471,183
3472,183
3473,183
3474,184
3475,184
3476,184
3477,184
3478,184
3479,184
3480,184
3481,184
3482,184
3483,184
3484,184
3485,184
3486,184
3487,184
3488,184
3489,184
3490,184
3491,184
3492,184
3493,184
3494,184
3495,184
3496,184
3497,184
3498,184
3499,184
3500,184
3501,184
3502,184
3503,184
3504,184
3505,184
3506,184
3507,184
3508,184
3509,184
3510,184
3511,184
3512,184
3513,184
3514,184
3515,184
3516,184
3517,184
3518,184
3519,184
3520,184
3521,184
3522,184
3523,184
3524,184
3525,184
3526,184
3527,184
3528,184
3529,184
3530,185
3531,185
3532,185
3533,185
3534,184
3535,185
3536,185
3537,185
3538,185
3539,185
3540,185
3541,185
3542,185
3543,185
3544,185
3545,185
3546,185
3547,185
3548,185
3549,185
3550,185
3551,185
3552,185
3553,185
3554,185
3555,185
3556,185
3557,185
3558,185
3559,185
3560,185
3561,185
3562,185
3563,185
3564,185
3565,185
3566,185
3567,185
3568,185
3569,185
3570,185
3571,185
3572,185
3573,185
3574,185
3575,185
3576,185
3577,185
3578,185
3579,185
3580,185
3581,185
3582,185
3583,186
3584,185
3585,186
3586,186
3587,186
3588,186
3589,186
3590,186
3591,186
3592,186
3593,186
3594,186
3595,186
3596,186
3597,186
3598,186
3599,186
3600,186
3601,186
3602,186
3603,186
3604,186
3605,186
3606,186
3607,186
3608,186
3609,186
3610,186
3611,186
3612,186
3613,186
3614,186
3615,186
3616,186
3617,186
3618,186
3619,186
3620,186
3621,186
3622,186
3623,186
3624,186
3625,186
3626,186
3627,186
3628,186
3629,186
3630,186
3631,186
3632,186
3633,186
3634,186
3635,186
3636,186
3637,186
3638,186
3639,186
3640,186
3641,186
3642,186
3643,186
3644,186
3645,186
3646,186
3647,186
3648,186
3649,186
3650,186
3651,186
3652,186
3653,186
3654,186
3655,186
3656,186
3657,186
3658,186
3659,186
3660,186
3661,186
3662,186
3663,186
3664,186
3665,186
3666,186
3667,186
3668,186
3669,186
3670,186
3671,186
3672,186
3673,186
3674,187
3675,187
3676,187
3677,187
3678,187
3679,187
3680,187
3681,187
3682,187
3683,187
3684,187
3685,187
3686,187
3687,187
3688,187
3689,187
3690,187
3691,187
3692,187
3693,187
3694,187
3695,187
3696,187
3697,187
3698,187
3699,187
3700,187
3701,187
3702,187
3703,187
3704,187
3705,187
3706,187
3707,187
3708,187
3709,187
3710,187
3711,187
3712,187
3713,187
3714,187
3715,187
3716,187
3717,187
3718,187
3719,187
3720,187
3721,188
3722,187
3723,187
3724,187
3725,188
3726,188
3727,188
3728,188
3729,188
3730,188
3731,188
3732,188
3733,188
3734,188
3735,188
3736,188
3737,188
3738,188
3739,188
3740,188
3741,188
3742,188
3743,188
3744,188
3745,188
3746,188
3747,188
3748,188
3749,188
3750,188
3751,188
3752,188
3753,188
3754,188
3755,188
3756,188
3757,188
3758,188
3759,188
3760,188
3761,188
3762,188
3763,188
3764,188
3765,188
3766,188
3767,188
3768,188
3769,188
3770,188
3771,188
3772,188
3773,188
3774,188
3775,188
3776,188
3777,188
3778,188
3779,188
3780,188
3781,188
3782,188
3783,188
3784,188
3785,188
3786,188
3787,188
3788,188
3789,188
3790,188
3791,188
3792,188
3793,188
3794,188
3795,189
3796,189
3797,189
3798,189
3799,189
3800,189
3801,189
3802,189
3803,189
3804,189
3805,189
3806,189
3807,189
3808,189
3809,189
3810,189
3811,189
3812,189
3813,189
3814,189
3815,189
3816,189
3817,189
3818,189
3819,189
3820,189
3821,189
3822,189
3823,189
3824,189
3825,189
3826,189
3827,189
3828,189
3829,189
3830,189
3831,189
3832,189
3833,189
3834,189
3835,189
3836,189
3837,189
3838,189
3839,189
3840,189
3841,189
3842,189
3843,189
3844,189
3845,189
3846,189
3847,189
3848,189
3849,189
3850,189
3851,189
3852,189
3853,189
3854,189
3855,189
3856,189
3857,189
3858,190
3859,190
3860,190
3861,190
3862,190
3863,190
3864,190
3865,190
3866,190
3867,190
3868,190
3869,190
3870,190
3871,190
3872,190
3873,190
3874,190
3875,190
3876,189
3877,190
3878,190
3879,190
3880,190
3881,190
3882,190
3883,190
3884,190
3885,190
3886,190
3887,190
3888,190
3889,190
3890,190
3891,190
3892,190
3893,190
3894,190
3895,190
3896,190
3897,190
3898,190
3899,190
3900,190
3901,190
3902,190
3903,190
3904,190
3905,190
3906,190
3907,190
3908,190
3909,190
3910,190
3911,190
3912,190
3913,190
3914,190
3915,190
3916,190
3917,190
3918,190
3919,190
3920,190
3921,190
3922,190
3923,190
3924,190
3925,190
3926,190
3927,190
3928,190
3929,190
3930,190
3931,190
3932,191
3933,191
3934,191
3935,191
3936,191
3937,191
3938,191
3939,191
3940,191
3941,191
3942,191
3943,191
3944,191
3945,191
3946,191
3947,191
3948,191
3949,191
3950,191
3951,191
3952,191
3953,191
3954,191
3955,191
3956,191
3957,191
3958,191
3959,191
3960,191
3961,191
3962,191
3963,191
3964,191
3965,191
3966,191
3967,191
3968,191
3969,191
3970,191
3971,191
3972,191
3973,191
3974,191
3975,191
3976,191
3977,191
3978,191
3979,191
3980,191
3981,191
3982,191
3983,191
3984,191
3985,191
3986,191
3987,191
3988,191
3989,191
3990,191
3991,191
3992,191
3993,191
3994,191
3995,191
3996,191
3997,191
3998,191
3999,191
4000,191
4001,191
4002,191
4003,191
4004,191
4005,191
4006,191
4007,191
4008,191
4009,191
4010,191
4011,191
4012,191
4013,191
4014,191
4015,191
4016,191
4017,191
4018,191
4019,191
4020,191
4021,191
4022,192
4023,191
4024,191
4025,191
4026,192
4027,192
4028,192
4029,192
4030,192
4031,191
4032,191
4033,192
4034,192
4035,192
4036,192
4037,192
4038,192
4039,192
4040,192
4041,192
4042,192
4043,192
4044,192
4045,192
4046,192
4047,192
4048,192
4049,192
4050,192
4051,192
4052,192
4053,192
4054,192
4055,192
4056,192
4057,192
4058,192
4059,192
4060,192
4061,192
4062,192
4063,192
4064,192
4065,192
4066,192
4067,192
4068,192
4069,192
4070,192
4071,192
4072,192
4073,192
4074,192
4075,192
4076,192
4077,192
4078,192
4079,192
4080,192
4081,192
4082,192
4083,192
4084,192
4085,192
4086,192
4087,192
4088,192
4089,192
4090,192
4091,192
4092,192
4093,192
4094,192
4095,192
4096,192
4097,192
4098,192
4099,192
4100,192
4101,192
4102,192
4103,192
4104,192
4105,192
4106,193
4107,193
4108,193
4109,193
4110,193
4111,193
4112,193
4113,193
4114,193
4115,193
4116,193
4117,193
4118,193
4119,193
4120,193
4121,193
4122,193
4123,193
4124,193
4125,193
4126,193
4127,193
4128,193
4129,193
4130,193
4131,193
4132,193
4133,193
4134,193
4135,193
4136,193
4137,193
4138,193
4139,193
4140,193
4141,193
4142,193
4143,193
4144,193
4145,193
4146,193
4147,193
4148,193
4149,193
4150,193
4151,193
4152,193
4153,193
4154,193
4155,193
4156,193
4157,193
4158,193
4159,193
4160,193
4161,193
4162,193
4163,193
4164,193
4165,193
4166,193
4167,193
4168,193
4169,194
4170,194
4171,194
4172,194
4173,194
4174,194
4175,194
4176,194
4177,194
4178,194
4179,194
4180,194
4181,194
4182,194
4183,194
4184,194
4185,194
4186,194
4187,194
4188,194
4189,194
4190,194
4191,194
4192,194
4193,194
4194,194
4195,194
4196,194
4197,194
4198,194
4199,194
4200,194
4201,194
4202,194
4203,194
4204,194
4205,194
4206,194
4207,194
4208,194
4209,194
4210,194
4211,194
4212,194
4213,194
4214,194
4215,194
4216,194
4217,194
4218,194
4219,194
4220,194
4221,194
4222,194
4223,194
4224,194
4225,194
4226,194
4227,194
4228,194
4229,194
4230,194
4231,194
4232,194
4233,194
4234,194
4235,194
4236,194
4237,194
4238,194
4239,194
4240,194
4241,194
4242,194
4243,194
4244,194
4245,194
4246,194
4247,194
4248,194
4249,194
4250,194
4251,194
4252,194
4253,194
4254,194
4255,194
4256,194
4257,194
4258,194
4259,194
4260,194
4261,194
4262,194
4263,194
4264,194
4265,194
4266,194
4267,194
4268,194
4269,194
4270,194
4271,195
4272,195
4273,195
4274,195
4275,195
4276,195
4277,195
4278,195
4279,195
4280,195
4281,195
4282,195
4283,195
4284,195
4285,195
4286,195
4287,195
4288,195
4289,195
4290,195
4291,195
4292,195
4293,195
4294,195
4295,195
4296,195
4297,195
4298,195
4299,195
4300,195
4301,195
4302,195
4303,195
4304,195
4305,195
4306,195
4307,195
4308,195
4309,195
4310,195
4311,195
4312,195
4313,195
4314,195
4315,195
4316,195
4317,195
4318,195
4319,195
4320,195
4321,195
4322,195
4323,195
4324,195
4325,195
4326,195
4327,195
4328,195
4329,195
4330,195
4331,195
4332,195
4333,195
4334,195
4335,195
4336,195
4337,195
4338,195
4339,195
4340,195
4341,195
4342,195
4343,195
4344,195
4345,195
4346,195
4347,195
4348,195
4349,196
4350,196
4351,196
4352,195
4353,196
4354,196
4355,196
4356,196
4357,195
4358,195
4359,196
4360,196
4361,196
4362,196
4363,196
4364,196
4365,196
4366,196
4367,196
4368,196
4369,196
4370,196
4371,196
4372,196
4373,196
4374,196
4375,196
4376,196
4377,196
4378,196
4379,196
4380,196
4381,196
4382,196
4383,196
4384,196
4385,196
4386,196
4387,196
4388,196
4389,196
4390,196
4391,196
4392,196
4393,196
4394,196
4395,196
4396,196
4397,196
4398,196
4399,196
4400,196
4401,196
4402,196
4403,196
4404,196
4405,196
4406,196
4407,196
4408,196
4409,196
4410,196
4411,197
4412,196
4413,196
4414,196
4415,196
4416,196
4417,196
4418,197
4419,197
4420,197
4421,197
4422,197
4423,197
4424,197
4425,197
4426,197
4427,197
4428,197
4429,197
4430,197
4431,197
4432,197
4433,197
4434,197
4435,197
4436,197
4437,197
4438,197
4439,197
4440,197
4441,197
4442,197
4443,197
4444,197
4445,197
4446,197
4447,197
4448,197
4449,197
4450,197
4451,197
4452,197
4453,197
4454,197
4455,197
4456,197
4457,197
4458,197
4459,197
4460,197
4461,197
4462,197
4463,197
4464,197
4465,197
4466,197
4467,197
4468,197
4469,197
4470,197
4471,197
4472,197
4473,197
4474,197
4475,197
4476,197
4477,197
4478,197
4479,197
4480,197
4481,197
4482,197
4483,197
4484,197
4485,197
4486,197
4487,197
4488,197
4489,197
4490,197
4491,197
4492,197
4493,197
4494,197
4495,197
4496,197
4497,197
4498,197
4499,197
4500,197
4501,197
4502,197
4503,197
4504,197
4505,197
4506,197
4507,197
4508,197
4509,197
4510,197
4511,197
4512,197
4513,197
4514,197
4515,197
4516,197
4517,197
4518,197
4519,197
4520,197
4521,197
4522,197
4523,197
4524,197
4525,197
4526,197
4527,197
4528,197
4529,197
4530,197
4531,198
4532,198
4533,198
4534,198
4535,198
4536,198
4537,198
4538,198
4539,198
4540,198
4541,198
4542,198
4543,198
4544,198
4545,198
4546,198
4547,198
4548,198
4549,198
4550,198
4551,198
4552,198
4553,198
4554,198
4555,198
4556,198
4557,198
4558,198
4559,198
4560,198
4561,198
4562,198
4563,198
4564,198
4565,198
4566,198
4567,198
4568,198
4569,198
4570,198
4571,198
4572,198
4573,198
4574,198
4575,198
4576,198
4577,198
4578,198
4579,198
4580,198
4581,198
4582,198
4583,199
4584,199
4585,199
4586,199
4587,199
4588,199
4589,199
4590,199
4591,199
4592,199
4593,199
4594,199
4595,199
4596,199
4597,199
4598,199
4599,199
4600,199
4601,199
4602,199
4603,199
4604,199
4605,199
4606,199
4607,199
4608,199
4609,199
4610,199
4611,199
4612,199
4613,199
4614,199
4615,199
4616,199
4617,199
4618,199
4619,199
4620,199
4621,199
4622,199
4623,199
4624,199
4625,199
4626,199
4627,199
4628,199
4629,199
4630,199
4631,199
4632,199
4633,199
4634,199
4635,199
4636,199
4637,199
4638,199
4639,199
4640,199
4641,200
4642,200
4643,200
4644,200
4645,200
4646,200
4647,200
4648,200
4649,200
4650,200
4651,200
4652,200
4653,200
4654,200
4655,200
4656,200
4657,200
4658,200
4659,200
4660,200
4661,200
4662,200
4663,200
4664,200
4665,200
4666,200
4667,200
4668,200
4669,200
4670,200
4671,200
4672,200
4673,200
4674,200
4675,200
4676,200
4677,200
4678,200
4679,200
4680,200
4681,200
4682,200
4683,200
4684,200
4685,200
4686,200
4687,200
4688,200
4689,201
4690,201
4691,201
4692,201
4693,201
4694,201
4695,201
4696,201
4697,201
4698,201
4699,201
4700,201
4701,201
4702,201
4703,201
4704,201
4705,201
4706,201
4707,201
4708,201
4709,201
4710,201
4711,201
4712,201
4713,201
4714,201
4715,201
4716,201
4717,201
4718,201
4719,201
4720,201
4721,201
4722,201
4723,201
4724,201
4725,201
4726,201
4727,201
4728,201
4729,201
4730,201
4731,201
4732,201
4733,201
4734,201
4735,201
4736,201
4737,201
4738,201
4739,201
4740,201
4741,201
4742,201
4743,201
4744,201
4745,201
4746,201
4747,201
4748,201
4749,201
4750,201
4751,201
4752,201
4753,201
4754,201
4755,201
4756,201
4757,201
4758,201
4759,201
4760,202
4761,202
4762,202
4763,202
4764,202
4765,202
4766,202
4767,202
4768,202
4769,202
4770,202
4771,202
4772,202
4773,202
4774,202
4775,202
4776,202
4777,202
4778,202
4779,202
4780,202
4781,202
4782,202
4783,202
4784,202
4785,202
4786,202
4787,202
4788,202
4789,202
4790,202
4791,202
4792,202
4793,202
4794,202
4795,202
4796,202
4797,202
4798,202
4799,202
4800,202
4801,202
4802,202
4803,202
4804,202
4805,202
4806,202
4807,202
4808,202
4809,202
4810,202
4811,202
4812,202
4813,202
4814,202
4815,202
4816,202
4817,202
4818,202
4819,202
4820,202
4821,202
4822,202
4823,202
4824,202
4825,202
4826,202
4827,202
4828,202
4829,202
4830,202
4831,202
4832,202
4833,202
4834,202
4835,202
4836,202
4837,202
4838,202
4839,202
4840,202
4841,202
4842,202
4843,202
4844,202
4845,202
4846,202
4847,203
4848,203
4849,203
4850,203
4851,203
4852,203
4853,203
4854,203
4855,203
4856,203
4857,203
4858,203
4859,203
4860,203
4861,203
4862,203
4863,203
4864,203
4865,203
4866,203
4867,203
4868,203
4869,203
4870,203
4871,203
4872,203
4873,203
4874,203
4875,203
4876,203
4877,203
4878,203
4879,203
4880,203
4881,203
4882,203
4883,203
4884,203
4885,203
4886,203
4887,203
4888,203
4889,203
4890,203
4891,203
4892,203
4893,203
4894,203
4895,203
4896,203
4897,203
4898,203
4899,203
4900,203
4901,203
4902,203
4903,203
4904,203
4905,203
4906,203
4907,203
4908,203
4909,203
4910,203
4911,203
4912,203
4913,203
4914,203
4915,203
4916,203
4917,203
4918,203
4919,203
4920,203
4921,203
4922,203
4923,203
4924,203
4925,203
4926,203
4927,203
4928,203
4929,203
4930,203
4931,203
4932,203
4933,203
4934,203
4935,203
4936,204
4937,204
4938,204
4939,204
4940,203
4941,204
4942,204
4943,204
4944,204
4945,204
4946,204
4947,204
4948,204
4949,204
4950,204
4951,204
4952,204
4953,204
4954,204
4955,204
4956,204
4957,204
4958,204
4959,204
4960,204
4961,204
4962,204
4963,204
4964,204
4965,204
4966,204
4967,204
4968,204
4969,204
4970,204
4971,204
4972,204
4973,204
4974,204
4975,204
4976,204
4977,204
4978,204
4979,204
4980,204
4981,204
4982,204
4983,204
4984,204
4985,204
4986,204
4987,204
4988,204
4989,204
4990,204
4991,204
4992,204
4993,204
4994,204
4995,204
4996,204
4997,204
4998,204
4999,204
5000,204
5001,204
5002,204
5003,204
5004,204
5005,204
5006,204
5007,204
5008,204
5009,204
5010,204
5011,204
5012,204
5013,204
5014,204
5015,204
5016,204
5017,204
5018,204
5019,204
5020,204
5021,204
5022,204
5023,204
5024,204
5025,204
5026,204
5027,204
5028,204
5029,204
5030,204
5031,204
5032,204
5033,204
5034,204
5035,204
5036,204
5037,204
5038,204
5039,204
5040,204
5041,204
5042,205
5043,205
5044,205
5045,205
5046,205
5047,205
5048,205
5049,205
5050,205
5051,205
5052,205
5053,205
5054,205
5055,205
5056,205
5057,205
5058,205
5059,205
5060,205
5061,205
5062,205
5063,205
5064,205
5065,205
5066,205
5067,205
5068,205
5069,205
5070,205
5071,205
5072,205
5073,205
5074,205
5075,205
5076,205
5077,205
5078,205
5079,205
5080,205
5081,205
5082,205
5083,205
5084,205
5085,205
5086,205
5087,205
5088,205
5089,205
5090,205
5091,205
5092,205
5093,205
5094,205
5095,205
5096,205
5097,205
5098,205
5099,205
5100,205
5101,205
5102,205
5103,205
5104,205
5105,205
5106,205
5107,205
5108,205
5109,205
5110,205
5111,205
5112,205
5113,205
5114,205
5115,205
5116,205
5117,205
5118,205
5119,205
5120,205
5121,205
5122,205
5123,205
5124,205
5125,205
5126,205
5127,205
5128,205
5129,205
5130,205
5131,205
5132,205
5133,205
5134,205
5135,205
5136,205
5137,205
5138,205
5139,205
5140,205
5141,205
5142,205
5143,205
5144,205
5145,205
5146,205
5147,205
5148,205
5149,205
5150,205
5151,206
5152,205
5153,205
5154,205
5155,205
5156,205
5157,205
5158,206
5159,206
5160,206
5161,206
5162,206
5163,205
5164,205
5165,206
5166,206
5167,206
5168,205
5169,205
5170,205
5171,206
5172,206
5173,206
5174,206
5175,206
5176,206
5177,206
5178,206
5179,206
5180,206
5181,206
5182,206
5183,206
5184,206
5185,206
5186,206
5187,206
5188,206
5189,206
5190,206
5191,206
5192,206
5193,206
5194,206
5195,206
5196,206
5197,206
5198,206
5199,206
5200,206
5201,206
5202,206
5203,206
5204,206
5205,206
5206,206
5207,206
5208,206
5209,206
5210,206
5211,206
5212,206
5213,206
5214,206
5215,206
5216,206
5217,206
5218,206
5219,206
5220,206
5221,206
5222,206
5223,206
5224,206
5225,206
5226,206
5227,206
5228,206
5229,206
5230,206
5231,206
5232,206
5233,206
5234,206
5235,206
5236,206
5237,206
5238,207
5239,206
5240,206
5241,206
5242,206
5243,207
5244,206
5245,206
5246,206
5247,206
5248,207
5249,207
5250,207
5251,207
5252,207
5253,207
5254,207
5255,207
5256,207
5257,207
5258,207
5259,207
5260,207
5261,207
5262,207
5263,207
5264,207
5265,207
5266,207
5267,207
5268,207
5269,207
5270,207
5271,207
5272,207
5273,207
5274,207
5275,207
5276,207
5277,207
5278,207
5279,207
5280,207
5281,207
5282,207
5283,207
5284,207
5285,207
5286,207
5287,207
5288,207
5289,207
5290,207
5291,207
5292,207
5293,207
5294,207
5295,207
5296,207
5297,207
5298,207
5299,207
5300,207
5301,207
5302,208
5303,208
5304,208
5305,208
5306,208
5307,208
5308,207
5309,208
5310,208
5311,208
5312,208
5313,208
5314,208
5315,208
5316,208
5317,208
5318,208
5319,208
5320,208
5321,208
5322,208
5323,208
5324,208
5325,208
5326,208
5327,208
5328,208
5329,208
5330,208
5331,208
5332,208
5333,208
5334,208
5335,208
5336,208
5337,208
5338,208
5339,208
5340,208
5341,208
5342,208
5343,208
5344,208
5345,208
5346,208
5347,208
5348,208
5349,208
5350,208
5351,208
5352,208
5353,208
5354,208
5355,208
5356,208
5357,208
5358,208
5359,208
5360,208
5361,208
5362,208
5363,208
5364,208
5365,208
5366,208
5367,208
5368,208
5369,208
5370,209
5371,209
5372,209
5373,209
5374,209
5375,209
5376,209
5377,209
5378,209
5379,209
5380,209
5381,209
5382,209
5383,209
5384,209
5385,209
5386,209
5387,209
5388,209
5389,209
5390,209
5391,209
5392,209
5393,209
5394,209
5395,209
5396,209
5397,209
5398,209
5399,209
5400,209
5401,209
5402,209
5403,209
5404,209
5405,209
5406,209
5407,209
5408,209
5409,209
5410,209
5411,209
5412,209
5413,209
5414,209
5415,209
5416,209
5417,209
5418,209
5419,209
5420,209
5421,209
5422,209
5423,209
5424,209
5425,209
5426,209
5427,209
5428,209
5429,209
5430,209
5431,209
5432,209
5433,209
5434,209
5435,209
5436,209
5437,209
5438,209
5439,209
5440,209
5441,209
5442,209
5443,209
5444,209
5445,209
5446,209
5447,209
5448,209
5449,209
5450,209
5451,209
5452,209
5453,209
5454,209
5455,209
5456,209
5457,209
5458,209
5459,209
5460,209
5461,209
5462,209
5463,209
5464,209
5465,209
5466,209
5467,209
5468,209
5469,209
5470,209
5471,209
5472,209
5473,209
5474,209
5475,209
5476,209
5477,209
5478,209
5479,209
5480,209
5481,209
5482,209
5483,209
5484,209
5485,210
5486,210
5487,210
5488,210
5489,210
5490,209
5491,209
5492,209
5493,209
5494,209
5495,210
5496,209
5497,209
5498,209
5499,209
5500,209
5501,209
5502,209
5503,209
5504,210
5505,210
5506,210
5507,210
5508,210
5509,210
5510,210
5511,210
5512,210
5513,210
5514,210
5515,209
5516,210
5517,210
5518,210
5519,210
5520,210
5521,210
5522,210
5523,210
5524,210
5525,210
5526,210
5527,210
5528,210
5529,210
5530,210
5531,210
5532,210
5533,210
5534,210
5535,210
5536,210
5537,210
5538,210
5539,210
5540,210
5541,210
5542,210
5543,210
5544,210
5545,210
5546,210
5547,210
5548,210
5549,210
5550,210
5551,210
5552,210
5553,210
5554,210
5555,210
5556,210
5557,210
5558,210
5559,210
5560,210
5561,210
5562,210
5563,210
5564,210
5565,210
5566,210
5567,210
5568,210
5569,210
5570,210
5571,210
5572,210
5573,210
5574,210
5575,210
5576,210
5577,210
5578,210
5579,210
5580,210
5581,210
5582,210
5583,210
5584,210
5585,210
5586,210
5587,210
5588,210
5589,210
5590,210
5591,211
5592,211
5593,211
5594,211
5595,211
5596,211
5597,211
5598,211
5599,211
5600,211
5601,211
5602,211
5603,211
5604,211
5605,211
5606,211
5607,211
5608,211
5609,211
5610,211
5611,211
5612,211
5613,211
5614,211
5615,211
5616,211
5617,211
5618,211
5619,211
5620,211
5621,211
5622,211
5623,211
5624,211
5625,211
5626,211
5627,211
5628,211
5629,211
5630,211
5631,211
5632,211
5633,211
5634,211
5635,211
5636,211
5637,211
5638,211
5639,211
5640,211
5641,211
5642,211
5643,211
5644,211
5645,211
5646,211
5647,211
5648,211
5649,211
5650,211
5651,211
5652,211
5653,211
5654,211
5655,211
5656,211
5657,211
5658,211
5659,211
5660,211
5661,211
5662,211
5663,211
5664,211
5665,211
5666,211
5667,211
5668,211
5669,211
5670,211
5671,211
5672,211
5673,211
5674,211
5675,211
5676,211
5677,211
5678,211
5679,211
5680,211
5681,211
5682,211
5683,212
5684,212
5685,212
5686,212
5687,211
5688,212
5689,212
5690,212
5691,212
5692,212
5693,212
5694,212
5695,212
5696,212
5697,212
5698,212
5699,212
5700,212
5701,212
5702,212
5703,212
5704,212
5705,212
5706,212
5707,212
5708,212
5709,212
5710,212
5711,212
5712,212
5713,212
5714,212
5715,212
5716,212
5717,212
5718,212
5719,212
5720,212
5721,212
5722,212
5723,212
5724,212
5725,212
5726,212
5727,212
5728,212
5729,212
5730,212
5731,212
5732,212
5733,212
5734,212
5735,212
5736,212
5737,212
5738,212
5739,212
5740,212
5741,212
5742,212
5743,212
5744,212
5745,212
5746,212
5747,212
5748,212
5749,212
5750,212
5751,212
5752,212
5753,212
5754,212
5755,212
5756,212
5757,212
5758,212
5759,212
5760,212
5761,212
5762,212
5763,212
5764,212
5765,212
5766,212
5767,212
5768,212
5769,212
5770,212
5771,212
5772,212
5773,213
5774,213
5775,213
5776,213
5777,213
5778,213
5779,213
5780,213
5781,213
5782,213
5783,212
5784,213
5785,213
5786,213
5787,213
5788,213
5789,213
5790,213
5791,213
5792,212
5793,213
5794,213
5795,213
5796,213
5797,213
5798,213
5799,213
5800,213
5801,213
5802,213
5803,213
5804,213
5805,213
5806,213
5807,213
5808,213
5809,213
5810,213
5811,213
5812,213
5813,213
5814,213
5815,213
5816,213
5817,213
5818,213
5819,213
5820,213
5821,213
5822,213
5823,213
5824,213
5825,213
5826,213
5827,213
5828,213
5829,213
5830,213
5831,213
5832,213
5833,213
5834,213
5835,213
5836,214
5837,214
5838,214
5839,214
5840,214
5841,214
5842,214
5843,214
5844,214
5845,214
5846,214
5847,214
5848,214
5849,214
5850,214
5851,214
5852,214
5853,214
5854,214
5855,214
5856,214
5857,214
5858,214
5859,214
5860,214
5861,214
5862,214
5863,214
5864,214
5865,214
5866,214
5867,214
5868,214
5869,214
5870,214
5871,214
5872,214
5873,214
5874,214
5875,214
5876,214
5877,214
5878,214
5879,214
5880,214
5881,214
5882,214
5883,214
5884,214
5885,214
5886,214
5887,214
5888,214
5889,214
5890,214
5891,214
5892,214
5893,214
5894,214
5895,214
5896,214
5897,214
5898,214
5899,214
5900,214
5901,214
5902,214
5903,214
5904,214
5905,214
5906,214
5907,214
5908,215
5909,215
5910,215
5911,215
5912,215
5913,215
5914,215
5915,215
5916,215
5917,215
5918,215
5919,215
5920,214
5921,215
5922,215
5923,215
5924,215
5925,215
5926,215
5927,215
5928,215
5929,215
5930,215
5931,215
5932,215
5933,215
5934,215
5935,215
5936,215
5937,215
5938,215
5939,215
5940,215
5941,215
5942,215
5943,215
5944,215
5945,215
5946,215
5947,215
5948,215
5949,215
5950,215
5951,215
5952,215
5953,215
5954,215
5955,215
5956,215
5957,215
5958,215
5959,215
5960,215
5961,215
5962,215
5963,215
5964,215
5965,215
5966,215
5967,215
5968,215
5969,215
5970,215
5971,215
5972,215
5973,215
5974,215
5975,215
5976,215
5977,215
5978,215
5979,216
5980,215
5981,216
5982,216
5983,216
5984,216
5985,216
5986,215
5987,215
5988,215
5989,215
5990,216
5991,216
5992,215
5993,216
5994,216
5995,216
5996,215
5997,215
5998,215
5999,215
6000,215
6001,215
6002,215
6003,215
6004,215
6005,215
6006,216
6007,215
6008,215
6009,216
6010,216
6011,216
6012,216
6013,216
6014,216
6015,216
6016,216
6017,216
6018,216
6019,216
6020,216
6021,216
6022,216
6023,216
6024,216
6025,216
6026,216
6027,216
6028,216
6029,216
6030,216
6031,216
6032,216
6033,216
6034,216
6035,216
6036,216
6037,216
6038,216
6039,216
6040,216
6041,216
6042,216
6043,216
6044,216
6045,216
6046,216
6047,216
6048,216
6049,216
6050,216
6051,216
6052,216
6053,216
6054,216
6055,216
6056,216
6057,216
6058,216
6059,216
6060,216
6061,216
6062,216
6063,216
6064,216
6065,216
6066,216
6067,216
6068,216
6069,216
6070,216
6071,216
6072,216
6073,216
6074,216
6075,216
6076,216
6077,216
6078,216
6079,216
6080,216
6081,216
6082,216
6083,216
6084,216
6085,216
6086,216
6087,216
6088,216
6089,216
6090,216
6091,216
6092,216
6093,216
6094,216
6095,216
6096,216
6097,216
6098,216
6099,216
6100,216
6101,216
6102,216
6103,216
6104,216
6105,216
6106,216
6107,217
6108,217
6109,217
6110,216
6111,216
6112,216
6113,216
6114,216
6115,216
6116,216
6117,216
6118,217
6119,216
6120,216
6121,216
6122,217
6123,216
6124,216
6125,216
6126,216
6127,216
6128,216
6129,216
6130,216
6131,217
6132,217
6133,217
6134,217
6135,217
6136,217
6137,217
6138,217
6139,217
6140,217
6141,217
6142,217
6143,217
6144,217
6145,217
6146,217
6147,217
6148,217
6149,217
6150,217
6151,217
6152,217
6153,217
6154,217
6155,217
6156,217
6157,217
6158,217
6159,217
6160,217
6161,217
6162,217
6163,217
6164,217
6165,217
6166,217
6167,217
6168,217
6169,217
6170,217
6171,217
6172,217
6173,217
6174,217
6175,217
6176,217
6177,217
6178,217
6179,217
6180,217
6181,217
6182,217
6183,217
6184,217
6185,217
6186,217
6187,217
6188,217
6189,217
6190,217
6191,218
6192,218
6193,218
6194,218
6195,218
6196,218
6197,217
6198,218
6199,218
6200,218
6201,218
6202,218
6203,218
6204,218
6205,218
6206,218
6207,218
6208,218
6209,218
6210,218
6211,218
6212,218
6213,218
6214,218
6215,218
6216,218
6217,218
6218,218
6219,218
6220,218
6221,218
6222,218
6223,218
6224,218
6225,218
6226,218
6227,218
6228,218
6229,218
6230,218
6231,218
6232,218
6233,218
6234,218
6235,218
6236,218
6237,219
6238,219
6239,219
6240,219
6241,219
6242,219
6243,219
6244,219
6245,219
6246,219
6247,219
6248,219
6249,219
6250,219
6251,219
6252,219
6253,219
6254,219
6255,219
6256,219
6257,219
6258,219
6259,219
6260,219
6261,219
6262,219
6263,219
6264,219
6265,219
6266,219
6267,219
6268,219
6269,219
6270,219
6271,219
6272,219
6273,219
6274,219
6275,219
6276,219
6277,219
6278,219
6279,219
6280,219
6281,219
6282,219
6283,219
6284,219
6285,219
6286,219
6287,219
6288,219
6289,219
6290,219
6291,219
6292,219
6293,219
6294,219
6295,219
6296,219
6297,219
6298,219
6299,219
6300,219
6301,219
6302,219
6303,219
6304,219
6305,219
6306,219
6307,219
6308,219
6309,219
6310,219
6311,219
6312,219
6313,219
6314,219
6315,219
6316,220
6317,220
6318,220
6319,220
6320,220
6321,220
6322,220
6323,220
6324,220
6325,220
6326,220
6327,220
6328,220
6329,220
6330,220
6331,220
6332,220
6333,220
6334,220
6335,220
6336,220
6337,220
6338,220
6339,220
6340,220
6341,220
6342,220
6343,220
6344,220
6345,220
6346,220
6347,220
6348,220
6349,220
6350,220
6351,220
6352,220
6353,220
6354,220
6355,220
6356,220
6357,220
6358,220
6359,220
6360,220
6361,220
6362,220
6363,220
6364,220
6365,220
6366,220
6367,220
6368,220
6369,220
6370,220
6371,220
6372,220
6373,220
6374,220
6375,220
6376,220
6377,220
6378,221
6379,221
6380,220
6381,221
6382,221
6383,221
6384,221
6385,221
6386,221
6387,221
6388,221
6389,221
6390,221
6391,221
6392,221
6393,221
6394,221
6395,221
6396,221
6397,221
6398,221
6399,221
6400,221
6401,221
6402,221
6403,221
6404,221
6405,221
6406,221
6407,221
6408,221
6409,221
6410,221
6411,221
6412,221
6413,221
6414,221
6415,221
6416,221
6417,221
6418,221
6419,221
6420,221
6421,221
6422,221
6423,221
6424,221
6425,221
6426,221
6427,221
6428,221
6429,221
6430,221
6431,221
6432,221
6433,221
6434,221
6435,221
6436,221
6437,221
6438,221
6439,221
6440,221
6441,221
6442,221
6443,221
6444,221
6445,221
6446,221
6447,221
6448,222
6449,222
6450,222
6451,222
6452,222
6453,222
6454,222
6455,222
6456,222
6457,222
6458,222
6459,222
6460,222
6461,222
6462,222
6463,222
6464,222
6465,222
6466,222
6467,222
6468,222
6469,222
6470,222
6471,222
6472,222
6473,222
6474,222
6475,222
6476,222
6477,222
6478,222
6479,222
6480,222
6481,222
6482,222
6483,222
6484,222
6485,222
6486,222
6487,222
6488,222
6489,222
6490,222
6491,222
6492,222
6493,222
6494,222
6495,222
6496,222
6497,222
6498,222
6499,222
6500,222
6501,222
6502,222
6503,222
6504,222
6505,222
6506,222
6507,222
6508,222
6509,222
6510,222
6511,222
6512,223
6513,223
6514,223
6515,223
6516,223
6517,223
6518,223
6519,222
6520,222
6521,222
6522,223
6523,223
6524,223
6525,223
6526,223
6527,223
6528,223
6529,223
6530,223
6531,223
6532,223
6533,223
6534,223
6535,223
6536,223
6537,223
6538,223
6539,223
6540,223
6541,223
6542,223
6543,223
6544,223
6545,223
6546,223
6547,223
6548,223
6549,223
6550,223
6551,223
6552,223
6553,223
6554,223
6555,223
6556,223
6557,223
6558,223
6559,223
6560,223
6561,223
6562,223
6563,223
6564,223
6565,223
6566,223
6567,223
6568,223
6569,223
6570,223
6571,223
6572,223
6573,223
6574,223
6575,223
6576,223
6577,223
6578,223
6579,223
6580,223
6581,223
6582,223
6583,223
6584,223
6585,223
6586,223
6587,223
6588,223
6589,223
6590,223
6591,223
6592,223
6593,223
6594,223
6595,223
6596,223
6597,223
6598,223
6599,223
6600,223
6601,223
6602,223
6603,223
6604,223
6605,223
6606,223
6607,223
6608,223
6609,223
6610,223
6611,223
6612,223
6613,223
6614,223
6615,223
6616,223
6617,223
6618,223
6619,223
6620,223
6621,223
6622,223
6623,223
6624,223
6625,223
6626,223
6627,223
6628,223
6629,223
6630,223
6631,223
6632,223
6633,223
6634,224
6635,224
6636,224
6637,224
6638,224
6639,224
6640,224
6641,224
6642,224
6643,224
6644,224
6645,224
6646,224
6647,224
6648,224
6649,224
6650,224
6651,224
6652,224
6653,224
6654,224
6655,224
6656,224
6657,224
6658,224
6659,224
6660,224
6661,224
6662,224
6663,224
6664,224
6665,224
6666,224
6667,224
6668,224
6669,224
6670,224
6671,224
6672,224
6673,224
6674,224
6675,224
6676,224
6677,224
6678,224
6679,224
6680,224
6681,224
6682,224
6683,224
6684,224
6685,224
6686,225
6687,224
6688,225
6689,224
6690,225
6691,225
6692,225
6693,225
6694,225
6695,224
6696,225
6697,225
6698,224
6699,225
6700,225
6701,225
6702,225
6703,225
6704,225
6705,225
6706,225
6707,225
6708,225
6709,225
6710,225
6711,225
6712,225
6713,225
6714,225
6715,225
6716,225
6717,225
6718,225
6719,225
6720,225
6721,225
6722,225
6723,225
6724,225
6725,225
6726,225
6727,225
6728,225
6729,225
6730,225
6731,225
6732,225
6733,225
6734,225
6735,225
6736,225
6737,225
6738,225
6739,225
6740,225
6741,225
6742,225
6743,225
6744,225
6745,225
6746,225
6747,225
6748,225
6749,225
6750,225
6751,225
6752,225
6753,225
6754,225
6755,225
6756,225
6757,225
6758,225
6759,225
6760,225
6761,225
6762,225
6763,225
6764,225
6765,225
6766,225
6767,225
6768,225
6769,225
6770,225
6771,225
6772,225
6773,225
6774,225
6775,225
6776,225
6777,225
6778,225
6779,225
6780,225
6781,225
6782,225
6783,225
6784,225
6785,225
6786,225
6787,225
6788,225
6789,225
6790,225
6791,225
6792,225
6793,225
6794,225
6795,225
6796,225
6797,225
6798,225
6799,225
6800,225
6801,226
6802,226
6803,226
6804,226
6805,226
6806,226
6807,226
6808,226
6809,225
6810,226
6811,226
6812,226
6813,226
6814,226
6815,226
6816,226
6817,226
6818,226
6819,226
6820,226
6821,226
6822,226
6823,226
6824,226
6825,226
6826,226
6827,226
6828,226
6829,226
6830,226
6831,226
6832,226
6833,226
6834,226
6835,226
6836,226
6837,225
6838,225
6839,225
6840,225
6841,225
6842,225
6843,225
6844,225
6845,225
6846,225
6847,225
6848,225
6849,225
6850,225
6851,225
6852,226
6853,226
6854,226
6855,226
6856,226
6857,226
6858,226
6859,226
6860,226
6861,226
6862,226
6863,226
6864,226
6865,226
6866,226
6867,226
6868,226
6869,226
6870,226
6871,226
6872,226
6873,226
6874,226
6875,226
6876,226
6877,226
6878,226
6879,226
6880,226
6881,226
6882,226
6883,226
6884,226
6885,226
6886,226
6887,226
6888,226
6889,226
6890,226
6891,226
6892,226
6893,226
6894,226
6895,226
6896,226
6897,226
6898,226
6899,226
6900,226
6901,226
6902,226
6903,226
6904,226
6905,226
6906,226
6907,226
6908,226
6909,226
6910,226
6911,226
6912,226
6913,226
6914,226
6915,226
6916,226
6917,226
6918,226
6919,226
6920,226
6921,226
6922,226
6923,226
6924,226
6925,226
6926,226
6927,226
6928,226
6929,226
6930,226
6931,226
6932,226
6933,226
6934,226
6935,226
6936,226
6937,226
6938,226
6939,226
6940,226
6941,226
6942,226
6943,226
6944,226
6945,226
6946,226
6947,226
6948,226
6949,226
6950,226
6951,226
6952,226
6953,226
6954,226
6955,226
6956,226
6957,226
6958,226
6959,226
6960,226
6961,227
6962,227
6963,227
6964,227
6965,227
6966,227
6967,227
6968,227
6969,227
6970,227
6971,227
6972,227
6973,227
6974,227
6975,227
6976,227
6977,227
6978,227
6979,227
6980,227
6981,227
6982,227
6983,227
6984,227
6985,227
6986,227
6987,227
6988,227
6989,227
6990,227
6991,227
6992,227
6993,227
6994,227
6995,227
6996,227
6997,227
6998,227
6999,227
7000,227
7001,227
7002,227
7003,227
7004,227
7005,227
7006,227
7007,227
7008,227
7009,227
7010,227
7011,227
7012,227
7013,227
7014,227
7015,227
7016,227
7017,227
7018,227
7019,227
7020,228
7021,228
7022,228
7023,228
7024,228
7025,228
7026,228
7027,228
7028,228
7029,228
7030,228
7031,228
7032,228
7033,228
7034,228
7035,228
7036,228
7037,228
7038,228
7039,228
7040,228
7041,228
7042,228
7043,228
7044,228
7045,228
7046,228
7047,228
7048,228
7049,228
7050,228
7051,228
7052,228
7053,228
7054,228
7055,228
7056,228
7057,228
7058,228
7059,228
7060,228
7061,228
7062,228
7063,228
7064,228
7065,228
7066,228
7067,228
7068,228
7069,228
7070,228
7071,228
7072,228
7073,228
7074,228
7075,228
7076,228
7077,228
7078,228
7079,228
7080,229
7081,228
7082,228
7083,228
7084,228
7085,228
7086,228
7087,229
7088,229
7089,229
7090,229
7091,229
7092,229
7093,229
7094,229
7095,229
7096,229
7097,229
7098,229
7099,229
7100,229
7101,229
7102,229
7103,229
7104,229
7105,229
7106,229
7107,229
7108,229
7109,229
7110,229
7111,229
7112,229
7113,229
7114,229
7115,229
7116,229
7117,229
7118,229
7119,229
7120,229
7121,229
7122,229
7123,229
7124,229
7125,229
7126,229
7127,229
7128,229
7129,229
7130,229
7131,229
7132,229
7133,229
7134,229
7135,229
7136,229
7137,229
7138,229
7139,229
7140,229
7141,229
7142,229
7143,230
7144,230
7145,230
7146,230
7147,230
7148,230
7149,230
7150,230
7151,230
7152,230
7153,230
7154,230
7155,230
7156,230
7157,230
7158,230
7159,230
7160,230
7161,230
7162,230
7163,230
7164,230
7165,230
7166,230
7167,230
7168,230
7169,230
7170,230
7171,230
7172,230
7173,230
7174,230
7175,230
7176,230
7177,230
7178,230
7179,230
7180,230
7181,230
7182,230
7183,230
7184,230
7185,230
7186,230
7187,230
7188,230
7189,230
7190,230
7191,230
7192,230
7193,230
7194,230
7195,230
7196,230
7197,230
7198,230
7199,230
7200,230
7201,230
7202,230
7203,230
7204,230
7205,230
7206,230
7207,230
7208,230
7209,230
7210,230
7211,230
7212,230
7213,230
7214,230
7215,230
7216,230
7217,230
7218,231
7219,230
7220,230
7221,230
7222,230
7223,231
7224,231
7225,231
7226,231
7227,231
7228,231
7229,231
7230,231
7231,231
7232,231
7233,231
7234,231
7235,231
7236,231
7237,231
7238,231
7239,231
7240,231
7241,231
7242,231
7243,231
7244,231
7245,231
7246,231
7247,231
7248,231
7249,231
7250,231
7251,231
7252,231
7253,231
7254,231
7255,231
7256,231
7257,231
7258,231
7259,231
7260,231
7261,231
7262,231
7263,231
7264,231
7265,231
7266,231
7267,231
7268,231
7269,231
7270,231
7271,231
7272,231
7273,231
7274,231
7275,231
7276,231
7277,231
7278,231
7279,231
7280,231
7281,231
7282,231
7283,231
7284,231
7285,231
7286,231
7287,231
7288,231
7289,231
7290,231
7291,231
7292,231
7293,231
7294,231
7295,231
7296,231
7297,231
7298,231
7299,231
7300,231
7301,231
7302,231
7303,231
7304,231
7305,231
7306,231
7307,231
7308,231
7309,231
7310,231
7311,231
7312,231
7313,231
7314,231
7315,231
7316,231
7317,231
7318,231
7319,231
7320,231
7321,231
7322,231
7323,231
7324,231
7325,231
7326,231
7327,231
7328,231
7329,231
7330,231
7331,231
7332,231
7333,231
7334,231
7335,231
7336,231
7337,231
7338,231
7339,231
7340,231
7341,231
7342,231
7343,231
7344,231
7345,231
7346,231
7347,231
7348,231
7349,232
7350,232
7351,231
7352,231
7353,231
7354,231
7355,232
7356,232
7357,232
7358,232
7359,232
7360,232
7361,232
7362,232
7363,232
7364,232
7365,232
7366,232
7367,232
7368,232
7369,232
7370,232
7371,232
7372,232
7373,232
7374,232
7375,232
7376,232
7377,232
7378,232
7379,232
7380,232
7381,232
7382,232
7383,232
7384,232
7385,231
7386,231
7387,231
7388,231
7389,231
7390,231
7391,231
7392,232
7393,232
7394,232
7395,232
7396,232
7397,232
7398,232
7399,232
7400,232
7401,232
7402,232
7403,232
7404,232
7405,232
7406,232
7407,232
7408,232
7409,232
7410,232
7411,232
7412,232
7413,232
7414,232
7415,232
7416,232
7417,232
7418,232
7419,232
7420,232
7421,232
7422,232
7423,232
7424,232
7425,232
7426,232
7427,232
7428,232
7429,232
7430,232
7431,232
7432,232
7433,232
7434,232
7435,232
7436,232
7437,232
7438,232
7439,232
7440,232
7441,232
7442,232
7443,232
7444,232
7445,232
7446,232
7447,232
7448,232
7449,232
7450,232
7451,232
7452,232
7453,232
7454,232
7455,232
7456,232
7457,232
7458,232
7459,232
7460,232
7461,232
7462,232
7463,232
7464,232
7465,232
7466,232
7467,232
7468,232
7469,232
7470,232
7471,232
7472,232
7473,232
7474,232
7475,232
7476,232
7477,232
7478,232
7479,232
7480,232
7481,232
7482,232
7483,232
7484,232
7485,232
7486,232
7487,232
7488,232
7489,232
7490,232
7491,232
7492,232
7493,232
7494,232
7495,232
7496,232
7497,233
7498,233
7499,233
7500,233
7501,233
7502,233
7503,233
7504,233
7505,233
7506,233
7507,233
7508,233
7509,233
7510,233
7511,233
7512,233
7513,233
7514,233
7515,233
7516,233
7517,233
7518,233
7519,233
7520,233
7521,233
7522,233
7523,233
7524,233
7525,233
7526,233
7527,233
7528,233
7529,233
7530,233
7531,233
7532,233
7533,233
7534,233
7535,233
7536,233
7537,233
7538,233
7539,233
7540,233
7541,233
7542,233
7543,233
7544,233
7545,233
7546,233
7547,233
7548,233
7549,233
7550,233
7551,233
7552,233
7553,233
7554,233
7555,233
7556,233
7557,234
7558,234
7559,234
7560,234
7561,234
7562,234
7563,234
7564,234
7565,234
7566,234
7567,234
7568,234
7569,234
7570,234
7571,234
7572,234
7573,234
7574,234
7575,234
7576,234
7577,234
7578,234
7579,234
7580,234
7581,234
7582,234
7583,234
7584,234
7585,234
7586,234
7587,234
7588,234
7589,234
7590,234
7591,234
7592,234
7593,234
7594,234
7595,234
7596,234
7597,234
7598,234
7599,234
7600,234
7601,234
7602,234
7603,234
7604,234
7605,234
7606,234
7607,234
7608,234
7609,234
7610,234
7611,234
7612,234
7613,234
7614,234
7615,234
7616,234
7617,234
7618,234
7619,234
7620,234
7621,234
7622,234
7623,234
7624,234
7625,234
7626,234
7627,234
7628,234
7629,234
7630,234
7631,234
7632,234
7633,234
7634,234
7635,234
7636,234
7637,234
7638,234
7639,234
7640,234
7641,234
7642,234
7643,234
7644,234
7645,234
7646,234
7647,234
7648,234
7649,234
7650,234
7651,234
7652,234
7653,234
7654,234
7655,234
7656,234
7657,234
7658,234
7659,234
7660,234
7661,234
7662,234
7663,234
7664,234
7665,234
7666,234
7667,235
7668,235
7669,235
7670,235
7671,235
7672,235
7673,235
7674,235
7675,235
7676,235
7677,235
7678,235
7679,235
7680,235
7681,235
7682,235
7683,235
7684,235
7685,235
7686,235
7687,235
7688,235
7689,235
7690,235
7691,235
7692,235
7693,235
7694,235
7695,235
7696,235
7697,235
7698,235
7699,235
7700,235
7701,235
7702,235
7703,235
7704,235
7705,235
7706,235
7707,235
7708,235
7709,235
7710,235
7711,235
7712,235
7713,235
7714,235
7715,235
7716,235
7717,235
7718,235
7719,235
7720,235
7721,235
7722,235
7723,235
7724,235
7725,235
7726,235
7727,235
7728,235
7729,235
7730,235
7731,235
7732,235
7733,235
7734,235
7735,235
7736,235
7737,235
7738,235
7739,235
7740,235
7741,235
7742,235
7743,235
7744,235
7745,235
7746,235
7747,235
7748,235
7749,235
7750,235
7751,235
7752,235
7753,235
7754,235
7755,235
7756,235
7757,235
7758,235
7759,235
7760,235
7761,235
7762,235
7763,236
7764,236
7765,236
7766,236
7767,236
7768,236
7769,236
7770,236
7771,236
7772,236
7773,236
7774,236
7775,236
7776,236
7777,236
7778,236
7779,236
7780,236
7781,236
7782,236
7783,236
7784,236
7785,236
7786,236
7787,236
7788,236
7789,236
7790,236
7791,236
7792,236
7793,236
7794,236
7795,236
7796,236
7797,236
7798,236
7799,236
7800,236
7801,236
7802,236
7803,237
7804,237
7805,236
7806,236
7807,237
7808,237
7809,237
7810,237
7811,237
7812,237
7813,237
7814,237
7815,237
7816,237
7817,237
7818,237
7819,237
7820,237
7821,237
7822,237
7823,237
7824,237
7825,237
7826,237
7827,237
7828,237
7829,237
7830,237
7831,237
7832,237
7833,237
7834,237
7835,237
7836,236
7837,236
7838,236
7839,236
7840,236
7841,236
7842,236
7843,236
7844,236
7845,236
7846,236
7847,236
7848,236
7849,236
7850,236
7851,236
7852,236
7853,236
7854,236
7855,236
7856,236
7857,236
7858,236
7859,236
7860,236
7861,237
7862,237
7863,237
7864,237
7865,237
7866,237
7867,237
7868,237
7869,237
7870,237
7871,237
7872,237
7873,237
7874,237
7875,237
7876,237
7877,237
7878,237
7879,237
7880,237
7881,237
7882,237
7883,237
7884,237
7885,237
7886,237
7887,237
7888,237
7889,237
7890,237
7891,237
7892,237
7893,237
7894,237
7895,237
7896,237
7897,237
7898,237
7899,237
7900,237
7901,237
7902,237
7903,237
7904,237
7905,237
7906,237
7907,237
7908,237
7909,237
7910,237
7911,237
7912,237
7913,237
7914,237
7915,237
7916,237
7917,237
7918,237
7919,237
7920,237
7921,237
7922,237
7923,237
7924,237
7925,237
7926,237
7927,237
7928,237
7929,237
7930,237
7931,237
7932,237
7933,237
7934,237
7935,237
7936,237
7937,237
7938,237
7939,237
7940,237
7941,237
7942,237
7943,237
7944,237
7945,237
7946,237
7947,237
7948,237
7949,237
7950,237
7951,237
7952,237
7953,237
7954,237
7955,237
7956,237
7957,237
7958,237
7959,237
7960,237
7961,237
7962,237
7963,237
7964,237
7965,237
7966,237
7967,237
7968,237
7969,237
7970,237
7971,237
7972,237
7973,238
7974,238
7975,238
7976,238
7977,238
7978,238
7979,238
7980,238
7981,238
7982,238
7983,238
7984,238
7985,238
7986,238
7987,238
7988,238
7989,238
7990,238
7991,238
7992,238
7993,238
7994,238
7995,238
7996,238
7997,238
7998,238
7999,238
8000,238
8001,238
8002,238
8003,238
8004,238
8005,238
8006,238
8007,238
8008,238
8009,238
8010,238
8011,238
8012,238
8013,238
8014,238
8015,238
8016,238
8017,238
8018,238
8019,238
8020,238
8021,238
8022,238
8023,238
8024,238
8025,238
8026,238
8027,238
8028,238
8029,238
8030,238
8031,238
8032,238
8033,238
8034,238
8035,238
8036,238
8037,238
8038,238
8039,238
8040,238
8041,238
8042,238
8043,238
8044,238
8045,238
8046,238
8047,238
8048,238
8049,238
8050,238
8051,239
8052,239
8053,238
8054,239
8055,239
8056,238
8057,239
8058,239
8059,239
8060,239
8061,239
8062,239
8063,239
8064,239
8065,239
8066,239
8067,239
8068,239
8069,239
8070,239
8071,239
8072,238
8073,238
8074,238
8075,239
8076,239
8077,239
8078,239
8079,239
8080,239
8081,239
8082,239
8083,239
8084,239
8085,239
8086,239
8087,239
8088,239
8089,239
8090,239
8091,239
8092,239
8093,239
8094,239
8095,239
8096,239
8097,239
8098,239
8099,239
8100,239
8101,239
8102,239
8103,239
8104,239
8105,239
8106,239
8107,239
8108,239
8109,239
8110,239
8111,239
8112,239
8113,239
8114,239
8115,239
8116,239
8117,239
8118,239
8119,239
8120,239
8121,239
8122,239
8123,239
8124,239
8125,239
8126,239
8127,239
8128,239
8129,239
8130,239
8131,239
8132,239
8133,239
8134,239
8135,239
8136,239
8137,239
8138,239
8139,239
8140,239
8141,239
8142,239
8143,239
8144,239
8145,239
8146,239
8147,239
8148,239
8149,239
8150,239
8151,239
8152,239
8153,239
8154,239
8155,239
8156,239
8157,239
8158,239
8159,239
8160,239
8161,239
8162,239
8163,239
8164,239
8165,239
8166,239
8167,239
8168,240
8169,240
8170,240
8171,240
8172,240
8173,240
8174,240
8175,240
8176,240
8177,240
8178,240
8179,240
8180,240
8181,240
8182,240
8183,240
8184,240
8185,240
8186,240
8187,240
8188,240
8189,240
8190,240
8191,240
8192,240
8193,240
8194,240
8195,240
8196,240
8197,240
8198,240
8199,240
8200,240
8201,240
8202,240
8203,240
8204,240
8205,240
8206,240
8207,240
8208,240
8209,240
8210,240
8211,240
8212,240
8213,240
8214,240
8215,240
8216,240
8217,240
8218,240
8219,240
8220,240
8221,240
8222,240
8223,241
8224,241
8225,241
8226,241
8227,241
8228,241
8229,241
8230,241
8231,241
8232,241
8233,241
8234,241
8235,241
8236,241
8237,241
8238,241
8239,241
8240,241
8241,241
8242,241
8243,241
8244,241
8245,241
8246,241
8247,241
8248,241
8249,241
8250,241
8251,241
8252,241
8253,241
8254,241
8255,241
8256,241
8257,241
8258,241
8259,241
8260,241
8261,241
8262,241
8263,241
8264,241
8265,241
8266,241
8267,241
8268,241
8269,241
8270,241
8271,241
8272,241
8273,241
8274,241
8275,241
8276,241
8277,241
8278,241
8279,241
8280,241
8281,241
8282,241
8283,241
8284,241
8285,241
8286,241
8287,241
8288,241
8289,241
8290,241
8291,241
8292,241
8293,241
8294,241
8295,241
8296,241
8297,241
8298,241
8299,241
8300,241
8301,241
8302,241
8303,241
8304,242
8305,242
8306,242
8307,242
8308,242
8309,242
8310,242
8311,242
8312,242
8313,242
8314,242
8315,242
8316,242
8317,242
8318,242
8319,242
8320,242
8321,242
8322,242
8323,242
8324,242
8325,242
8326,242
8327,242
8328,242
8329,242
8330,242
8331,242
8332,242
8333,242
8334,243
8335,243
8336,243
8337,242
8338,243
8339,243
8340,242
8341,243
8342,243
8343,243
8344,243
8345,243
8346,243
8347,243
8348,243
8349,243
8350,243
8351,243
8352,243
8353,243
8354,243
8355,243
8356,243
8357,243
8358,243
8359,243
8360,243
8361,243
8362,243
8363,243
8364,243
8365,243
8366,243
8367,243
8368,243
8369,243
8370,243
8371,243
8372,243
8373,243
8374,243
8375,243
8376,243
8377,243
8378,243
8379,243
8380,243
8381,243
8382,243
8383,243
8384,243
8385,243
8386,243
8387,243
8388,243
8389,243
8390,243
8391,243
8392,243
8393,243
8394,243
8395,243
8396,243
8397,243
8398,243
8399,243
8400,243
8401,243
8402,243
8403,243
8404,243
8405,243
8406,243
8407,244
8408,244
8409,243
8410,243
8411,244
8412,244
8413,244
8414,244
8415,244
8416,244
8417,244
8418,244
8419,244
8420,244
8421,244
8422,244
8423,244
8424,244
8425,244
8426,244
8427,244
8428,244
8429,244
8430,244
8431,244
8432,244
8433,244
8434,244
8435,244
8436,244
8437,244
8438,244
8439,244
8440,244
8441,244
8442,244
8443,244
8444,244
8445,244
8446,244
8447,244
8448,244
8449,244
8450,244
8451,244
8452,244
8453,244
8454,244
8455,244
8456,244
8457,244
8458,244
8459,244
8460,244
8461,244
8462,244
8463,244
8464,244
8465,244
8466,244
8467,244
8468,244
8469,244
8470,244
8471,244
8472,245
8473,244
8474,245
8475,245
8476,245
8477,245
8478,245
8479,245
8480,244
8481,245
8482,245
8483,245
8484,245
8485,245
8486,245
8487,245
8488,245
8489,245
8490,245
8491,245
8492,245
8493,245
8494,245
8495,245
8496,245
8497,245
8498,245
8499,245
8500,245
8501,245
8502,245
8503,245
8504,245
8505,245
8506,245
8507,245
8508,245
8509,245
8510,245
8511,245
8512,245
8513,245
8514,245
8515,245
8516,245
8517,245
8518,245
8519,245
8520,245
8521,245
8522,245
8523,245
8524,246
8525,246
8526,246
8527,246
8528,246
8529,246
8530,246
8531,246
8532,246
8533,246
8534,246
8535,246
8536,246
8537,246
8538,246
8539,246
8540,246
8541,246
8542,246
8543,246
8544,246
8545,246
8546,246
8547,246
8548,246
8549,246
8550,246
8551,246
8552,246
8553,246
8554,246
8555,246
8556,246
8557,246
8558,246
8559,246
8560,246
8561,246
8562,246
8563,246
8564,246
8565,246
8566,246
8567,246
8568,246
8569,246
8570,246
8571,246
8572,246
8573,246
8574,246
8575,246
8576,246
8577,246
8578,246
8579,246
8580,246
8581,246
8582,246
8583,246
8584,247
8585,247
8586,247
8587,247
8588,247
8589,247
8590,247
8591,247
8592,247
8593,247
8594,247
8595,247
8596,247
8597,247
8598,247
8599,247
8600,247
8601,247
8602,247
8603,247
8604,247
8605,247
8606,247
8607,247
8608,247
8609,247
8610,247
8611,247
8612,247
8613,247
8614,247
8615,247
8616,247
8617,247
8618,247
8619,247
8620,247
8621,247
8622,247
8623,247
8624,247
8625,247
8626,247
8627,247
8628,248
8629,248
8630,248
8631,248
8632,247
8633,248
8634,248
8635,248
8636,247
8637,247
8638,247
8639,248
8640,248
8641,248
8642,248
8643,248
8644,248
8645,248
8646,248
8647,248
8648,248
8649,248
8650,248
8651,248
8652,248
8653,248
8654,248
8655,248
8656,248
8657,248
8658,248
8659,248
8660,248
8661,248
8662,248
8663,248
8664,248
8665,248
8666,248
8667,248
8668,248
8669,248
8670,248
8671,248
8672,248
8673,248
8674,248
8675,248
8676,248
8677,248
8678,248
8679,248
8680,248
8681,248
8682,248
8683,248
8684,248
8685,248
8686,248
8687,248
8688,248
8689,248
8690,248
8691,248
8692,248
8693,248
8694,248
8695,248
8696,248
8697,248
8698,248
8699,248
8700,248
8701,248
8702,248
8703,248
8704,248
8705,248
8706,248
8707,248
8708,248
8709,248
8710,248
8711,248
8712,248
8713,248
8714,248
8715,248
8716,248
8717,248
8718,248
8719,248
8720,248
8721,248
8722,248
8723,248
8724,248
8725,248
8726,248
8727,248
8728,248
8729,248
8730,248
8731,248
8732,248
8733,248
8734,248
8735,248
8736,249
8737,249
8738,249
8739,249
8740,249
8741,249
8742,249
8743,249
8744,249
8745,249
8746,249
8747,249
8748,249
8749,249
8750,249
8751,249
8752,249
8753,249
8754,249
8755,249
8756,249
8757,249
8758,249
8759,249
8760,249
8761,249
8762,249
8763,249
8764,249
8765,249
8766,249
8767,249
8768,249
8769,249
8770,249
8771,249
8772,249
8773,249
8774,249
8775,249
8776,249
8777,249
8778,249
8779,249
8780,249
8781,249
8782,249
8783,249
8784,249
8785,249
8786,249
8787,249
8788,249
8789,249
8790,249
8791,249
8792,249
8793,249
8794,249
8795,249
8796,249
8797,249
8798,249
8799,249
8800,249
8801,249
8802,249
8803,249
8804,249
8805,249
8806,249
8807,249
8808,249
8809,249
8810,249
8811,249
8812,249
8813,249
8814,249
8815,249
8816,249
8817,249
8818,249
8819,249
8820,249
8821,249
8822,249
8823,249
8824,249
8825,249
8826,249
8827,249
8828,249
8829,249
8830,249
8831,249
8832,249
8833,249
8834,249
8835,249
8836,249
8837,249
8838,249
8839,249
8840,249
8841,249
8842,250
8843,250
8844,250
8845,250
8846,249
8847,249
8848,249
8849,249
8850,249
8851,249
8852,249
8853,250
8854,250
8855,250
8856,250
8857,250
8858,250
8859,250
8860,250
8861,250
8862,250
8863,250
8864,250
8865,250
8866,250
8867,250
8868,250
8869,250
8870,250
8871,250
8872,250
8873,250
8874,250
8875,250
8876,250
8877,250
8878,250
8879,250
8880,250
8881,250
8882,250
8883,250
8884,250
8885,250
8886,250
8887,250
8888,250
8889,250
8890,250
8891,250
8892,250
8893,250
8894,250
8895,250
8896,250
8897,250
8898,250
8899,250
8900,250
8901,250
8902,250
8903,250
8904,250
8905,250
8906,250
8907,250
8908,250
8909,250
8910,250
8911,250
8912,250
8913,250
8914,250
8915,250
8916,250
8917,250
8918,250
8919,250
8920,250
8921,250
8922,250
8923,250
8924,250
8925,250
8926,250
8927,251
8928,251
8929,251
8930,251
8931,251
8932,251
8933,251
8934,251
8935,251
8936,251
8937,250
8938,250
8939,250
8940,250
8941,250
8942,250
8943,250
8944,250
8945,250
8946,250
8947,250
8948,250
8949,250
8950,250
8951,250
8952,250
8953,251
8954,251
8955,251
8956,251
8957,251
8958,251
8959,251
8960,251
8961,251
8962,251
8963,251
8964,251
8965,251
8966,251
8967,251
8968,251
8969,251
8970,251
8971,251
8972,251
8973,251
8974,251
8975,251
8976,251
8977,251
8978,251
8979,251
8980,251
8981,251
8982,251
8983,251
8984,251
8985,251
8986,251
8987,251
8988,251
8989,251
8990,251
8991,251
8992,251
8993,251
8994,251
8995,251
8996,251
8997,251
8998,251
8999,251
9000,251
9001,251
9002,251
9003,251
9004,251
9005,251
9006,251
9007,251
9008,251
9009,251
9010,251
9011,251
9012,251
9013,251
9014,251
9015,251
9016,252
9017,252
9018,252
9019,252
9020,252
9021,252
9022,252
9023,252
9024,252
9025,252
9026,252
9027,252
9028,252
9029,252
9030,252
9031,252
9032,252
9033,252
9034,252
9035,252
9036,252
9037,252
9038,252
9039,252
9040,252
9041,252
9042,252
9043,252
9044,252
9045,252
9046,252
9047,252
9048,252
9049,252
9050,252
9051,252
9052,252
9053,252
9054,252
9055,252
9056,252
9057,252
9058,252
9059,252
9060,252
9061,252
9062,252
9063,252
9064,252
9065,252
9066,252
9067,252
9068,252
9069,252
9070,252
9071,252
9072,252
9073,252
9074,252
9075,252
9076,252
9077,252
9078,252
9079,252
9080,252
9081,252
9082,252
9083,252
9084,252
9085,252
9086,252
9087,252
9088,252
9089,252
9090,252
9091,252
9092,252
9093,252
9094,252
9095,252
9096,252
9097,252
9098,252
9099,252
9100,252
9101,252
9102,252
9103,252
9104,252
9105,252
9106,252
9107,252
9108,252
9109,252
9110,252
9111,252
9112,252
9113,252
9114,252
9115,252
9116,252
9117,252
9118,252
9119,252
9120,252
9121,252
9122,252
9123,252
9124,252
9125,252
9126,252
9127,252
9128,252
9129,252
9130,252
9131,252
9132,252
9133,252
9134,252
9135,252
9136,252
9137,252
9138,252
9139,252
9140,252
9141,252
9142,252
9143,252
9144,252
9145,252
9146,252
9147,252
9148,252
9149,252
9150,252
9151,252
9152,252
9153,252
9154,252
9155,252
9156,252
9157,252
9158,252
9159,252
9160,252
9161,252
9162,252
9163,252
9164,252
9165,252
9166,252
9167,252
9168,252
9169,252
9170,252
9171,252
9172,252
9173,253
9174,252
9175,252
9176,253
9177,253
9178,252
9179,252
9180,252
9181,252
9182,252
9183,252
9184,252
9185,252
9186,252
9187,252
9188,252
9189,252
9190,252
9191,252
9192,252
9193,253
9194,253
9195,253
9196,252
9197,252
9198,252
9199,252
9200,252
9201,252
9202,252
9203,252
9204,252
9205,252
9206,252
9207,252
9208,252
9209,252
9210,252
9211,252
9212,252
9213,253
9214,253
9215,253
9216,253
9217,253
9218,253
9219,252
9220,252
9221,252
9222,253
9223,252
9224,252
9225,253
9226,253
9227,253
9228,253
9229,252
9230,253
9231,253
9232,252
9233,253
9234,253
9235,253
9236,253
9237,253
9238,253
9239,253
9240,253
9241,253
9242,253
9243,253
9244,253
9245,253
9246,253
9247,253
9248,253
9249,253
9250,253
9251,253
9252,253
9253,253
9254,253
9255,253
9256,253
9257,253
9258,253
9259,253
9260,253
9261,253
9262,253
9263,253
9264,253
9265,253
9266,253
9267,253
9268,253
9269,253
9270,253
9271,253
9272,253
9273,253
9274,253
9275,253
9276,253
9277,253
9278,253
9279,253
9280,253
9281,253
9282,253
9283,253
9284,253
9285,253
9286,253
9287,253
9288,253
9289,253
9290,253
9291,253
9292,253
9293,253
9294,253
9295,253
9296,253
9297,253
9298,253
9299,253
9300,253
9301,253
9302,253
9303,253
9304,253
9305,253
9306,253
9307,253
9308,253
9309,253
9310,253
9311,253
9312,253
9313,253
9314,253
9315,253
9316,253
9317,253
9318,253
9319,253
9320,253
9321,253
9322,253
9323,253
9324,253
9325,253
9326,253
9327,253
9328,253
9329,253
9330,253
9331,253
9332,253
9333,253
9334,253
9335,253
9336,253
9337,253
9338,253
9339,253
9340,253
9341,253
9342,253
9343,253
9344,253
9345,253
9346,254
9347,254
9348,254
9349,254
9350,254
9351,254
9352,254
9353,254
9354,254
9355,254
9356,254
9357,254
9358,254
9359,254
9360,254
9361,254
9362,254
9363,254
9364,254
9365,254
9366,254
9367,254
9368,254
9369,254
9370,254
9371,254
9372,254
9373,254
9374,254
9375,254
9376,254
9377,254
9378,254
9379,254
9380,254
9381,254
9382,254
9383,254
9384,254
9385,254
9386,254
9387,254
9388,254
9389,254
9390,254
9391,254
9392,254
9393,254
9394,254
9395,254
9396,254
9397,254
9398,254
9399,254
9400,254
9401,254
9402,254
9403,254
9404,254
9405,254
9406,254
9407,254
9408,254
9409,254
9410,254
9411,254
9412,254
9413,254
9414,254
9415,254
9416,254
9417,254
9418,254
9419,254
9420,254
9421,254
9422,254
9423,254
9424,254
9425,254
9426,254
9427,254
9428,254
9429,254
9430,254
9431,254
9432,254
9433,254
9434,254
9435,254
9436,254
9437,255
9438,255
9439,255
9440,255
9441,255
9442,255
9443,255
9444,255
9445,255
9446,255
9447,255
9448,255
9449,255
9450,255
9451,255
9452,255
9453,255
9454,255
9455,255
9456,255
9457,255
9458,255
9459,255
9460,255
9461,255
9462,255
9463,255
9464,255
9465,255
9466,255
9467,255
9468,255
9469,255
9470,255
9471,255
9472,255
9473,255
9474,255
9475,255
9476,255
9477,255
9478,255
9479,255
9480,255
9481,256
9482,256
9483,256
9484,256
9485,255
9486,256
9487,256
9488,256
9489,256
9490,256
9491,256
9492,256
9493,256
9494,256
9495,255
9496,256
9497,256
9498,256
9499,256
9500,256
9501,255
9502,256
9503,256
9504,256
9505,256
9506,256
9507,256
9508,256
9509,256
9510,256
9511,256
9512,256
9513,256
9514,256
9515,256
9516,256
9517,256
9518,256
9519,256
9520,256
9521,256
9522,256
9523,256
9524,256
9525,256
9526,256
9527,256
9528,256
9529,256
9530,256
9531,256
9532,256
9533,256
9534,256
9535,256
9536,256
9537,256
9538,256
9539,256
9540,256
9541,256
9542,256
9543,256
9544,256
9545,256
9546,256
9547,256
9548,256
9549,256
9550,256
9551,256
9552,256
9553,256
9554,256
9555,256
9556,256
9557,256
9558,256
9559,256
9560,257
9561,257
9562,257
9563,257
9564,256
9565,256
9566,256
9567,256
9568,256
9569,256
9570,256
9571,256
9572,256
9573,256
9574,256
9575,256
9576,256
9577,256
9578,257
9579,257
9580,257
9581,257
9582,257
9583,257
9584,257
9585,257
9586,257
9587,257
9588,257
9589,257
9590,257
9591,257
9592,257
9593,257
9594,257
9595,257
9596,257
9597,257
9598,257
9599,257
9600,257
9601,257
9602,257
9603,257
9604,257
9605,257
9606,257
9607,257
9608,257
9609,257
9610,257
9611,257
9612,257
9613,257
9614,257
9615,257
9616,257
9617,257
9618,257
9619,257
9620,257
9621,257
9622,257
9623,257
9624,257
9625,258
9626,258
9627,257
9628,258
9629,258
9630,257
9631,258
9632,258
9633,258
9634,258
9635,258
9636,258
9637,258
9638,258
9639,258
9640,258
9641,258
9642,258
9643,258
9644,258
9645,258
9646,258
9647,258
9648,258
9649,258
9650,258
9651,258
9652,258
9653,258
9654,258
9655,258
9656,258
9657,258
9658,258
9659,258
9660,258
9661,258
9662,258
9663,258
9664,258
9665,258
9666,258
9667,258
9668,258
9669,258
9670,258
9671,258
9672,258
9673,258
9674,258
9675,258
9676,258
9677,258
9678,258
9679,258
9680,258
9681,258
9682,258
9683,258
9684,258
9685,258
9686,258
9687,258
9688,258
9689,258
9690,258
9691,258
9692,258
9693,258
9694,258
9695,258
9696,258
9697,258
9698,258
9699,258
9700,258
9701,258
9702,258
9703,258
9704,258
9705,258
9706,258
9707,258
9708,258
9709,258
9710,258
9711,258
9712,258
9713,258
9714,258
9715,258
9716,258
9717,258
9718,258
9719,258
9720,258
9721,258
9722,258
9723,258
9724,258
9725,258
9726,259
9727,259
9728,259
9729,259
9730,259
9731,258
9732,258
9733,259
9734,259
9735,259
9736,258
9737,259
9738,259
9739,258
9740,258
9741,259
9742,259
9743,259
9744,259
9745,259
9746,259
9747,259
9748,259
9749,259
9750,259
9751,259
9752,259
9753,259
9754,259
9755,259
9756,259
9757,259
9758,259
9759,259
9760,259
9761,259
9762,259
9763,259
9764,259
9765,259
9766,259
9767,259
9768,259
9769,259
9770,259
9771,259
9772,259
9773,259
9774,259
9775,259
9776,259
9777,259
9778,259
9779,259
9780,260
9781,260
9782,260
9783,260
9784,260
9785,260
9786,260
9787,260
9788,260
9789,260
9790,260
9791,260
9792,260
9793,260
9794,260
9795,260
9796,260
9797,260
9798,260
9799,260
9800,260
9801,260
9802,260
9803,260
9804,260
9805,260
9806,260
9807,260
9808,260
9809,260
9810,260
9811,260
9812,260
9813,260
9814,260
9815,260
9816,260
9817,260
9818,260
9819,260
9820,260
9821,260
9822,260
9823,260
9824,260
9825,260
9826,260
9827,260
9828,260
9829,260
9830,260
9831,260
9832,260
9833,260
9834,260
9835,260
9836,260
9837,260
9838,260
9839,260
9840,260
9841,260
9842,260
9843,260
9844,260
9845,260
9846,260
9847,260
9848,260
9849,260
9850,260
9851,261
9852,261
9853,261
9854,261
9855,261
9856,261
9857,261
9858,261
9859,261
9860,261
9861,261
9862,261
9863,261
9864,261
9865,261
9866,261
9867,261
9868,261
9869,261
9870,261
9871,261
9872,261
9873,261
9874,261
9875,261
9876,261
9877,261
9878,261
9879,261
9880,261
9881,261
9882,261
9883,261
9884,261
9885,261
9886,261
9887,261
9888,261
9889,261
9890,261
9891,261
9892,261
9893,261
9894,261
9895,261
9896,261
9897,261
9898,261
9899,261
9900,261
9901,261
9902,261
9903,261
9904,261
9905,261
9906,261
9907,261
9908,261
9909,261
9910,261
9911,261
9912,261
9913,261
9914,261
9915,261
9916,261
9917,261
9918,261
9919,262
9920,262
9921,262
9922,262
9923,261
9924,261
9925,261
9926,262
9927,262
9928,262
9929,262
9930,261
9931,262
9932,262
9933,262
9934,262
9935,262
9936,262
9937,262
9938,262
9939,262
9940,262
9941,262
9942,262
9943,262
9944,262
9945,262
9946,262
9947,262
9948,262
9949,262
9950,262
9951,262
9952,262
9953,262
9954,262
9955,262
9956,262
9957,262
9958,262
9959,262
9960,262
9961,262
9962,262
9963,262
9964,262
9965,262
9966,262
9967,262
9968,262
9969,262
9970,262
9971,262
9972,262
9973,262
9974,262
9975,262
9976,262
9977,262
9978,262
9979,262
9980,262
9981,262
9982,262
9983,262
9984,262
9985,262
9986,262
9987,262
9988,262
9989,262
9990,262
9991,262
9992,262
9993,262
9994,262
9995,262
9996,262
9997,262
9998,262
9999,262
