0,149
1,149
2,149
3,149
4,149
5,149
6,149
7,149
8,149
9,149
10,149
11,150
12,150
13,150
14,150
15,150
16,150
17,150
18,150
19,150
20,150
21,150
22,150
23,150
24,150
25,150
26,150
27,150
28,150
29,150
30,150
31,150
32,150
33,150
34,150
35,150
36,150
37,150
38,150
39,150
40,150
41,150
42,150
43,150
44,150
45,150
46,150
47,150
48,150
49,150
50,150
51,150
52,150
53,150
54,150
55,150
56,150
57,150
58,150
59,150
60,150
61,150
62,150
63,150
64,150
65,150
66,150
67,150
68,150
69,150
70,150
71,150
72,150
73,150
74,150
75,150
76,150
77,150
78,150
79,150
80,150
81,150
82,150
83,150
84,150
85,150
86,150
87,150
88,150
89,150
90,150
91,150
92,150
93,150
94,150
95,150
96,150
97,150
98,150
99,150
100,150
101,150
102,150
103,150
104,150
105,150
106,150
107,150
108,150
109,150
110,151
111,151
112,151
113,151
114,150
115,151
116,151
117,151
118,151
119,151
120,151
121,151
122,151
123,151
124,151
125,151
126,151
127,151
128,151
129,151
130,151
131,151
132,151
133,151
134,151
135,151
136,151
137,151
138,151
139,151
140,151
141,151
142,151
143,151
144,151
145,151
146,151
147,151
148,151
149,151
150,151
151,151
152,151
153,151
154,151
155,151
156,151
157,151
158,151
159,151
160,151
161,151
162,151
163,151
164,151
165,151
166,151
167,151
168,151
169,151
170,151
171,151
172,151
173,151
174,151
175,151
176,151
177,151
178,151
179,151
180,151
181,151
182,151
183,151
184,151
185,151
186,151
187,151
188,151
189,151
190,151
191,151
192,151
193,151
194,151
195,151
196,151
197,151
198,151
199,151
200,151
201,151
202,151
203,151
204,151
205,151
206,151
207,151
208,151
209,151
210,151
211,151
212,151
213,151
214,151
215,151
216,151
217,151
218,151
219,151
220,151
221,151
222,151
223,151
224,151
225,151
226,151
227,151
228,151
229,151
230,151
231,152
232,152
233,152
234,152
235,152
236,152
237,152
238,152
239,152
240,152
241,152
242,152
243,152
244,152
245,152
246,152
247,152
248,152
249,152
250,152
251,152
252,152
253,152
254,152
255,152
256,152
257,152
258,152
259,152
260,152
261,152
262,152
263,152
264,152
265,152
266,152
267,152
268,152
269,152
270,152
271,152
272,152
273,152
274,152
275,152
276,152
277,152
278,153
279,153
280,153
281,153
282,153
283,153
284,153
285,153
286,152
287,153
288,153
289,153
290,152
291,152
292,152
293,152
294,152
295,152
296,152
297,152
298,152
299,152
300,152
301,152
302,152
303,152
304,152
305,152
306,152
307,152
308,152
309,152
310,152
311,152
312,152
313,152
314,152
315,152
316,152
317,152
318,152
319,152
320,152
321,152
322,152
323,152
324,152
325,152
326,152
327,152
328,152
329,153
330,152
331,152
332,152
333,153
334,153
335,153
336,153
337,152
338,152
339,153
340,153
341,153
342,153
343,153
344,153
345,153
346,153
347,153
348,153
349,153
350,153
351,153
352,153
353,153
354,153
355,153
356,153
357,153
358,153
359,153
360,153
361,153
362,152
363,152
364,152
365,152
366,152
367,152
368,152
369,152
370,152
371,152
372,153
373,152
374,152
375,152
376,152
377,152
378,152
379,153
380,153
381,152
382,152
383,152
384,152
385,152
386,152
387,152
388,153
389,153
390,153
391,153
392,153
393,153
394,153
395,153
396,153
397,153
398,153
399,153
400,153
401,153
402,153
403,153
404,153
405,153
406,153
407,153
408,153
409,153
410,153
411,153
412,153
413,153
414,153
415,153
416,153
417,153
418,153
419,153
420,153
421,153
422,153
423,153
424,153
425,153
426,153
427,153
428,153
429,153
430,153
431,153
432,153
433,153
434,153
435,153
436,153
437,153
438,153
439,153
440,153
441,153
442,153
443,153
444,153
445,153
446,153
447,153
448,153
449,153
450,153
451,153
452,153
453,153
454,153
455,153
456,153
457,153
458,153
459,153
460,153
461,153
462,153
463,153
464,153
465,153
466,153
467,153
468,153
469,153
470,153
471,153
472,153
473,154
474,154
475,154
476,154
477,154
478,154
479,154
480,154
481,154
482,154
483,154
484,154
485,153
486,154
487,154
488,154
489,154
490,153
491,153
492,153
493,153
494,154
495,154
496,154
497,153
498,154
499,154
500,154
501,154
502,154
503,154
504,154
505,154
506,154
507,154
508,154
509,154
510,154
511,154
512,154
513,154
514,154
515,154
516,154
517,154
518,154
519,154
520,154
521,154
522,154
523,154
524,154
525,154
526,154
527,154
528,154
529,154
530,154
531,154
532,154
533,154
534,154
535,154
536,154
537,154
538,154
539,154
540,154
541,154
542,154
543,154
544,154
545,154
546,154
547,154
548,154
549,155
550,154
551,155
552,155
553,155
554,155
555,155
556,155
557,155
558,155
559,155
560,155
561,155
562,155
563,155
564,155
565,155
566,155
567,155
568,155
569,155
570,155
571,155
572,155
573,155
574,155
575,155
576,155
577,155
578,155
579,155
580,155
581,155
582,155
583,155
584,155
585,155
586,155
587,155
588,155
589,155
590,155
591,155
592,155
593,155
594,155
595,155
596,155
597,155
598,155
599,155
600,155
601,155
602,155
603,155
604,155
605,155
606,155
607,155
608,155
609,155
610,155
611,155
612,155
613,155
614,155
615,155
616,155
617,155
618,155
619,155
620,155
621,155
622,155
623,155
624,155
625,156
626,156
627,156
628,156
629,156
630,156
631,156
632,156
633,156
634,156
635,156
636,156
637,156
638,156
639,156
640,156
641,156
642,156
643,156
644,156
645,156
646,156
647,156
648,156
649,156
650,156
651,156
652,156
653,156
654,156
655,156
656,156
657,156
658,156
659,156
660,156
661,156
662,156
663,156
664,156
665,156
666,156
667,156
668,156
669,156
670,156
671,156
672,156
673,156
674,156
675,156
676,156
677,156
678,156
679,156
680,156
681,156
682,156
683,156
684,157
685,156
686,156
687,156
688,156
689,157
690,157
691,157
692,157
693,157
694,157
695,157
696,157
697,157
698,157
699,157
700,157
701,157
702,157
703,157
704,157
705,157
706,157
707,157
708,157
709,157
710,157
711,157
712,157
713,157
714,157
715,157
716,157
717,157
718,157
719,157
720,157
721,157
722,157
723,157
724,157
725,157
726,157
727,157
728,157
729,157
730,157
731,157
732,157
733,157
734,157
735,157
736,157
737,157
738,157
739,157
740,157
741,157
742,157
743,157
744,157
745,157
746,157
747,157
748,157
749,157
750,157
751,157
752,157
753,157
754,157
755,157
756,157
757,157
758,157
759,157
760,157
761,157
762,157
763,157
764,157
765,157
766,157
767,157
768,157
769,157
770,157
771,157
772,157
773,157
774,157
775,157
776,157
777,157
778,158
779,157
780,157
781,158
782,157
783,158
784,158
785,158
786,158
787,158
788,158
789,158
790,158
791,158
792,158
793,158
794,158
795,158
796,158
797,158
798,158
799,158
800,158
801,158
802,158
803,158
804,158
805,158
806,158
807,158
808,158
809,158
810,158
811,158
812,158
813,158
814,158
815,158
816,158
817,158
818,158
819,158
820,158
821,158
822,158
823,158
824,158
825,158
826,158
827,158
828,158
829,158
830,158
831,158
832,158
833,158
834,158
835,158
836,158
837,158
838,158
839,158
840,158
841,158
842,158
843,158
844,158
845,158
846,158
847,158
848,158
849,158
850,158
851,158
852,158
853,158
854,158
855,158
856,158
857,158
858,158
859,159
860,159
861,159
862,159
863,159
864,159
865,159
866,159
867,159
868,159
869,159
870,159
871,159
872,159
873,159
874,159
875,159
876,159
877,159
878,158
879,158
880,158
881,158
882,159
883,158
884,159
885,159
886,159
887,159
888,159
889,159
890,159
891,159
892,159
893,159
894,159
895,159
896,159
897,159
898,159
899,159
900,159
901,159
902,159
903,159
904,159
905,159
906,159
907,159
908,159
909,159
910,159
911,159
912,159
913,159
914,159
915,159
916,159
917,159
918,159
919,159
920,159
921,159
922,159
923,159
924,159
925,159
926,159
927,159
928,159
929,159
930,159
931,159
932,159
933,159
934,159
935,159
936,159
937,159
938,159
939,159
940,159
941,159
942,159
943,159
944,159
945,159
946,159
947,159
948,159
949,159
950,159
951,159
952,159
953,159
954,159
955,159
956,159
957,159
958,159
959,159
960,159
961,159
962,159
963,159
964,159
965,159
966,159
967,159
968,159
969,159
970,159
971,159
972,159
973,159
974,159
975,159
976,159
977,159
978,159
979,159
980,159
981,159
982,159
983,159
984,159
985,159
986,159
987,159
988,159
989,159
990,159
991,159
992,159
993,159
994,159
995,159
996,159
997,159
998,159
999,159
1000,159
1001,159
1002,159
1003,159
1004,159
1005,159
1006,159
1007,159
1008,159
1009,159
1010,159
1011,159
1012,159
1013,159
1014,159
1015,159
1016,159
1017,159
1018,159
1019,159
1020,159
1021,159
1022,159
1023,159
1024,159
1025,159
1026,160
1027,160
1028,159
1029,160
1030,160
1031,160
1032,160
1033,160
1034,160
1035,160
1036,160
1037,160
1038,160
1039,160
1040,160
1041,160
1042,160
1043,160
1044,160
1045,160
1046,160
1047,160
1048,160
1049,160
1050,160
1051,160
1052,160
1053,160
1054,160
1055,160
1056,160
1057,160
1058,160
1059,160
1060,160
1061,160
1062,160
1063,160
1064,160
1065,160
1066,160
1067,160
1068,160
1069,160
1070,160
1071,160
1072,160
1073,160
1074,160
1075,160
1076,160
1077,160
1078,160
1079,160
1080,160
1081,160
1082,160
1083,160
1084,160
1085,160
1086,160
1087,160
1088,160
1089,160
1090,160
1091,160
1092,160
1093,160
1094,160
1095,160
1096,160
1097,160
1098,160
1099,160
1100,160
1101,160
1102,160
1103,161
1104,161
1105,161
1106,161
1107,161
1108,161
1109,161
1110,161
1111,161
1112,161
1113,161
1114,161
1115,161
1116,161
1117,161
1118,161
1119,161
1120,161
1121,161
1122,161
1123,161
1124,161
1125,161
1126,161
1127,161
1128,161
1129,161
1130,161
1131,161
1132,161
1133,161
1134,161
1135,161
1136,161
1137,161
1138,161
1139,161
1140,161
1141,161
1142,161
1143,161
1144,161
1145,161
1146,161
1147,161
1148,161
1149,161
1150,161
1151,161
1152,161
1153,161
1154,161
1155,161
1156,161
1157,161
1158,161
1159,161
1160,161
1161,161
1162,161
1163,161
1164,161
1165,161
1166,161
1167,161
1168,161
1169,161
1170,161
1171,161
1172,161
1173,161
1174,162
1175,162
1176,162
1177,162
1178,162
1179,162
1180,162
1181,162
1182,162
1183,162
1184,162
1185,162
1186,162
1187,162
1188,162
1189,162
1190,162
1191,162
1192,162
1193,162
1194,162
1195,162
1196,162
1197,162
1198,162
1199,162
1200,162
1201,162
1202,162
1203,162
1204,162
1205,162
1206,162
1207,162
1208,162
1209,162
1210,162
1211,162
1212,162
1213,162
1214,162
1215,162
1216,162
1217,162
1218,162
1219,162
1220,162
1221,162
1222,162
1223,162
1224,162
1225,162
1226,162
1227,162
1228,162
1229,162
1230,162
1231,162
1232,162
1233,162
1234,162
1235,162
1236,162
1237,162
1238,162
1239,162
1240,162
1241,162
1242,162
1243,162
1244,162
1245,162
1246,162
1247,162
1248,162
1249,162
1250,162
1251,162
1252,163
1253,163
1254,163
1255,163
1256,163
1257,162
1258,162
1259,162
1260,163
1261,163
1262,163
1263,163
1264,162
1265,163
1266,162
1267,163
1268,162
1269,163
1270,163
1271,163
1272,163
1273,163
1274,163
1275,163
1276,163
1277,163
1278,163
1279,163
1280,163
1281,163
1282,163
1283,163
1284,163
1285,163
1286,163
1287,163
1288,163
1289,163
1290,163
1291,163
1292,163
1293,163
1294,163
1295,163
1296,163
1297,163
1298,163
1299,163
1300,163
1301,163
1302,163
1303,163
1304,163
1305,163
1306,163
1307,163
1308,163
1309,163
1310,163
1311,163
1312,163
1313,163
1314,163
1315,163
1316,163
1317,163
1318,163
1319,163
1320,163
1321,163
1322,163
1323,163
1324,163
1325,163
1326,163
1327,163
1328,163
1329,163
1330,163
1331,163
1332,163
1333,163
1334,163
1335,163
1336,163
1337,163
1338,163
1339,163
1340,163
1341,164
1342,164
1343,164
1344,164
1345,164
1346,164
1347,164
1348,164
1349,164
1350,164
1351,164
1352,164
1353,164
1354,164
1355,164
1356,164
1357,164
1358,164
1359,164
1360,164
1361,164
1362,164
1363,164
1364,164
1365,164
1366,164
1367,164
1368,164
1369,164
1370,164
1371,164
1372,164
1373,164
1374,164
1375,164
1376,164
1377,164
1378,164
1379,164
1380,164
1381,164
1382,164
1383,164
1384,164
1385,164
1386,164
1387,164
1388,164
1389,164
1390,164
1391,164
1392,164
1393,164
1394,164
1395,164
1396,164
1397,164
1398,164
1399,164
1400,164
1401,164
1402,164
1403,164
1404,164
1405,164
1406,164
1407,164
1408,164
1409,164
1410,164
1411,164
1412,164
1413,164
1414,164
1415,164
1416,164
1417,164
1418,164
1419,164
1420,164
1421,164
1422,164
1423,164
1424,164
1425,164
1426,164
1427,164
1428,164
1429,164
1430,164
1431,164
1432,164
1433,164
1434,164
1435,164
1436,164
1437,164
1438,164
1439,164
1440,164
1441,164
1442,164
1443,164
1444,164
1445,164
1446,164
1447,164
1448,164
1449,164
1450,164
1451,164
1452,164
1453,164
1454,164
1455,164
1456,164
1457,164
1458,164
1459,164
1460,164
1461,164
1462,165
1463,165
1464,165
1465,165
1466,165
1467,165
1468,165
1469,165
1470,165
1471,165
1472,165
1473,165
1474,165
1475,165
1476,165
1477,165
1478,165
1479,165
1480,165
1481,165
1482,165
1483,165
1484,165
1485,165
1486,165
1487,165
1488,165
1489,165
1490,165
1491,165
1492,165
1493,165
1494,165
1495,165
1496,165
1497,165
1498,165
1499,165
1500,165
1501,165
1502,165
1503,165
1504,165
1505,165
1506,165
1507,165
1508,165
1509,165
1510,165
1511,165
1512,165
1513,165
1514,165
1515,165
1516,165
1517,165
1518,165
1519,165
1520,165
1521,165
1522,165
1523,165
1524,165
1525,165
1526,165
1527,165
1528,165
1529,165
1530,165
1531,165
1532,165
1533,165
1534,165
1535,165
1536,165
1537,165
1538,165
1539,165
1540,165
1541,165
1542,165
1543,165
1544,165
1545,165
1546,165
1547,165
1548,165
1549,165
1550,166
1551,166
1552,166
1553,166
1554,166
1555,166
1556,166
1557,166
1558,166
1559,166
1560,166
1561,166
1562,166
1563,166
1564,166
1565,166
1566,166
1567,166
1568,166
1569,166
1570,166
1571,166
1572,166
1573,166
1574,166
1575,166
1576,166
1577,166
1578,166
1579,166
1580,166
1581,166
1582,166
1583,166
1584,166
1585,166
1586,166
1587,166
1588,166
1589,166
1590,166
1591,166
1592,166
1593,166
1594,166
1595,166
1596,166
1597,166
1598,166
1599,166
1600,166
1601,166
1602,166
1603,166
1604,166
1605,166
1606,166
1607,166
1608,166
1609,166
1610,166
1611,166
1612,166
1613,166
1614,166
1615,166
1616,166
1617,166
1618,166
1619,166
1620,167
1621,167
1622,167
1623,167
1624,167
1625,167
1626,167
1627,167
1628,167
1629,167
1630,167
1631,167
1632,167
1633,167
1634,167
1635,167
1636,167
1637,167
1638,167
1639,167
1640,167
1641,167
1642,167
1643,167
1644,167
1645,167
1646,167
1647,167
1648,167
1649,167
1650,167
1651,167
1652,167
1653,167
1654,167
1655,167
1656,167
1657,167
1658,167
1659,167
1660,167
1661,167
1662,167
1663,167
1664,167
1665,167
1666,167
1667,167
1668,167
1669,167
1670,167
1671,167
1672,167
1673,167
1674,167
1675,167
1676,167
1677,167
1678,167
1679,167
1680,167
1681,167
1682,167
1683,167
1684,167
1685,167
1686,167
1687,167
1688,167
1689,167
1690,167
1691,167
1692,167
1693,167
1694,167
1695,167
1696,167
1697,167
1698,167
1699,167
1700,167
1701,167
1702,167
1703,167
1704,167
1705,167
1706,167
1707,167
1708,167
1709,167
1710,167
1711,167
1712,167
1713,167
1714,167
1715,167
1716,167
1717,168
1718,167
1719,168
1720,168
1721,168
1722,168
1723,167
1724,167
1725,168
1726,168
1727,168
1728,168
1729,168
1730,168
1731,168
1732,168
1733,168
1734,168
1735,168
1736,168
1737,168
1738,168
1739,168
1740,168
1741,168
1742,168
1743,168
1744,168
1745,168
1746,168
1747,168
1748,168
1749,168
1750,168
1751,168
1752,168
1753,168
1754,168
1755,168
1756,168
1757,168
1758,168
1759,168
1760,168
1761,168
1762,168
1763,168
1764,168
1765,168
1766,168
1767,168
1768,168
1769,168
1770,168
1771,168
1772,168
1773,168
1774,168
1775,168
1776,168
1777,168
1778,168
1779,168
1780,168
1781,168
1782,168
1783,168
1784,168
1785,168
1786,168
1787,168
1788,168
1789,168
1790,169
1791,169
1792,169
1793,169
1794,169
1795,169
1796,169
1797,169
1798,169
1799,169
1800,169
1801,169
1802,169
1803,169
1804,169
1805,169
1806,169
1807,169
1808,169
1809,169
1810,169
1811,169
1812,169
1813,169
1814,169
1815,169
1816,169
1817,169
1818,169
1819,169
1820,169
1821,169
1822,169
1823,169
1824,169
1825,169
1826,169
1827,169
1828,169
1829,169
1830,169
1831,170
1832,170
1833,170
1834,170
1835,170
1836,170
1837,169
1838,170
1839,169
1840,169
1841,170
1842,169
1843,170
1844,170
1845,170
1846,170
1847,170
1848,170
1849,170
1850,170
1851,170
1852,170
1853,170
1854,170
1855,170
1856,170
1857,170
1858,170
1859,170
1860,170
1861,170
1862,170
1863,170
1864,170
1865,170
1866,170
1867,170
1868,170
1869,170
1870,170
1871,170
1872,170
1873,170
1874,170
1875,170
1876,170
1877,170
1878,170
1879,170
1880,170
1881,170
1882,170
1883,170
1884,170
1885,170
1886,170
1887,170
1888,170
1889,170
1890,170
1891,170
1892,170
1893,170
1894,170
1895,170
1896,170
1897,170
1898,170
1899,170
1900,170
1901,170
1902,170
1903,170
1904,170
1905,170
1906,170
1907,170
1908,171
1909,171
1910,171
1911,171
1912,171
1913,171
1914,171
1915,171
1916,171
1917,171
1918,171
1919,171
1920,171
1921,171
1922,171
1923,171
1924,171
1925,171
1926,171
1927,171
1928,171
1929,171
1930,171
1931,171
1932,171
1933,171
1934,171
1935,171
1936,171
1937,171
1938,171
1939,171
1940,171
1941,171
1942,171
1943,171
1944,171
1945,171
1946,171
1947,171
1948,171
1949,171
1950,171
1951,171
1952,171
1953,171
1954,171
1955,171
1956,171
1957,171
1958,171
1959,171
1960,171
1961,171
1962,171
1963,171
1964,171
1965,171
1966,171
1967,171
1968,172
1969,172
1970,172
1971,172
1972,172
1973,172
1974,172
1975,172
1976,172
1977,172
1978,172
1979,172
1980,172
1981,172
1982,172
1983,172
1984,172
1985,172
1986,172
1987,172
1988,172
1989,172
1990,172
1991,172
1992,172
1993,172
1994,172
1995,172
1996,172
1997,172
1998,172
1999,172
2000,172
2001,172
2002,172
2003,172
2004,172
2005,172
2006,172
2007,172
2008,172
2009,172
2010,172
2011,172
2012,172
2013,172
2014,172
2015,172
2016,172
2017,172
2018,172
2019,172
2020,172
2021,172
2022,172
2023,172
2024,172
2025,172
2026,172
2027,172
2028,172
2029,172
2030,172
2031,172
2032,172
2033,172
2034,172
2035,172
2036,172
2037,172
2038,172
2039,172
2040,172
2041,172
2042,172
2043,172
2044,172
2045,172
2046,172
2047,172
2048,172
2049,172
2050,172
2051,172
2052,172
2053,172
2054,172
2055,172
2056,172
2057,172
2058,172
2059,172
2060,172
2061,172
2062,172
2063,172
2064,172
2065,172
2066,172
2067,172
2068,172
2069,172
2070,172
2071,172
2072,172
2073,172
2074,172
2075,172
2076,172
2077,172
2078,172
2079,172
2080,172
2081,172
2082,172
2083,172
2084,172
2085,172
2086,172
2087,172
2088,172
2089,172
2090,172
2091,172
2092,172
2093,172
2094,172
2095,172
2096,172
2097,172
2098,172
2099,172
2100,172
2101,172
2102,172
2103,172
2104,172
2105,172
2106,173
2107,173
2108,173
2109,173
2110,173
2111,173
2112,172
2113,172
2114,172
2115,172
2116,172
2117,172
2118,172
2119,172
2120,172
2121,172
2122,172
2123,172
2124,172
2125,172
2126,172
2127,172
2128,172
2129,172
2130,172
2131,172
2132,172
2133,172
2134,172
2135,172
2136,172
2137,172
2138,172
2139,172
2140,172
2141,172
2142,172
2143,172
2144,172
2145,172
2146,173
2147,173
2148,173
2149,173
2150,173
2151,173
2152,173
2153,173
2154,173
2155,173
2156,173
2157,173
2158,173
2159,173
2160,173
2161,173
2162,173
2163,173
2164,173
2165,173
2166,173
2167,173
2168,173
2169,173
2170,173
2171,173
2172,173
2173,173
2174,173
2175,173
2176,173
2177,173
2178,173
2179,173
2180,173
2181,173
2182,173
2183,173
2184,173
2185,173
2186,173
2187,173
2188,173
2189,173
2190,173
2191,173
2192,173
2193,173
2194,173
2195,173
2196,173
2197,173
2198,173
2199,173
2200,173
2201,173
2202,173
2203,173
2204,173
2205,173
2206,173
2207,173
2208,173
2209,173
2210,173
2211,173
2212,173
2213,174
2214,174
2215,174
2216,174
2217,174
2218,174
2219,174
2220,174
2221,174
2222,174
2223,174
2224,174
2225,174
2226,174
2227,174
2228,174
2229,174
2230,174
2231,174
2232,174
2233,174
2234,174
2235,174
2236,174
2237,174
2238,174
2239,174
2240,174
2241,174
2242,174
2243,174
2244,174
2245,174
2246,174
2247,174
2248,174
2249,174
2250,174
2251,174
2252,174
2253,174
2254,174
2255,174
2256,174
2257,174
2258,174
2259,174
2260,174
2261,174
2262,174
2263,174
2264,174
2265,174
2266,174
2267,174
2268,174
2269,174
2270,174
2271,174
2272,174
2273,174
2274,174
2275,174
2276,174
2277,174
2278,174
2279,174
2280,174
2281,174
2282,174
2283,174
2284,174
2285,174
2286,174
2287,174
2288,174
2289,174
2290,174
2291,174
2292,174
2293,174
2294,174
2295,175
2296,175
2297,175
2298,175
2299,175
2300,175
2301,175
2302,175
2303,175
2304,175
2305,175
2306,175
2307,175
2308,175
2309,175
2310,175
2311,175
2312,175
2313,175
2314,175
2315,175
2316,175
2317,175
2318,175
2319,175
2320,175
2321,175
2322,175
2323,175
2324,175
2325,175
2326,175
2327,175
2328,175
2329,175
2330,175
2331,175
2332,175
2333,175
2334,175
2335,175
2336,175
2337,175
2338,175
2339,175
2340,175
2341,175
2342,175
2343,175
2344,175
2345,175
2346,175
2347,175
2348,175
2349,175
2350,175
2351,175
2352,175
2353,175
2354,175
2355,175
2356,175
2357,175
2358,175
2359,175
2360,175
2361,175
2362,175
2363,175
2364,175
2365,175
2366,175
2367,175
2368,175
2369,175
2370,175
2371,175
2372,175
2373,175
2374,175
2375,175
2376,175
2377,175
2378,175
2379,175
2380,175
2381,175
2382,175
2383,175
2384,175
2385,175
2386,175
2387,175
2388,175
2389,175
2390,175
2391,175
2392,175
2393,175
2394,175
2395,175
2396,175
2397,175
2398,175
2399,175
2400,175
2401,176
2402,175
2403,176
2404,176
2405,176
2406,176
2407,176
2408,176
2409,176
2410,176
2411,176
2412,176
2413,176
2414,176
2415,176
2416,176
2417,176
2418,176
2419,176
2420,176
2421,176
2422,176
2423,176
2424,176
2425,176
2426,176
2427,176
2428,176
2429,176
2430,176
2431,176
2432,176
2433,176
2434,176
2435,176
2436,176
2437,176
2438,176
2439,176
2440,176
2441,176
2442,176
2443,176
2444,176
2445,176
2446,176
2447,176
2448,176
2449,176
2450,176
2451,176
2452,176
2453,176
2454,176
2455,176
2456,176
2457,176
2458,176
2459,176
2460,176
2461,176
2462,176
2463,176
2464,176
2465,176
2466,176
2467,176
2468,176
2469,176
2470,176
2471,176
2472,176
2473,176
2474,176
2475,176
2476,176
2477,176
2478,176
2479,176
2480,176
2481,176
2482,176
2483,176
2484,176
2485,176
2486,176
2487,176
2488,176
2489,176
2490,176
2491,177
2492,177
2493,177
2494,177
2495,177
2496,177
2497,177
2498,177
2499,177
2500,177
2501,177
2502,177
2503,177
2504,177
2505,177
2506,177
2507,177
2508,177
2509,177
2510,177
2511,177
2512,177
2513,177
2514,177
2515,177
2516,177
2517,177
2518,177
2519,177
2520,177
2521,177
2522,177
2523,177
2524,177
2525,177
2526,177
2527,177
2528,177
2529,177
2530,177
2531,177
2532,177
2533,177
2534,177
2535,177
2536,177
2537,177
2538,177
2539,177
2540,177
2541,177
2542,177
2543,177
2544,177
2545,177
2546,177
2547,177
2548,177
2549,177
2550,177
2551,177
2552,177
2553,177
2554,177
2555,177
2556,177
2557,177
2558,177
2559,177
2560,177
2561,177
2562,177
2563,177
2564,177
2565,177
2566,177
2567,177
2568,177
2569,177
2570,177
2571,177
2572,177
2573,177
2574,177
2575,177
2576,177
2577,177
2578,177
2579,177
2580,177
2581,177
2582,177
2583,177
2584,177
2585,177
2586,177
2587,178
2588,178
2589,178
2590,178
2591,178
2592,178
2593,178
2594,178
2595,178
2596,178
2597,178
2598,178
2599,178
2600,178
2601,178
2602,178
2603,178
2604,178
2605,178
2606,178
2607,178
2608,178
2609,178
2610,178
2611,178
2612,178
2613,178
2614,178
2615,178
2616,178
2617,178
2618,178
2619,178
2620,178
2621,178
2622,178
2623,178
2624,178
2625,178
2626,178
2627,178
2628,178
2629,178
2630,178
2631,178
2632,178
2633,178
2634,178
2635,178
2636,178
2637,178
2638,178
2639,178
2640,178
2641,178
2642,178
2643,178
2644,178
2645,178
2646,178
2647,178
2648,178
2649,178
2650,178
2651,178
2652,178
2653,178
2654,178
2655,178
2656,178
2657,178
2658,178
2659,178
2660,178
2661,178
2662,178
2663,178
2664,178
2665,178
2666,178
2667,178
2668,178
2669,178
2670,178
2671,178
2672,178
2673,178
2674,178
2675,178
2676,178
2677,178
2678,178
2679,178
2680,178
2681,178
2682,178
2683,178
2684,178
2685,178
2686,178
2687,178
2688,178
2689,178
2690,178
2691,178
2692,178
2693,178
2694,179
2695,179
2696,179
2697,179
2698,179
2699,179
2700,179
2701,179
2702,179
2703,179
2704,179
2705,179
2706,179
2707,179
2708,179
2709,179
2710,179
2711,179
2712,179
2713,179
2714,179
2715,179
2716,179
2717,179
2718,179
2719,179
2720,179
2721,179
2722,179
2723,179
2724,179
2725,179
2726,179
2727,179
2728,179
2729,179
2730,179
2731,179
2732,179
2733,179
2734,179
2735,179
2736,179
2737,179
2738,179
2739,179
2740,179
2741,179
2742,179
2743,179
2744,179
2745,179
2746,179
2747,179
2748,179
2749,179
2750,179
2751,180
2752,180
2753,180
2754,180
2755,180
2756,180
2757,180
2758,180
2759,180
2760,180
2761,180
2762,180
2763,180
2764,180
2765,180
2766,180
2767,180
2768,180
2769,180
2770,180
2771,180
2772,180
2773,180
2774,180
2775,180
2776,180
2777,180
2778,180
2779,180
2780,180
2781,180
2782,180
2783,180
2784,180
2785,180
2786,180
2787,180
2788,180
2789,180
2790,180
2791,180
2792,180
2793,180
2794,180
2795,180
2796,180
2797,180
2798,180
2799,180
2800,180
2801,180
2802,180
2803,180
2804,180
2805,180
2806,180
2807,180
2808,180
2809,180
2810,180
2811,180
2812,180
2813,180
2814,180
2815,180
2816,180
2817,180
2818,180
2819,180
2820,180
2821,180
2822,180
2823,180
2824,180
2825,180
2826,180
2827,180
2828,180
2829,180
2830,180
2831,180
2832,180
2833,180
2834,180
2835,180
2836,180
2837,180
2838,180
2839,180
2840,180
2841,181
2842,181
2843,181
2844,181
2845,181
2846,181
2847,181
2848,181
2849,181
2850,181
2851,181
2852,181
2853,181
2854,181
2855,181
2856,181
2857,181
2858,181
2859,181
2860,181
2861,181
2862,181
2863,181
2864,181
2865,181
2866,181
2867,181
2868,181
2869,181
2870,181
2871,181
2872,181
2873,181
2874,181
2875,181
2876,181
2877,181
2878,181
2879,181
2880,181
2881,181
2882,181
2883,181
2884,181
2885,181
2886,181
2887,181
2888,181
2889,181
2890,181
2891,181
2892,181
2893,181
2894,181
2895,181
2896,181
2897,181
2898,181
2899,181
2900,181
2901,181
2902,181
2903,181
2904,181
2905,181
2906,181
2907,181
2908,181
2909,181
2910,181
2911,181
2912,181
2913,181
2914,181
2915,181
2916,181
2917,181
2918,181
2919,181
2920,181
2921,181
2922,181
2923,181
2924,181
2925,181
2926,181
2927,181
2928,181
2929,181
2930,181
2931,181
2932,181
2933,181
2934,181
2935,181
2936,181
2937,181
2938,181
2939,181
2940,181
2941,181
2942,181
2943,181
2944,181
2945,181
2946,181
2947,181
2948,181
2949,181
2950,181
2951,181
2952,181
2953,181
2954,181
2955,181
2956,181
2957,181
2958,181
2959,181
2960,181
2961,181
2962,181
2963,181
2964,181
2965,181
2966,181
2967,181
2968,181
2969,181
2970,181
2971,181
2972,181
2973,181
2974,181
2975,181
2976,181
2977,181
2978,181
2979,181
2980,181
2981,181
2982,181
2983,181
2984,181
2985,181
2986,181
2987,181
2988,181
2989,181
2990,181
2991,181
2992,181
2993,181
2994,181
2995,181
2996,181
2997,181
2998,181
2999,181
3000,181
3001,181
3002,181
3003,181
3004,181
3005,181
3006,181
3007,181
3008,181
3009,181
3010,181
3011,181
3012,181
3013,181
3014,181
3015,181
3016,181
3017,181
3018,181
3019,181
3020,181
3021,181
3022,181
3023,181
3024,181
3025,181
3026,181
3027,181
3028,181
3029,181
3030,181
3031,181
3032,182
3033,182
3034,182
3035,182
3036,182
3037,182
3038,182
3039,182
3040,182
3041,182
3042,182
3043,182
3044,182
3045,182
3046,182
3047,182
3048,182
3049,182
3050,182
3051,182
3052,182
3053,182
3054,182
3055,182
3056,182
3057,182
3058,182
3059,182
3060,182
3061,182
3062,182
3063,182
3064,182
3065,182
3066,182
3067,182
3068,182
3069,182
3070,182
3071,182
3072,182
3073,182
3074,182
3075,182
3076,182
3077,182
3078,182
3079,182
3080,182
3081,182
3082,182
3083,182
3084,182
3085,182
3086,182
3087,182
3088,182
3089,182
3090,182
3091,182
3092,182
3093,182
3094,182
3095,182
3096,182
3097,182
3098,182
3099,183
3100,183
3101,183
3102,183
3103,183
3104,183
3105,183
3106,183
3107,183
3108,183
3109,183
3110,183
3111,183
3112,183
3113,183
3114,183
3115,183
3116,183
3117,183
3118,183
3119,183
3120,183
3121,183
3122,183
3123,183
3124,183
3125,183
3126,183
3127,183
3128,183
3129,183
3130,183
3131,183
3132,183
3133,183
3134,183
3135,183
3136,183
3137,183
3138,183
3139,183
3140,183
3141,183
3142,183
3143,183
3144,183
3145,183
3146,183
3147,183
3148,183
3149,183
3150,183
3151,183
3152,183
3153,183
3154,183
3155,183
3156,183
3157,183
3158,183
3159,183
3160,183
3161,183
3162,183
3163,183
3164,183
3165,183
3166,183
3167,183
3168,183
3169,183
3170,183
3171,183
3172,183
3173,183
3174,183
3175,183
3176,183
3177,183
3178,183
3179,183
3180,183
3181,183
3182,183
3183,183
3184,183
3185,183
3186,183
3187,183
3188,183
3189,183
3190,183
3191,183
3192,183
3193,183
3194,183
3195,183
3196,183
3197,183
3198,183
3199,183
3200,183
3201,183
3202,183
3203,183
3204,183
3205,183
3206,183
3207,183
3208,183
3209,183
3210,183
3211,183
3212,183
3213,183
3214,183
3215,183
3216,183
3217,183
3218,183
3219,183
3220,183
3221,183
3222,183
3223,183
3224,183
3225,183
3226,183
3227,183
3228,183
3229,183
3230,183
3231,183
3232,183
3233,183
3234,183
3235,183
3236,184
3237,184
3238,184
3239,184
3240,184
3241,183
3242,183
3243,183
3244,183
3245,183
3246,183
3247,183
3248,183
3249,183
3250,183
3251,183
3252,183
3253,184
3254,184
3255,184
3256,183
3257,183
3258,183
3259,183
3260,184
3261,183
3262,183
3263,183
3264,184
3265,184
3266,184
3267,184
3268,184
3269,184
3270,184
3271,184
3272,184
3273,184
3274,184
3275,184
3276,184
3277,184
3278,184
3279,184
3280,184
3281,184
3282,184
3283,184
3284,184
3285,184
3286,184
3287,184
3288,184
3289,184
3290,184
3291,184
3292,184
3293,184
3294,184
3295,184
3296,184
3297,184
3298,184
3299,184
3300,184
3301,184
3302,184
3303,184
3304,184
3305,184
3306,184
3307,184
3308,184
3309,184
3310,184
3311,184
3312,184
3313,184
3314,184
3315,184
3316,184
3317,184
3318,184
3319,184
3320,184
3321,184
3322,184
3323,184
3324,184
3325,184
3326,184
3327,184
3328,184
3329,184
3330,184
3331,184
3332,184
3333,184
3334,184
3335,184
3336,184
3337,184
3338,184
3339,184
3340,184
3341,184
3342,184
3343,184
3344,184
3345,184
3346,184
3347,184
3348,184
3349,184
3350,185
3351,185
3352,185
3353,185
3354,185
3355,185
3356,185
3357,185
3358,185
3359,185
3360,185
3361,185
3362,185
3363,185
3364,185
3365,185
3366,185
3367,185
3368,185
3369,185
3370,185
3371,185
3372,185
3373,185
3374,185
3375,185
3376,185
3377,185
3378,185
3379,185
3380,185
3381,185
3382,185
3383,185
3384,185
3385,185
3386,185
3387,185
3388,185
3389,185
3390,185
3391,185
3392,185
3393,185
3394,185
3395,185
3396,185
3397,185
3398,185
3399,185
3400,185
3401,185
3402,185
3403,185
3404,185
3405,185
3406,185
3407,185
3408,185
3409,185
3410,185
3411,185
3412,185
3413,185
3414,185
3415,185
3416,185
3417,185
3418,185
3419,185
3420,185
3421,185
3422,185
3423,185
3424,185
3425,185
3426,185
3427,186
3428,186
3429,186
3430,186
3431,186
3432,186
3433,186
3434,186
3435,186
3436,186
3437,186
3438,186
3439,186
3440,186
3441,186
3442,186
3443,186
3444,186
3445,186
3446,186
3447,186
3448,186
3449,186
3450,186
3451,186
3452,186
3453,186
3454,186
3455,186
3456,186
3457,186
3458,186
3459,186
3460,186
3461,186
3462,186
3463,186
3464,186
3465,186
3466,186
3467,186
3468,186
3469,186
3470,186
3471,186
3472,186
3473,186
3474,186
3475,186
3476,186
3477,186
3478,186
3479,186
3480,186
3481,186
3482,186
3483,186
3484,186
3485,186
3486,186
3487,186
3488,186
3489,186
3490,186
3491,186
3492,186
3493,186
3494,186
3495,186
3496,186
3497,186
3498,186
3499,186
3500,186
3501,186
3502,186
3503,186
3504,186
3505,186
3506,186
3507,186
3508,186
3509,186
3510,186
3511,187
3512,187
3513,187
3514,187
3515,187
3516,187
3517,187
3518,187
3519,187
3520,187
3521,187
3522,187
3523,187
3524,187
3525,187
3526,187
3527,187
3528,187
3529,187
3530,187
3531,187
3532,187
3533,187
3534,187
3535,187
3536,187
3537,187
3538,187
3539,187
3540,187
3541,187
3542,187
3543,187
3544,187
3545,187
3546,187
3547,187
3548,187
3549,187
3550,187
3551,187
3552,187
3553,187
3554,187
3555,187
3556,187
3557,187
3558,187
3559,187
3560,187
3561,187
3562,187
3563,187
3564,187
3565,187
3566,187
3567,187
3568,187
3569,187
3570,187
3571,187
3572,187
3573,187
3574,187
3575,187
3576,187
3577,187
3578,187
3579,187
3580,187
3581,187
3582,187
3583,187
3584,187
3585,187
3586,187
3587,187
3588,187
3589,187
3590,187
3591,187
3592,187
3593,187
3594,187
3595,187
3596,187
3597,187
3598,187
3599,187
3600,187
3601,187
3602,187
3603,187
3604,187
3605,187
3606,187
3607,187
3608,187
3609,187
3610,187
3611,187
3612,187
3613,187
3614,187
3615,187
3616,187
3617,187
3618,187
3619,187
3620,187
3621,187
3622,187
3623,187
3624,187
3625,187
3626,188
3627,188
3628,187
3629,188
3630,188
3631,188
3632,188
3633,188
3634,188
3635,188
3636,188
3637,188
3638,188
3639,188
3640,188
3641,188
3642,188
3643,188
3644,188
3645,188
3646,188
3647,188
3648,188
3649,188
3650,188
3651,188
3652,188
3653,188
3654,188
3655,188
3656,188
3657,188
3658,188
3659,188
3660,188
3661,188
3662,188
3663,188
3664,188
3665,188
3666,188
3667,188
3668,188
3669,188
3670,188
3671,188
3672,188
3673,188
3674,188
3675,188
3676,188
3677,188
3678,188
3679,188
3680,188
3681,188
3682,188
3683,188
3684,188
3685,188
3686,188
3687,188
3688,188
3689,188
3690,188
3691,188
3692,188
3693,188
3694,188
3695,188
3696,188
3697,188
3698,188
3699,188
3700,188
3701,188
3702,188
3703,188
3704,188
3705,188
3706,188
3707,188
3708,188
3709,188
3710,188
3711,188
3712,188
3713,188
3714,188
3715,188
3716,188
3717,188
3718,188
3719,188
3720,188
3721,188
3722,188
3723,188
3724,188
3725,188
3726,188
3727,188
3728,188
3729,188
3730,188
3731,188
3732,188
3733,188
3734,188
3735,188
3736,188
3737,188
3738,189
3739,189
3740,189
3741,189
3742,188
3743,188
3744,189
3745,189
3746,188
3747,188
3748,188
3749,188
3750,189
3751,188
3752,188
3753,188
3754,188
3755,188
3756,188
3757,189
3758,189
3759,189
3760,188
3761,189
3762,189
3763,188
3764,189
3765,189
3766,189
3767,189
3768,189
3769,189
3770,188
3771,188
3772,188
3773,188
3774,188
3775,188
3776,188
3777,188
3778,188
3779,188
3780,188
3781,188
3782,188
3783,188
3784,188
3785,188
3786,188
3787,189
3788,189
3789,189
3790,188
3791,188
3792,188
3793,189
3794,189
3795,189
3796,189
3797,189
3798,189
3799,189
3800,189
3801,189
3802,189
3803,189
3804,189
3805,189
3806,189
3807,189
3808,189
3809,189
3810,189
3811,189
3812,189
3813,189
3814,189
3815,189
3816,189
3817,189
3818,189
3819,189
3820,189
3821,189
3822,189
3823,189
3824,189
3825,189
3826,189
3827,189
3828,189
3829,189
3830,189
3831,190
3832,189
3833,189
3834,189
3835,190
3836,189
3837,189
3838,190
3839,190
3840,190
3841,190
3842,190
3843,190
3844,190
3845,190
3846,190
3847,190
3848,190
3849,190
3850,190
3851,190
3852,190
3853,190
3854,190
3855,190
3856,190
3857,190
3858,190
3859,190
3860,190
3861,190
3862,190
3863,190
3864,190
3865,190
3866,190
3867,190
3868,190
3869,190
3870,190
3871,190
3872,190
3873,190
3874,190
3875,190
3876,190
3877,190
3878,190
3879,190
3880,190
3881,190
3882,190
3883,190
3884,190
3885,190
3886,190
3887,190
3888,190
3889,190
3890,190
3891,190
3892,190
3893,190
3894,190
3895,190
3896,190
3897,190
3898,190
3899,190
3900,190
3901,190
3902,190
3903,190
3904,190
3905,190
3906,190
3907,190
3908,190
3909,190
3910,190
3911,190
3912,190
3913,190
3914,190
3915,191
3916,191
3917,191
3918,191
3919,191
3920,190
3921,190
3922,191
3923,191
3924,191
3925,191
3926,191
3927,191
3928,191
3929,191
3930,191
3931,191
3932,191
3933,191
3934,191
3935,191
3936,191
3937,191
3938,191
3939,191
3940,191
3941,191
3942,191
3943,191
3944,191
3945,191
3946,191
3947,191
3948,191
3949,191
3950,191
3951,191
3952,191
3953,191
3954,191
3955,191
3956,191
3957,191
3958,191
3959,191
3960,191
3961,191
3962,191
3963,191
3964,191
3965,191
3966,191
3967,191
3968,191
3969,191
3970,192
3971,192
3972,192
3973,192
3974,192
3975,192
3976,192
3977,192
3978,191
3979,191
3980,192
3981,192
3982,192
3983,191
3984,192
3985,192
3986,191
3987,191
3988,191
3989,191
3990,191
3991,191
3992,191
3993,192
3994,192
3995,192
3996,192
3997,192
3998,192
3999,192
4000,192
4001,192
4002,192
4003,192
4004,192
4005,192
4006,192
4007,192
4008,192
4009,192
4010,192
4011,192
4012,192
4013,192
4014,192
4015,192
4016,192
4017,192
4018,192
4019,192
4020,192
4021,192
4022,192
4023,192
4024,192
4025,192
4026,192
4027,192
4028,192
4029,192
4030,192
4031,192
4032,192
4033,192
4034,192
4035,192
4036,192
4037,192
4038,192
4039,192
4040,192
4041,192
4042,192
4043,193
4044,193
4045,193
4046,193
4047,193
4048,192
4049,192
4050,192
4051,193
4052,193
4053,193
4054,193
4055,193
4056,193
4057,193
4058,193
4059,193
4060,193
4061,193
4062,193
4063,193
4064,193
4065,193
4066,193
4067,193
4068,193
4069,193
4070,193
4071,193
4072,193
4073,193
4074,193
4075,193
4076,193
4077,193
4078,193
4079,193
4080,193
4081,193
4082,193
4083,193
4084,193
4085,193
4086,193
4087,193
4088,193
4089,193
4090,193
4091,193
4092,193
4093,193
4094,193
4095,193
4096,193
4097,193
4098,193
4099,193
4100,193
4101,193
4102,193
4103,193
4104,193
4105,193
4106,193
4107,193
4108,193
4109,193
4110,193
4111,193
4112,193
4113,193
4114,194
4115,194
4116,193
4117,193
4118,193
4119,193
4120,193
4121,193
4122,193
4123,193
4124,194
4125,193
4126,193
4127,193
4128,194
4129,194
4130,194
4131,194
4132,194
4133,194
4134,194
4135,194
4136,194
4137,194
4138,194
4139,194
4140,194
4141,194
4142,194
4143,194
4144,194
4145,194
4146,194
4147,194
4148,194
4149,194
4150,194
4151,194
4152,194
4153,194
4154,194
4155,194
4156,194
4157,194
4158,194
4159,194
4160,194
4161,194
4162,194
4163,194
4164,194
4165,194
4166,194
4167,194
4168,194
4169,194
4170,194
4171,194
4172,194
4173,194
4174,194
4175,194
4176,194
4177,194
4178,194
4179,194
4180,194
4181,194
4182,194
4183,194
4184,194
4185,194
4186,194
4187,194
4188,194
4189,194
4190,194
4191,194
4192,194
4193,194
4194,194
4195,194
4196,194
4197,194
4198,194
4199,194
4200,194
4201,194
4202,194
4203,194
4204,194
4205,194
4206,194
4207,194
4208,194
4209,194
4210,194
4211,194
4212,194
4213,194
4214,194
4215,194
4216,194
4217,194
4218,194
4219,194
4220,194
4221,194
4222,194
4223,194
4224,194
4225,194
4226,194
4227,194
4228,194
4229,194
4230,194
4231,194
4232,194
4233,194
4234,194
4235,194
4236,194
4237,194
4238,194
4239,195
4240,195
4241,195
4242,195
4243,195
4244,195
4245,195
4246,195
4247,195
4248,195
4249,195
4250,195
4251,195
4252,195
4253,195
4254,195
4255,195
4256,195
4257,195
4258,195
4259,195
4260,195
4261,195
4262,195
4263,195
4264,195
4265,195
4266,195
4267,195
4268,195
4269,195
4270,195
4271,195
4272,195
4273,195
4274,195
4275,195
4276,195
4277,195
4278,195
4279,195
4280,195
4281,195
4282,195
4283,195
4284,195
4285,195
4286,195
4287,195
4288,195
4289,195
4290,195
4291,195
4292,195
4293,195
4294,195
4295,195
4296,195
4297,195
4298,195
4299,195
4300,195
4301,195
4302,195
4303,195
4304,195
4305,195
4306,195
4307,195
4308,195
4309,195
4310,195
4311,195
4312,195
4313,195
4314,195
4315,195
4316,195
4317,195
4318,195
4319,195
4320,195
4321,195
4322,195
4323,195
4324,195
4325,195
4326,195
4327,195
4328,195
4329,195
4330,195
4331,195
4332,195
4333,195
4334,195
4335,195
4336,195
4337,195
4338,195
4339,195
4340,195
4341,195
4342,195
4343,195
4344,195
4345,195
4346,195
4347,195
4348,195
4349,195
4350,195
4351,195
4352,195
4353,195
4354,195
4355,195
4356,195
4357,195
4358,195
4359,195
4360,195
4361,195
4362,195
4363,195
4364,195
4365,195
4366,195
4367,195
4368,195
4369,195
4370,195
4371,195
4372,195
4373,195
4374,195
4375,195
4376,195
4377,195
4378,195
4379,195
4380,196
4381,196
4382,196
4383,196
4384,196
4385,196
4386,196
4387,196
4388,196
4389,196
4390,196
4391,196
4392,196
4393,196
4394,196
4395,196
4396,196
4397,196
4398,196
4399,196
4400,196
4401,196
4402,196
4403,196
4404,196
4405,196
4406,196
4407,196
4408,196
4409,196
4410,196
4411,196
4412,196
4413,196
4414,196
4415,196
4416,196
4417,196
4418,196
4419,196
4420,196
4421,196
4422,196
4423,196
4424,196
4425,196
4426,196
4427,196
4428,196
4429,196
4430,196
4431,196
4432,196
4433,196
4434,196
4435,196
4436,196
4437,196
4438,196
4439,196
4440,196
4441,196
4442,196
4443,196
4444,196
4445,196
4446,196
4447,196
4448,196
4449,196
4450,196
4451,196
4452,196
4453,196
4454,196
4455,196
4456,196
4457,196
4458,196
4459,196
4460,196
4461,196
4462,196
4463,196
4464,196
4465,196
4466,196
4467,196
4468,196
4469,196
4470,196
4471,196
4472,196
4473,196
4474,196
4475,196
4476,196
4477,196
4478,196
4479,196
4480,196
4481,196
4482,196
4483,196
4484,196
4485,196
4486,196
4487,196
4488,196
4489,196
4490,196
4491,196
4492,196
4493,196
4494,196
4495,196
4496,196
4497,196
4498,196
4499,196
4500,196
4501,196
4502,196
4503,196
4504,196
4505,196
4506,196
4507,196
4508,196
4509,196
4510,196
4511,196
4512,196
4513,196
4514,196
4515,196
4516,196
4517,196
4518,196
4519,196
4520,196
4521,196
4522,196
4523,196
4524,196
4525,196
4526,196
4527,196
4528,196
4529,196
4530,196
4531,196
4532,196
4533,196
4534,196
4535,196
4536,196
4537,197
4538,197
4539,197
4540,197
4541,197
4542,197
4543,197
4544,197
4545,197
4546,197
4547,197
4548,197
4549,197
4550,197
4551,197
4552,197
4553,197
4554,197
4555,197
4556,197
4557,197
4558,197
4559,197
4560,197
4561,197
4562,197
4563,197
4564,197
4565,197
4566,197
4567,197
4568,197
4569,197
4570,197
4571,197
4572,197
4573,197
4574,197
4575,197
4576,197
4577,197
4578,197
4579,197
4580,197
4581,197
4582,197
4583,197
4584,197
4585,197
4586,197
4587,197
4588,197
4589,197
4590,197
4591,197
4592,197
4593,197
4594,197
4595,197
4596,197
4597,197
4598,197
4599,197
4600,197
4601,197
4602,197
4603,198
4604,198
4605,198
4606,197
4607,197
4608,198
4609,198
4610,198
4611,198
4612,198
4613,198
4614,198
4615,198
4616,198
4617,198
4618,198
4619,198
4620,198
4621,198
4622,198
4623,198
4624,198
4625,198
4626,198
4627,198
4628,198
4629,198
4630,198
4631,198
4632,198
4633,198
4634,198
4635,198
4636,198
4637,198
4638,198
4639,198
4640,198
4641,198
4642,198
4643,198
4644,198
4645,198
4646,198
4647,198
4648,198
4649,198
4650,198
4651,198
4652,198
4653,198
4654,198
4655,198
4656,198
4657,198
4658,198
4659,198
4660,198
4661,198
4662,198
4663,198
4664,198
4665,198
4666,198
4667,198
4668,199
4669,198
4670,198
4671,199
4672,199
4673,199
4674,199
4675,199
4676,199
4677,199
4678,198
4679,198
4680,199
4681,199
4682,199
4683,199
4684,199
4685,199
4686,199
4687,199
4688,199
4689,199
4690,199
4691,199
4692,199
4693,199
4694,199
4695,199
4696,199
4697,199
4698,199
4699,199
4700,199
4701,199
4702,199
4703,199
4704,199
4705,199
4706,199
4707,199
4708,199
4709,199
4710,199
4711,199
4712,199
4713,199
4714,199
4715,199
4716,199
4717,199
4718,199
4719,199
4720,199
4721,199
4722,199
4723,199
4724,199
4725,199
4726,199
4727,199
4728,199
4729,199
4730,199
4731,199
4732,199
4733,199
4734,199
4735,199
4736,199
4737,199
4738,200
4739,200
4740,200
4741,200
4742,200
4743,200
4744,200
4745,200
4746,200
4747,200
4748,200
4749,200
4750,200
4751,200
4752,200
4753,200
4754,200
4755,200
4756,200
4757,200
4758,200
4759,200
4760,200
4761,200
4762,200
4763,200
4764,200
4765,200
4766,200
4767,200
4768,200
4769,200
4770,200
4771,200
4772,200
4773,200
4774,200
4775,200
4776,200
4777,200
4778,200
4779,200
4780,200
4781,200
4782,200
4783,200
4784,200
4785,200
4786,200
4787,200
4788,200
4789,200
4790,200
4791,200
4792,200
4793,200
4794,200
4795,200
4796,200
4797,200
4798,200
4799,200
4800,200
4801,200
4802,200
4803,200
4804,201
4805,201
4806,201
4807,201
4808,201
4809,201
4810,201
4811,201
4812,201
4813,201
4814,201
4815,201
4816,201
4817,201
4818,201
4819,201
4820,201
4821,201
4822,201
4823,201
4824,201
4825,201
4826,201
4827,201
4828,201
4829,201
4830,201
4831,201
4832,201
4833,201
4834,201
4835,201
4836,201
4837,201
4838,201
4839,201
4840,201
4841,201
4842,201
4843,201
4844,202
4845,201
4846,201
4847,202
4848,202
4849,202
4850,202
4851,202
4852,202
4853,202
4854,202
4855,202
4856,202
4857,202
4858,202
4859,202
4860,202
4861,202
4862,202
4863,202
4864,202
4865,202
4866,202
4867,202
4868,202
4869,202
4870,202
4871,202
4872,202
4873,202
4874,202
4875,202
4876,202
4877,202
4878,202
4879,202
4880,202
4881,202
4882,202
4883,202
4884,202
4885,202
4886,202
4887,202
4888,202
4889,202
4890,202
4891,202
4892,202
4893,202
4894,202
4895,202
4896,202
4897,202
4898,202
4899,202
4900,202
4901,202
4902,202
4903,202
4904,202
4905,202
4906,202
4907,202
4908,202
4909,202
4910,202
4911,202
4912,202
4913,202
4914,202
4915,202
4916,202
4917,202
4918,202
4919,202
4920,202
4921,202
4922,202
4923,202
4924,202
4925,202
4926,202
4927,202
4928,202
4929,202
4930,202
4931,202
4932,202
4933,202
4934,202
4935,202
4936,202
4937,202
4938,202
4939,202
4940,202
4941,202
4942,202
4943,202
4944,202
4945,202
4946,202
4947,202
4948,202
4949,202
4950,202
4951,202
4952,202
4953,202
4954,202
4955,202
4956,202
4957,202
4958,202
4959,202
4960,202
4961,202
4962,202
4963,202
4964,202
4965,202
4966,203
4967,203
4968,203
4969,203
4970,203
4971,203
4972,203
4973,203
4974,203
4975,203
4976,203
4977,203
4978,203
4979,203
4980,203
4981,203
4982,203
4983,203
4984,203
4985,203
4986,203
4987,203
4988,203
4989,203
4990,203
4991,203
4992,203
4993,203
4994,203
4995,203
4996,203
4997,203
4998,203
4999,203
5000,203
5001,203
5002,203
5003,203
5004,203
5005,203
5006,203
5007,203
5008,203
5009,203
5010,203
5011,203
5012,203
5013,203
5014,203
5015,203
5016,203
5017,203
5018,203
5019,203
5020,203
5021,203
5022,203
5023,203
5024,203
5025,203
5026,203
5027,203
5028,203
5029,203
5030,203
5031,203
5032,203
5033,203
5034,204
5035,204
5036,204
5037,204
5038,204
5039,204
5040,204
5041,204
5042,204
5043,204
5044,204
5045,204
5046,204
5047,204
5048,204
5049,204
5050,204
5051,204
5052,204
5053,204
5054,204
5055,204
5056,204
5057,204
5058,204
5059,204
5060,204
5061,204
5062,204
5063,204
5064,204
5065,204
5066,204
5067,204
5068,204
5069,204
5070,204
5071,204
5072,204
5073,204
5074,204
5075,204
5076,204
5077,204
5078,204
5079,204
5080,204
5081,204
5082,204
5083,204
5084,204
5085,204
5086,204
5087,204
5088,204
5089,204
5090,204
5091,204
5092,204
5093,204
5094,204
5095,204
5096,204
5097,204
5098,204
5099,204
5100,204
5101,204
5102,205
5103,204
5104,204
5105,204
5106,204
5107,204
5108,204
5109,204
5110,204
5111,204
5112,204
5113,204
5114,204
5115,204
5116,205
5117,205
5118,205
5119,205
5120,205
5121,205
5122,205
5123,205
5124,205
5125,205
5126,205
5127,205
5128,205
5129,205
5130,205
5131,205
5132,205
5133,205
5134,205
5135,205
5136,205
5137,205
5138,205
5139,205
5140,205
5141,205
5142,205
5143,205
5144,205
5145,205
5146,205
5147,205
5148,205
5149,205
5150,205
5151,205
5152,205
5153,205
5154,205
5155,205
5156,205
5157,205
5158,205
5159,205
5160,205
5161,205
5162,205
5163,205
5164,205
5165,205
5166,205
5167,205
5168,205
5169,205
5170,205
5171,205
5172,205
5173,205
5174,205
5175,205
5176,205
5177,205
5178,205
5179,205
5180,205
5181,205
5182,205
5183,205
5184,205
5185,205
5186,205
5187,205
5188,205
5189,205
5190,205
5191,205
5192,205
5193,205
5194,205
5195,205
5196,205
5197,205
5198,205
5199,205
5200,205
5201,205
5202,205
5203,205
5204,205
5205,206
5206,206
5207,206
5208,206
5209,206
5210,206
5211,206
5212,206
5213,206
5214,206
5215,206
5216,206
5217,206
5218,206
5219,206
5220,206
5221,206
5222,206
5223,206
5224,206
5225,206
5226,206
5227,206
5228,206
5229,206
5230,206
5231,206
5232,206
5233,206
5234,206
5235,206
5236,206
5237,206
5238,206
5239,206
5240,206
5241,206
5242,206
5243,206
5244,206
5245,206
5246,206
5247,206
5248,206
5249,206
5250,206
5251,206
5252,206
5253,206
5254,206
5255,206
5256,206
5257,206
5258,206
5259,206
5260,206
5261,206
5262,206
5263,206
5264,206
5265,206
5266,206
5267,206
5268,206
5269,206
5270,206
5271,206
5272,206
5273,206
5274,206
5275,206
5276,206
5277,206
5278,206
5279,206
5280,206
5281,206
5282,206
5283,206
5284,206
5285,206
5286,206
5287,206
5288,206
5289,206
5290,206
5291,206
5292,206
5293,206
5294,207
5295,207
5296,206
5297,206
5298,206
5299,207
5300,207
5301,207
5302,207
5303,207
5304,206
5305,207
5306,207
5307,207
5308,206
5309,206
5310,207
5311,206
5312,206
5313,206
5314,206
5315,206
5316,206
5317,206
5318,206
5319,206
5320,206
5321,206
5322,207
5323,207
5324,207
5325,207
5326,207
5327,207
5328,207
5329,207
5330,207
5331,207
5332,207
5333,207
5334,207
5335,207
5336,207
5337,207
5338,207
5339,207
5340,207
5341,207
5342,207
5343,207
5344,207
5345,207
5346,207
5347,207
5348,207
5349,207
5350,207
5351,207
5352,207
5353,207
5354,207
5355,207
5356,207
5357,207
5358,207
5359,207
5360,207
5361,207
5362,207
5363,207
5364,207
5365,207
5366,207
5367,207
5368,207
5369,207
5370,207
5371,207
5372,207
5373,207
5374,207
5375,207
5376,207
5377,207
5378,207
5379,207
5380,207
5381,207
5382,207
5383,207
5384,207
5385,207
5386,207
5387,207
5388,207
5389,207
5390,207
5391,207
5392,207
5393,207
5394,207
5395,207
5396,207
5397,207
5398,207
5399,207
5400,207
5401,207
5402,207
5403,207
5404,207
5405,207
5406,208
5407,208
5408,208
5409,208
5410,208
5411,208
5412,208
5413,208
5414,208
5415,208
5416,208
5417,208
5418,208
5419,208
5420,208
5421,208
5422,208
5423,208
5424,208
5425,208
5426,208
5427,208
5428,208
5429,208
5430,208
5431,208
5432,208
5433,208
5434,208
5435,208
5436,208
5437,208
5438,208
5439,208
5440,208
5441,208
5442,208
5443,208
5444,208
5445,208
5446,208
5447,208
5448,208
5449,208
5450,208
5451,208
5452,208
5453,208
5454,208
5455,208
5456,208
5457,208
5458,208
5459,208
5460,208
5461,208
5462,208
5463,208
5464,208
5465,208
5466,208
5467,208
5468,208
5469,208
5470,208
5471,208
5472,208
5473,208
5474,208
5475,208
5476,208
5477,208
5478,208
5479,208
5480,208
5481,208
5482,208
5483,208
5484,208
5485,208
5486,208
5487,208
5488,208
5489,208
5490,208
5491,208
5492,209
5493,209
5494,209
5495,209
5496,209
5497,209
5498,209
5499,209
5500,209
5501,209
5502,209
5503,209
5504,209
5505,209
5506,209
5507,209
5508,209
5509,209
5510,209
5511,209
5512,209
5513,209
5514,209
5515,209
5516,209
5517,209
5518,209
5519,209
5520,209
5521,209
5522,209
5523,209
5524,209
5525,209
5526,209
5527,209
5528,209
5529,209
5530,209
5531,209
5532,209
5533,209
5534,209
5535,209
5536,209
5537,209
5538,209
5539,209
5540,209
5541,209
5542,209
5543,209
5544,209
5545,209
5546,209
5547,209
5548,209
5549,209
5550,209
5551,209
5552,209
5553,209
5554,209
5555,209
5556,209
5557,209
5558,209
5559,209
5560,209
5561,209
5562,209
5563,209
5564,209
5565,209
5566,209
5567,209
5568,209
5569,209
5570,209
5571,209
5572,209
5573,209
5574,209
5575,209
5576,209
5577,209
5578,209
5579,209
5580,209
5581,209
5582,209
5583,209
5584,209
5585,209
5586,210
5587,209
5588,209
5589,209
5590,209
5591,209
5592,210
5593,210
5594,210
5595,210
5596,210
5597,210
5598,210
5599,210
5600,210
5601,210
5602,210
5603,210
5604,210
5605,210
5606,210
5607,210
5608,210
5609,210
5610,210
5611,210
5612,210
5613,210
5614,210
5615,210
5616,210
5617,210
5618,210
5619,210
5620,210
5621,210
5622,210
5623,210
5624,210
5625,210
5626,210
5627,210
5628,210
5629,210
5630,210
5631,210
5632,210
5633,210
5634,210
5635,210
5636,210
5637,210
5638,210
5639,210
5640,210
5641,210
5642,210
5643,210
5644,210
5645,210
5646,210
5647,210
5648,210
5649,210
5650,210
5651,210
5652,210
5653,210
5654,210
5655,210
5656,210
5657,210
5658,210
5659,210
5660,210
5661,210
5662,210
5663,210
5664,210
5665,210
5666,210
5667,211
5668,211
5669,210
5670,210
5671,210
5672,211
5673,211
5674,211
5675,211
5676,211
5677,211
5678,211
5679,211
5680,211
5681,211
5682,211
5683,211
5684,211
5685,211
5686,211
5687,211
5688,211
5689,211
5690,211
5691,211
5692,211
5693,211
5694,211
5695,211
5696,211
5697,211
5698,211
5699,211
5700,211
5701,211
5702,211
5703,211
5704,211
5705,211
5706,211
5707,211
5708,211
5709,211
5710,211
5711,211
5712,211
5713,211
5714,211
5715,211
5716,211
5717,211
5718,211
5719,211
5720,211
5721,211
5722,211
5723,211
5724,211
5725,211
5726,211
5727,211
5728,211
5729,211
5730,211
5731,211
5732,211
5733,211
5734,211
5735,211
5736,211
5737,212
5738,212
5739,212
5740,212
5741,212
5742,212
5743,212
5744,212
5745,212
5746,212
5747,212
5748,212
5749,212
5750,212
5751,212
5752,212
5753,212
5754,212
5755,212
5756,212
5757,212
5758,212
5759,212
5760,212
5761,212
5762,212
5763,212
5764,212
5765,212
5766,212
5767,212
5768,212
5769,212
5770,212
5771,212
5772,212
5773,212
5774,212
5775,212
5776,212
5777,212
5778,212
5779,212
5780,212
5781,212
5782,212
5783,212
5784,212
5785,212
5786,212
5787,212
5788,212
5789,212
5790,212
5791,212
5792,213
5793,213
5794,213
5795,213
5796,213
5797,213
5798,213
5799,213
5800,213
5801,213
5802,213
5803,213
5804,213
5805,213
5806,213
5807,213
5808,213
5809,213
5810,213
5811,213
5812,213
5813,213
5814,213
5815,213
5816,213
5817,213
5818,213
5819,213
5820,213
5821,213
5822,213
5823,213
5824,213
5825,213
5826,213
5827,214
5828,214
5829,214
5830,214
5831,214
5832,214
5833,214
5834,213
5835,213
5836,213
5837,213
5838,213
5839,213
5840,213
5841,213
5842,213
5843,213
5844,213
5845,214
5846,214
5847,214
5848,214
5849,214
5850,214
5851,214
5852,214
5853,214
5854,214
5855,214
5856,214
5857,214
5858,214
5859,214
5860,214
5861,214
5862,214
5863,214
5864,214
5865,214
5866,214
5867,214
5868,214
5869,214
5870,214
5871,214
5872,214
5873,214
5874,214
5875,214
5876,214
5877,214
5878,214
5879,214
5880,214
5881,214
5882,214
5883,214
5884,215
5885,214
5886,215
5887,215
5888,215
5889,215
5890,215
5891,215
5892,215
5893,215
5894,215
5895,215
5896,215
5897,215
5898,215
5899,215
5900,215
5901,215
5902,215
5903,215
5904,215
5905,215
5906,215
5907,215
5908,215
5909,215
5910,215
5911,215
5912,215
5913,215
5914,215
5915,215
5916,215
5917,215
5918,215
5919,215
5920,215
5921,215
5922,216
5923,216
5924,216
5925,216
5926,216
5927,216
5928,216
5929,216
5930,216
5931,216
5932,216
5933,216
5934,216
5935,216
5936,216
5937,216
5938,216
5939,216
5940,216
5941,216
5942,216
5943,216
5944,216
5945,216
5946,216
5947,216
5948,216
5949,216
5950,216
5951,216
5952,216
5953,216
5954,216
5955,216
5956,216
5957,216
5958,216
5959,216
5960,216
5961,216
5962,216
5963,216
5964,216
5965,216
5966,216
5967,217
5968,216
5969,217
5970,216
5971,217
5972,217
5973,217
5974,217
5975,217
5976,217
5977,217
5978,217
5979,217
5980,217
5981,217
5982,217
5983,217
5984,217
5985,217
5986,217
5987,217
5988,217
5989,217
5990,217
5991,217
5992,217
5993,217
5994,217
5995,217
5996,217
5997,217
5998,217
5999,217
6000,217
6001,217
6002,217
6003,217
6004,217
6005,217
6006,217
6007,217
6008,217
6009,217
6010,217
6011,217
6012,217
6013,217
6014,217
6015,217
6016,217
6017,217
6018,217
6019,217
6020,217
6021,217
6022,217
6023,217
6024,217
6025,217
6026,217
6027,218
6028,218
6029,218
6030,218
6031,218
6032,218
6033,218
6034,218
6035,218
6036,218
6037,218
6038,218
6039,218
6040,218
6041,218
6042,218
6043,218
6044,218
6045,218
6046,218
6047,218
6048,218
6049,218
6050,218
6051,218
6052,218
6053,218
6054,218
6055,218
6056,218
6057,218
6058,218
6059,218
6060,218
6061,218
6062,218
6063,219
6064,219
6065,219
6066,219
6067,219
6068,219
6069,219
6070,219
6071,219
6072,219
6073,219
6074,219
6075,219
6076,219
6077,219
6078,219
6079,219
6080,219
6081,219
6082,219
6083,219
6084,219
6085,219
6086,219
6087,219
6088,219
6089,219
6090,219
6091,219
6092,219
6093,219
6094,219
6095,219
6096,219
6097,219
6098,219
6099,219
6100,219
6101,219
6102,219
6103,219
6104,219
6105,219
6106,219
6107,219
6108,219
6109,219
6110,219
6111,219
6112,219
6113,219
6114,219
6115,219
6116,219
6117,219
6118,219
6119,219
6120,219
6121,219
6122,219
6123,219
6124,220
6125,220
6126,220
6127,220
6128,220
6129,220
6130,220
6131,220
6132,220
6133,220
6134,220
6135,220
6136,220
6137,220
6138,220
6139,220
6140,220
6141,220
6142,220
6143,220
6144,220
6145,220
6146,220
6147,220
6148,220
6149,220
6150,220
6151,220
6152,220
6153,220
6154,220
6155,220
6156,220
6157,220
6158,220
6159,220
6160,220
6161,220
6162,220
6163,220
6164,220
6165,220
6166,220
6167,220
6168,220
6169,220
6170,220
6171,220
6172,220
6173,220
6174,220
6175,220
6176,220
6177,221
6178,220
6179,220
6180,220
6181,220
6182,221
6183,221
6184,221
6185,221
6186,221
6187,221
6188,221
6189,221
6190,221
6191,221
6192,221
6193,221
6194,221
6195,221
6196,221
6197,221
6198,221
6199,221
6200,221
6201,221
6202,221
6203,221
6204,221
6205,221
6206,221
6207,221
6208,221
6209,221
6210,221
6211,221
6212,221
6213,221
6214,221
6215,221
6216,221
6217,221
6218,221
6219,221
6220,221
6221,221
6222,221
6223,221
6224,221
6225,221
6226,221
6227,221
6228,221
6229,221
6230,221
6231,221
6232,221
6233,221
6234,221
6235,221
6236,221
6237,221
6238,221
6239,221
6240,221
6241,221
6242,221
6243,221
6244,221
6245,221
6246,222
6247,222
6248,222
6249,222
6250,222
6251,222
6252,222
6253,222
6254,222
6255,222
6256,222
6257,222
6258,222
6259,222
6260,222
6261,222
6262,222
6263,222
6264,222
6265,222
6266,222
6267,222
6268,222
6269,222
6270,222
6271,222
6272,222
6273,222
6274,222
6275,222
6276,222
6277,222
6278,222
6279,222
6280,222
6281,222
6282,222
6283,222
6284,222
6285,222
6286,222
6287,222
6288,222
6289,222
6290,222
6291,222
6292,222
6293,222
6294,222
6295,222
6296,222
6297,222
6298,222
6299,222
6300,222
6301,222
6302,222
6303,222
6304,222
6305,222
6306,223
6307,223
6308,223
6309,223
6310,223
6311,223
6312,223
6313,223
6314,223
6315,223
6316,223
6317,223
6318,223
6319,223
6320,223
6321,223
6322,223
6323,223
6324,223
6325,223
6326,223
6327,223
6328,223
6329,223
6330,223
6331,223
6332,223
6333,223
6334,223
6335,223
6336,223
6337,223
6338,223
6339,223
6340,223
6341,223
6342,223
6343,223
6344,223
6345,223
6346,223
6347,223
6348,223
6349,223
6350,223
6351,223
6352,223
6353,223
6354,223
6355,223
6356,223
6357,223
6358,223
6359,223
6360,223
6361,223
6362,223
6363,223
6364,223
6365,223
6366,223
6367,223
6368,223
6369,223
6370,223
6371,223
6372,223
6373,223
6374,223
6375,223
6376,223
6377,223
6378,223
6379,223
6380,223
6381,223
6382,223
6383,223
6384,223
6385,223
6386,223
6387,223
6388,223
6389,224
6390,224
6391,224
6392,224
6393,224
6394,224
6395,224
6396,224
6397,224
6398,224
6399,224
6400,224
6401,224
6402,224
6403,224
6404,224
6405,224
6406,224
6407,224
6408,224
6409,224
6410,224
6411,224
6412,224
6413,224
6414,224
6415,224
6416,224
6417,224
6418,224
6419,224
6420,224
6421,224
6422,224
6423,224
6424,224
6425,224
6426,224
6427,224
6428,224
6429,224
6430,224
6431,224
6432,224
6433,224
6434,224
6435,224
6436,224
6437,224
6438,224
6439,224
6440,224
6441,224
6442,224
6443,224
6444,224
6445,224
6446,224
6447,224
6448,224
6449,224
6450,225
6451,224
6452,225
6453,225
6454,225
6455,225
6456,225
6457,225
6458,225
6459,225
6460,225
6461,225
6462,225
6463,225
6464,225
6465,225
6466,225
6467,225
6468,225
6469,225
6470,225
6471,225
6472,225
6473,225
6474,225
6475,225
6476,225
6477,225
6478,225
6479,225
6480,225
6481,225
6482,225
6483,225
6484,225
6485,225
6486,225
6487,225
6488,225
6489,225
6490,225
6491,225
6492,225
6493,225
6494,225
6495,225
6496,225
6497,225
6498,225
6499,225
6500,225
6501,225
6502,225
6503,225
6504,225
6505,225
6506,225
6507,225
6508,225
6509,225
6510,225
6511,225
6512,225
6513,225
6514,225
6515,225
6516,225
6517,225
6518,225
6519,225
6520,225
6521,225
6522,225
6523,225
6524,225
6525,225
6526,225
6527,225
6528,225
6529,225
6530,225
6531,225
6532,225
6533,225
6534,225
6535,225
6536,226
6537,225
6538,225
6539,225
6540,225
6541,225
6542,226
6543,225
6544,225
6545,225
6546,225
6547,225
6548,225
6549,226
6550,226
6551,226
6552,226
6553,226
6554,226
6555,226
6556,226
6557,226
6558,226
6559,226
6560,226
6561,226
6562,226
6563,226
6564,226
6565,226
6566,226
6567,226
6568,226
6569,226
6570,226
6571,226
6572,226
6573,226
6574,226
6575,226
6576,226
6577,226
6578,226
6579,226
6580,226
6581,226
6582,226
6583,226
6584,226
6585,226
6586,226
6587,226
6588,226
6589,226
6590,226
6591,226
6592,226
6593,226
6594,226
6595,226
6596,226
6597,226
6598,226
6599,226
6600,226
6601,226
6602,226
6603,226
6604,226
6605,226
6606,226
6607,226
6608,226
6609,226
6610,226
6611,226
6612,226
6613,226
6614,226
6615,226
6616,226
6617,226
6618,226
6619,226
6620,226
6621,226
6622,226
6623,226
6624,226
6625,226
6626,226
6627,226
6628,226
6629,226
6630,226
6631,226
6632,226
6633,226
6634,226
6635,226
6636,226
6637,226
6638,226
6639,226
6640,226
6641,227
6642,227
6643,227
6644,227
6645,227
6646,227
6647,227
6648,227
6649,227
6650,227
6651,227
6652,227
6653,227
6654,227
6655,227
6656,227
6657,227
6658,227
6659,227
6660,227
6661,227
6662,227
6663,227
6664,227
6665,227
6666,227
6667,227
6668,227
6669,227
6670,227
6671,227
6672,227
6673,227
6674,227
6675,227
6676,227
6677,227
6678,227
6679,227
6680,227
6681,227
6682,227
6683,227
6684,227
6685,227
6686,227
6687,227
6688,227
6689,227
6690,227
6691,227
6692,227
6693,227
6694,227
6695,227
6696,227
6697,227
6698,227
6699,227
6700,227
6701,227
6702,227
6703,227
6704,227
6705,227
6706,227
6707,227
6708,227
6709,227
6710,227
6711,227
6712,227
6713,227
6714,227
6715,227
6716,227
6717,227
6718,227
6719,227
6720,227
6721,227
6722,227
6723,227
6724,227
6725,227
6726,227
6727,227
6728,227
6729,227
6730,227
6731,227
6732,227
6733,227
6734,227
6735,227
6736,227
6737,227
6738,227
6739,227
6740,227
6741,227
6742,227
6743,228
6744,228
6745,228
6746,228
6747,228
6748,228
6749,228
6750,227
6751,227
6752,227
6753,228
6754,228
6755,228
6756,228
6757,227
6758,227
6759,227
6760,228
6761,228
6762,228
6763,227
6764,228
6765,228
6766,228
6767,228
6768,228
6769,228
6770,228
6771,228
6772,228
6773,228
6774,228
6775,228
6776,228
6777,228
6778,228
6779,228
6780,228
6781,228
6782,228
6783,228
6784,228
6785,228
6786,228
6787,228
6788,228
6789,228
6790,228
6791,228
6792,228
6793,228
6794,228
6795,228
6796,228
6797,228
6798,228
6799,228
6800,228
6801,228
6802,228
6803,228
6804,228
6805,228
6806,228
6807,228
6808,228
6809,228
6810,228
6811,228
6812,228
6813,228
6814,228
6815,228
6816,228
6817,228
6818,228
6819,228
6820,228
6821,228
6822,228
6823,228
6824,228
6825,228
6826,228
6827,229
6828,229
6829,229
6830,229
6831,229
6832,229
6833,229
6834,229
6835,229
6836,229
6837,229
6838,229
6839,229
6840,229
6841,229
6842,229
6843,229
6844,229
6845,229
6846,229
6847,229
6848,229
6849,229
6850,229
6851,229
6852,229
6853,229
6854,229
6855,229
6856,229
6857,229
6858,229
6859,229
6860,229
6861,229
6862,229
6863,229
6864,229
6865,229
6866,229
6867,229
6868,229
6869,229
6870,229
6871,229
6872,229
6873,229
6874,229
6875,229
6876,229
6877,229
6878,229
6879,229
6880,229
6881,229
6882,229
6883,229
6884,229
6885,229
6886,229
6887,229
6888,229
6889,229
6890,229
6891,229
6892,229
6893,229
6894,229
6895,229
6896,229
6897,229
6898,229
6899,229
6900,229
6901,229
6902,229
6903,229
6904,229
6905,229
6906,229
6907,229
6908,229
6909,229
6910,229
6911,229
6912,229
6913,229
6914,229
6915,229
6916,229
6917,229
6918,229
6919,230
6920,230
6921,230
6922,230
6923,230
6924,230
6925,230
6926,230
6927,230
6928,230
6929,230
6930,230
6931,230
6932,230
6933,230
6934,230
6935,230
6936,230
6937,230
6938,230
6939,230
6940,230
6941,230
6942,230
6943,230
6944,230
6945,230
6946,230
6947,230
6948,230
6949,230
6950,230
6951,230
6952,230
6953,230
6954,230
6955,230
6956,230
6957,230
6958,230
6959,230
6960,230
6961,230
6962,230
6963,230
6964,230
6965,230
6966,230
6967,230
6968,230
6969,230
6970,230
6971,230
6972,230
6973,230
6974,230
6975,230
6976,230
6977,230
6978,230
6979,230
6980,230
6981,230
6982,230
6983,230
6984,230
6985,230
6986,230
6987,230
6988,230
6989,230
6990,230
6991,231
6992,231
6993,230
6994,230
6995,230
6996,230
6997,230
6998,231
6999,231
7000,231
7001,230
7002,230
7003,230
7004,231
7005,231
7006,231
7007,231
7008,231
7009,231
7010,231
7011,231
7012,231
7013,231
7014,231
7015,231
7016,231
7017,231
7018,231
7019,231
7020,231
7021,231
7022,231
7023,231
7024,231
7025,231
7026,231
7027,231
7028,231
7029,231
7030,231
7031,231
7032,231
7033,231
7034,231
7035,231
7036,231
7037,231
7038,231
7039,231
7040,231
7041,231
7042,231
7043,231
7044,231
7045,231
7046,231
7047,231
7048,231
7049,231
7050,231
7051,231
7052,231
7053,231
7054,231
7055,231
7056,231
7057,231
7058,231
7059,231
7060,231
7061,231
7062,231
7063,231
7064,231
7065,231
7066,231
7067,231
7068,231
7069,231
7070,231
7071,231
7072,231
7073,231
7074,231
7075,231
7076,231
7077,231
7078,231
7079,231
7080,231
7081,231
7082,231
7083,231
7084,231
7085,231
7086,231
7087,231
7088,231
7089,232
7090,232
7091,232
7092,232
7093,232
7094,232
7095,232
7096,232
7097,232
7098,232
7099,232
7100,232
7101,232
7102,232
7103,232
7104,232
7105,232
7106,232
7107,232
7108,232
7109,232
7110,232
7111,232
7112,232
7113,232
7114,232
7115,232
7116,232
7117,232
7118,232
7119,232
7120,232
7121,232
7122,232
7123,232
7124,232
7125,232
7126,232
7127,232
7128,232
7129,232
7130,232
7131,232
7132,232
7133,232
7134,232
7135,232
7136,232
7137,232
7138,232
7139,232
7140,232
7141,232
7142,232
7143,232
7144,232
7145,232
7146,232
7147,232
7148,232
7149,232
7150,232
7151,232
7152,232
7153,232
7154,232
7155,232
7156,232
7157,232
7158,232
7159,232
7160,232
7161,232
7162,232
7163,232
7164,232
7165,232
7166,232
7167,232
7168,232
7169,232
7170,232
7171,232
7172,232
7173,232
7174,232
7175,232
7176,232
7177,232
7178,232
7179,232
7180,232
7181,233
7182,233
7183,233
7184,233
7185,233
7186,233
7187,233
7188,233
7189,233
7190,233
7191,233
7192,233
7193,233
7194,233
7195,233
7196,233
7197,233
7198,233
7199,233
7200,233
7201,233
7202,233
7203,233
7204,233
7205,233
7206,233
7207,233
7208,233
7209,233
7210,233
7211,233
7212,233
7213,233
7214,233
7215,233
7216,233
7217,233
7218,233
7219,233
7220,233
7221,233
7222,233
7223,233
7224,233
7225,233
7226,233
7227,233
7228,233
7229,233
7230,233
7231,233
7232,233
7233,233
7234,233
7235,233
7236,233
7237,233
7238,233
7239,233
7240,233
7241,233
7242,233
7243,233
7244,233
7245,233
7246,233
7247,233
7248,233
7249,233
7250,233
7251,233
7252,233
7253,233
7254,233
7255,233
7256,233
7257,233
7258,233
7259,233
7260,233
7261,233
7262,233
7263,233
7264,233
7265,233
7266,233
7267,233
7268,234
7269,234
7270,234
7271,234
7272,234
7273,234
7274,234
7275,234
7276,234
7277,234
7278,234
7279,234
7280,234
7281,234
7282,234
7283,234
7284,234
7285,234
7286,234
7287,234
7288,234
7289,234
7290,234
7291,234
7292,234
7293,234
7294,234
7295,234
7296,234
7297,234
7298,234
7299,234
7300,234
7301,234
7302,234
7303,234
7304,234
7305,234
7306,234
7307,234
7308,234
7309,234
7310,234
7311,234
7312,234
7313,234
7314,234
7315,234
7316,234
7317,234
7318,234
7319,234
7320,234
7321,234
7322,234
7323,234
7324,234
7325,234
7326,234
7327,234
7328,234
7329,234
7330,234
7331,234
7332,234
7333,234
7334,234
7335,234
7336,234
7337,234
7338,235
7339,235
7340,235
7341,235
7342,235
7343,235
7344,235
7345,235
7346,235
7347,235
7348,235
7349,235
7350,235
7351,235
7352,235
7353,235
7354,235
7355,235
7356,235
7357,235
7358,235
7359,235
7360,235
7361,235
7362,235
7363,235
7364,235
7365,235
7366,235
7367,235
7368,235
7369,235
7370,235
7371,235
7372,235
7373,235
7374,235
7375,235
7376,235
7377,235
7378,235
7379,235
7380,235
7381,235
7382,235
7383,235
7384,235
7385,235
7386,235
7387,235
7388,235
7389,235
7390,235
7391,235
7392,235
7393,235
7394,235
7395,235
7396,235
7397,235
7398,235
7399,235
7400,235
7401,235
7402,235
7403,235
7404,235
7405,235
7406,235
7407,235
7408,235
7409,235
7410,235
7411,235
7412,235
7413,235
7414,235
7415,235
7416,235
7417,235
7418,235
7419,235
7420,235
7421,235
7422,235
7423,235
7424,235
7425,235
7426,235
7427,235
7428,235
7429,235
7430,235
7431,235
7432,235
7433,235
7434,235
7435,235
7436,235
7437,235
7438,235
7439,235
7440,235
7441,235
7442,235
7443,235
7444,235
7445,235
7446,235
7447,235
7448,235
7449,235
7450,235
7451,235
7452,235
7453,235
7454,235
7455,235
7456,235
7457,235
7458,235
7459,235
7460,235
7461,235
7462,235
7463,235
7464,235
7465,236
7466,236
7467,236
7468,236
7469,236
7470,236
7471,236
7472,236
7473,236
7474,236
7475,236
7476,236
7477,236
7478,236
7479,236
7480,236
7481,236
7482,236
7483,236
7484,236
7485,236
7486,236
7487,236
7488,236
7489,236
7490,236
7491,236
7492,236
7493,236
7494,236
7495,236
7496,236
7497,236
7498,236
7499,236
7500,236
7501,236
7502,236
7503,236
7504,236
7505,236
7506,236
7507,236
7508,236
7509,236
7510,236
7511,236
7512,236
7513,236
7514,236
7515,236
7516,236
7517,236
7518,236
7519,236
7520,236
7521,236
7522,236
7523,236
7524,236
7525,236
7526,236
7527,236
7528,236
7529,236
7530,236
7531,236
7532,236
7533,236
7534,236
7535,236
7536,236
7537,236
7538,236
7539,236
7540,236
7541,236
7542,236
7543,236
7544,236
7545,236
7546,236
7547,236
7548,236
7549,236
7550,237
7551,237
7552,237
7553,237
7554,237
7555,237
7556,237
7557,237
7558,237
7559,237
7560,237
7561,237
7562,237
7563,237
7564,237
7565,237
7566,237
7567,237
7568,237
7569,237
7570,237
7571,237
7572,237
7573,237
7574,237
7575,237
7576,237
7577,237
7578,237
7579,237
7580,237
7581,237
7582,237
7583,237
7584,237
7585,237
7586,237
7587,237
7588,237
7589,237
7590,237
7591,237
7592,237
7593,237
7594,237
7595,237
7596,237
7597,237
7598,237
7599,237
7600,237
7601,237
7602,237
7603,237
7604,237
7605,237
7606,237
7607,237
7608,237
7609,237
7610,237
7611,237
7612,237
7613,237
7614,237
7615,237
7616,237
7617,237
7618,237
7619,237
7620,237
7621,237
7622,237
7623,237
7624,237
7625,237
7626,237
7627,237
7628,237
7629,237
7630,237
7631,238
7632,238
7633,238
7634,238
7635,238
7636,238
7637,238
7638,238
7639,238
7640,238
7641,238
7642,238
7643,238
7644,238
7645,238
7646,238
7647,238
7648,238
7649,238
7650,238
7651,238
7652,238
7653,238
7654,238
7655,238
7656,238
7657,238
7658,238
7659,238
7660,238
7661,238
7662,238
7663,238
7664,238
7665,238
7666,238
7667,238
7668,238
7669,238
7670,238
7671,238
7672,238
7673,238
7674,238
7675,238
7676,238
7677,238
7678,238
7679,238
7680,238
7681,238
7682,238
7683,238
7684,238
7685,238
7686,238
7687,238
7688,238
7689,238
7690,238
7691,238
7692,238
7693,238
7694,238
7695,238
7696,238
7697,238
7698,238
7699,238
7700,238
7701,238
7702,238
7703,238
7704,238
7705,238
7706,238
7707,238
7708,238
7709,238
7710,238
7711,238
7712,239
7713,239
7714,239
7715,239
7716,239
7717,239
7718,239
7719,239
7720,239
7721,239
7722,239
7723,239
7724,239
7725,239
7726,239
7727,239
7728,239
7729,239
7730,239
7731,239
7732,239
7733,239
7734,239
7735,239
7736,239
7737,239
7738,239
7739,239
7740,239
7741,239
7742,239
7743,239
7744,239
7745,239
7746,239
7747,239
7748,239
7749,239
7750,239
7751,239
7752,239
7753,239
7754,239
7755,239
7756,239
7757,239
7758,239
7759,239
7760,239
7761,239
7762,239
7763,239
7764,239
7765,239
7766,239
7767,239
7768,239
7769,239
7770,239
7771,239
7772,239
7773,239
7774,239
7775,239
7776,239
7777,239
7778,239
7779,239
7780,239
7781,239
7782,239
7783,239
7784,239
7785,239
7786,239
7787,239
7788,239
7789,239
7790,239
7791,239
7792,239
7793,239
7794,239
7795,240
7796,239
7797,239
7798,239
7799,239
7800,239
7801,239
7802,239
7803,239
7804,239
7805,239
7806,240
7807,240
7808,240
7809,240
7810,240
7811,240
7812,240
7813,240
7814,240
7815,240
7816,240
7817,240
7818,240
7819,240
7820,240
7821,240
7822,240
7823,240
7824,240
7825,240
7826,240
7827,240
7828,240
7829,240
7830,240
7831,240
7832,240
7833,240
7834,240
7835,240
7836,240
7837,240
7838,240
7839,240
7840,240
7841,240
7842,240
7843,240
7844,241
7845,241
7846,241
7847,241
7848,241
7849,241
7850,240
7851,240
7852,241
7853,240
7854,240
7855,240
7856,240
7857,240
7858,241
7859,241
7860,241
7861,241
7862,240
7863,240
7864,240
7865,240
7866,240
7867,240
7868,240
7869,241
7870,241
7871,240
7872,241
7873,241
7874,241
7875,241
7876,241
7877,241
7878,241
7879,241
7880,241
7881,241
7882,241
7883,241
7884,241
7885,241
7886,241
7887,241
7888,241
7889,241
7890,241
7891,241
7892,241
7893,241
7894,241
7895,241
7896,241
7897,241
7898,241
7899,241
7900,241
7901,241
7902,241
7903,241
7904,241
7905,241
7906,241
7907,241
7908,241
7909,241
7910,241
7911,241
7912,241
7913,241
7914,241
7915,241
7916,241
7917,241
7918,241
7919,241
7920,241
7921,241
7922,241
7923,241
7924,241
7925,241
7926,241
7927,241
7928,241
7929,241
7930,241
7931,241
7932,241
7933,241
7934,241
7935,241
7936,241
7937,241
7938,242
7939,241
7940,241
7941,242
7942,242
7943,242
7944,242
7945,242
7946,242
7947,242
7948,242
7949,242
7950,242
7951,242
7952,242
7953,242
7954,242
7955,242
7956,242
7957,242
7958,242
7959,242
7960,242
7961,242
7962,242
7963,242
7964,242
7965,242
7966,242
7967,242
7968,242
7969,242
7970,242
7971,242
7972,242
7973,242
7974,242
7975,242
7976,242
7977,242
7978,242
7979,242
7980,242
7981,242
7982,242
7983,242
7984,242
7985,242
7986,242
7987,242
7988,242
7989,242
7990,242
7991,242
7992,242
7993,242
7994,242
7995,242
7996,242
7997,242
7998,242
7999,242
8000,242
8001,242
8002,242
8003,242
8004,242
8005,242
8006,242
8007,242
8008,242
8009,242
8010,242
8011,242
8012,242
8013,242
8014,242
8015,242
8016,242
8017,242
8018,242
8019,242
8020,242
8021,242
8022,242
8023,242
8024,242
8025,242
8026,242
8027,242
8028,242
8029,242
8030,242
8031,242
8032,242
8033,242
8034,242
8035,242
8036,242
8037,242
8038,243
8039,243
8040,243
8041,243
8042,243
8043,243
8044,243
8045,242
8046,243
8047,242
8048,243
8049,243
8050,243
8051,243
8052,243
8053,243
8054,243
8055,243
8056,243
8057,243
8058,243
8059,243
8060,243
8061,242
8062,243
8063,243
8064,243
8065,243
8066,243
8067,243
8068,243
8069,243
8070,242
8071,242
8072,243
8073,243
8074,243
8075,243
8076,243
8077,243
8078,243
8079,243
8080,243
8081,243
8082,243
8083,243
8084,243
8085,243
8086,243
8087,243
8088,243
8089,243
8090,243
8091,243
8092,243
8093,243
8094,243
8095,243
8096,243
8097,243
8098,243
8099,243
8100,243
8101,243
8102,243
8103,243
8104,243
8105,243
8106,243
8107,243
8108,243
8109,243
8110,243
8111,243
8112,243
8113,243
8114,243
8115,243
8116,243
8117,243
8118,243
8119,243
8120,243
8121,243
8122,243
8123,243
8124,243
8125,243
8126,243
8127,243
8128,243
8129,243
8130,243
8131,243
8132,243
8133,243
8134,243
8135,243
8136,244
8137,244
8138,244
8139,243
8140,243
8141,244
8142,244
8143,244
8144,244
8145,244
8146,244
8147,244
8148,244
8149,244
8150,244
8151,244
8152,244
8153,244
8154,244
8155,244
8156,244
8157,244
8158,244
8159,244
8160,244
8161,244
8162,244
8163,244
8164,244
8165,244
8166,244
8167,244
8168,244
8169,244
8170,244
8171,244
8172,244
8173,244
8174,244
8175,244
8176,244
8177,244
8178,244
8179,244
8180,244
8181,244
8182,244
8183,244
8184,244
8185,244
8186,244
8187,244
8188,244
8189,244
8190,244
8191,244
8192,244
8193,244
8194,244
8195,244
8196,244
8197,244
8198,244
8199,244
8200,244
8201,244
8202,244
8203,244
8204,244
8205,244
8206,244
8207,244
8208,244
8209,244
8210,244
8211,244
8212,244
8213,244
8214,244
8215,244
8216,244
8217,244
8218,244
8219,244
8220,244
8221,244
8222,244
8223,244
8224,244
8225,244
8226,244
8227,244
8228,244
8229,244
8230,244
8231,244
8232,244
8233,244
8234,244
8235,244
8236,244
8237,244
8238,244
8239,244
8240,244
8241,244
8242,244
8243,244
8244,244
8245,244
8246,244
8247,244
8248,244
8249,244
8250,244
8251,244
8252,244
8253,244
8254,244
8255,245
8256,245
8257,245
8258,245
8259,245
8260,245
8261,245
8262,245
8263,245
8264,245
8265,245
8266,245
8267,245
8268,245
8269,245
8270,245
8271,245
8272,245
8273,245
8274,245
8275,245
8276,245
8277,245
8278,245
8279,245
8280,245
8281,245
8282,245
8283,245
8284,245
8285,245
8286,245
8287,245
8288,245
8289,245
8290,245
8291,245
8292,245
8293,245
8294,245
8295,245
8296,245
8297,245
8298,245
8299,245
8300,245
8301,245
8302,245
8303,245
8304,245
8305,245
8306,245
8307,245
8308,245
8309,245
8310,245
8311,245
8312,245
8313,245
8314,245
8315,245
8316,245
8317,245
8318,245
8319,245
8320,245
8321,245
8322,245
8323,245
8324,245
8325,245
8326,245
8327,245
8328,245
8329,245
8330,245
8331,245
8332,245
8333,245
8334,245
8335,245
8336,245
8337,245
8338,245
8339,245
8340,245
8341,245
8342,245
8343,245
8344,245
8345,245
8346,245
8347,245
8348,245
8349,245
8350,245
8351,245
8352,245
8353,245
8354,245
8355,245
8356,245
8357,245
8358,245
8359,245
8360,245
8361,245
8362,245
8363,245
8364,245
8365,245
8366,245
8367,245
8368,245
8369,245
8370,245
8371,245
8372,245
8373,245
8374,245
8375,245
8376,245
8377,245
8378,245
8379,245
8380,245
8381,245
8382,245
8383,245
8384,245
8385,245
8386,245
8387,245
8388,245
8389,245
8390,245
8391,245
8392,245
8393,246
8394,246
8395,246
8396,246
8397,246
8398,246
8399,246
8400,246
8401,246
8402,246
8403,246
8404,246
8405,246
8406,246
8407,246
8408,246
8409,246
8410,246
8411,246
8412,246
8413,246
8414,246
8415,246
8416,246
8417,246
8418,246
8419,246
8420,246
8421,246
8422,246
8423,246
8424,246
8425,246
8426,246
8427,246
8428,246
8429,246
8430,246
8431,246
8432,246
8433,246
8434,246
8435,246
8436,246
8437,246
8438,246
8439,246
8440,246
8441,246
8442,246
8443,246
8444,246
8445,246
8446,246
8447,246
8448,246
8449,246
8450,246
8451,246
8452,246
8453,246
8454,246
8455,246
8456,246
8457,246
8458,246
8459,246
8460,246
8461,246
8462,246
8463,246
8464,246
8465,246
8466,246
8467,246
8468,246
8469,246
8470,246
8471,246
8472,246
8473,246
8474,246
8475,246
8476,246
8477,246
8478,246
8479,246
8480,246
8481,246
8482,246
8483,246
8484,246
8485,246
8486,246
8487,246
8488,246
8489,246
8490,246
8491,246
8492,246
8493,246
8494,246
8495,246
8496,246
8497,246
8498,246
8499,246
8500,246
8501,246
8502,246
8503,246
8504,246
8505,246
8506,246
8507,246
8508,246
8509,246
8510,246
8511,246
8512,246
8513,246
8514,246
8515,246
8516,246
8517,246
8518,246
8519,246
8520,246
8521,246
8522,247
8523,246
8524,246
8525,246
8526,246
8527,246
8528,247
8529,247
8530,247
8531,247
8532,247
8533,247
8534,247
8535,247
8536,247
8537,247
8538,247
8539,247
8540,247
8541,247
8542,247
8543,247
8544,247
8545,247
8546,247
8547,247
8548,247
8549,247
8550,247
8551,247
8552,247
8553,247
8554,247
8555,247
8556,247
8557,247
8558,247
8559,247
8560,247
8561,247
8562,247
8563,247
8564,247
8565,247
8566,247
8567,247
8568,247
8569,247
8570,247
8571,247
8572,247
8573,247
8574,247
8575,247
8576,247
8577,247
8578,247
8579,247
8580,247
8581,247
8582,247
8583,247
8584,247
8585,247
8586,247
8587,247
8588,247
8589,247
8590,247
8591,247
8592,247
8593,247
8594,247
8595,247
8596,247
8597,247
8598,247
8599,247
8600,247
8601,247
8602,247
8603,247
8604,247
8605,247
8606,247
8607,247
8608,247
8609,247
8610,247
8611,247
8612,247
8613,247
8614,247
8615,247
8616,247
8617,247
8618,247
8619,247
8620,247
8621,247
8622,247
8623,247
8624,247
8625,247
8626,247
8627,247
8628,247
8629,247
8630,247
8631,247
8632,247
8633,248
8634,248
8635,248
8636,248
8637,248
8638,248
8639,248
8640,248
8641,248
8642,248
8643,248
8644,248
8645,248
8646,248
8647,248
8648,248
8649,248
8650,248
8651,248
8652,248
8653,248
8654,248
8655,248
8656,248
8657,248
8658,248
8659,248
8660,248
8661,248
8662,248
8663,248
8664,248
8665,248
8666,248
8667,248
8668,248
8669,248
8670,248
8671,248
8672,248
8673,248
8674,248
8675,248
8676,248
8677,248
8678,248
8679,248
8680,248
8681,248
8682,248
8683,248
8684,248
8685,248
8686,248
8687,248
8688,248
8689,248
8690,248
8691,248
8692,248
8693,248
8694,248
8695,248
8696,248
8697,248
8698,248
8699,248
8700,248
8701,249
8702,249
8703,249
8704,249
8705,249
8706,249
8707,249
8708,249
8709,249
8710,249
8711,249
8712,249
8713,249
8714,249
8715,249
8716,249
8717,249
8718,249
8719,249
8720,249
8721,249
8722,249
8723,249
8724,249
8725,249
8726,249
8727,249
8728,249
8729,249
8730,249
8731,249
8732,249
8733,249
8734,249
8735,249
8736,249
8737,249
8738,249
8739,249
8740,249
8741,249
8742,249
8743,249
8744,249
8745,249
8746,249
8747,249
8748,249
8749,249
8750,249
8751,249
8752,249
8753,249
8754,249
8755,249
8756,249
8757,249
8758,249
8759,249
8760,249
8761,249
8762,249
8763,249
8764,249
8765,249
8766,249
8767,249
8768,249
8769,249
8770,249
8771,249
8772,249
8773,249
8774,249
8775,249
8776,249
8777,249
8778,249
8779,249
8780,249
8781,249
8782,249
8783,249
8784,250
8785,250
8786,250
8787,250
8788,250
8789,250
8790,249
8791,250
8792,250
8793,250
8794,250
8795,250
8796,250
8797,250
8798,250
8799,249
8800,249
8801,249
8802,250
8803,250
8804,250
8805,249
8806,249
8807,250
8808,250
8809,250
8810,249
8811,250
8812,250
8813,250
8814,249
8815,249
8816,249
8817,249
8818,249
8819,249
8820,249
8821,250
8822,250
8823,249
8824,249
8825,250
8826,250
8827,250
8828,250
8829,250
8830,250
8831,250
8832,250
8833,250
8834,250
8835,250
8836,250
8837,250
8838,250
8839,250
8840,250
8841,250
8842,250
8843,250
8844,250
8845,250
8846,250
8847,250
8848,250
8849,250
8850,250
8851,250
8852,250
8853,250
8854,250
8855,250
8856,250
8857,250
8858,250
8859,250
8860,250
8861,250
8862,250
8863,250
8864,250
8865,250
8866,250
8867,250
8868,250
8869,250
8870,250
8871,250
8872,250
8873,250
8874,250
8875,250
8876,250
8877,250
8878,250
8879,250
8880,250
8881,250
8882,250
8883,250
8884,250
8885,250
8886,250
8887,250
8888,250
8889,250
8890,250
8891,250
8892,250
8893,250
8894,250
8895,250
8896,250
8897,250
8898,250
8899,250
8900,250
8901,250
8902,250
8903,251
8904,251
8905,251
8906,251
8907,251
8908,251
8909,251
8910,251
8911,251
8912,251
8913,251
8914,251
8915,251
8916,251
8917,251
8918,251
8919,251
8920,251
8921,251
8922,251
8923,251
8924,251
8925,251
8926,251
8927,251
8928,251
8929,251
8930,251
8931,251
8932,251
8933,251
8934,251
8935,251
8936,251
8937,251
8938,251
8939,251
8940,251
8941,251
8942,251
8943,251
8944,251
8945,251
8946,251
8947,251
8948,251
8949,251
8950,251
8951,251
8952,251
8953,251
8954,251
8955,251
8956,251
8957,251
8958,252
8959,252
8960,252
8961,252
8962,252
8963,252
8964,252
8965,252
8966,252
8967,252
8968,252
8969,252
8970,252
8971,252
8972,252
8973,252
8974,252
8975,252
8976,252
8977,252
8978,252
8979,252
8980,252
8981,252
8982,252
8983,252
8984,252
8985,252
8986,252
8987,252
8988,252
8989,252
8990,252
8991,252
8992,252
8993,252
8994,252
8995,252
8996,252
8997,252
8998,252
8999,252
9000,252
9001,252
9002,252
9003,252
9004,252
9005,252
9006,252
9007,252
9008,252
9009,252
9010,252
9011,252
9012,252
9013,252
9014,252
9015,252
9016,252
9017,252
9018,252
9019,252
9020,252
9021,252
9022,252
9023,252
9024,252
9025,252
9026,252
9027,252
9028,252
9029,252
9030,252
9031,252
9032,253
9033,252
9034,252
9035,252
9036,252
9037,252
9038,252
9039,252
9040,252
9041,253
9042,253
9043,253
9044,253
9045,253
9046,253
9047,253
9048,253
9049,253
9050,253
9051,253
9052,253
9053,253
9054,253
9055,253
9056,253
9057,253
9058,253
9059,253
9060,253
9061,253
9062,253
9063,253
9064,253
9065,253
9066,253
9067,253
9068,253
9069,253
9070,253
9071,253
9072,253
9073,253
9074,253
9075,253
9076,253
9077,253
9078,253
9079,253
9080,253
9081,253
9082,253
9083,253
9084,253
9085,253
9086,253
9087,253
9088,253
9089,253
9090,253
9091,253
9092,253
9093,253
9094,253
9095,253
9096,253
9097,253
9098,253
9099,253
9100,253
9101,253
9102,253
9103,253
9104,253
9105,253
9106,253
9107,253
9108,253
9109,253
9110,253
9111,253
9112,253
9113,253
9114,253
9115,253
9116,253
9117,253
9118,253
9119,253
9120,253
9121,253
9122,253
9123,253
9124,253
9125,253
9126,253
9127,253
9128,253
9129,254
9130,254
9131,254
9132,253
9133,254
9134,254
9135,254
9136,254
9137,254
9138,254
9139,254
9140,254
9141,254
9142,253
9143,253
9144,253
9145,253
9146,253
9147,253
9148,253
9149,254
9150,254
9151,254
9152,254
9153,254
9154,254
9155,254
9156,254
9157,254
9158,254
9159,254
9160,254
9161,254
9162,254
9163,254
9164,254
9165,254
9166,254
9167,254
9168,254
9169,254
9170,254
9171,254
9172,254
9173,254
9174,254
9175,254
9176,254
9177,254
9178,254
9179,254
9180,254
9181,254
9182,254
9183,254
9184,254
9185,254
9186,254
9187,254
9188,254
9189,254
9190,254
9191,254
9192,254
9193,254
9194,254
9195,254
9196,254
9197,254
9198,254
9199,254
9200,254
9201,254
9202,254
9203,254
9204,254
9205,254
9206,254
9207,254
9208,254
9209,254
9210,254
9211,254
9212,254
9213,254
9214,254
9215,254
9216,254
9217,255
9218,255
9219,255
9220,255
9221,255
9222,254
9223,255
9224,255
9225,255
9226,255
9227,254
9228,254
9229,255
9230,255
9231,255
9232,255
9233,255
9234,255
9235,255
9236,255
9237,255
9238,255
9239,255
9240,255
9241,255
9242,255
9243,255
9244,255
9245,255
9246,255
9247,255
9248,255
9249,255
9250,255
9251,255
9252,255
9253,255
9254,255
9255,255
9256,255
9257,255
9258,255
9259,255
9260,255
9261,255
9262,255
9263,255
9264,255
9265,255
9266,255
9267,255
9268,255
9269,255
9270,255
9271,255
9272,255
9273,255
9274,255
9275,255
9276,255
9277,255
9278,255
9279,255
9280,255
9281,255
9282,255
9283,255
9284,255
9285,255
9286,255
9287,255
9288,255
9289,255
9290,255
9291,255
9292,255
9293,255
9294,255
9295,255
9296,255
9297,255
9298,255
9299,255
9300,255
9301,255
9302,255
9303,255
9304,255
9305,255
9306,255
9307,255
9308,255
9309,255
9310,255
9311,255
9312,255
9313,255
9314,256
9315,256
9316,256
9317,256
9318,256
9319,256
9320,256
9321,256
9322,256
9323,256
9324,256
9325,256
9326,256
9327,256
9328,256
9329,256
9330,256
9331,256
9332,256
9333,256
9334,256
9335,256
9336,256
9337,256
9338,256
9339,256
9340,256
9341,256
9342,256
9343,256
9344,256
9345,256
9346,256
9347,256
9348,256
9349,256
9350,256
9351,256
9352,256
9353,256
9354,256
9355,256
9356,256
9357,256
9358,256
9359,256
9360,256
9361,256
9362,256
9363,256
9364,256
9365,256
9366,256
9367,256
9368,256
9369,256
9370,256
9371,256
9372,256
9373,256
9374,256
9375,256
9376,256
9377,256
9378,256
9379,256
9380,256
9381,256
9382,256
9383,256
9384,256
9385,256
9386,256
9387,256
9388,257
9389,256
9390,257
9391,257
9392,257
9393,257
9394,257
9395,257
9396,257
9397,257
9398,257
9399,257
9400,257
9401,257
9402,257
9403,257
9404,257
9405,257
9406,257
9407,257
9408,257
9409,257
9410,257
9411,257
9412,257
9413,257
9414,257
9415,257
9416,257
9417,257
9418,257
9419,257
9420,257
9421,257
9422,257
9423,257
9424,257
9425,257
9426,257
9427,257
9428,257
9429,257
9430,257
9431,257
9432,257
9433,257
9434,257
9435,257
9436,257
9437,257
9438,257
9439,257
9440,257
9441,257
9442,257
9443,257
9444,257
9445,257
9446,257
9447,257
9448,257
9449,257
9450,257
9451,257
9452,257
9453,257
9454,257
9455,257
9456,257
9457,257
9458,257
9459,257
9460,257
9461,257
9462,257
9463,257
9464,257
9465,257
9466,257
9467,257
9468,258
9469,258
9470,257
9471,258
9472,257
9473,258
9474,258
9475,258
9476,258
9477,258
9478,258
9479,258
9480,258
9481,258
9482,258
9483,258
9484,258
9485,258
9486,258
9487,258
9488,258
9489,258
9490,258
9491,258
9492,258
9493,258
9494,258
9495,258
9496,258
9497,258
9498,258
9499,258
9500,258
9501,258
9502,258
9503,258
9504,258
9505,258
9506,258
9507,258
9508,258
9509,258
9510,258
9511,258
9512,258
9513,258
9514,258
9515,258
9516,258
9517,258
9518,258
9519,258
9520,258
9521,258
9522,258
9523,258
9524,258
9525,258
9526,258
9527,258
9528,258
9529,258
9530,258
9531,258
9532,258
9533,258
9534,258
9535,258
9536,258
9537,258
9538,258
9539,258
9540,258
9541,258
9542,258
9543,258
9544,258
9545,258
9546,258
9547,258
9548,259
9549,259
9550,259
9551,259
9552,259
9553,259
9554,259
9555,259
9556,259
9557,259
9558,259
9559,259
9560,259
9561,259
9562,259
9563,259
9564,259
9565,259
9566,259
9567,259
9568,259
9569,259
9570,259
9571,259
9572,259
9573,259
9574,259
9575,259
9576,259
9577,259
9578,259
9579,259
9580,259
9581,259
9582,259
9583,259
9584,259
9585,259
9586,259
9587,259
9588,259
9589,259
9590,259
9591,259
9592,259
9593,259
9594,259
9595,259
9596,259
9597,259
9598,259
9599,259
9600,259
9601,259
9602,259
9603,259
9604,259
9605,259
9606,259
9607,259
9608,259
9609,259
9610,259
9611,259
9612,260
9613,260
9614,260
9615,260
9616,260
9617,260
9618,260
9619,260
9620,260
9621,260
9622,260
9623,260
9624,260
9625,260
9626,260
9627,260
9628,260
9629,260
9630,260
9631,260
9632,260
9633,260
9634,260
9635,260
9636,260
9637,260
9638,260
9639,260
9640,260
9641,260
9642,260
9643,260
9644,260
9645,260
9646,260
9647,260
9648,260
9649,260
9650,260
9651,260
9652,260
9653,260
9654,260
9655,260
9656,260
9657,260
9658,260
9659,260
9660,260
9661,260
9662,260
9663,260
9664,260
9665,260
9666,260
9667,260
9668,260
9669,260
9670,260
9671,260
9672,260
9673,260
9674,260
9675,260
9676,260
9677,260
9678,260
9679,260
9680,260
9681,260
9682,260
9683,260
9684,260
9685,260
9686,260
9687,260
9688,260
9689,260
9690,260
9691,260
9692,260
9693,260
9694,260
9695,260
9696,260
9697,260
9698,260
9699,260
9700,260
9701,260
9702,260
9703,260
9704,260
9705,260
9706,260
9707,260
9708,260
9709,260
9710,260
9711,260
9712,260
9713,260
9714,260
9715,260
9716,260
9717,261
9718,261
9719,261
9720,261
9721,261
9722,261
9723,261
9724,261
9725,261
9726,261
9727,261
9728,261
9729,261
9730,261
9731,261
9732,261
9733,261
9734,261
9735,261
9736,261
9737,261
9738,261
9739,261
9740,261
9741,261
9742,261
9743,261
9744,261
9745,261
9746,261
9747,261
9748,261
9749,261
9750,261
9751,261
9752,261
9753,261
9754,261
9755,261
9756,261
9757,261
9758,261
9759,261
9760,261
9761,261
9762,261
9763,261
9764,261
9765,261
9766,261
9767,261
9768,261
9769,261
9770,261
9771,261
9772,261
9773,261
9774,261
9775,261
9776,261
9777,261
9778,261
9779,261
9780,261
9781,261
9782,261
9783,261
9784,261
9785,261
9786,261
9787,261
9788,261
9789,261
9790,261
9791,261
9792,261
9793,261
9794,261
9795,261
9796,261
9797,261
9798,261
9799,261
9800,261
9801,261
9802,261
9803,261
9804,261
9805,261
9806,261
9807,261
9808,261
9809,261
9810,261
9811,261
9812,261
9813,261
9814,261
9815,261
9816,261
9817,261
9818,261
9819,261
9820,261
9821,261
9822,261
9823,261
9824,261
9825,261
9826,261
9827,261
9828,261
9829,261
9830,261
9831,261
9832,261
9833,261
9834,261
9835,261
9836,261
9837,261
9838,261
9839,261
9840,262
9841,262
9842,262
9843,262
9844,262
9845,262
9846,262
9847,262
9848,262
9849,262
9850,262
9851,262
9852,262
9853,262
9854,262
9855,262
9856,262
9857,262
9858,261
9859,262
9860,262
9861,262
9862,262
9863,262
9864,262
9865,262
9866,262
9867,262
9868,262
9869,262
9870,262
9871,262
9872,262
9873,262
9874,262
9875,262
9876,262
9877,262
9878,262
9879,262
9880,262
9881,262
9882,262
9883,262
9884,262
9885,262
9886,262
9887,262
9888,262
9889,262
9890,262
9891,262
9892,262
9893,262
9894,262
9895,262
9896,262
9897,262
9898,262
9899,262
9900,262
9901,262
9902,262
9903,262
9904,262
9905,262
9906,262
9907,262
9908,262
9909,262
9910,262
9911,262
9912,262
9913,262
9914,262
9915,262
9916,262
9917,262
9918,262
9919,262
9920,262
9921,262
9922,262
9923,262
9924,262
9925,262
9926,262
9927,262
9928,262
9929,263
9930,263
9931,263
9932,263
9933,263
9934,263
9935,263
9936,263
9937,263
9938,263
9939,263
9940,263
9941,263
9942,263
9943,263
9944,263
9945,263
9946,263
9947,263
9948,263
9949,263
9950,263
9951,263
9952,263
9953,263
9954,263
9955,263
9956,263
9957,263
9958,263
9959,263
9960,263
9961,263
9962,263
9963,263
9964,263
9965,263
9966,263
9967,263
9968,263
9969,263
9970,263
9971,263
9972,263
9973,263
9974,263
9975,263
9976,263
9977,263
9978,263
9979,263
9980,263
9981,263
9982,263
9983,263
9984,263
9985,263
9986,263
9987,263
9988,263
9989,263
9990,263
9991,263
9992,263
9993,263
9994,263
9995,263
9996,263
9997,263
9998,263
9999,263
