0,150
1,150
2,149
3,150
4,150
5,150
6,150
7,150
8,150
9,150
10,150
11,150
12,150
13,150
14,150
15,150
16,150
17,150
18,150
19,150
20,150
21,150
22,150
23,150
24,150
25,150
26,150
27,150
28,150
29,150
30,150
31,150
32,150
33,150
34,150
35,150
36,150
37,150
38,150
39,150
40,150
41,150
42,150
43,150
44,150
45,150
46,150
47,150
48,150
49,150
50,150
51,150
52,150
53,150
54,150
55,150
56,150
57,150
58,150
59,150
60,150
61,150
62,150
63,150
64,150
65,150
66,150
67,150
68,150
69,150
70,150
71,150
72,150
73,150
74,150
75,150
76,150
77,150
78,150
79,150
80,150
81,150
82,150
83,150
84,150
85,150
86,150
87,150
88,150
89,150
90,150
91,150
92,150
93,150
94,150
95,150
96,150
97,150
98,150
99,150
100,150
101,150
102,150
103,150
104,150
105,150
106,150
107,150
108,150
109,150
110,150
111,150
112,150
113,150
114,150
115,150
116,150
117,150
118,150
119,150
120,150
121,150
122,150
123,150
124,150
125,150
126,150
127,150
128,150
129,150
130,151
131,150
132,151
133,151
134,151
135,151
136,151
137,151
138,151
139,151
140,151
141,151
142,151
143,151
144,151
145,151
146,151
147,151
148,151
149,151
150,151
151,151
152,151
153,151
154,151
155,151
156,151
157,151
158,151
159,151
160,151
161,151
162,151
163,151
164,151
165,151
166,151
167,151
168,151
169,151
170,151
171,151
172,151
173,151
174,151
175,151
176,151
177,151
178,151
179,151
180,151
181,151
182,151
183,151
184,151
185,151
186,151
187,151
188,151
189,151
190,151
191,151
192,151
193,151
194,151
195,151
196,151
197,151
198,151
199,151
200,152
201,152
202,152
203,152
204,152
205,152
206,152
207,152
208,152
209,151
210,151
211,151
212,151
213,151
214,151
215,152
216,152
217,152
218,151
219,151
220,152
221,152
222,152
223,152
224,152
225,152
226,152
227,152
228,152
229,152
230,152
231,152
232,152
233,152
234,152
235,152
236,152
237,152
238,152
239,152
240,152
241,152
242,152
243,152
244,152
245,152
246,152
247,152
248,152
249,152
250,152
251,152
252,152
253,152
254,152
255,152
256,152
257,152
258,152
259,152
260,152
261,152
262,152
263,152
264,152
265,152
266,152
267,152
268,152
269,152
270,152
271,152
272,152
273,152
274,152
275,152
276,152
277,152
278,152
279,152
280,152
281,152
282,152
283,152
284,152
285,152
286,152
287,153
288,153
289,153
290,153
291,153
292,153
293,153
294,153
295,153
296,153
297,153
298,153
299,153
300,153
301,153
302,153
303,153
304,153
305,153
306,153
307,153
308,153
309,153
310,153
311,153
312,153
313,153
314,153
315,153
316,153
317,153
318,153
319,153
320,153
321,153
322,153
323,153
324,153
325,153
326,153
327,153
328,153
329,153
330,153
331,153
332,153
333,153
334,153
335,153
336,153
337,153
338,153
339,153
340,153
341,153
342,153
343,153
344,153
345,153
346,153
347,153
348,153
349,153
350,153
351,153
352,153
353,153
354,153
355,153
356,153
357,153
358,153
359,153
360,153
361,153
362,153
363,153
364,153
365,153
366,153
367,153
368,153
369,153
370,153
371,153
372,153
373,154
374,154
375,154
376,154
377,154
378,154
379,154
380,153
381,153
382,153
383,154
384,154
385,154
386,154
387,154
388,154
389,154
390,154
391,154
392,154
393,154
394,154
395,154
396,154
397,154
398,154
399,154
400,154
401,154
402,154
403,154
404,154
405,154
406,154
407,154
408,154
409,154
410,154
411,154
412,154
413,154
414,154
415,154
416,154
417,154
418,154
419,154
420,154
421,154
422,154
423,154
424,154
425,154
426,154
427,154
428,154
429,154
430,154
431,154
432,154
433,154
434,154
435,154
436,154
437,154
438,154
439,154
440,154
441,154
442,154
443,154
444,154
445,155
446,155
447,154
448,155
449,155
450,155
451,155
452,155
453,155
454,155
455,155
456,155
457,155
458,155
459,155
460,155
461,155
462,155
463,155
464,155
465,155
466,155
467,155
468,155
469,155
470,155
471,155
472,155
473,155
474,155
475,155
476,155
477,155
478,155
479,155
480,155
481,155
482,155
483,155
484,155
485,155
486,155
487,155
488,155
489,155
490,155
491,155
492,155
493,155
494,155
495,155
496,155
497,155
498,155
499,155
500,155
501,155
502,155
503,155
504,155
505,155
506,155
507,155
508,155
509,155
510,155
511,155
512,155
513,155
514,155
515,156
516,156
517,156
518,156
519,156
520,156
521,156
522,156
523,156
524,156
525,156
526,156
527,156
528,156
529,156
530,156
531,156
532,156
533,156
534,156
535,156
536,156
537,156
538,156
539,156
540,156
541,156
542,156
543,156
544,156
545,156
546,156
547,156
548,156
549,156
550,156
551,156
552,156
553,157
554,156
555,157
556,157
557,157
558,157
559,157
560,157
561,157
562,157
563,157
564,157
565,157
566,157
567,157
568,157
569,157
570,157
571,157
572,157
573,157
574,157
575,157
576,157
577,157
578,157
579,157
580,157
581,157
582,157
583,157
584,157
585,158
586,158
587,158
588,158
589,158
590,158
591,158
592,158
593,158
594,158
595,158
596,158
597,157
598,157
599,157
600,158
601,157
602,157
603,157
604,158
605,158
606,158
607,158
608,158
609,158
610,158
611,158
612,158
613,158
614,158
615,158
616,158
617,158
618,158
619,158
620,158
621,158
622,158
623,158
624,158
625,158
626,158
627,158
628,158
629,158
630,158
631,158
632,158
633,158
634,158
635,158
636,158
637,158
638,158
639,158
640,158
641,158
642,158
643,158
644,158
645,158
646,158
647,158
648,159
649,159
650,159
651,159
652,159
653,159
654,159
655,159
656,159
657,159
658,159
659,159
660,159
661,159
662,159
663,159
664,159
665,159
666,159
667,159
668,159
669,159
670,159
671,159
672,159
673,159
674,159
675,159
676,159
677,159
678,159
679,159
680,159
681,159
682,159
683,159
684,159
685,159
686,159
687,159
688,159
689,159
690,159
691,159
692,159
693,159
694,159
695,159
696,159
697,159
698,159
699,159
700,159
701,159
702,159
703,159
704,159
705,159
706,159
707,159
708,159
709,159
710,159
711,159
712,159
713,159
714,159
715,159
716,159
717,159
718,160
719,160
720,160
721,160
722,160
723,160
724,160
725,160
726,160
727,160
728,160
729,160
730,160
731,160
732,160
733,160
734,160
735,160
736,160
737,160
738,160
739,160
740,160
741,160
742,160
743,160
744,160
745,160
746,160
747,160
748,160
749,160
750,160
751,160
752,160
753,160
754,160
755,161
756,161
757,161
758,161
759,161
760,161
761,161
762,161
763,161
764,161
765,161
766,161
767,161
768,161
769,161
770,161
771,161
772,161
773,161
774,161
775,161
776,161
777,161
778,161
779,161
780,161
781,161
782,161
783,161
784,161
785,161
786,161
787,161
788,161
789,161
790,161
791,161
792,161
793,161
794,161
795,161
796,161
797,161
798,161
799,161
800,161
801,161
802,161
803,161
804,161
805,161
806,161
807,161
808,161
809,161
810,161
811,161
812,161
813,161
814,161
815,161
816,161
817,161
818,161
819,161
820,161
821,161
822,161
823,162
824,162
825,162
826,162
827,162
828,162
829,162
830,162
831,162
832,162
833,162
834,161
835,162
836,162
837,162
838,162
839,162
840,162
841,162
842,162
843,162
844,162
845,162
846,162
847,162
848,162
849,162
850,162
851,162
852,162
853,162
854,162
855,162
856,162
857,162
858,162
859,162
860,162
861,162
862,162
863,162
864,162
865,162
866,162
867,162
868,162
869,163
870,162
871,163
872,163
873,163
874,163
875,163
876,163
877,163
878,163
879,163
880,163
881,163
882,163
883,163
884,163
885,163
886,163
887,163
888,163
889,163
890,163
891,163
892,163
893,163
894,163
895,163
896,163
897,163
898,163
899,163
900,163
901,163
902,163
903,163
904,163
905,163
906,163
907,163
908,163
909,163
910,163
911,163
912,163
913,163
914,163
915,163
916,163
917,163
918,163
919,163
920,163
921,163
922,164
923,163
924,163
925,163
926,163
927,163
928,164
929,164
930,164
931,164
932,164
933,164
934,164
935,164
936,164
937,164
938,164
939,164
940,164
941,164
942,164
943,164
944,164
945,164
946,164
947,164
948,164
949,164
950,164
951,164
952,164
953,164
954,164
955,164
956,164
957,164
958,164
959,164
960,164
961,164
962,164
963,164
964,164
965,164
966,164
967,164
968,164
969,165
970,165
971,165
972,165
973,165
974,165
975,165
976,165
977,165
978,165
979,165
980,165
981,165
982,165
983,165
984,165
985,165
986,165
987,165
988,165
989,165
990,165
991,165
992,165
993,165
994,165
995,165
996,165
997,165
998,165
999,165
1000,165
1001,165
1002,165
1003,165
1004,165
1005,165
1006,165
1007,165
1008,165
1009,165
1010,165
1011,165
1012,165
1013,165
1014,165
1015,165
1016,165
1017,165
1018,165
1019,165
1020,165
1021,165
1022,165
1023,165
1024,165
1025,165
1026,165
1027,165
1028,165
1029,165
1030,165
1031,165
1032,165
1033,165
1034,165
1035,165
1036,165
1037,165
1038,165
1039,165
1040,165
1041,165
1042,165
1043,165
1044,165
1045,165
1046,165
1047,165
1048,165
1049,165
1050,165
1051,165
1052,165
1053,165
1054,165
1055,165
1056,165
1057,165
1058,165
1059,165
1060,165
1061,165
1062,165
1063,165
1064,165
1065,165
1066,165
1067,165
1068,165
1069,165
1070,165
1071,165
1072,165
1073,166
1074,165
1075,165
1076,165
1077,166
1078,166
1079,166
1080,166
1081,166
1082,166
1083,166
1084,166
1085,166
1086,166
1087,166
1088,166
1089,166
1090,166
1091,166
1092,166
1093,166
1094,166
1095,166
1096,166
1097,166
1098,166
1099,166
1100,166
1101,166
1102,166
1103,166
1104,166
1105,166
1106,166
1107,166
1108,166
1109,166
1110,166
1111,166
1112,166
1113,166
1114,166
1115,166
1116,166
1117,166
1118,166
1119,166
1120,166
1121,166
1122,166
1123,166
1124,166
1125,166
1126,166
1127,166
1128,166
1129,166
1130,166
1131,166
1132,166
1133,166
1134,166
1135,166
1136,166
1137,166
1138,166
1139,166
1140,166
1141,166
1142,166
1143,166
1144,166
1145,166
1146,166
1147,166
1148,166
1149,166
1150,166
1151,166
1152,166
1153,166
1154,166
1155,166
1156,166
1157,166
1158,166
1159,166
1160,166
1161,167
1162,167
1163,166
1164,167
1165,167
1166,167
1167,167
1168,167
1169,167
1170,167
1171,167
1172,167
1173,167
1174,167
1175,167
1176,167
1177,167
1178,167
1179,167
1180,167
1181,167
1182,167
1183,167
1184,167
1185,167
1186,167
1187,167
1188,167
1189,167
1190,167
1191,167
1192,167
1193,167
1194,167
1195,167
1196,167
1197,167
1198,167
1199,167
1200,167
1201,167
1202,167
1203,167
1204,167
1205,167
1206,167
1207,167
1208,167
1209,167
1210,167
1211,167
1212,167
1213,167
1214,167
1215,167
1216,167
1217,167
1218,167
1219,167
1220,167
1221,167
1222,167
1223,167
1224,167
1225,167
1226,167
1227,167
1228,167
1229,167
1230,167
1231,167
1232,167
1233,167
1234,167
1235,167
1236,167
1237,167
1238,167
1239,167
1240,168
1241,168
1242,168
1243,168
1244,168
1245,168
1246,168
1247,168
1248,168
1249,168
1250,168
1251,168
1252,168
1253,168
1254,168
1255,168
1256,168
1257,168
1258,168
1259,168
1260,168
1261,168
1262,168
1263,168
1264,168
1265,168
1266,168
1267,168
1268,168
1269,168
1270,168
1271,168
1272,168
1273,168
1274,168
1275,168
1276,168
1277,168
1278,168
1279,168
1280,168
1281,168
1282,168
1283,168
1284,168
1285,168
1286,168
1287,168
1288,168
1289,168
1290,169
1291,169
1292,168
1293,169
1294,168
1295,168
1296,169
1297,169
1298,169
1299,169
1300,169
1301,169
1302,169
1303,169
1304,169
1305,169
1306,169
1307,169
1308,169
1309,169
1310,169
1311,169
1312,169
1313,169
1314,169
1315,169
1316,169
1317,169
1318,169
1319,169
1320,169
1321,169
1322,169
1323,169
1324,169
1325,169
1326,169
1327,169
1328,169
1329,169
1330,169
1331,169
1332,169
1333,169
1334,169
1335,169
1336,169
1337,169
1338,169
1339,169
1340,169
1341,169
1342,169
1343,169
1344,169
1345,169
1346,169
1347,169
1348,169
1349,169
1350,169
1351,169
1352,169
1353,169
1354,169
1355,169
1356,169
1357,169
1358,169
1359,169
1360,169
1361,169
1362,169
1363,169
1364,169
1365,170
1366,169
1367,170
1368,169
1369,169
1370,169
1371,169
1372,169
1373,169
1374,169
1375,169
1376,169
1377,169
1378,169
1379,169
1380,169
1381,170
1382,169
1383,169
1384,170
1385,170
1386,170
1387,170
1388,170
1389,170
1390,170
1391,170
1392,170
1393,170
1394,170
1395,170
1396,170
1397,170
1398,170
1399,170
1400,170
1401,170
1402,170
1403,170
1404,170
1405,170
1406,170
1407,170
1408,170
1409,170
1410,170
1411,170
1412,170
1413,170
1414,170
1415,170
1416,170
1417,170
1418,170
1419,170
1420,170
1421,170
1422,170
1423,170
1424,170
1425,170
1426,170
1427,170
1428,170
1429,170
1430,170
1431,170
1432,170
1433,170
1434,170
1435,170
1436,170
1437,170
1438,170
1439,170
1440,170
1441,170
1442,170
1443,170
1444,170
1445,170
1446,170
1447,170
1448,170
1449,170
1450,170
1451,170
1452,170
1453,170
1454,170
1455,170
1456,170
1457,170
1458,170
1459,170
1460,170
1461,170
1462,171
1463,171
1464,171
1465,171
1466,171
1467,171
1468,171
1469,171
1470,171
1471,171
1472,171
1473,171
1474,171
1475,171
1476,171
1477,171
1478,171
1479,171
1480,171
1481,171
1482,171
1483,171
1484,171
1485,171
1486,171
1487,171
1488,171
1489,171
1490,171
1491,171
1492,171
1493,171
1494,171
1495,171
1496,171
1497,171
1498,171
1499,171
1500,171
1501,171
1502,171
1503,171
1504,171
1505,171
1506,171
1507,171
1508,171
1509,171
1510,171
1511,171
1512,171
1513,171
1514,171
1515,171
1516,171
1517,171
1518,171
1519,171
1520,171
1521,171
1522,171
1523,171
1524,171
1525,171
1526,171
1527,171
1528,171
1529,171
1530,171
1531,171
1532,171
1533,171
1534,171
1535,171
1536,172
1537,172
1538,171
1539,171
1540,171
1541,171
1542,172
1543,172
1544,172
1545,172
1546,172
1547,172
1548,172
1549,172
1550,172
1551,172
1552,172
1553,172
1554,172
1555,172
1556,172
1557,172
1558,172
1559,172
1560,172
1561,172
1562,172
1563,172
1564,172
1565,172
1566,172
1567,172
1568,172
1569,172
1570,172
1571,172
1572,172
1573,172
1574,172
1575,172
1576,172
1577,172
1578,172
1579,172
1580,172
1581,172
1582,172
1583,172
1584,172
1585,172
1586,172
1587,172
1588,172
1589,172
1590,172
1591,172
1592,172
1593,172
1594,172
1595,172
1596,172
1597,172
1598,172
1599,172
1600,172
1601,172
1602,172
1603,172
1604,172
1605,172
1606,172
1607,172
1608,173
1609,173
1610,173
1611,173
1612,173
1613,172
1614,173
1615,173
1616,173
1617,173
1618,173
1619,173
1620,173
1621,173
1622,173
1623,173
1624,173
1625,173
1626,173
1627,173
1628,173
1629,173
1630,173
1631,173
1632,173
1633,173
1634,173
1635,173
1636,173
1637,173
1638,173
1639,173
1640,173
1641,173
1642,173
1643,173
1644,173
1645,173
1646,173
1647,174
1648,174
1649,174
1650,174
1651,174
1652,174
1653,174
1654,174
1655,174
1656,174
1657,173
1658,174
1659,174
1660,174
1661,174
1662,174
1663,174
1664,174
1665,174
1666,174
1667,174
1668,174
1669,174
1670,174
1671,174
1672,174
1673,174
1674,174
1675,174
1676,174
1677,174
1678,174
1679,174
1680,174
1681,174
1682,174
1683,174
1684,174
1685,174
1686,174
1687,174
1688,174
1689,174
1690,174
1691,174
1692,174
1693,174
1694,174
1695,174
1696,174
1697,174
1698,174
1699,174
1700,174
1701,174
1702,174
1703,174
1704,174
1705,174
1706,174
1707,174
1708,174
1709,175
1710,175
1711,175
1712,175
1713,175
1714,175
1715,174
1716,174
1717,175
1718,175
1719,175
1720,175
1721,175
1722,175
1723,175
1724,175
1725,175
1726,175
1727,175
1728,175
1729,175
1730,175
1731,175
1732,175
1733,175
1734,175
1735,175
1736,175
1737,175
1738,175
1739,175
1740,175
1741,175
1742,175
1743,175
1744,175
1745,175
1746,175
1747,175
1748,175
1749,175
1750,175
1751,175
1752,175
1753,175
1754,175
1755,175
1756,175
1757,175
1758,175
1759,175
1760,175
1761,175
1762,175
1763,175
1764,175
1765,176
1766,176
1767,176
1768,176
1769,176
1770,176
1771,176
1772,176
1773,176
1774,176
1775,176
1776,176
1777,176
1778,176
1779,176
1780,176
1781,176
1782,176
1783,176
1784,176
1785,176
1786,176
1787,176
1788,176
1789,176
1790,176
1791,176
1792,176
1793,176
1794,176
1795,176
1796,176
1797,176
1798,176
1799,176
1800,176
1801,176
1802,176
1803,176
1804,176
1805,176
1806,176
1807,176
1808,176
1809,176
1810,176
1811,176
1812,176
1813,176
1814,176
1815,176
1816,176
1817,176
1818,176
1819,176
1820,176
1821,176
1822,176
1823,176
1824,176
1825,176
1826,176
1827,176
1828,176
1829,176
1830,176
1831,176
1832,176
1833,176
1834,176
1835,176
1836,176
1837,176
1838,176
1839,176
1840,176
1841,176
1842,176
1843,176
1844,176
1845,176
1846,176
1847,176
1848,176
1849,176
1850,176
1851,176
1852,176
1853,176
1854,176
1855,176
1856,176
1857,176
1858,176
1859,176
1860,176
1861,176
1862,177
1863,177
1864,177
1865,177
1866,177
1867,177
1868,177
1869,177
1870,177
1871,177
1872,177
1873,177
1874,177
1875,177
1876,177
1877,177
1878,177
1879,177
1880,177
1881,177
1882,177
1883,177
1884,177
1885,177
1886,177
1887,177
1888,177
1889,177
1890,177
1891,177
1892,177
1893,177
1894,177
1895,177
1896,177
1897,177
1898,177
1899,177
1900,177
1901,177
1902,177
1903,177
1904,177
1905,177
1906,177
1907,177
1908,177
1909,177
1910,177
1911,177
1912,177
1913,177
1914,177
1915,177
1916,177
1917,177
1918,177
1919,177
1920,177
1921,177
1922,177
1923,177
1924,177
1925,177
1926,177
1927,177
1928,177
1929,177
1930,177
1931,177
1932,177
1933,177
1934,177
1935,177
1936,177
1937,177
1938,177
1939,177
1940,177
1941,177
1942,177
1943,177
1944,177
1945,177
1946,177
1947,177
1948,177
1949,177
1950,177
1951,177
1952,177
1953,177
1954,177
1955,177
1956,177
1957,177
1958,177
1959,177
1960,177
1961,177
1962,177
1963,177
1964,177
1965,177
1966,177
1967,177
1968,177
1969,177
1970,177
1971,177
1972,177
1973,178
1974,177
1975,177
1976,177
1977,178
1978,178
1979,178
1980,178
1981,178
1982,178
1983,178
1984,178
1985,178
1986,178
1987,178
1988,178
1989,178
1990,178
1991,178
1992,178
1993,178
1994,178
1995,178
1996,178
1997,178
1998,178
1999,178
2000,178
2001,178
2002,178
2003,178
2004,178
2005,178
2006,178
2007,178
2008,178
2009,178
2010,178
2011,178
2012,178
2013,178
2014,178
2015,178
2016,178
2017,178
2018,178
2019,178
2020,178
2021,178
2022,178
2023,178
2024,178
2025,178
2026,178
2027,178
2028,178
2029,178
2030,178
2031,178
2032,178
2033,178
2034,178
2035,178
2036,178
2037,178
2038,178
2039,178
2040,178
2041,178
2042,178
2043,178
2044,178
2045,178
2046,178
2047,178
2048,178
2049,178
2050,178
2051,178
2052,178
2053,178
2054,178
2055,179
2056,179
2057,179
2058,179
2059,179
2060,179
2061,179
2062,179
2063,179
2064,179
2065,179
2066,179
2067,179
2068,179
2069,179
2070,179
2071,179
2072,179
2073,179
2074,179
2075,179
2076,179
2077,179
2078,179
2079,179
2080,179
2081,179
2082,179
2083,179
2084,179
2085,179
2086,179
2087,179
2088,179
2089,179
2090,179
2091,180
2092,180
2093,180
2094,180
2095,180
2096,180
2097,180
2098,180
2099,180
2100,180
2101,180
2102,180
2103,180
2104,180
2105,180
2106,180
2107,180
2108,180
2109,180
2110,180
2111,180
2112,180
2113,180
2114,180
2115,180
2116,180
2117,180
2118,180
2119,180
2120,180
2121,180
2122,180
2123,180
2124,180
2125,180
2126,180
2127,180
2128,180
2129,180
2130,180
2131,180
2132,180
2133,180
2134,180
2135,180
2136,180
2137,180
2138,180
2139,180
2140,180
2141,180
2142,180
2143,180
2144,180
2145,180
2146,180
2147,180
2148,180
2149,180
2150,180
2151,180
2152,180
2153,180
2154,180
2155,180
2156,180
2157,180
2158,180
2159,180
2160,180
2161,180
2162,180
2163,180
2164,180
2165,180
2166,180
2167,180
2168,180
2169,180
2170,180
2171,180
2172,180
2173,180
2174,180
2175,180
2176,180
2177,180
2178,180
2179,180
2180,180
2181,180
2182,180
2183,180
2184,180
2185,180
2186,180
2187,180
2188,180
2189,180
2190,180
2191,180
2192,180
2193,180
2194,180
2195,181
2196,180
2197,180
2198,181
2199,180
2200,181
2201,181
2202,181
2203,181
2204,181
2205,181
2206,181
2207,181
2208,181
2209,181
2210,181
2211,181
2212,181
2213,181
2214,181
2215,181
2216,181
2217,181
2218,181
2219,181
2220,181
2221,181
2222,181
2223,181
2224,181
2225,181
2226,181
2227,181
2228,181
2229,181
2230,181
2231,181
2232,181
2233,181
2234,181
2235,181
2236,181
2237,181
2238,181
2239,181
2240,181
2241,181
2242,181
2243,181
2244,181
2245,181
2246,181
2247,181
2248,181
2249,181
2250,181
2251,181
2252,181
2253,181
2254,181
2255,181
2256,181
2257,181
2258,181
2259,181
2260,181
2261,181
2262,181
2263,181
2264,181
2265,181
2266,181
2267,181
2268,181
2269,181
2270,181
2271,181
2272,181
2273,181
2274,181
2275,181
2276,181
2277,181
2278,181
2279,181
2280,181
2281,181
2282,181
2283,181
2284,181
2285,181
2286,181
2287,181
2288,181
2289,181
2290,181
2291,181
2292,181
2293,181
2294,181
2295,181
2296,182
2297,182
2298,182
2299,182
2300,182
2301,182
2302,182
2303,182
2304,182
2305,182
2306,182
2307,182
2308,182
2309,182
2310,182
2311,182
2312,182
2313,182
2314,182
2315,182
2316,182
2317,182
2318,182
2319,182
2320,182
2321,182
2322,182
2323,182
2324,182
2325,182
2326,182
2327,182
2328,182
2329,182
2330,182
2331,182
2332,182
2333,182
2334,182
2335,182
2336,182
2337,182
2338,183
2339,183
2340,183
2341,183
2342,183
2343,183
2344,183
2345,183
2346,183
2347,183
2348,183
2349,183
2350,183
2351,183
2352,183
2353,183
2354,183
2355,183
2356,183
2357,183
2358,183
2359,183
2360,183
2361,183
2362,183
2363,183
2364,183
2365,183
2366,183
2367,183
2368,183
2369,183
2370,183
2371,183
2372,183
2373,183
2374,183
2375,183
2376,183
2377,183
2378,183
2379,183
2380,183
2381,183
2382,183
2383,183
2384,183
2385,183
2386,183
2387,183
2388,183
2389,183
2390,183
2391,183
2392,183
2393,183
2394,183
2395,183
2396,183
2397,183
2398,183
2399,183
2400,183
2401,183
2402,183
2403,183
2404,183
2405,184
2406,184
2407,184
2408,184
2409,184
2410,184
2411,184
2412,184
2413,184
2414,184
2415,184
2416,184
2417,184
2418,184
2419,184
2420,184
2421,184
2422,184
2423,184
2424,184
2425,184
2426,184
2427,184
2428,184
2429,184
2430,184
2431,184
2432,184
2433,184
2434,184
2435,184
2436,184
2437,184
2438,184
2439,184
2440,184
2441,184
2442,184
2443,184
2444,184
2445,184
2446,184
2447,185
2448,185
2449,185
2450,185
2451,185
2452,185
2453,185
2454,185
2455,185
2456,185
2457,185
2458,185
2459,185
2460,185
2461,185
2462,185
2463,185
2464,185
2465,185
2466,185
2467,185
2468,185
2469,185
2470,185
2471,185
2472,185
2473,185
2474,185
2475,185
2476,185
2477,185
2478,185
2479,185
2480,185
2481,185
2482,185
2483,185
2484,185
2485,185
2486,185
2487,185
2488,185
2489,185
2490,185
2491,185
2492,185
2493,185
2494,185
2495,185
2496,185
2497,185
2498,185
2499,185
2500,185
2501,185
2502,185
2503,186
2504,185
2505,185
2506,185
2507,185
2508,186
2509,186
2510,186
2511,186
2512,186
2513,186
2514,186
2515,186
2516,186
2517,186
2518,186
2519,186
2520,186
2521,186
2522,186
2523,186
2524,186
2525,186
2526,186
2527,186
2528,186
2529,186
2530,186
2531,186
2532,186
2533,186
2534,186
2535,186
2536,186
2537,186
2538,186
2539,186
2540,186
2541,186
2542,186
2543,186
2544,186
2545,186
2546,186
2547,186
2548,186
2549,186
2550,186
2551,186
2552,186
2553,186
2554,186
2555,186
2556,186
2557,186
2558,186
2559,186
2560,186
2561,186
2562,186
2563,186
2564,186
2565,186
2566,186
2567,187
2568,187
2569,187
2570,186
2571,187
2572,187
2573,186
2574,186
2575,187
2576,187
2577,187
2578,187
2579,187
2580,187
2581,187
2582,187
2583,187
2584,187
2585,187
2586,187
2587,187
2588,187
2589,187
2590,187
2591,187
2592,187
2593,187
2594,187
2595,187
2596,187
2597,187
2598,187
2599,187
2600,187
2601,187
2602,187
2603,187
2604,187
2605,187
2606,187
2607,187
2608,187
2609,187
2610,187
2611,187
2612,187
2613,187
2614,187
2615,187
2616,187
2617,187
2618,187
2619,187
2620,187
2621,187
2622,187
2623,187
2624,187
2625,187
2626,187
2627,187
2628,187
2629,187
2630,187
2631,187
2632,187
2633,187
2634,187
2635,187
2636,187
2637,187
2638,187
2639,187
2640,187
2641,187
2642,187
2643,187
2644,187
2645,187
2646,187
2647,187
2648,187
2649,187
2650,187
2651,187
2652,187
2653,187
2654,187
2655,187
2656,187
2657,188
2658,188
2659,188
2660,188
2661,188
2662,188
2663,188
2664,188
2665,188
2666,188
2667,188
2668,188
2669,188
2670,188
2671,188
2672,188
2673,188
2674,188
2675,188
2676,188
2677,188
2678,188
2679,188
2680,188
2681,188
2682,188
2683,188
2684,188
2685,188
2686,188
2687,188
2688,188
2689,188
2690,188
2691,188
2692,188
2693,188
2694,188
2695,188
2696,188
2697,188
2698,188
2699,188
2700,188
2701,188
2702,188
2703,188
2704,188
2705,188
2706,188
2707,188
2708,188
2709,188
2710,188
2711,188
2712,188
2713,188
2714,188
2715,188
2716,188
2717,188
2718,188
2719,188
2720,188
2721,188
2722,188
2723,189
2724,189
2725,189
2726,189
2727,188
2728,188
2729,188
2730,188
2731,188
2732,188
2733,189
2734,189
2735,189
2736,189
2737,189
2738,189
2739,189
2740,189
2741,189
2742,189
2743,189
2744,189
2745,189
2746,189
2747,189
2748,189
2749,189
2750,189
2751,189
2752,189
2753,189
2754,189
2755,189
2756,189
2757,189
2758,189
2759,189
2760,189
2761,189
2762,189
2763,189
2764,189
2765,189
2766,189
2767,189
2768,189
2769,189
2770,189
2771,189
2772,189
2773,189
2774,189
2775,189
2776,189
2777,189
2778,189
2779,189
2780,189
2781,189
2782,189
2783,189
2784,189
2785,189
2786,189
2787,189
2788,189
2789,189
2790,189
2791,189
2792,189
2793,189
2794,189
2795,189
2796,189
2797,189
2798,189
2799,189
2800,189
2801,189
2802,189
2803,189
2804,190
2805,190
2806,190
2807,190
2808,190
2809,190
2810,190
2811,190
2812,190
2813,190
2814,190
2815,190
2816,190
2817,190
2818,190
2819,190
2820,190
2821,190
2822,190
2823,190
2824,190
2825,190
2826,190
2827,190
2828,190
2829,190
2830,190
2831,190
2832,190
2833,190
2834,190
2835,190
2836,190
2837,190
2838,190
2839,190
2840,190
2841,190
2842,190
2843,190
2844,190
2845,190
2846,190
2847,190
2848,190
2849,190
2850,190
2851,191
2852,191
2853,191
2854,191
2855,191
2856,191
2857,191
2858,191
2859,191
2860,191
2861,191
2862,191
2863,191
2864,191
2865,191
2866,191
2867,191
2868,191
2869,191
2870,191
2871,191
2872,191
2873,191
2874,191
2875,191
2876,191
2877,191
2878,191
2879,191
2880,191
2881,191
2882,191
2883,191
2884,191
2885,191
2886,191
2887,191
2888,191
2889,191
2890,191
2891,191
2892,191
2893,191
2894,191
2895,191
2896,191
2897,191
2898,191
2899,191
2900,191
2901,191
2902,191
2903,191
2904,191
2905,191
2906,191
2907,191
2908,191
2909,192
2910,192
2911,192
2912,192
2913,192
2914,192
2915,192
2916,192
2917,192
2918,192
2919,192
2920,192
2921,192
2922,192
2923,192
2924,192
2925,192
2926,192
2927,192
2928,192
2929,192
2930,192
2931,192
2932,192
2933,192
2934,192
2935,192
2936,192
2937,192
2938,192
2939,192
2940,192
2941,192
2942,192
2943,192
2944,192
2945,192
2946,192
2947,192
2948,192
2949,192
2950,192
2951,192
2952,192
2953,192
2954,192
2955,192
2956,193
2957,193
2958,193
2959,193
2960,193
2961,193
2962,193
2963,193
2964,193
2965,193
2966,192
2967,193
2968,193
2969,193
2970,193
2971,193
2972,193
2973,193
2974,193
2975,193
2976,193
2977,193
2978,193
2979,193
2980,193
2981,193
2982,193
2983,193
2984,193
2985,193
2986,193
2987,193
2988,193
2989,193
2990,193
2991,193
2992,193
2993,193
2994,193
2995,193
2996,193
2997,193
2998,193
2999,193
3000,193
3001,193
3002,193
3003,193
3004,193
3005,193
3006,193
3007,193
3008,193
3009,193
3010,193
3011,193
3012,193
3013,193
3014,193
3015,193
3016,193
3017,193
3018,193
3019,193
3020,193
3021,193
3022,193
3023,193
3024,193
3025,193
3026,193
3027,194
3028,194
3029,194
3030,194
3031,194
3032,193
3033,194
3034,193
3035,193
3036,193
3037,194
3038,194
3039,194
3040,194
3041,194
3042,194
3043,194
3044,194
3045,194
3046,194
3047,194
3048,194
3049,194
3050,194
3051,194
3052,194
3053,194
3054,194
3055,194
3056,194
3057,194
3058,194
3059,194
3060,194
3061,194
3062,194
3063,194
3064,194
3065,194
3066,194
3067,194
3068,194
3069,194
3070,194
3071,194
3072,194
3073,194
3074,194
3075,194
3076,194
3077,194
3078,194
3079,194
3080,194
3081,195
3082,195
3083,195
3084,195
3085,195
3086,195
3087,195
3088,195
3089,195
3090,195
3091,195
3092,195
3093,195
3094,195
3095,195
3096,195
3097,195
3098,195
3099,195
3100,195
3101,195
3102,195
3103,195
3104,195
3105,195
3106,195
3107,195
3108,195
3109,195
3110,195
3111,195
3112,195
3113,195
3114,195
3115,195
3116,195
3117,195
3118,195
3119,195
3120,195
3121,195
3122,195
3123,195
3124,195
3125,195
3126,195
3127,195
3128,195
3129,195
3130,195
3131,195
3132,195
3133,195
3134,196
3135,196
3136,196
3137,195
3138,195
3139,195
3140,196
3141,196
3142,196
3143,196
3144,196
3145,196
3146,196
3147,196
3148,196
3149,196
3150,196
3151,196
3152,196
3153,196
3154,196
3155,196
3156,196
3157,196
3158,196
3159,196
3160,196
3161,196
3162,196
3163,196
3164,196
3165,196
3166,196
3167,196
3168,196
3169,196
3170,196
3171,196
3172,196
3173,196
3174,196
3175,196
3176,196
3177,197
3178,197
3179,197
3180,197
3181,197
3182,197
3183,197
3184,197
3185,197
3186,197
3187,197
3188,197
3189,197
3190,197
3191,197
3192,197
3193,197
3194,197
3195,197
3196,197
3197,197
3198,197
3199,197
3200,197
3201,197
3202,197
3203,197
3204,197
3205,197
3206,197
3207,197
3208,197
3209,197
3210,197
3211,197
3212,197
3213,197
3214,197
3215,197
3216,197
3217,197
3218,197
3219,197
3220,197
3221,197
3222,197
3223,197
3224,197
3225,197
3226,197
3227,197
3228,197
3229,197
3230,197
3231,197
3232,197
3233,197
3234,198
3235,197
3236,197
3237,197
3238,197
3239,198
3240,197
3241,197
3242,197
3243,197
3244,197
3245,197
3246,197
3247,197
3248,197
3249,197
3250,197
3251,197
3252,198
3253,198
3254,198
3255,198
3256,198
3257,198
3258,198
3259,198
3260,198
3261,198
3262,198
3263,198
3264,198
3265,198
3266,198
3267,198
3268,198
3269,198
3270,198
3271,198
3272,198
3273,198
3274,198
3275,198
3276,198
3277,198
3278,198
3279,198
3280,198
3281,198
3282,198
3283,198
3284,198
3285,198
3286,198
3287,198
3288,198
3289,198
3290,198
3291,198
3292,198
3293,198
3294,198
3295,198
3296,198
3297,198
3298,198
3299,198
3300,198
3301,198
3302,198
3303,198
3304,198
3305,198
3306,198
3307,198
3308,198
3309,198
3310,198
3311,198
3312,198
3313,198
3314,198
3315,198
3316,199
3317,199
3318,198
3319,198
3320,198
3321,198
3322,198
3323,199
3324,199
3325,199
3326,199
3327,199
3328,199
3329,199
3330,199
3331,199
3332,199
3333,199
3334,199
3335,199
3336,199
3337,199
3338,199
3339,199
3340,199
3341,199
3342,199
3343,199
3344,199
3345,199
3346,199
3347,199
3348,199
3349,199
3350,199
3351,199
3352,199
3353,199
3354,199
3355,199
3356,199
3357,199
3358,199
3359,199
3360,200
3361,200
3362,200
3363,200
3364,200
3365,200
3366,200
3367,200
3368,200
3369,200
3370,200
3371,200
3372,200
3373,200
3374,200
3375,200
3376,200
3377,200
3378,200
3379,200
3380,200
3381,200
3382,200
3383,200
3384,200
3385,200
3386,200
3387,200
3388,200
3389,200
3390,200
3391,200
3392,200
3393,200
3394,200
3395,200
3396,200
3397,200
3398,200
3399,200
3400,201
3401,201
3402,201
3403,201
3404,201
3405,201
3406,201
3407,201
3408,201
3409,201
3410,201
3411,201
3412,201
3413,201
3414,201
3415,201
3416,201
3417,201
3418,201
3419,201
3420,201
3421,201
3422,201
3423,201
3424,201
3425,201
3426,201
3427,201
3428,201
3429,201
3430,201
3431,201
3432,201
3433,201
3434,201
3435,201
3436,201
3437,201
3438,202
3439,202
3440,201
3441,201
3442,201
3443,201
3444,201
3445,201
3446,201
3447,202
3448,202
3449,201
3450,201
3451,201
3452,201
3453,201
3454,201
3455,202
3456,202
3457,202
3458,202
3459,202
3460,202
3461,202
3462,202
3463,202
3464,202
3465,202
3466,202
3467,202
3468,202
3469,202
3470,202
3471,202
3472,202
3473,202
3474,202
3475,202
3476,202
3477,202
3478,202
3479,202
3480,202
3481,202
3482,202
3483,202
3484,202
3485,202
3486,202
3487,202
3488,202
3489,202
3490,202
3491,202
3492,202
3493,202
3494,202
3495,202
3496,202
3497,202
3498,202
3499,202
3500,202
3501,202
3502,202
3503,202
3504,202
3505,202
3506,202
3507,202
3508,202
3509,202
3510,202
3511,202
3512,202
3513,202
3514,202
3515,202
3516,202
3517,202
3518,202
3519,202
3520,202
3521,203
3522,203
3523,203
3524,203
3525,203
3526,203
3527,203
3528,203
3529,203
3530,203
3531,203
3532,203
3533,203
3534,203
3535,203
3536,203
3537,203
3538,203
3539,203
3540,203
3541,203
3542,203
3543,203
3544,203
3545,203
3546,203
3547,203
3548,203
3549,203
3550,203
3551,203
3552,203
3553,203
3554,203
3555,203
3556,203
3557,203
3558,203
3559,203
3560,203
3561,203
3562,203
3563,203
3564,203
3565,203
3566,203
3567,203
3568,203
3569,203
3570,203
3571,203
3572,203
3573,203
3574,203
3575,203
3576,203
3577,204
3578,204
3579,204
3580,204
3581,204
3582,203
3583,203
3584,204
3585,204
3586,204
3587,204
3588,204
3589,204
3590,204
3591,204
3592,204
3593,204
3594,204
3595,204
3596,204
3597,204
3598,204
3599,204
3600,204
3601,204
3602,204
3603,204
3604,204
3605,204
3606,204
3607,204
3608,204
3609,204
3610,204
3611,204
3612,204
3613,204
3614,204
3615,204
3616,204
3617,204
3618,204
3619,204
3620,204
3621,204
3622,204
3623,204
3624,204
3625,204
3626,204
3627,204
3628,204
3629,204
3630,204
3631,204
3632,204
3633,204
3634,204
3635,204
3636,204
3637,204
3638,204
3639,204
3640,204
3641,204
3642,204
3643,204
3644,204
3645,204
3646,204
3647,204
3648,204
3649,204
3650,204
3651,205
3652,204
3653,204
3654,204
3655,204
3656,205
3657,205
3658,204
3659,205
3660,205
3661,205
3662,205
3663,205
3664,205
3665,205
3666,205
3667,205
3668,205
3669,205
3670,205
3671,205
3672,205
3673,205
3674,205
3675,205
3676,205
3677,205
3678,205
3679,205
3680,205
3681,205
3682,205
3683,205
3684,205
3685,205
3686,205
3687,205
3688,205
3689,205
3690,205
3691,205
3692,205
3693,205
3694,206
3695,205
3696,206
3697,206
3698,206
3699,206
3700,206
3701,206
3702,206
3703,206
3704,206
3705,206
3706,206
3707,206
3708,206
3709,206
3710,206
3711,206
3712,206
3713,206
3714,206
3715,206
3716,206
3717,206
3718,206
3719,206
3720,206
3721,206
3722,206
3723,206
3724,206
3725,206
3726,206
3727,206
3728,206
3729,206
3730,206
3731,206
3732,206
3733,206
3734,206
3735,207
3736,207
3737,207
3738,206
3739,206
3740,206
3741,206
3742,206
3743,207
3744,207
3745,207
3746,207
3747,207
3748,207
3749,207
3750,207
3751,207
3752,207
3753,207
3754,207
3755,207
3756,207
3757,207
3758,207
3759,207
3760,207
3761,207
3762,207
3763,207
3764,207
3765,207
3766,207
3767,207
3768,207
3769,207
3770,207
3771,207
3772,207
3773,207
3774,207
3775,207
3776,207
3777,207
3778,207
3779,207
3780,207
3781,207
3782,207
3783,207
3784,207
3785,207
3786,207
3787,207
3788,207
3789,207
3790,207
3791,208
3792,208
3793,208
3794,208
3795,207
3796,208
3797,208
3798,208
3799,208
3800,208
3801,208
3802,208
3803,208
3804,208
3805,208
3806,208
3807,208
3808,208
3809,208
3810,208
3811,208
3812,208
3813,208
3814,208
3815,208
3816,208
3817,208
3818,208
3819,208
3820,208
3821,208
3822,208
3823,208
3824,208
3825,208
3826,208
3827,208
3828,208
3829,208
3830,208
3831,208
3832,208
3833,208
3834,208
3835,208
3836,208
3837,208
3838,208
3839,208
3840,208
3841,208
3842,208
3843,208
3844,208
3845,208
3846,208
3847,208
3848,208
3849,208
3850,208
3851,208
3852,208
3853,208
3854,208
3855,208
3856,208
3857,208
3858,208
3859,208
3860,208
3861,208
3862,208
3863,208
3864,208
3865,208
3866,208
3867,208
3868,208
3869,208
3870,208
3871,208
3872,208
3873,208
3874,208
3875,208
3876,208
3877,208
3878,208
3879,208
3880,208
3881,208
3882,208
3883,208
3884,208
3885,208
3886,208
3887,208
3888,208
3889,208
3890,208
3891,208
3892,208
3893,208
3894,208
3895,209
3896,209
3897,209
3898,209
3899,209
3900,209
3901,209
3902,209
3903,209
3904,209
3905,209
3906,209
3907,209
3908,209
3909,209
3910,209
3911,209
3912,209
3913,209
3914,209
3915,209
3916,209
3917,209
3918,209
3919,209
3920,209
3921,209
3922,209
3923,209
3924,209
3925,209
3926,209
3927,209
3928,209
3929,209
3930,209
3931,209
3932,209
3933,209
3934,209
3935,209
3936,209
3937,209
3938,209
3939,210
3940,210
3941,209
3942,209
3943,209
3944,209
3945,209
3946,209
3947,209
3948,209
3949,209
3950,209
3951,209
3952,209
3953,209
3954,209
3955,209
3956,209
3957,210
3958,210
3959,210
3960,210
3961,210
3962,210
3963,210
3964,210
3965,210
3966,210
3967,210
3968,210
3969,210
3970,210
3971,210
3972,210
3973,210
3974,210
3975,210
3976,210
3977,210
3978,210
3979,210
3980,210
3981,210
3982,210
3983,210
3984,210
3985,210
3986,210
3987,210
3988,210
3989,210
3990,210
3991,210
3992,210
3993,210
3994,210
3995,210
3996,210
3997,210
3998,210
3999,210
4000,210
4001,210
4002,210
4003,210
4004,210
4005,210
4006,210
4007,210
4008,210
4009,210
4010,210
4011,210
4012,210
4013,210
4014,210
4015,210
4016,210
4017,210
4018,210
4019,210
4020,211
4021,211
4022,211
4023,210
4024,210
4025,211
4026,211
4027,211
4028,211
4029,211
4030,211
4031,211
4032,211
4033,211
4034,211
4035,211
4036,211
4037,211
4038,211
4039,211
4040,211
4041,211
4042,211
4043,211
4044,211
4045,211
4046,211
4047,211
4048,211
4049,211
4050,211
4051,211
4052,211
4053,211
4054,211
4055,211
4056,211
4057,211
4058,211
4059,211
4060,211
4061,211
4062,211
4063,211
4064,211
4065,211
4066,211
4067,211
4068,211
4069,211
4070,211
4071,211
4072,211
4073,211
4074,211
4075,211
4076,211
4077,211
4078,211
4079,211
4080,211
4081,211
4082,211
4083,211
4084,211
4085,211
4086,211
4087,211
4088,211
4089,212
4090,212
4091,212
4092,212
4093,212
4094,212
4095,212
4096,212
4097,212
4098,212
4099,212
4100,212
4101,212
4102,212
4103,212
4104,212
4105,212
4106,212
4107,212
4108,212
4109,212
4110,212
4111,212
4112,212
4113,212
4114,212
4115,212
4116,212
4117,212
4118,212
4119,212
4120,212
4121,212
4122,212
4123,212
4124,212
4125,212
4126,212
4127,212
4128,212
4129,212
4130,212
4131,212
4132,212
4133,212
4134,212
4135,212
4136,212
4137,212
4138,212
4139,212
4140,212
4141,212
4142,212
4143,212
4144,212
4145,213
4146,213
4147,213
4148,213
4149,213
4150,213
4151,213
4152,213
4153,213
4154,213
4155,213
4156,213
4157,213
4158,213
4159,213
4160,213
4161,213
4162,213
4163,213
4164,213
4165,213
4166,213
4167,213
4168,213
4169,213
4170,213
4171,213
4172,213
4173,213
4174,213
4175,213
4176,213
4177,213
4178,213
4179,213
4180,213
4181,213
4182,213
4183,213
4184,213
4185,213
4186,213
4187,213
4188,213
4189,213
4190,214
4191,214
4192,214
4193,214
4194,214
4195,214
4196,214
4197,214
4198,214
4199,214
4200,214
4201,214
4202,214
4203,214
4204,214
4205,214
4206,214
4207,214
4208,214
4209,214
4210,214
4211,214
4212,214
4213,214
4214,214
4215,214
4216,214
4217,214
4218,214
4219,214
4220,214
4221,214
4222,214
4223,214
4224,214
4225,214
4226,214
4227,215
4228,215
4229,215
4230,215
4231,214
4232,215
4233,215
4234,215
4235,215
4236,215
4237,215
4238,215
4239,215
4240,215
4241,215
4242,215
4243,214
4244,215
4245,215
4246,215
4247,215
4248,215
4249,215
4250,215
4251,215
4252,215
4253,215
4254,215
4255,215
4256,215
4257,215
4258,215
4259,215
4260,215
4261,215
4262,215
4263,215
4264,215
4265,215
4266,215
4267,215
4268,215
4269,215
4270,215
4271,215
4272,215
4273,215
4274,215
4275,215
4276,215
4277,215
4278,215
4279,215
4280,215
4281,215
4282,215
4283,215
4284,215
4285,215
4286,215
4287,215
4288,215
4289,215
4290,215
4291,215
4292,215
4293,215
4294,215
4295,215
4296,215
4297,215
4298,216
4299,215
4300,215
4301,215
4302,215
4303,215
4304,215
4305,215
4306,216
4307,216
4308,216
4309,216
4310,216
4311,216
4312,216
4313,216
4314,216
4315,216
4316,216
4317,216
4318,216
4319,216
4320,216
4321,216
4322,216
4323,216
4324,216
4325,216
4326,216
4327,216
4328,216
4329,216
4330,216
4331,216
4332,216
4333,216
4334,216
4335,216
4336,216
4337,216
4338,216
4339,216
4340,216
4341,216
4342,216
4343,216
4344,216
4345,216
4346,216
4347,216
4348,216
4349,216
4350,216
4351,216
4352,216
4353,216
4354,216
4355,216
4356,216
4357,216
4358,216
4359,216
4360,216
4361,216
4362,216
4363,216
4364,216
4365,216
4366,216
4367,216
4368,216
4369,216
4370,216
4371,216
4372,216
4373,216
4374,216
4375,216
4376,216
4377,216
4378,216
4379,216
4380,216
4381,216
4382,216
4383,216
4384,216
4385,216
4386,216
4387,216
4388,216
4389,216
4390,216
4391,217
4392,217
4393,217
4394,217
4395,217
4396,217
4397,217
4398,217
4399,217
4400,217
4401,217
4402,217
4403,217
4404,217
4405,217
4406,217
4407,217
4408,217
4409,217
4410,217
4411,217
4412,217
4413,217
4414,217
4415,217
4416,217
4417,217
4418,217
4419,217
4420,217
4421,217
4422,217
4423,217
4424,217
4425,217
4426,217
4427,217
4428,217
4429,217
4430,217
4431,217
4432,217
4433,217
4434,217
4435,217
4436,217
4437,217
4438,217
4439,217
4440,218
4441,217
4442,217
4443,217
4444,217
4445,217
4446,217
4447,217
4448,217
4449,218
4450,218
4451,218
4452,218
4453,218
4454,218
4455,218
4456,218
4457,218
4458,218
4459,218
4460,218
4461,218
4462,218
4463,218
4464,218
4465,218
4466,218
4467,218
4468,218
4469,218
4470,218
4471,218
4472,218
4473,218
4474,218
4475,218
4476,218
4477,218
4478,218
4479,218
4480,218
4481,218
4482,218
4483,218
4484,218
4485,218
4486,218
4487,218
4488,218
4489,218
4490,218
4491,218
4492,218
4493,218
4494,218
4495,218
4496,218
4497,218
4498,218
4499,218
4500,218
4501,218
4502,218
4503,218
4504,218
4505,218
4506,218
4507,218
4508,218
4509,218
4510,218
4511,218
4512,218
4513,218
4514,218
4515,218
4516,218
4517,218
4518,218
4519,218
4520,218
4521,218
4522,218
4523,218
4524,218
4525,218
4526,218
4527,218
4528,218
4529,218
4530,218
4531,218
4532,218
4533,218
4534,218
4535,218
4536,218
4537,218
4538,218
4539,218
4540,218
4541,218
4542,218
4543,218
4544,218
4545,218
4546,218
4547,218
4548,218
4549,219
4550,219
4551,219
4552,219
4553,219
4554,219
4555,219
4556,219
4557,219
4558,219
4559,219
4560,219
4561,219
4562,219
4563,219
4564,219
4565,219
4566,219
4567,219
4568,219
4569,219
4570,219
4571,219
4572,219
4573,219
4574,219
4575,219
4576,219
4577,219
4578,219
4579,219
4580,219
4581,219
4582,219
4583,219
4584,219
4585,219
4586,219
4587,219
4588,219
4589,219
4590,219
4591,219
4592,219
4593,219
4594,219
4595,219
4596,219
4597,219
4598,219
4599,219
4600,219
4601,219
4602,219
4603,219
4604,219
4605,219
4606,219
4607,219
4608,219
4609,219
4610,219
4611,219
4612,219
4613,219
4614,219
4615,219
4616,219
4617,220
4618,220
4619,220
4620,220
4621,220
4622,220
4623,220
4624,220
4625,220
4626,220
4627,220
4628,220
4629,220
4630,220
4631,220
4632,220
4633,220
4634,220
4635,220
4636,220
4637,220
4638,220
4639,220
4640,220
4641,220
4642,220
4643,220
4644,220
4645,220
4646,220
4647,220
4648,220
4649,220
4650,220
4651,220
4652,220
4653,220
4654,220
4655,220
4656,221
4657,220
4658,221
4659,221
4660,221
4661,221
4662,221
4663,221
4664,221
4665,221
4666,221
4667,221
4668,221
4669,221
4670,221
4671,221
4672,221
4673,221
4674,221
4675,221
4676,221
4677,221
4678,221
4679,221
4680,221
4681,221
4682,221
4683,221
4684,221
4685,221
4686,221
4687,221
4688,221
4689,221
4690,221
4691,221
4692,221
4693,221
4694,221
4695,221
4696,221
4697,221
4698,221
4699,221
4700,221
4701,222
4702,222
4703,222
4704,222
4705,222
4706,222
4707,222
4708,222
4709,222
4710,221
4711,221
4712,222
4713,222
4714,222
4715,222
4716,222
4717,222
4718,222
4719,222
4720,222
4721,222
4722,222
4723,222
4724,222
4725,222
4726,222
4727,222
4728,222
4729,222
4730,222
4731,222
4732,222
4733,222
4734,222
4735,222
4736,222
4737,222
4738,222
4739,222
4740,222
4741,222
4742,222
4743,222
4744,222
4745,222
4746,222
4747,222
4748,222
4749,222
4750,222
4751,222
4752,222
4753,222
4754,222
4755,222
4756,222
4757,222
4758,222
4759,222
4760,222
4761,222
4762,222
4763,222
4764,222
4765,222
4766,222
4767,222
4768,222
4769,222
4770,222
4771,222
4772,222
4773,222
4774,222
4775,222
4776,222
4777,222
4778,222
4779,222
4780,222
4781,222
4782,222
4783,222
4784,222
4785,222
4786,222
4787,222
4788,222
4789,222
4790,222
4791,223
4792,223
4793,223
4794,223
4795,223
4796,223
4797,223
4798,223
4799,223
4800,223
4801,223
4802,223
4803,223
4804,223
4805,223
4806,223
4807,223
4808,223
4809,223
4810,223
4811,223
4812,223
4813,223
4814,223
4815,223
4816,223
4817,223
4818,223
4819,223
4820,223
4821,223
4822,223
4823,223
4824,223
4825,223
4826,223
4827,223
4828,223
4829,223
4830,223
4831,223
4832,223
4833,223
4834,223
4835,223
4836,223
4837,223
4838,223
4839,223
4840,223
4841,223
4842,223
4843,223
4844,223
4845,223
4846,223
4847,224
4848,223
4849,224
4850,223
4851,224
4852,224
4853,224
4854,224
4855,224
4856,224
4857,224
4858,224
4859,224
4860,224
4861,224
4862,224
4863,224
4864,224
4865,224
4866,224
4867,224
4868,224
4869,224
4870,224
4871,224
4872,224
4873,224
4874,224
4875,224
4876,224
4877,224
4878,224
4879,224
4880,224
4881,224
4882,224
4883,224
4884,224
4885,224
4886,224
4887,224
4888,224
4889,224
4890,224
4891,224
4892,224
4893,224
4894,224
4895,224
4896,224
4897,224
4898,224
4899,224
4900,224
4901,224
4902,224
4903,224
4904,224
4905,224
4906,224
4907,224
4908,224
4909,224
4910,224
4911,224
4912,224
4913,224
4914,224
4915,224
4916,225
4917,225
4918,225
4919,225
4920,225
4921,225
4922,225
4923,225
4924,225
4925,225
4926,225
4927,225
4928,225
4929,225
4930,225
4931,225
4932,225
4933,225
4934,225
4935,225
4936,225
4937,225
4938,225
4939,225
4940,225
4941,225
4942,225
4943,225
4944,225
4945,225
4946,225
4947,225
4948,225
4949,225
4950,225
4951,225
4952,225
4953,225
4954,225
4955,225
4956,225
4957,225
4958,225
4959,225
4960,225
4961,225
4962,225
4963,225
4964,225
4965,226
4966,226
4967,226
4968,226
4969,226
4970,226
4971,226
4972,226
4973,226
4974,226
4975,226
4976,226
4977,226
4978,226
4979,226
4980,226
4981,226
4982,226
4983,226
4984,226
4985,226
4986,226
4987,226
4988,226
4989,226
4990,226
4991,226
4992,226
4993,226
4994,226
4995,226
4996,226
4997,226
4998,226
4999,226
5000,226
5001,226
5002,226
5003,226
5004,226
5005,226
5006,227
5007,226
5008,226
5009,226
5010,226
5011,226
5012,226
5013,226
5014,226
5015,226
5016,226
5017,226
5018,227
5019,227
5020,227
5021,227
5022,227
5023,227
5024,227
5025,227
5026,227
5027,227
5028,227
5029,227
5030,227
5031,227
5032,227
5033,227
5034,227
5035,227
5036,227
5037,227
5038,227
5039,227
5040,227
5041,227
5042,227
5043,227
5044,227
5045,227
5046,227
5047,227
5048,227
5049,227
5050,227
5051,227
5052,227
5053,227
5054,227
5055,227
5056,227
5057,227
5058,227
5059,227
5060,227
5061,227
5062,227
5063,227
5064,227
5065,227
5066,227
5067,227
5068,227
5069,227
5070,227
5071,227
5072,227
5073,227
5074,227
5075,227
5076,227
5077,227
5078,227
5079,227
5080,227
5081,228
5082,228
5083,228
5084,228
5085,228
5086,228
5087,228
5088,228
5089,228
5090,228
5091,228
5092,228
5093,228
5094,228
5095,228
5096,228
5097,228
5098,228
5099,228
5100,228
5101,228
5102,228
5103,228
5104,228
5105,228
5106,228
5107,228
5108,228
5109,228
5110,228
5111,228
5112,228
5113,228
5114,228
5115,228
5116,228
5117,228
5118,228
5119,228
5120,228
5121,228
5122,228
5123,228
5124,228
5125,228
5126,228
5127,228
5128,228
5129,228
5130,228
5131,228
5132,228
5133,228
5134,228
5135,228
5136,228
5137,228
5138,228
5139,228
5140,228
5141,228
5142,228
5143,228
5144,228
5145,228
5146,228
5147,228
5148,228
5149,228
5150,228
5151,228
5152,228
5153,228
5154,228
5155,228
5156,228
5157,228
5158,228
5159,228
5160,228
5161,228
5162,228
5163,228
5164,228
5165,228
5166,228
5167,228
5168,228
5169,228
5170,228
5171,228
5172,228
5173,228
5174,228
5175,228
5176,228
5177,229
5178,229
5179,229
5180,229
5181,229
5182,229
5183,229
5184,229
5185,229
5186,229
5187,229
5188,229
5189,229
5190,229
5191,229
5192,229
5193,229
5194,229
5195,229
5196,229
5197,229
5198,229
5199,229
5200,229
5201,229
5202,229
5203,229
5204,229
5205,229
5206,229
5207,229
5208,229
5209,229
5210,229
5211,229
5212,229
5213,229
5214,229
5215,229
5216,229
5217,230
5218,229
5219,230
5220,229
5221,230
5222,230
5223,229
5224,229
5225,229
5226,229
5227,229
5228,230
5229,230
5230,230
5231,230
5232,230
5233,230
5234,230
5235,230
5236,230
5237,230
5238,230
5239,230
5240,230
5241,230
5242,230
5243,230
5244,230
5245,230
5246,230
5247,230
5248,230
5249,230
5250,230
5251,230
5252,230
5253,230
5254,230
5255,230
5256,230
5257,230
5258,230
5259,230
5260,230
5261,230
5262,230
5263,230
5264,230
5265,230
5266,230
5267,230
5268,230
5269,230
5270,230
5271,230
5272,230
5273,230
5274,230
5275,230
5276,230
5277,230
5278,230
5279,230
5280,231
5281,231
5282,231
5283,231
5284,231
5285,231
5286,231
5287,231
5288,231
5289,231
5290,231
5291,231
5292,231
5293,231
5294,231
5295,231
5296,231
5297,231
5298,231
5299,231
5300,231
5301,231
5302,231
5303,231
5304,231
5305,231
5306,231
5307,231
5308,231
5309,231
5310,231
5311,231
5312,231
5313,231
5314,232
5315,232
5316,232
5317,232
5318,232
5319,232
5320,232
5321,232
5322,232
5323,232
5324,232
5325,232
5326,232
5327,232
5328,232
5329,232
5330,232
5331,232
5332,232
5333,232
5334,232
5335,232
5336,232
5337,232
5338,232
5339,232
5340,232
5341,232
5342,232
5343,232
5344,232
5345,232
5346,232
5347,232
5348,232
5349,232
5350,232
5351,232
5352,233
5353,233
5354,233
5355,233
5356,233
5357,233
5358,233
5359,233
5360,233
5361,233
5362,233
5363,233
5364,233
5365,233
5366,233
5367,233
5368,233
5369,233
5370,233
5371,233
5372,233
5373,233
5374,233
5375,233
5376,233
5377,233
5378,233
5379,233
5380,233
5381,233
5382,233
5383,233
5384,233
5385,233
5386,233
5387,233
5388,233
5389,233
5390,233
5391,233
5392,233
5393,233
5394,233
5395,233
5396,233
5397,233
5398,233
5399,233
5400,233
5401,233
5402,233
5403,233
5404,233
5405,233
5406,233
5407,233
5408,233
5409,233
5410,233
5411,233
5412,233
5413,233
5414,233
5415,233
5416,233
5417,233
5418,233
5419,233
5420,233
5421,233
5422,233
5423,233
5424,233
5425,233
5426,233
5427,233
5428,233
5429,233
5430,233
5431,233
5432,233
5433,233
5434,233
5435,233
5436,233
5437,233
5438,233
5439,233
5440,233
5441,233
5442,233
5443,233
5444,233
5445,233
5446,233
5447,233
5448,233
5449,233
5450,233
5451,233
5452,233
5453,233
5454,233
5455,233
5456,233
5457,233
5458,233
5459,233
5460,234
5461,234
5462,234
5463,234
5464,234
5465,234
5466,234
5467,234
5468,234
5469,234
5470,234
5471,234
5472,234
5473,234
5474,234
5475,234
5476,234
5477,234
5478,234
5479,234
5480,234
5481,234
5482,234
5483,234
5484,234
5485,234
5486,234
5487,234
5488,234
5489,234
5490,234
5491,234
5492,234
5493,234
5494,234
5495,234
5496,234
5497,234
5498,234
5499,234
5500,234
5501,234
5502,234
5503,234
5504,234
5505,234
5506,234
5507,234
5508,234
5509,234
5510,235
5511,235
5512,235
5513,235
5514,235
5515,235
5516,235
5517,235
5518,235
5519,235
5520,235
5521,235
5522,235
5523,235
5524,235
5525,235
5526,235
5527,235
5528,235
5529,235
5530,235
5531,235
5532,235
5533,235
5534,235
5535,235
5536,235
5537,235
5538,235
5539,235
5540,235
5541,235
5542,235
5543,235
5544,235
5545,235
5546,235
5547,235
5548,236
5549,236
5550,235
5551,236
5552,236
5553,236
5554,236
5555,236
5556,236
5557,236
5558,236
5559,236
5560,236
5561,236
5562,236
5563,236
5564,236
5565,236
5566,236
5567,236
5568,236
5569,236
5570,236
5571,236
5572,235
5573,235
5574,235
5575,235
5576,236
5577,235
5578,236
5579,235
5580,236
5581,236
5582,236
5583,236
5584,236
5585,236
5586,236
5587,236
5588,236
5589,236
5590,236
5591,236
5592,236
5593,236
5594,236
5595,236
5596,236
5597,236
5598,236
5599,236
5600,236
5601,237
5602,237
5603,237
5604,237
5605,237
5606,237
5607,237
5608,237
5609,237
5610,237
5611,237
5612,237
5613,237
5614,237
5615,237
5616,237
5617,237
5618,237
5619,237
5620,237
5621,237
5622,237
5623,237
5624,237
5625,237
5626,237
5627,237
5628,237
5629,237
5630,237
5631,237
5632,237
5633,237
5634,237
5635,237
5636,237
5637,237
5638,237
5639,237
5640,237
5641,237
5642,237
5643,237
5644,237
5645,237
5646,237
5647,237
5648,237
5649,237
5650,237
5651,237
5652,237
5653,237
5654,237
5655,237
5656,237
5657,237
5658,237
5659,237
5660,237
5661,237
5662,237
5663,237
5664,238
5665,238
5666,238
5667,238
5668,238
5669,237
5670,238
5671,238
5672,238
5673,238
5674,237
5675,238
5676,238
5677,238
5678,238
5679,237
5680,238
5681,237
5682,237
5683,238
5684,238
5685,238
5686,238
5687,238
5688,238
5689,238
5690,238
5691,238
5692,238
5693,238
5694,238
5695,238
5696,238
5697,238
5698,238
5699,238
5700,238
5701,238
5702,238
5703,238
5704,238
5705,238
5706,238
5707,238
5708,238
5709,238
5710,238
5711,238
5712,238
5713,238
5714,238
5715,238
5716,238
5717,238
5718,238
5719,238
5720,238
5721,238
5722,238
5723,238
5724,238
5725,238
5726,238
5727,238
5728,238
5729,238
5730,238
5731,238
5732,238
5733,238
5734,238
5735,238
5736,238
5737,238
5738,238
5739,238
5740,238
5741,239
5742,239
5743,239
5744,239
5745,239
5746,239
5747,239
5748,239
5749,239
5750,239
5751,239
5752,239
5753,239
5754,239
5755,239
5756,239
5757,239
5758,239
5759,239
5760,239
5761,239
5762,239
5763,239
5764,239
5765,239
5766,239
5767,239
5768,239
5769,239
5770,239
5771,239
5772,239
5773,239
5774,239
5775,239
5776,239
5777,239
5778,240
5779,240
5780,240
5781,240
5782,240
5783,240
5784,240
5785,240
5786,240
5787,240
5788,240
5789,240
5790,240
5791,240
5792,240
5793,240
5794,240
5795,240
5796,240
5797,240
5798,240
5799,240
5800,240
5801,240
5802,240
5803,240
5804,240
5805,240
5806,240
5807,240
5808,240
5809,240
5810,240
5811,240
5812,240
5813,240
5814,240
5815,240
5816,240
5817,241
5818,241
5819,241
5820,241
5821,241
5822,241
5823,241
5824,241
5825,241
5826,241
5827,241
5828,241
5829,241
5830,241
5831,241
5832,241
5833,241
5834,241
5835,241
5836,241
5837,241
5838,241
5839,241
5840,241
5841,241
5842,241
5843,241
5844,241
5845,241
5846,241
5847,241
5848,241
5849,241
5850,241
5851,241
5852,241
5853,241
5854,241
5855,241
5856,241
5857,241
5858,241
5859,241
5860,241
5861,241
5862,241
5863,241
5864,241
5865,241
5866,241
5867,241
5868,241
5869,241
5870,241
5871,241
5872,241
5873,241
5874,241
5875,241
5876,241
5877,241
5878,241
5879,241
5880,241
5881,241
5882,241
5883,241
5884,241
5885,241
5886,241
5887,241
5888,241
5889,241
5890,241
5891,241
5892,241
5893,241
5894,241
5895,241
5896,241
5897,241
5898,242
5899,242
5900,242
5901,242
5902,242
5903,242
5904,242
5905,242
5906,242
5907,242
5908,242
5909,242
5910,242
5911,242
5912,242
5913,242
5914,242
5915,242
5916,242
5917,242
5918,242
5919,242
5920,242
5921,242
5922,242
5923,242
5924,242
5925,242
5926,242
5927,242
5928,242
5929,242
5930,243
5931,243
5932,243
5933,243
5934,243
5935,243
5936,243
5937,243
5938,243
5939,243
5940,243
5941,243
5942,243
5943,243
5944,243
5945,243
5946,243
5947,243
5948,243
5949,243
5950,243
5951,243
5952,243
5953,243
5954,243
5955,243
5956,243
5957,243
5958,243
5959,243
5960,243
5961,243
5962,243
5963,243
5964,243
5965,243
5966,243
5967,243
5968,243
5969,243
5970,243
5971,243
5972,243
5973,243
5974,243
5975,243
5976,243
5977,243
5978,243
5979,243
5980,243
5981,243
5982,243
5983,243
5984,243
5985,243
5986,243
5987,243
5988,243
5989,243
5990,243
5991,243
5992,243
5993,243
5994,243
5995,243
5996,243
5997,243
5998,243
5999,243
6000,243
6001,243
6002,244
6003,244
6004,244
6005,244
6006,244
6007,244
6008,244
6009,244
6010,244
6011,244
6012,244
6013,244
6014,244
6015,244
6016,244
6017,244
6018,244
6019,244
6020,244
6021,244
6022,244
6023,244
6024,244
6025,244
6026,244
6027,244
6028,244
6029,244
6030,244
6031,244
6032,244
6033,244
6034,244
6035,244
6036,244
6037,244
6038,244
6039,244
6040,244
6041,244
6042,244
6043,244
6044,244
6045,244
6046,244
6047,244
6048,244
6049,244
6050,244
6051,244
6052,244
6053,244
6054,245
6055,245
6056,245
6057,245
6058,245
6059,245
6060,245
6061,245
6062,245
6063,245
6064,245
6065,245
6066,245
6067,245
6068,245
6069,245
6070,245
6071,245
6072,245
6073,245
6074,245
6075,245
6076,245
6077,245
6078,245
6079,245
6080,245
6081,245
6082,245
6083,245
6084,245
6085,245
6086,245
6087,245
6088,245
6089,245
6090,245
6091,245
6092,245
6093,245
6094,245
6095,245
6096,245
6097,245
6098,245
6099,245
6100,245
6101,245
6102,245
6103,245
6104,245
6105,245
6106,245
6107,245
6108,245
6109,245
6110,246
6111,246
6112,246
6113,246
6114,246
6115,246
6116,246
6117,246
6118,246
6119,246
6120,246
6121,246
6122,246
6123,246
6124,246
6125,246
6126,246
6127,246
6128,246
6129,246
6130,246
6131,246
6132,246
6133,246
6134,246
6135,246
6136,246
6137,246
6138,247
6139,246
6140,246
6141,247
6142,247
6143,247
6144,247
6145,247
6146,247
6147,247
6148,247
6149,247
6150,247
6151,247
6152,247
6153,247
6154,247
6155,247
6156,247
6157,247
6158,247
6159,247
6160,247
6161,247
6162,247
6163,247
6164,247
6165,247
6166,247
6167,247
6168,247
6169,247
6170,247
6171,247
6172,247
6173,247
6174,247
6175,247
6176,247
6177,247
6178,247
6179,247
6180,247
6181,247
6182,247
6183,247
6184,247
6185,247
6186,247
6187,247
6188,247
6189,247
6190,247
6191,247
6192,247
6193,247
6194,247
6195,247
6196,247
6197,247
6198,247
6199,247
6200,247
6201,247
6202,247
6203,247
6204,247
6205,247
6206,247
6207,247
6208,247
6209,247
6210,247
6211,247
6212,247
6213,247
6214,247
6215,247
6216,247
6217,247
6218,248
6219,248
6220,248
6221,248
6222,248
6223,248
6224,248
6225,248
6226,248
6227,248
6228,248
6229,248
6230,248
6231,248
6232,248
6233,248
6234,248
6235,248
6236,248
6237,248
6238,248
6239,248
6240,248
6241,248
6242,248
6243,248
6244,248
6245,248
6246,248
6247,248
6248,248
6249,248
6250,248
6251,248
6252,248
6253,248
6254,248
6255,248
6256,248
6257,248
6258,248
6259,248
6260,248
6261,248
6262,248
6263,248
6264,248
6265,248
6266,248
6267,248
6268,248
6269,248
6270,248
6271,248
6272,248
6273,248
6274,248
6275,248
6276,249
6277,249
6278,249
6279,249
6280,249
6281,249
6282,249
6283,249
6284,249
6285,249
6286,249
6287,249
6288,249
6289,249
6290,249
6291,249
6292,249
6293,249
6294,249
6295,249
6296,249
6297,249
6298,249
6299,249
6300,249
6301,249
6302,249
6303,249
6304,249
6305,249
6306,249
6307,249
6308,249
6309,249
6310,249
6311,249
6312,249
6313,249
6314,249
6315,249
6316,249
6317,249
6318,249
6319,249
6320,249
6321,249
6322,249
6323,249
6324,249
6325,249
6326,249
6327,249
6328,249
6329,249
6330,249
6331,249
6332,249
6333,249
6334,249
6335,249
6336,249
6337,249
6338,249
6339,249
6340,249
6341,249
6342,249
6343,249
6344,250
6345,250
6346,250
6347,249
6348,250
6349,250
6350,250
6351,250
6352,250
6353,250
6354,249
6355,249
6356,249
6357,249
6358,250
6359,250
6360,250
6361,250
6362,250
6363,250
6364,250
6365,250
6366,250
6367,250
6368,250
6369,250
6370,250
6371,250
6372,250
6373,250
6374,250
6375,250
6376,249
6377,250
6378,250
6379,250
6380,250
6381,250
6382,250
6383,250
6384,250
6385,250
6386,250
6387,250
6388,250
6389,250
6390,250
6391,250
6392,250
6393,250
6394,250
6395,250
6396,250
6397,250
6398,250
6399,250
6400,250
6401,250
6402,250
6403,250
6404,250
6405,250
6406,250
6407,250
6408,250
6409,250
6410,250
6411,250
6412,250
6413,250
6414,250
6415,250
6416,250
6417,250
6418,250
6419,250
6420,250
6421,250
6422,250
6423,250
6424,250
6425,250
6426,250
6427,250
6428,250
6429,250
6430,250
6431,250
6432,250
6433,250
6434,250
6435,250
6436,250
6437,250
6438,250
6439,250
6440,250
6441,250
6442,250
6443,250
6444,250
6445,250
6446,250
6447,250
6448,250
6449,250
6450,251
6451,251
6452,251
6453,251
6454,251
6455,251
6456,251
6457,251
6458,251
6459,251
6460,251
6461,251
6462,251
6463,251
6464,251
6465,251
6466,251
6467,251
6468,251
6469,251
6470,251
6471,251
6472,251
6473,251
6474,251
6475,251
6476,251
6477,251
6478,251
6479,251
6480,251
6481,251
6482,251
6483,251
6484,251
6485,251
6486,251
6487,251
6488,251
6489,251
6490,251
6491,251
6492,251
6493,251
6494,251
6495,251
6496,251
6497,251
6498,251
6499,251
6500,251
6501,251
6502,251
6503,251
6504,251
6505,251
6506,251
6507,251
6508,251
6509,251
6510,251
6511,251
6512,251
6513,251
6514,251
6515,251
6516,251
6517,251
6518,252
6519,252
6520,252
6521,252
6522,252
6523,252
6524,252
6525,252
6526,252
6527,252
6528,252
6529,252
6530,252
6531,252
6532,252
6533,252
6534,252
6535,252
6536,252
6537,252
6538,252
6539,252
6540,252
6541,252
6542,252
6543,252
6544,252
6545,252
6546,252
6547,252
6548,252
6549,252
6550,252
6551,252
6552,252
6553,252
6554,252
6555,252
6556,252
6557,252
6558,252
6559,252
6560,252
6561,252
6562,252
6563,252
6564,252
6565,252
6566,252
6567,252
6568,253
6569,253
6570,253
6571,253
6572,253
6573,253
6574,253
6575,253
6576,253
6577,253
6578,253
6579,253
6580,253
6581,253
6582,253
6583,253
6584,253
6585,253
6586,253
6587,253
6588,253
6589,253
6590,253
6591,253
6592,253
6593,253
6594,253
6595,253
6596,253
6597,253
6598,253
6599,253
6600,253
6601,253
6602,253
6603,253
6604,253
6605,253
6606,253
6607,253
6608,253
6609,253
6610,253
6611,253
6612,253
6613,253
6614,253
6615,253
6616,253
6617,253
6618,253
6619,253
6620,253
6621,253
6622,253
6623,253
6624,253
6625,253
6626,253
6627,253
6628,253
6629,253
6630,253
6631,253
6632,253
6633,254
6634,253
6635,253
6636,254
6637,254
6638,254
6639,254
6640,254
6641,254
6642,254
6643,254
6644,254
6645,254
6646,254
6647,254
6648,254
6649,254
6650,254
6651,254
6652,254
6653,254
6654,254
6655,254
6656,254
6657,254
6658,254
6659,254
6660,254
6661,254
6662,254
6663,254
6664,254
6665,254
6666,254
6667,254
6668,254
6669,254
6670,254
6671,254
6672,254
6673,254
6674,254
6675,254
6676,254
6677,254
6678,254
6679,254
6680,254
6681,254
6682,254
6683,254
6684,254
6685,254
6686,254
6687,255
6688,255
6689,254
6690,255
6691,255
6692,255
6693,255
6694,255
6695,255
6696,255
6697,255
6698,255
6699,255
6700,255
6701,255
6702,255
6703,255
6704,255
6705,255
6706,255
6707,255
6708,255
6709,255
6710,255
6711,255
6712,255
6713,255
6714,255
6715,255
6716,255
6717,255
6718,255
6719,255
6720,255
6721,255
6722,255
6723,255
6724,255
6725,255
6726,255
6727,255
6728,255
6729,255
6730,255
6731,255
6732,256
6733,255
6734,255
6735,255
6736,255
6737,256
6738,255
6739,255
6740,256
6741,255
6742,256
6743,256
6744,256
6745,256
6746,256
6747,256
6748,256
6749,256
6750,256
6751,256
6752,256
6753,256
6754,256
6755,256
6756,256
6757,256
6758,256
6759,256
6760,256
6761,256
6762,256
6763,256
6764,256
6765,256
6766,256
6767,256
6768,256
6769,256
6770,256
6771,256
6772,256
6773,256
6774,256
6775,256
6776,256
6777,256
6778,256
6779,256
6780,256
6781,256
6782,256
6783,256
6784,256
6785,256
6786,256
6787,256
6788,256
6789,256
6790,256
6791,256
6792,256
6793,256
6794,256
6795,256
6796,256
6797,256
6798,256
6799,256
6800,256
6801,256
6802,256
6803,256
6804,256
6805,256
6806,256
6807,256
6808,256
6809,256
6810,256
6811,256
6812,256
6813,256
6814,257
6815,257
6816,257
6817,257
6818,257
6819,257
6820,257
6821,257
6822,257
6823,257
6824,257
6825,257
6826,257
6827,257
6828,257
6829,257
6830,257
6831,257
6832,257
6833,257
6834,257
6835,257
6836,257
6837,257
6838,257
6839,257
6840,257
6841,257
6842,257
6843,257
6844,257
6845,257
6846,257
6847,257
6848,257
6849,257
6850,257
6851,257
6852,257
6853,257
6854,257
6855,257
6856,257
6857,257
6858,257
6859,257
6860,257
6861,257
6862,257
6863,257
6864,257
6865,257
6866,257
6867,257
6868,257
6869,257
6870,257
6871,257
6872,257
6873,257
6874,257
6875,257
6876,257
6877,258
6878,258
6879,258
6880,258
6881,258
6882,258
6883,258
6884,258
6885,258
6886,258
6887,258
6888,258
6889,258
6890,258
6891,258
6892,258
6893,258
6894,258
6895,258
6896,258
6897,258
6898,258
6899,258
6900,258
6901,258
6902,258
6903,258
6904,258
6905,258
6906,258
6907,258
6908,258
6909,258
6910,258
6911,258
6912,258
6913,258
6914,258
6915,258
6916,258
6917,258
6918,258
6919,258
6920,258
6921,258
6922,258
6923,258
6924,258
6925,258
6926,258
6927,258
6928,258
6929,258
6930,258
6931,258
6932,258
6933,258
6934,258
6935,258
6936,259
6937,259
6938,259
6939,259
6940,259
6941,259
6942,259
6943,259
6944,259
6945,259
6946,259
6947,259
6948,259
6949,259
6950,259
6951,259
6952,259
6953,259
6954,259
6955,259
6956,259
6957,259
6958,259
6959,259
6960,259
6961,259
6962,259
6963,259
6964,259
6965,259
6966,259
6967,259
6968,259
6969,259
6970,259
6971,259
6972,259
6973,259
6974,259
6975,259
6976,259
6977,259
6978,259
6979,259
6980,259
6981,259
6982,259
6983,259
6984,259
6985,259
6986,259
6987,259
6988,259
6989,260
6990,259
6991,259
6992,259
6993,260
6994,260
6995,260
6996,260
6997,260
6998,260
6999,260
7000,260
7001,260
7002,260
7003,260
7004,260
7005,260
7006,260
7007,260
7008,260
7009,260
7010,260
7011,260
7012,260
7013,260
7014,260
7015,260
7016,260
7017,260
7018,260
7019,260
7020,260
7021,260
7022,260
7023,260
7024,260
7025,260
7026,260
7027,260
7028,260
7029,260
7030,260
7031,261
7032,260
7033,260
7034,260
7035,260
7036,261
7037,261
7038,261
7039,261
7040,261
7041,261
7042,261
7043,261
7044,261
7045,261
7046,261
7047,261
7048,261
7049,261
7050,261
7051,261
7052,261
7053,261
7054,261
7055,261
7056,261
7057,261
7058,261
7059,261
7060,261
7061,261
7062,261
7063,261
7064,261
7065,261
7066,261
7067,261
7068,261
7069,261
7070,261
7071,261
7072,261
7073,261
7074,261
7075,261
7076,261
7077,261
7078,261
7079,261
7080,261
7081,261
7082,261
7083,261
7084,261
7085,261
7086,261
7087,261
7088,261
7089,261
7090,261
7091,261
7092,261
7093,261
7094,261
7095,261
7096,261
7097,261
7098,261
7099,261
7100,261
7101,261
7102,262
7103,262
7104,262
7105,262
7106,262
7107,262
7108,262
7109,262
7110,262
7111,262
7112,262
7113,262
7114,262
7115,262
7116,262
7117,262
7118,262
7119,262
7120,262
7121,262
7122,262
7123,262
7124,262
7125,262
7126,262
7127,262
7128,262
7129,262
7130,262
7131,262
7132,262
7133,262
7134,262
7135,262
7136,262
7137,262
7138,262
7139,262
7140,262
7141,263
7142,263
7143,263
7144,263
7145,263
7146,263
7147,263
7148,263
7149,263
7150,263
7151,263
7152,263
7153,263
7154,263
7155,263
7156,263
7157,263
7158,263
7159,263
7160,263
7161,263
7162,263
7163,263
7164,263
7165,263
7166,263
7167,263
7168,263
7169,263
7170,263
7171,263
7172,263
7173,263
7174,263
7175,263
7176,263
7177,263
7178,263
7179,263
7180,263
7181,263
7182,263
7183,263
7184,263
7185,263
7186,263
7187,263
7188,263
7189,263
7190,263
7191,263
7192,263
7193,263
7194,263
7195,263
7196,263
7197,263
7198,263
7199,263
7200,263
7201,263
7202,263
7203,263
7204,263
7205,263
7206,263
7207,263
7208,263
7209,263
7210,263
7211,263
7212,263
7213,263
7214,263
7215,263
7216,263
7217,263
7218,263
7219,263
7220,263
7221,263
7222,263
7223,263
7224,263
7225,263
7226,263
7227,263
7228,263
7229,263
7230,263
7231,263
7232,263
7233,263
7234,263
7235,264
7236,264
7237,263
7238,263
7239,263
7240,263
7241,264
7242,264
7243,264
7244,264
7245,264
7246,264
7247,264
7248,264
7249,264
7250,264
7251,264
7252,264
7253,264
7254,264
7255,264
7256,264
7257,264
7258,264
7259,264
7260,264
7261,264
7262,264
7263,264
7264,264
7265,264
7266,264
7267,264
7268,264
7269,264
7270,264
7271,264
7272,264
7273,264
7274,264
7275,264
7276,264
7277,264
7278,264
7279,264
7280,264
7281,265
7282,265
7283,265
7284,265
7285,265
7286,265
7287,265
7288,265
7289,265
7290,264
7291,265
7292,265
7293,265
7294,265
7295,265
7296,265
7297,265
7298,265
7299,265
7300,265
7301,265
7302,265
7303,265
7304,265
7305,265
7306,265
7307,265
7308,265
7309,265
7310,265
7311,265
7312,265
7313,265
7314,265
7315,265
7316,265
7317,265
7318,265
7319,265
7320,265
7321,265
7322,265
7323,265
7324,265
7325,265
7326,265
7327,265
7328,265
7329,265
7330,265
7331,265
7332,265
7333,265
7334,265
7335,265
7336,265
7337,265
7338,265
7339,266
7340,266
7341,266
7342,266
7343,266
7344,266
7345,266
7346,266
7347,266
7348,266
7349,266
7350,266
7351,266
7352,266
7353,266
7354,266
7355,266
7356,266
7357,266
7358,266
7359,266
7360,266
7361,266
7362,266
7363,266
7364,266
7365,266
7366,266
7367,266
7368,266
7369,266
7370,266
7371,266
7372,266
7373,266
7374,267
7375,267
7376,267
7377,267
7378,267
7379,267
7380,267
7381,267
7382,267
7383,267
7384,267
7385,267
7386,267
7387,267
7388,267
7389,267
7390,267
7391,267
7392,267
7393,267
7394,267
7395,267
7396,267
7397,267
7398,267
7399,267
7400,267
7401,267
7402,267
7403,267
7404,267
7405,267
7406,267
7407,267
7408,267
7409,267
7410,267
7411,267
7412,267
7413,267
7414,267
7415,267
7416,267
7417,267
7418,267
7419,267
7420,267
7421,267
7422,267
7423,267
7424,267
7425,267
7426,267
7427,267
7428,267
7429,267
7430,267
7431,267
7432,267
7433,267
7434,267
7435,267
7436,267
7437,267
7438,267
7439,267
7440,267
7441,267
7442,267
7443,267
7444,267
7445,267
7446,267
7447,267
7448,267
7449,267
7450,268
7451,267
7452,268
7453,268
7454,268
7455,268
7456,268
7457,268
7458,268
7459,268
7460,268
7461,268
7462,268
7463,268
7464,268
7465,268
7466,268
7467,268
7468,268
7469,268
7470,268
7471,268
7472,268
7473,268
7474,268
7475,268
7476,268
7477,268
7478,268
7479,268
7480,268
7481,268
7482,268
7483,268
7484,268
7485,268
7486,268
7487,268
7488,268
7489,268
7490,268
7491,268
7492,268
7493,268
7494,268
7495,268
7496,268
7497,268
7498,268
7499,268
7500,268
7501,268
7502,268
7503,268
7504,268
7505,268
7506,269
7507,269
7508,269
7509,269
7510,269
7511,269
7512,269
7513,269
7514,269
7515,269
7516,269
7517,269
7518,269
7519,269
7520,269
7521,269
7522,269
7523,269
7524,269
7525,269
7526,269
7527,269
7528,269
7529,269
7530,269
7531,269
7532,269
7533,269
7534,269
7535,269
7536,269
7537,269
7538,269
7539,269
7540,269
7541,269
7542,269
7543,269
7544,269
7545,269
7546,269
7547,269
7548,269
7549,269
7550,269
7551,269
7552,269
7553,269
7554,269
7555,269
7556,269
7557,269
7558,269
7559,269
7560,269
7561,269
7562,269
7563,269
7564,270
7565,270
7566,270
7567,270
7568,270
7569,270
7570,270
7571,270
7572,270
7573,270
7574,270
7575,270
7576,270
7577,270
7578,270
7579,270
7580,270
7581,270
7582,270
7583,270
7584,270
7585,270
7586,270
7587,270
7588,270
7589,270
7590,270
7591,270
7592,270
7593,270
7594,270
7595,270
7596,270
7597,270
7598,270
7599,270
7600,270
7601,270
7602,270
7603,270
7604,270
7605,270
7606,270
7607,270
7608,270
7609,270
7610,270
7611,270
7612,270
7613,270
7614,270
7615,270
7616,270
7617,271
7618,271
7619,271
7620,271
7621,270
7622,271
7623,271
7624,271
7625,271
7626,271
7627,271
7628,271
7629,271
7630,271
7631,271
7632,271
7633,271
7634,271
7635,271
7636,271
7637,271
7638,271
7639,271
7640,271
7641,271
7642,271
7643,271
7644,271
7645,271
7646,271
7647,271
7648,271
7649,271
7650,271
7651,271
7652,271
7653,271
7654,271
7655,271
7656,271
7657,271
7658,271
7659,271
7660,271
7661,271
7662,271
7663,271
7664,271
7665,271
7666,271
7667,271
7668,271
7669,271
7670,271
7671,271
7672,271
7673,271
7674,271
7675,271
7676,271
7677,271
7678,271
7679,271
7680,271
7681,271
7682,271
7683,271
7684,271
7685,271
7686,271
7687,271
7688,271
7689,271
7690,271
7691,272
7692,272
7693,272
7694,272
7695,272
7696,272
7697,272
7698,272
7699,272
7700,272
7701,272
7702,272
7703,272
7704,272
7705,272
7706,272
7707,272
7708,272
7709,272
7710,272
7711,272
7712,272
7713,272
7714,272
7715,272
7716,272
7717,272
7718,272
7719,272
7720,272
7721,272
7722,272
7723,272
7724,272
7725,272
7726,272
7727,272
7728,272
7729,272
7730,272
7731,272
7732,272
7733,272
7734,272
7735,272
7736,272
7737,272
7738,272
7739,272
7740,272
7741,272
7742,272
7743,272
7744,272
7745,272
7746,272
7747,272
7748,272
7749,272
7750,272
7751,272
7752,272
7753,272
7754,272
7755,272
7756,272
7757,272
7758,272
7759,272
7760,272
7761,272
7762,272
7763,272
7764,272
7765,272
7766,272
7767,272
7768,272
7769,272
7770,272
7771,272
7772,272
7773,272
7774,272
7775,272
7776,272
7777,272
7778,272
7779,272
7780,272
7781,272
7782,272
7783,272
7784,272
7785,272
7786,272
7787,272
7788,272
7789,272
7790,272
7791,272
7792,272
7793,272
7794,272
7795,272
7796,272
7797,272
7798,272
7799,272
7800,272
7801,272
7802,272
7803,272
7804,272
7805,272
7806,272
7807,272
7808,272
7809,272
7810,272
7811,272
7812,272
7813,272
7814,273
7815,272
7816,273
7817,273
7818,273
7819,273
7820,273
7821,273
7822,273
7823,273
7824,273
7825,273
7826,273
7827,273
7828,273
7829,273
7830,273
7831,273
7832,273
7833,273
7834,273
7835,273
7836,273
7837,273
7838,273
7839,273
7840,273
7841,273
7842,273
7843,273
7844,273
7845,273
7846,273
7847,273
7848,273
7849,273
7850,273
7851,273
7852,273
7853,273
7854,273
7855,273
7856,273
7857,273
7858,273
7859,273
7860,274
7861,273
7862,273
7863,274
7864,274
7865,274
7866,274
7867,274
7868,274
7869,274
7870,274
7871,274
7872,274
7873,274
7874,274
7875,274
7876,274
7877,274
7878,274
7879,274
7880,274
7881,274
7882,274
7883,274
7884,274
7885,274
7886,274
7887,274
7888,274
7889,274
7890,274
7891,274
7892,274
7893,274
7894,274
7895,274
7896,274
7897,274
7898,274
7899,274
7900,274
7901,274
7902,274
7903,274
7904,274
7905,274
7906,274
7907,274
7908,274
7909,274
7910,274
7911,274
7912,274
7913,274
7914,274
7915,274
7916,274
7917,274
7918,274
7919,274
7920,274
7921,274
7922,274
7923,274
7924,274
7925,274
7926,274
7927,274
7928,274
7929,274
7930,274
7931,275
7932,275
7933,275
7934,275
7935,275
7936,275
7937,275
7938,275
7939,275
7940,275
7941,275
7942,275
7943,275
7944,275
7945,275
7946,275
7947,275
7948,275
7949,275
7950,275
7951,275
7952,275
7953,275
7954,275
7955,275
7956,275
7957,275
7958,275
7959,275
7960,275
7961,275
7962,275
7963,275
7964,275
7965,275
7966,275
7967,275
7968,275
7969,275
7970,275
7971,275
7972,275
7973,275
7974,275
7975,275
7976,275
7977,275
7978,275
7979,275
7980,275
7981,275
7982,275
7983,275
7984,275
7985,275
7986,275
7987,275
7988,275
7989,275
7990,275
7991,275
7992,275
7993,276
7994,276
7995,276
7996,276
7997,276
7998,276
7999,276
8000,276
8001,276
8002,276
8003,276
8004,276
8005,276
8006,276
8007,276
8008,276
8009,276
8010,276
8011,276
8012,276
8013,276
8014,276
8015,276
8016,276
8017,276
8018,276
8019,276
8020,276
8021,276
8022,276
8023,276
8024,276
8025,276
8026,276
8027,276
8028,276
8029,276
8030,276
8031,276
8032,276
8033,276
8034,276
8035,276
8036,276
8037,276
8038,276
8039,276
8040,276
8041,276
8042,276
8043,276
8044,276
8045,276
8046,276
8047,276
8048,276
8049,276
8050,276
8051,276
8052,276
8053,276
8054,276
8055,276
8056,276
8057,276
8058,276
8059,276
8060,276
8061,276
8062,276
8063,276
8064,276
8065,276
8066,276
8067,276
8068,276
8069,276
8070,276
8071,276
8072,276
8073,276
8074,276
8075,276
8076,276
8077,276
8078,276
8079,276
8080,276
8081,276
8082,276
8083,276
8084,276
8085,276
8086,276
8087,276
8088,276
8089,276
8090,277
8091,277
8092,277
8093,277
8094,277
8095,277
8096,277
8097,277
8098,277
8099,277
8100,277
8101,277
8102,277
8103,277
8104,277
8105,277
8106,277
8107,277
8108,277
8109,277
8110,277
8111,277
8112,277
8113,277
8114,277
8115,277
8116,277
8117,277
8118,277
8119,277
8120,277
8121,277
8122,277
8123,277
8124,277
8125,277
8126,277
8127,277
8128,277
8129,277
8130,277
8131,277
8132,277
8133,277
8134,277
8135,277
8136,277
8137,277
8138,277
8139,277
8140,277
8141,277
8142,277
8143,277
8144,277
8145,277
8146,277
8147,277
8148,277
8149,277
8150,277
8151,277
8152,277
8153,277
8154,277
8155,277
8156,278
8157,278
8158,278
8159,278
8160,278
8161,278
8162,278
8163,278
8164,278
8165,277
8166,277
8167,278
8168,278
8169,277
8170,278
8171,278
8172,278
8173,278
8174,278
8175,278
8176,278
8177,278
8178,278
8179,278
8180,278
8181,278
8182,278
8183,278
8184,278
8185,278
8186,278
8187,278
8188,278
8189,278
8190,278
8191,278
8192,278
8193,278
8194,278
8195,278
8196,278
8197,278
8198,278
8199,278
8200,278
8201,278
8202,278
8203,278
8204,278
8205,278
8206,278
8207,278
8208,278
8209,278
8210,278
8211,278
8212,278
8213,278
8214,278
8215,278
8216,278
8217,278
8218,278
8219,278
8220,278
8221,278
8222,278
8223,278
8224,278
8225,278
8226,279
8227,279
8228,278
8229,279
8230,279
8231,279
8232,279
8233,279
8234,279
8235,279
8236,279
8237,279
8238,279
8239,279
8240,279
8241,279
8242,279
8243,279
8244,279
8245,279
8246,279
8247,279
8248,279
8249,279
8250,279
8251,279
8252,279
8253,279
8254,279
8255,279
8256,279
8257,279
8258,279
8259,279
8260,279
8261,279
8262,279
8263,279
8264,279
8265,279
8266,279
8267,279
8268,279
8269,279
8270,279
8271,279
8272,279
8273,279
8274,279
8275,279
8276,279
8277,279
8278,279
8279,279
8280,279
8281,279
8282,279
8283,279
8284,279
8285,279
8286,279
8287,279
8288,279
8289,279
8290,279
8291,279
8292,279
8293,279
8294,279
8295,279
8296,279
8297,279
8298,279
8299,279
8300,279
8301,279
8302,279
8303,279
8304,279
8305,279
8306,279
8307,280
8308,280
8309,280
8310,280
8311,280
8312,280
8313,280
8314,280
8315,280
8316,280
8317,280
8318,280
8319,280
8320,280
8321,280
8322,280
8323,280
8324,280
8325,280
8326,280
8327,280
8328,280
8329,280
8330,280
8331,280
8332,280
8333,280
8334,280
8335,280
8336,280
8337,280
8338,280
8339,280
8340,280
8341,280
8342,280
8343,280
8344,280
8345,280
8346,280
8347,280
8348,280
8349,280
8350,280
8351,280
8352,280
8353,280
8354,280
8355,280
8356,280
8357,280
8358,280
8359,280
8360,280
8361,280
8362,280
8363,280
8364,280
8365,280
8366,280
8367,281
8368,281
8369,281
8370,281
8371,281
8372,281
8373,281
8374,281
8375,281
8376,281
8377,281
8378,281
8379,281
8380,281
8381,281
8382,281
8383,281
8384,281
8385,281
8386,281
8387,281
8388,281
8389,281
8390,281
8391,281
8392,281
8393,281
8394,281
8395,281
8396,281
8397,281
8398,281
8399,281
8400,281
8401,281
8402,281
8403,281
8404,281
8405,281
8406,281
8407,281
8408,281
8409,281
8410,281
8411,281
8412,281
8413,281
8414,281
8415,281
8416,281
8417,281
8418,281
8419,281
8420,281
8421,281
8422,281
8423,281
8424,281
8425,281
8426,281
8427,281
8428,281
8429,281
8430,281
8431,281
8432,281
8433,281
8434,281
8435,282
8436,282
8437,282
8438,281
8439,281
8440,281
8441,281
8442,281
8443,281
8444,281
8445,281
8446,281
8447,281
8448,281
8449,281
8450,281
8451,282
8452,282
8453,282
8454,282
8455,282
8456,282
8457,282
8458,282
8459,281
8460,281
8461,282
8462,282
8463,282
8464,282
8465,282
8466,282
8467,282
8468,282
8469,282
8470,282
8471,282
8472,282
8473,282
8474,282
8475,282
8476,282
8477,282
8478,282
8479,282
8480,282
8481,282
8482,282
8483,282
8484,282
8485,282
8486,282
8487,282
8488,282
8489,282
8490,282
8491,282
8492,282
8493,282
8494,282
8495,282
8496,282
8497,282
8498,282
8499,282
8500,282
8501,282
8502,282
8503,282
8504,282
8505,282
8506,282
8507,282
8508,282
8509,282
8510,282
8511,282
8512,282
8513,282
8514,282
8515,282
8516,282
8517,282
8518,282
8519,282
8520,282
8521,282
8522,282
8523,282
8524,282
8525,282
8526,282
8527,282
8528,282
8529,282
8530,282
8531,282
8532,282
8533,282
8534,282
8535,282
8536,282
8537,282
8538,283
8539,283
8540,282
8541,283
8542,283
8543,283
8544,283
8545,283
8546,283
8547,283
8548,283
8549,283
8550,283
8551,283
8552,283
8553,283
8554,283
8555,283
8556,283
8557,283
8558,283
8559,283
8560,283
8561,283
8562,283
8563,283
8564,283
8565,283
8566,283
8567,283
8568,283
8569,283
8570,283
8571,283
8572,283
8573,283
8574,283
8575,283
8576,283
8577,283
8578,283
8579,283
8580,283
8581,283
8582,283
8583,283
8584,283
8585,283
8586,283
8587,283
8588,283
8589,283
8590,283
8591,283
8592,283
8593,283
8594,283
8595,283
8596,283
8597,283
8598,283
8599,283
8600,283
8601,283
8602,284
8603,284
8604,284
8605,283
8606,284
8607,284
8608,284
8609,284
8610,284
8611,284
8612,284
8613,284
8614,284
8615,284
8616,284
8617,284
8618,284
8619,284
8620,284
8621,284
8622,284
8623,284
8624,284
8625,284
8626,284
8627,284
8628,284
8629,284
8630,284
8631,284
8632,284
8633,284
8634,284
8635,284
8636,284
8637,284
8638,284
8639,284
8640,284
8641,284
8642,284
8643,284
8644,284
8645,284
8646,284
8647,284
8648,284
8649,284
8650,284
8651,284
8652,284
8653,284
8654,284
8655,284
8656,284
8657,284
8658,284
8659,284
8660,284
8661,284
8662,284
8663,284
8664,284
8665,284
8666,284
8667,284
8668,284
8669,284
8670,284
8671,284
8672,285
8673,285
8674,285
8675,285
8676,285
8677,285
8678,285
8679,285
8680,285
8681,285
8682,285
8683,285
8684,285
8685,285
8686,285
8687,285
8688,285
8689,285
8690,285
8691,285
8692,285
8693,285
8694,285
8695,285
8696,285
8697,285
8698,285
8699,285
8700,285
8701,285
8702,285
8703,285
8704,285
8705,285
8706,285
8707,285
8708,285
8709,285
8710,285
8711,285
8712,285
8713,285
8714,285
8715,285
8716,285
8717,285
8718,285
8719,285
8720,285
8721,285
8722,285
8723,285
8724,285
8725,286
8726,286
8727,286
8728,286
8729,286
8730,286
8731,286
8732,286
8733,286
8734,286
8735,286
8736,286
8737,286
8738,286
8739,286
8740,286
8741,286
8742,286
8743,286
8744,286
8745,286
8746,286
8747,286
8748,286
8749,286
8750,286
8751,286
8752,286
8753,286
8754,286
8755,286
8756,286
8757,286
8758,286
8759,286
8760,286
8761,286
8762,286
8763,286
8764,286
8765,286
8766,286
8767,286
8768,286
8769,286
8770,286
8771,286
8772,286
8773,286
8774,286
8775,287
8776,287
8777,287
8778,287
8779,287
8780,287
8781,287
8782,287
8783,287
8784,287
8785,287
8786,287
8787,287
8788,287
8789,287
8790,287
8791,287
8792,287
8793,287
8794,287
8795,287
8796,287
8797,287
8798,287
8799,287
8800,287
8801,287
8802,287
8803,287
8804,287
8805,287
8806,287
8807,287
8808,287
8809,287
8810,287
8811,287
8812,287
8813,287
8814,287
8815,287
8816,287
8817,287
8818,287
8819,287
8820,287
8821,287
8822,287
8823,287
8824,287
8825,287
8826,287
8827,288
8828,288
8829,288
8830,288
8831,288
8832,288
8833,288
8834,288
8835,288
8836,288
8837,287
8838,288
8839,288
8840,287
8841,287
8842,287
8843,287
8844,287
8845,287
8846,287
8847,287
8848,287
8849,287
8850,288
8851,288
8852,288
8853,288
8854,288
8855,288
8856,288
8857,288
8858,287
8859,287
8860,287
8861,287
8862,287
8863,288
8864,288
8865,288
8866,288
8867,288
8868,288
8869,288
8870,288
8871,288
8872,288
8873,288
8874,288
8875,287
8876,287
8877,287
8878,287
8879,287
8880,287
8881,287
8882,288
8883,288
8884,287
8885,287
8886,287
8887,287
8888,287
8889,288
8890,288
8891,288
8892,288
8893,288
8894,288
8895,288
8896,288
8897,288
8898,288
8899,288
8900,288
8901,288
8902,288
8903,288
8904,288
8905,288
8906,288
8907,288
8908,288
8909,288
8910,288
8911,288
8912,288
8913,288
8914,288
8915,288
8916,288
8917,288
8918,288
8919,288
8920,288
8921,288
8922,288
8923,288
8924,288
8925,288
8926,288
8927,288
8928,288
8929,288
8930,288
8931,288
8932,288
8933,288
8934,288
8935,288
8936,288
8937,288
8938,288
8939,288
8940,288
8941,288
8942,288
8943,288
8944,288
8945,288
8946,289
8947,289
8948,289
8949,289
8950,289
8951,289
8952,289
8953,289
8954,289
8955,289
8956,289
8957,289
8958,289
8959,289
8960,289
8961,289
8962,289
8963,289
8964,289
8965,289
8966,289
8967,289
8968,289
8969,289
8970,289
8971,289
8972,289
8973,289
8974,289
8975,289
8976,289
8977,289
8978,289
8979,289
8980,289
8981,289
8982,289
8983,289
8984,289
8985,289
8986,289
8987,289
8988,289
8989,289
8990,289
8991,289
8992,289
8993,289
8994,289
8995,289
8996,289
8997,289
8998,289
8999,289
9000,289
9001,289
9002,289
9003,289
9004,289
9005,289
9006,289
9007,289
9008,289
9009,289
9010,289
9011,289
9012,289
9013,289
9014,289
9015,289
9016,289
9017,289
9018,289
9019,289
9020,289
9021,289
9022,289
9023,289
9024,289
9025,289
9026,289
9027,289
9028,289
9029,289
9030,289
9031,289
9032,289
9033,289
9034,289
9035,289
9036,289
9037,289
9038,289
9039,289
9040,289
9041,289
9042,289
9043,289
9044,289
9045,289
9046,289
9047,289
9048,289
9049,289
9050,289
9051,289
9052,289
9053,289
9054,289
9055,289
9056,289
9057,289
9058,289
9059,289
9060,289
9061,289
9062,289
9063,289
9064,289
9065,289
9066,289
9067,289
9068,289
9069,289
9070,290
9071,289
9072,290
9073,290
9074,290
9075,290
9076,290
9077,290
9078,290
9079,290
9080,290
9081,290
9082,290
9083,290
9084,290
9085,290
9086,290
9087,290
9088,290
9089,290
9090,290
9091,290
9092,290
9093,290
9094,290
9095,290
9096,290
9097,290
9098,290
9099,290
9100,290
9101,290
9102,290
9103,290
9104,290
9105,290
9106,290
9107,290
9108,290
9109,290
9110,290
9111,290
9112,290
9113,290
9114,290
9115,290
9116,290
9117,290
9118,290
9119,290
9120,290
9121,290
9122,290
9123,290
9124,290
9125,290
9126,290
9127,290
9128,290
9129,290
9130,290
9131,290
9132,290
9133,290
9134,290
9135,290
9136,290
9137,290
9138,290
9139,290
9140,290
9141,290
9142,290
9143,290
9144,290
9145,290
9146,290
9147,290
9148,290
9149,291
9150,291
9151,291
9152,291
9153,291
9154,291
9155,291
9156,291
9157,291
9158,291
9159,291
9160,291
9161,291
9162,291
9163,291
9164,291
9165,291
9166,291
9167,291
9168,291
9169,291
9170,291
9171,291
9172,291
9173,291
9174,291
9175,291
9176,291
9177,291
9178,291
9179,291
9180,291
9181,291
9182,291
9183,291
9184,291
9185,291
9186,291
9187,291
9188,291
9189,291
9190,291
9191,291
9192,291
9193,291
9194,291
9195,291
9196,291
9197,291
9198,291
9199,292
9200,292
9201,292
9202,292
9203,292
9204,292
9205,292
9206,292
9207,292
9208,292
9209,292
9210,292
9211,292
9212,292
9213,292
9214,292
9215,292
9216,292
9217,292
9218,292
9219,292
9220,292
9221,292
9222,292
9223,292
9224,292
9225,292
9226,292
9227,292
9228,292
9229,292
9230,292
9231,292
9232,292
9233,292
9234,292
9235,292
9236,292
9237,292
9238,292
9239,292
9240,292
9241,292
9242,292
9243,292
9244,292
9245,292
9246,292
9247,292
9248,292
9249,292
9250,292
9251,292
9252,292
9253,292
9254,292
9255,292
9256,292
9257,292
9258,292
9259,292
9260,292
9261,292
9262,292
9263,292
9264,292
9265,292
9266,292
9267,292
9268,292
9269,292
9270,292
9271,292
9272,292
9273,292
9274,293
9275,293
9276,293
9277,293
9278,293
9279,293
9280,293
9281,293
9282,293
9283,293
9284,293
9285,293
9286,292
9287,292
9288,292
9289,292
9290,293
9291,293
9292,293
9293,293
9294,293
9295,293
9296,293
9297,293
9298,293
9299,293
9300,293
9301,292
9302,292
9303,293
9304,293
9305,293
9306,293
9307,293
9308,293
9309,292
9310,293
9311,293
9312,293
9313,293
9314,293
9315,292
9316,292
9317,293
9318,293
9319,293
9320,293
9321,292
9322,293
9323,292
9324,292
9325,292
9326,293
9327,293
9328,292
9329,292
9330,292
9331,292
9332,292
9333,292
9334,292
9335,292
9336,293
9337,293
9338,293
9339,293
9340,293
9341,293
9342,293
9343,293
9344,293
9345,293
9346,293
9347,293
9348,293
9349,293
9350,293
9351,293
9352,293
9353,293
9354,293
9355,293
9356,293
9357,293
9358,293
9359,293
9360,293
9361,293
9362,293
9363,293
9364,293
9365,293
9366,293
9367,293
9368,293
9369,293
9370,293
9371,293
9372,293
9373,293
9374,293
9375,293
9376,293
9377,293
9378,293
9379,293
9380,293
9381,294
9382,294
9383,294
9384,294
9385,294
9386,294
9387,294
9388,294
9389,294
9390,294
9391,294
9392,294
9393,294
9394,294
9395,294
9396,294
9397,294
9398,294
9399,294
9400,294
9401,294
9402,294
9403,294
9404,294
9405,294
9406,294
9407,294
9408,294
9409,294
9410,294
9411,294
9412,294
9413,294
9414,294
9415,294
9416,294
9417,294
9418,294
9419,294
9420,294
9421,294
9422,294
9423,294
9424,294
9425,294
9426,294
9427,294
9428,294
9429,294
9430,294
9431,294
9432,294
9433,294
9434,294
9435,294
9436,294
9437,294
9438,294
9439,294
9440,294
9441,294
9442,294
9443,294
9444,294
9445,294
9446,294
9447,294
9448,295
9449,295
9450,295
9451,295
9452,294
9453,294
9454,295
9455,295
9456,295
9457,295
9458,295
9459,295
9460,295
9461,295
9462,295
9463,295
9464,295
9465,295
9466,295
9467,295
9468,295
9469,295
9470,295
9471,295
9472,295
9473,295
9474,295
9475,295
9476,295
9477,295
9478,295
9479,295
9480,295
9481,295
9482,295
9483,295
9484,295
9485,295
9486,295
9487,295
9488,295
9489,295
9490,295
9491,295
9492,296
9493,296
9494,296
9495,296
9496,296
9497,296
9498,296
9499,296
9500,296
9501,296
9502,296
9503,296
9504,296
9505,296
9506,296
9507,296
9508,296
9509,296
9510,296
9511,296
9512,296
9513,296
9514,296
9515,296
9516,296
9517,296
9518,296
9519,296
9520,296
9521,296
9522,296
9523,296
9524,296
9525,296
9526,296
9527,296
9528,296
9529,296
9530,296
9531,296
9532,296
9533,296
9534,296
9535,296
9536,296
9537,296
9538,296
9539,296
9540,296
9541,297
9542,297
9543,297
9544,297
9545,297
9546,297
9547,297
9548,297
9549,297
9550,297
9551,297
9552,297
9553,297
9554,297
9555,297
9556,297
9557,297
9558,297
9559,297
9560,297
9561,297
9562,297
9563,297
9564,297
9565,297
9566,297
9567,297
9568,297
9569,297
9570,297
9571,297
9572,297
9573,297
9574,297
9575,297
9576,297
9577,297
9578,297
9579,297
9580,297
9581,297
9582,297
9583,297
9584,297
9585,297
9586,297
9587,297
9588,297
9589,297
9590,297
9591,297
9592,297
9593,297
9594,297
9595,297
9596,297
9597,297
9598,297
9599,297
9600,297
9601,297
9602,298
9603,298
9604,298
9605,298
9606,298
9607,298
9608,298
9609,298
9610,298
9611,298
9612,298
9613,298
9614,298
9615,298
9616,298
9617,298
9618,298
9619,298
9620,298
9621,298
9622,298
9623,298
9624,298
9625,298
9626,298
9627,298
9628,298
9629,298
9630,298
9631,298
9632,298
9633,298
9634,298
9635,298
9636,298
9637,298
9638,298
9639,298
9640,298
9641,298
9642,299
9643,298
9644,299
9645,299
9646,299
9647,299
9648,299
9649,299
9650,299
9651,299
9652,299
9653,299
9654,299
9655,299
9656,299
9657,299
9658,299
9659,299
9660,299
9661,299
9662,299
9663,299
9664,299
9665,299
9666,299
9667,299
9668,299
9669,299
9670,299
9671,299
9672,299
9673,299
9674,299
9675,299
9676,299
9677,299
9678,299
9679,299
9680,299
9681,299
9682,299
9683,299
9684,299
9685,299
9686,299
9687,299
9688,299
9689,299
9690,299
9691,299
9692,299
9693,299
9694,299
9695,299
9696,299
9697,299
9698,299
9699,299
9700,299
9701,299
9702,299
9703,299
9704,299
9705,299
9706,299
9707,299
9708,299
9709,299
9710,299
9711,299
9712,299
9713,299
9714,299
9715,299
9716,299
9717,299
9718,299
9719,299
9720,299
9721,299
9722,299
9723,299
9724,299
9725,299
9726,299
9727,299
9728,299
9729,299
9730,299
9731,299
9732,299
9733,299
9734,299
9735,299
9736,299
9737,299
9738,299
9739,299
9740,299
9741,299
9742,299
9743,299
9744,299
9745,299
9746,299
9747,299
9748,299
9749,299
9750,299
9751,299
9752,299
9753,299
9754,299
9755,299
9756,299
9757,299
9758,299
9759,299
9760,299
9761,300
9762,300
9763,300
9764,300
9765,300
9766,300
9767,300
9768,300
9769,300
9770,300
9771,300
9772,300
9773,300
9774,300
9775,300
9776,300
9777,300
9778,300
9779,300
9780,300
9781,300
9782,300
9783,300
9784,300
9785,300
9786,300
9787,300
9788,300
9789,300
9790,300
9791,300
9792,300
9793,300
9794,300
9795,301
9796,301
9797,301
9798,301
9799,301
9800,301
9801,301
9802,301
9803,301
9804,301
9805,301
9806,301
9807,301
9808,301
9809,301
9810,301
9811,301
9812,301
9813,301
9814,301
9815,301
9816,301
9817,301
9818,301
9819,301
9820,301
9821,301
9822,301
9823,301
9824,301
9825,301
9826,301
9827,301
9828,301
9829,301
9830,301
9831,301
9832,301
9833,301
9834,301
9835,301
9836,301
9837,301
9838,301
9839,301
9840,301
9841,301
9842,301
9843,301
9844,301
9845,301
9846,301
9847,301
9848,301
9849,301
9850,301
9851,301
9852,301
9853,301
9854,301
9855,301
9856,302
9857,302
9858,302
9859,302
9860,302
9861,302
9862,302
9863,302
9864,302
9865,302
9866,302
9867,302
9868,302
9869,302
9870,302
9871,302
9872,302
9873,302
9874,302
9875,302
9876,302
9877,302
9878,302
9879,302
9880,302
9881,302
9882,302
9883,302
9884,302
9885,302
9886,302
9887,302
9888,302
9889,302
9890,302
9891,302
9892,302
9893,302
9894,302
9895,302
9896,302
9897,303
9898,303
9899,303
9900,303
9901,303
9902,303
9903,303
9904,303
9905,303
9906,303
9907,303
9908,303
9909,303
9910,303
9911,303
9912,303
9913,303
9914,303
9915,303
9916,303
9917,303
9918,303
9919,303
9920,303
9921,303
9922,303
9923,303
9924,303
9925,303
9926,303
9927,303
9928,303
9929,303
9930,303
9931,303
9932,303
9933,303
9934,303
9935,303
9936,303
9937,303
9938,303
9939,303
9940,303
9941,303
9942,303
9943,303
9944,303
9945,303
9946,303
9947,303
9948,303
9949,303
9950,303
9951,303
9952,303
9953,303
9954,303
9955,303
9956,303
9957,303
9958,303
9959,303
9960,303
9961,303
9962,303
9963,303
9964,304
9965,304
9966,304
9967,304
9968,304
9969,304
9970,304
9971,304
9972,304
9973,304
9974,304
9975,304
9976,304
9977,304
9978,304
9979,304
9980,304
9981,304
9982,304
9983,304
9984,304
9985,304
9986,304
9987,304
9988,304
9989,304
9990,304
9991,304
9992,304
9993,304
9994,304
9995,304
9996,304
9997,304
9998,304
9999,304
