0,149
1,149
2,149
3,149
4,149
5,149
6,149
7,149
8,149
9,149
10,149
11,149
12,149
13,149
14,149
15,149
16,149
17,149
18,149
19,149
20,149
21,149
22,149
23,149
24,149
25,149
26,149
27,149
28,149
29,149
30,149
31,149
32,149
33,149
34,149
35,149
36,149
37,149
38,149
39,149
40,149
41,149
42,149
43,149
44,150
45,150
46,150
47,149
48,150
49,150
50,150
51,150
52,150
53,150
54,150
55,150
56,150
57,150
58,150
59,150
60,150
61,150
62,150
63,150
64,150
65,150
66,150
67,150
68,150
69,150
70,150
71,150
72,150
73,150
74,150
75,150
76,150
77,150
78,150
79,150
80,150
81,150
82,150
83,150
84,150
85,150
86,150
87,150
88,150
89,150
90,150
91,150
92,150
93,150
94,150
95,150
96,150
97,150
98,150
99,150
100,150
101,150
102,150
103,150
104,150
105,150
106,150
107,150
108,150
109,150
110,150
111,150
112,150
113,150
114,150
115,150
116,150
117,150
118,150
119,150
120,150
121,150
122,150
123,150
124,150
125,150
126,150
127,150
128,150
129,150
130,150
131,150
132,150
133,150
134,150
135,150
136,150
137,150
138,150
139,150
140,150
141,150
142,150
143,150
144,150
145,151
146,151
147,150
148,151
149,151
150,151
151,151
152,151
153,151
154,151
155,151
156,151
157,151
158,151
159,151
160,151
161,151
162,151
163,151
164,151
165,151
166,151
167,151
168,151
169,151
170,151
171,151
172,151
173,151
174,151
175,151
176,151
177,151
178,151
179,151
180,151
181,151
182,151
183,151
184,151
185,151
186,151
187,151
188,151
189,151
190,151
191,151
192,151
193,151
194,151
195,151
196,151
197,151
198,151
199,151
200,151
201,151
202,151
203,151
204,151
205,151
206,151
207,151
208,151
209,151
210,151
211,151
212,151
213,151
214,151
215,151
216,151
217,151
218,152
219,152
220,152
221,152
222,152
223,152
224,152
225,152
226,152
227,152
228,152
229,152
230,152
231,152
232,151
233,151
234,152
235,152
236,152
237,152
238,152
239,152
240,152
241,152
242,152
243,152
244,152
245,152
246,152
247,152
248,152
249,152
250,152
251,152
252,152
253,152
254,152
255,152
256,152
257,152
258,152
259,152
260,152
261,152
262,152
263,152
264,152
265,152
266,152
267,152
268,152
269,152
270,152
271,152
272,152
273,152
274,152
275,152
276,152
277,152
278,153
279,153
280,153
281,153
282,153
283,153
284,153
285,153
286,153
287,153
288,153
289,153
290,153
291,153
292,153
293,153
294,153
295,153
296,153
297,153
298,153
299,153
300,153
301,153
302,153
303,153
304,153
305,153
306,153
307,153
308,153
309,153
310,153
311,153
312,153
313,153
314,153
315,153
316,153
317,153
318,153
319,153
320,153
321,153
322,153
323,153
324,153
325,153
326,153
327,153
328,153
329,153
330,153
331,153
332,153
333,153
334,153
335,153
336,153
337,153
338,153
339,153
340,153
341,153
342,154
343,154
344,154
345,154
346,154
347,154
348,154
349,154
350,154
351,154
352,154
353,154
354,154
355,154
356,154
357,154
358,154
359,154
360,154
361,154
362,154
363,154
364,154
365,154
366,154
367,154
368,154
369,154
370,154
371,154
372,154
373,154
374,154
375,154
376,154
377,154
378,154
379,154
380,154
381,154
382,154
383,154
384,154
385,154
386,154
387,154
388,154
389,154
390,154
391,154
392,154
393,154
394,154
395,154
396,154
397,154
398,154
399,154
400,154
401,154
402,154
403,154
404,154
405,154
406,154
407,154
408,154
409,154
410,154
411,154
412,155
413,155
414,155
415,155
416,155
417,155
418,155
419,155
420,155
421,155
422,155
423,155
424,155
425,155
426,155
427,155
428,155
429,155
430,155
431,155
432,155
433,155
434,155
435,155
436,155
437,155
438,155
439,155
440,155
441,155
442,155
443,155
444,155
445,155
446,155
447,155
448,155
449,155
450,155
451,155
452,155
453,155
454,155
455,155
456,155
457,155
458,155
459,155
460,155
461,155
462,155
463,155
464,155
465,155
466,155
467,155
468,155
469,155
470,155
471,155
472,155
473,155
474,155
475,155
476,156
477,156
478,156
479,156
480,156
481,156
482,156
483,156
484,156
485,156
486,156
487,156
488,156
489,156
490,156
491,156
492,156
493,156
494,156
495,156
496,156
497,156
498,156
499,156
500,156
501,156
502,156
503,156
504,156
505,156
506,156
507,156
508,156
509,156
510,156
511,156
512,156
513,156
514,156
515,156
516,156
517,156
518,156
519,156
520,156
521,156
522,156
523,156
524,156
525,156
526,156
527,156
528,156
529,156
530,156
531,156
532,156
533,156
534,156
535,156
536,156
537,156
538,156
539,156
540,156
541,156
542,156
543,156
544,156
545,156
546,156
547,156
548,156
549,156
550,156
551,156
552,156
553,156
554,156
555,156
556,156
557,156
558,156
559,156
560,156
561,156
562,156
563,156
564,156
565,156
566,157
567,157
568,157
569,157
570,157
571,157
572,157
573,157
574,157
575,157
576,157
577,156
578,156
579,157
580,157
581,157
582,157
583,157
584,157
585,157
586,157
587,157
588,157
589,157
590,157
591,157
592,157
593,157
594,157
595,157
596,157
597,157
598,157
599,157
600,157
601,157
602,157
603,157
604,157
605,157
606,157
607,157
608,157
609,157
610,157
611,157
612,157
613,157
614,157
615,157
616,157
617,157
618,157
619,157
620,157
621,157
622,157
623,157
624,157
625,157
626,157
627,158
628,158
629,158
630,158
631,158
632,158
633,158
634,158
635,158
636,158
637,158
638,158
639,158
640,158
641,158
642,158
643,158
644,158
645,158
646,158
647,158
648,158
649,158
650,158
651,158
652,158
653,158
654,158
655,158
656,158
657,158
658,158
659,158
660,158
661,158
662,158
663,158
664,158
665,158
666,158
667,158
668,158
669,158
670,158
671,158
672,158
673,158
674,158
675,158
676,158
677,158
678,158
679,158
680,158
681,158
682,158
683,158
684,158
685,158
686,158
687,158
688,158
689,158
690,158
691,158
692,158
693,158
694,158
695,158
696,158
697,158
698,158
699,158
700,158
701,158
702,158
703,158
704,158
705,158
706,158
707,158
708,158
709,158
710,158
711,158
712,159
713,159
714,159
715,159
716,158
717,158
718,159
719,159
720,159
721,159
722,159
723,159
724,159
725,159
726,159
727,159
728,159
729,159
730,159
731,159
732,159
733,159
734,159
735,159
736,159
737,159
738,159
739,159
740,159
741,159
742,159
743,159
744,159
745,159
746,159
747,159
748,159
749,159
750,159
751,159
752,159
753,159
754,159
755,159
756,159
757,159
758,159
759,159
760,159
761,159
762,159
763,159
764,159
765,159
766,159
767,159
768,159
769,159
770,159
771,159
772,159
773,159
774,159
775,159
776,159
777,159
778,159
779,159
780,160
781,160
782,160
783,160
784,160
785,160
786,160
787,160
788,160
789,160
790,160
791,160
792,160
793,160
794,160
795,160
796,160
797,160
798,160
799,160
800,160
801,160
802,160
803,160
804,160
805,160
806,160
807,160
808,160
809,160
810,160
811,160
812,160
813,160
814,160
815,160
816,160
817,160
818,160
819,160
820,160
821,160
822,160
823,160
824,160
825,160
826,160
827,160
828,160
829,160
830,160
831,160
832,160
833,160
834,160
835,160
836,160
837,160
838,160
839,160
840,160
841,160
842,160
843,160
844,160
845,161
846,161
847,161
848,161
849,161
850,161
851,161
852,161
853,161
854,161
855,161
856,161
857,161
858,161
859,161
860,161
861,161
862,161
863,161
864,161
865,161
866,161
867,161
868,161
869,161
870,161
871,161
872,161
873,161
874,161
875,161
876,161
877,161
878,161
879,161
880,161
881,161
882,161
883,161
884,161
885,161
886,161
887,161
888,161
889,161
890,161
891,161
892,162
893,162
894,162
895,162
896,162
897,162
898,162
899,162
900,162
901,162
902,162
903,162
904,162
905,162
906,162
907,162
908,162
909,162
910,162
911,162
912,162
913,162
914,162
915,162
916,162
917,162
918,162
919,162
920,162
921,162
922,162
923,162
924,162
925,162
926,162
927,162
928,162
929,162
930,162
931,162
932,162
933,162
934,163
935,163
936,163
937,163
938,163
939,163
940,162
941,162
942,163
943,163
944,163
945,163
946,163
947,163
948,163
949,162
950,163
951,163
952,163
953,163
954,163
955,163
956,163
957,163
958,163
959,163
960,163
961,163
962,163
963,163
964,163
965,163
966,163
967,163
968,163
969,163
970,163
971,163
972,163
973,163
974,163
975,163
976,163
977,163
978,163
979,163
980,163
981,163
982,163
983,163
984,163
985,163
986,163
987,163
988,163
989,163
990,163
991,163
992,164
993,164
994,164
995,163
996,164
997,164
998,164
999,164
1000,164
1001,164
1002,164
1003,164
1004,164
1005,164
1006,164
1007,164
1008,164
1009,164
1010,164
1011,164
1012,164
1013,164
1014,164
1015,164
1016,164
1017,164
1018,164
1019,164
1020,164
1021,164
1022,164
1023,164
1024,164
1025,164
1026,164
1027,164
1028,164
1029,164
1030,164
1031,164
1032,164
1033,164
1034,164
1035,164
1036,164
1037,164
1038,164
1039,164
1040,164
1041,164
1042,164
1043,164
1044,164
1045,164
1046,164
1047,164
1048,164
1049,164
1050,164
1051,164
1052,164
1053,164
1054,164
1055,164
1056,164
1057,164
1058,164
1059,164
1060,164
1061,164
1062,164
1063,164
1064,164
1065,164
1066,164
1067,164
1068,164
1069,164
1070,164
1071,164
1072,164
1073,165
1074,165
1075,165
1076,165
1077,165
1078,164
1079,164
1080,165
1081,164
1082,165
1083,165
1084,165
1085,165
1086,165
1087,165
1088,165
1089,165
1090,165
1091,165
1092,165
1093,165
1094,165
1095,165
1096,165
1097,165
1098,165
1099,165
1100,165
1101,165
1102,165
1103,165
1104,165
1105,165
1106,165
1107,165
1108,165
1109,165
1110,165
1111,165
1112,165
1113,165
1114,165
1115,165
1116,165
1117,165
1118,165
1119,165
1120,165
1121,165
1122,165
1123,165
1124,165
1125,165
1126,165
1127,165
1128,166
1129,166
1130,166
1131,166
1132,166
1133,166
1134,166
1135,166
1136,166
1137,166
1138,166
1139,166
1140,166
1141,166
1142,166
1143,166
1144,166
1145,166
1146,166
1147,166
1148,166
1149,166
1150,166
1151,166
1152,166
1153,166
1154,166
1155,166
1156,166
1157,166
1158,166
1159,166
1160,166
1161,166
1162,166
1163,166
1164,166
1165,166
1166,166
1167,166
1168,166
1169,166
1170,166
1171,166
1172,166
1173,166
1174,166
1175,166
1176,166
1177,166
1178,166
1179,166
1180,166
1181,166
1182,166
1183,166
1184,166
1185,166
1186,166
1187,166
1188,166
1189,166
1190,166
1191,166
1192,166
1193,166
1194,166
1195,166
1196,166
1197,166
1198,166
1199,166
1200,166
1201,166
1202,166
1203,167
1204,167
1205,167
1206,167
1207,167
1208,167
1209,167
1210,167
1211,167
1212,167
1213,167
1214,167
1215,167
1216,167
1217,167
1218,167
1219,167
1220,167
1221,167
1222,167
1223,167
1224,167
1225,167
1226,167
1227,167
1228,167
1229,167
1230,167
1231,167
1232,167
1233,167
1234,167
1235,167
1236,167
1237,167
1238,167
1239,167
1240,167
1241,167
1242,167
1243,167
1244,167
1245,167
1246,167
1247,167
1248,167
1249,167
1250,168
1251,168
1252,168
1253,168
1254,168
1255,168
1256,168
1257,168
1258,168
1259,168
1260,168
1261,168
1262,168
1263,168
1264,168
1265,168
1266,168
1267,168
1268,168
1269,168
1270,168
1271,168
1272,168
1273,168
1274,168
1275,168
1276,168
1277,168
1278,168
1279,168
1280,168
1281,168
1282,168
1283,168
1284,168
1285,168
1286,168
1287,168
1288,168
1289,168
1290,168
1291,169
1292,169
1293,169
1294,169
1295,169
1296,169
1297,169
1298,169
1299,169
1300,169
1301,169
1302,169
1303,169
1304,169
1305,169
1306,169
1307,169
1308,169
1309,169
1310,169
1311,169
1312,169
1313,169
1314,169
1315,169
1316,169
1317,169
1318,169
1319,169
1320,169
1321,169
1322,169
1323,169
1324,169
1325,169
1326,169
1327,169
1328,169
1329,169
1330,169
1331,169
1332,169
1333,169
1334,169
1335,169
1336,169
1337,169
1338,169
1339,169
1340,169
1341,169
1342,169
1343,169
1344,169
1345,169
1346,169
1347,169
1348,169
1349,169
1350,169
1351,169
1352,169
1353,169
1354,169
1355,169
1356,169
1357,169
1358,169
1359,169
1360,170
1361,170
1362,170
1363,170
1364,170
1365,170
1366,170
1367,170
1368,170
1369,170
1370,170
1371,170
1372,170
1373,170
1374,170
1375,170
1376,170
1377,170
1378,170
1379,170
1380,170
1381,170
1382,170
1383,170
1384,170
1385,170
1386,170
1387,170
1388,170
1389,170
1390,170
1391,170
1392,170
1393,170
1394,170
1395,170
1396,170
1397,170
1398,170
1399,170
1400,170
1401,170
1402,170
1403,170
1404,170
1405,170
1406,170
1407,170
1408,170
1409,170
1410,170
1411,170
1412,170
1413,170
1414,170
1415,170
1416,170
1417,170
1418,170
1419,170
1420,170
1421,170
1422,170
1423,170
1424,170
1425,170
1426,170
1427,170
1428,170
1429,170
1430,170
1431,170
1432,170
1433,171
1434,171
1435,171
1436,171
1437,171
1438,171
1439,171
1440,171
1441,171
1442,171
1443,171
1444,171
1445,171
1446,171
1447,171
1448,171
1449,171
1450,171
1451,171
1452,171
1453,171
1454,171
1455,171
1456,171
1457,171
1458,171
1459,171
1460,171
1461,171
1462,171
1463,171
1464,171
1465,171
1466,171
1467,171
1468,171
1469,171
1470,171
1471,171
1472,171
1473,171
1474,171
1475,171
1476,171
1477,171
1478,171
1479,171
1480,171
1481,171
1482,171
1483,171
1484,171
1485,171
1486,171
1487,171
1488,171
1489,172
1490,171
1491,171
1492,171
1493,171
1494,171
1495,171
1496,171
1497,171
1498,171
1499,171
1500,172
1501,171
1502,171
1503,171
1504,172
1505,172
1506,172
1507,172
1508,172
1509,172
1510,172
1511,172
1512,172
1513,172
1514,172
1515,172
1516,172
1517,172
1518,172
1519,172
1520,172
1521,172
1522,172
1523,172
1524,172
1525,172
1526,172
1527,172
1528,172
1529,172
1530,172
1531,172
1532,172
1533,172
1534,172
1535,172
1536,172
1537,172
1538,172
1539,172
1540,172
1541,172
1542,172
1543,172
1544,172
1545,172
1546,172
1547,172
1548,172
1549,172
1550,172
1551,172
1552,173
1553,173
1554,173
1555,173
1556,173
1557,173
1558,173
1559,173
1560,173
1561,173
1562,173
1563,173
1564,173
1565,173
1566,173
1567,173
1568,173
1569,173
1570,173
1571,173
1572,173
1573,173
1574,173
1575,173
1576,173
1577,173
1578,173
1579,173
1580,173
1581,173
1582,173
1583,173
1584,173
1585,173
1586,173
1587,173
1588,173
1589,173
1590,173
1591,173
1592,173
1593,173
1594,173
1595,173
1596,173
1597,173
1598,173
1599,173
1600,173
1601,173
1602,173
1603,173
1604,173
1605,173
1606,173
1607,173
1608,173
1609,173
1610,173
1611,173
1612,173
1613,173
1614,173
1615,173
1616,173
1617,173
1618,173
1619,173
1620,173
1621,173
1622,173
1623,173
1624,173
1625,173
1626,173
1627,173
1628,173
1629,173
1630,173
1631,173
1632,173
1633,173
1634,173
1635,173
1636,173
1637,173
1638,173
1639,173
1640,173
1641,173
1642,173
1643,173
1644,173
1645,173
1646,173
1647,173
1648,173
1649,173
1650,173
1651,173
1652,173
1653,174
1654,174
1655,174
1656,174
1657,174
1658,174
1659,174
1660,174
1661,174
1662,174
1663,174
1664,174
1665,174
1666,174
1667,174
1668,174
1669,174
1670,174
1671,174
1672,174
1673,174
1674,174
1675,174
1676,174
1677,174
1678,174
1679,174
1680,174
1681,174
1682,174
1683,174
1684,174
1685,174
1686,174
1687,174
1688,174
1689,174
1690,174
1691,174
1692,174
1693,174
1694,174
1695,174
1696,174
1697,174
1698,174
1699,174
1700,174
1701,174
1702,174
1703,174
1704,174
1705,174
1706,174
1707,174
1708,174
1709,174
1710,174
1711,174
1712,174
1713,174
1714,174
1715,174
1716,174
1717,175
1718,175
1719,175
1720,175
1721,175
1722,175
1723,175
1724,175
1725,175
1726,175
1727,175
1728,175
1729,175
1730,175
1731,175
1732,175
1733,175
1734,175
1735,175
1736,175
1737,175
1738,175
1739,175
1740,175
1741,175
1742,175
1743,175
1744,175
1745,175
1746,175
1747,175
1748,175
1749,175
1750,175
1751,175
1752,175
1753,175
1754,176
1755,176
1756,176
1757,176
1758,176
1759,176
1760,176
1761,176
1762,176
1763,176
1764,176
1765,176
1766,176
1767,176
1768,176
1769,176
1770,176
1771,176
1772,176
1773,176
1774,176
1775,176
1776,176
1777,176
1778,176
1779,176
1780,176
1781,176
1782,176
1783,176
1784,176
1785,176
1786,176
1787,176
1788,176
1789,176
1790,176
1791,176
1792,176
1793,176
1794,176
1795,176
1796,176
1797,176
1798,176
1799,176
1800,176
1801,176
1802,176
1803,176
1804,177
1805,177
1806,176
1807,176
1808,177
1809,177
1810,177
1811,177
1812,177
1813,177
1814,177
1815,177
1816,177
1817,177
1818,177
1819,177
1820,177
1821,177
1822,177
1823,177
1824,177
1825,177
1826,177
1827,177
1828,177
1829,177
1830,177
1831,177
1832,177
1833,177
1834,177
1835,177
1836,177
1837,177
1838,177
1839,177
1840,177
1841,177
1842,177
1843,177
1844,177
1845,177
1846,177
1847,177
1848,177
1849,177
1850,177
1851,177
1852,177
1853,177
1854,177
1855,177
1856,177
1857,178
1858,177
1859,178
1860,178
1861,178
1862,178
1863,178
1864,178
1865,178
1866,178
1867,178
1868,178
1869,178
1870,178
1871,178
1872,178
1873,178
1874,178
1875,178
1876,178
1877,178
1878,178
1879,178
1880,178
1881,178
1882,178
1883,178
1884,178
1885,178
1886,178
1887,178
1888,178
1889,178
1890,178
1891,178
1892,178
1893,178
1894,178
1895,178
1896,178
1897,178
1898,178
1899,179
1900,178
1901,178
1902,179
1903,179
1904,179
1905,179
1906,179
1907,179
1908,179
1909,179
1910,179
1911,179
1912,179
1913,179
1914,179
1915,179
1916,179
1917,179
1918,179
1919,179
1920,179
1921,179
1922,179
1923,179
1924,179
1925,179
1926,179
1927,179
1928,179
1929,179
1930,179
1931,179
1932,179
1933,179
1934,179
1935,179
1936,179
1937,179
1938,179
1939,179
1940,179
1941,179
1942,179
1943,179
1944,179
1945,179
1946,179
1947,180
1948,179
1949,180
1950,180
1951,180
1952,180
1953,179
1954,179
1955,180
1956,180
1957,180
1958,180
1959,180
1960,180
1961,180
1962,180
1963,180
1964,180
1965,180
1966,180
1967,180
1968,180
1969,180
1970,180
1971,180
1972,180
1973,180
1974,180
1975,180
1976,180
1977,180
1978,180
1979,180
1980,180
1981,180
1982,180
1983,180
1984,180
1985,180
1986,180
1987,180
1988,180
1989,180
1990,180
1991,180
1992,180
1993,180
1994,180
1995,180
1996,180
1997,180
1998,180
1999,180
2000,180
2001,180
2002,180
2003,180
2004,180
2005,180
2006,180
2007,180
2008,180
2009,180
2010,180
2011,180
2012,180
2013,180
2014,180
2015,180
2016,180
2017,180
2018,180
2019,180
2020,180
2021,180
2022,180
2023,180
2024,180
2025,181
2026,181
2027,181
2028,181
2029,181
2030,181
2031,181
2032,181
2033,181
2034,181
2035,181
2036,181
2037,181
2038,181
2039,181
2040,181
2041,181
2042,181
2043,181
2044,181
2045,181
2046,181
2047,181
2048,181
2049,181
2050,181
2051,181
2052,181
2053,181
2054,181
2055,181
2056,181
2057,181
2058,181
2059,181
2060,181
2061,181
2062,181
2063,181
2064,181
2065,181
2066,181
2067,181
2068,181
2069,181
2070,181
2071,181
2072,181
2073,181
2074,181
2075,181
2076,181
2077,181
2078,181
2079,181
2080,181
2081,181
2082,181
2083,181
2084,181
2085,181
2086,181
2087,181
2088,182
2089,182
2090,182
2091,182
2092,182
2093,182
2094,182
2095,182
2096,182
2097,182
2098,182
2099,182
2100,182
2101,182
2102,182
2103,182
2104,182
2105,182
2106,182
2107,182
2108,182
2109,182
2110,182
2111,182
2112,182
2113,182
2114,182
2115,182
2116,182
2117,182
2118,182
2119,182
2120,182
2121,182
2122,182
2123,182
2124,182
2125,182
2126,182
2127,182
2128,182
2129,182
2130,182
2131,182
2132,182
2133,183
2134,183
2135,183
2136,183
2137,183
2138,183
2139,183
2140,183
2141,183
2142,183
2143,183
2144,183
2145,183
2146,183
2147,183
2148,183
2149,183
2150,183
2151,183
2152,183
2153,183
2154,183
2155,183
2156,183
2157,183
2158,183
2159,183
2160,183
2161,183
2162,183
2163,183
2164,183
2165,183
2166,183
2167,183
2168,183
2169,183
2170,183
2171,183
2172,183
2173,183
2174,183
2175,183
2176,183
2177,183
2178,183
2179,183
2180,183
2181,183
2182,183
2183,183
2184,183
2185,183
2186,183
2187,183
2188,183
2189,183
2190,183
2191,183
2192,183
2193,183
2194,183
2195,183
2196,183
2197,183
2198,183
2199,184
2200,184
2201,184
2202,184
2203,184
2204,184
2205,184
2206,184
2207,184
2208,184
2209,184
2210,184
2211,184
2212,184
2213,184
2214,184
2215,184
2216,184
2217,184
2218,184
2219,184
2220,184
2221,184
2222,184
2223,184
2224,184
2225,184
2226,184
2227,184
2228,184
2229,184
2230,184
2231,184
2232,184
2233,184
2234,184
2235,184
2236,184
2237,184
2238,184
2239,184
2240,184
2241,184
2242,184
2243,184
2244,184
2245,184
2246,184
2247,184
2248,184
2249,184
2250,184
2251,184
2252,184
2253,184
2254,184
2255,184
2256,184
2257,184
2258,184
2259,184
2260,184
2261,184
2262,184
2263,184
2264,184
2265,184
2266,184
2267,184
2268,184
2269,184
2270,184
2271,184
2272,184
2273,184
2274,184
2275,184
2276,184
2277,184
2278,184
2279,184
2280,184
2281,184
2282,184
2283,184
2284,184
2285,184
2286,184
2287,185
2288,185
2289,185
2290,185
2291,185
2292,185
2293,185
2294,185
2295,185
2296,185
2297,185
2298,185
2299,185
2300,185
2301,185
2302,185
2303,185
2304,185
2305,185
2306,185
2307,185
2308,185
2309,185
2310,185
2311,185
2312,185
2313,185
2314,185
2315,185
2316,185
2317,185
2318,185
2319,185
2320,185
2321,185
2322,185
2323,185
2324,185
2325,185
2326,185
2327,185
2328,185
2329,185
2330,185
2331,185
2332,185
2333,185
2334,185
2335,185
2336,185
2337,185
2338,185
2339,185
2340,185
2341,185
2342,185
2343,185
2344,185
2345,185
2346,185
2347,185
2348,185
2349,185
2350,185
2351,185
2352,185
2353,185
2354,185
2355,185
2356,186
2357,186
2358,185
2359,186
2360,186
2361,186
2362,186
2363,186
2364,186
2365,186
2366,186
2367,186
2368,186
2369,186
2370,186
2371,186
2372,186
2373,186
2374,186
2375,186
2376,186
2377,186
2378,186
2379,186
2380,186
2381,186
2382,186
2383,186
2384,186
2385,186
2386,186
2387,186
2388,186
2389,186
2390,186
2391,186
2392,186
2393,186
2394,186
2395,186
2396,186
2397,186
2398,186
2399,186
2400,186
2401,186
2402,186
2403,186
2404,186
2405,186
2406,186
2407,186
2408,186
2409,186
2410,186
2411,186
2412,186
2413,186
2414,186
2415,187
2416,187
2417,187
2418,187
2419,187
2420,187
2421,187
2422,187
2423,187
2424,187
2425,187
2426,187
2427,187
2428,187
2429,187
2430,187
2431,187
2432,187
2433,187
2434,187
2435,187
2436,187
2437,187
2438,187
2439,187
2440,187
2441,187
2442,187
2443,187
2444,187
2445,187
2446,187
2447,187
2448,187
2449,187
2450,187
2451,187
2452,187
2453,188
2454,188
2455,188
2456,188
2457,188
2458,188
2459,188
2460,188
2461,188
2462,188
2463,188
2464,188
2465,187
2466,187
2467,187
2468,187
2469,188
2470,188
2471,188
2472,188
2473,188
2474,188
2475,188
2476,188
2477,188
2478,188
2479,188
2480,188
2481,188
2482,188
2483,188
2484,188
2485,188
2486,188
2487,188
2488,188
2489,188
2490,188
2491,188
2492,188
2493,188
2494,188
2495,188
2496,188
2497,188
2498,188
2499,188
2500,188
2501,188
2502,188
2503,188
2504,188
2505,188
2506,188
2507,188
2508,188
2509,188
2510,188
2511,188
2512,188
2513,188
2514,188
2515,188
2516,188
2517,188
2518,188
2519,188
2520,189
2521,189
2522,189
2523,189
2524,189
2525,189
2526,189
2527,189
2528,189
2529,189
2530,189
2531,189
2532,189
2533,189
2534,189
2535,189
2536,189
2537,189
2538,189
2539,189
2540,189
2541,189
2542,189
2543,189
2544,189
2545,189
2546,189
2547,189
2548,189
2549,189
2550,189
2551,189
2552,189
2553,189
2554,189
2555,189
2556,189
2557,189
2558,189
2559,189
2560,189
2561,189
2562,189
2563,189
2564,189
2565,189
2566,189
2567,189
2568,189
2569,189
2570,189
2571,190
2572,190
2573,190
2574,190
2575,190
2576,190
2577,190
2578,190
2579,190
2580,190
2581,190
2582,190
2583,190
2584,190
2585,190
2586,190
2587,190
2588,190
2589,190
2590,190
2591,190
2592,190
2593,190
2594,190
2595,190
2596,190
2597,190
2598,190
2599,190
2600,190
2601,190
2602,190
2603,190
2604,190
2605,190
2606,190
2607,190
2608,190
2609,190
2610,190
2611,190
2612,190
2613,190
2614,190
2615,190
2616,190
2617,190
2618,190
2619,190
2620,190
2621,190
2622,190
2623,190
2624,190
2625,190
2626,190
2627,190
2628,190
2629,190
2630,190
2631,190
2632,190
2633,190
2634,190
2635,190
2636,190
2637,190
2638,190
2639,190
2640,191
2641,190
2642,191
2643,191
2644,191
2645,191
2646,191
2647,191
2648,190
2649,190
2650,190
2651,191
2652,190
2653,190
2654,190
2655,190
2656,191
2657,191
2658,191
2659,191
2660,191
2661,191
2662,191
2663,191
2664,191
2665,191
2666,191
2667,191
2668,191
2669,191
2670,191
2671,191
2672,191
2673,191
2674,191
2675,191
2676,191
2677,191
2678,191
2679,191
2680,191
2681,191
2682,191
2683,191
2684,191
2685,191
2686,191
2687,191
2688,191
2689,191
2690,191
2691,191
2692,191
2693,191
2694,191
2695,191
2696,191
2697,191
2698,191
2699,191
2700,191
2701,191
2702,191
2703,191
2704,192
2705,191
2706,192
2707,191
2708,192
2709,192
2710,192
2711,192
2712,192
2713,192
2714,192
2715,192
2716,192
2717,192
2718,192
2719,192
2720,192
2721,192
2722,192
2723,192
2724,192
2725,192
2726,192
2727,192
2728,192
2729,192
2730,192
2731,192
2732,192
2733,192
2734,192
2735,192
2736,192
2737,192
2738,192
2739,192
2740,192
2741,192
2742,192
2743,192
2744,192
2745,192
2746,192
2747,192
2748,193
2749,193
2750,193
2751,193
2752,193
2753,193
2754,193
2755,193
2756,193
2757,193
2758,193
2759,193
2760,193
2761,193
2762,193
2763,193
2764,193
2765,193
2766,193
2767,193
2768,193
2769,193
2770,193
2771,193
2772,193
2773,193
2774,193
2775,193
2776,193
2777,193
2778,193
2779,193
2780,193
2781,193
2782,193
2783,193
2784,193
2785,193
2786,193
2787,193
2788,193
2789,193
2790,193
2791,193
2792,193
2793,193
2794,193
2795,193
2796,193
2797,193
2798,193
2799,193
2800,193
2801,193
2802,193
2803,193
2804,193
2805,193
2806,193
2807,193
2808,194
2809,194
2810,194
2811,194
2812,194
2813,194
2814,194
2815,194
2816,194
2817,194
2818,194
2819,194
2820,194
2821,194
2822,194
2823,194
2824,194
2825,194
2826,194
2827,194
2828,194
2829,194
2830,194
2831,194
2832,194
2833,194
2834,194
2835,194
2836,194
2837,194
2838,194
2839,194
2840,194
2841,194
2842,194
2843,194
2844,194
2845,194
2846,194
2847,194
2848,194
2849,194
2850,194
2851,194
2852,194
2853,194
2854,194
2855,194
2856,194
2857,194
2858,194
2859,194
2860,194
2861,194
2862,194
2863,194
2864,194
2865,194
2866,194
2867,194
2868,194
2869,194
2870,194
2871,194
2872,194
2873,194
2874,194
2875,194
2876,194
2877,194
2878,194
2879,194
2880,194
2881,194
2882,194
2883,194
2884,194
2885,194
2886,194
2887,194
2888,194
2889,194
2890,194
2891,194
2892,194
2893,194
2894,194
2895,194
2896,194
2897,194
2898,194
2899,194
2900,194
2901,194
2902,194
2903,194
2904,194
2905,194
2906,194
2907,195
2908,195
2909,195
2910,195
2911,195
2912,195
2913,195
2914,195
2915,195
2916,195
2917,195
2918,195
2919,195
2920,195
2921,195
2922,195
2923,195
2924,195
2925,195
2926,195
2927,195
2928,195
2929,195
2930,195
2931,195
2932,195
2933,195
2934,195
2935,195
2936,195
2937,195
2938,195
2939,195
2940,195
2941,195
2942,195
2943,195
2944,195
2945,195
2946,195
2947,195
2948,195
2949,196
2950,196
2951,196
2952,196
2953,196
2954,196
2955,196
2956,196
2957,196
2958,196
2959,196
2960,196
2961,196
2962,196
2963,196
2964,196
2965,196
2966,196
2967,196
2968,196
2969,196
2970,196
2971,196
2972,196
2973,196
2974,196
2975,196
2976,196
2977,196
2978,196
2979,196
2980,196
2981,196
2982,196
2983,196
2984,196
2985,196
2986,196
2987,196
2988,196
2989,196
2990,196
2991,197
2992,196
2993,197
2994,197
2995,197
2996,197
2997,197
2998,197
2999,197
3000,197
3001,197
3002,197
3003,197
3004,197
3005,197
3006,197
3007,197
3008,197
3009,197
3010,197
3011,197
3012,197
3013,197
3014,197
3015,197
3016,197
3017,197
3018,197
3019,197
3020,197
3021,197
3022,197
3023,197
3024,197
3025,197
3026,197
3027,197
3028,197
3029,197
3030,197
3031,197
3032,197
3033,197
3034,197
3035,197
3036,197
3037,197
3038,197
3039,197
3040,197
3041,197
3042,197
3043,197
3044,197
3045,197
3046,197
3047,197
3048,197
3049,197
3050,197
3051,197
3052,197
3053,197
3054,197
3055,197
3056,197
3057,197
3058,197
3059,197
3060,197
3061,197
3062,197
3063,197
3064,197
3065,197
3066,197
3067,197
3068,197
3069,197
3070,197
3071,197
3072,197
3073,197
3074,197
3075,197
3076,197
3077,197
3078,197
3079,197
3080,197
3081,197
3082,197
3083,197
3084,197
3085,197
3086,197
3087,197
3088,197
3089,197
3090,197
3091,197
3092,197
3093,197
3094,197
3095,198
3096,198
3097,198
3098,198
3099,198
3100,197
3101,197
3102,198
3103,198
3104,198
3105,198
3106,198
3107,198
3108,198
3109,198
3110,198
3111,198
3112,198
3113,198
3114,198
3115,198
3116,198
3117,198
3118,198
3119,198
3120,198
3121,198
3122,198
3123,198
3124,198
3125,198
3126,198
3127,198
3128,198
3129,198
3130,198
3131,198
3132,198
3133,198
3134,198
3135,198
3136,198
3137,198
3138,198
3139,198
3140,198
3141,198
3142,198
3143,198
3144,198
3145,198
3146,198
3147,198
3148,198
3149,198
3150,198
3151,198
3152,198
3153,198
3154,198
3155,198
3156,198
3157,198
3158,198
3159,198
3160,198
3161,198
3162,198
3163,198
3164,198
3165,199
3166,199
3167,199
3168,199
3169,199
3170,199
3171,199
3172,199
3173,199
3174,199
3175,199
3176,199
3177,199
3178,199
3179,199
3180,199
3181,199
3182,199
3183,199
3184,199
3185,199
3186,199
3187,199
3188,199
3189,199
3190,199
3191,199
3192,199
3193,199
3194,199
3195,199
3196,199
3197,199
3198,199
3199,199
3200,199
3201,199
3202,199
3203,199
3204,199
3205,200
3206,200
3207,200
3208,200
3209,200
3210,200
3211,200
3212,200
3213,200
3214,200
3215,200
3216,200
3217,200
3218,200
3219,200
3220,200
3221,200
3222,200
3223,200
3224,200
3225,200
3226,200
3227,200
3228,200
3229,200
3230,200
3231,200
3232,200
3233,200
3234,200
3235,200
3236,200
3237,200
3238,200
3239,200
3240,200
3241,200
3242,200
3243,200
3244,200
3245,200
3246,200
3247,201
3248,201
3249,201
3250,201
3251,201
3252,201
3253,201
3254,201
3255,201
3256,201
3257,201
3258,201
3259,201
3260,201
3261,201
3262,201
3263,201
3264,201
3265,201
3266,201
3267,201
3268,201
3269,201
3270,201
3271,201
3272,201
3273,201
3274,201
3275,201
3276,201
3277,201
3278,201
3279,201
3280,201
3281,201
3282,201
3283,201
3284,201
3285,201
3286,201
3287,201
3288,201
3289,201
3290,201
3291,201
3292,201
3293,201
3294,201
3295,201
3296,201
3297,201
3298,201
3299,201
3300,201
3301,201
3302,201
3303,201
3304,201
3305,201
3306,201
3307,201
3308,201
3309,201
3310,201
3311,201
3312,201
3313,201
3314,201
3315,201
3316,201
3317,201
3318,201
3319,201
3320,201
3321,201
3322,201
3323,201
3324,201
3325,201
3326,201
3327,201
3328,201
3329,201
3330,201
3331,201
3332,201
3333,201
3334,201
3335,201
3336,201
3337,201
3338,201
3339,201
3340,201
3341,201
3342,201
3343,201
3344,201
3345,201
3346,201
3347,201
3348,201
3349,201
3350,201
3351,201
3352,201
3353,201
3354,201
3355,202
3356,202
3357,202
3358,202
3359,202
3360,202
3361,202
3362,202
3363,202
3364,202
3365,202
3366,202
3367,202
3368,202
3369,202
3370,202
3371,202
3372,202
3373,202
3374,202
3375,202
3376,202
3377,202
3378,202
3379,202
3380,202
3381,202
3382,202
3383,202
3384,202
3385,202
3386,202
3387,202
3388,202
3389,202
3390,202
3391,202
3392,202
3393,202
3394,202
3395,202
3396,202
3397,202
3398,202
3399,202
3400,202
3401,202
3402,202
3403,202
3404,202
3405,202
3406,202
3407,202
3408,202
3409,202
3410,202
3411,202
3412,202
3413,202
3414,202
3415,202
3416,202
3417,202
3418,202
3419,202
3420,202
3421,202
3422,202
3423,202
3424,202
3425,202
3426,202
3427,202
3428,202
3429,202
3430,202
3431,202
3432,202
3433,202
3434,202
3435,202
3436,202
3437,202
3438,202
3439,202
3440,202
3441,202
3442,202
3443,202
3444,202
3445,202
3446,202
3447,202
3448,202
3449,202
3450,202
3451,202
3452,202
3453,202
3454,202
3455,202
3456,202
3457,202
3458,203
3459,203
3460,203
3461,203
3462,203
3463,203
3464,203
3465,203
3466,203
3467,203
3468,203
3469,203
3470,203
3471,203
3472,203
3473,203
3474,203
3475,203
3476,203
3477,203
3478,203
3479,203
3480,203
3481,203
3482,203
3483,203
3484,203
3485,203
3486,203
3487,203
3488,203
3489,203
3490,203
3491,203
3492,203
3493,203
3494,204
3495,203
3496,203
3497,204
3498,204
3499,204
3500,204
3501,204
3502,204
3503,204
3504,204
3505,204
3506,204
3507,204
3508,204
3509,204
3510,204
3511,204
3512,204
3513,204
3514,204
3515,204
3516,204
3517,204
3518,204
3519,204
3520,204
3521,204
3522,204
3523,204
3524,204
3525,204
3526,204
3527,204
3528,204
3529,204
3530,204
3531,204
3532,204
3533,204
3534,204
3535,204
3536,204
3537,204
3538,204
3539,204
3540,204
3541,204
3542,205
3543,205
3544,204
3545,205
3546,205
3547,205
3548,205
3549,205
3550,205
3551,205
3552,205
3553,205
3554,205
3555,205
3556,205
3557,205
3558,205
3559,205
3560,205
3561,205
3562,205
3563,205
3564,205
3565,205
3566,205
3567,205
3568,205
3569,205
3570,205
3571,205
3572,205
3573,205
3574,205
3575,205
3576,205
3577,205
3578,205
3579,205
3580,205
3581,205
3582,205
3583,205
3584,205
3585,205
3586,205
3587,205
3588,205
3589,205
3590,205
3591,205
3592,205
3593,205
3594,205
3595,205
3596,205
3597,205
3598,205
3599,205
3600,205
3601,205
3602,205
3603,205
3604,205
3605,206
3606,206
3607,206
3608,206
3609,206
3610,206
3611,206
3612,206
3613,206
3614,206
3615,206
3616,206
3617,206
3618,206
3619,206
3620,206
3621,206
3622,206
3623,206
3624,206
3625,206
3626,206
3627,206
3628,206
3629,206
3630,206
3631,206
3632,206
3633,206
3634,206
3635,206
3636,206
3637,206
3638,206
3639,207
3640,207
3641,207
3642,207
3643,207
3644,207
3645,207
3646,207
3647,207
3648,207
3649,207
3650,207
3651,207
3652,207
3653,207
3654,207
3655,207
3656,207
3657,207
3658,207
3659,207
3660,207
3661,207
3662,207
3663,207
3664,207
3665,207
3666,207
3667,207
3668,207
3669,207
3670,207
3671,207
3672,207
3673,207
3674,207
3675,207
3676,207
3677,207
3678,207
3679,207
3680,207
3681,207
3682,207
3683,207
3684,207
3685,207
3686,207
3687,207
3688,207
3689,207
3690,207
3691,207
3692,207
3693,207
3694,207
3695,207
3696,207
3697,207
3698,207
3699,207
3700,207
3701,207
3702,207
3703,207
3704,207
3705,207
3706,208
3707,208
3708,208
3709,208
3710,208
3711,208
3712,208
3713,208
3714,208
3715,208
3716,208
3717,208
3718,208
3719,208
3720,208
3721,208
3722,208
3723,208
3724,208
3725,208
3726,208
3727,208
3728,208
3729,208
3730,208
3731,208
3732,208
3733,208
3734,208
3735,208
3736,208
3737,208
3738,208
3739,208
3740,208
3741,208
3742,208
3743,208
3744,208
3745,208
3746,208
3747,208
3748,208
3749,208
3750,208
3751,208
3752,208
3753,208
3754,208
3755,208
3756,208
3757,208
3758,208
3759,208
3760,208
3761,208
3762,208
3763,209
3764,209
3765,209
3766,209
3767,209
3768,209
3769,209
3770,209
3771,209
3772,209
3773,209
3774,209
3775,209
3776,209
3777,209
3778,209
3779,209
3780,209
3781,209
3782,209
3783,209
3784,209
3785,209
3786,209
3787,209
3788,209
3789,209
3790,209
3791,209
3792,209
3793,209
3794,209
3795,209
3796,209
3797,209
3798,209
3799,209
3800,209
3801,209
3802,209
3803,209
3804,209
3805,209
3806,209
3807,209
3808,209
3809,209
3810,209
3811,209
3812,209
3813,209
3814,210
3815,210
3816,210
3817,210
3818,210
3819,210
3820,210
3821,210
3822,210
3823,210
3824,210
3825,210
3826,210
3827,210
3828,210
3829,210
3830,210
3831,210
3832,210
3833,210
3834,210
3835,210
3836,210
3837,210
3838,210
3839,210
3840,210
3841,210
3842,210
3843,210
3844,210
3845,210
3846,210
3847,210
3848,210
3849,210
3850,210
3851,210
3852,210
3853,210
3854,210
3855,210
3856,210
3857,210
3858,210
3859,210
3860,210
3861,210
3862,210
3863,210
3864,210
3865,210
3866,210
3867,210
3868,210
3869,210
3870,210
3871,210
3872,210
3873,210
3874,210
3875,210
3876,210
3877,210
3878,210
3879,210
3880,211
3881,211
3882,211
3883,211
3884,211
3885,211
3886,211
3887,211
3888,211
3889,211
3890,211
3891,211
3892,211
3893,211
3894,211
3895,211
3896,211
3897,211
3898,211
3899,211
3900,211
3901,211
3902,211
3903,211
3904,211
3905,211
3906,211
3907,211
3908,211
3909,211
3910,211
3911,211
3912,211
3913,211
3914,211
3915,211
3916,211
3917,211
3918,211
3919,211
3920,211
3921,211
3922,211
3923,211
3924,211
3925,211
3926,211
3927,211
3928,211
3929,211
3930,211
3931,211
3932,211
3933,211
3934,211
3935,211
3936,211
3937,211
3938,211
3939,211
3940,211
3941,211
3942,212
3943,212
3944,212
3945,212
3946,212
3947,212
3948,212
3949,212
3950,212
3951,212
3952,212
3953,212
3954,212
3955,212
3956,212
3957,212
3958,212
3959,212
3960,212
3961,212
3962,212
3963,212
3964,212
3965,212
3966,212
3967,212
3968,212
3969,212
3970,212
3971,212
3972,212
3973,212
3974,212
3975,212
3976,212
3977,212
3978,212
3979,212
3980,212
3981,212
3982,212
3983,212
3984,212
3985,212
3986,212
3987,212
3988,212
3989,212
3990,212
3991,212
3992,212
3993,212
3994,212
3995,212
3996,212
3997,212
3998,212
3999,212
4000,212
4001,212
4002,212
4003,212
4004,212
4005,212
4006,212
4007,212
4008,212
4009,212
4010,212
4011,212
4012,212
4013,212
4014,212
4015,212
4016,212
4017,212
4018,212
4019,212
4020,212
4021,212
4022,212
4023,212
4024,212
4025,212
4026,212
4027,213
4028,213
4029,213
4030,213
4031,213
4032,213
4033,213
4034,213
4035,213
4036,213
4037,213
4038,213
4039,213
4040,213
4041,213
4042,213
4043,213
4044,213
4045,213
4046,213
4047,213
4048,213
4049,213
4050,213
4051,213
4052,213
4053,213
4054,213
4055,213
4056,213
4057,213
4058,213
4059,213
4060,213
4061,213
4062,213
4063,213
4064,213
4065,213
4066,213
4067,213
4068,213
4069,213
4070,213
4071,213
4072,213
4073,213
4074,213
4075,213
4076,213
4077,214
4078,213
4079,214
4080,214
4081,214
4082,214
4083,214
4084,214
4085,214
4086,214
4087,214
4088,214
4089,214
4090,214
4091,214
4092,214
4093,214
4094,214
4095,214
4096,214
4097,214
4098,214
4099,214
4100,214
4101,214
4102,215
4103,215
4104,215
4105,215
4106,215
4107,215
4108,215
4109,215
4110,215
4111,215
4112,215
4113,215
4114,215
4115,215
4116,215
4117,215
4118,215
4119,215
4120,215
4121,215
4122,215
4123,215
4124,215
4125,215
4126,215
4127,215
4128,215
4129,215
4130,215
4131,215
4132,215
4133,215
4134,215
4135,215
4136,215
4137,215
4138,215
4139,215
4140,215
4141,215
4142,215
4143,215
4144,215
4145,215
4146,215
4147,215
4148,215
4149,215
4150,215
4151,215
4152,215
4153,216
4154,216
4155,216
4156,216
4157,216
4158,216
4159,216
4160,216
4161,216
4162,216
4163,216
4164,216
4165,216
4166,216
4167,216
4168,216
4169,216
4170,216
4171,216
4172,216
4173,216
4174,216
4175,216
4176,216
4177,216
4178,216
4179,216
4180,216
4181,216
4182,216
4183,216
4184,216
4185,216
4186,216
4187,216
4188,216
4189,216
4190,216
4191,217
4192,217
4193,217
4194,217
4195,217
4196,217
4197,217
4198,217
4199,217
4200,217
4201,217
4202,217
4203,217
4204,217
4205,217
4206,217
4207,217
4208,217
4209,217
4210,217
4211,217
4212,217
4213,217
4214,217
4215,217
4216,217
4217,217
4218,217
4219,217
4220,217
4221,217
4222,217
4223,217
4224,217
4225,217
4226,217
4227,217
4228,217
4229,217
4230,217
4231,217
4232,217
4233,217
4234,217
4235,217
4236,217
4237,217
4238,217
4239,217
4240,217
4241,217
4242,217
4243,217
4244,217
4245,217
4246,217
4247,217
4248,217
4249,217
4250,217
4251,217
4252,217
4253,217
4254,217
4255,217
4256,217
4257,217
4258,217
4259,217
4260,217
4261,217
4262,217
4263,217
4264,217
4265,217
4266,217
4267,217
4268,217
4269,217
4270,217
4271,217
4272,217
4273,217
4274,217
4275,217
4276,217
4277,217
4278,217
4279,217
4280,217
4281,217
4282,217
4283,217
4284,217
4285,217
4286,217
4287,217
4288,217
4289,217
4290,217
4291,217
4292,217
4293,217
4294,217
4295,217
4296,217
4297,217
4298,217
4299,217
4300,217
4301,217
4302,217
4303,217
4304,217
4305,217
4306,217
4307,217
4308,217
4309,217
4310,217
4311,217
4312,217
4313,218
4314,218
4315,218
4316,218
4317,218
4318,217
4319,218
4320,218
4321,218
4322,218
4323,218
4324,218
4325,218
4326,218
4327,218
4328,218
4329,218
4330,218
4331,218
4332,218
4333,218
4334,218
4335,218
4336,218
4337,218
4338,218
4339,218
4340,218
4341,218
4342,218
4343,218
4344,218
4345,218
4346,218
4347,218
4348,218
4349,218
4350,218
4351,218
4352,218
4353,218
4354,218
4355,218
4356,218
4357,218
4358,218
4359,218
4360,218
4361,218
4362,218
4363,218
4364,218
4365,218
4366,218
4367,218
4368,218
4369,218
4370,218
4371,218
4372,218
4373,218
4374,218
4375,218
4376,218
4377,218
4378,218
4379,218
4380,218
4381,218
4382,218
4383,218
4384,218
4385,218
4386,218
4387,218
4388,218
4389,218
4390,218
4391,218
4392,218
4393,218
4394,218
4395,218
4396,218
4397,218
4398,218
4399,218
4400,218
4401,218
4402,218
4403,219
4404,219
4405,219
4406,219
4407,219
4408,219
4409,219
4410,219
4411,219
4412,219
4413,219
4414,219
4415,219
4416,219
4417,219
4418,219
4419,219
4420,219
4421,219
4422,219
4423,219
4424,219
4425,219
4426,219
4427,219
4428,219
4429,219
4430,219
4431,219
4432,219
4433,219
4434,219
4435,219
4436,219
4437,219
4438,219
4439,219
4440,219
4441,219
4442,219
4443,219
4444,219
4445,219
4446,219
4447,220
4448,220
4449,220
4450,220
4451,220
4452,220
4453,220
4454,220
4455,220
4456,220
4457,220
4458,220
4459,220
4460,220
4461,220
4462,220
4463,220
4464,220
4465,220
4466,220
4467,220
4468,220
4469,220
4470,220
4471,220
4472,220
4473,220
4474,220
4475,220
4476,220
4477,220
4478,220
4479,221
4480,221
4481,221
4482,221
4483,221
4484,221
4485,221
4486,221
4487,221
4488,221
4489,221
4490,221
4491,221
4492,221
4493,221
4494,221
4495,221
4496,221
4497,221
4498,221
4499,221
4500,221
4501,221
4502,221
4503,221
4504,221
4505,221
4506,221
4507,221
4508,221
4509,221
4510,221
4511,221
4512,221
4513,221
4514,221
4515,221
4516,221
4517,221
4518,221
4519,221
4520,221
4521,222
4522,222
4523,222
4524,222
4525,222
4526,222
4527,222
4528,222
4529,222
4530,222
4531,222
4532,222
4533,222
4534,222
4535,222
4536,222
4537,222
4538,222
4539,222
4540,222
4541,222
4542,222
4543,222
4544,222
4545,222
4546,222
4547,222
4548,222
4549,222
4550,222
4551,222
4552,222
4553,222
4554,222
4555,222
4556,222
4557,222
4558,222
4559,222
4560,222
4561,222
4562,222
4563,222
4564,222
4565,222
4566,222
4567,222
4568,222
4569,222
4570,222
4571,222
4572,222
4573,222
4574,222
4575,222
4576,222
4577,222
4578,222
4579,222
4580,222
4581,222
4582,222
4583,222
4584,222
4585,222
4586,223
4587,223
4588,223
4589,223
4590,223
4591,223
4592,223
4593,223
4594,223
4595,223
4596,223
4597,223
4598,223
4599,223
4600,223
4601,223
4602,223
4603,223
4604,223
4605,223
4606,223
4607,223
4608,223
4609,223
4610,223
4611,223
4612,223
4613,223
4614,223
4615,223
4616,223
4617,223
4618,223
4619,223
4620,223
4621,223
4622,223
4623,223
4624,223
4625,223
4626,223
4627,223
4628,223
4629,223
4630,223
4631,223
4632,223
4633,223
4634,223
4635,223
4636,223
4637,223
4638,223
4639,223
4640,223
4641,223
4642,223
4643,223
4644,223
4645,223
4646,223
4647,223
4648,223
4649,223
4650,223
4651,223
4652,223
4653,223
4654,223
4655,223
4656,223
4657,224
4658,224
4659,224
4660,224
4661,224
4662,224
4663,224
4664,224
4665,224
4666,224
4667,224
4668,224
4669,224
4670,224
4671,224
4672,224
4673,224
4674,224
4675,224
4676,224
4677,224
4678,224
4679,224
4680,224
4681,224
4682,224
4683,224
4684,224
4685,224
4686,224
4687,224
4688,224
4689,224
4690,224
4691,224
4692,224
4693,224
4694,224
4695,224
4696,224
4697,224
4698,224
4699,224
4700,224
4701,224
4702,224
4703,224
4704,224
4705,224
4706,225
4707,225
4708,225
4709,225
4710,225
4711,225
4712,225
4713,225
4714,225
4715,225
4716,225
4717,225
4718,224
4719,224
4720,225
4721,225
4722,225
4723,225
4724,225
4725,225
4726,225
4727,225
4728,225
4729,225
4730,225
4731,225
4732,225
4733,225
4734,225
4735,225
4736,225
4737,225
4738,225
4739,225
4740,225
4741,225
4742,225
4743,225
4744,225
4745,225
4746,225
4747,225
4748,225
4749,225
4750,225
4751,225
4752,225
4753,225
4754,225
4755,225
4756,225
4757,225
4758,225
4759,225
4760,225
4761,225
4762,225
4763,225
4764,225
4765,225
4766,225
4767,225
4768,225
4769,225
4770,225
4771,225
4772,225
4773,225
4774,225
4775,225
4776,225
4777,225
4778,225
4779,225
4780,225
4781,225
4782,225
4783,225
4784,225
4785,225
4786,225
4787,225
4788,225
4789,225
4790,225
4791,225
4792,225
4793,225
4794,225
4795,225
4796,225
4797,225
4798,225
4799,225
4800,225
4801,225
4802,225
4803,225
4804,225
4805,225
4806,225
4807,225
4808,225
4809,225
4810,225
4811,226
4812,226
4813,226
4814,226
4815,226
4816,226
4817,226
4818,226
4819,226
4820,226
4821,226
4822,226
4823,226
4824,226
4825,226
4826,226
4827,226
4828,226
4829,226
4830,226
4831,226
4832,226
4833,226
4834,226
4835,226
4836,226
4837,226
4838,226
4839,226
4840,226
4841,226
4842,226
4843,226
4844,226
4845,226
4846,226
4847,226
4848,226
4849,226
4850,226
4851,226
4852,226
4853,226
4854,226
4855,226
4856,226
4857,226
4858,226
4859,226
4860,226
4861,226
4862,226
4863,226
4864,226
4865,226
4866,226
4867,226
4868,226
4869,226
4870,226
4871,226
4872,226
4873,227
4874,227
4875,227
4876,227
4877,227
4878,227
4879,227
4880,227
4881,227
4882,227
4883,227
4884,227
4885,227
4886,227
4887,227
4888,227
4889,227
4890,227
4891,227
4892,227
4893,227
4894,227
4895,227
4896,227
4897,227
4898,227
4899,227
4900,227
4901,227
4902,227
4903,227
4904,227
4905,227
4906,227
4907,227
4908,227
4909,227
4910,227
4911,227
4912,227
4913,227
4914,227
4915,227
4916,227
4917,227
4918,227
4919,227
4920,227
4921,227
4922,227
4923,227
4924,227
4925,227
4926,227
4927,227
4928,228
4929,228
4930,227
4931,227
4932,227
4933,227
4934,227
4935,227
4936,227
4937,228
4938,227
4939,227
4940,227
4941,227
4942,228
4943,228
4944,228
4945,228
4946,228
4947,228
4948,228
4949,228
4950,228
4951,228
4952,228
4953,228
4954,228
4955,228
4956,228
4957,228
4958,228
4959,228
4960,228
4961,228
4962,228
4963,228
4964,228
4965,228
4966,228
4967,228
4968,228
4969,228
4970,228
4971,228
4972,228
4973,228
4974,228
4975,228
4976,228
4977,228
4978,228
4979,228
4980,228
4981,228
4982,228
4983,228
4984,228
4985,228
4986,228
4987,228
4988,228
4989,228
4990,228
4991,228
4992,229
4993,229
4994,229
4995,229
4996,229
4997,229
4998,229
4999,229
5000,229
5001,229
5002,229
5003,229
5004,229
5005,229
5006,229
5007,229
5008,229
5009,229
5010,229
5011,229
5012,229
5013,229
5014,229
5015,229
5016,229
5017,229
5018,229
5019,229
5020,229
5021,229
5022,229
5023,229
5024,229
5025,229
5026,229
5027,229
5028,229
5029,229
5030,229
5031,229
5032,229
5033,229
5034,229
5035,229
5036,229
5037,229
5038,229
5039,229
5040,229
5041,229
5042,229
5043,229
5044,229
5045,229
5046,229
5047,229
5048,229
5049,229
5050,229
5051,230
5052,230
5053,229
5054,230
5055,230
5056,230
5057,230
5058,230
5059,230
5060,230
5061,230
5062,230
5063,230
5064,230
5065,230
5066,230
5067,230
5068,230
5069,230
5070,230
5071,230
5072,230
5073,230
5074,230
5075,230
5076,230
5077,230
5078,230
5079,230
5080,230
5081,230
5082,230
5083,230
5084,230
5085,230
5086,230
5087,230
5088,230
5089,230
5090,230
5091,230
5092,230
5093,230
5094,230
5095,230
5096,230
5097,230
5098,230
5099,230
5100,230
5101,230
5102,230
5103,230
5104,230
5105,230
5106,230
5107,230
5108,230
5109,230
5110,230
5111,230
5112,230
5113,231
5114,230
5115,231
5116,231
5117,231
5118,231
5119,231
5120,231
5121,231
5122,231
5123,231
5124,231
5125,231
5126,231
5127,231
5128,231
5129,231
5130,231
5131,231
5132,231
5133,231
5134,231
5135,231
5136,231
5137,231
5138,231
5139,231
5140,231
5141,231
5142,231
5143,231
5144,231
5145,231
5146,231
5147,231
5148,231
5149,231
5150,231
5151,231
5152,231
5153,231
5154,231
5155,231
5156,231
5157,231
5158,231
5159,231
5160,231
5161,231
5162,231
5163,231
5164,231
5165,231
5166,231
5167,231
5168,231
5169,231
5170,231
5171,231
5172,231
5173,231
5174,231
5175,231
5176,231
5177,231
5178,231
5179,231
5180,231
5181,231
5182,231
5183,231
5184,231
5185,231
5186,231
5187,231
5188,231
5189,231
5190,231
5191,231
5192,231
5193,231
5194,231
5195,231
5196,231
5197,231
5198,231
5199,231
5200,231
5201,231
5202,231
5203,232
5204,232
5205,232
5206,232
5207,232
5208,232
5209,232
5210,232
5211,232
5212,232
5213,232
5214,232
5215,232
5216,232
5217,232
5218,232
5219,232
5220,232
5221,232
5222,232
5223,232
5224,232
5225,232
5226,232
5227,232
5228,232
5229,232
5230,232
5231,232
5232,232
5233,232
5234,232
5235,232
5236,232
5237,232
5238,232
5239,232
5240,232
5241,232
5242,232
5243,232
5244,232
5245,232
5246,232
5247,232
5248,232
5249,232
5250,232
5251,232
5252,232
5253,232
5254,232
5255,232
5256,232
5257,232
5258,232
5259,232
5260,232
5261,232
5262,232
5263,232
5264,232
5265,232
5266,232
5267,232
5268,232
5269,232
5270,232
5271,232
5272,232
5273,232
5274,232
5275,232
5276,232
5277,232
5278,232
5279,232
5280,232
5281,232
5282,232
5283,232
5284,232
5285,232
5286,232
5287,232
5288,232
5289,232
5290,232
5291,232
5292,232
5293,232
5294,232
5295,232
5296,232
5297,232
5298,233
5299,233
5300,233
5301,233
5302,233
5303,233
5304,233
5305,233
5306,233
5307,233
5308,233
5309,233
5310,233
5311,233
5312,233
5313,233
5314,233
5315,233
5316,233
5317,233
5318,233
5319,233
5320,233
5321,233
5322,233
5323,233
5324,233
5325,233
5326,233
5327,233
5328,233
5329,233
5330,233
5331,233
5332,233
5333,233
5334,233
5335,233
5336,233
5337,233
5338,233
5339,233
5340,233
5341,233
5342,233
5343,233
5344,233
5345,233
5346,234
5347,234
5348,234
5349,234
5350,234
5351,234
5352,234
5353,234
5354,234
5355,234
5356,234
5357,234
5358,234
5359,234
5360,234
5361,234
5362,234
5363,234
5364,234
5365,234
5366,234
5367,234
5368,234
5369,234
5370,234
5371,234
5372,234
5373,234
5374,234
5375,234
5376,234
5377,234
5378,234
5379,234
5380,234
5381,234
5382,234
5383,234
5384,234
5385,234
5386,234
5387,234
5388,234
5389,234
5390,234
5391,234
5392,234
5393,234
5394,234
5395,234
5396,234
5397,234
5398,234
5399,234
5400,234
5401,234
5402,235
5403,235
5404,235
5405,235
5406,235
5407,235
5408,235
5409,235
5410,235
5411,235
5412,235
5413,235
5414,235
5415,235
5416,235
5417,235
5418,235
5419,235
5420,235
5421,235
5422,235
5423,235
5424,235
5425,235
5426,235
5427,235
5428,235
5429,235
5430,235
5431,235
5432,235
5433,235
5434,235
5435,235
5436,235
5437,235
5438,235
5439,235
5440,235
5441,235
5442,235
5443,235
5444,235
5445,235
5446,235
5447,235
5448,235
5449,235
5450,235
5451,236
5452,236
5453,236
5454,235
5455,236
5456,236
5457,236
5458,236
5459,236
5460,236
5461,236
5462,236
5463,236
5464,236
5465,236
5466,236
5467,236
5468,236
5469,236
5470,236
5471,236
5472,236
5473,236
5474,236
5475,236
5476,236
5477,236
5478,236
5479,236
5480,236
5481,236
5482,236
5483,236
5484,236
5485,236
5486,236
5487,236
5488,236
5489,236
5490,236
5491,236
5492,236
5493,236
5494,236
5495,236
5496,236
5497,236
5498,236
5499,236
5500,236
5501,236
5502,236
5503,236
5504,236
5505,236
5506,236
5507,236
5508,236
5509,236
5510,236
5511,236
5512,236
5513,236
5514,236
5515,236
5516,236
5517,236
5518,236
5519,236
5520,236
5521,236
5522,236
5523,236
5524,236
5525,236
5526,236
5527,236
5528,236
5529,236
5530,236
5531,236
5532,236
5533,236
5534,236
5535,236
5536,237
5537,237
5538,237
5539,237
5540,237
5541,237
5542,237
5543,237
5544,237
5545,237
5546,237
5547,237
5548,237
5549,237
5550,237
5551,237
5552,237
5553,237
5554,237
5555,237
5556,237
5557,237
5558,237
5559,237
5560,237
5561,237
5562,237
5563,237
5564,237
5565,237
5566,237
5567,237
5568,237
5569,237
5570,237
5571,237
5572,237
5573,237
5574,237
5575,237
5576,237
5577,237
5578,237
5579,237
5580,237
5581,237
5582,237
5583,237
5584,237
5585,237
5586,237
5587,237
5588,237
5589,237
5590,237
5591,237
5592,237
5593,237
5594,237
5595,237
5596,237
5597,237
5598,237
5599,237
5600,237
5601,237
5602,237
5603,237
5604,237
5605,237
5606,237
5607,237
5608,238
5609,238
5610,238
5611,237
5612,238
5613,238
5614,238
5615,238
5616,238
5617,238
5618,238
5619,238
5620,238
5621,238
5622,238
5623,238
5624,238
5625,238
5626,238
5627,238
5628,238
5629,238
5630,238
5631,238
5632,238
5633,238
5634,238
5635,238
5636,238
5637,238
5638,238
5639,238
5640,238
5641,238
5642,238
5643,238
5644,238
5645,238
5646,238
5647,238
5648,238
5649,238
5650,238
5651,238
5652,238
5653,238
5654,238
5655,238
5656,238
5657,238
5658,238
5659,239
5660,239
5661,239
5662,239
5663,239
5664,239
5665,238
5666,238
5667,238
5668,238
5669,238
5670,238
5671,238
5672,238
5673,239
5674,238
5675,238
5676,239
5677,238
5678,238
5679,238
5680,238
5681,238
5682,238
5683,238
5684,239
5685,239
5686,239
5687,239
5688,239
5689,239
5690,239
5691,239
5692,239
5693,239
5694,239
5695,239
5696,239
5697,239
5698,239
5699,239
5700,239
5701,239
5702,239
5703,239
5704,239
5705,239
5706,239
5707,239
5708,239
5709,239
5710,239
5711,239
5712,239
5713,239
5714,239
5715,239
5716,239
5717,239
5718,239
5719,239
5720,239
5721,239
5722,239
5723,239
5724,239
5725,239
5726,239
5727,239
5728,239
5729,239
5730,239
5731,239
5732,239
5733,239
5734,239
5735,239
5736,239
5737,239
5738,239
5739,240
5740,240
5741,239
5742,239
5743,239
5744,240
5745,240
5746,240
5747,240
5748,240
5749,240
5750,240
5751,240
5752,240
5753,240
5754,240
5755,240
5756,240
5757,240
5758,240
5759,240
5760,240
5761,240
5762,240
5763,240
5764,240
5765,240
5766,240
5767,240
5768,240
5769,240
5770,240
5771,240
5772,240
5773,240
5774,240
5775,240
5776,240
5777,240
5778,240
5779,240
5780,240
5781,240
5782,240
5783,240
5784,240
5785,240
5786,240
5787,240
5788,240
5789,240
5790,240
5791,240
5792,240
5793,240
5794,240
5795,240
5796,240
5797,240
5798,240
5799,240
5800,240
5801,240
5802,240
5803,240
5804,240
5805,240
5806,240
5807,240
5808,240
5809,240
5810,240
5811,240
5812,240
5813,240
5814,240
5815,240
5816,240
5817,240
5818,240
5819,240
5820,240
5821,240
5822,240
5823,240
5824,241
5825,241
5826,241
5827,241
5828,241
5829,241
5830,241
5831,241
5832,241
5833,241
5834,241
5835,241
5836,241
5837,241
5838,241
5839,241
5840,241
5841,241
5842,241
5843,241
5844,241
5845,241
5846,241
5847,241
5848,241
5849,241
5850,241
5851,241
5852,241
5853,241
5854,241
5855,241
5856,241
5857,241
5858,241
5859,241
5860,241
5861,241
5862,241
5863,241
5864,241
5865,241
5866,241
5867,241
5868,242
5869,241
5870,242
5871,242
5872,242
5873,242
5874,242
5875,242
5876,242
5877,242
5878,242
5879,242
5880,242
5881,242
5882,242
5883,242
5884,242
5885,242
5886,242
5887,242
5888,242
5889,242
5890,242
5891,242
5892,242
5893,242
5894,242
5895,242
5896,242
5897,242
5898,242
5899,242
5900,242
5901,242
5902,242
5903,242
5904,242
5905,242
5906,242
5907,242
5908,242
5909,242
5910,242
5911,242
5912,242
5913,242
5914,242
5915,242
5916,242
5917,242
5918,242
5919,242
5920,242
5921,242
5922,242
5923,242
5924,242
5925,242
5926,242
5927,242
5928,242
5929,242
5930,242
5931,242
5932,242
5933,242
5934,242
5935,242
5936,242
5937,242
5938,242
5939,242
5940,242
5941,242
5942,242
5943,242
5944,242
5945,242
5946,243
5947,242
5948,242
5949,242
5950,242
5951,242
5952,242
5953,242
5954,242
5955,242
5956,242
5957,242
5958,242
5959,242
5960,242
5961,242
5962,242
5963,242
5964,243
5965,243
5966,242
5967,242
5968,242
5969,243
5970,243
5971,243
5972,243
5973,243
5974,243
5975,243
5976,243
5977,243
5978,243
5979,243
5980,243
5981,243
5982,243
5983,243
5984,243
5985,243
5986,243
5987,243
5988,243
5989,243
5990,243
5991,243
5992,243
5993,243
5994,243
5995,243
5996,243
5997,243
5998,243
5999,243
6000,243
6001,243
6002,243
6003,243
6004,243
6005,243
6006,243
6007,243
6008,243
6009,243
6010,243
6011,243
6012,243
6013,243
6014,243
6015,243
6016,243
6017,243
6018,243
6019,243
6020,243
6021,243
6022,243
6023,243
6024,243
6025,243
6026,243
6027,243
6028,243
6029,243
6030,243
6031,243
6032,243
6033,243
6034,243
6035,243
6036,243
6037,243
6038,243
6039,243
6040,243
6041,243
6042,243
6043,243
6044,244
6045,244
6046,244
6047,244
6048,244
6049,244
6050,244
6051,244
6052,244
6053,244
6054,244
6055,244
6056,244
6057,244
6058,244
6059,244
6060,244
6061,244
6062,244
6063,244
6064,244
6065,244
6066,244
6067,244
6068,244
6069,244
6070,244
6071,244
6072,244
6073,244
6074,244
6075,244
6076,244
6077,244
6078,244
6079,244
6080,244
6081,244
6082,244
6083,244
6084,244
6085,244
6086,244
6087,244
6088,244
6089,244
6090,244
6091,244
6092,244
6093,244
6094,244
6095,244
6096,244
6097,244
6098,244
6099,244
6100,244
6101,244
6102,244
6103,244
6104,244
6105,244
6106,244
6107,244
6108,244
6109,244
6110,244
6111,244
6112,244
6113,244
6114,244
6115,244
6116,244
6117,244
6118,244
6119,245
6120,244
6121,244
6122,244
6123,244
6124,245
6125,245
6126,245
6127,245
6128,245
6129,245
6130,245
6131,245
6132,245
6133,245
6134,245
6135,245
6136,245
6137,245
6138,245
6139,245
6140,245
6141,245
6142,245
6143,245
6144,245
6145,245
6146,245
6147,245
6148,245
6149,245
6150,245
6151,245
6152,245
6153,245
6154,245
6155,245
6156,245
6157,245
6158,245
6159,245
6160,245
6161,245
6162,245
6163,245
6164,245
6165,245
6166,245
6167,245
6168,245
6169,245
6170,245
6171,245
6172,245
6173,245
6174,245
6175,245
6176,245
6177,245
6178,245
6179,245
6180,245
6181,245
6182,245
6183,245
6184,245
6185,245
6186,245
6187,245
6188,245
6189,245
6190,245
6191,245
6192,245
6193,245
6194,245
6195,245
6196,245
6197,246
6198,246
6199,246
6200,246
6201,246
6202,246
6203,246
6204,246
6205,246
6206,246
6207,246
6208,246
6209,246
6210,246
6211,246
6212,246
6213,246
6214,246
6215,246
6216,246
6217,246
6218,246
6219,246
6220,246
6221,246
6222,246
6223,246
6224,246
6225,246
6226,246
6227,246
6228,246
6229,246
6230,246
6231,246
6232,246
6233,246
6234,246
6235,246
6236,246
6237,246
6238,246
6239,246
6240,246
6241,246
6242,246
6243,246
6244,246
6245,246
6246,246
6247,246
6248,246
6249,246
6250,246
6251,246
6252,246
6253,246
6254,246
6255,246
6256,246
6257,246
6258,246
6259,246
6260,246
6261,246
6262,246
6263,246
6264,246
6265,246
6266,246
6267,246
6268,247
6269,246
6270,246
6271,247
6272,247
6273,246
6274,246
6275,246
6276,246
6277,246
6278,246
6279,246
6280,246
6281,246
6282,246
6283,246
6284,246
6285,246
6286,246
6287,246
6288,246
6289,246
6290,246
6291,246
6292,247
6293,247
6294,247
6295,247
6296,247
6297,247
6298,247
6299,247
6300,247
6301,247
6302,247
6303,247
6304,247
6305,247
6306,247
6307,247
6308,247
6309,247
6310,247
6311,247
6312,247
6313,247
6314,247
6315,247
6316,247
6317,247
6318,247
6319,247
6320,247
6321,247
6322,247
6323,247
6324,247
6325,247
6326,247
6327,247
6328,247
6329,247
6330,247
6331,247
6332,247
6333,247
6334,247
6335,247
6336,247
6337,247
6338,247
6339,247
6340,247
6341,247
6342,247
6343,247
6344,247
6345,247
6346,247
6347,247
6348,247
6349,247
6350,247
6351,247
6352,247
6353,247
6354,247
6355,247
6356,247
6357,247
6358,247
6359,247
6360,247
6361,247
6362,247
6363,247
6364,247
6365,247
6366,247
6367,247
6368,248
6369,248
6370,248
6371,248
6372,248
6373,248
6374,248
6375,248
6376,247
6377,248
6378,248
6379,248
6380,248
6381,248
6382,248
6383,248
6384,248
6385,248
6386,248
6387,248
6388,248
6389,248
6390,248
6391,248
6392,248
6393,248
6394,248
6395,248
6396,248
6397,248
6398,248
6399,248
6400,248
6401,248
6402,248
6403,248
6404,248
6405,248
6406,248
6407,248
6408,248
6409,248
6410,248
6411,248
6412,248
6413,248
6414,248
6415,248
6416,248
6417,248
6418,248
6419,248
6420,248
6421,248
6422,248
6423,248
6424,248
6425,248
6426,248
6427,248
6428,248
6429,248
6430,248
6431,248
6432,248
6433,248
6434,248
6435,248
6436,248
6437,248
6438,248
6439,248
6440,248
6441,248
6442,248
6443,248
6444,248
6445,248
6446,248
6447,248
6448,248
6449,248
6450,248
6451,248
6452,248
6453,248
6454,248
6455,248
6456,248
6457,248
6458,248
6459,248
6460,248
6461,248
6462,248
6463,248
6464,248
6465,248
6466,248
6467,248
6468,248
6469,248
6470,248
6471,248
6472,248
6473,248
6474,249
6475,249
6476,249
6477,249
6478,249
6479,249
6480,249
6481,249
6482,249
6483,249
6484,249
6485,249
6486,249
6487,249
6488,249
6489,249
6490,249
6491,249
6492,249
6493,249
6494,249
6495,249
6496,249
6497,249
6498,249
6499,249
6500,249
6501,249
6502,249
6503,249
6504,249
6505,249
6506,249
6507,249
6508,249
6509,249
6510,249
6511,249
6512,249
6513,249
6514,249
6515,249
6516,249
6517,249
6518,249
6519,249
6520,249
6521,249
6522,249
6523,249
6524,249
6525,249
6526,249
6527,249
6528,249
6529,250
6530,250
6531,250
6532,250
6533,250
6534,250
6535,250
6536,250
6537,250
6538,250
6539,250
6540,250
6541,250
6542,250
6543,250
6544,250
6545,250
6546,250
6547,250
6548,250
6549,250
6550,250
6551,250
6552,250
6553,250
6554,250
6555,250
6556,250
6557,250
6558,250
6559,250
6560,250
6561,250
6562,250
6563,250
6564,250
6565,250
6566,250
6567,250
6568,250
6569,250
6570,250
6571,250
6572,250
6573,250
6574,250
6575,250
6576,250
6577,250
6578,250
6579,250
6580,251
6581,251
6582,251
6583,251
6584,251
6585,251
6586,251
6587,251
6588,251
6589,251
6590,251
6591,251
6592,251
6593,251
6594,251
6595,251
6596,251
6597,251
6598,251
6599,251
6600,251
6601,251
6602,251
6603,251
6604,251
6605,251
6606,251
6607,251
6608,251
6609,251
6610,251
6611,251
6612,251
6613,251
6614,251
6615,251
6616,251
6617,251
6618,251
6619,251
6620,251
6621,251
6622,251
6623,251
6624,251
6625,251
6626,251
6627,251
6628,251
6629,251
6630,251
6631,251
6632,251
6633,251
6634,251
6635,251
6636,251
6637,251
6638,251
6639,251
6640,251
6641,251
6642,251
6643,251
6644,251
6645,251
6646,251
6647,251
6648,251
6649,251
6650,251
6651,251
6652,251
6653,251
6654,251
6655,251
6656,251
6657,251
6658,251
6659,251
6660,251
6661,251
6662,251
6663,251
6664,251
6665,251
6666,251
6667,251
6668,251
6669,251
6670,251
6671,252
6672,252
6673,252
6674,252
6675,252
6676,252
6677,252
6678,252
6679,252
6680,252
6681,252
6682,252
6683,252
6684,252
6685,252
6686,252
6687,252
6688,252
6689,252
6690,252
6691,252
6692,252
6693,252
6694,252
6695,252
6696,252
6697,252
6698,252
6699,252
6700,252
6701,252
6702,252
6703,252
6704,252
6705,252
6706,252
6707,252
6708,252
6709,252
6710,252
6711,252
6712,252
6713,252
6714,252
6715,252
6716,252
6717,252
6718,252
6719,252
6720,252
6721,252
6722,252
6723,252
6724,252
6725,252
6726,252
6727,252
6728,252
6729,252
6730,252
6731,252
6732,252
6733,252
6734,252
6735,252
6736,252
6737,252
6738,252
6739,252
6740,252
6741,252
6742,252
6743,252
6744,252
6745,252
6746,252
6747,252
6748,252
6749,253
6750,253
6751,253
6752,253
6753,253
6754,253
6755,253
6756,253
6757,253
6758,253
6759,253
6760,253
6761,253
6762,253
6763,253
6764,253
6765,253
6766,253
6767,253
6768,253
6769,253
6770,253
6771,253
6772,253
6773,253
6774,253
6775,253
6776,253
6777,253
6778,253
6779,253
6780,253
6781,253
6782,253
6783,253
6784,253
6785,253
6786,253
6787,253
6788,253
6789,253
6790,253
6791,253
6792,253
6793,253
6794,253
6795,253
6796,253
6797,253
6798,253
6799,253
6800,253
6801,253
6802,253
6803,253
6804,253
6805,254
6806,254
6807,254
6808,254
6809,254
6810,254
6811,254
6812,254
6813,254
6814,254
6815,254
6816,254
6817,254
6818,254
6819,254
6820,254
6821,254
6822,254
6823,254
6824,254
6825,254
6826,254
6827,254
6828,254
6829,254
6830,254
6831,254
6832,254
6833,254
6834,254
6835,254
6836,254
6837,254
6838,254
6839,254
6840,254
6841,254
6842,254
6843,254
6844,254
6845,254
6846,254
6847,254
6848,254
6849,254
6850,254
6851,254
6852,254
6853,255
6854,255
6855,255
6856,254
6857,255
6858,255
6859,255
6860,255
6861,255
6862,255
6863,255
6864,255
6865,255
6866,255
6867,255
6868,255
6869,255
6870,255
6871,255
6872,255
6873,255
6874,255
6875,255
6876,255
6877,255
6878,255
6879,255
6880,255
6881,255
6882,255
6883,255
6884,255
6885,255
6886,255
6887,255
6888,255
6889,255
6890,255
6891,255
6892,255
6893,255
6894,255
6895,255
6896,255
6897,255
6898,255
6899,255
6900,255
6901,255
6902,255
6903,255
6904,255
6905,255
6906,255
6907,255
6908,255
6909,255
6910,255
6911,255
6912,255
6913,255
6914,255
6915,255
6916,255
6917,255
6918,255
6919,255
6920,255
6921,255
6922,255
6923,255
6924,255
6925,255
6926,255
6927,255
6928,256
6929,256
6930,256
6931,256
6932,256
6933,256
6934,256
6935,256
6936,256
6937,256
6938,256
6939,256
6940,256
6941,256
6942,256
6943,256
6944,256
6945,256
6946,256
6947,256
6948,256
6949,256
6950,256
6951,256
6952,256
6953,256
6954,256
6955,256
6956,256
6957,256
6958,256
6959,256
6960,256
6961,256
6962,256
6963,256
6964,256
6965,256
6966,256
6967,256
6968,256
6969,256
6970,256
6971,256
6972,257
6973,256
6974,256
6975,256
6976,256
6977,256
6978,256
6979,256
6980,256
6981,256
6982,256
6983,257
6984,257
6985,257
6986,257
6987,257
6988,257
6989,257
6990,257
6991,257
6992,257
6993,257
6994,257
6995,257
6996,257
6997,257
6998,257
6999,257
7000,257
7001,257
7002,257
7003,257
7004,257
7005,257
7006,257
7007,257
7008,257
7009,257
7010,257
7011,257
7012,257
7013,257
7014,257
7015,257
7016,257
7017,257
7018,257
7019,257
7020,257
7021,257
7022,258
7023,258
7024,257
7025,257
7026,257
7027,257
7028,257
7029,257
7030,258
7031,257
7032,258
7033,258
7034,258
7035,258
7036,258
7037,258
7038,258
7039,258
7040,258
7041,258
7042,258
7043,258
7044,258
7045,258
7046,258
7047,258
7048,258
7049,258
7050,258
7051,258
7052,258
7053,258
7054,258
7055,258
7056,258
7057,258
7058,258
7059,258
7060,258
7061,258
7062,258
7063,258
7064,258
7065,258
7066,258
7067,258
7068,258
7069,258
7070,258
7071,258
7072,258
7073,258
7074,258
7075,258
7076,258
7077,258
7078,258
7079,258
7080,258
7081,258
7082,258
7083,258
7084,259
7085,259
7086,259
7087,259
7088,259
7089,259
7090,259
7091,259
7092,259
7093,259
7094,259
7095,259
7096,259
7097,259
7098,259
7099,259
7100,259
7101,259
7102,259
7103,259
7104,259
7105,259
7106,259
7107,259
7108,259
7109,259
7110,259
7111,259
7112,259
7113,259
7114,259
7115,259
7116,259
7117,259
7118,259
7119,259
7120,259
7121,259
7122,259
7123,259
7124,259
7125,259
7126,259
7127,259
7128,259
7129,259
7130,259
7131,259
7132,259
7133,259
7134,259
7135,259
7136,259
7137,259
7138,259
7139,259
7140,259
7141,260
7142,260
7143,260
7144,260
7145,260
7146,260
7147,260
7148,260
7149,260
7150,260
7151,260
7152,260
7153,260
7154,260
7155,260
7156,260
7157,260
7158,260
7159,260
7160,260
7161,260
7162,260
7163,260
7164,260
7165,260
7166,260
7167,260
7168,260
7169,260
7170,260
7171,260
7172,260
7173,260
7174,260
7175,260
7176,260
7177,260
7178,260
7179,260
7180,260
7181,260
7182,260
7183,260
7184,260
7185,260
7186,260
7187,260
7188,260
7189,260
7190,260
7191,260
7192,260
7193,260
7194,260
7195,260
7196,260
7197,260
7198,260
7199,260
7200,260
7201,260
7202,260
7203,260
7204,260
7205,260
7206,260
7207,260
7208,260
7209,260
7210,260
7211,260
7212,260
7213,260
7214,260
7215,261
7216,261
7217,261
7218,261
7219,261
7220,261
7221,261
7222,261
7223,261
7224,261
7225,261
7226,261
7227,261
7228,261
7229,261
7230,261
7231,261
7232,261
7233,261
7234,261
7235,261
7236,261
7237,261
7238,261
7239,261
7240,261
7241,261
7242,261
7243,261
7244,261
7245,261
7246,261
7247,261
7248,261
7249,261
7250,261
7251,261
7252,261
7253,261
7254,261
7255,261
7256,261
7257,261
7258,261
7259,261
7260,261
7261,261
7262,261
7263,261
7264,261
7265,261
7266,261
7267,261
7268,261
7269,261
7270,261
7271,261
7272,261
7273,261
7274,261
7275,261
7276,261
7277,261
7278,261
7279,261
7280,261
7281,261
7282,262
7283,262
7284,262
7285,262
7286,262
7287,262
7288,262
7289,262
7290,262
7291,262
7292,262
7293,262
7294,262
7295,262
7296,262
7297,262
7298,262
7299,262
7300,262
7301,262
7302,262
7303,262
7304,262
7305,262
7306,262
7307,262
7308,262
7309,262
7310,262
7311,262
7312,262
7313,262
7314,262
7315,262
7316,262
7317,262
7318,262
7319,262
7320,262
7321,262
7322,262
7323,262
7324,262
7325,262
7326,263
7327,263
7328,263
7329,262
7330,263
7331,263
7332,263
7333,263
7334,263
7335,263
7336,263
7337,263
7338,263
7339,263
7340,263
7341,263
7342,263
7343,263
7344,263
7345,263
7346,263
7347,263
7348,263
7349,263
7350,263
7351,263
7352,263
7353,263
7354,263
7355,263
7356,263
7357,263
7358,263
7359,263
7360,263
7361,263
7362,263
7363,263
7364,263
7365,263
7366,263
7367,263
7368,263
7369,263
7370,263
7371,263
7372,263
7373,263
7374,263
7375,263
7376,263
7377,263
7378,263
7379,263
7380,263
7381,263
7382,263
7383,263
7384,263
7385,263
7386,264
7387,264
7388,264
7389,264
7390,264
7391,264
7392,264
7393,264
7394,264
7395,264
7396,264
7397,264
7398,264
7399,264
7400,264
7401,264
7402,264
7403,264
7404,264
7405,264
7406,264
7407,264
7408,264
7409,264
7410,264
7411,264
7412,264
7413,264
7414,264
7415,264
7416,264
7417,264
7418,264
7419,264
7420,264
7421,264
7422,264
7423,264
7424,264
7425,264
7426,264
7427,264
7428,264
7429,264
7430,264
7431,264
7432,265
7433,265
7434,265
7435,265
7436,265
7437,265
7438,265
7439,265
7440,265
7441,265
7442,265
7443,265
7444,265
7445,265
7446,265
7447,265
7448,265
7449,265
7450,265
7451,265
7452,265
7453,265
7454,265
7455,265
7456,265
7457,265
7458,265
7459,265
7460,265
7461,265
7462,265
7463,265
7464,265
7465,265
7466,265
7467,265
7468,265
7469,265
7470,265
7471,265
7472,265
7473,265
7474,265
7475,265
7476,265
7477,265
7478,265
7479,265
7480,265
7481,265
7482,265
7483,265
7484,265
7485,265
7486,265
7487,265
7488,265
7489,265
7490,265
7491,265
7492,265
7493,265
7494,265
7495,265
7496,265
7497,265
7498,265
7499,265
7500,265
7501,265
7502,265
7503,265
7504,265
7505,265
7506,265
7507,265
7508,265
7509,265
7510,265
7511,265
7512,266
7513,266
7514,266
7515,266
7516,266
7517,266
7518,266
7519,266
7520,266
7521,266
7522,266
7523,266
7524,266
7525,266
7526,266
7527,266
7528,266
7529,266
7530,266
7531,266
7532,266
7533,266
7534,266
7535,266
7536,266
7537,266
7538,266
7539,266
7540,266
7541,266
7542,266
7543,266
7544,266
7545,266
7546,266
7547,266
7548,266
7549,266
7550,266
7551,266
7552,266
7553,266
7554,266
7555,266
7556,266
7557,266
7558,266
7559,266
7560,266
7561,266
7562,266
7563,266
7564,266
7565,266
7566,266
7567,266
7568,266
7569,266
7570,266
7571,266
7572,266
7573,266
7574,266
7575,266
7576,266
7577,266
7578,266
7579,266
7580,266
7581,266
7582,266
7583,266
7584,266
7585,266
7586,266
7587,266
7588,266
7589,266
7590,266
7591,266
7592,266
7593,266
7594,266
7595,266
7596,266
7597,266
7598,266
7599,266
7600,266
7601,266
7602,266
7603,266
7604,266
7605,266
7606,266
7607,266
7608,266
7609,266
7610,266
7611,266
7612,266
7613,266
7614,266
7615,266
7616,267
7617,267
7618,267
7619,266
7620,266
7621,267
7622,267
7623,267
7624,267
7625,267
7626,267
7627,267
7628,267
7629,267
7630,267
7631,267
7632,267
7633,267
7634,267
7635,267
7636,267
7637,267
7638,267
7639,267
7640,267
7641,267
7642,267
7643,267
7644,267
7645,267
7646,267
7647,267
7648,267
7649,267
7650,267
7651,267
7652,267
7653,267
7654,267
7655,267
7656,267
7657,267
7658,267
7659,267
7660,267
7661,267
7662,267
7663,267
7664,267
7665,267
7666,267
7667,267
7668,267
7669,267
7670,267
7671,267
7672,267
7673,267
7674,267
7675,267
7676,267
7677,267
7678,267
7679,267
7680,267
7681,267
7682,267
7683,267
7684,267
7685,267
7686,267
7687,267
7688,267
7689,267
7690,267
7691,267
7692,267
7693,267
7694,267
7695,267
7696,267
7697,267
7698,267
7699,267
7700,267
7701,267
7702,267
7703,267
7704,267
7705,267
7706,267
7707,267
7708,267
7709,267
7710,267
7711,267
7712,267
7713,267
7714,267
7715,267
7716,267
7717,267
7718,267
7719,267
7720,267
7721,267
7722,267
7723,267
7724,267
7725,267
7726,267
7727,267
7728,267
7729,268
7730,268
7731,268
7732,268
7733,268
7734,268
7735,268
7736,268
7737,268
7738,268
7739,268
7740,268
7741,268
7742,268
7743,268
7744,268
7745,268
7746,268
7747,268
7748,268
7749,268
7750,268
7751,268
7752,268
7753,268
7754,268
7755,268
7756,268
7757,268
7758,268
7759,268
7760,268
7761,268
7762,268
7763,268
7764,268
7765,268
7766,268
7767,268
7768,268
7769,268
7770,268
7771,268
7772,268
7773,268
7774,268
7775,268
7776,268
7777,268
7778,268
7779,269
7780,269
7781,269
7782,269
7783,269
7784,269
7785,269
7786,269
7787,269
7788,269
7789,269
7790,269
7791,269
7792,269
7793,269
7794,269
7795,269
7796,269
7797,269
7798,269
7799,269
7800,269
7801,269
7802,269
7803,269
7804,269
7805,269
7806,269
7807,269
7808,269
7809,269
7810,269
7811,269
7812,269
7813,269
7814,269
7815,269
7816,269
7817,269
7818,269
7819,269
7820,269
7821,269
7822,269
7823,269
7824,269
7825,269
7826,269
7827,269
7828,269
7829,269
7830,270
7831,270
7832,270
7833,270
7834,270
7835,270
7836,270
7837,270
7838,270
7839,270
7840,270
7841,270
7842,270
7843,270
7844,270
7845,270
7846,270
7847,270
7848,270
7849,270
7850,270
7851,270
7852,270
7853,270
7854,270
7855,270
7856,270
7857,270
7858,270
7859,270
7860,270
7861,270
7862,270
7863,270
7864,270
7865,270
7866,270
7867,270
7868,270
7869,270
7870,270
7871,270
7872,270
7873,270
7874,270
7875,270
7876,270
7877,270
7878,270
7879,270
7880,271
7881,271
7882,270
7883,270
7884,271
7885,271
7886,271
7887,271
7888,271
7889,271
7890,271
7891,271
7892,271
7893,271
7894,271
7895,271
7896,271
7897,271
7898,271
7899,271
7900,271
7901,271
7902,271
7903,271
7904,271
7905,271
7906,271
7907,271
7908,271
7909,271
7910,271
7911,271
7912,271
7913,271
7914,271
7915,271
7916,271
7917,271
7918,271
7919,271
7920,271
7921,271
7922,271
7923,271
7924,271
7925,271
7926,271
7927,271
7928,271
7929,271
7930,271
7931,271
7932,271
7933,271
7934,271
7935,271
7936,271
7937,272
7938,272
7939,272
7940,272
7941,272
7942,272
7943,272
7944,272
7945,272
7946,272
7947,272
7948,272
7949,272
7950,272
7951,272
7952,272
7953,272
7954,272
7955,272
7956,272
7957,272
7958,272
7959,272
7960,272
7961,272
7962,272
7963,273
7964,273
7965,273
7966,273
7967,273
7968,273
7969,273
7970,273
7971,273
7972,273
7973,273
7974,273
7975,273
7976,273
7977,273
7978,273
7979,273
7980,273
7981,273
7982,273
7983,273
7984,273
7985,273
7986,273
7987,273
7988,273
7989,273
7990,273
7991,273
7992,273
7993,273
7994,273
7995,273
7996,273
7997,273
7998,273
7999,273
8000,273
8001,273
8002,273
8003,273
8004,273
8005,273
8006,273
8007,273
8008,273
8009,274
8010,274
8011,274
8012,274
8013,274
8014,274
8015,274
8016,274
8017,274
8018,274
8019,274
8020,274
8021,274
8022,274
8023,274
8024,274
8025,274
8026,274
8027,274
8028,274
8029,274
8030,274
8031,274
8032,274
8033,274
8034,274
8035,274
8036,274
8037,274
8038,274
8039,274
8040,274
8041,274
8042,274
8043,274
8044,274
8045,274
8046,274
8047,274
8048,274
8049,274
8050,274
8051,274
8052,274
8053,274
8054,274
8055,274
8056,274
8057,274
8058,274
8059,274
8060,274
8061,274
8062,274
8063,274
8064,274
8065,274
8066,274
8067,274
8068,274
8069,275
8070,275
8071,275
8072,275
8073,275
8074,275
8075,275
8076,275
8077,275
8078,275
8079,275
8080,275
8081,275
8082,275
8083,275
8084,275
8085,275
8086,275
8087,275
8088,275
8089,275
8090,275
8091,275
8092,275
8093,275
8094,275
8095,275
8096,275
8097,275
8098,275
8099,275
8100,275
8101,275
8102,275
8103,275
8104,275
8105,275
8106,275
8107,275
8108,275
8109,276
8110,276
8111,276
8112,276
8113,276
8114,276
8115,276
8116,276
8117,276
8118,276
8119,276
8120,276
8121,276
8122,276
8123,276
8124,276
8125,276
8126,276
8127,276
8128,276
8129,276
8130,276
8131,276
8132,276
8133,276
8134,276
8135,276
8136,276
8137,276
8138,276
8139,276
8140,276
8141,276
8142,276
8143,276
8144,276
8145,276
8146,276
8147,276
8148,276
8149,276
8150,276
8151,276
8152,276
8153,276
8154,276
8155,276
8156,276
8157,276
8158,276
8159,276
8160,276
8161,276
8162,276
8163,276
8164,276
8165,276
8166,276
8167,276
8168,276
8169,276
8170,276
8171,276
8172,276
8173,276
8174,276
8175,276
8176,276
8177,276
8178,276
8179,276
8180,276
8181,276
8182,276
8183,277
8184,276
8185,276
8186,276
8187,276
8188,276
8189,276
8190,276
8191,276
8192,277
8193,277
8194,277
8195,277
8196,277
8197,277
8198,277
8199,277
8200,277
8201,277
8202,277
8203,277
8204,277
8205,277
8206,277
8207,277
8208,277
8209,277
8210,277
8211,277
8212,277
8213,277
8214,277
8215,277
8216,277
8217,277
8218,277
8219,277
8220,277
8221,277
8222,277
8223,277
8224,277
8225,277
8226,277
8227,277
8228,277
8229,277
8230,277
8231,277
8232,277
8233,277
8234,277
8235,277
8236,277
8237,277
8238,277
8239,278
8240,278
8241,278
8242,278
8243,278
8244,278
8245,278
8246,278
8247,278
8248,278
8249,278
8250,278
8251,278
8252,278
8253,278
8254,278
8255,278
8256,278
8257,278
8258,278
8259,278
8260,278
8261,278
8262,278
8263,278
8264,278
8265,278
8266,278
8267,278
8268,278
8269,278
8270,278
8271,278
8272,278
8273,278
8274,278
8275,278
8276,278
8277,278
8278,278
8279,278
8280,278
8281,278
8282,278
8283,278
8284,278
8285,278
8286,278
8287,278
8288,278
8289,278
8290,278
8291,278
8292,278
8293,278
8294,278
8295,278
8296,278
8297,278
8298,278
8299,278
8300,278
8301,278
8302,278
8303,278
8304,278
8305,278
8306,278
8307,278
8308,278
8309,278
8310,278
8311,278
8312,278
8313,278
8314,279
8315,279
8316,278
8317,279
8318,279
8319,279
8320,279
8321,279
8322,279
8323,279
8324,279
8325,279
8326,279
8327,279
8328,279
8329,279
8330,279
8331,279
8332,279
8333,279
8334,279
8335,279
8336,279
8337,279
8338,279
8339,279
8340,279
8341,279
8342,279
8343,279
8344,279
8345,279
8346,279
8347,279
8348,279
8349,279
8350,279
8351,279
8352,279
8353,279
8354,279
8355,279
8356,279
8357,279
8358,279
8359,279
8360,279
8361,279
8362,279
8363,279
8364,279
8365,279
8366,279
8367,279
8368,279
8369,279
8370,279
8371,279
8372,280
8373,280
8374,280
8375,280
8376,280
8377,280
8378,280
8379,280
8380,280
8381,280
8382,280
8383,280
8384,280
8385,280
8386,280
8387,280
8388,280
8389,280
8390,280
8391,280
8392,280
8393,280
8394,280
8395,280
8396,280
8397,280
8398,280
8399,280
8400,280
8401,280
8402,280
8403,280
8404,280
8405,280
8406,280
8407,280
8408,280
8409,280
8410,280
8411,280
8412,280
8413,280
8414,280
8415,280
8416,280
8417,280
8418,280
8419,280
8420,280
8421,280
8422,280
8423,280
8424,280
8425,280
8426,280
8427,280
8428,280
8429,280
8430,280
8431,280
8432,280
8433,280
8434,280
8435,280
8436,280
8437,280
8438,280
8439,280
8440,280
8441,280
8442,280
8443,281
8444,281
8445,281
8446,281
8447,281
8448,281
8449,281
8450,281
8451,281
8452,281
8453,281
8454,281
8455,281
8456,281
8457,281
8458,281
8459,281
8460,281
8461,281
8462,281
8463,281
8464,281
8465,281
8466,281
8467,281
8468,281
8469,281
8470,281
8471,281
8472,281
8473,281
8474,281
8475,281
8476,281
8477,281
8478,281
8479,281
8480,281
8481,281
8482,281
8483,281
8484,281
8485,281
8486,281
8487,281
8488,281
8489,281
8490,282
8491,281
8492,282
8493,282
8494,282
8495,282
8496,282
8497,282
8498,282
8499,282
8500,282
8501,282
8502,282
8503,282
8504,282
8505,282
8506,282
8507,282
8508,282
8509,282
8510,282
8511,282
8512,282
8513,282
8514,282
8515,282
8516,282
8517,282
8518,283
8519,283
8520,283
8521,283
8522,283
8523,283
8524,283
8525,283
8526,283
8527,283
8528,283
8529,283
8530,283
8531,283
8532,283
8533,283
8534,283
8535,283
8536,283
8537,283
8538,283
8539,283
8540,283
8541,283
8542,283
8543,283
8544,283
8545,283
8546,283
8547,283
8548,283
8549,283
8550,283
8551,283
8552,283
8553,283
8554,283
8555,283
8556,283
8557,283
8558,283
8559,283
8560,283
8561,283
8562,283
8563,283
8564,283
8565,284
8566,284
8567,284
8568,284
8569,284
8570,284
8571,284
8572,284
8573,284
8574,284
8575,284
8576,284
8577,284
8578,284
8579,284
8580,284
8581,284
8582,284
8583,284
8584,284
8585,284
8586,284
8587,284
8588,284
8589,284
8590,284
8591,284
8592,284
8593,284
8594,284
8595,284
8596,284
8597,284
8598,284
8599,284
8600,284
8601,284
8602,284
8603,284
8604,284
8605,284
8606,284
8607,284
8608,284
8609,284
8610,284
8611,284
8612,284
8613,284
8614,284
8615,284
8616,284
8617,284
8618,284
8619,284
8620,284
8621,284
8622,284
8623,284
8624,284
8625,284
8626,284
8627,284
8628,284
8629,284
8630,284
8631,284
8632,284
8633,284
8634,284
8635,284
8636,284
8637,284
8638,284
8639,284
8640,284
8641,284
8642,284
8643,284
8644,284
8645,284
8646,284
8647,284
8648,284
8649,284
8650,284
8651,284
8652,284
8653,284
8654,284
8655,284
8656,284
8657,284
8658,284
8659,284
8660,284
8661,284
8662,285
8663,284
8664,285
8665,285
8666,285
8667,285
8668,285
8669,285
8670,285
8671,285
8672,285
8673,285
8674,285
8675,285
8676,285
8677,285
8678,285
8679,285
8680,285
8681,285
8682,285
8683,285
8684,285
8685,285
8686,285
8687,285
8688,285
8689,285
8690,285
8691,285
8692,285
8693,285
8694,285
8695,285
8696,285
8697,285
8698,285
8699,285
8700,285
8701,285
8702,285
8703,285
8704,285
8705,285
8706,285
8707,285
8708,285
8709,285
8710,285
8711,285
8712,285
8713,285
8714,285
8715,285
8716,285
8717,286
8718,286
8719,285
8720,286
8721,285
8722,285
8723,286
8724,286
8725,286
8726,286
8727,286
8728,286
8729,286
8730,286
8731,286
8732,286
8733,286
8734,286
8735,286
8736,286
8737,286
8738,286
8739,286
8740,286
8741,286
8742,286
8743,286
8744,286
8745,286
8746,286
8747,286
8748,286
8749,286
8750,286
8751,286
8752,286
8753,286
8754,286
8755,286
8756,286
8757,286
8758,286
8759,286
8760,286
8761,286
8762,286
8763,286
8764,286
8765,286
8766,286
8767,286
8768,286
8769,286
8770,286
8771,286
8772,286
8773,286
8774,286
8775,286
8776,286
8777,286
8778,286
8779,287
8780,286
8781,287
8782,287
8783,287
8784,287
8785,287
8786,287
8787,287
8788,287
8789,287
8790,287
8791,287
8792,287
8793,287
8794,287
8795,287
8796,287
8797,287
8798,287
8799,287
8800,287
8801,287
8802,287
8803,287
8804,287
8805,287
8806,287
8807,287
8808,287
8809,287
8810,287
8811,287
8812,287
8813,287
8814,287
8815,287
8816,287
8817,287
8818,287
8819,287
8820,287
8821,287
8822,287
8823,287
8824,287
8825,287
8826,287
8827,287
8828,287
8829,287
8830,288
8831,288
8832,288
8833,288
8834,288
8835,288
8836,288
8837,288
8838,288
8839,288
8840,288
8841,288
8842,288
8843,288
8844,288
8845,288
8846,288
8847,288
8848,288
8849,288
8850,288
8851,288
8852,288
8853,288
8854,288
8855,288
8856,288
8857,288
8858,288
8859,288
8860,288
8861,288
8862,288
8863,288
8864,288
8865,288
8866,288
8867,288
8868,288
8869,288
8870,288
8871,288
8872,288
8873,288
8874,288
8875,288
8876,288
8877,288
8878,288
8879,288
8880,288
8881,288
8882,288
8883,288
8884,288
8885,288
8886,288
8887,288
8888,288
8889,288
8890,288
8891,288
8892,288
8893,288
8894,288
8895,289
8896,289
8897,289
8898,289
8899,289
8900,289
8901,289
8902,289
8903,288
8904,288
8905,288
8906,288
8907,288
8908,288
8909,288
8910,288
8911,288
8912,288
8913,288
8914,288
8915,288
8916,288
8917,288
8918,288
8919,288
8920,288
8921,288
8922,288
8923,289
8924,289
8925,289
8926,289
8927,289
8928,289
8929,289
8930,289
8931,289
8932,289
8933,289
8934,289
8935,289
8936,289
8937,289
8938,289
8939,289
8940,289
8941,289
8942,289
8943,289
8944,289
8945,289
8946,289
8947,289
8948,289
8949,289
8950,289
8951,289
8952,289
8953,289
8954,289
8955,289
8956,289
8957,289
8958,289
8959,289
8960,289
8961,289
8962,289
8963,289
8964,289
8965,289
8966,289
8967,289
8968,289
8969,289
8970,289
8971,289
8972,289
8973,289
8974,289
8975,289
8976,289
8977,289
8978,289
8979,289
8980,289
8981,289
8982,289
8983,289
8984,289
8985,289
8986,289
8987,289
8988,289
8989,289
8990,289
8991,289
8992,289
8993,289
8994,290
8995,290
8996,290
8997,290
8998,290
8999,290
9000,290
9001,290
9002,290
9003,290
9004,290
9005,290
9006,290
9007,290
9008,290
9009,290
9010,290
9011,290
9012,290
9013,290
9014,290
9015,290
9016,290
9017,290
9018,290
9019,290
9020,290
9021,290
9022,290
9023,290
9024,290
9025,290
9026,290
9027,290
9028,290
9029,290
9030,290
9031,290
9032,290
9033,290
9034,290
9035,290
9036,290
9037,290
9038,290
9039,290
9040,290
9041,290
9042,290
9043,290
9044,290
9045,290
9046,290
9047,290
9048,290
9049,290
9050,291
9051,291
9052,291
9053,291
9054,291
9055,291
9056,291
9057,291
9058,291
9059,291
9060,291
9061,291
9062,291
9063,291
9064,291
9065,291
9066,291
9067,291
9068,291
9069,291
9070,291
9071,291
9072,291
9073,291
9074,291
9075,291
9076,291
9077,291
9078,291
9079,291
9080,291
9081,291
9082,291
9083,291
9084,291
9085,291
9086,291
9087,292
9088,291
9089,291
9090,292
9091,292
9092,292
9093,292
9094,292
9095,292
9096,292
9097,292
9098,292
9099,292
9100,292
9101,292
9102,292
9103,292
9104,292
9105,292
9106,292
9107,292
9108,292
9109,292
9110,292
9111,292
9112,292
9113,292
9114,292
9115,292
9116,292
9117,292
9118,292
9119,292
9120,292
9121,292
9122,292
9123,292
9124,292
9125,292
9126,292
9127,292
9128,292
9129,292
9130,292
9131,292
9132,292
9133,292
9134,292
9135,292
9136,292
9137,292
9138,292
9139,292
9140,293
9141,293
9142,293
9143,293
9144,293
9145,293
9146,293
9147,293
9148,293
9149,293
9150,293
9151,293
9152,293
9153,293
9154,293
9155,293
9156,293
9157,293
9158,293
9159,293
9160,293
9161,293
9162,293
9163,293
9164,293
9165,293
9166,293
9167,293
9168,293
9169,293
9170,293
9171,293
9172,293
9173,293
9174,293
9175,293
9176,293
9177,293
9178,293
9179,293
9180,293
9181,293
9182,293
9183,293
9184,293
9185,293
9186,293
9187,293
9188,293
9189,293
9190,293
9191,293
9192,293
9193,293
9194,293
9195,293
9196,293
9197,293
9198,293
9199,293
9200,293
9201,293
9202,293
9203,293
9204,293
9205,293
9206,293
9207,294
9208,294
9209,294
9210,294
9211,294
9212,294
9213,294
9214,294
9215,294
9216,294
9217,294
9218,294
9219,294
9220,294
9221,294
9222,294
9223,294
9224,294
9225,294
9226,294
9227,294
9228,294
9229,294
9230,294
9231,294
9232,294
9233,294
9234,294
9235,294
9236,294
9237,294
9238,295
9239,295
9240,295
9241,295
9242,295
9243,295
9244,295
9245,295
9246,295
9247,295
9248,295
9249,295
9250,295
9251,295
9252,295
9253,295
9254,295
9255,295
9256,295
9257,295
9258,295
9259,295
9260,295
9261,295
9262,295
9263,295
9264,295
9265,295
9266,295
9267,295
9268,295
9269,295
9270,295
9271,295
9272,295
9273,295
9274,295
9275,295
9276,295
9277,295
9278,295
9279,295
9280,295
9281,295
9282,295
9283,295
9284,295
9285,295
9286,295
9287,295
9288,295
9289,295
9290,295
9291,295
9292,295
9293,295
9294,295
9295,295
9296,295
9297,295
9298,295
9299,296
9300,296
9301,296
9302,295
9303,295
9304,296
9305,296
9306,296
9307,296
9308,296
9309,296
9310,296
9311,296
9312,296
9313,296
9314,296
9315,296
9316,296
9317,296
9318,296
9319,296
9320,296
9321,296
9322,296
9323,296
9324,296
9325,296
9326,296
9327,296
9328,296
9329,296
9330,296
9331,296
9332,296
9333,296
9334,296
9335,296
9336,296
9337,296
9338,296
9339,297
9340,297
9341,297
9342,297
9343,297
9344,297
9345,297
9346,297
9347,297
9348,297
9349,297
9350,297
9351,297
9352,297
9353,297
9354,297
9355,297
9356,297
9357,297
9358,297
9359,297
9360,297
9361,297
9362,297
9363,297
9364,297
9365,297
9366,297
9367,297
9368,297
9369,297
9370,297
9371,297
9372,297
9373,297
9374,297
9375,297
9376,297
9377,297
9378,297
9379,297
9380,297
9381,297
9382,298
9383,297
9384,298
9385,298
9386,298
9387,298
9388,298
9389,298
9390,298
9391,298
9392,298
9393,298
9394,298
9395,298
9396,298
9397,298
9398,298
9399,298
9400,298
9401,298
9402,298
9403,298
9404,298
9405,298
9406,298
9407,298
9408,298
9409,298
9410,298
9411,298
9412,298
9413,298
9414,298
9415,298
9416,298
9417,298
9418,298
9419,298
9420,298
9421,298
9422,298
9423,298
9424,298
9425,298
9426,298
9427,298
9428,298
9429,298
9430,298
9431,298
9432,298
9433,298
9434,298
9435,298
9436,298
9437,298
9438,298
9439,298
9440,298
9441,298
9442,298
9443,298
9444,298
9445,298
9446,298
9447,298
9448,298
9449,298
9450,298
9451,298
9452,298
9453,298
9454,298
9455,298
9456,298
9457,298
9458,298
9459,298
9460,298
9461,298
9462,298
9463,298
9464,298
9465,298
9466,298
9467,298
9468,298
9469,298
9470,298
9471,298
9472,298
9473,298
9474,298
9475,298
9476,298
9477,298
9478,298
9479,298
9480,298
9481,299
9482,299
9483,299
9484,299
9485,299
9486,299
9487,299
9488,299
9489,299
9490,299
9491,299
9492,299
9493,299
9494,299
9495,299
9496,299
9497,299
9498,299
9499,299
9500,299
9501,299
9502,299
9503,299
9504,299
9505,299
9506,299
9507,299
9508,299
9509,299
9510,299
9511,299
9512,299
9513,299
9514,299
9515,299
9516,299
9517,299
9518,299
9519,299
9520,299
9521,299
9522,299
9523,299
9524,299
9525,299
9526,299
9527,299
9528,299
9529,299
9530,300
9531,300
9532,300
9533,300
9534,300
9535,300
9536,300
9537,300
9538,300
9539,300
9540,300
9541,300
9542,300
9543,300
9544,300
9545,300
9546,300
9547,300
9548,300
9549,300
9550,300
9551,300
9552,300
9553,300
9554,300
9555,300
9556,300
9557,300
9558,300
9559,300
9560,300
9561,300
9562,300
9563,301
9564,300
9565,301
9566,301
9567,301
9568,301
9569,301
9570,301
9571,301
9572,301
9573,301
9574,301
9575,301
9576,301
9577,301
9578,301
9579,301
9580,301
9581,301
9582,301
9583,301
9584,301
9585,301
9586,301
9587,301
9588,301
9589,301
9590,301
9591,301
9592,301
9593,301
9594,301
9595,301
9596,301
9597,301
9598,301
9599,301
9600,301
9601,301
9602,301
9603,301
9604,301
9605,301
9606,301
9607,301
9608,301
9609,301
9610,301
9611,301
9612,301
9613,301
9614,301
9615,301
9616,301
9617,301
9618,301
9619,301
9620,301
9621,301
9622,301
9623,301
9624,301
9625,301
9626,301
9627,301
9628,301
9629,301
9630,301
9631,301
9632,301
9633,301
9634,302
9635,301
9636,302
9637,302
9638,302
9639,302
9640,302
9641,302
9642,302
9643,302
9644,302
9645,302
9646,302
9647,302
9648,302
9649,302
9650,302
9651,302
9652,302
9653,302
9654,302
9655,302
9656,302
9657,302
9658,302
9659,302
9660,302
9661,302
9662,302
9663,302
9664,302
9665,302
9666,302
9667,302
9668,302
9669,302
9670,302
9671,302
9672,302
9673,302
9674,302
9675,302
9676,302
9677,302
9678,302
9679,302
9680,302
9681,302
9682,302
9683,302
9684,302
9685,302
9686,302
9687,302
9688,302
9689,302
9690,302
9691,302
9692,302
9693,302
9694,302
9695,302
9696,302
9697,302
9698,302
9699,302
9700,302
9701,302
9702,303
9703,303
9704,302
9705,303
9706,303
9707,303
9708,303
9709,303
9710,303
9711,303
9712,303
9713,303
9714,303
9715,303
9716,303
9717,303
9718,303
9719,303
9720,303
9721,303
9722,303
9723,303
9724,303
9725,303
9726,303
9727,303
9728,303
9729,303
9730,303
9731,303
9732,303
9733,303
9734,303
9735,303
9736,303
9737,303
9738,303
9739,303
9740,303
9741,303
9742,303
9743,303
9744,303
9745,303
9746,303
9747,303
9748,303
9749,303
9750,303
9751,303
9752,304
9753,304
9754,304
9755,304
9756,304
9757,304
9758,304
9759,304
9760,304
9761,304
9762,304
9763,304
9764,304
9765,304
9766,304
9767,304
9768,304
9769,304
9770,304
9771,304
9772,304
9773,304
9774,304
9775,304
9776,304
9777,304
9778,304
9779,304
9780,304
9781,304
9782,304
9783,304
9784,304
9785,304
9786,304
9787,304
9788,304
9789,304
9790,304
9791,304
9792,304
9793,304
9794,304
9795,304
9796,304
9797,304
9798,304
9799,304
9800,304
9801,304
9802,304
9803,304
9804,304
9805,304
9806,304
9807,305
9808,304
9809,305
9810,305
9811,305
9812,305
9813,305
9814,305
9815,305
9816,305
9817,305
9818,305
9819,305
9820,305
9821,305
9822,305
9823,305
9824,305
9825,305
9826,305
9827,305
9828,305
9829,305
9830,305
9831,305
9832,305
9833,305
9834,305
9835,305
9836,305
9837,305
9838,305
9839,305
9840,305
9841,305
9842,305
9843,305
9844,305
9845,305
9846,305
9847,305
9848,305
9849,305
9850,305
9851,305
9852,305
9853,305
9854,305
9855,305
9856,305
9857,305
9858,305
9859,305
9860,305
9861,305
9862,305
9863,305
9864,305
9865,305
9866,305
9867,305
9868,305
9869,305
9870,305
9871,305
9872,305
9873,305
9874,305
9875,305
9876,305
9877,305
9878,305
9879,306
9880,306
9881,306
9882,306
9883,306
9884,306
9885,306
9886,306
9887,306
9888,306
9889,306
9890,306
9891,306
9892,306
9893,306
9894,306
9895,306
9896,306
9897,306
9898,306
9899,306
9900,306
9901,306
9902,306
9903,306
9904,306
9905,306
9906,306
9907,306
9908,306
9909,306
9910,306
9911,306
9912,306
9913,306
9914,306
9915,306
9916,306
9917,306
9918,306
9919,306
9920,306
9921,306
9922,306
9923,306
9924,306
9925,306
9926,306
9927,306
9928,306
9929,306
9930,306
9931,307
9932,307
9933,307
9934,307
9935,307
9936,307
9937,307
9938,307
9939,307
9940,307
9941,307
9942,307
9943,307
9944,307
9945,307
9946,307
9947,307
9948,307
9949,307
9950,307
9951,307
9952,307
9953,307
9954,307
9955,307
9956,307
9957,307
9958,307
9959,307
9960,307
9961,307
9962,307
9963,307
9964,307
9965,307
9966,307
9967,307
9968,307
9969,307
9970,307
9971,307
9972,307
9973,307
9974,307
9975,307
9976,307
9977,307
9978,307
9979,307
9980,307
9981,307
9982,307
9983,307
9984,307
9985,308
9986,308
9987,308
9988,308
9989,308
9990,308
9991,308
9992,308
9993,308
9994,308
9995,308
9996,308
9997,308
9998,308
9999,308
