0,150
1,149
2,149
3,150
4,150
5,150
6,150
7,150
8,150
9,150
10,150
11,150
12,150
13,150
14,150
15,150
16,150
17,150
18,149
19,149
20,149
21,149
22,150
23,150
24,149
25,150
26,150
27,150
28,150
29,150
30,150
31,150
32,150
33,150
34,150
35,150
36,150
37,150
38,149
39,150
40,150
41,150
42,150
43,150
44,150
45,150
46,150
47,150
48,150
49,150
50,150
51,150
52,150
53,150
54,150
55,150
56,150
57,150
58,150
59,150
60,150
61,150
62,150
63,150
64,150
65,150
66,150
67,150
68,150
69,150
70,150
71,150
72,150
73,150
74,150
75,150
76,150
77,150
78,150
79,150
80,150
81,150
82,150
83,150
84,150
85,150
86,150
87,150
88,150
89,150
90,150
91,150
92,150
93,150
94,150
95,150
96,150
97,150
98,150
99,150
100,150
101,151
102,151
103,151
104,151
105,151
106,151
107,151
108,151
109,151
110,151
111,151
112,151
113,151
114,151
115,151
116,151
117,151
118,151
119,151
120,151
121,151
122,151
123,151
124,151
125,151
126,151
127,151
128,151
129,151
130,151
131,151
132,151
133,151
134,151
135,151
136,151
137,151
138,151
139,151
140,151
141,151
142,151
143,151
144,151
145,151
146,151
147,151
148,151
149,151
150,151
151,151
152,151
153,151
154,151
155,151
156,151
157,151
158,151
159,151
160,151
161,151
162,151
163,151
164,151
165,151
166,151
167,151
168,151
169,151
170,151
171,151
172,151
173,151
174,151
175,151
176,151
177,151
178,151
179,151
180,151
181,151
182,151
183,151
184,151
185,151
186,151
187,151
188,151
189,151
190,151
191,151
192,151
193,151
194,151
195,151
196,151
197,151
198,151
199,151
200,151
201,151
202,151
203,151
204,151
205,151
206,151
207,151
208,151
209,151
210,151
211,151
212,151
213,151
214,151
215,151
216,151
217,151
218,151
219,151
220,151
221,151
222,151
223,151
224,151
225,151
226,151
227,151
228,151
229,151
230,151
231,151
232,151
233,151
234,151
235,151
236,151
237,151
238,151
239,151
240,151
241,151
242,151
243,151
244,151
245,151
246,151
247,151
248,152
249,152
250,152
251,152
252,151
253,152
254,152
255,151
256,152
257,152
258,152
259,152
260,152
261,152
262,151
263,152
264,151
265,152
266,152
267,152
268,152
269,152
270,152
271,152
272,152
273,152
274,152
275,152
276,152
277,152
278,152
279,152
280,152
281,152
282,152
283,152
284,152
285,152
286,152
287,152
288,152
289,152
290,152
291,152
292,152
293,152
294,152
295,152
296,152
297,152
298,152
299,152
300,152
301,152
302,152
303,152
304,152
305,152
306,152
307,152
308,152
309,152
310,152
311,153
312,153
313,153
314,153
315,153
316,153
317,153
318,153
319,153
320,153
321,153
322,152
323,153
324,153
325,153
326,153
327,153
328,153
329,153
330,153
331,153
332,153
333,153
334,153
335,153
336,153
337,153
338,153
339,153
340,153
341,153
342,153
343,153
344,153
345,153
346,153
347,153
348,153
349,153
350,153
351,153
352,153
353,153
354,153
355,153
356,153
357,153
358,153
359,153
360,153
361,153
362,153
363,153
364,153
365,153
366,153
367,153
368,153
369,153
370,153
371,153
372,153
373,153
374,153
375,153
376,153
377,153
378,154
379,153
380,154
381,154
382,154
383,154
384,154
385,154
386,154
387,154
388,154
389,154
390,154
391,154
392,154
393,154
394,154
395,154
396,154
397,154
398,154
399,154
400,154
401,154
402,154
403,154
404,154
405,154
406,154
407,154
408,154
409,154
410,154
411,154
412,154
413,154
414,154
415,154
416,154
417,154
418,154
419,154
420,154
421,154
422,154
423,154
424,154
425,154
426,154
427,154
428,154
429,154
430,154
431,154
432,154
433,154
434,154
435,154
436,154
437,154
438,154
439,155
440,154
441,154
442,155
443,155
444,155
445,155
446,155
447,155
448,155
449,155
450,155
451,155
452,155
453,155
454,155
455,155
456,155
457,155
458,155
459,155
460,155
461,155
462,155
463,155
464,155
465,155
466,155
467,155
468,155
469,155
470,155
471,155
472,155
473,155
474,155
475,155
476,155
477,155
478,155
479,155
480,155
481,155
482,155
483,155
484,155
485,155
486,155
487,155
488,155
489,155
490,155
491,155
492,155
493,155
494,155
495,155
496,155
497,155
498,155
499,155
500,155
501,155
502,155
503,155
504,155
505,155
506,155
507,155
508,155
509,155
510,155
511,155
512,155
513,155
514,155
515,155
516,155
517,155
518,155
519,155
520,155
521,155
522,155
523,156
524,156
525,156
526,156
527,156
528,156
529,156
530,156
531,156
532,156
533,156
534,156
535,156
536,156
537,156
538,156
539,156
540,156
541,156
542,156
543,156
544,156
545,156
546,156
547,156
548,156
549,156
550,156
551,156
552,156
553,156
554,156
555,156
556,156
557,156
558,156
559,156
560,156
561,156
562,156
563,156
564,156
565,156
566,156
567,156
568,156
569,156
570,156
571,156
572,156
573,156
574,156
575,156
576,156
577,156
578,156
579,156
580,156
581,156
582,156
583,156
584,156
585,156
586,156
587,156
588,156
589,156
590,156
591,156
592,156
593,156
594,157
595,157
596,157
597,157
598,157
599,157
600,157
601,157
602,157
603,157
604,157
605,157
606,157
607,157
608,157
609,157
610,157
611,157
612,157
613,157
614,157
615,157
616,157
617,157
618,157
619,157
620,157
621,157
622,157
623,157
624,157
625,157
626,157
627,157
628,157
629,157
630,157
631,157
632,157
633,157
634,157
635,157
636,157
637,157
638,157
639,157
640,157
641,157
642,157
643,157
644,157
645,157
646,157
647,157
648,157
649,157
650,157
651,157
652,158
653,158
654,158
655,158
656,158
657,158
658,158
659,158
660,158
661,158
662,158
663,158
664,158
665,158
666,158
667,158
668,158
669,158
670,158
671,158
672,158
673,158
674,158
675,158
676,158
677,158
678,158
679,158
680,158
681,158
682,158
683,158
684,158
685,158
686,158
687,158
688,158
689,158
690,158
691,158
692,159
693,159
694,159
695,159
696,159
697,159
698,159
699,159
700,159
701,159
702,159
703,159
704,159
705,159
706,159
707,159
708,159
709,159
710,159
711,159
712,159
713,159
714,159
715,159
716,159
717,159
718,159
719,159
720,159
721,159
722,159
723,159
724,159
725,159
726,159
727,159
728,159
729,159
730,159
731,159
732,159
733,160
734,160
735,160
736,160
737,160
738,160
739,160
740,160
741,160
742,160
743,160
744,160
745,160
746,160
747,160
748,160
749,160
750,160
751,160
752,160
753,160
754,160
755,160
756,160
757,160
758,160
759,160
760,160
761,160
762,160
763,160
764,160
765,160
766,160
767,160
768,160
769,160
770,160
771,160
772,160
773,160
774,160
775,160
776,160
777,160
778,160
779,160
780,160
781,160
782,160
783,160
784,160
785,160
786,160
787,160
788,160
789,160
790,160
791,160
792,160
793,160
794,160
795,160
796,160
797,160
798,161
799,161
800,161
801,161
802,161
803,161
804,161
805,161
806,161
807,161
808,161
809,161
810,161
811,161
812,161
813,161
814,161
815,161
816,161
817,161
818,161
819,161
820,161
821,161
822,161
823,161
824,161
825,161
826,161
827,161
828,161
829,161
830,161
831,161
832,161
833,161
834,161
835,161
836,161
837,161
838,161
839,161
840,161
841,161
842,161
843,161
844,161
845,161
846,161
847,161
848,161
849,161
850,161
851,161
852,161
853,161
854,161
855,161
856,161
857,161
858,161
859,161
860,161
861,161
862,161
863,162
864,161
865,161
866,161
867,161
868,161
869,161
870,161
871,161
872,161
873,161
874,162
875,161
876,162
877,162
878,162
879,162
880,162
881,162
882,162
883,162
884,162
885,162
886,162
887,162
888,162
889,162
890,162
891,162
892,162
893,162
894,162
895,162
896,162
897,162
898,162
899,162
900,162
901,162
902,162
903,162
904,162
905,162
906,162
907,162
908,162
909,162
910,162
911,162
912,162
913,162
914,162
915,162
916,162
917,162
918,163
919,163
920,163
921,163
922,163
923,163
924,163
925,163
926,163
927,163
928,163
929,163
930,163
931,163
932,163
933,163
934,163
935,163
936,163
937,163
938,163
939,163
940,163
941,163
942,163
943,163
944,163
945,163
946,163
947,163
948,163
949,163
950,163
951,163
952,163
953,163
954,163
955,163
956,163
957,163
958,163
959,163
960,163
961,163
962,163
963,163
964,163
965,163
966,163
967,163
968,163
969,163
970,163
971,163
972,163
973,163
974,163
975,163
976,163
977,163
978,163
979,163
980,163
981,163
982,163
983,163
984,163
985,163
986,163
987,163
988,163
989,163
990,163
991,163
992,163
993,163
994,163
995,163
996,163
997,164
998,164
999,164
1000,164
1001,164
1002,164
1003,164
1004,164
1005,164
1006,164
1007,164
1008,164
1009,164
1010,164
1011,164
1012,164
1013,164
1014,164
1015,164
1016,164
1017,164
1018,164
1019,164
1020,164
1021,164
1022,164
1023,164
1024,164
1025,164
1026,164
1027,164
1028,164
1029,164
1030,164
1031,164
1032,164
1033,164
1034,164
1035,164
1036,164
1037,164
1038,164
1039,164
1040,164
1041,164
1042,164
1043,164
1044,164
1045,164
1046,164
1047,164
1048,164
1049,164
1050,164
1051,164
1052,164
1053,164
1054,164
1055,164
1056,164
1057,164
1058,164
1059,164
1060,164
1061,164
1062,164
1063,164
1064,164
1065,164
1066,164
1067,164
1068,164
1069,164
1070,164
1071,164
1072,164
1073,164
1074,164
1075,164
1076,164
1077,164
1078,164
1079,164
1080,164
1081,164
1082,164
1083,164
1084,164
1085,164
1086,164
1087,164
1088,164
1089,164
1090,164
1091,164
1092,164
1093,164
1094,164
1095,164
1096,165
1097,165
1098,165
1099,164
1100,165
1101,165
1102,165
1103,165
1104,165
1105,165
1106,165
1107,165
1108,165
1109,165
1110,165
1111,165
1112,165
1113,165
1114,165
1115,165
1116,165
1117,165
1118,165
1119,165
1120,165
1121,165
1122,165
1123,165
1124,165
1125,165
1126,165
1127,165
1128,165
1129,165
1130,165
1131,165
1132,165
1133,165
1134,165
1135,165
1136,165
1137,165
1138,165
1139,165
1140,165
1141,165
1142,165
1143,165
1144,165
1145,165
1146,165
1147,165
1148,165
1149,165
1150,165
1151,165
1152,165
1153,165
1154,165
1155,165
1156,165
1157,165
1158,165
1159,165
1160,166
1161,166
1162,166
1163,166
1164,165
1165,166
1166,166
1167,166
1168,166
1169,166
1170,166
1171,166
1172,166
1173,166
1174,166
1175,166
1176,166
1177,166
1178,166
1179,166
1180,166
1181,166
1182,166
1183,166
1184,166
1185,166
1186,166
1187,166
1188,166
1189,166
1190,166
1191,166
1192,166
1193,166
1194,166
1195,166
1196,166
1197,166
1198,166
1199,166
1200,166
1201,166
1202,166
1203,166
1204,166
1205,166
1206,166
1207,166
1208,166
1209,166
1210,166
1211,166
1212,166
1213,166
1214,166
1215,166
1216,166
1217,166
1218,166
1219,167
1220,167
1221,167
1222,167
1223,167
1224,167
1225,167
1226,167
1227,167
1228,167
1229,167
1230,167
1231,167
1232,167
1233,167
1234,167
1235,167
1236,167
1237,167
1238,167
1239,167
1240,167
1241,167
1242,167
1243,167
1244,167
1245,167
1246,167
1247,167
1248,167
1249,167
1250,167
1251,167
1252,167
1253,167
1254,167
1255,167
1256,167
1257,168
1258,168
1259,168
1260,167
1261,167
1262,167
1263,167
1264,167
1265,167
1266,167
1267,168
1268,168
1269,168
1270,168
1271,168
1272,168
1273,168
1274,168
1275,168
1276,168
1277,168
1278,168
1279,168
1280,168
1281,168
1282,168
1283,168
1284,168
1285,168
1286,168
1287,168
1288,168
1289,168
1290,168
1291,168
1292,168
1293,168
1294,168
1295,168
1296,168
1297,168
1298,168
1299,168
1300,168
1301,168
1302,168
1303,168
1304,168
1305,168
1306,168
1307,168
1308,168
1309,168
1310,168
1311,168
1312,168
1313,168
1314,168
1315,168
1316,168
1317,168
1318,168
1319,168
1320,168
1321,168
1322,168
1323,168
1324,168
1325,168
1326,168
1327,168
1328,169
1329,169
1330,169
1331,169
1332,169
1333,169
1334,169
1335,169
1336,169
1337,169
1338,169
1339,169
1340,169
1341,169
1342,169
1343,169
1344,169
1345,169
1346,169
1347,169
1348,169
1349,169
1350,169
1351,169
1352,169
1353,169
1354,169
1355,169
1356,169
1357,169
1358,169
1359,169
1360,169
1361,169
1362,169
1363,169
1364,169
1365,169
1366,169
1367,169
1368,169
1369,170
1370,169
1371,169
1372,169
1373,169
1374,169
1375,169
1376,170
1377,169
1378,170
1379,170
1380,170
1381,170
1382,170
1383,170
1384,170
1385,170
1386,170
1387,170
1388,170
1389,170
1390,170
1391,170
1392,170
1393,170
1394,170
1395,170
1396,170
1397,170
1398,170
1399,170
1400,170
1401,170
1402,170
1403,170
1404,170
1405,170
1406,170
1407,170
1408,170
1409,170
1410,170
1411,170
1412,170
1413,170
1414,170
1415,170
1416,170
1417,170
1418,170
1419,171
1420,171
1421,171
1422,171
1423,171
1424,171
1425,171
1426,171
1427,171
1428,171
1429,171
1430,171
1431,171
1432,171
1433,171
1434,171
1435,171
1436,171
1437,171
1438,171
1439,171
1440,171
1441,171
1442,171
1443,171
1444,171
1445,171
1446,171
1447,171
1448,171
1449,171
1450,171
1451,171
1452,171
1453,171
1454,171
1455,171
1456,171
1457,171
1458,171
1459,171
1460,171
1461,171
1462,171
1463,171
1464,171
1465,171
1466,171
1467,171
1468,171
1469,171
1470,171
1471,171
1472,171
1473,171
1474,171
1475,171
1476,171
1477,171
1478,172
1479,172
1480,172
1481,172
1482,172
1483,172
1484,172
1485,172
1486,172
1487,172
1488,172
1489,172
1490,172
1491,172
1492,172
1493,172
1494,172
1495,172
1496,172
1497,172
1498,172
1499,172
1500,172
1501,172
1502,172
1503,172
1504,172
1505,172
1506,172
1507,172
1508,172
1509,172
1510,172
1511,172
1512,172
1513,172
1514,173
1515,173
1516,173
1517,173
1518,173
1519,173
1520,173
1521,173
1522,173
1523,173
1524,173
1525,173
1526,173
1527,173
1528,173
1529,173
1530,173
1531,173
1532,173
1533,173
1534,173
1535,173
1536,173
1537,173
1538,173
1539,173
1540,173
1541,173
1542,173
1543,173
1544,173
1545,173
1546,173
1547,173
1548,173
1549,173
1550,173
1551,173
1552,173
1553,173
1554,173
1555,173
1556,173
1557,173
1558,173
1559,173
1560,173
1561,173
1562,173
1563,173
1564,173
1565,173
1566,174
1567,174
1568,174
1569,174
1570,174
1571,174
1572,174
1573,174
1574,174
1575,174
1576,174
1577,174
1578,174
1579,174
1580,174
1581,174
1582,174
1583,174
1584,174
1585,174
1586,174
1587,174
1588,174
1589,174
1590,174
1591,174
1592,174
1593,174
1594,174
1595,174
1596,174
1597,174
1598,174
1599,174
1600,174
1601,174
1602,174
1603,174
1604,174
1605,174
1606,174
1607,175
1608,175
1609,175
1610,175
1611,175
1612,175
1613,175
1614,175
1615,175
1616,175
1617,175
1618,175
1619,175
1620,175
1621,175
1622,175
1623,175
1624,175
1625,175
1626,175
1627,175
1628,175
1629,175
1630,175
1631,175
1632,175
1633,175
1634,175
1635,175
1636,175
1637,175
1638,175
1639,175
1640,175
1641,175
1642,175
1643,175
1644,175
1645,175
1646,175
1647,175
1648,175
1649,175
1650,175
1651,175
1652,175
1653,175
1654,175
1655,175
1656,175
1657,175
1658,175
1659,175
1660,175
1661,175
1662,175
1663,175
1664,175
1665,175
1666,175
1667,175
1668,175
1669,175
1670,175
1671,175
1672,175
1673,175
1674,175
1675,175
1676,175
1677,175
1678,175
1679,175
1680,175
1681,175
1682,175
1683,175
1684,175
1685,175
1686,175
1687,175
1688,175
1689,176
1690,176
1691,176
1692,176
1693,176
1694,176
1695,176
1696,176
1697,176
1698,176
1699,176
1700,176
1701,176
1702,176
1703,176
1704,176
1705,176
1706,176
1707,176
1708,176
1709,176
1710,176
1711,176
1712,176
1713,176
1714,176
1715,176
1716,176
1717,176
1718,176
1719,176
1720,176
1721,176
1722,176
1723,176
1724,176
1725,176
1726,176
1727,176
1728,176
1729,176
1730,176
1731,176
1732,176
1733,176
1734,176
1735,176
1736,176
1737,176
1738,176
1739,176
1740,176
1741,176
1742,176
1743,176
1744,176
1745,176
1746,176
1747,176
1748,176
1749,176
1750,176
1751,176
1752,176
1753,176
1754,176
1755,176
1756,176
1757,176
1758,176
1759,176
1760,176
1761,176
1762,176
1763,176
1764,176
1765,176
1766,176
1767,177
1768,177
1769,177
1770,177
1771,177
1772,177
1773,177
1774,176
1775,176
1776,176
1777,176
1778,177
1779,176
1780,177
1781,177
1782,177
1783,177
1784,177
1785,177
1786,177
1787,177
1788,177
1789,177
1790,177
1791,177
1792,177
1793,177
1794,177
1795,177
1796,177
1797,177
1798,177
1799,177
1800,177
1801,177
1802,177
1803,177
1804,177
1805,177
1806,177
1807,177
1808,177
1809,177
1810,177
1811,177
1812,177
1813,177
1814,177
1815,177
1816,177
1817,177
1818,177
1819,177
1820,177
1821,177
1822,177
1823,177
1824,177
1825,177
1826,177
1827,178
1828,178
1829,178
1830,178
1831,178
1832,178
1833,178
1834,178
1835,178
1836,178
1837,178
1838,178
1839,178
1840,178
1841,178
1842,178
1843,178
1844,178
1845,178
1846,178
1847,178
1848,178
1849,178
1850,178
1851,178
1852,178
1853,178
1854,178
1855,178
1856,178
1857,178
1858,178
1859,179
1860,179
1861,179
1862,179
1863,179
1864,179
1865,179
1866,179
1867,179
1868,179
1869,179
1870,179
1871,179
1872,179
1873,179
1874,179
1875,179
1876,179
1877,179
1878,179
1879,179
1880,179
1881,179
1882,179
1883,179
1884,179
1885,179
1886,179
1887,179
1888,179
1889,179
1890,179
1891,179
1892,179
1893,179
1894,179
1895,179
1896,179
1897,179
1898,179
1899,179
1900,179
1901,179
1902,179
1903,179
1904,179
1905,179
1906,179
1907,179
1908,179
1909,179
1910,179
1911,179
1912,179
1913,179
1914,179
1915,179
1916,179
1917,179
1918,179
1919,179
1920,179
1921,179
1922,179
1923,179
1924,179
1925,179
1926,179
1927,179
1928,179
1929,179
1930,179
1931,179
1932,179
1933,179
1934,179
1935,179
1936,179
1937,179
1938,179
1939,179
1940,179
1941,179
1942,179
1943,180
1944,180
1945,179
1946,180
1947,180
1948,180
1949,180
1950,180
1951,180
1952,180
1953,180
1954,180
1955,180
1956,180
1957,180
1958,180
1959,180
1960,180
1961,180
1962,180
1963,180
1964,180
1965,180
1966,180
1967,180
1968,180
1969,180
1970,180
1971,180
1972,180
1973,180
1974,180
1975,180
1976,180
1977,180
1978,180
1979,180
1980,180
1981,180
1982,180
1983,180
1984,180
1985,180
1986,180
1987,180
1988,180
1989,180
1990,180
1991,180
1992,180
1993,180
1994,180
1995,180
1996,180
1997,181
1998,181
1999,181
2000,181
2001,181
2002,181
2003,181
2004,181
2005,181
2006,181
2007,181
2008,181
2009,181
2010,181
2011,181
2012,181
2013,181
2014,181
2015,181
2016,181
2017,181
2018,181
2019,181
2020,181
2021,181
2022,181
2023,181
2024,181
2025,181
2026,181
2027,181
2028,181
2029,181
2030,181
2031,181
2032,181
2033,181
2034,181
2035,181
2036,181
2037,181
2038,181
2039,181
2040,181
2041,181
2042,181
2043,181
2044,181
2045,181
2046,181
2047,181
2048,181
2049,181
2050,181
2051,181
2052,181
2053,181
2054,181
2055,181
2056,181
2057,181
2058,182
2059,182
2060,182
2061,182
2062,182
2063,182
2064,182
2065,182
2066,182
2067,182
2068,182
2069,182
2070,182
2071,182
2072,182
2073,182
2074,182
2075,182
2076,182
2077,182
2078,182
2079,182
2080,182
2081,182
2082,182
2083,182
2084,182
2085,182
2086,182
2087,182
2088,182
2089,182
2090,182
2091,182
2092,182
2093,182
2094,182
2095,182
2096,182
2097,182
2098,182
2099,182
2100,182
2101,182
2102,182
2103,182
2104,182
2105,182
2106,182
2107,183
2108,183
2109,183
2110,183
2111,183
2112,183
2113,183
2114,183
2115,183
2116,183
2117,183
2118,183
2119,183
2120,183
2121,183
2122,183
2123,183
2124,183
2125,183
2126,183
2127,183
2128,183
2129,183
2130,183
2131,183
2132,183
2133,183
2134,183
2135,183
2136,183
2137,183
2138,183
2139,183
2140,183
2141,183
2142,183
2143,183
2144,183
2145,183
2146,183
2147,183
2148,183
2149,183
2150,183
2151,183
2152,183
2153,183
2154,183
2155,183
2156,183
2157,183
2158,183
2159,183
2160,183
2161,183
2162,183
2163,183
2164,183
2165,183
2166,183
2167,183
2168,183
2169,183
2170,183
2171,183
2172,183
2173,183
2174,183
2175,183
2176,183
2177,183
2178,183
2179,183
2180,184
2181,184
2182,184
2183,184
2184,184
2185,184
2186,184
2187,184
2188,184
2189,184
2190,184
2191,184
2192,184
2193,184
2194,184
2195,184
2196,184
2197,184
2198,184
2199,184
2200,184
2201,184
2202,184
2203,184
2204,184
2205,184
2206,184
2207,184
2208,184
2209,184
2210,184
2211,184
2212,184
2213,184
2214,184
2215,184
2216,184
2217,184
2218,184
2219,184
2220,184
2221,184
2222,184
2223,184
2224,184
2225,184
2226,184
2227,184
2228,184
2229,184
2230,184
2231,184
2232,184
2233,184
2234,184
2235,184
2236,184
2237,184
2238,184
2239,184
2240,184
2241,184
2242,184
2243,184
2244,184
2245,185
2246,185
2247,185
2248,185
2249,185
2250,185
2251,185
2252,185
2253,185
2254,185
2255,185
2256,185
2257,185
2258,185
2259,185
2260,185
2261,185
2262,185
2263,185
2264,185
2265,185
2266,185
2267,185
2268,185
2269,185
2270,185
2271,185
2272,185
2273,185
2274,185
2275,185
2276,185
2277,185
2278,185
2279,185
2280,185
2281,185
2282,185
2283,185
2284,185
2285,185
2286,185
2287,185
2288,185
2289,185
2290,185
2291,185
2292,185
2293,185
2294,185
2295,185
2296,185
2297,185
2298,185
2299,185
2300,185
2301,185
2302,185
2303,185
2304,185
2305,185
2306,185
2307,185
2308,185
2309,185
2310,186
2311,186
2312,186
2313,186
2314,186
2315,186
2316,186
2317,186
2318,186
2319,186
2320,186
2321,186
2322,186
2323,186
2324,186
2325,186
2326,186
2327,186
2328,186
2329,186
2330,186
2331,186
2332,186
2333,186
2334,186
2335,186
2336,186
2337,186
2338,186
2339,186
2340,186
2341,186
2342,186
2343,186
2344,186
2345,186
2346,186
2347,186
2348,186
2349,186
2350,186
2351,186
2352,186
2353,186
2354,186
2355,186
2356,186
2357,186
2358,186
2359,186
2360,186
2361,186
2362,186
2363,186
2364,186
2365,186
2366,186
2367,186
2368,186
2369,186
2370,186
2371,186
2372,186
2373,186
2374,186
2375,186
2376,186
2377,186
2378,186
2379,186
2380,186
2381,186
2382,186
2383,187
2384,187
2385,187
2386,187
2387,187
2388,187
2389,187
2390,187
2391,187
2392,187
2393,187
2394,187
2395,187
2396,187
2397,187
2398,187
2399,187
2400,187
2401,187
2402,187
2403,187
2404,187
2405,187
2406,187
2407,187
2408,187
2409,187
2410,187
2411,187
2412,187
2413,187
2414,187
2415,187
2416,187
2417,187
2418,187
2419,187
2420,187
2421,187
2422,187
2423,187
2424,187
2425,187
2426,187
2427,187
2428,187
2429,187
2430,187
2431,187
2432,187
2433,187
2434,187
2435,187
2436,187
2437,187
2438,187
2439,187
2440,187
2441,187
2442,187
2443,188
2444,187
2445,188
2446,188
2447,188
2448,188
2449,188
2450,188
2451,188
2452,188
2453,188
2454,188
2455,188
2456,188
2457,188
2458,188
2459,188
2460,188
2461,188
2462,188
2463,188
2464,188
2465,188
2466,188
2467,188
2468,188
2469,188
2470,188
2471,188
2472,188
2473,188
2474,188
2475,188
2476,188
2477,188
2478,188
2479,188
2480,188
2481,188
2482,188
2483,188
2484,188
2485,188
2486,188
2487,188
2488,188
2489,188
2490,188
2491,188
2492,188
2493,188
2494,188
2495,188
2496,188
2497,188
2498,188
2499,188
2500,188
2501,188
2502,188
2503,188
2504,188
2505,188
2506,188
2507,188
2508,188
2509,188
2510,189
2511,188
2512,188
2513,188
2514,188
2515,188
2516,188
2517,188
2518,189
2519,189
2520,189
2521,189
2522,189
2523,189
2524,189
2525,189
2526,189
2527,189
2528,189
2529,189
2530,189
2531,189
2532,189
2533,189
2534,189
2535,189
2536,189
2537,189
2538,189
2539,189
2540,189
2541,189
2542,189
2543,189
2544,189
2545,189
2546,189
2547,189
2548,189
2549,189
2550,189
2551,189
2552,189
2553,189
2554,189
2555,189
2556,189
2557,189
2558,189
2559,189
2560,189
2561,189
2562,189
2563,189
2564,189
2565,189
2566,189
2567,189
2568,189
2569,189
2570,189
2571,189
2572,189
2573,190
2574,190
2575,190
2576,190
2577,190
2578,190
2579,190
2580,190
2581,190
2582,190
2583,190
2584,190
2585,190
2586,190
2587,190
2588,190
2589,190
2590,190
2591,190
2592,190
2593,190
2594,190
2595,190
2596,190
2597,190
2598,190
2599,190
2600,190
2601,190
2602,190
2603,190
2604,190
2605,190
2606,190
2607,190
2608,190
2609,190
2610,190
2611,190
2612,190
2613,190
2614,190
2615,190
2616,190
2617,190
2618,190
2619,190
2620,190
2621,190
2622,190
2623,190
2624,190
2625,190
2626,190
2627,190
2628,190
2629,190
2630,190
2631,190
2632,190
2633,190
2634,190
2635,190
2636,190
2637,190
2638,190
2639,190
2640,191
2641,191
2642,191
2643,191
2644,191
2645,191
2646,191
2647,191
2648,191
2649,191
2650,191
2651,191
2652,191
2653,191
2654,191
2655,191
2656,191
2657,191
2658,191
2659,191
2660,191
2661,191
2662,191
2663,191
2664,191
2665,191
2666,191
2667,191
2668,191
2669,191
2670,191
2671,191
2672,191
2673,191
2674,191
2675,191
2676,191
2677,191
2678,191
2679,191
2680,191
2681,191
2682,191
2683,191
2684,191
2685,191
2686,191
2687,191
2688,191
2689,191
2690,191
2691,191
2692,191
2693,191
2694,191
2695,191
2696,191
2697,191
2698,191
2699,191
2700,191
2701,191
2702,191
2703,191
2704,191
2705,191
2706,191
2707,191
2708,191
2709,191
2710,191
2711,191
2712,191
2713,191
2714,191
2715,191
2716,191
2717,191
2718,191
2719,191
2720,191
2721,191
2722,191
2723,191
2724,191
2725,191
2726,191
2727,191
2728,191
2729,191
2730,191
2731,191
2732,191
2733,191
2734,191
2735,191
2736,191
2737,191
2738,191
2739,191
2740,191
2741,191
2742,191
2743,192
2744,192
2745,192
2746,192
2747,192
2748,192
2749,192
2750,192
2751,192
2752,192
2753,192
2754,192
2755,192
2756,192
2757,192
2758,192
2759,192
2760,192
2761,192
2762,192
2763,192
2764,192
2765,192
2766,192
2767,192
2768,192
2769,192
2770,192
2771,192
2772,192
2773,192
2774,192
2775,192
2776,192
2777,192
2778,192
2779,192
2780,192
2781,192
2782,192
2783,192
2784,192
2785,192
2786,192
2787,192
2788,192
2789,192
2790,192
2791,192
2792,192
2793,192
2794,192
2795,192
2796,192
2797,192
2798,192
2799,192
2800,192
2801,192
2802,192
2803,192
2804,192
2805,192
2806,192
2807,192
2808,192
2809,192
2810,192
2811,192
2812,192
2813,192
2814,192
2815,192
2816,192
2817,192
2818,192
2819,192
2820,192
2821,192
2822,192
2823,192
2824,192
2825,192
2826,192
2827,192
2828,192
2829,192
2830,192
2831,192
2832,192
2833,192
2834,192
2835,192
2836,192
2837,192
2838,192
2839,192
2840,192
2841,192
2842,192
2843,192
2844,192
2845,192
2846,192
2847,192
2848,192
2849,192
2850,192
2851,192
2852,192
2853,193
2854,192
2855,193
2856,193
2857,193
2858,193
2859,193
2860,193
2861,193
2862,193
2863,193
2864,193
2865,193
2866,193
2867,193
2868,193
2869,193
2870,193
2871,193
2872,193
2873,193
2874,193
2875,193
2876,193
2877,193
2878,193
2879,193
2880,193
2881,193
2882,193
2883,193
2884,193
2885,193
2886,193
2887,193
2888,193
2889,193
2890,193
2891,193
2892,193
2893,193
2894,193
2895,193
2896,193
2897,193
2898,193
2899,193
2900,193
2901,193
2902,193
2903,193
2904,193
2905,193
2906,193
2907,193
2908,193
2909,193
2910,193
2911,193
2912,193
2913,193
2914,193
2915,193
2916,193
2917,193
2918,193
2919,193
2920,193
2921,193
2922,193
2923,193
2924,193
2925,193
2926,194
2927,194
2928,194
2929,194
2930,194
2931,194
2932,194
2933,194
2934,194
2935,194
2936,194
2937,194
2938,194
2939,194
2940,194
2941,194
2942,194
2943,194
2944,194
2945,194
2946,194
2947,194
2948,194
2949,194
2950,194
2951,194
2952,194
2953,194
2954,194
2955,194
2956,194
2957,194
2958,194
2959,194
2960,194
2961,194
2962,194
2963,194
2964,194
2965,194
2966,194
2967,194
2968,194
2969,194
2970,194
2971,195
2972,195
2973,195
2974,195
2975,195
2976,195
2977,195
2978,195
2979,195
2980,195
2981,195
2982,195
2983,195
2984,195
2985,195
2986,195
2987,195
2988,195
2989,195
2990,195
2991,195
2992,195
2993,195
2994,195
2995,195
2996,195
2997,195
2998,195
2999,195
3000,195
3001,195
3002,195
3003,195
3004,195
3005,195
3006,196
3007,196
3008,196
3009,196
3010,196
3011,196
3012,196
3013,196
3014,196
3015,196
3016,196
3017,196
3018,196
3019,196
3020,196
3021,196
3022,196
3023,196
3024,196
3025,196
3026,196
3027,196
3028,196
3029,196
3030,196
3031,196
3032,196
3033,196
3034,196
3035,196
3036,196
3037,196
3038,196
3039,196
3040,196
3041,196
3042,196
3043,196
3044,196
3045,196
3046,196
3047,196
3048,196
3049,196
3050,196
3051,196
3052,196
3053,196
3054,196
3055,196
3056,196
3057,196
3058,196
3059,196
3060,196
3061,196
3062,196
3063,196
3064,196
3065,196
3066,196
3067,196
3068,196
3069,196
3070,196
3071,196
3072,196
3073,196
3074,196
3075,196
3076,196
3077,196
3078,196
3079,196
3080,196
3081,196
3082,196
3083,196
3084,196
3085,196
3086,196
3087,197
3088,197
3089,197
3090,197
3091,197
3092,197
3093,197
3094,197
3095,197
3096,197
3097,197
3098,197
3099,197
3100,197
3101,197
3102,197
3103,197
3104,197
3105,197
3106,197
3107,197
3108,197
3109,197
3110,197
3111,197
3112,197
3113,197
3114,197
3115,197
3116,197
3117,197
3118,197
3119,197
3120,197
3121,197
3122,197
3123,197
3124,197
3125,197
3126,197
3127,197
3128,197
3129,197
3130,197
3131,197
3132,197
3133,197
3134,197
3135,197
3136,197
3137,197
3138,197
3139,197
3140,197
3141,197
3142,197
3143,197
3144,197
3145,197
3146,198
3147,198
3148,198
3149,198
3150,198
3151,198
3152,198
3153,198
3154,198
3155,198
3156,198
3157,198
3158,198
3159,198
3160,198
3161,198
3162,198
3163,198
3164,198
3165,198
3166,198
3167,198
3168,198
3169,198
3170,198
3171,198
3172,198
3173,198
3174,198
3175,198
3176,198
3177,198
3178,198
3179,198
3180,198
3181,198
3182,198
3183,198
3184,198
3185,198
3186,198
3187,198
3188,198
3189,198
3190,198
3191,198
3192,198
3193,198
3194,198
3195,198
3196,198
3197,199
3198,199
3199,199
3200,199
3201,199
3202,199
3203,199
3204,199
3205,199
3206,199
3207,199
3208,199
3209,199
3210,199
3211,199
3212,199
3213,199
3214,199
3215,199
3216,199
3217,199
3218,199
3219,199
3220,199
3221,199
3222,199
3223,199
3224,199
3225,199
3226,199
3227,199
3228,199
3229,199
3230,199
3231,199
3232,199
3233,199
3234,199
3235,199
3236,199
3237,199
3238,199
3239,199
3240,199
3241,199
3242,199
3243,199
3244,199
3245,199
3246,199
3247,199
3248,199
3249,199
3250,199
3251,199
3252,199
3253,199
3254,199
3255,199
3256,199
3257,199
3258,199
3259,199
3260,199
3261,199
3262,199
3263,199
3264,199
3265,199
3266,199
3267,199
3268,199
3269,199
3270,199
3271,199
3272,199
3273,199
3274,199
3275,200
3276,200
3277,200
3278,200
3279,200
3280,200
3281,200
3282,200
3283,200
3284,200
3285,200
3286,200
3287,200
3288,200
3289,200
3290,200
3291,200
3292,200
3293,200
3294,200
3295,200
3296,200
3297,200
3298,200
3299,200
3300,200
3301,200
3302,200
3303,200
3304,200
3305,200
3306,200
3307,200
3308,200
3309,200
3310,200
3311,200
3312,200
3313,200
3314,200
3315,200
3316,200
3317,200
3318,200
3319,200
3320,200
3321,200
3322,200
3323,200
3324,200
3325,200
3326,200
3327,200
3328,200
3329,200
3330,200
3331,200
3332,200
3333,200
3334,200
3335,200
3336,200
3337,200
3338,201
3339,201
3340,201
3341,201
3342,200
3343,200
3344,201
3345,201
3346,201
3347,201
3348,201
3349,201
3350,201
3351,201
3352,201
3353,201
3354,201
3355,201
3356,201
3357,201
3358,201
3359,201
3360,201
3361,201
3362,201
3363,201
3364,201
3365,201
3366,201
3367,201
3368,201
3369,201
3370,201
3371,201
3372,201
3373,201
3374,201
3375,201
3376,201
3377,201
3378,201
3379,201
3380,201
3381,201
3382,201
3383,201
3384,201
3385,201
3386,201
3387,201
3388,201
3389,201
3390,201
3391,201
3392,201
3393,201
3394,201
3395,201
3396,201
3397,201
3398,201
3399,201
3400,201
3401,201
3402,201
3403,201
3404,201
3405,201
3406,201
3407,201
3408,201
3409,201
3410,201
3411,201
3412,201
3413,201
3414,201
3415,201
3416,201
3417,201
3418,201
3419,201
3420,201
3421,201
3422,201
3423,201
3424,201
3425,201
3426,201
3427,201
3428,201
3429,201
3430,201
3431,201
3432,201
3433,202
3434,202
3435,202
3436,202
3437,202
3438,202
3439,202
3440,202
3441,202
3442,202
3443,202
3444,202
3445,202
3446,202
3447,202
3448,202
3449,202
3450,202
3451,202
3452,202
3453,202
3454,202
3455,202
3456,202
3457,202
3458,202
3459,202
3460,202
3461,202
3462,202
3463,202
3464,202
3465,202
3466,202
3467,202
3468,202
3469,202
3470,203
3471,203
3472,203
3473,203
3474,203
3475,203
3476,203
3477,203
3478,203
3479,203
3480,203
3481,203
3482,203
3483,203
3484,203
3485,203
3486,203
3487,203
3488,203
3489,203
3490,203
3491,203
3492,203
3493,203
3494,203
3495,203
3496,203
3497,203
3498,203
3499,203
3500,203
3501,203
3502,203
3503,203
3504,203
3505,203
3506,203
3507,203
3508,203
3509,203
3510,203
3511,203
3512,203
3513,203
3514,203
3515,203
3516,203
3517,203
3518,203
3519,204
3520,204
3521,204
3522,204
3523,204
3524,204
3525,204
3526,204
3527,204
3528,204
3529,204
3530,204
3531,204
3532,204
3533,204
3534,204
3535,204
3536,204
3537,204
3538,204
3539,204
3540,204
3541,204
3542,204
3543,204
3544,204
3545,204
3546,204
3547,204
3548,204
3549,204
3550,204
3551,204
3552,204
3553,204
3554,204
3555,204
3556,204
3557,204
3558,204
3559,204
3560,204
3561,204
3562,204
3563,204
3564,204
3565,204
3566,204
3567,204
3568,204
3569,204
3570,205
3571,205
3572,205
3573,205
3574,205
3575,205
3576,205
3577,205
3578,205
3579,205
3580,205
3581,205
3582,205
3583,205
3584,205
3585,205
3586,205
3587,205
3588,205
3589,205
3590,205
3591,205
3592,205
3593,205
3594,205
3595,205
3596,205
3597,205
3598,205
3599,205
3600,205
3601,205
3602,205
3603,205
3604,205
3605,205
3606,205
3607,205
3608,205
3609,205
3610,205
3611,205
3612,205
3613,205
3614,205
3615,205
3616,205
3617,205
3618,205
3619,205
3620,205
3621,205
3622,205
3623,205
3624,205
3625,205
3626,205
3627,205
3628,205
3629,205
3630,205
3631,205
3632,205
3633,205
3634,205
3635,205
3636,205
3637,205
3638,205
3639,205
3640,205
3641,205
3642,205
3643,206
3644,205
3645,205
3646,205
3647,205
3648,205
3649,205
3650,205
3651,205
3652,205
3653,206
3654,206
3655,206
3656,206
3657,206
3658,206
3659,206
3660,206
3661,206
3662,206
3663,206
3664,205
3665,206
3666,205
3667,205
3668,206
3669,206
3670,206
3671,206
3672,206
3673,206
3674,206
3675,206
3676,206
3677,206
3678,206
3679,206
3680,206
3681,206
3682,206
3683,206
3684,206
3685,206
3686,206
3687,206
3688,206
3689,206
3690,206
3691,206
3692,206
3693,206
3694,206
3695,206
3696,206
3697,206
3698,206
3699,206
3700,206
3701,206
3702,206
3703,206
3704,206
3705,206
3706,206
3707,206
3708,206
3709,206
3710,206
3711,206
3712,206
3713,206
3714,206
3715,206
3716,206
3717,206
3718,206
3719,206
3720,206
3721,206
3722,206
3723,206
3724,206
3725,206
3726,206
3727,206
3728,206
3729,206
3730,206
3731,206
3732,206
3733,206
3734,206
3735,206
3736,206
3737,206
3738,206
3739,206
3740,206
3741,206
3742,206
3743,206
3744,206
3745,206
3746,206
3747,206
3748,206
3749,207
3750,207
3751,207
3752,207
3753,207
3754,207
3755,207
3756,207
3757,207
3758,207
3759,207
3760,207
3761,207
3762,207
3763,207
3764,207
3765,207
3766,207
3767,207
3768,207
3769,207
3770,207
3771,207
3772,207
3773,207
3774,207
3775,207
3776,207
3777,207
3778,207
3779,207
3780,207
3781,207
3782,207
3783,207
3784,207
3785,207
3786,207
3787,207
3788,207
3789,207
3790,207
3791,207
3792,207
3793,208
3794,208
3795,208
3796,208
3797,208
3798,208
3799,208
3800,208
3801,208
3802,208
3803,208
3804,208
3805,208
3806,208
3807,208
3808,208
3809,208
3810,208
3811,208
3812,208
3813,208
3814,208
3815,208
3816,208
3817,208
3818,208
3819,208
3820,208
3821,208
3822,208
3823,208
3824,208
3825,208
3826,208
3827,208
3828,208
3829,208
3830,208
3831,208
3832,208
3833,208
3834,208
3835,208
3836,208
3837,208
3838,208
3839,208
3840,208
3841,208
3842,208
3843,208
3844,208
3845,209
3846,209
3847,209
3848,209
3849,209
3850,209
3851,209
3852,209
3853,209
3854,209
3855,209
3856,209
3857,209
3858,209
3859,209
3860,209
3861,209
3862,209
3863,209
3864,209
3865,209
3866,209
3867,209
3868,209
3869,209
3870,209
3871,209
3872,209
3873,209
3874,209
3875,209
3876,209
3877,209
3878,209
3879,209
3880,209
3881,209
3882,209
3883,209
3884,209
3885,209
3886,209
3887,209
3888,209
3889,209
3890,209
3891,209
3892,209
3893,209
3894,209
3895,209
3896,209
3897,209
3898,209
3899,209
3900,209
3901,209
3902,210
3903,210
3904,210
3905,210
3906,210
3907,210
3908,210
3909,210
3910,210
3911,210
3912,210
3913,210
3914,210
3915,210
3916,210
3917,210
3918,210
3919,210
3920,210
3921,210
3922,210
3923,210
3924,210
3925,210
3926,210
3927,210
3928,210
3929,210
3930,210
3931,210
3932,210
3933,210
3934,210
3935,210
3936,210
3937,210
3938,210
3939,210
3940,210
3941,210
3942,210
3943,210
3944,210
3945,210
3946,210
3947,210
3948,210
3949,210
3950,210
3951,210
3952,210
3953,210
3954,211
3955,211
3956,211
3957,211
3958,211
3959,211
3960,211
3961,211
3962,211
3963,211
3964,211
3965,211
3966,211
3967,211
3968,211
3969,211
3970,211
3971,211
3972,211
3973,211
3974,211
3975,211
3976,211
3977,211
3978,211
3979,211
3980,211
3981,211
3982,211
3983,211
3984,211
3985,211
3986,211
3987,211
3988,211
3989,211
3990,211
3991,211
3992,211
3993,211
3994,211
3995,211
3996,211
3997,211
3998,211
3999,211
4000,211
4001,211
4002,211
4003,211
4004,211
4005,211
4006,211
4007,212
4008,212
4009,212
4010,212
4011,212
4012,212
4013,212
4014,212
4015,212
4016,212
4017,212
4018,212
4019,212
4020,212
4021,212
4022,212
4023,212
4024,212
4025,212
4026,212
4027,212
4028,212
4029,212
4030,212
4031,212
4032,212
4033,212
4034,212
4035,212
4036,212
4037,212
4038,212
4039,212
4040,212
4041,212
4042,212
4043,212
4044,212
4045,212
4046,212
4047,212
4048,212
4049,212
4050,212
4051,212
4052,212
4053,212
4054,212
4055,212
4056,212
4057,212
4058,212
4059,212
4060,212
4061,212
4062,212
4063,212
4064,212
4065,212
4066,212
4067,212
4068,212
4069,212
4070,212
4071,213
4072,213
4073,213
4074,213
4075,213
4076,213
4077,213
4078,213
4079,213
4080,213
4081,213
4082,213
4083,213
4084,213
4085,213
4086,213
4087,213
4088,213
4089,213
4090,213
4091,213
4092,213
4093,213
4094,213
4095,213
4096,213
4097,213
4098,213
4099,214
4100,214
4101,214
4102,214
4103,214
4104,214
4105,214
4106,214
4107,214
4108,214
4109,214
4110,214
4111,214
4112,214
4113,214
4114,214
4115,214
4116,214
4117,214
4118,214
4119,214
4120,214
4121,214
4122,214
4123,214
4124,214
4125,214
4126,214
4127,214
4128,214
4129,214
4130,214
4131,214
4132,214
4133,214
4134,214
4135,214
4136,214
4137,214
4138,214
4139,214
4140,214
4141,214
4142,214
4143,214
4144,214
4145,214
4146,214
4147,214
4148,214
4149,214
4150,214
4151,214
4152,214
4153,214
4154,214
4155,214
4156,214
4157,214
4158,214
4159,214
4160,214
4161,214
4162,214
4163,214
4164,214
4165,214
4166,214
4167,214
4168,214
4169,214
4170,214
4171,214
4172,214
4173,214
4174,214
4175,214
4176,214
4177,214
4178,214
4179,214
4180,214
4181,214
4182,214
4183,214
4184,214
4185,215
4186,215
4187,215
4188,215
4189,215
4190,215
4191,215
4192,215
4193,215
4194,215
4195,215
4196,215
4197,215
4198,215
4199,215
4200,215
4201,215
4202,215
4203,215
4204,215
4205,214
4206,214
4207,214
4208,214
4209,214
4210,215
4211,214
4212,214
4213,214
4214,214
4215,214
4216,214
4217,214
4218,215
4219,215
4220,215
4221,215
4222,215
4223,215
4224,215
4225,215
4226,215
4227,215
4228,215
4229,215
4230,215
4231,215
4232,215
4233,215
4234,215
4235,215
4236,215
4237,215
4238,215
4239,215
4240,215
4241,215
4242,215
4243,215
4244,215
4245,215
4246,215
4247,215
4248,215
4249,215
4250,215
4251,215
4252,215
4253,215
4254,215
4255,215
4256,215
4257,215
4258,215
4259,215
4260,215
4261,215
4262,215
4263,215
4264,215
4265,215
4266,215
4267,215
4268,215
4269,215
4270,215
4271,215
4272,215
4273,215
4274,216
4275,216
4276,215
4277,215
4278,215
4279,215
4280,215
4281,215
4282,215
4283,216
4284,216
4285,216
4286,216
4287,216
4288,216
4289,216
4290,216
4291,216
4292,216
4293,216
4294,216
4295,216
4296,216
4297,216
4298,216
4299,216
4300,216
4301,216
4302,216
4303,216
4304,216
4305,216
4306,216
4307,216
4308,216
4309,216
4310,216
4311,216
4312,216
4313,216
4314,216
4315,216
4316,216
4317,216
4318,216
4319,216
4320,216
4321,216
4322,216
4323,216
4324,216
4325,216
4326,216
4327,216
4328,216
4329,216
4330,216
4331,216
4332,216
4333,216
4334,216
4335,217
4336,217
4337,217
4338,217
4339,217
4340,217
4341,217
4342,217
4343,217
4344,217
4345,217
4346,217
4347,217
4348,217
4349,217
4350,217
4351,217
4352,217
4353,217
4354,217
4355,217
4356,217
4357,217
4358,217
4359,217
4360,217
4361,217
4362,217
4363,217
4364,217
4365,217
4366,217
4367,217
4368,217
4369,217
4370,218
4371,218
4372,218
4373,218
4374,218
4375,218
4376,218
4377,218
4378,218
4379,218
4380,218
4381,218
4382,218
4383,218
4384,218
4385,218
4386,218
4387,218
4388,218
4389,218
4390,218
4391,218
4392,218
4393,218
4394,218
4395,218
4396,218
4397,218
4398,218
4399,218
4400,218
4401,218
4402,218
4403,218
4404,218
4405,218
4406,218
4407,218
4408,218
4409,218
4410,218
4411,218
4412,218
4413,218
4414,218
4415,218
4416,218
4417,218
4418,218
4419,218
4420,218
4421,218
4422,218
4423,218
4424,218
4425,218
4426,218
4427,218
4428,218
4429,218
4430,218
4431,218
4432,218
4433,218
4434,218
4435,218
4436,218
4437,218
4438,218
4439,218
4440,218
4441,218
4442,219
4443,219
4444,219
4445,219
4446,219
4447,219
4448,219
4449,219
4450,219
4451,219
4452,219
4453,219
4454,219
4455,219
4456,219
4457,219
4458,219
4459,219
4460,219
4461,219
4462,219
4463,219
4464,219
4465,219
4466,219
4467,219
4468,219
4469,219
4470,219
4471,219
4472,219
4473,219
4474,219
4475,219
4476,219
4477,220
4478,220
4479,220
4480,220
4481,220
4482,220
4483,220
4484,220
4485,220
4486,220
4487,220
4488,220
4489,220
4490,220
4491,220
4492,220
4493,220
4494,220
4495,220
4496,220
4497,220
4498,220
4499,221
4500,221
4501,221
4502,221
4503,221
4504,221
4505,220
4506,220
4507,220
4508,220
4509,221
4510,221
4511,221
4512,221
4513,221
4514,221
4515,221
4516,221
4517,221
4518,221
4519,221
4520,221
4521,221
4522,221
4523,221
4524,221
4525,221
4526,221
4527,221
4528,221
4529,221
4530,221
4531,221
4532,222
4533,222
4534,222
4535,222
4536,222
4537,222
4538,222
4539,222
4540,222
4541,222
4542,222
4543,222
4544,222
4545,222
4546,222
4547,222
4548,222
4549,222
4550,222
4551,222
4552,222
4553,222
4554,222
4555,222
4556,222
4557,222
4558,222
4559,222
4560,222
4561,222
4562,222
4563,222
4564,222
4565,222
4566,222
4567,222
4568,222
4569,222
4570,222
4571,223
4572,223
4573,223
4574,222
4575,223
4576,223
4577,223
4578,223
4579,223
4580,223
4581,223
4582,223
4583,223
4584,223
4585,223
4586,223
4587,223
4588,223
4589,223
4590,223
4591,223
4592,223
4593,223
4594,223
4595,223
4596,223
4597,223
4598,223
4599,223
4600,223
4601,223
4602,223
4603,223
4604,223
4605,223
4606,223
4607,223
4608,223
4609,223
4610,223
4611,223
4612,223
4613,223
4614,223
4615,223
4616,224
4617,224
4618,223
4619,224
4620,224
4621,224
4622,224
4623,224
4624,224
4625,224
4626,224
4627,224
4628,224
4629,224
4630,224
4631,224
4632,224
4633,224
4634,224
4635,224
4636,224
4637,224
4638,224
4639,224
4640,224
4641,224
4642,224
4643,224
4644,224
4645,224
4646,224
4647,224
4648,224
4649,224
4650,224
4651,224
4652,225
4653,225
4654,225
4655,224
4656,225
4657,225
4658,225
4659,225
4660,225
4661,225
4662,225
4663,225
4664,225
4665,225
4666,225
4667,225
4668,225
4669,225
4670,225
4671,225
4672,225
4673,225
4674,225
4675,225
4676,225
4677,225
4678,226
4679,226
4680,226
4681,226
4682,226
4683,226
4684,226
4685,226
4686,226
4687,226
4688,226
4689,226
4690,226
4691,226
4692,226
4693,226
4694,226
4695,226
4696,226
4697,226
4698,226
4699,226
4700,226
4701,226
4702,226
4703,226
4704,226
4705,226
4706,226
4707,226
4708,226
4709,226
4710,226
4711,226
4712,226
4713,226
4714,226
4715,226
4716,226
4717,226
4718,226
4719,226
4720,226
4721,226
4722,226
4723,226
4724,226
4725,226
4726,226
4727,226
4728,226
4729,226
4730,226
4731,226
4732,226
4733,226
4734,226
4735,226
4736,226
4737,226
4738,226
4739,226
4740,226
4741,226
4742,226
4743,226
4744,226
4745,227
4746,227
4747,227
4748,227
4749,227
4750,227
4751,227
4752,227
4753,227
4754,227
4755,227
4756,227
4757,227
4758,227
4759,227
4760,227
4761,227
4762,227
4763,227
4764,227
4765,227
4766,227
4767,227
4768,227
4769,227
4770,227
4771,227
4772,227
4773,227
4774,227
4775,227
4776,227
4777,227
4778,227
4779,227
4780,227
4781,227
4782,227
4783,227
4784,227
4785,227
4786,227
4787,227
4788,227
4789,227
4790,227
4791,227
4792,227
4793,227
4794,227
4795,228
4796,227
4797,227
4798,227
4799,228
4800,228
4801,228
4802,228
4803,228
4804,228
4805,228
4806,228
4807,228
4808,228
4809,228
4810,228
4811,228
4812,228
4813,228
4814,228
4815,228
4816,228
4817,228
4818,228
4819,228
4820,228
4821,228
4822,228
4823,228
4824,228
4825,228
4826,228
4827,228
4828,228
4829,228
4830,228
4831,228
4832,228
4833,228
4834,228
4835,228
4836,228
4837,228
4838,228
4839,228
4840,228
4841,228
4842,228
4843,228
4844,228
4845,228
4846,228
4847,229
4848,229
4849,229
4850,229
4851,229
4852,229
4853,229
4854,229
4855,229
4856,229
4857,229
4858,229
4859,229
4860,229
4861,229
4862,229
4863,229
4864,229
4865,229
4866,229
4867,229
4868,229
4869,229
4870,229
4871,229
4872,229
4873,229
4874,229
4875,229
4876,230
4877,229
4878,230
4879,230
4880,230
4881,230
4882,230
4883,230
4884,230
4885,230
4886,230
4887,230
4888,230
4889,230
4890,230
4891,230
4892,230
4893,230
4894,230
4895,230
4896,230
4897,230
4898,230
4899,230
4900,230
4901,230
4902,230
4903,230
4904,230
4905,230
4906,230
4907,230
4908,230
4909,230
4910,230
4911,230
4912,230
4913,230
4914,230
4915,230
4916,230
4917,230
4918,231
4919,231
4920,231
4921,231
4922,231
4923,231
4924,231
4925,231
4926,231
4927,231
4928,231
4929,231
4930,231
4931,231
4932,231
4933,231
4934,231
4935,231
4936,231
4937,231
4938,231
4939,231
4940,231
4941,231
4942,231
4943,231
4944,231
4945,231
4946,231
4947,231
4948,231
4949,231
4950,231
4951,231
4952,231
4953,231
4954,231
4955,231
4956,231
4957,231
4958,231
4959,231
4960,231
4961,231
4962,231
4963,231
4964,231
4965,231
4966,231
4967,231
4968,231
4969,231
4970,231
4971,231
4972,231
4973,231
4974,231
4975,231
4976,231
4977,231
4978,231
4979,231
4980,231
4981,231
4982,231
4983,231
4984,231
4985,231
4986,232
4987,232
4988,232
4989,232
4990,232
4991,232
4992,232
4993,232
4994,232
4995,232
4996,232
4997,232
4998,232
4999,232
5000,232
5001,232
5002,232
5003,232
5004,232
5005,232
5006,232
5007,232
5008,232
5009,232
5010,232
5011,232
5012,232
5013,232
5014,232
5015,232
5016,232
5017,232
5018,232
5019,232
5020,232
5021,232
5022,232
5023,232
5024,232
5025,232
5026,232
5027,232
5028,232
5029,232
5030,232
5031,232
5032,232
5033,232
5034,232
5035,232
5036,232
5037,232
5038,232
5039,232
5040,232
5041,232
5042,232
5043,232
5044,232
5045,232
5046,232
5047,232
5048,232
5049,232
5050,232
5051,232
5052,232
5053,232
5054,232
5055,232
5056,233
5057,233
5058,233
5059,233
5060,233
5061,233
5062,233
5063,233
5064,233
5065,233
5066,233
5067,233
5068,233
5069,233
5070,233
5071,233
5072,233
5073,233
5074,233
5075,233
5076,233
5077,233
5078,233
5079,233
5080,233
5081,233
5082,233
5083,233
5084,233
5085,233
5086,233
5087,233
5088,233
5089,233
5090,233
5091,233
5092,233
5093,233
5094,233
5095,233
5096,233
5097,233
5098,233
5099,233
5100,233
5101,233
5102,234
5103,234
5104,233
5105,234
5106,234
5107,234
5108,234
5109,234
5110,234
5111,234
5112,234
5113,234
5114,234
5115,234
5116,234
5117,234
5118,234
5119,234
5120,234
5121,234
5122,234
5123,234
5124,234
5125,234
5126,234
5127,234
5128,234
5129,234
5130,234
5131,234
5132,234
5133,234
5134,234
5135,234
5136,234
5137,234
5138,234
5139,234
5140,234
5141,234
5142,234
5143,234
5144,234
5145,234
5146,235
5147,235
5148,235
5149,234
5150,235
5151,235
5152,235
5153,235
5154,235
5155,235
5156,235
5157,235
5158,235
5159,235
5160,235
5161,235
5162,235
5163,235
5164,235
5165,235
5166,235
5167,235
5168,235
5169,235
5170,235
5171,235
5172,235
5173,235
5174,235
5175,235
5176,235
5177,235
5178,235
5179,235
5180,235
5181,235
5182,235
5183,235
5184,235
5185,235
5186,235
5187,235
5188,235
5189,235
5190,235
5191,235
5192,235
5193,235
5194,235
5195,235
5196,235
5197,235
5198,235
5199,235
5200,235
5201,235
5202,235
5203,235
5204,235
5205,235
5206,235
5207,235
5208,235
5209,235
5210,235
5211,235
5212,235
5213,235
5214,235
5215,235
5216,235
5217,235
5218,235
5219,235
5220,236
5221,236
5222,236
5223,236
5224,236
5225,236
5226,236
5227,236
5228,236
5229,236
5230,236
5231,236
5232,236
5233,236
5234,236
5235,236
5236,236
5237,236
5238,236
5239,236
5240,236
5241,236
5242,236
5243,236
5244,236
5245,236
5246,236
5247,236
5248,236
5249,236
5250,236
5251,236
5252,236
5253,236
5254,236
5255,236
5256,236
5257,236
5258,236
5259,236
5260,236
5261,236
5262,236
5263,236
5264,236
5265,236
5266,236
5267,236
5268,236
5269,236
5270,236
5271,236
5272,236
5273,236
5274,236
5275,236
5276,236
5277,236
5278,236
5279,236
5280,236
5281,237
5282,237
5283,237
5284,237
5285,237
5286,237
5287,237
5288,237
5289,237
5290,237
5291,237
5292,237
5293,237
5294,237
5295,237
5296,237
5297,237
5298,237
5299,237
5300,237
5301,237
5302,237
5303,237
5304,237
5305,237
5306,237
5307,237
5308,237
5309,237
5310,237
5311,237
5312,237
5313,237
5314,237
5315,237
5316,238
5317,238
5318,238
5319,238
5320,238
5321,238
5322,238
5323,238
5324,238
5325,238
5326,238
5327,238
5328,238
5329,238
5330,238
5331,238
5332,238
5333,238
5334,238
5335,238
5336,238
5337,238
5338,238
5339,238
5340,238
5341,238
5342,238
5343,238
5344,238
5345,238
5346,238
5347,238
5348,238
5349,238
5350,238
5351,238
5352,238
5353,238
5354,238
5355,238
5356,238
5357,238
5358,238
5359,238
5360,238
5361,238
5362,238
5363,238
5364,238
5365,238
5366,238
5367,238
5368,238
5369,238
5370,238
5371,238
5372,238
5373,238
5374,238
5375,238
5376,238
5377,238
5378,238
5379,238
5380,238
5381,238
5382,238
5383,238
5384,238
5385,238
5386,239
5387,239
5388,239
5389,239
5390,239
5391,239
5392,239
5393,239
5394,239
5395,239
5396,239
5397,239
5398,239
5399,239
5400,239
5401,239
5402,239
5403,239
5404,239
5405,239
5406,239
5407,239
5408,239
5409,239
5410,239
5411,239
5412,239
5413,239
5414,239
5415,239
5416,239
5417,239
5418,239
5419,239
5420,239
5421,239
5422,239
5423,239
5424,240
5425,240
5426,240
5427,240
5428,240
5429,240
5430,240
5431,240
5432,240
5433,240
5434,240
5435,240
5436,240
5437,240
5438,240
5439,240
5440,240
5441,240
5442,240
5443,240
5444,240
5445,240
5446,240
5447,240
5448,240
5449,240
5450,240
5451,240
5452,240
5453,240
5454,240
5455,240
5456,240
5457,240
5458,240
5459,240
5460,240
5461,240
5462,240
5463,240
5464,240
5465,240
5466,240
5467,240
5468,240
5469,240
5470,240
5471,240
5472,240
5473,240
5474,240
5475,240
5476,240
5477,241
5478,241
5479,241
5480,241
5481,241
5482,241
5483,241
5484,241
5485,241
5486,241
5487,241
5488,241
5489,241
5490,241
5491,241
5492,241
5493,241
5494,241
5495,241
5496,241
5497,241
5498,241
5499,241
5500,241
5501,241
5502,241
5503,241
5504,241
5505,241
5506,241
5507,241
5508,241
5509,241
5510,241
5511,241
5512,241
5513,241
5514,241
5515,241
5516,241
5517,241
5518,241
5519,241
5520,241
5521,242
5522,242
5523,242
5524,242
5525,242
5526,242
5527,242
5528,242
5529,242
5530,242
5531,242
5532,242
5533,242
5534,242
5535,242
5536,242
5537,242
5538,242
5539,242
5540,242
5541,242
5542,242
5543,242
5544,242
5545,242
5546,242
5547,242
5548,242
5549,242
5550,242
5551,242
5552,242
5553,242
5554,242
5555,242
5556,242
5557,242
5558,242
5559,242
5560,242
5561,242
5562,242
5563,242
5564,242
5565,242
5566,242
5567,242
5568,242
5569,243
5570,243
5571,243
5572,243
5573,243
5574,243
5575,243
5576,243
5577,243
5578,243
5579,243
5580,243
5581,243
5582,243
5583,243
5584,243
5585,243
5586,243
5587,243
5588,243
5589,243
5590,243
5591,243
5592,243
5593,243
5594,243
5595,243
5596,243
5597,243
5598,243
5599,243
5600,243
5601,243
5602,243
5603,243
5604,243
5605,243
5606,243
5607,243
5608,243
5609,243
5610,243
5611,243
5612,243
5613,243
5614,243
5615,243
5616,243
5617,243
5618,243
5619,243
5620,243
5621,243
5622,243
5623,243
5624,243
5625,243
5626,243
5627,243
5628,243
5629,243
5630,243
5631,243
5632,243
5633,243
5634,243
5635,243
5636,243
5637,243
5638,243
5639,243
5640,243
5641,243
5642,243
5643,243
5644,243
5645,243
5646,243
5647,243
5648,243
5649,243
5650,243
5651,243
5652,243
5653,243
5654,243
5655,243
5656,243
5657,243
5658,244
5659,244
5660,244
5661,244
5662,244
5663,244
5664,244
5665,244
5666,244
5667,244
5668,244
5669,244
5670,244
5671,244
5672,244
5673,244
5674,244
5675,244
5676,244
5677,244
5678,244
5679,244
5680,244
5681,244
5682,244
5683,244
5684,244
5685,244
5686,244
5687,244
5688,244
5689,244
5690,244
5691,244
5692,244
5693,244
5694,244
5695,244
5696,244
5697,244
5698,244
5699,244
5700,244
5701,244
5702,244
5703,244
5704,244
5705,244
5706,244
5707,244
5708,244
5709,244
5710,244
5711,244
5712,244
5713,244
5714,244
5715,244
5716,244
5717,244
5718,244
5719,244
5720,244
5721,244
5722,244
5723,244
5724,244
5725,244
5726,244
5727,245
5728,245
5729,245
5730,245
5731,245
5732,245
5733,245
5734,245
5735,245
5736,245
5737,245
5738,245
5739,245
5740,245
5741,245
5742,245
5743,245
5744,245
5745,245
5746,245
5747,245
5748,245
5749,245
5750,245
5751,245
5752,245
5753,245
5754,245
5755,245
5756,245
5757,245
5758,245
5759,245
5760,245
5761,245
5762,245
5763,245
5764,245
5765,245
5766,245
5767,245
5768,245
5769,245
5770,245
5771,245
5772,245
5773,245
5774,245
5775,245
5776,245
5777,245
5778,245
5779,245
5780,245
5781,245
5782,245
5783,245
5784,245
5785,245
5786,245
5787,245
5788,245
5789,245
5790,245
5791,245
5792,245
5793,245
5794,245
5795,245
5796,245
5797,246
5798,246
5799,246
5800,246
5801,246
5802,246
5803,246
5804,246
5805,246
5806,246
5807,246
5808,246
5809,246
5810,246
5811,246
5812,246
5813,246
5814,246
5815,246
5816,246
5817,246
5818,246
5819,246
5820,246
5821,246
5822,246
5823,246
5824,246
5825,246
5826,246
5827,246
5828,246
5829,246
5830,246
5831,246
5832,246
5833,246
5834,246
5835,246
5836,246
5837,246
5838,246
5839,246
5840,246
5841,246
5842,246
5843,246
5844,246
5845,246
5846,246
5847,246
5848,246
5849,247
5850,247
5851,247
5852,247
5853,247
5854,247
5855,247
5856,247
5857,247
5858,247
5859,247
5860,247
5861,247
5862,247
5863,247
5864,247
5865,247
5866,247
5867,247
5868,247
5869,247
5870,247
5871,247
5872,247
5873,247
5874,247
5875,247
5876,247
5877,247
5878,247
5879,247
5880,247
5881,247
5882,247
5883,247
5884,247
5885,247
5886,247
5887,247
5888,247
5889,247
5890,247
5891,247
5892,247
5893,247
5894,247
5895,247
5896,247
5897,247
5898,247
5899,247
5900,247
5901,247
5902,247
5903,247
5904,247
5905,247
5906,247
5907,247
5908,247
5909,247
5910,247
5911,247
5912,247
5913,247
5914,247
5915,247
5916,247
5917,247
5918,247
5919,247
5920,247
5921,247
5922,247
5923,247
5924,247
5925,247
5926,247
5927,247
5928,247
5929,247
5930,247
5931,247
5932,247
5933,247
5934,247
5935,248
5936,247
5937,247
5938,248
5939,248
5940,248
5941,248
5942,248
5943,248
5944,248
5945,248
5946,248
5947,248
5948,248
5949,248
5950,248
5951,248
5952,248
5953,248
5954,248
5955,248
5956,248
5957,248
5958,248
5959,248
5960,248
5961,248
5962,248
5963,248
5964,248
5965,248
5966,248
5967,248
5968,248
5969,248
5970,248
5971,248
5972,248
5973,248
5974,248
5975,248
5976,248
5977,248
5978,248
5979,248
5980,248
5981,248
5982,248
5983,249
5984,249
5985,249
5986,248
5987,248
5988,248
5989,249
5990,249
5991,249
5992,249
5993,249
5994,249
5995,249
5996,249
5997,249
5998,249
5999,249
6000,249
6001,249
6002,249
6003,249
6004,249
6005,249
6006,249
6007,249
6008,249
6009,249
6010,249
6011,249
6012,249
6013,249
6014,249
6015,249
6016,249
6017,249
6018,249
6019,249
6020,249
6021,249
6022,249
6023,249
6024,249
6025,249
6026,249
6027,249
6028,249
6029,249
6030,249
6031,249
6032,249
6033,249
6034,249
6035,249
6036,249
6037,249
6038,249
6039,249
6040,250
6041,250
6042,250
6043,250
6044,250
6045,250
6046,250
6047,250
6048,250
6049,250
6050,250
6051,250
6052,250
6053,250
6054,250
6055,250
6056,250
6057,250
6058,250
6059,250
6060,250
6061,250
6062,250
6063,250
6064,250
6065,249
6066,250
6067,250
6068,250
6069,250
6070,250
6071,250
6072,250
6073,250
6074,250
6075,250
6076,250
6077,250
6078,250
6079,250
6080,250
6081,250
6082,250
6083,250
6084,250
6085,250
6086,250
6087,250
6088,250
6089,250
6090,250
6091,250
6092,250
6093,250
6094,250
6095,250
6096,250
6097,250
6098,250
6099,250
6100,250
6101,250
6102,250
6103,250
6104,251
6105,251
6106,251
6107,251
6108,251
6109,251
6110,251
6111,251
6112,251
6113,251
6114,251
6115,251
6116,251
6117,251
6118,251
6119,251
6120,251
6121,251
6122,251
6123,251
6124,251
6125,251
6126,251
6127,251
6128,251
6129,251
6130,251
6131,251
6132,251
6133,251
6134,251
6135,251
6136,251
6137,251
6138,251
6139,251
6140,251
6141,251
6142,251
6143,251
6144,251
6145,251
6146,251
6147,251
6148,251
6149,251
6150,251
6151,251
6152,251
6153,251
6154,251
6155,251
6156,251
6157,251
6158,251
6159,251
6160,251
6161,251
6162,251
6163,251
6164,252
6165,252
6166,251
6167,252
6168,252
6169,251
6170,251
6171,251
6172,251
6173,251
6174,252
6175,252
6176,252
6177,252
6178,252
6179,252
6180,252
6181,252
6182,252
6183,252
6184,252
6185,252
6186,252
6187,252
6188,252
6189,252
6190,252
6191,252
6192,252
6193,252
6194,252
6195,252
6196,252
6197,252
6198,252
6199,252
6200,252
6201,252
6202,252
6203,252
6204,252
6205,252
6206,252
6207,252
6208,252
6209,252
6210,252
6211,252
6212,252
6213,252
6214,252
6215,252
6216,252
6217,252
6218,252
6219,252
6220,252
6221,252
6222,252
6223,252
6224,252
6225,253
6226,253
6227,252
6228,252
6229,252
6230,253
6231,253
6232,253
6233,253
6234,253
6235,253
6236,253
6237,253
6238,253
6239,253
6240,253
6241,253
6242,253
6243,253
6244,253
6245,253
6246,253
6247,253
6248,253
6249,253
6250,253
6251,253
6252,253
6253,253
6254,253
6255,253
6256,253
6257,253
6258,253
6259,253
6260,253
6261,253
6262,253
6263,253
6264,253
6265,254
6266,253
6267,254
6268,254
6269,254
6270,253
6271,253
6272,253
6273,254
6274,253
6275,253
6276,254
6277,254
6278,254
6279,253
6280,253
6281,253
6282,254
6283,254
6284,254
6285,254
6286,253
6287,253
6288,254
6289,254
6290,254
6291,254
6292,254
6293,254
6294,254
6295,254
6296,254
6297,254
6298,254
6299,254
6300,254
6301,254
6302,254
6303,254
6304,254
6305,254
6306,254
6307,254
6308,254
6309,254
6310,254
6311,254
6312,254
6313,254
6314,254
6315,254
6316,254
6317,254
6318,254
6319,254
6320,254
6321,254
6322,254
6323,254
6324,254
6325,254
6326,254
6327,254
6328,254
6329,254
6330,255
6331,255
6332,255
6333,255
6334,255
6335,255
6336,255
6337,255
6338,255
6339,255
6340,255
6341,255
6342,255
6343,255
6344,255
6345,255
6346,255
6347,255
6348,255
6349,255
6350,255
6351,255
6352,255
6353,255
6354,255
6355,255
6356,255
6357,255
6358,255
6359,255
6360,255
6361,255
6362,255
6363,255
6364,255
6365,255
6366,255
6367,255
6368,255
6369,255
6370,255
6371,255
6372,255
6373,255
6374,255
6375,255
6376,255
6377,255
6378,255
6379,255
6380,255
6381,255
6382,255
6383,255
6384,255
6385,255
6386,255
6387,255
6388,255
6389,255
6390,255
6391,255
6392,256
6393,256
6394,256
6395,256
6396,256
6397,256
6398,256
6399,256
6400,256
6401,256
6402,256
6403,256
6404,256
6405,255
6406,255
6407,255
6408,256
6409,256
6410,256
6411,256
6412,256
6413,256
6414,256
6415,256
6416,256
6417,256
6418,256
6419,256
6420,256
6421,256
6422,256
6423,256
6424,256
6425,256
6426,256
6427,256
6428,256
6429,256
6430,256
6431,256
6432,256
6433,256
6434,256
6435,256
6436,256
6437,256
6438,256
6439,256
6440,256
6441,256
6442,256
6443,256
6444,256
6445,256
6446,256
6447,256
6448,256
6449,256
6450,256
6451,256
6452,256
6453,256
6454,256
6455,256
6456,256
6457,256
6458,256
6459,256
6460,256
6461,256
6462,256
6463,257
6464,256
6465,256
6466,256
6467,256
6468,256
6469,256
6470,256
6471,256
6472,256
6473,256
6474,256
6475,256
6476,256
6477,256
6478,256
6479,256
6480,256
6481,257
6482,256
6483,256
6484,256
6485,257
6486,257
6487,257
6488,257
6489,257
6490,257
6491,257
6492,257
6493,257
6494,257
6495,257
6496,257
6497,257
6498,257
6499,257
6500,257
6501,257
6502,257
6503,257
6504,257
6505,257
6506,257
6507,257
6508,257
6509,257
6510,257
6511,257
6512,257
6513,257
6514,257
6515,257
6516,257
6517,257
6518,257
6519,257
6520,257
6521,257
6522,257
6523,257
6524,257
6525,257
6526,257
6527,257
6528,257
6529,257
6530,257
6531,257
6532,257
6533,258
6534,258
6535,258
6536,258
6537,258
6538,258
6539,258
6540,257
6541,257
6542,258
6543,258
6544,258
6545,258
6546,258
6547,258
6548,258
6549,258
6550,258
6551,258
6552,258
6553,258
6554,258
6555,258
6556,258
6557,258
6558,258
6559,258
6560,258
6561,258
6562,258
6563,258
6564,258
6565,258
6566,258
6567,258
6568,258
6569,258
6570,258
6571,258
6572,258
6573,258
6574,258
6575,258
6576,258
6577,258
6578,258
6579,258
6580,258
6581,258
6582,258
6583,258
6584,258
6585,258
6586,258
6587,258
6588,258
6589,258
6590,258
6591,258
6592,258
6593,258
6594,258
6595,258
6596,258
6597,258
6598,258
6599,258
6600,258
6601,259
6602,259
6603,259
6604,259
6605,259
6606,259
6607,259
6608,259
6609,259
6610,258
6611,258
6612,258
6613,259
6614,258
6615,259
6616,258
6617,259
6618,259
6619,259
6620,259
6621,259
6622,259
6623,259
6624,259
6625,259
6626,259
6627,259
6628,259
6629,259
6630,259
6631,259
6632,259
6633,259
6634,259
6635,259
6636,259
6637,259
6638,259
6639,259
6640,259
6641,259
6642,259
6643,259
6644,259
6645,259
6646,259
6647,259
6648,259
6649,259
6650,259
6651,259
6652,259
6653,259
6654,259
6655,259
6656,259
6657,259
6658,259
6659,259
6660,259
6661,259
6662,259
6663,259
6664,259
6665,259
6666,259
6667,259
6668,259
6669,259
6670,259
6671,259
6672,259
6673,259
6674,259
6675,259
6676,259
6677,259
6678,259
6679,259
6680,259
6681,259
6682,259
6683,259
6684,259
6685,259
6686,259
6687,259
6688,259
6689,259
6690,259
6691,259
6692,259
6693,259
6694,259
6695,259
6696,259
6697,259
6698,259
6699,259
6700,259
6701,259
6702,259
6703,260
6704,260
6705,259
6706,260
6707,260
6708,260
6709,260
6710,260
6711,260
6712,260
6713,260
6714,260
6715,260
6716,260
6717,260
6718,260
6719,260
6720,260
6721,260
6722,260
6723,260
6724,260
6725,260
6726,260
6727,260
6728,260
6729,260
6730,260
6731,260
6732,260
6733,260
6734,260
6735,260
6736,260
6737,260
6738,260
6739,260
6740,260
6741,260
6742,260
6743,260
6744,260
6745,260
6746,260
6747,260
6748,260
6749,260
6750,260
6751,260
6752,260
6753,260
6754,260
6755,260
6756,260
6757,260
6758,260
6759,260
6760,260
6761,260
6762,260
6763,260
6764,260
6765,260
6766,260
6767,260
6768,260
6769,260
6770,260
6771,261
6772,261
6773,261
6774,261
6775,261
6776,261
6777,261
6778,261
6779,261
6780,261
6781,261
6782,261
6783,261
6784,261
6785,261
6786,261
6787,261
6788,261
6789,261
6790,261
6791,261
6792,261
6793,261
6794,261
6795,261
6796,261
6797,261
6798,261
6799,261
6800,261
6801,261
6802,261
6803,261
6804,261
6805,261
6806,261
6807,261
6808,261
6809,261
6810,261
6811,261
6812,261
6813,261
6814,261
6815,261
6816,261
6817,261
6818,261
6819,261
6820,261
6821,261
6822,261
6823,261
6824,261
6825,261
6826,261
6827,261
6828,261
6829,261
6830,261
6831,261
6832,261
6833,261
6834,261
6835,261
6836,261
6837,261
6838,261
6839,261
6840,261
6841,261
6842,261
6843,261
6844,261
6845,261
6846,261
6847,261
6848,261
6849,261
6850,261
6851,261
6852,261
6853,261
6854,261
6855,261
6856,261
6857,261
6858,262
6859,262
6860,262
6861,262
6862,262
6863,262
6864,262
6865,262
6866,262
6867,262
6868,262
6869,261
6870,261
6871,261
6872,261
6873,261
6874,261
6875,261
6876,261
6877,261
6878,261
6879,261
6880,261
6881,261
6882,261
6883,261
6884,261
6885,261
6886,261
6887,261
6888,261
6889,261
6890,261
6891,261
6892,261
6893,261
6894,261
6895,261
6896,262
6897,262
6898,262
6899,262
6900,262
6901,262
6902,262
6903,262
6904,262
6905,262
6906,262
6907,262
6908,262
6909,262
6910,262
6911,262
6912,262
6913,262
6914,262
6915,262
6916,262
6917,262
6918,262
6919,262
6920,262
6921,262
6922,262
6923,262
6924,262
6925,262
6926,262
6927,262
6928,262
6929,262
6930,262
6931,262
6932,262
6933,262
6934,262
6935,262
6936,262
6937,262
6938,262
6939,262
6940,262
6941,262
6942,262
6943,262
6944,262
6945,262
6946,262
6947,262
6948,262
6949,262
6950,262
6951,262
6952,262
6953,262
6954,262
6955,262
6956,262
6957,262
6958,262
6959,262
6960,263
6961,263
6962,263
6963,263
6964,263
6965,263
6966,263
6967,263
6968,263
6969,263
6970,263
6971,263
6972,263
6973,263
6974,263
6975,263
6976,263
6977,263
6978,263
6979,263
6980,263
6981,263
6982,263
6983,263
6984,263
6985,263
6986,263
6987,263
6988,263
6989,263
6990,263
6991,263
6992,263
6993,263
6994,263
6995,263
6996,263
6997,263
6998,263
6999,263
7000,263
7001,263
7002,263
7003,263
7004,263
7005,263
7006,263
7007,263
7008,263
7009,263
7010,263
7011,263
7012,263
7013,264
7014,264
7015,264
7016,264
7017,264
7018,264
7019,264
7020,264
7021,264
7022,264
7023,264
7024,264
7025,264
7026,264
7027,264
7028,264
7029,264
7030,264
7031,264
7032,264
7033,264
7034,264
7035,264
7036,264
7037,264
7038,264
7039,264
7040,264
7041,264
7042,264
7043,265
7044,265
7045,265
7046,265
7047,265
7048,265
7049,265
7050,265
7051,265
7052,265
7053,265
7054,265
7055,265
7056,265
7057,265
7058,265
7059,265
7060,265
7061,265
7062,265
7063,265
7064,265
7065,265
7066,265
7067,265
7068,265
7069,265
7070,265
7071,266
7072,266
7073,266
7074,266
7075,266
7076,266
7077,266
7078,266
7079,266
7080,266
7081,266
7082,266
7083,266
7084,266
7085,266
7086,266
7087,266
7088,266
7089,266
7090,266
7091,266
7092,266
7093,266
7094,266
7095,266
7096,266
7097,266
7098,266
7099,266
7100,266
7101,266
7102,266
7103,266
7104,266
7105,266
7106,266
7107,266
7108,266
7109,266
7110,266
7111,266
7112,266
7113,266
7114,266
7115,266
7116,266
7117,266
7118,266
7119,267
7120,266
7121,266
7122,266
7123,266
7124,267
7125,267
7126,267
7127,267
7128,267
7129,267
7130,267
7131,267
7132,267
7133,267
7134,267
7135,267
7136,267
7137,267
7138,267
7139,267
7140,267
7141,267
7142,267
7143,267
7144,267
7145,267
7146,267
7147,267
7148,267
7149,267
7150,267
7151,267
7152,267
7153,267
7154,267
7155,267
7156,267
7157,267
7158,267
7159,267
7160,267
7161,267
7162,268
7163,268
7164,268
7165,268
7166,268
7167,268
7168,268
7169,268
7170,268
7171,268
7172,268
7173,268
7174,268
7175,268
7176,268
7177,268
7178,268
7179,268
7180,268
7181,268
7182,268
7183,268
7184,268
7185,268
7186,268
7187,268
7188,268
7189,268
7190,268
7191,268
7192,268
7193,268
7194,268
7195,268
7196,268
7197,268
7198,268
7199,268
7200,268
7201,268
7202,268
7203,269
7204,269
7205,269
7206,269
7207,269
7208,269
7209,269
7210,269
7211,269
7212,269
7213,269
7214,269
7215,269
7216,269
7217,269
7218,269
7219,269
7220,269
7221,269
7222,269
7223,269
7224,269
7225,269
7226,269
7227,269
7228,269
7229,269
7230,269
7231,269
7232,269
7233,269
7234,269
7235,269
7236,269
7237,269
7238,269
7239,269
7240,269
7241,269
7242,269
7243,269
7244,269
7245,269
7246,269
7247,269
7248,269
7249,269
7250,269
7251,269
7252,269
7253,269
7254,269
7255,269
7256,269
7257,269
7258,269
7259,270
7260,270
7261,270
7262,270
7263,270
7264,270
7265,270
7266,270
7267,270
7268,270
7269,270
7270,270
7271,270
7272,270
7273,270
7274,270
7275,270
7276,270
7277,270
7278,270
7279,270
7280,270
7281,270
7282,270
7283,270
7284,270
7285,270
7286,270
7287,270
7288,270
7289,270
7290,270
7291,270
7292,270
7293,270
7294,270
7295,270
7296,270
7297,270
7298,270
7299,270
7300,270
7301,270
7302,270
7303,270
7304,270
7305,270
7306,270
7307,270
7308,270
7309,270
7310,270
7311,270
7312,270
7313,270
7314,270
7315,270
7316,270
7317,270
7318,270
7319,270
7320,270
7321,270
7322,270
7323,270
7324,270
7325,270
7326,270
7327,270
7328,270
7329,270
7330,270
7331,270
7332,270
7333,270
7334,270
7335,270
7336,270
7337,270
7338,270
7339,270
7340,270
7341,270
7342,270
7343,270
7344,270
7345,271
7346,271
7347,271
7348,271
7349,271
7350,271
7351,271
7352,271
7353,271
7354,271
7355,271
7356,271
7357,271
7358,271
7359,271
7360,271
7361,271
7362,271
7363,271
7364,271
7365,271
7366,271
7367,271
7368,271
7369,271
7370,271
7371,271
7372,271
7373,271
7374,271
7375,271
7376,271
7377,271
7378,272
7379,272
7380,272
7381,272
7382,272
7383,272
7384,272
7385,272
7386,272
7387,272
7388,272
7389,272
7390,272
7391,272
7392,272
7393,272
7394,272
7395,272
7396,272
7397,272
7398,272
7399,272
7400,272
7401,272
7402,272
7403,272
7404,272
7405,272
7406,272
7407,272
7408,272
7409,272
7410,272
7411,272
7412,272
7413,272
7414,272
7415,272
7416,272
7417,272
7418,272
7419,272
7420,272
7421,272
7422,272
7423,272
7424,272
7425,272
7426,272
7427,272
7428,272
7429,272
7430,272
7431,272
7432,273
7433,273
7434,273
7435,273
7436,273
7437,273
7438,273
7439,273
7440,273
7441,273
7442,273
7443,273
7444,273
7445,273
7446,273
7447,273
7448,273
7449,273
7450,273
7451,273
7452,273
7453,273
7454,273
7455,273
7456,273
7457,273
7458,273
7459,273
7460,273
7461,273
7462,273
7463,273
7464,273
7465,273
7466,273
7467,273
7468,273
7469,273
7470,274
7471,273
7472,273
7473,273
7474,273
7475,273
7476,273
7477,273
7478,274
7479,273
7480,274
7481,274
7482,274
7483,274
7484,274
7485,274
7486,274
7487,274
7488,274
7489,274
7490,274
7491,274
7492,274
7493,274
7494,274
7495,274
7496,274
7497,274
7498,274
7499,274
7500,274
7501,274
7502,274
7503,274
7504,274
7505,274
7506,274
7507,274
7508,274
7509,274
7510,274
7511,274
7512,274
7513,274
7514,274
7515,274
7516,274
7517,274
7518,274
7519,274
7520,274
7521,275
7522,275
7523,275
7524,275
7525,275
7526,275
7527,275
7528,275
7529,275
7530,275
7531,275
7532,275
7533,275
7534,275
7535,275
7536,275
7537,275
7538,275
7539,275
7540,275
7541,275
7542,275
7543,275
7544,275
7545,275
7546,275
7547,275
7548,275
7549,275
7550,275
7551,275
7552,275
7553,275
7554,275
7555,275
7556,275
7557,275
7558,275
7559,275
7560,275
7561,275
7562,275
7563,275
7564,275
7565,275
7566,275
7567,275
7568,275
7569,275
7570,275
7571,275
7572,275
7573,275
7574,275
7575,275
7576,275
7577,275
7578,275
7579,275
7580,275
7581,275
7582,275
7583,275
7584,275
7585,275
7586,275
7587,275
7588,275
7589,275
7590,275
7591,275
7592,275
7593,275
7594,275
7595,275
7596,275
7597,275
7598,275
7599,275
7600,275
7601,275
7602,275
7603,275
7604,275
7605,275
7606,275
7607,275
7608,275
7609,275
7610,275
7611,275
7612,275
7613,276
7614,276
7615,276
7616,276
7617,276
7618,276
7619,276
7620,276
7621,276
7622,276
7623,276
7624,276
7625,276
7626,276
7627,276
7628,276
7629,276
7630,276
7631,276
7632,276
7633,276
7634,276
7635,276
7636,276
7637,276
7638,276
7639,276
7640,276
7641,276
7642,276
7643,276
7644,276
7645,276
7646,276
7647,276
7648,276
7649,276
7650,276
7651,276
7652,276
7653,276
7654,276
7655,277
7656,277
7657,277
7658,277
7659,277
7660,277
7661,277
7662,277
7663,277
7664,277
7665,277
7666,277
7667,277
7668,277
7669,277
7670,277
7671,277
7672,277
7673,277
7674,277
7675,277
7676,277
7677,277
7678,277
7679,277
7680,277
7681,277
7682,277
7683,277
7684,277
7685,277
7686,278
7687,278
7688,277
7689,278
7690,278
7691,278
7692,278
7693,278
7694,278
7695,278
7696,278
7697,278
7698,278
7699,278
7700,278
7701,278
7702,278
7703,278
7704,278
7705,278
7706,278
7707,278
7708,278
7709,278
7710,278
7711,278
7712,278
7713,278
7714,278
7715,278
7716,278
7717,278
7718,278
7719,278
7720,278
7721,278
7722,278
7723,278
7724,278
7725,278
7726,278
7727,278
7728,278
7729,278
7730,278
7731,278
7732,278
7733,278
7734,278
7735,278
7736,278
7737,278
7738,278
7739,278
7740,278
7741,278
7742,278
7743,278
7744,279
7745,279
7746,279
7747,279
7748,279
7749,279
7750,279
7751,279
7752,279
7753,279
7754,279
7755,279
7756,279
7757,279
7758,279
7759,279
7760,279
7761,279
7762,279
7763,279
7764,279
7765,279
7766,279
7767,279
7768,279
7769,279
7770,279
7771,279
7772,279
7773,279
7774,279
7775,280
7776,280
7777,280
7778,280
7779,280
7780,280
7781,280
7782,280
7783,280
7784,280
7785,279
7786,279
7787,279
7788,279
7789,279
7790,279
7791,279
7792,279
7793,279
7794,279
7795,280
7796,280
7797,280
7798,280
7799,280
7800,280
7801,280
7802,280
7803,280
7804,280
7805,280
7806,280
7807,280
7808,280
7809,280
7810,280
7811,280
7812,280
7813,280
7814,280
7815,280
7816,280
7817,280
7818,280
7819,280
7820,280
7821,280
7822,280
7823,280
7824,280
7825,280
7826,280
7827,280
7828,280
7829,280
7830,280
7831,280
7832,280
7833,280
7834,280
7835,280
7836,280
7837,281
7838,281
7839,280
7840,281
7841,281
7842,281
7843,281
7844,281
7845,281
7846,281
7847,281
7848,281
7849,281
7850,281
7851,281
7852,281
7853,281
7854,281
7855,281
7856,281
7857,281
7858,281
7859,281
7860,281
7861,281
7862,281
7863,281
7864,281
7865,281
7866,281
7867,281
7868,281
7869,281
7870,281
7871,281
7872,281
7873,281
7874,281
7875,281
7876,281
7877,281
7878,281
7879,281
7880,281
7881,281
7882,281
7883,282
7884,282
7885,282
7886,282
7887,282
7888,282
7889,282
7890,282
7891,282
7892,282
7893,282
7894,282
7895,282
7896,282
7897,282
7898,282
7899,282
7900,282
7901,282
7902,282
7903,282
7904,282
7905,282
7906,282
7907,282
7908,282
7909,282
7910,282
7911,282
7912,282
7913,282
7914,282
7915,282
7916,282
7917,282
7918,282
7919,282
7920,282
7921,282
7922,282
7923,282
7924,282
7925,282
7926,282
7927,282
7928,282
7929,282
7930,282
7931,282
7932,282
7933,282
7934,282
7935,282
7936,282
7937,282
7938,282
7939,282
7940,282
7941,282
7942,282
7943,282
7944,282
7945,282
7946,282
7947,282
7948,283
7949,283
7950,283
7951,283
7952,283
7953,282
7954,283
7955,283
7956,283
7957,283
7958,283
7959,283
7960,283
7961,283
7962,283
7963,283
7964,283
7965,283
7966,283
7967,283
7968,283
7969,283
7970,283
7971,283
7972,283
7973,283
7974,283
7975,283
7976,283
7977,283
7978,283
7979,283
7980,283
7981,283
7982,283
7983,283
7984,283
7985,283
7986,283
7987,283
7988,283
7989,283
7990,283
7991,283
7992,283
7993,283
7994,283
7995,283
7996,283
7997,283
7998,283
7999,283
8000,283
8001,283
8002,283
8003,283
8004,283
8005,283
8006,283
8007,284
8008,284
8009,284
8010,284
8011,284
8012,284
8013,284
8014,284
8015,284
8016,284
8017,284
8018,284
8019,284
8020,284
8021,284
8022,284
8023,284
8024,284
8025,284
8026,284
8027,284
8028,284
8029,284
8030,284
8031,284
8032,284
8033,284
8034,284
8035,284
8036,284
8037,284
8038,284
8039,284
8040,284
8041,284
8042,284
8043,284
8044,284
8045,284
8046,284
8047,284
8048,284
8049,284
8050,284
8051,284
8052,284
8053,284
8054,284
8055,284
8056,284
8057,284
8058,284
8059,285
8060,285
8061,285
8062,285
8063,285
8064,285
8065,285
8066,285
8067,285
8068,285
8069,285
8070,285
8071,285
8072,285
8073,285
8074,285
8075,285
8076,285
8077,285
8078,285
8079,285
8080,285
8081,285
8082,285
8083,285
8084,285
8085,285
8086,285
8087,285
8088,285
8089,285
8090,285
8091,285
8092,285
8093,285
8094,285
8095,285
8096,285
8097,285
8098,285
8099,285
8100,285
8101,285
8102,285
8103,285
8104,285
8105,285
8106,285
8107,285
8108,285
8109,285
8110,285
8111,285
8112,285
8113,285
8114,285
8115,285
8116,285
8117,285
8118,285
8119,285
8120,285
8121,285
8122,285
8123,285
8124,285
8125,285
8126,285
8127,285
8128,285
8129,285
8130,285
8131,285
8132,285
8133,285
8134,285
8135,285
8136,285
8137,285
8138,285
8139,285
8140,285
8141,285
8142,285
8143,285
8144,285
8145,285
8146,285
8147,285
8148,285
8149,285
8150,285
8151,285
8152,285
8153,285
8154,285
8155,285
8156,285
8157,285
8158,286
8159,286
8160,286
8161,286
8162,286
8163,286
8164,286
8165,286
8166,286
8167,286
8168,286
8169,286
8170,286
8171,286
8172,286
8173,286
8174,286
8175,286
8176,286
8177,286
8178,286
8179,286
8180,286
8181,286
8182,286
8183,286
8184,286
8185,286
8186,286
8187,286
8188,286
8189,286
8190,286
8191,286
8192,286
8193,286
8194,286
8195,286
8196,286
8197,286
8198,286
8199,286
8200,286
8201,286
8202,286
8203,286
8204,286
8205,286
8206,286
8207,286
8208,286
8209,286
8210,286
8211,286
8212,286
8213,286
8214,286
8215,286
8216,286
8217,286
8218,286
8219,287
8220,287
8221,287
8222,287
8223,287
8224,287
8225,287
8226,287
8227,287
8228,287
8229,287
8230,287
8231,287
8232,287
8233,287
8234,287
8235,287
8236,287
8237,287
8238,287
8239,287
8240,287
8241,287
8242,287
8243,287
8244,287
8245,287
8246,287
8247,287
8248,287
8249,287
8250,287
8251,287
8252,287
8253,287
8254,287
8255,287
8256,287
8257,287
8258,287
8259,287
8260,287
8261,287
8262,287
8263,287
8264,287
8265,287
8266,287
8267,287
8268,287
8269,287
8270,287
8271,287
8272,287
8273,288
8274,288
8275,288
8276,288
8277,288
8278,288
8279,288
8280,288
8281,288
8282,288
8283,288
8284,288
8285,288
8286,288
8287,288
8288,288
8289,288
8290,288
8291,288
8292,288
8293,288
8294,288
8295,288
8296,288
8297,288
8298,288
8299,288
8300,288
8301,288
8302,288
8303,288
8304,288
8305,288
8306,288
8307,288
8308,288
8309,288
8310,288
8311,288
8312,288
8313,288
8314,288
8315,288
8316,288
8317,288
8318,288
8319,289
8320,289
8321,289
8322,289
8323,289
8324,289
8325,289
8326,289
8327,289
8328,289
8329,289
8330,289
8331,289
8332,289
8333,289
8334,289
8335,289
8336,289
8337,289
8338,289
8339,289
8340,289
8341,289
8342,289
8343,289
8344,289
8345,289
8346,289
8347,289
8348,289
8349,289
8350,289
8351,289
8352,289
8353,289
8354,289
8355,289
8356,289
8357,289
8358,289
8359,289
8360,289
8361,289
8362,289
8363,289
8364,289
8365,289
8366,289
8367,289
8368,289
8369,289
8370,289
8371,289
8372,289
8373,289
8374,289
8375,289
8376,289
8377,289
8378,289
8379,289
8380,289
8381,289
8382,289
8383,289
8384,289
8385,290
8386,290
8387,290
8388,290
8389,290
8390,290
8391,290
8392,290
8393,290
8394,290
8395,290
8396,290
8397,290
8398,290
8399,290
8400,290
8401,290
8402,290
8403,290
8404,290
8405,290
8406,290
8407,290
8408,290
8409,290
8410,290
8411,290
8412,290
8413,290
8414,290
8415,290
8416,290
8417,290
8418,290
8419,290
8420,290
8421,290
8422,290
8423,290
8424,290
8425,290
8426,290
8427,290
8428,290
8429,290
8430,290
8431,290
8432,290
8433,290
8434,290
8435,290
8436,290
8437,290
8438,290
8439,290
8440,290
8441,290
8442,290
8443,290
8444,290
8445,290
8446,290
8447,290
8448,290
8449,290
8450,290
8451,290
8452,290
8453,290
8454,291
8455,291
8456,291
8457,291
8458,291
8459,291
8460,291
8461,291
8462,291
8463,291
8464,291
8465,291
8466,291
8467,291
8468,291
8469,291
8470,291
8471,291
8472,291
8473,291
8474,291
8475,291
8476,292
8477,292
8478,292
8479,292
8480,292
8481,291
8482,292
8483,292
8484,292
8485,292
8486,292
8487,292
8488,291
8489,291
8490,291
8491,292
8492,292
8493,292
8494,292
8495,292
8496,292
8497,292
8498,292
8499,292
8500,292
8501,292
8502,292
8503,292
8504,292
8505,292
8506,292
8507,292
8508,292
8509,292
8510,292
8511,292
8512,292
8513,292
8514,292
8515,292
8516,292
8517,292
8518,292
8519,292
8520,292
8521,292
8522,292
8523,292
8524,292
8525,292
8526,292
8527,292
8528,292
8529,292
8530,292
8531,292
8532,292
8533,292
8534,292
8535,292
8536,292
8537,292
8538,292
8539,292
8540,292
8541,292
8542,292
8543,292
8544,292
8545,292
8546,292
8547,292
8548,292
8549,292
8550,292
8551,292
8552,292
8553,292
8554,292
8555,292
8556,292
8557,292
8558,292
8559,292
8560,292
8561,292
8562,292
8563,292
8564,292
8565,292
8566,292
8567,292
8568,292
8569,292
8570,292
8571,292
8572,292
8573,292
8574,292
8575,292
8576,292
8577,292
8578,292
8579,292
8580,292
8581,292
8582,293
8583,292
8584,292
8585,293
8586,292
8587,293
8588,293
8589,293
8590,293
8591,293
8592,293
8593,293
8594,293
8595,293
8596,293
8597,293
8598,293
8599,293
8600,293
8601,293
8602,293
8603,293
8604,293
8605,293
8606,293
8607,293
8608,293
8609,293
8610,293
8611,293
8612,293
8613,293
8614,293
8615,293
8616,293
8617,293
8618,293
8619,293
8620,293
8621,293
8622,293
8623,293
8624,293
8625,293
8626,293
8627,293
8628,293
8629,293
8630,293
8631,293
8632,293
8633,293
8634,293
8635,293
8636,293
8637,293
8638,293
8639,293
8640,293
8641,293
8642,293
8643,293
8644,293
8645,294
8646,294
8647,294
8648,294
8649,294
8650,294
8651,294
8652,294
8653,294
8654,294
8655,294
8656,294
8657,294
8658,294
8659,294
8660,294
8661,294
8662,294
8663,294
8664,294
8665,294
8666,294
8667,294
8668,294
8669,294
8670,294
8671,294
8672,294
8673,294
8674,294
8675,294
8676,294
8677,294
8678,294
8679,294
8680,294
8681,294
8682,294
8683,294
8684,294
8685,294
8686,294
8687,294
8688,294
8689,294
8690,294
8691,294
8692,294
8693,294
8694,294
8695,294
8696,294
8697,294
8698,294
8699,294
8700,294
8701,294
8702,294
8703,294
8704,294
8705,294
8706,294
8707,294
8708,294
8709,295
8710,295
8711,295
8712,295
8713,295
8714,295
8715,295
8716,295
8717,295
8718,295
8719,295
8720,295
8721,295
8722,295
8723,295
8724,295
8725,295
8726,295
8727,295
8728,295
8729,295
8730,295
8731,295
8732,295
8733,295
8734,295
8735,295
8736,295
8737,295
8738,295
8739,295
8740,295
8741,295
8742,295
8743,295
8744,295
8745,295
8746,295
8747,295
8748,295
8749,295
8750,295
8751,295
8752,295
8753,295
8754,295
8755,295
8756,295
8757,295
8758,295
8759,295
8760,295
8761,295
8762,295
8763,295
8764,295
8765,295
8766,295
8767,295
8768,295
8769,295
8770,295
8771,295
8772,295
8773,295
8774,295
8775,295
8776,295
8777,295
8778,295
8779,295
8780,295
8781,295
8782,295
8783,295
8784,295
8785,295
8786,295
8787,295
8788,295
8789,295
8790,295
8791,295
8792,295
8793,295
8794,295
8795,295
8796,295
8797,295
8798,295
8799,295
8800,295
8801,295
8802,295
8803,296
8804,296
8805,296
8806,296
8807,296
8808,296
8809,296
8810,295
8811,296
8812,296
8813,296
8814,296
8815,296
8816,296
8817,296
8818,296
8819,296
8820,296
8821,296
8822,296
8823,296
8824,296
8825,296
8826,296
8827,296
8828,296
8829,296
8830,296
8831,296
8832,296
8833,296
8834,296
8835,296
8836,296
8837,296
8838,296
8839,296
8840,296
8841,296
8842,296
8843,296
8844,296
8845,296
8846,296
8847,296
8848,296
8849,296
8850,296
8851,296
8852,296
8853,296
8854,296
8855,296
8856,296
8857,296
8858,296
8859,297
8860,297
8861,296
8862,297
8863,297
8864,297
8865,297
8866,297
8867,297
8868,297
8869,297
8870,297
8871,297
8872,297
8873,297
8874,297
8875,297
8876,297
8877,297
8878,297
8879,297
8880,297
8881,297
8882,297
8883,297
8884,297
8885,297
8886,297
8887,297
8888,297
8889,297
8890,297
8891,297
8892,297
8893,297
8894,297
8895,297
8896,297
8897,297
8898,297
8899,297
8900,297
8901,297
8902,297
8903,297
8904,297
8905,297
8906,297
8907,297
8908,297
8909,297
8910,297
8911,297
8912,297
8913,297
8914,297
8915,297
8916,297
8917,297
8918,298
8919,298
8920,298
8921,298
8922,298
8923,298
8924,298
8925,298
8926,298
8927,298
8928,298
8929,298
8930,298
8931,298
8932,298
8933,298
8934,298
8935,298
8936,298
8937,298
8938,298
8939,298
8940,298
8941,298
8942,298
8943,298
8944,298
8945,298
8946,298
8947,298
8948,298
8949,298
8950,298
8951,298
8952,298
8953,298
8954,298
8955,298
8956,298
8957,298
8958,298
8959,298
8960,298
8961,298
8962,298
8963,298
8964,298
8965,298
8966,298
8967,298
8968,298
8969,298
8970,298
8971,298
8972,298
8973,298
8974,298
8975,298
8976,298
8977,298
8978,298
8979,298
8980,298
8981,298
8982,298
8983,298
8984,298
8985,298
8986,298
8987,298
8988,298
8989,298
8990,298
8991,298
8992,298
8993,298
8994,298
8995,298
8996,298
8997,298
8998,298
8999,298
9000,298
9001,298
9002,298
9003,298
9004,298
9005,298
9006,298
9007,298
9008,298
9009,298
9010,298
9011,298
9012,298
9013,298
9014,298
9015,299
9016,299
9017,299
9018,299
9019,299
9020,299
9021,299
9022,299
9023,299
9024,299
9025,299
9026,298
9027,298
9028,299
9029,298
9030,299
9031,298
9032,299
9033,299
9034,299
9035,299
9036,299
9037,299
9038,299
9039,299
9040,299
9041,299
9042,299
9043,299
9044,299
9045,299
9046,299
9047,299
9048,299
9049,299
9050,299
9051,299
9052,299
9053,299
9054,299
9055,299
9056,299
9057,299
9058,299
9059,299
9060,299
9061,299
9062,299
9063,299
9064,299
9065,299
9066,299
9067,299
9068,299
9069,299
9070,299
9071,299
9072,299
9073,299
9074,299
9075,299
9076,299
9077,299
9078,299
9079,299
9080,299
9081,299
9082,299
9083,299
9084,299
9085,299
9086,299
9087,299
9088,299
9089,299
9090,299
9091,299
9092,299
9093,299
9094,300
9095,300
9096,300
9097,300
9098,300
9099,300
9100,300
9101,300
9102,300
9103,300
9104,300
9105,300
9106,300
9107,300
9108,300
9109,300
9110,300
9111,300
9112,300
9113,300
9114,300
9115,300
9116,300
9117,300
9118,300
9119,300
9120,300
9121,300
9122,300
9123,300
9124,300
9125,300
9126,300
9127,300
9128,300
9129,300
9130,300
9131,300
9132,300
9133,300
9134,300
9135,300
9136,300
9137,300
9138,300
9139,300
9140,300
9141,300
9142,300
9143,300
9144,300
9145,300
9146,300
9147,300
9148,300
9149,300
9150,300
9151,300
9152,300
9153,300
9154,300
9155,300
9156,300
9157,300
9158,300
9159,300
9160,300
9161,300
9162,300
9163,300
9164,300
9165,300
9166,300
9167,300
9168,300
9169,300
9170,300
9171,300
9172,300
9173,300
9174,300
9175,300
9176,300
9177,300
9178,300
9179,300
9180,300
9181,300
9182,300
9183,300
9184,300
9185,300
9186,300
9187,301
9188,301
9189,301
9190,301
9191,301
9192,301
9193,301
9194,301
9195,301
9196,301
9197,301
9198,301
9199,301
9200,301
9201,301
9202,301
9203,301
9204,301
9205,301
9206,301
9207,301
9208,301
9209,301
9210,301
9211,301
9212,301
9213,301
9214,301
9215,301
9216,301
9217,301
9218,301
9219,301
9220,301
9221,301
9222,301
9223,301
9224,301
9225,301
9226,301
9227,301
9228,301
9229,301
9230,302
9231,302
9232,301
9233,301
9234,301
9235,301
9236,301
9237,301
9238,302
9239,302
9240,302
9241,302
9242,302
9243,302
9244,302
9245,302
9246,302
9247,302
9248,302
9249,302
9250,302
9251,302
9252,302
9253,302
9254,302
9255,302
9256,302
9257,302
9258,302
9259,302
9260,302
9261,302
9262,302
9263,302
9264,302
9265,302
9266,302
9267,302
9268,302
9269,302
9270,302
9271,302
9272,302
9273,302
9274,302
9275,302
9276,302
9277,302
9278,302
9279,302
9280,302
9281,302
9282,302
9283,302
9284,302
9285,302
9286,302
9287,302
9288,302
9289,302
9290,302
9291,302
9292,302
9293,302
9294,302
9295,302
9296,302
9297,302
9298,303
9299,303
9300,303
9301,302
9302,302
9303,303
9304,302
9305,303
9306,303
9307,303
9308,303
9309,303
9310,303
9311,303
9312,303
9313,303
9314,303
9315,303
9316,303
9317,303
9318,303
9319,303
9320,303
9321,303
9322,303
9323,303
9324,303
9325,303
9326,303
9327,303
9328,303
9329,303
9330,303
9331,303
9332,303
9333,303
9334,303
9335,303
9336,303
9337,303
9338,303
9339,303
9340,303
9341,303
9342,303
9343,303
9344,303
9345,303
9346,303
9347,303
9348,303
9349,303
9350,303
9351,303
9352,303
9353,303
9354,303
9355,303
9356,303
9357,303
9358,303
9359,303
9360,303
9361,303
9362,303
9363,303
9364,303
9365,303
9366,303
9367,304
9368,304
9369,304
9370,304
9371,304
9372,304
9373,304
9374,304
9375,304
9376,304
9377,304
9378,304
9379,304
9380,304
9381,304
9382,304
9383,304
9384,304
9385,304
9386,304
9387,304
9388,304
9389,304
9390,304
9391,304
9392,304
9393,304
9394,304
9395,304
9396,304
9397,304
9398,304
9399,304
9400,304
9401,304
9402,304
9403,304
9404,304
9405,304
9406,304
9407,304
9408,304
9409,304
9410,304
9411,304
9412,304
9413,304
9414,304
9415,304
9416,304
9417,304
9418,304
9419,304
9420,304
9421,304
9422,304
9423,304
9424,304
9425,304
9426,304
9427,304
9428,304
9429,304
9430,304
9431,304
9432,304
9433,304
9434,304
9435,305
9436,305
9437,305
9438,305
9439,305
9440,305
9441,305
9442,305
9443,305
9444,305
9445,305
9446,305
9447,305
9448,305
9449,305
9450,305
9451,305
9452,305
9453,305
9454,305
9455,305
9456,305
9457,305
9458,305
9459,305
9460,305
9461,305
9462,305
9463,305
9464,305
9465,305
9466,305
9467,305
9468,305
9469,305
9470,305
9471,305
9472,305
9473,305
9474,305
9475,305
9476,305
9477,305
9478,305
9479,305
9480,305
9481,305
9482,305
9483,305
9484,305
9485,305
9486,305
9487,305
9488,305
9489,305
9490,305
9491,305
9492,305
9493,305
9494,305
9495,305
9496,305
9497,305
9498,305
9499,305
9500,305
9501,305
9502,305
9503,305
9504,305
9505,305
9506,305
9507,305
9508,305
9509,305
9510,305
9511,305
9512,305
9513,305
9514,305
9515,305
9516,306
9517,306
9518,306
9519,306
9520,306
9521,306
9522,306
9523,306
9524,306
9525,306
9526,306
9527,306
9528,306
9529,306
9530,306
9531,306
9532,306
9533,306
9534,306
9535,306
9536,306
9537,306
9538,306
9539,306
9540,306
9541,306
9542,306
9543,306
9544,306
9545,306
9546,306
9547,306
9548,306
9549,306
9550,306
9551,306
9552,306
9553,306
9554,306
9555,306
9556,306
9557,306
9558,306
9559,306
9560,306
9561,306
9562,306
9563,306
9564,306
9565,306
9566,306
9567,306
9568,306
9569,306
9570,306
9571,306
9572,306
9573,306
9574,306
9575,306
9576,306
9577,307
9578,307
9579,307
9580,307
9581,307
9582,307
9583,307
9584,307
9585,307
9586,306
9587,306
9588,306
9589,306
9590,306
9591,306
9592,306
9593,306
9594,306
9595,306
9596,306
9597,306
9598,306
9599,306
9600,306
9601,306
9602,306
9603,307
9604,307
9605,307
9606,307
9607,307
9608,307
9609,307
9610,307
9611,307
9612,307
9613,307
9614,307
9615,307
9616,307
9617,307
9618,307
9619,307
9620,307
9621,307
9622,307
9623,307
9624,307
9625,307
9626,307
9627,307
9628,307
9629,307
9630,307
9631,307
9632,307
9633,307
9634,307
9635,307
9636,307
9637,307
9638,307
9639,307
9640,307
9641,307
9642,307
9643,307
9644,307
9645,307
9646,307
9647,307
9648,307
9649,307
9650,307
9651,307
9652,307
9653,307
9654,307
9655,307
9656,307
9657,307
9658,307
9659,307
9660,307
9661,307
9662,307
9663,307
9664,307
9665,307
9666,307
9667,307
9668,308
9669,308
9670,308
9671,307
9672,307
9673,308
9674,308
9675,308
9676,308
9677,308
9678,308
9679,308
9680,308
9681,308
9682,308
9683,308
9684,308
9685,308
9686,308
9687,308
9688,308
9689,308
9690,308
9691,308
9692,308
9693,308
9694,308
9695,308
9696,308
9697,308
9698,308
9699,308
9700,308
9701,308
9702,308
9703,308
9704,308
9705,308
9706,308
9707,308
9708,308
9709,308
9710,308
9711,308
9712,308
9713,308
9714,308
9715,308
9716,308
9717,308
9718,308
9719,308
9720,308
9721,308
9722,308
9723,308
9724,309
9725,309
9726,309
9727,309
9728,309
9729,309
9730,309
9731,309
9732,309
9733,309
9734,309
9735,309
9736,309
9737,309
9738,309
9739,309
9740,309
9741,309
9742,309
9743,309
9744,309
9745,309
9746,309
9747,309
9748,309
9749,309
9750,309
9751,309
9752,309
9753,309
9754,309
9755,309
9756,309
9757,309
9758,309
9759,309
9760,309
9761,309
9762,309
9763,309
9764,309
9765,309
9766,310
9767,310
9768,310
9769,310
9770,310
9771,310
9772,310
9773,310
9774,310
9775,310
9776,310
9777,310
9778,310
9779,310
9780,310
9781,310
9782,310
9783,310
9784,310
9785,310
9786,310
9787,310
9788,310
9789,310
9790,310
9791,310
9792,310
9793,310
9794,310
9795,310
9796,310
9797,310
9798,310
9799,310
9800,310
9801,310
9802,310
9803,310
9804,310
9805,310
9806,310
9807,310
9808,310
9809,310
9810,310
9811,310
9812,310
9813,310
9814,310
9815,310
9816,310
9817,310
9818,310
9819,310
9820,310
9821,310
9822,310
9823,310
9824,310
9825,310
9826,310
9827,310
9828,310
9829,310
9830,310
9831,310
9832,310
9833,310
9834,310
9835,310
9836,310
9837,310
9838,310
9839,310
9840,310
9841,310
9842,310
9843,310
9844,310
9845,310
9846,310
9847,310
9848,310
9849,310
9850,310
9851,310
9852,310
9853,310
9854,310
9855,310
9856,310
9857,310
9858,310
9859,310
9860,310
9861,310
9862,310
9863,310
9864,310
9865,310
9866,310
9867,310
9868,310
9869,310
9870,310
9871,310
9872,310
9873,310
9874,310
9875,311
9876,310
9877,311
9878,311
9879,311
9880,311
9881,311
9882,311
9883,311
9884,311
9885,311
9886,311
9887,311
9888,311
9889,311
9890,311
9891,311
9892,311
9893,311
9894,311
9895,311
9896,311
9897,311
9898,311
9899,311
9900,311
9901,311
9902,311
9903,311
9904,311
9905,311
9906,311
9907,311
9908,312
9909,312
9910,312
9911,312
9912,312
9913,312
9914,312
9915,312
9916,312
9917,312
9918,312
9919,312
9920,312
9921,312
9922,312
9923,312
9924,312
9925,312
9926,312
9927,312
9928,312
9929,312
9930,312
9931,312
9932,312
9933,312
9934,312
9935,312
9936,312
9937,312
9938,312
9939,312
9940,312
9941,312
9942,312
9943,312
9944,312
9945,312
9946,312
9947,312
9948,312
9949,312
9950,312
9951,312
9952,312
9953,312
9954,312
9955,312
9956,312
9957,312
9958,312
9959,312
9960,312
9961,312
9962,312
9963,312
9964,312
9965,312
9966,312
9967,312
9968,312
9969,312
9970,312
9971,312
9972,312
9973,312
9974,312
9975,313
9976,313
9977,313
9978,313
9979,313
9980,313
9981,313
9982,313
9983,313
9984,313
9985,313
9986,313
9987,313
9988,313
9989,313
9990,313
9991,313
9992,313
9993,313
9994,313
9995,313
9996,313
9997,313
9998,313
9999,313
