0,149
1,149
2,149
3,149
4,150
5,149
6,149
7,149
8,149
9,149
10,149
11,149
12,149
13,150
14,150
15,150
16,150
17,150
18,150
19,150
20,149
21,149
22,149
23,149
24,149
25,149
26,149
27,149
28,149
29,149
30,149
31,149
32,149
33,150
34,150
35,150
36,150
37,149
38,149
39,149
40,149
41,149
42,149
43,150
44,150
45,150
46,150
47,150
48,150
49,150
50,150
51,150
52,150
53,150
54,150
55,150
56,150
57,150
58,150
59,150
60,150
61,150
62,150
63,150
64,150
65,150
66,150
67,150
68,150
69,150
70,150
71,150
72,150
73,150
74,150
75,150
76,150
77,150
78,150
79,150
80,150
81,150
82,150
83,150
84,150
85,150
86,150
87,150
88,150
89,150
90,150
91,150
92,150
93,150
94,150
95,150
96,150
97,150
98,150
99,150
100,150
101,150
102,150
103,150
104,150
105,150
106,150
107,150
108,150
109,150
110,150
111,150
112,150
113,150
114,150
115,151
116,150
117,151
118,151
119,151
120,151
121,151
122,151
123,151
124,151
125,151
126,151
127,151
128,151
129,151
130,151
131,151
132,151
133,151
134,151
135,151
136,151
137,151
138,151
139,151
140,151
141,151
142,151
143,151
144,151
145,151
146,151
147,151
148,151
149,151
150,151
151,151
152,151
153,151
154,151
155,151
156,151
157,151
158,151
159,151
160,151
161,151
162,151
163,151
164,151
165,151
166,151
167,151
168,151
169,151
170,151
171,151
172,151
173,151
174,151
175,151
176,151
177,151
178,151
179,151
180,151
181,151
182,151
183,151
184,151
185,151
186,151
187,151
188,151
189,151
190,151
191,151
192,151
193,151
194,152
195,152
196,152
197,152
198,152
199,152
200,152
201,152
202,152
203,152
204,152
205,152
206,152
207,151
208,151
209,152
210,151
211,152
212,152
213,152
214,152
215,152
216,152
217,152
218,152
219,152
220,152
221,152
222,152
223,152
224,152
225,152
226,152
227,152
228,152
229,152
230,152
231,152
232,152
233,152
234,152
235,152
236,152
237,152
238,152
239,152
240,152
241,152
242,152
243,152
244,152
245,152
246,152
247,152
248,152
249,152
250,152
251,152
252,152
253,152
254,152
255,152
256,152
257,152
258,152
259,152
260,152
261,152
262,152
263,152
264,152
265,152
266,152
267,152
268,152
269,152
270,152
271,152
272,152
273,152
274,152
275,152
276,152
277,152
278,152
279,152
280,152
281,152
282,152
283,152
284,152
285,152
286,152
287,152
288,152
289,152
290,152
291,152
292,152
293,152
294,152
295,152
296,152
297,152
298,152
299,152
300,152
301,152
302,152
303,153
304,153
305,153
306,153
307,153
308,153
309,152
310,152
311,153
312,153
313,153
314,153
315,153
316,153
317,153
318,153
319,153
320,153
321,153
322,153
323,153
324,153
325,153
326,153
327,153
328,153
329,153
330,153
331,153
332,153
333,153
334,153
335,153
336,153
337,153
338,153
339,153
340,153
341,153
342,153
343,153
344,153
345,153
346,153
347,153
348,153
349,153
350,153
351,153
352,153
353,153
354,153
355,153
356,153
357,153
358,153
359,153
360,153
361,153
362,153
363,153
364,153
365,153
366,153
367,153
368,153
369,153
370,153
371,153
372,153
373,153
374,154
375,154
376,154
377,154
378,154
379,154
380,154
381,154
382,154
383,154
384,154
385,154
386,154
387,154
388,154
389,154
390,154
391,154
392,154
393,154
394,154
395,154
396,154
397,154
398,154
399,154
400,154
401,154
402,154
403,154
404,154
405,154
406,154
407,154
408,154
409,154
410,154
411,154
412,154
413,154
414,154
415,154
416,154
417,154
418,154
419,154
420,154
421,154
422,154
423,154
424,154
425,154
426,154
427,154
428,154
429,154
430,154
431,154
432,154
433,154
434,154
435,154
436,154
437,155
438,155
439,154
440,154
441,154
442,155
443,155
444,155
445,155
446,155
447,155
448,155
449,155
450,155
451,155
452,155
453,155
454,155
455,155
456,155
457,155
458,155
459,155
460,155
461,155
462,155
463,155
464,155
465,155
466,155
467,155
468,155
469,155
470,155
471,155
472,155
473,155
474,155
475,155
476,155
477,155
478,155
479,156
480,156
481,156
482,156
483,156
484,156
485,156
486,156
487,156
488,156
489,156
490,156
491,156
492,156
493,156
494,156
495,156
496,156
497,156
498,156
499,156
500,156
501,156
502,156
503,156
504,156
505,156
506,156
507,156
508,156
509,156
510,156
511,156
512,156
513,156
514,156
515,156
516,156
517,156
518,156
519,156
520,156
521,156
522,156
523,156
524,156
525,156
526,156
527,156
528,156
529,156
530,156
531,156
532,156
533,156
534,156
535,156
536,157
537,157
538,157
539,157
540,157
541,157
542,157
543,157
544,157
545,157
546,157
547,157
548,157
549,157
550,157
551,157
552,157
553,157
554,157
555,157
556,157
557,157
558,157
559,157
560,157
561,157
562,157
563,157
564,157
565,157
566,157
567,157
568,157
569,157
570,157
571,157
572,157
573,157
574,157
575,157
576,157
577,157
578,157
579,157
580,157
581,157
582,157
583,157
584,157
585,157
586,157
587,157
588,157
589,157
590,157
591,157
592,157
593,157
594,157
595,157
596,157
597,157
598,157
599,157
600,157
601,157
602,158
603,158
604,158
605,158
606,158
607,158
608,158
609,158
610,158
611,158
612,158
613,158
614,158
615,158
616,158
617,158
618,158
619,158
620,158
621,158
622,158
623,158
624,158
625,158
626,158
627,158
628,158
629,158
630,158
631,158
632,158
633,158
634,158
635,158
636,158
637,158
638,158
639,158
640,158
641,158
642,158
643,158
644,158
645,158
646,158
647,158
648,158
649,158
650,158
651,158
652,158
653,159
654,159
655,158
656,159
657,159
658,159
659,159
660,159
661,159
662,159
663,159
664,159
665,159
666,159
667,159
668,159
669,159
670,159
671,159
672,159
673,159
674,159
675,159
676,159
677,159
678,159
679,159
680,159
681,159
682,159
683,159
684,159
685,159
686,159
687,159
688,159
689,159
690,159
691,159
692,159
693,159
694,159
695,159
696,159
697,159
698,159
699,159
700,159
701,159
702,159
703,159
704,159
705,159
706,159
707,159
708,159
709,159
710,159
711,159
712,159
713,159
714,159
715,159
716,159
717,159
718,159
719,159
720,159
721,159
722,159
723,159
724,159
725,159
726,159
727,159
728,159
729,159
730,159
731,159
732,159
733,159
734,159
735,159
736,159
737,159
738,159
739,159
740,159
741,159
742,159
743,159
744,159
745,159
746,159
747,159
748,159
749,159
750,159
751,159
752,159
753,159
754,159
755,159
756,159
757,159
758,159
759,159
760,159
761,159
762,159
763,159
764,160
765,160
766,160
767,160
768,160
769,160
770,160
771,160
772,160
773,160
774,160
775,160
776,160
777,160
778,160
779,160
780,160
781,160
782,160
783,160
784,160
785,160
786,160
787,160
788,160
789,160
790,160
791,160
792,160
793,160
794,160
795,160
796,160
797,160
798,160
799,160
800,160
801,160
802,160
803,160
804,161
805,161
806,161
807,161
808,161
809,161
810,161
811,161
812,161
813,161
814,161
815,161
816,161
817,161
818,161
819,161
820,161
821,161
822,161
823,161
824,161
825,161
826,161
827,161
828,161
829,161
830,161
831,161
832,161
833,161
834,161
835,161
836,161
837,161
838,161
839,161
840,161
841,161
842,161
843,161
844,161
845,161
846,161
847,161
848,161
849,161
850,161
851,161
852,161
853,161
854,161
855,161
856,161
857,161
858,161
859,161
860,161
861,161
862,161
863,161
864,161
865,161
866,161
867,161
868,161
869,161
870,161
871,161
872,161
873,162
874,161
875,162
876,162
877,162
878,162
879,162
880,162
881,162
882,162
883,162
884,162
885,162
886,162
887,162
888,162
889,162
890,162
891,162
892,162
893,162
894,162
895,162
896,162
897,162
898,162
899,162
900,162
901,162
902,162
903,162
904,162
905,162
906,162
907,162
908,162
909,162
910,162
911,162
912,162
913,162
914,162
915,162
916,162
917,162
918,163
919,163
920,163
921,163
922,163
923,163
924,163
925,163
926,163
927,163
928,163
929,163
930,163
931,163
932,163
933,163
934,163
935,163
936,163
937,163
938,163
939,163
940,163
941,163
942,163
943,163
944,163
945,163
946,163
947,163
948,163
949,163
950,163
951,163
952,163
953,163
954,163
955,163
956,163
957,163
958,163
959,163
960,163
961,163
962,163
963,163
964,163
965,163
966,163
967,163
968,163
969,163
970,163
971,163
972,163
973,163
974,163
975,163
976,163
977,163
978,163
979,163
980,163
981,163
982,163
983,163
984,164
985,163
986,163
987,163
988,164
989,163
990,164
991,164
992,164
993,164
994,164
995,164
996,164
997,164
998,164
999,164
1000,164
1001,164
1002,164
1003,164
1004,164
1005,164
1006,164
1007,164
1008,164
1009,164
1010,164
1011,164
1012,164
1013,164
1014,164
1015,164
1016,164
1017,164
1018,164
1019,164
1020,164
1021,164
1022,164
1023,164
1024,164
1025,164
1026,164
1027,164
1028,164
1029,164
1030,164
1031,164
1032,164
1033,164
1034,164
1035,164
1036,165
1037,165
1038,165
1039,165
1040,165
1041,165
1042,165
1043,165
1044,165
1045,165
1046,165
1047,165
1048,165
1049,165
1050,165
1051,165
1052,165
1053,165
1054,165
1055,165
1056,165
1057,165
1058,165
1059,165
1060,165
1061,165
1062,165
1063,165
1064,165
1065,165
1066,165
1067,165
1068,165
1069,165
1070,165
1071,165
1072,165
1073,165
1074,165
1075,165
1076,165
1077,165
1078,165
1079,165
1080,165
1081,165
1082,165
1083,165
1084,165
1085,165
1086,165
1087,165
1088,165
1089,165
1090,165
1091,165
1092,165
1093,165
1094,165
1095,165
1096,165
1097,165
1098,165
1099,165
1100,165
1101,165
1102,165
1103,165
1104,165
1105,165
1106,165
1107,165
1108,165
1109,165
1110,165
1111,165
1112,165
1113,165
1114,165
1115,165
1116,165
1117,165
1118,165
1119,165
1120,165
1121,166
1122,166
1123,166
1124,166
1125,166
1126,166
1127,166
1128,166
1129,166
1130,166
1131,165
1132,165
1133,165
1134,165
1135,165
1136,165
1137,165
1138,165
1139,165
1140,165
1141,165
1142,165
1143,165
1144,165
1145,165
1146,165
1147,166
1148,166
1149,166
1150,166
1151,166
1152,166
1153,166
1154,166
1155,166
1156,166
1157,166
1158,166
1159,166
1160,166
1161,166
1162,166
1163,166
1164,166
1165,166
1166,166
1167,166
1168,166
1169,166
1170,166
1171,166
1172,166
1173,166
1174,166
1175,166
1176,166
1177,166
1178,166
1179,166
1180,166
1181,166
1182,166
1183,166
1184,166
1185,166
1186,166
1187,166
1188,166
1189,166
1190,166
1191,166
1192,166
1193,166
1194,166
1195,166
1196,166
1197,166
1198,166
1199,166
1200,166
1201,166
1202,166
1203,166
1204,166
1205,166
1206,166
1207,166
1208,166
1209,166
1210,166
1211,166
1212,166
1213,166
1214,166
1215,166
1216,166
1217,166
1218,166
1219,166
1220,166
1221,166
1222,167
1223,167
1224,167
1225,167
1226,167
1227,167
1228,167
1229,167
1230,167
1231,167
1232,167
1233,167
1234,167
1235,167
1236,167
1237,167
1238,167
1239,167
1240,167
1241,167
1242,167
1243,167
1244,167
1245,167
1246,167
1247,167
1248,167
1249,167
1250,167
1251,167
1252,167
1253,167
1254,167
1255,167
1256,167
1257,167
1258,167
1259,167
1260,167
1261,167
1262,167
1263,168
1264,168
1265,168
1266,168
1267,168
1268,168
1269,168
1270,168
1271,168
1272,168
1273,168
1274,168
1275,168
1276,168
1277,168
1278,168
1279,168
1280,168
1281,168
1282,168
1283,168
1284,168
1285,168
1286,168
1287,168
1288,168
1289,168
1290,168
1291,168
1292,168
1293,168
1294,168
1295,168
1296,168
1297,168
1298,168
1299,168
1300,168
1301,168
1302,168
1303,168
1304,168
1305,168
1306,168
1307,168
1308,168
1309,168
1310,168
1311,168
1312,168
1313,168
1314,168
1315,168
1316,168
1317,168
1318,168
1319,168
1320,168
1321,168
1322,168
1323,168
1324,168
1325,168
1326,168
1327,168
1328,168
1329,168
1330,168
1331,168
1332,168
1333,168
1334,168
1335,168
1336,168
1337,168
1338,168
1339,168
1340,168
1341,168
1342,168
1343,168
1344,168
1345,168
1346,168
1347,168
1348,168
1349,168
1350,168
1351,168
1352,168
1353,168
1354,168
1355,168
1356,168
1357,168
1358,168
1359,168
1360,168
1361,168
1362,168
1363,168
1364,168
1365,168
1366,168
1367,168
1368,168
1369,168
1370,168
1371,168
1372,168
1373,168
1374,168
1375,168
1376,168
1377,168
1378,169
1379,169
1380,169
1381,169
1382,169
1383,169
1384,169
1385,169
1386,169
1387,169
1388,169
1389,169
1390,169
1391,169
1392,169
1393,169
1394,169
1395,169
1396,169
1397,169
1398,169
1399,169
1400,169
1401,169
1402,169
1403,169
1404,169
1405,169
1406,169
1407,169
1408,169
1409,169
1410,169
1411,169
1412,169
1413,169
1414,169
1415,169
1416,169
1417,169
1418,169
1419,169
1420,169
1421,169
1422,169
1423,169
1424,169
1425,169
1426,169
1427,169
1428,169
1429,169
1430,169
1431,169
1432,169
1433,169
1434,169
1435,169
1436,169
1437,169
1438,169
1439,169
1440,169
1441,169
1442,169
1443,169
1444,169
1445,169
1446,169
1447,169
1448,169
1449,169
1450,169
1451,169
1452,169
1453,169
1454,169
1455,170
1456,170
1457,170
1458,170
1459,170
1460,170
1461,170
1462,170
1463,170
1464,170
1465,170
1466,170
1467,170
1468,170
1469,170
1470,170
1471,170
1472,170
1473,170
1474,170
1475,170
1476,170
1477,170
1478,170
1479,170
1480,170
1481,170
1482,170
1483,170
1484,170
1485,170
1486,170
1487,170
1488,170
1489,170
1490,170
1491,170
1492,170
1493,170
1494,170
1495,170
1496,170
1497,170
1498,170
1499,170
1500,170
1501,170
1502,170
1503,170
1504,170
1505,170
1506,170
1507,170
1508,170
1509,170
1510,170
1511,170
1512,170
1513,170
1514,170
1515,170
1516,170
1517,170
1518,170
1519,170
1520,171
1521,171
1522,171
1523,171
1524,171
1525,171
1526,171
1527,171
1528,171
1529,171
1530,171
1531,171
1532,171
1533,171
1534,171
1535,171
1536,171
1537,171
1538,171
1539,171
1540,171
1541,171
1542,171
1543,171
1544,171
1545,171
1546,171
1547,171
1548,171
1549,171
1550,171
1551,171
1552,171
1553,171
1554,171
1555,171
1556,171
1557,171
1558,171
1559,171
1560,171
1561,171
1562,171
1563,171
1564,171
1565,171
1566,171
1567,171
1568,171
1569,171
1570,172
1571,172
1572,172
1573,171
1574,172
1575,171
1576,172
1577,172
1578,172
1579,172
1580,172
1581,172
1582,172
1583,172
1584,172
1585,172
1586,172
1587,172
1588,172
1589,172
1590,172
1591,172
1592,172
1593,172
1594,172
1595,172
1596,172
1597,172
1598,172
1599,172
1600,172
1601,172
1602,172
1603,172
1604,172
1605,172
1606,172
1607,172
1608,172
1609,172
1610,172
1611,172
1612,172
1613,172
1614,172
1615,172
1616,172
1617,172
1618,172
1619,172
1620,172
1621,172
1622,172
1623,172
1624,172
1625,172
1626,172
1627,172
1628,172
1629,172
1630,172
1631,172
1632,172
1633,172
1634,172
1635,172
1636,172
1637,173
1638,172
1639,173
1640,173
1641,173
1642,173
1643,173
1644,173
1645,173
1646,173
1647,173
1648,173
1649,173
1650,173
1651,173
1652,173
1653,173
1654,173
1655,173
1656,173
1657,173
1658,173
1659,173
1660,173
1661,173
1662,173
1663,173
1664,173
1665,173
1666,173
1667,173
1668,173
1669,173
1670,173
1671,173
1672,173
1673,173
1674,173
1675,173
1676,173
1677,173
1678,174
1679,174
1680,174
1681,174
1682,173
1683,174
1684,174
1685,174
1686,173
1687,174
1688,174
1689,174
1690,174
1691,174
1692,174
1693,174
1694,174
1695,174
1696,174
1697,174
1698,174
1699,174
1700,174
1701,174
1702,174
1703,174
1704,174
1705,174
1706,174
1707,174
1708,174
1709,174
1710,174
1711,174
1712,174
1713,174
1714,174
1715,174
1716,174
1717,174
1718,174
1719,174
1720,174
1721,174
1722,174
1723,174
1724,174
1725,174
1726,174
1727,174
1728,174
1729,174
1730,174
1731,174
1732,174
1733,174
1734,174
1735,174
1736,174
1737,174
1738,174
1739,174
1740,174
1741,174
1742,174
1743,174
1744,175
1745,174
1746,175
1747,174
1748,175
1749,175
1750,175
1751,175
1752,175
1753,175
1754,175
1755,175
1756,175
1757,175
1758,175
1759,175
1760,175
1761,175
1762,175
1763,175
1764,175
1765,175
1766,175
1767,175
1768,175
1769,175
1770,175
1771,175
1772,175
1773,175
1774,175
1775,175
1776,175
1777,175
1778,175
1779,175
1780,175
1781,175
1782,175
1783,175
1784,175
1785,175
1786,175
1787,175
1788,175
1789,175
1790,175
1791,175
1792,175
1793,175
1794,175
1795,175
1796,175
1797,176
1798,176
1799,176
1800,176
1801,176
1802,176
1803,176
1804,176
1805,176
1806,176
1807,176
1808,176
1809,176
1810,176
1811,176
1812,176
1813,176
1814,176
1815,176
1816,176
1817,176
1818,176
1819,176
1820,176
1821,176
1822,176
1823,176
1824,176
1825,176
1826,176
1827,176
1828,176
1829,176
1830,176
1831,176
1832,176
1833,176
1834,176
1835,176
1836,176
1837,176
1838,176
1839,176
1840,176
1841,176
1842,176
1843,176
1844,176
1845,176
1846,176
1847,176
1848,176
1849,176
1850,176
1851,176
1852,176
1853,176
1854,176
1855,176
1856,176
1857,176
1858,176
1859,176
1860,176
1861,176
1862,176
1863,176
1864,176
1865,176
1866,176
1867,176
1868,177
1869,176
1870,176
1871,176
1872,177
1873,177
1874,176
1875,177
1876,177
1877,177
1878,177
1879,177
1880,177
1881,177
1882,177
1883,177
1884,177
1885,177
1886,177
1887,177
1888,177
1889,177
1890,177
1891,177
1892,177
1893,177
1894,177
1895,177
1896,177
1897,177
1898,177
1899,177
1900,177
1901,177
1902,177
1903,177
1904,177
1905,177
1906,177
1907,177
1908,177
1909,177
1910,177
1911,177
1912,177
1913,177
1914,177
1915,177
1916,177
1917,177
1918,177
1919,177
1920,177
1921,177
1922,177
1923,177
1924,177
1925,177
1926,177
1927,177
1928,177
1929,177
1930,177
1931,177
1932,177
1933,177
1934,177
1935,177
1936,177
1937,177
1938,177
1939,177
1940,177
1941,177
1942,177
1943,177
1944,177
1945,177
1946,177
1947,177
1948,177
1949,177
1950,177
1951,177
1952,177
1953,177
1954,177
1955,177
1956,177
1957,177
1958,177
1959,177
1960,177
1961,177
1962,177
1963,177
1964,177
1965,177
1966,177
1967,177
1968,177
1969,177
1970,177
1971,177
1972,177
1973,177
1974,177
1975,177
1976,177
1977,177
1978,177
1979,177
1980,177
1981,177
1982,177
1983,177
1984,177
1985,177
1986,177
1987,177
1988,177
1989,177
1990,177
1991,177
1992,177
1993,177
1994,177
1995,178
1996,178
1997,178
1998,178
1999,178
2000,178
2001,178
2002,178
2003,178
2004,178
2005,178
2006,178
2007,178
2008,178
2009,178
2010,178
2011,178
2012,178
2013,178
2014,178
2015,178
2016,178
2017,178
2018,178
2019,178
2020,178
2021,178
2022,178
2023,178
2024,178
2025,178
2026,178
2027,178
2028,178
2029,178
2030,178
2031,178
2032,178
2033,178
2034,178
2035,178
2036,178
2037,178
2038,178
2039,178
2040,178
2041,178
2042,178
2043,178
2044,178
2045,178
2046,178
2047,178
2048,178
2049,178
2050,178
2051,178
2052,178
2053,178
2054,178
2055,178
2056,178
2057,178
2058,178
2059,178
2060,179
2061,179
2062,179
2063,179
2064,179
2065,179
2066,179
2067,179
2068,179
2069,179
2070,179
2071,179
2072,179
2073,179
2074,179
2075,178
2076,178
2077,178
2078,178
2079,179
2080,179
2081,179
2082,179
2083,179
2084,179
2085,179
2086,179
2087,179
2088,179
2089,179
2090,179
2091,179
2092,179
2093,179
2094,179
2095,179
2096,179
2097,179
2098,179
2099,179
2100,179
2101,179
2102,179
2103,179
2104,179
2105,179
2106,179
2107,179
2108,179
2109,179
2110,179
2111,179
2112,179
2113,179
2114,179
2115,179
2116,179
2117,179
2118,179
2119,179
2120,179
2121,179
2122,179
2123,179
2124,179
2125,179
2126,179
2127,179
2128,179
2129,179
2130,179
2131,179
2132,179
2133,179
2134,179
2135,179
2136,179
2137,179
2138,179
2139,179
2140,179
2141,179
2142,179
2143,179
2144,179
2145,179
2146,179
2147,179
2148,179
2149,179
2150,179
2151,179
2152,179
2153,179
2154,179
2155,179
2156,179
2157,179
2158,179
2159,179
2160,179
2161,179
2162,179
2163,179
2164,179
2165,179
2166,179
2167,179
2168,179
2169,179
2170,180
2171,180
2172,180
2173,180
2174,180
2175,180
2176,180
2177,180
2178,180
2179,180
2180,180
2181,180
2182,180
2183,180
2184,180
2185,180
2186,180
2187,180
2188,180
2189,180
2190,180
2191,180
2192,180
2193,180
2194,180
2195,180
2196,180
2197,180
2198,180
2199,180
2200,180
2201,180
2202,180
2203,180
2204,180
2205,180
2206,180
2207,180
2208,180
2209,180
2210,180
2211,180
2212,180
2213,180
2214,180
2215,180
2216,180
2217,180
2218,180
2219,180
2220,180
2221,180
2222,180
2223,180
2224,181
2225,181
2226,181
2227,181
2228,181
2229,181
2230,181
2231,181
2232,181
2233,181
2234,181
2235,181
2236,181
2237,181
2238,181
2239,181
2240,181
2241,181
2242,181
2243,181
2244,181
2245,181
2246,181
2247,181
2248,181
2249,181
2250,181
2251,181
2252,181
2253,181
2254,181
2255,181
2256,181
2257,181
2258,181
2259,181
2260,181
2261,181
2262,181
2263,181
2264,181
2265,181
2266,181
2267,181
2268,181
2269,181
2270,181
2271,181
2272,181
2273,181
2274,181
2275,181
2276,181
2277,181
2278,181
2279,181
2280,181
2281,181
2282,181
2283,181
2284,181
2285,181
2286,181
2287,181
2288,181
2289,182
2290,182
2291,182
2292,182
2293,182
2294,182
2295,182
2296,181
2297,182
2298,182
2299,182
2300,182
2301,182
2302,182
2303,182
2304,182
2305,182
2306,182
2307,182
2308,182
2309,182
2310,182
2311,182
2312,182
2313,182
2314,182
2315,182
2316,182
2317,182
2318,182
2319,182
2320,182
2321,182
2322,182
2323,182
2324,182
2325,182
2326,182
2327,182
2328,182
2329,182
2330,182
2331,182
2332,182
2333,182
2334,182
2335,182
2336,182
2337,182
2338,182
2339,182
2340,182
2341,182
2342,182
2343,182
2344,182
2345,182
2346,182
2347,182
2348,182
2349,182
2350,182
2351,182
2352,182
2353,182
2354,182
2355,182
2356,182
2357,182
2358,182
2359,182
2360,182
2361,183
2362,183
2363,183
2364,183
2365,183
2366,183
2367,182
2368,183
2369,183
2370,183
2371,183
2372,183
2373,183
2374,183
2375,183
2376,183
2377,183
2378,183
2379,183
2380,183
2381,183
2382,183
2383,183
2384,183
2385,183
2386,183
2387,183
2388,183
2389,183
2390,183
2391,183
2392,183
2393,183
2394,183
2395,183
2396,183
2397,183
2398,183
2399,183
2400,183
2401,183
2402,183
2403,183
2404,183
2405,183
2406,183
2407,183
2408,183
2409,183
2410,184
2411,184
2412,184
2413,184
2414,184
2415,184
2416,184
2417,184
2418,184
2419,184
2420,184
2421,184
2422,184
2423,184
2424,184
2425,184
2426,184
2427,184
2428,184
2429,184
2430,184
2431,184
2432,184
2433,184
2434,184
2435,184
2436,184
2437,184
2438,184
2439,184
2440,184
2441,184
2442,184
2443,184
2444,184
2445,184
2446,184
2447,184
2448,184
2449,184
2450,184
2451,184
2452,184
2453,184
2454,184
2455,184
2456,184
2457,184
2458,184
2459,184
2460,184
2461,184
2462,184
2463,184
2464,184
2465,184
2466,185
2467,184
2468,184
2469,184
2470,185
2471,185
2472,184
2473,185
2474,185
2475,185
2476,185
2477,185
2478,185
2479,185
2480,185
2481,185
2482,185
2483,185
2484,185
2485,185
2486,185
2487,185
2488,185
2489,185
2490,185
2491,185
2492,185
2493,185
2494,185
2495,185
2496,185
2497,185
2498,185
2499,185
2500,185
2501,185
2502,185
2503,186
2504,186
2505,186
2506,186
2507,186
2508,186
2509,186
2510,186
2511,186
2512,186
2513,186
2514,186
2515,186
2516,186
2517,186
2518,186
2519,186
2520,186
2521,186
2522,186
2523,186
2524,186
2525,186
2526,186
2527,186
2528,186
2529,186
2530,186
2531,186
2532,186
2533,186
2534,186
2535,186
2536,186
2537,186
2538,186
2539,186
2540,186
2541,186
2542,186
2543,186
2544,186
2545,186
2546,186
2547,186
2548,186
2549,186
2550,186
2551,186
2552,186
2553,186
2554,186
2555,186
2556,186
2557,186
2558,186
2559,186
2560,186
2561,186
2562,186
2563,186
2564,186
2565,187
2566,187
2567,187
2568,187
2569,187
2570,187
2571,187
2572,187
2573,187
2574,187
2575,187
2576,187
2577,187
2578,187
2579,187
2580,187
2581,187
2582,187
2583,187
2584,187
2585,187
2586,187
2587,187
2588,187
2589,187
2590,187
2591,187
2592,188
2593,187
2594,187
2595,188
2596,188
2597,188
2598,188
2599,188
2600,188
2601,188
2602,188
2603,188
2604,188
2605,188
2606,188
2607,188
2608,188
2609,188
2610,188
2611,188
2612,188
2613,188
2614,188
2615,188
2616,188
2617,188
2618,188
2619,188
2620,188
2621,188
2622,188
2623,188
2624,188
2625,188
2626,188
2627,188
2628,188
2629,188
2630,188
2631,188
2632,188
2633,188
2634,189
2635,189
2636,189
2637,189
2638,189
2639,189
2640,189
2641,189
2642,189
2643,189
2644,189
2645,189
2646,189
2647,189
2648,189
2649,189
2650,189
2651,189
2652,189
2653,189
2654,189
2655,189
2656,189
2657,189
2658,189
2659,190
2660,190
2661,190
2662,189
2663,189
2664,189
2665,189
2666,189
2667,190
2668,190
2669,190
2670,190
2671,190
2672,190
2673,190
2674,190
2675,190
2676,190
2677,190
2678,190
2679,190
2680,190
2681,190
2682,190
2683,190
2684,190
2685,190
2686,190
2687,190
2688,190
2689,190
2690,190
2691,190
2692,190
2693,190
2694,190
2695,190
2696,190
2697,190
2698,190
2699,190
2700,190
2701,190
2702,190
2703,190
2704,190
2705,190
2706,191
2707,191
2708,191
2709,191
2710,191
2711,191
2712,191
2713,191
2714,191
2715,191
2716,191
2717,191
2718,191
2719,191
2720,191
2721,191
2722,191
2723,191
2724,191
2725,191
2726,191
2727,191
2728,191
2729,191
2730,191
2731,191
2732,191
2733,191
2734,191
2735,191
2736,191
2737,191
2738,191
2739,191
2740,191
2741,191
2742,191
2743,191
2744,191
2745,191
2746,191
2747,191
2748,191
2749,191
2750,191
2751,191
2752,191
2753,191
2754,191
2755,191
2756,191
2757,191
2758,191
2759,191
2760,192
2761,191
2762,191
2763,192
2764,192
2765,192
2766,192
2767,192
2768,192
2769,192
2770,192
2771,192
2772,192
2773,192
2774,192
2775,192
2776,192
2777,192
2778,192
2779,192
2780,192
2781,192
2782,192
2783,192
2784,192
2785,192
2786,192
2787,192
2788,192
2789,192
2790,192
2791,192
2792,192
2793,192
2794,192
2795,192
2796,192
2797,192
2798,192
2799,192
2800,192
2801,192
2802,192
2803,192
2804,192
2805,192
2806,192
2807,192
2808,192
2809,192
2810,192
2811,192
2812,192
2813,192
2814,193
2815,193
2816,193
2817,193
2818,193
2819,193
2820,193
2821,193
2822,193
2823,193
2824,193
2825,193
2826,193
2827,193
2828,193
2829,193
2830,193
2831,193
2832,193
2833,193
2834,193
2835,193
2836,193
2837,193
2838,193
2839,193
2840,193
2841,193
2842,193
2843,193
2844,193
2845,193
2846,193
2847,193
2848,193
2849,193
2850,193
2851,193
2852,193
2853,193
2854,193
2855,193
2856,193
2857,193
2858,193
2859,193
2860,193
2861,193
2862,193
2863,193
2864,193
2865,193
2866,193
2867,193
2868,193
2869,193
2870,193
2871,193
2872,193
2873,193
2874,193
2875,193
2876,193
2877,193
2878,193
2879,193
2880,193
2881,193
2882,193
2883,193
2884,193
2885,193
2886,193
2887,193
2888,193
2889,193
2890,193
2891,194
2892,194
2893,194
2894,194
2895,193
2896,193
2897,194
2898,194
2899,194
2900,194
2901,194
2902,194
2903,194
2904,194
2905,194
2906,194
2907,194
2908,194
2909,194
2910,194
2911,194
2912,194
2913,194
2914,194
2915,194
2916,194
2917,194
2918,194
2919,194
2920,194
2921,194
2922,194
2923,194
2924,194
2925,194
2926,194
2927,194
2928,194
2929,194
2930,194
2931,194
2932,194
2933,194
2934,194
2935,194
2936,194
2937,194
2938,194
2939,194
2940,194
2941,194
2942,194
2943,194
2944,194
2945,194
2946,194
2947,194
2948,194
2949,194
2950,194
2951,194
2952,194
2953,194
2954,194
2955,194
2956,194
2957,195
2958,195
2959,195
2960,195
2961,195
2962,195
2963,195
2964,195
2965,195
2966,195
2967,195
2968,195
2969,195
2970,195
2971,195
2972,195
2973,195
2974,195
2975,195
2976,195
2977,195
2978,195
2979,195
2980,195
2981,195
2982,195
2983,195
2984,195
2985,195
2986,195
2987,195
2988,195
2989,196
2990,195
2991,195
2992,195
2993,195
2994,195
2995,195
2996,196
2997,196
2998,195
2999,196
3000,196
3001,196
3002,196
3003,196
3004,196
3005,196
3006,196
3007,196
3008,196
3009,196
3010,196
3011,196
3012,196
3013,196
3014,196
3015,196
3016,196
3017,196
3018,196
3019,196
3020,196
3021,196
3022,196
3023,196
3024,196
3025,196
3026,196
3027,196
3028,196
3029,196
3030,196
3031,196
3032,196
3033,196
3034,196
3035,196
3036,196
3037,196
3038,196
3039,196
3040,197
3041,197
3042,197
3043,197
3044,197
3045,197
3046,197
3047,197
3048,197
3049,197
3050,197
3051,197
3052,197
3053,197
3054,197
3055,197
3056,197
3057,197
3058,197
3059,197
3060,197
3061,197
3062,197
3063,197
3064,197
3065,197
3066,197
3067,197
3068,197
3069,197
3070,197
3071,197
3072,197
3073,197
3074,197
3075,197
3076,197
3077,198
3078,197
3079,197
3080,197
3081,198
3082,198
3083,198
3084,198
3085,198
3086,198
3087,198
3088,198
3089,198
3090,198
3091,198
3092,198
3093,198
3094,198
3095,198
3096,198
3097,198
3098,198
3099,198
3100,198
3101,198
3102,198
3103,198
3104,198
3105,198
3106,198
3107,198
3108,198
3109,198
3110,198
3111,198
3112,198
3113,198
3114,198
3115,198
3116,198
3117,198
3118,198
3119,198
3120,198
3121,198
3122,198
3123,198
3124,198
3125,198
3126,198
3127,198
3128,198
3129,198
3130,199
3131,198
3132,199
3133,198
3134,198
3135,198
3136,198
3137,198
3138,199
3139,199
3140,199
3141,199
3142,199
3143,199
3144,199
3145,199
3146,199
3147,199
3148,199
3149,199
3150,199
3151,199
3152,199
3153,199
3154,199
3155,199
3156,199
3157,199
3158,199
3159,199
3160,199
3161,199
3162,199
3163,199
3164,199
3165,199
3166,199
3167,199
3168,199
3169,199
3170,199
3171,200
3172,200
3173,200
3174,200
3175,200
3176,200
3177,200
3178,200
3179,200
3180,200
3181,200
3182,200
3183,200
3184,200
3185,200
3186,200
3187,200
3188,200
3189,200
3190,200
3191,200
3192,200
3193,200
3194,200
3195,200
3196,200
3197,200
3198,200
3199,200
3200,200
3201,200
3202,200
3203,200
3204,200
3205,200
3206,200
3207,200
3208,200
3209,200
3210,200
3211,200
3212,200
3213,200
3214,200
3215,200
3216,200
3217,200
3218,200
3219,200
3220,200
3221,200
3222,200
3223,200
3224,200
3225,200
3226,200
3227,200
3228,200
3229,200
3230,200
3231,201
3232,201
3233,201
3234,201
3235,201
3236,201
3237,201
3238,201
3239,201
3240,201
3241,201
3242,201
3243,201
3244,201
3245,201
3246,201
3247,201
3248,201
3249,201
3250,201
3251,201
3252,201
3253,201
3254,201
3255,201
3256,201
3257,201
3258,201
3259,201
3260,201
3261,201
3262,201
3263,201
3264,201
3265,201
3266,201
3267,201
3268,201
3269,201
3270,201
3271,201
3272,201
3273,201
3274,201
3275,201
3276,201
3277,202
3278,202
3279,202
3280,202
3281,202
3282,202
3283,202
3284,202
3285,202
3286,202
3287,202
3288,202
3289,202
3290,202
3291,202
3292,202
3293,202
3294,202
3295,202
3296,202
3297,202
3298,202
3299,202
3300,202
3301,202
3302,202
3303,202
3304,202
3305,202
3306,202
3307,202
3308,202
3309,202
3310,202
3311,202
3312,202
3313,202
3314,202
3315,202
3316,202
3317,202
3318,202
3319,202
3320,202
3321,202
3322,202
3323,202
3324,202
3325,202
3326,202
3327,202
3328,202
3329,202
3330,202
3331,203
3332,203
3333,203
3334,203
3335,203
3336,203
3337,203
3338,203
3339,203
3340,203
3341,203
3342,203
3343,203
3344,203
3345,203
3346,203
3347,203
3348,203
3349,203
3350,203
3351,203
3352,203
3353,203
3354,203
3355,203
3356,203
3357,203
3358,203
3359,203
3360,203
3361,203
3362,203
3363,203
3364,203
3365,203
3366,203
3367,203
3368,203
3369,203
3370,203
3371,203
3372,203
3373,203
3374,203
3375,203
3376,203
3377,203
3378,203
3379,203
3380,203
3381,203
3382,203
3383,203
3384,203
3385,203
3386,203
3387,203
3388,203
3389,203
3390,203
3391,203
3392,203
3393,203
3394,203
3395,203
3396,203
3397,203
3398,203
3399,203
3400,203
3401,203
3402,203
3403,203
3404,203
3405,203
3406,203
3407,203
3408,203
3409,203
3410,203
3411,203
3412,204
3413,204
3414,204
3415,204
3416,204
3417,204
3418,204
3419,204
3420,204
3421,204
3422,204
3423,204
3424,204
3425,204
3426,204
3427,204
3428,204
3429,204
3430,204
3431,204
3432,204
3433,204
3434,204
3435,204
3436,204
3437,204
3438,204
3439,204
3440,204
3441,204
3442,204
3443,204
3444,204
3445,204
3446,204
3447,204
3448,204
3449,204
3450,204
3451,204
3452,204
3453,204
3454,204
3455,204
3456,204
3457,204
3458,204
3459,204
3460,204
3461,204
3462,204
3463,204
3464,204
3465,204
3466,204
3467,204
3468,204
3469,204
3470,204
3471,204
3472,204
3473,204
3474,204
3475,204
3476,204
3477,204
3478,204
3479,205
3480,204
3481,204
3482,205
3483,205
3484,205
3485,205
3486,205
3487,205
3488,205
3489,205
3490,205
3491,205
3492,205
3493,205
3494,205
3495,205
3496,205
3497,205
3498,205
3499,205
3500,205
3501,205
3502,205
3503,205
3504,205
3505,205
3506,205
3507,205
3508,205
3509,205
3510,205
3511,205
3512,205
3513,205
3514,205
3515,205
3516,205
3517,205
3518,205
3519,205
3520,205
3521,205
3522,205
3523,205
3524,205
3525,205
3526,205
3527,205
3528,205
3529,205
3530,205
3531,205
3532,205
3533,205
3534,205
3535,205
3536,205
3537,205
3538,205
3539,205
3540,205
3541,205
3542,205
3543,205
3544,205
3545,205
3546,205
3547,205
3548,206
3549,206
3550,206
3551,206
3552,206
3553,206
3554,206
3555,206
3556,206
3557,206
3558,206
3559,206
3560,206
3561,206
3562,206
3563,206
3564,206
3565,206
3566,206
3567,206
3568,206
3569,206
3570,206
3571,206
3572,206
3573,206
3574,206
3575,206
3576,206
3577,206
3578,206
3579,206
3580,206
3581,206
3582,206
3583,206
3584,206
3585,206
3586,206
3587,206
3588,206
3589,206
3590,206
3591,206
3592,206
3593,206
3594,206
3595,206
3596,206
3597,206
3598,206
3599,206
3600,206
3601,206
3602,206
3603,206
3604,206
3605,206
3606,206
3607,206
3608,206
3609,206
3610,206
3611,206
3612,206
3613,206
3614,206
3615,207
3616,207
3617,207
3618,207
3619,207
3620,207
3621,207
3622,207
3623,207
3624,207
3625,207
3626,207
3627,207
3628,207
3629,207
3630,207
3631,207
3632,207
3633,207
3634,207
3635,207
3636,207
3637,207
3638,207
3639,207
3640,207
3641,207
3642,207
3643,207
3644,207
3645,207
3646,207
3647,207
3648,207
3649,207
3650,207
3651,207
3652,207
3653,207
3654,207
3655,207
3656,207
3657,207
3658,207
3659,207
3660,207
3661,207
3662,207
3663,207
3664,207
3665,207
3666,207
3667,207
3668,207
3669,208
3670,208
3671,208
3672,208
3673,208
3674,208
3675,208
3676,208
3677,208
3678,208
3679,208
3680,208
3681,208
3682,208
3683,208
3684,208
3685,208
3686,208
3687,208
3688,208
3689,208
3690,208
3691,208
3692,208
3693,208
3694,208
3695,208
3696,208
3697,208
3698,208
3699,208
3700,208
3701,208
3702,208
3703,208
3704,208
3705,208
3706,208
3707,208
3708,208
3709,208
3710,208
3711,208
3712,208
3713,208
3714,208
3715,208
3716,208
3717,208
3718,208
3719,208
3720,208
3721,208
3722,208
3723,208
3724,209
3725,209
3726,209
3727,209
3728,209
3729,208
3730,208
3731,209
3732,209
3733,209
3734,209
3735,209
3736,209
3737,209
3738,208
3739,209
3740,209
3741,209
3742,209
3743,209
3744,209
3745,209
3746,209
3747,209
3748,209
3749,209
3750,209
3751,209
3752,209
3753,209
3754,209
3755,209
3756,209
3757,209
3758,209
3759,209
3760,209
3761,209
3762,209
3763,209
3764,209
3765,209
3766,209
3767,209
3768,209
3769,209
3770,209
3771,209
3772,209
3773,209
3774,209
3775,210
3776,209
3777,209
3778,209
3779,209
3780,209
3781,209
3782,209
3783,209
3784,209
3785,209
3786,209
3787,209
3788,209
3789,209
3790,209
3791,209
3792,209
3793,209
3794,209
3795,210
3796,210
3797,210
3798,210
3799,210
3800,210
3801,210
3802,210
3803,210
3804,210
3805,210
3806,210
3807,210
3808,210
3809,210
3810,210
3811,210
3812,210
3813,210
3814,210
3815,210
3816,210
3817,210
3818,210
3819,210
3820,210
3821,210
3822,210
3823,211
3824,211
3825,211
3826,211
3827,211
3828,211
3829,211
3830,211
3831,211
3832,211
3833,211
3834,211
3835,211
3836,211
3837,211
3838,211
3839,211
3840,211
3841,211
3842,211
3843,211
3844,211
3845,211
3846,211
3847,211
3848,211
3849,211
3850,211
3851,211
3852,211
3853,211
3854,211
3855,211
3856,211
3857,211
3858,211
3859,211
3860,211
3861,211
3862,211
3863,212
3864,211
3865,212
3866,212
3867,212
3868,212
3869,212
3870,212
3871,212
3872,212
3873,212
3874,212
3875,212
3876,212
3877,212
3878,212
3879,212
3880,212
3881,212
3882,212
3883,212
3884,212
3885,212
3886,212
3887,212
3888,212
3889,212
3890,212
3891,212
3892,212
3893,212
3894,212
3895,212
3896,212
3897,212
3898,212
3899,212
3900,212
3901,212
3902,212
3903,212
3904,212
3905,212
3906,212
3907,212
3908,212
3909,212
3910,212
3911,213
3912,213
3913,213
3914,213
3915,213
3916,213
3917,213
3918,213
3919,213
3920,213
3921,213
3922,213
3923,213
3924,213
3925,213
3926,213
3927,213
3928,213
3929,213
3930,213
3931,213
3932,213
3933,213
3934,213
3935,213
3936,213
3937,213
3938,213
3939,213
3940,213
3941,213
3942,213
3943,213
3944,213
3945,213
3946,213
3947,213
3948,213
3949,213
3950,213
3951,213
3952,214
3953,214
3954,214
3955,214
3956,214
3957,214
3958,214
3959,214
3960,214
3961,214
3962,214
3963,214
3964,214
3965,214
3966,214
3967,214
3968,214
3969,214
3970,214
3971,214
3972,214
3973,214
3974,214
3975,214
3976,214
3977,214
3978,214
3979,214
3980,214
3981,214
3982,214
3983,214
3984,214
3985,214
3986,214
3987,214
3988,214
3989,214
3990,214
3991,214
3992,214
3993,214
3994,214
3995,214
3996,214
3997,214
3998,214
3999,214
4000,214
4001,214
4002,214
4003,214
4004,214
4005,214
4006,214
4007,214
4008,214
4009,214
4010,214
4011,214
4012,214
4013,214
4014,214
4015,214
4016,214
4017,215
4018,215
4019,215
4020,215
4021,215
4022,215
4023,215
4024,215
4025,215
4026,215
4027,215
4028,215
4029,215
4030,215
4031,215
4032,215
4033,215
4034,215
4035,215
4036,215
4037,215
4038,215
4039,215
4040,215
4041,215
4042,215
4043,215
4044,215
4045,215
4046,215
4047,215
4048,215
4049,215
4050,215
4051,215
4052,215
4053,215
4054,215
4055,215
4056,215
4057,215
4058,215
4059,215
4060,215
4061,215
4062,215
4063,215
4064,215
4065,215
4066,215
4067,215
4068,215
4069,215
4070,215
4071,215
4072,215
4073,215
4074,215
4075,216
4076,215
4077,215
4078,216
4079,216
4080,215
4081,216
4082,216
4083,216
4084,216
4085,216
4086,216
4087,216
4088,216
4089,216
4090,216
4091,216
4092,216
4093,216
4094,216
4095,216
4096,216
4097,216
4098,216
4099,216
4100,216
4101,216
4102,216
4103,216
4104,216
4105,216
4106,216
4107,216
4108,216
4109,216
4110,216
4111,216
4112,216
4113,216
4114,216
4115,216
4116,216
4117,216
4118,216
4119,217
4120,217
4121,217
4122,217
4123,217
4124,217
4125,217
4126,217
4127,217
4128,217
4129,217
4130,217
4131,217
4132,217
4133,217
4134,217
4135,217
4136,217
4137,217
4138,217
4139,217
4140,217
4141,217
4142,217
4143,217
4144,217
4145,217
4146,217
4147,217
4148,217
4149,217
4150,217
4151,217
4152,217
4153,217
4154,217
4155,217
4156,217
4157,217
4158,217
4159,217
4160,217
4161,217
4162,217
4163,217
4164,217
4165,217
4166,217
4167,217
4168,217
4169,217
4170,218
4171,218
4172,218
4173,218
4174,218
4175,218
4176,218
4177,218
4178,218
4179,218
4180,218
4181,218
4182,218
4183,218
4184,218
4185,218
4186,218
4187,218
4188,218
4189,218
4190,218
4191,218
4192,218
4193,218
4194,218
4195,218
4196,218
4197,218
4198,218
4199,218
4200,218
4201,218
4202,218
4203,218
4204,218
4205,218
4206,218
4207,218
4208,219
4209,219
4210,219
4211,219
4212,219
4213,219
4214,219
4215,219
4216,219
4217,219
4218,219
4219,219
4220,219
4221,219
4222,219
4223,219
4224,219
4225,219
4226,219
4227,219
4228,219
4229,219
4230,219
4231,219
4232,219
4233,219
4234,219
4235,219
4236,219
4237,219
4238,219
4239,219
4240,219
4241,219
4242,219
4243,219
4244,219
4245,219
4246,219
4247,219
4248,219
4249,219
4250,219
4251,219
4252,220
4253,220
4254,220
4255,220
4256,220
4257,220
4258,220
4259,220
4260,220
4261,220
4262,220
4263,220
4264,220
4265,220
4266,220
4267,220
4268,220
4269,220
4270,220
4271,220
4272,220
4273,220
4274,220
4275,220
4276,220
4277,220
4278,220
4279,220
4280,220
4281,220
4282,220
4283,220
4284,220
4285,220
4286,220
4287,220
4288,220
4289,220
4290,220
4291,220
4292,220
4293,220
4294,220
4295,220
4296,221
4297,220
4298,221
4299,221
4300,221
4301,221
4302,221
4303,221
4304,221
4305,221
4306,221
4307,221
4308,221
4309,221
4310,221
4311,221
4312,221
4313,221
4314,221
4315,221
4316,221
4317,221
4318,221
4319,221
4320,221
4321,221
4322,221
4323,221
4324,221
4325,221
4326,221
4327,221
4328,221
4329,221
4330,221
4331,221
4332,221
4333,221
4334,221
4335,221
4336,221
4337,221
4338,221
4339,221
4340,221
4341,221
4342,221
4343,221
4344,221
4345,221
4346,221
4347,221
4348,221
4349,221
4350,221
4351,221
4352,221
4353,221
4354,221
4355,221
4356,221
4357,221
4358,221
4359,221
4360,221
4361,221
4362,221
4363,221
4364,221
4365,221
4366,221
4367,221
4368,221
4369,221
4370,221
4371,221
4372,221
4373,222
4374,222
4375,222
4376,222
4377,222
4378,222
4379,222
4380,222
4381,222
4382,222
4383,222
4384,222
4385,222
4386,222
4387,222
4388,222
4389,222
4390,222
4391,222
4392,222
4393,222
4394,222
4395,222
4396,222
4397,222
4398,222
4399,222
4400,222
4401,222
4402,222
4403,222
4404,222
4405,222
4406,222
4407,222
4408,222
4409,222
4410,222
4411,222
4412,222
4413,222
4414,222
4415,222
4416,222
4417,222
4418,222
4419,222
4420,222
4421,222
4422,222
4423,222
4424,222
4425,222
4426,222
4427,222
4428,222
4429,222
4430,222
4431,222
4432,222
4433,222
4434,222
4435,222
4436,222
4437,222
4438,222
4439,222
4440,222
4441,222
4442,222
4443,222
4444,222
4445,223
4446,223
4447,223
4448,222
4449,222
4450,222
4451,222
4452,222
4453,222
4454,222
4455,222
4456,222
4457,222
4458,222
4459,223
4460,223
4461,223
4462,223
4463,223
4464,223
4465,223
4466,223
4467,223
4468,223
4469,223
4470,223
4471,223
4472,223
4473,223
4474,223
4475,223
4476,223
4477,223
4478,223
4479,223
4480,223
4481,223
4482,223
4483,223
4484,223
4485,223
4486,223
4487,223
4488,223
4489,223
4490,223
4491,223
4492,223
4493,223
4494,223
4495,223
4496,223
4497,223
4498,223
4499,223
4500,223
4501,223
4502,223
4503,223
4504,223
4505,223
4506,223
4507,223
4508,224
4509,224
4510,224
4511,224
4512,224
4513,224
4514,224
4515,224
4516,224
4517,224
4518,224
4519,224
4520,224
4521,224
4522,224
4523,224
4524,224
4525,224
4526,224
4527,224
4528,224
4529,224
4530,224
4531,224
4532,224
4533,224
4534,224
4535,224
4536,224
4537,224
4538,224
4539,224
4540,224
4541,224
4542,224
4543,224
4544,224
4545,224
4546,224
4547,224
4548,224
4549,224
4550,224
4551,224
4552,224
4553,224
4554,224
4555,224
4556,224
4557,224
4558,224
4559,224
4560,224
4561,224
4562,224
4563,224
4564,224
4565,224
4566,224
4567,224
4568,224
4569,224
4570,224
4571,224
4572,224
4573,224
4574,224
4575,224
4576,224
4577,224
4578,225
4579,225
4580,225
4581,225
4582,225
4583,225
4584,225
4585,225
4586,225
4587,225
4588,225
4589,225
4590,225
4591,225
4592,225
4593,225
4594,225
4595,225
4596,225
4597,225
4598,225
4599,225
4600,225
4601,225
4602,225
4603,225
4604,225
4605,225
4606,225
4607,225
4608,225
4609,225
4610,225
4611,225
4612,225
4613,225
4614,225
4615,225
4616,225
4617,225
4618,225
4619,225
4620,225
4621,225
4622,225
4623,225
4624,225
4625,225
4626,225
4627,225
4628,225
4629,225
4630,225
4631,225
4632,225
4633,225
4634,225
4635,225
4636,225
4637,225
4638,225
4639,225
4640,225
4641,225
4642,225
4643,225
4644,225
4645,225
4646,225
4647,225
4648,225
4649,225
4650,225
4651,226
4652,226
4653,226
4654,226
4655,226
4656,226
4657,226
4658,226
4659,226
4660,226
4661,226
4662,226
4663,226
4664,226
4665,226
4666,226
4667,226
4668,226
4669,226
4670,226
4671,226
4672,226
4673,226
4674,226
4675,226
4676,226
4677,226
4678,226
4679,226
4680,226
4681,226
4682,226
4683,226
4684,226
4685,226
4686,226
4687,226
4688,226
4689,226
4690,226
4691,226
4692,226
4693,226
4694,226
4695,226
4696,226
4697,226
4698,226
4699,226
4700,226
4701,226
4702,226
4703,226
4704,226
4705,226
4706,226
4707,226
4708,226
4709,226
4710,226
4711,226
4712,226
4713,226
4714,226
4715,226
4716,226
4717,226
4718,226
4719,226
4720,226
4721,226
4722,226
4723,226
4724,226
4725,226
4726,226
4727,226
4728,226
4729,226
4730,226
4731,226
4732,226
4733,226
4734,226
4735,226
4736,226
4737,226
4738,226
4739,226
4740,226
4741,226
4742,226
4743,226
4744,226
4745,226
4746,226
4747,226
4748,226
4749,226
4750,226
4751,226
4752,226
4753,226
4754,226
4755,226
4756,226
4757,226
4758,226
4759,226
4760,226
4761,227
4762,227
4763,227
4764,227
4765,227
4766,227
4767,227
4768,227
4769,227
4770,227
4771,227
4772,227
4773,227
4774,227
4775,227
4776,227
4777,227
4778,227
4779,227
4780,227
4781,227
4782,227
4783,227
4784,227
4785,227
4786,227
4787,227
4788,227
4789,227
4790,227
4791,227
4792,227
4793,227
4794,227
4795,227
4796,227
4797,227
4798,227
4799,227
4800,227
4801,227
4802,227
4803,227
4804,227
4805,227
4806,227
4807,227
4808,227
4809,227
4810,227
4811,227
4812,227
4813,227
4814,227
4815,227
4816,227
4817,227
4818,227
4819,227
4820,227
4821,227
4822,227
4823,227
4824,227
4825,227
4826,227
4827,227
4828,227
4829,227
4830,227
4831,227
4832,227
4833,227
4834,227
4835,227
4836,227
4837,227
4838,227
4839,227
4840,227
4841,227
4842,227
4843,227
4844,227
4845,227
4846,227
4847,227
4848,227
4849,227
4850,227
4851,227
4852,227
4853,227
4854,227
4855,227
4856,227
4857,227
4858,227
4859,227
4860,227
4861,227
4862,227
4863,227
4864,227
4865,227
4866,227
4867,227
4868,228
4869,228
4870,228
4871,228
4872,228
4873,228
4874,228
4875,228
4876,228
4877,228
4878,228
4879,228
4880,228
4881,228
4882,228
4883,228
4884,228
4885,228
4886,228
4887,228
4888,228
4889,228
4890,228
4891,228
4892,228
4893,228
4894,228
4895,228
4896,228
4897,228
4898,228
4899,228
4900,228
4901,228
4902,228
4903,228
4904,228
4905,228
4906,228
4907,228
4908,228
4909,228
4910,228
4911,228
4912,228
4913,228
4914,228
4915,228
4916,228
4917,228
4918,228
4919,228
4920,228
4921,228
4922,228
4923,228
4924,228
4925,228
4926,228
4927,228
4928,228
4929,228
4930,228
4931,228
4932,229
4933,229
4934,229
4935,228
4936,228
4937,228
4938,228
4939,228
4940,228
4941,228
4942,228
4943,229
4944,228
4945,229
4946,229
4947,229
4948,229
4949,229
4950,229
4951,229
4952,229
4953,229
4954,229
4955,229
4956,229
4957,229
4958,229
4959,229
4960,229
4961,229
4962,229
4963,229
4964,229
4965,229
4966,229
4967,229
4968,229
4969,229
4970,229
4971,229
4972,229
4973,229
4974,229
4975,229
4976,229
4977,229
4978,229
4979,229
4980,229
4981,229
4982,229
4983,229
4984,229
4985,229
4986,229
4987,229
4988,229
4989,229
4990,229
4991,229
4992,229
4993,229
4994,229
4995,229
4996,229
4997,229
4998,229
4999,229
5000,229
5001,229
5002,229
5003,229
5004,229
5005,229
5006,229
5007,229
5008,229
5009,229
5010,229
5011,229
5012,230
5013,230
5014,230
5015,230
5016,230
5017,230
5018,230
5019,230
5020,230
5021,230
5022,230
5023,230
5024,230
5025,230
5026,230
5027,230
5028,230
5029,230
5030,230
5031,230
5032,230
5033,230
5034,230
5035,230
5036,230
5037,230
5038,230
5039,230
5040,230
5041,230
5042,230
5043,230
5044,230
5045,230
5046,230
5047,230
5048,230
5049,230
5050,230
5051,230
5052,230
5053,230
5054,230
5055,230
5056,231
5057,230
5058,231
5059,231
5060,231
5061,231
5062,231
5063,231
5064,231
5065,231
5066,231
5067,231
5068,231
5069,231
5070,231
5071,231
5072,231
5073,231
5074,231
5075,231
5076,231
5077,231
5078,231
5079,231
5080,231
5081,231
5082,231
5083,231
5084,231
5085,231
5086,231
5087,231
5088,231
5089,231
5090,231
5091,231
5092,231
5093,231
5094,231
5095,231
5096,231
5097,231
5098,231
5099,231
5100,231
5101,231
5102,231
5103,231
5104,231
5105,231
5106,231
5107,231
5108,231
5109,231
5110,231
5111,231
5112,231
5113,231
5114,231
5115,231
5116,231
5117,231
5118,231
5119,232
5120,232
5121,232
5122,232
5123,232
5124,231
5125,232
5126,232
5127,232
5128,232
5129,232
5130,232
5131,232
5132,232
5133,232
5134,232
5135,232
5136,232
5137,232
5138,232
5139,232
5140,232
5141,232
5142,232
5143,232
5144,232
5145,232
5146,232
5147,232
5148,232
5149,232
5150,232
5151,232
5152,232
5153,232
5154,232
5155,232
5156,232
5157,232
5158,232
5159,232
5160,232
5161,232
5162,232
5163,232
5164,232
5165,232
5166,232
5167,232
5168,232
5169,232
5170,232
5171,232
5172,232
5173,232
5174,232
5175,232
5176,232
5177,232
5178,232
5179,232
5180,232
5181,232
5182,232
5183,232
5184,232
5185,232
5186,232
5187,232
5188,232
5189,232
5190,232
5191,232
5192,232
5193,232
5194,232
5195,232
5196,232
5197,232
5198,232
5199,232
5200,232
5201,232
5202,232
5203,232
5204,232
5205,232
5206,232
5207,232
5208,232
5209,232
5210,232
5211,232
5212,232
5213,232
5214,232
5215,232
5216,232
5217,232
5218,232
5219,232
5220,233
5221,233
5222,233
5223,233
5224,233
5225,233
5226,233
5227,233
5228,233
5229,233
5230,233
5231,233
5232,233
5233,233
5234,233
5235,233
5236,233
5237,233
5238,233
5239,233
5240,233
5241,233
5242,233
5243,233
5244,233
5245,233
5246,233
5247,233
5248,233
5249,233
5250,233
5251,233
5252,233
5253,233
5254,233
5255,233
5256,233
5257,233
5258,233
5259,233
5260,233
5261,233
5262,233
5263,233
5264,233
5265,233
5266,233
5267,233
5268,233
5269,233
5270,233
5271,233
5272,233
5273,233
5274,234
5275,234
5276,234
5277,233
5278,234
5279,234
5280,234
5281,234
5282,234
5283,234
5284,234
5285,234
5286,234
5287,234
5288,234
5289,234
5290,234
5291,234
5292,234
5293,234
5294,234
5295,234
5296,234
5297,234
5298,234
5299,234
5300,234
5301,234
5302,234
5303,234
5304,234
5305,234
5306,234
5307,234
5308,234
5309,234
5310,234
5311,234
5312,234
5313,234
5314,234
5315,234
5316,234
5317,234
5318,234
5319,234
5320,234
5321,234
5322,234
5323,234
5324,234
5325,234
5326,234
5327,234
5328,234
5329,234
5330,234
5331,234
5332,234
5333,235
5334,235
5335,235
5336,235
5337,235
5338,235
5339,235
5340,235
5341,235
5342,235
5343,235
5344,235
5345,235
5346,235
5347,235
5348,235
5349,235
5350,235
5351,235
5352,235
5353,235
5354,235
5355,235
5356,235
5357,235
5358,235
5359,235
5360,235
5361,235
5362,235
5363,235
5364,235
5365,235
5366,235
5367,235
5368,235
5369,235
5370,235
5371,235
5372,235
5373,235
5374,235
5375,235
5376,235
5377,235
5378,235
5379,235
5380,235
5381,235
5382,235
5383,235
5384,235
5385,235
5386,235
5387,235
5388,235
5389,235
5390,235
5391,235
5392,235
5393,235
5394,235
5395,235
5396,235
5397,236
5398,236
5399,236
5400,236
5401,236
5402,236
5403,236
5404,236
5405,236
5406,236
5407,236
5408,236
5409,236
5410,236
5411,236
5412,236
5413,236
5414,236
5415,236
5416,236
5417,236
5418,236
5419,236
5420,236
5421,236
5422,236
5423,236
5424,236
5425,236
5426,236
5427,236
5428,236
5429,236
5430,236
5431,236
5432,236
5433,236
5434,236
5435,236
5436,236
5437,236
5438,236
5439,236
5440,236
5441,236
5442,236
5443,236
5444,236
5445,236
5446,236
5447,236
5448,236
5449,237
5450,237
5451,237
5452,237
5453,237
5454,237
5455,237
5456,237
5457,237
5458,237
5459,237
5460,237
5461,237
5462,237
5463,237
5464,237
5465,237
5466,237
5467,237
5468,237
5469,237
5470,237
5471,237
5472,237
5473,237
5474,237
5475,237
5476,237
5477,237
5478,237
5479,237
5480,237
5481,237
5482,237
5483,237
5484,237
5485,237
5486,237
5487,237
5488,237
5489,237
5490,237
5491,237
5492,237
5493,237
5494,237
5495,237
5496,237
5497,237
5498,237
5499,237
5500,237
5501,237
5502,237
5503,237
5504,237
5505,237
5506,237
5507,237
5508,237
5509,238
5510,238
5511,238
5512,238
5513,238
5514,238
5515,238
5516,238
5517,238
5518,238
5519,238
5520,238
5521,238
5522,238
5523,238
5524,238
5525,238
5526,238
5527,238
5528,238
5529,238
5530,238
5531,238
5532,238
5533,238
5534,238
5535,238
5536,238
5537,238
5538,238
5539,238
5540,238
5541,238
5542,238
5543,238
5544,238
5545,238
5546,238
5547,238
5548,238
5549,238
5550,238
5551,238
5552,238
5553,238
5554,238
5555,238
5556,238
5557,238
5558,238
5559,238
5560,238
5561,238
5562,238
5563,238
5564,238
5565,238
5566,238
5567,238
5568,238
5569,238
5570,238
5571,238
5572,238
5573,238
5574,238
5575,239
5576,239
5577,239
5578,239
5579,239
5580,239
5581,239
5582,239
5583,239
5584,239
5585,239
5586,239
5587,239
5588,239
5589,239
5590,239
5591,239
5592,239
5593,239
5594,239
5595,239
5596,239
5597,239
5598,239
5599,239
5600,239
5601,239
5602,239
5603,239
5604,239
5605,239
5606,239
5607,239
5608,239
5609,239
5610,239
5611,239
5612,239
5613,239
5614,239
5615,239
5616,239
5617,239
5618,239
5619,239
5620,239
5621,239
5622,239
5623,239
5624,239
5625,239
5626,239
5627,239
5628,239
5629,239
5630,239
5631,239
5632,240
5633,240
5634,240
5635,240
5636,240
5637,240
5638,240
5639,240
5640,240
5641,240
5642,240
5643,240
5644,240
5645,240
5646,240
5647,240
5648,240
5649,240
5650,240
5651,240
5652,240
5653,240
5654,240
5655,240
5656,240
5657,240
5658,240
5659,240
5660,240
5661,240
5662,240
5663,240
5664,240
5665,240
5666,240
5667,240
5668,240
5669,240
5670,240
5671,240
5672,240
5673,240
5674,240
5675,240
5676,240
5677,240
5678,240
5679,240
5680,240
5681,240
5682,240
5683,240
5684,240
5685,240
5686,240
5687,240
5688,240
5689,240
5690,240
5691,240
5692,240
5693,240
5694,240
5695,240
5696,240
5697,240
5698,240
5699,240
5700,240
5701,240
5702,241
5703,241
5704,241
5705,241
5706,241
5707,241
5708,241
5709,241
5710,241
5711,241
5712,241
5713,241
5714,241
5715,241
5716,241
5717,241
5718,241
5719,241
5720,241
5721,241
5722,241
5723,241
5724,241
5725,241
5726,241
5727,241
5728,241
5729,241
5730,241
5731,241
5732,241
5733,241
5734,241
5735,241
5736,241
5737,241
5738,241
5739,241
5740,241
5741,241
5742,241
5743,241
5744,241
5745,241
5746,241
5747,241
5748,241
5749,241
5750,241
5751,241
5752,241
5753,241
5754,241
5755,241
5756,241
5757,241
5758,241
5759,241
5760,241
5761,241
5762,241
5763,241
5764,241
5765,241
5766,241
5767,242
5768,242
5769,242
5770,242
5771,242
5772,242
5773,242
5774,242
5775,242
5776,242
5777,242
5778,242
5779,242
5780,242
5781,242
5782,242
5783,242
5784,242
5785,242
5786,242
5787,242
5788,242
5789,242
5790,242
5791,242
5792,242
5793,242
5794,242
5795,242
5796,242
5797,242
5798,242
5799,242
5800,242
5801,242
5802,242
5803,242
5804,242
5805,242
5806,242
5807,242
5808,242
5809,242
5810,242
5811,242
5812,242
5813,242
5814,242
5815,242
5816,242
5817,242
5818,242
5819,242
5820,242
5821,242
5822,242
5823,242
5824,242
5825,242
5826,242
5827,242
5828,242
5829,242
5830,242
5831,242
5832,242
5833,242
5834,242
5835,242
5836,242
5837,242
5838,242
5839,242
5840,242
5841,242
5842,242
5843,242
5844,242
5845,242
5846,242
5847,242
5848,242
5849,243
5850,242
5851,242
5852,243
5853,242
5854,242
5855,243
5856,243
5857,243
5858,243
5859,243
5860,243
5861,243
5862,243
5863,243
5864,243
5865,243
5866,243
5867,243
5868,243
5869,243
5870,243
5871,243
5872,243
5873,243
5874,243
5875,243
5876,243
5877,243
5878,243
5879,243
5880,243
5881,243
5882,243
5883,243
5884,243
5885,243
5886,243
5887,243
5888,243
5889,243
5890,243
5891,243
5892,243
5893,243
5894,243
5895,243
5896,243
5897,243
5898,243
5899,243
5900,243
5901,243
5902,243
5903,243
5904,243
5905,243
5906,243
5907,243
5908,243
5909,243
5910,243
5911,243
5912,243
5913,243
5914,244
5915,244
5916,244
5917,244
5918,243
5919,243
5920,244
5921,244
5922,244
5923,244
5924,244
5925,244
5926,244
5927,244
5928,244
5929,244
5930,244
5931,244
5932,244
5933,244
5934,244
5935,244
5936,244
5937,244
5938,244
5939,244
5940,244
5941,244
5942,244
5943,244
5944,244
5945,244
5946,244
5947,244
5948,244
5949,244
5950,244
5951,244
5952,244
5953,244
5954,244
5955,244
5956,244
5957,244
5958,244
5959,244
5960,244
5961,244
5962,244
5963,244
5964,244
5965,244
5966,244
5967,244
5968,244
5969,244
5970,244
5971,245
5972,244
5973,244
5974,244
5975,244
5976,244
5977,244
5978,244
5979,244
5980,245
5981,245
5982,245
5983,245
5984,245
5985,245
5986,245
5987,245
5988,245
5989,245
5990,245
5991,245
5992,245
5993,245
5994,245
5995,245
5996,245
5997,245
5998,245
5999,245
6000,245
6001,245
6002,245
6003,245
6004,245
6005,245
6006,245
6007,245
6008,245
6009,245
6010,245
6011,245
6012,245
6013,245
6014,245
6015,245
6016,245
6017,245
6018,245
6019,245
6020,245
6021,245
6022,245
6023,245
6024,245
6025,245
6026,245
6027,245
6028,245
6029,245
6030,246
6031,246
6032,245
6033,245
6034,246
6035,246
6036,246
6037,246
6038,246
6039,246
6040,246
6041,245
6042,246
6043,246
6044,246
6045,246
6046,246
6047,246
6048,246
6049,246
6050,246
6051,246
6052,246
6053,246
6054,246
6055,246
6056,246
6057,246
6058,246
6059,246
6060,246
6061,246
6062,246
6063,246
6064,246
6065,246
6066,246
6067,246
6068,246
6069,246
6070,246
6071,246
6072,246
6073,246
6074,246
6075,246
6076,246
6077,246
6078,246
6079,246
6080,246
6081,246
6082,246
6083,246
6084,246
6085,246
6086,246
6087,246
6088,246
6089,246
6090,246
6091,246
6092,246
6093,246
6094,246
6095,246
6096,246
6097,246
6098,246
6099,246
6100,246
6101,246
6102,246
6103,246
6104,246
6105,246
6106,246
6107,246
6108,246
6109,246
6110,246
6111,246
6112,246
6113,246
6114,246
6115,246
6116,246
6117,246
6118,247
6119,246
6120,246
6121,246
6122,246
6123,247
6124,247
6125,247
6126,247
6127,247
6128,247
6129,247
6130,247
6131,247
6132,247
6133,247
6134,247
6135,247
6136,247
6137,247
6138,247
6139,247
6140,247
6141,247
6142,247
6143,247
6144,247
6145,247
6146,247
6147,247
6148,247
6149,247
6150,247
6151,247
6152,247
6153,247
6154,247
6155,247
6156,247
6157,247
6158,247
6159,247
6160,247
6161,247
6162,247
6163,247
6164,247
6165,247
6166,247
6167,247
6168,247
6169,247
6170,248
6171,248
6172,247
6173,247
6174,247
6175,247
6176,248
6177,248
6178,248
6179,248
6180,248
6181,248
6182,248
6183,248
6184,248
6185,248
6186,248
6187,248
6188,248
6189,248
6190,248
6191,248
6192,248
6193,248
6194,248
6195,248
6196,248
6197,248
6198,248
6199,248
6200,248
6201,248
6202,248
6203,248
6204,248
6205,248
6206,248
6207,248
6208,248
6209,248
6210,248
6211,248
6212,248
6213,248
6214,248
6215,248
6216,248
6217,248
6218,248
6219,248
6220,248
6221,248
6222,248
6223,248
6224,248
6225,248
6226,248
6227,248
6228,249
6229,249
6230,249
6231,249
6232,249
6233,249
6234,249
6235,249
6236,249
6237,249
6238,249
6239,249
6240,249
6241,249
6242,249
6243,249
6244,249
6245,249
6246,249
6247,249
6248,249
6249,249
6250,249
6251,249
6252,249
6253,249
6254,249
6255,249
6256,249
6257,249
6258,249
6259,249
6260,249
6261,249
6262,249
6263,249
6264,249
6265,249
6266,249
6267,249
6268,249
6269,249
6270,249
6271,249
6272,249
6273,249
6274,249
6275,249
6276,249
6277,249
6278,249
6279,249
6280,249
6281,249
6282,249
6283,249
6284,249
6285,249
6286,249
6287,249
6288,249
6289,249
6290,249
6291,249
6292,249
6293,249
6294,250
6295,250
6296,249
6297,249
6298,249
6299,249
6300,249
6301,249
6302,249
6303,249
6304,250
6305,250
6306,250
6307,250
6308,250
6309,250
6310,250
6311,250
6312,250
6313,250
6314,250
6315,250
6316,250
6317,250
6318,250
6319,250
6320,250
6321,250
6322,250
6323,250
6324,250
6325,250
6326,250
6327,250
6328,250
6329,250
6330,250
6331,250
6332,250
6333,250
6334,250
6335,250
6336,250
6337,250
6338,250
6339,250
6340,250
6341,250
6342,250
6343,250
6344,250
6345,250
6346,250
6347,250
6348,250
6349,250
6350,250
6351,250
6352,250
6353,250
6354,250
6355,250
6356,250
6357,250
6358,250
6359,250
6360,250
6361,250
6362,250
6363,250
6364,250
6365,250
6366,250
6367,250
6368,250
6369,250
6370,250
6371,250
6372,250
6373,250
6374,250
6375,250
6376,250
6377,250
6378,250
6379,250
6380,250
6381,250
6382,250
6383,250
6384,250
6385,250
6386,250
6387,250
6388,250
6389,250
6390,250
6391,250
6392,250
6393,250
6394,250
6395,250
6396,250
6397,250
6398,250
6399,250
6400,251
6401,251
6402,251
6403,251
6404,250
6405,250
6406,250
6407,251
6408,251
6409,250
6410,250
6411,251
6412,251
6413,251
6414,251
6415,251
6416,251
6417,251
6418,251
6419,251
6420,251
6421,251
6422,251
6423,251
6424,251
6425,251
6426,251
6427,251
6428,251
6429,251
6430,251
6431,251
6432,251
6433,251
6434,251
6435,251
6436,251
6437,251
6438,251
6439,251
6440,251
6441,251
6442,251
6443,251
6444,251
6445,251
6446,251
6447,251
6448,251
6449,251
6450,251
6451,251
6452,251
6453,251
6454,251
6455,251
6456,251
6457,251
6458,251
6459,251
6460,251
6461,251
6462,251
6463,251
6464,251
6465,251
6466,251
6467,251
6468,251
6469,251
6470,251
6471,251
6472,251
6473,251
6474,251
6475,251
6476,251
6477,252
6478,252
6479,252
6480,252
6481,252
6482,252
6483,252
6484,252
6485,252
6486,252
6487,252
6488,252
6489,252
6490,252
6491,252
6492,252
6493,252
6494,252
6495,252
6496,252
6497,252
6498,252
6499,252
6500,252
6501,252
6502,252
6503,252
6504,252
6505,252
6506,252
6507,252
6508,252
6509,252
6510,252
6511,252
6512,252
6513,252
6514,252
6515,252
6516,252
6517,252
6518,252
6519,252
6520,252
6521,252
6522,252
6523,252
6524,252
6525,252
6526,252
6527,252
6528,252
6529,252
6530,252
6531,252
6532,252
6533,252
6534,252
6535,252
6536,252
6537,252
6538,252
6539,252
6540,252
6541,253
6542,252
6543,253
6544,253
6545,253
6546,253
6547,253
6548,253
6549,253
6550,253
6551,253
6552,253
6553,253
6554,253
6555,253
6556,253
6557,253
6558,253
6559,253
6560,253
6561,253
6562,253
6563,253
6564,253
6565,253
6566,253
6567,253
6568,253
6569,253
6570,253
6571,254
6572,254
6573,254
6574,253
6575,254
6576,254
6577,254
6578,253
6579,254
6580,254
6581,254
6582,254
6583,253
6584,253
6585,253
6586,253
6587,253
6588,253
6589,253
6590,254
6591,254
6592,254
6593,254
6594,254
6595,254
6596,254
6597,254
6598,254
6599,254
6600,254
6601,254
6602,254
6603,254
6604,254
6605,254
6606,254
6607,254
6608,254
6609,254
6610,254
6611,254
6612,254
6613,254
6614,254
6615,254
6616,254
6617,254
6618,254
6619,254
6620,254
6621,254
6622,254
6623,254
6624,254
6625,254
6626,254
6627,254
6628,254
6629,254
6630,254
6631,254
6632,254
6633,254
6634,254
6635,254
6636,254
6637,254
6638,254
6639,254
6640,254
6641,254
6642,254
6643,254
6644,254
6645,254
6646,254
6647,254
6648,254
6649,254
6650,254
6651,254
6652,254
6653,254
6654,254
6655,255
6656,254
6657,254
6658,254
6659,254
6660,254
6661,254
6662,254
6663,254
6664,254
6665,254
6666,254
6667,254
6668,254
6669,254
6670,254
6671,254
6672,254
6673,254
6674,254
6675,254
6676,254
6677,254
6678,254
6679,254
6680,254
6681,254
6682,254
6683,254
6684,254
6685,254
6686,254
6687,254
6688,254
6689,254
6690,254
6691,254
6692,255
6693,255
6694,255
6695,255
6696,255
6697,255
6698,255
6699,255
6700,255
6701,255
6702,255
6703,255
6704,255
6705,255
6706,255
6707,255
6708,255
6709,255
6710,255
6711,255
6712,255
6713,255
6714,255
6715,255
6716,255
6717,255
6718,255
6719,255
6720,255
6721,255
6722,255
6723,255
6724,255
6725,255
6726,255
6727,255
6728,255
6729,255
6730,255
6731,255
6732,255
6733,255
6734,255
6735,255
6736,255
6737,255
6738,255
6739,255
6740,255
6741,255
6742,255
6743,255
6744,255
6745,255
6746,255
6747,255
6748,255
6749,255
6750,255
6751,255
6752,255
6753,255
6754,255
6755,255
6756,255
6757,255
6758,256
6759,255
6760,255
6761,256
6762,256
6763,256
6764,256
6765,256
6766,256
6767,256
6768,256
6769,256
6770,256
6771,256
6772,256
6773,256
6774,256
6775,256
6776,256
6777,256
6778,256
6779,256
6780,256
6781,256
6782,255
6783,256
6784,256
6785,256
6786,256
6787,255
6788,256
6789,256
6790,256
6791,256
6792,256
6793,256
6794,256
6795,256
6796,256
6797,256
6798,256
6799,256
6800,256
6801,256
6802,256
6803,256
6804,256
6805,256
6806,256
6807,256
6808,256
6809,256
6810,256
6811,256
6812,256
6813,256
6814,256
6815,256
6816,256
6817,256
6818,256
6819,256
6820,256
6821,256
6822,256
6823,256
6824,256
6825,256
6826,256
6827,256
6828,256
6829,256
6830,256
6831,257
6832,256
6833,256
6834,256
6835,256
6836,257
6837,257
6838,257
6839,257
6840,257
6841,257
6842,257
6843,257
6844,257
6845,257
6846,257
6847,257
6848,257
6849,257
6850,257
6851,257
6852,257
6853,257
6854,257
6855,257
6856,257
6857,257
6858,257
6859,257
6860,257
6861,257
6862,257
6863,257
6864,257
6865,257
6866,257
6867,257
6868,257
6869,257
6870,257
6871,257
6872,257
6873,257
6874,257
6875,257
6876,257
6877,257
6878,257
6879,257
6880,257
6881,257
6882,257
6883,257
6884,257
6885,257
6886,257
6887,257
6888,257
6889,257
6890,257
6891,257
6892,257
6893,257
6894,257
6895,257
6896,257
6897,257
6898,257
6899,257
6900,257
6901,257
6902,257
6903,257
6904,258
6905,258
6906,258
6907,258
6908,258
6909,258
6910,258
6911,258
6912,258
6913,258
6914,258
6915,258
6916,258
6917,258
6918,258
6919,258
6920,258
6921,258
6922,258
6923,258
6924,258
6925,258
6926,258
6927,258
6928,258
6929,258
6930,258
6931,258
6932,258
6933,258
6934,258
6935,258
6936,258
6937,258
6938,258
6939,258
6940,258
6941,258
6942,258
6943,259
6944,258
6945,258
6946,258
6947,258
6948,259
6949,259
6950,259
6951,259
6952,259
6953,259
6954,259
6955,259
6956,259
6957,259
6958,259
6959,259
6960,259
6961,259
6962,259
6963,259
6964,259
6965,259
6966,259
6967,259
6968,259
6969,259
6970,259
6971,259
6972,259
6973,259
6974,259
6975,259
6976,259
6977,259
6978,259
6979,259
6980,259
6981,259
6982,259
6983,259
6984,259
6985,259
6986,259
6987,259
6988,259
6989,259
6990,259
6991,259
6992,259
6993,259
6994,259
6995,259
6996,259
6997,259
6998,259
6999,259
7000,259
7001,259
7002,259
7003,259
7004,259
7005,259
7006,259
7007,259
7008,259
7009,259
7010,259
7011,259
7012,259
7013,259
7014,259
7015,259
7016,260
7017,260
7018,259
7019,259
7020,260
7021,260
7022,260
7023,260
7024,260
7025,260
7026,260
7027,260
7028,260
7029,260
7030,260
7031,260
7032,260
7033,260
7034,260
7035,260
7036,260
7037,260
7038,260
7039,260
7040,260
7041,260
7042,260
7043,260
7044,260
7045,260
7046,260
7047,260
7048,260
7049,260
7050,260
7051,260
7052,260
7053,260
7054,260
7055,260
7056,260
7057,260
7058,260
7059,260
7060,260
7061,260
7062,260
7063,260
7064,260
7065,260
7066,260
7067,260
7068,260
7069,260
7070,260
7071,260
7072,260
7073,260
7074,260
7075,260
7076,260
7077,260
7078,260
7079,260
7080,260
7081,260
7082,260
7083,260
7084,260
7085,260
7086,260
7087,260
7088,260
7089,260
7090,261
7091,261
7092,261
7093,261
7094,261
7095,261
7096,261
7097,261
7098,261
7099,261
7100,261
7101,261
7102,261
7103,261
7104,261
7105,261
7106,261
7107,261
7108,261
7109,261
7110,261
7111,261
7112,261
7113,261
7114,261
7115,261
7116,261
7117,261
7118,261
7119,261
7120,261
7121,261
7122,261
7123,261
7124,261
7125,261
7126,261
7127,261
7128,261
7129,261
7130,261
7131,261
7132,261
7133,261
7134,261
7135,261
7136,261
7137,261
7138,261
7139,261
7140,261
7141,261
7142,261
7143,261
7144,261
7145,261
7146,261
7147,261
7148,261
7149,261
7150,261
7151,261
7152,261
7153,261
7154,261
7155,261
7156,261
7157,261
7158,261
7159,261
7160,261
7161,261
7162,262
7163,262
7164,262
7165,262
7166,262
7167,262
7168,262
7169,262
7170,262
7171,262
7172,262
7173,262
7174,262
7175,262
7176,262
7177,262
7178,262
7179,262
7180,262
7181,262
7182,262
7183,262
7184,262
7185,262
7186,262
7187,262
7188,262
7189,262
7190,262
7191,262
7192,262
7193,262
7194,262
7195,262
7196,262
7197,262
7198,262
7199,262
7200,262
7201,262
7202,262
7203,262
7204,262
7205,262
7206,262
7207,262
7208,262
7209,262
7210,262
7211,262
7212,262
7213,262
7214,262
7215,262
7216,262
7217,262
7218,262
7219,262
7220,262
7221,262
7222,262
7223,262
7224,262
7225,262
7226,262
7227,262
7228,262
7229,262
7230,262
7231,262
7232,262
7233,262
7234,262
7235,262
7236,262
7237,262
7238,262
7239,262
7240,262
7241,262
7242,262
7243,262
7244,262
7245,262
7246,262
7247,262
7248,262
7249,262
7250,262
7251,262
7252,263
7253,263
7254,263
7255,263
7256,263
7257,263
7258,263
7259,263
7260,263
7261,263
7262,263
7263,263
7264,263
7265,263
7266,263
7267,263
7268,263
7269,263
7270,263
7271,263
7272,263
7273,263
7274,263
7275,263
7276,263
7277,263
7278,263
7279,263
7280,263
7281,263
7282,263
7283,263
7284,263
7285,263
7286,263
7287,263
7288,263
7289,263
7290,263
7291,263
7292,263
7293,263
7294,263
7295,263
7296,263
7297,263
7298,263
7299,263
7300,263
7301,263
7302,263
7303,263
7304,263
7305,263
7306,263
7307,264
7308,264
7309,264
7310,264
7311,264
7312,264
7313,264
7314,264
7315,264
7316,264
7317,264
7318,264
7319,264
7320,264
7321,264
7322,264
7323,264
7324,264
7325,264
7326,264
7327,264
7328,264
7329,264
7330,264
7331,264
7332,264
7333,264
7334,264
7335,264
7336,264
7337,264
7338,264
7339,264
7340,264
7341,264
7342,264
7343,264
7344,264
7345,264
7346,264
7347,264
7348,264
7349,264
7350,264
7351,264
7352,264
7353,264
7354,264
7355,264
7356,264
7357,265
7358,265
7359,265
7360,265
7361,265
7362,265
7363,265
7364,265
7365,265
7366,265
7367,265
7368,265
7369,265
7370,265
7371,265
7372,265
7373,265
7374,265
7375,265
7376,265
7377,265
7378,265
7379,265
7380,265
7381,265
7382,265
7383,265
7384,265
7385,265
7386,265
7387,265
7388,265
7389,265
7390,265
7391,265
7392,265
7393,265
7394,265
7395,265
7396,265
7397,265
7398,265
7399,265
7400,265
7401,265
7402,265
7403,265
7404,265
7405,265
7406,265
7407,265
7408,265
7409,265
7410,265
7411,265
7412,265
7413,265
7414,265
7415,265
7416,265
7417,265
7418,265
7419,265
7420,265
7421,265
7422,265
7423,265
7424,265
7425,265
7426,265
7427,265
7428,265
7429,265
7430,265
7431,265
7432,266
7433,266
7434,266
7435,266
7436,266
7437,266
7438,266
7439,266
7440,266
7441,266
7442,266
7443,266
7444,266
7445,266
7446,266
7447,266
7448,266
7449,266
7450,266
7451,266
7452,266
7453,266
7454,266
7455,266
7456,266
7457,266
7458,266
7459,266
7460,266
7461,266
7462,266
7463,266
7464,266
7465,266
7466,266
7467,266
7468,266
7469,266
7470,266
7471,266
7472,266
7473,266
7474,266
7475,267
7476,267
7477,267
7478,267
7479,267
7480,267
7481,267
7482,267
7483,267
7484,267
7485,267
7486,267
7487,267
7488,267
7489,267
7490,267
7491,267
7492,267
7493,267
7494,267
7495,267
7496,267
7497,267
7498,267
7499,267
7500,267
7501,267
7502,267
7503,267
7504,267
7505,267
7506,267
7507,267
7508,267
7509,267
7510,267
7511,267
7512,267
7513,267
7514,267
7515,267
7516,268
7517,268
7518,268
7519,268
7520,268
7521,268
7522,268
7523,268
7524,268
7525,268
7526,268
7527,268
7528,268
7529,268
7530,268
7531,268
7532,268
7533,268
7534,268
7535,267
7536,268
7537,268
7538,268
7539,268
7540,268
7541,268
7542,268
7543,268
7544,268
7545,268
7546,268
7547,268
7548,268
7549,268
7550,268
7551,268
7552,268
7553,268
7554,268
7555,268
7556,268
7557,268
7558,268
7559,268
7560,268
7561,268
7562,268
7563,268
7564,268
7565,268
7566,268
7567,268
7568,268
7569,268
7570,268
7571,268
7572,268
7573,268
7574,268
7575,268
7576,268
7577,268
7578,268
7579,268
7580,268
7581,268
7582,268
7583,268
7584,268
7585,268
7586,269
7587,268
7588,268
7589,268
7590,268
7591,268
7592,269
7593,269
7594,269
7595,269
7596,269
7597,269
7598,269
7599,269
7600,269
7601,269
7602,269
7603,269
7604,269
7605,269
7606,269
7607,269
7608,269
7609,269
7610,269
7611,269
7612,269
7613,269
7614,269
7615,269
7616,269
7617,269
7618,269
7619,269
7620,269
7621,269
7622,269
7623,269
7624,269
7625,269
7626,269
7627,269
7628,269
7629,269
7630,269
7631,269
7632,269
7633,269
7634,269
7635,269
7636,269
7637,269
7638,269
7639,269
7640,269
7641,269
7642,269
7643,269
7644,269
7645,269
7646,269
7647,269
7648,269
7649,269
7650,269
7651,269
7652,269
7653,269
7654,269
7655,269
7656,269
7657,269
7658,269
7659,269
7660,269
7661,269
7662,269
7663,269
7664,269
7665,269
7666,269
7667,270
7668,270
7669,270
7670,270
7671,270
7672,270
7673,270
7674,270
7675,270
7676,270
7677,270
7678,270
7679,270
7680,270
7681,270
7682,270
7683,270
7684,270
7685,270
7686,270
7687,270
7688,270
7689,270
7690,270
7691,270
7692,270
7693,270
7694,270
7695,270
7696,270
7697,270
7698,270
7699,270
7700,270
7701,270
7702,270
7703,270
7704,270
7705,270
7706,270
7707,270
7708,270
7709,270
7710,270
7711,270
7712,270
7713,270
7714,270
7715,270
7716,270
7717,270
7718,270
7719,270
7720,270
7721,270
7722,270
7723,270
7724,270
7725,270
7726,270
7727,270
7728,270
7729,270
7730,270
7731,270
7732,270
7733,270
7734,270
7735,271
7736,271
7737,271
7738,271
7739,271
7740,271
7741,271
7742,271
7743,271
7744,271
7745,271
7746,271
7747,271
7748,271
7749,271
7750,271
7751,271
7752,271
7753,271
7754,271
7755,271
7756,271
7757,271
7758,271
7759,271
7760,271
7761,271
7762,271
7763,271
7764,271
7765,271
7766,271
7767,271
7768,271
7769,271
7770,271
7771,271
7772,271
7773,271
7774,271
7775,271
7776,271
7777,271
7778,271
7779,271
7780,271
7781,272
7782,272
7783,271
7784,272
7785,272
7786,272
7787,272
7788,272
7789,272
7790,272
7791,272
7792,272
7793,272
7794,272
7795,272
7796,272
7797,272
7798,272
7799,272
7800,272
7801,272
7802,272
7803,272
7804,272
7805,272
7806,272
7807,272
7808,272
7809,272
7810,272
7811,272
7812,272
7813,272
7814,272
7815,272
7816,272
7817,272
7818,272
7819,272
7820,272
7821,272
7822,272
7823,272
7824,272
7825,272
7826,272
7827,272
7828,272
7829,272
7830,272
7831,272
7832,272
7833,272
7834,272
7835,272
7836,272
7837,272
7838,272
7839,272
7840,272
7841,272
7842,272
7843,273
7844,273
7845,273
7846,273
7847,273
7848,273
7849,273
7850,273
7851,273
7852,273
7853,273
7854,273
7855,273
7856,273
7857,273
7858,273
7859,273
7860,273
7861,273
7862,273
7863,273
7864,273
7865,273
7866,273
7867,273
7868,273
7869,273
7870,273
7871,273
7872,273
7873,273
7874,273
7875,273
7876,273
7877,273
7878,273
7879,273
7880,273
7881,273
7882,273
7883,273
7884,273
7885,273
7886,273
7887,273
7888,273
7889,273
7890,273
7891,273
7892,273
7893,273
7894,273
7895,273
7896,273
7897,273
7898,273
7899,273
7900,273
7901,273
7902,273
7903,273
7904,273
7905,273
7906,273
7907,273
7908,273
7909,273
7910,273
7911,273
7912,273
7913,273
7914,274
7915,274
7916,274
7917,274
7918,274
7919,274
7920,274
7921,274
7922,274
7923,274
7924,274
7925,274
7926,274
7927,274
7928,274
7929,274
7930,274
7931,274
7932,274
7933,274
7934,274
7935,274
7936,274
7937,274
7938,274
7939,274
7940,274
7941,274
7942,274
7943,274
7944,274
7945,274
7946,274
7947,274
7948,274
7949,274
7950,274
7951,274
7952,274
7953,274
7954,274
7955,274
7956,274
7957,274
7958,274
7959,275
7960,274
7961,274
7962,274
7963,274
7964,274
7965,274
7966,274
7967,274
7968,275
7969,275
7970,274
7971,275
7972,275
7973,275
7974,275
7975,275
7976,275
7977,275
7978,275
7979,275
7980,275
7981,275
7982,275
7983,275
7984,275
7985,275
7986,275
7987,275
7988,275
7989,275
7990,275
7991,275
7992,275
7993,275
7994,275
7995,275
7996,275
7997,275
7998,275
7999,275
8000,275
8001,275
8002,275
8003,275
8004,275
8005,275
8006,275
8007,275
8008,275
8009,275
8010,275
8011,275
8012,275
8013,275
8014,275
8015,275
8016,275
8017,275
8018,275
8019,275
8020,275
8021,275
8022,275
8023,275
8024,275
8025,275
8026,275
8027,275
8028,275
8029,275
8030,275
8031,275
8032,275
8033,275
8034,275
8035,275
8036,275
8037,275
8038,275
8039,275
8040,275
8041,275
8042,275
8043,275
8044,275
8045,276
8046,276
8047,276
8048,276
8049,276
8050,276
8051,276
8052,276
8053,276
8054,276
8055,276
8056,276
8057,276
8058,276
8059,276
8060,276
8061,276
8062,276
8063,276
8064,276
8065,276
8066,276
8067,276
8068,276
8069,276
8070,276
8071,276
8072,276
8073,276
8074,276
8075,276
8076,276
8077,276
8078,276
8079,276
8080,276
8081,276
8082,277
8083,277
8084,277
8085,277
8086,277
8087,277
8088,277
8089,277
8090,277
8091,277
8092,277
8093,277
8094,277
8095,277
8096,277
8097,277
8098,277
8099,277
8100,277
8101,277
8102,277
8103,277
8104,277
8105,277
8106,277
8107,277
8108,277
8109,277
8110,277
8111,277
8112,277
8113,277
8114,277
8115,277
8116,277
8117,277
8118,277
8119,277
8120,277
8121,277
8122,277
8123,277
8124,277
8125,277
8126,277
8127,277
8128,277
8129,277
8130,277
8131,277
8132,277
8133,277
8134,277
8135,277
8136,277
8137,277
8138,277
8139,277
8140,277
8141,277
8142,277
8143,277
8144,277
8145,277
8146,277
8147,277
8148,277
8149,277
8150,278
8151,278
8152,278
8153,278
8154,278
8155,278
8156,278
8157,278
8158,278
8159,278
8160,278
8161,278
8162,278
8163,278
8164,278
8165,278
8166,278
8167,278
8168,278
8169,278
8170,278
8171,278
8172,278
8173,278
8174,278
8175,278
8176,278
8177,278
8178,278
8179,278
8180,278
8181,278
8182,278
8183,278
8184,278
8185,278
8186,278
8187,278
8188,278
8189,278
8190,278
8191,278
8192,278
8193,278
8194,278
8195,278
8196,278
8197,278
8198,278
8199,278
8200,278
8201,278
8202,278
8203,278
8204,278
8205,278
8206,278
8207,278
8208,278
8209,278
8210,278
8211,278
8212,278
8213,278
8214,278
8215,278
8216,278
8217,278
8218,278
8219,278
8220,278
8221,279
8222,279
8223,279
8224,279
8225,279
8226,279
8227,279
8228,279
8229,279
8230,279
8231,279
8232,279
8233,279
8234,279
8235,279
8236,279
8237,279
8238,279
8239,279
8240,279
8241,279
8242,279
8243,279
8244,279
8245,279
8246,279
8247,279
8248,279
8249,279
8250,279
8251,279
8252,279
8253,279
8254,279
8255,279
8256,279
8257,279
8258,279
8259,279
8260,279
8261,279
8262,279
8263,279
8264,279
8265,279
8266,279
8267,279
8268,279
8269,279
8270,279
8271,279
8272,279
8273,279
8274,279
8275,279
8276,279
8277,279
8278,279
8279,279
8280,280
8281,280
8282,280
8283,280
8284,280
8285,280
8286,280
8287,280
8288,280
8289,280
8290,279
8291,279
8292,279
8293,280
8294,280
8295,280
8296,280
8297,280
8298,280
8299,280
8300,280
8301,280
8302,280
8303,280
8304,280
8305,280
8306,280
8307,280
8308,280
8309,280
8310,280
8311,280
8312,280
8313,280
8314,280
8315,280
8316,280
8317,280
8318,280
8319,280
8320,280
8321,280
8322,280
8323,280
8324,280
8325,280
8326,280
8327,280
8328,280
8329,280
8330,280
8331,280
8332,280
8333,280
8334,280
8335,280
8336,281
8337,281
8338,281
8339,281
8340,281
8341,281
8342,281
8343,281
8344,281
8345,281
8346,281
8347,281
8348,281
8349,281
8350,281
8351,281
8352,281
8353,281
8354,281
8355,281
8356,281
8357,281
8358,281
8359,281
8360,281
8361,281
8362,281
8363,281
8364,281
8365,281
8366,281
8367,281
8368,281
8369,281
8370,281
8371,281
8372,281
8373,281
8374,281
8375,281
8376,281
8377,281
8378,281
8379,281
8380,281
8381,281
8382,281
8383,281
8384,281
8385,281
8386,281
8387,281
8388,281
8389,281
8390,281
8391,282
8392,282
8393,282
8394,282
8395,282
8396,282
8397,282
8398,282
8399,282
8400,282
8401,282
8402,282
8403,282
8404,282
8405,282
8406,282
8407,282
8408,282
8409,282
8410,282
8411,282
8412,282
8413,282
8414,282
8415,282
8416,282
8417,282
8418,282
8419,282
8420,282
8421,282
8422,282
8423,282
8424,282
8425,282
8426,282
8427,282
8428,282
8429,282
8430,283
8431,283
8432,283
8433,283
8434,283
8435,283
8436,283
8437,283
8438,283
8439,283
8440,283
8441,283
8442,283
8443,283
8444,283
8445,283
8446,283
8447,283
8448,283
8449,283
8450,283
8451,283
8452,283
8453,283
8454,283
8455,283
8456,283
8457,283
8458,283
8459,283
8460,283
8461,283
8462,283
8463,283
8464,283
8465,283
8466,283
8467,283
8468,283
8469,283
8470,283
8471,283
8472,283
8473,283
8474,283
8475,283
8476,283
8477,283
8478,283
8479,283
8480,283
8481,283
8482,284
8483,283
8484,284
8485,284
8486,283
8487,283
8488,283
8489,283
8490,283
8491,283
8492,283
8493,284
8494,284
8495,284
8496,284
8497,284
8498,284
8499,284
8500,284
8501,284
8502,284
8503,284
8504,284
8505,284
8506,284
8507,284
8508,284
8509,284
8510,284
8511,284
8512,284
8513,284
8514,284
8515,284
8516,284
8517,284
8518,284
8519,284
8520,284
8521,284
8522,284
8523,284
8524,284
8525,284
8526,284
8527,284
8528,284
8529,284
8530,284
8531,284
8532,284
8533,284
8534,284
8535,284
8536,284
8537,284
8538,284
8539,284
8540,284
8541,284
8542,285
8543,285
8544,285
8545,285
8546,285
8547,285
8548,285
8549,285
8550,285
8551,285
8552,285
8553,285
8554,285
8555,285
8556,285
8557,285
8558,285
8559,285
8560,285
8561,285
8562,285
8563,285
8564,285
8565,285
8566,285
8567,285
8568,285
8569,285
8570,285
8571,285
8572,285
8573,285
8574,285
8575,285
8576,285
8577,285
8578,285
8579,285
8580,285
8581,285
8582,285
8583,285
8584,285
8585,285
8586,285
8587,285
8588,285
8589,285
8590,285
8591,285
8592,285
8593,285
8594,285
8595,285
8596,285
8597,285
8598,286
8599,285
8600,286
8601,286
8602,286
8603,286
8604,286
8605,286
8606,286
8607,286
8608,286
8609,286
8610,286
8611,286
8612,286
8613,286
8614,286
8615,286
8616,286
8617,286
8618,285
8619,285
8620,285
8621,285
8622,285
8623,285
8624,285
8625,285
8626,285
8627,285
8628,285
8629,285
8630,285
8631,285
8632,285
8633,285
8634,285
8635,285
8636,285
8637,285
8638,285
8639,285
8640,285
8641,285
8642,285
8643,285
8644,285
8645,285
8646,285
8647,285
8648,285
8649,286
8650,286
8651,286
8652,286
8653,286
8654,286
8655,286
8656,286
8657,286
8658,286
8659,286
8660,286
8661,286
8662,286
8663,286
8664,286
8665,286
8666,286
8667,286
8668,286
8669,286
8670,286
8671,286
8672,286
8673,286
8674,286
8675,286
8676,286
8677,286
8678,286
8679,286
8680,286
8681,286
8682,286
8683,286
8684,286
8685,286
8686,286
8687,286
8688,286
8689,286
8690,286
8691,286
8692,286
8693,286
8694,286
8695,286
8696,286
8697,286
8698,286
8699,286
8700,286
8701,286
8702,286
8703,286
8704,286
8705,286
8706,286
8707,286
8708,286
8709,286
8710,286
8711,286
8712,286
8713,286
8714,286
8715,286
8716,286
8717,286
8718,287
8719,286
8720,287
8721,286
8722,287
8723,287
8724,287
8725,287
8726,287
8727,287
8728,287
8729,287
8730,287
8731,287
8732,287
8733,287
8734,287
8735,287
8736,287
8737,287
8738,287
8739,287
8740,287
8741,287
8742,287
8743,287
8744,287
8745,287
8746,287
8747,287
8748,287
8749,287
8750,287
8751,287
8752,287
8753,287
8754,288
8755,288
8756,288
8757,288
8758,288
8759,288
8760,288
8761,288
8762,288
8763,288
8764,288
8765,288
8766,288
8767,288
8768,288
8769,288
8770,288
8771,288
8772,288
8773,288
8774,288
8775,288
8776,288
8777,288
8778,288
8779,288
8780,288
8781,288
8782,288
8783,288
8784,288
8785,288
8786,288
8787,288
8788,288
8789,288
8790,288
8791,288
8792,288
8793,288
8794,288
8795,288
8796,288
8797,288
8798,288
8799,288
8800,288
8801,288
8802,288
8803,288
8804,288
8805,288
8806,288
8807,288
8808,288
8809,288
8810,288
8811,288
8812,288
8813,288
8814,289
8815,289
8816,289
8817,289
8818,289
8819,289
8820,289
8821,289
8822,289
8823,289
8824,289
8825,289
8826,289
8827,289
8828,289
8829,289
8830,289
8831,289
8832,289
8833,289
8834,289
8835,289
8836,289
8837,289
8838,289
8839,289
8840,289
8841,289
8842,289
8843,289
8844,289
8845,289
8846,289
8847,289
8848,289
8849,289
8850,289
8851,289
8852,289
8853,289
8854,289
8855,289
8856,289
8857,289
8858,289
8859,289
8860,289
8861,289
8862,289
8863,290
8864,290
8865,290
8866,290
8867,290
8868,290
8869,290
8870,290
8871,290
8872,290
8873,290
8874,290
8875,290
8876,290
8877,290
8878,290
8879,290
8880,290
8881,290
8882,290
8883,290
8884,290
8885,290
8886,290
8887,290
8888,290
8889,290
8890,290
8891,290
8892,290
8893,290
8894,290
8895,290
8896,290
8897,290
8898,290
8899,290
8900,290
8901,290
8902,290
8903,290
8904,290
8905,290
8906,290
8907,290
8908,290
8909,290
8910,290
8911,290
8912,290
8913,290
8914,290
8915,290
8916,290
8917,290
8918,290
8919,290
8920,290
8921,290
8922,290
8923,290
8924,290
8925,290
8926,290
8927,290
8928,290
8929,290
8930,290
8931,290
8932,290
8933,290
8934,290
8935,291
8936,290
8937,290
8938,291
8939,291
8940,291
8941,291
8942,291
8943,291
8944,291
8945,291
8946,291
8947,291
8948,291
8949,291
8950,291
8951,291
8952,291
8953,291
8954,291
8955,291
8956,291
8957,291
8958,291
8959,291
8960,291
8961,291
8962,291
8963,291
8964,291
8965,291
8966,291
8967,291
8968,291
8969,291
8970,291
8971,292
8972,292
8973,292
8974,292
8975,292
8976,292
8977,292
8978,292
8979,292
8980,292
8981,292
8982,292
8983,292
8984,292
8985,292
8986,292
8987,292
8988,292
8989,292
8990,292
8991,292
8992,292
8993,292
8994,292
8995,292
8996,292
8997,292
8998,292
8999,292
9000,292
9001,292
9002,292
9003,292
9004,292
9005,292
9006,292
9007,292
9008,292
9009,292
9010,292
9011,292
9012,292
9013,292
9014,292
9015,292
9016,292
9017,292
9018,292
9019,292
9020,292
9021,292
9022,292
9023,292
9024,292
9025,292
9026,292
9027,292
9028,292
9029,292
9030,292
9031,292
9032,292
9033,292
9034,292
9035,292
9036,292
9037,292
9038,292
9039,292
9040,292
9041,292
9042,292
9043,292
9044,292
9045,292
9046,292
9047,292
9048,293
9049,293
9050,293
9051,293
9052,293
9053,293
9054,293
9055,293
9056,293
9057,293
9058,293
9059,293
9060,293
9061,293
9062,293
9063,293
9064,293
9065,293
9066,293
9067,293
9068,293
9069,293
9070,293
9071,293
9072,293
9073,293
9074,293
9075,293
9076,293
9077,293
9078,293
9079,293
9080,293
9081,293
9082,293
9083,293
9084,293
9085,293
9086,293
9087,293
9088,293
9089,293
9090,293
9091,293
9092,293
9093,293
9094,293
9095,293
9096,293
9097,293
9098,294
9099,294
9100,294
9101,294
9102,294
9103,294
9104,294
9105,294
9106,294
9107,294
9108,294
9109,294
9110,294
9111,294
9112,294
9113,294
9114,294
9115,294
9116,294
9117,294
9118,294
9119,294
9120,294
9121,294
9122,294
9123,294
9124,294
9125,294
9126,294
9127,294
9128,294
9129,294
9130,294
9131,294
9132,294
9133,294
9134,294
9135,294
9136,294
9137,294
9138,294
9139,294
9140,294
9141,294
9142,294
9143,294
9144,294
9145,294
9146,294
9147,294
9148,294
9149,294
9150,294
9151,294
9152,294
9153,294
9154,294
9155,294
9156,294
9157,294
9158,294
9159,294
9160,294
9161,294
9162,294
9163,294
9164,294
9165,294
9166,294
9167,294
9168,294
9169,294
9170,294
9171,294
9172,294
9173,294
9174,294
9175,294
9176,294
9177,295
9178,295
9179,295
9180,295
9181,295
9182,295
9183,295
9184,295
9185,295
9186,295
9187,295
9188,295
9189,295
9190,295
9191,295
9192,295
9193,295
9194,295
9195,295
9196,295
9197,295
9198,295
9199,295
9200,295
9201,295
9202,295
9203,295
9204,295
9205,295
9206,295
9207,295
9208,295
9209,295
9210,295
9211,295
9212,295
9213,295
9214,295
9215,295
9216,295
9217,295
9218,295
9219,295
9220,295
9221,295
9222,295
9223,295
9224,295
9225,295
9226,295
9227,295
9228,295
9229,295
9230,295
9231,295
9232,295
9233,295
9234,295
9235,295
9236,295
9237,295
9238,295
9239,295
9240,295
9241,295
9242,295
9243,295
9244,295
9245,296
9246,296
9247,296
9248,296
9249,296
9250,296
9251,296
9252,296
9253,296
9254,296
9255,296
9256,296
9257,296
9258,296
9259,296
9260,296
9261,296
9262,296
9263,296
9264,296
9265,296
9266,296
9267,296
9268,296
9269,296
9270,296
9271,296
9272,296
9273,296
9274,296
9275,296
9276,296
9277,296
9278,296
9279,296
9280,296
9281,296
9282,296
9283,296
9284,296
9285,296
9286,296
9287,296
9288,296
9289,296
9290,296
9291,296
9292,296
9293,296
9294,296
9295,296
9296,296
9297,296
9298,296
9299,297
9300,297
9301,297
9302,297
9303,297
9304,297
9305,297
9306,297
9307,297
9308,297
9309,297
9310,297
9311,297
9312,297
9313,297
9314,297
9315,297
9316,297
9317,297
9318,297
9319,297
9320,297
9321,297
9322,297
9323,297
9324,297
9325,297
9326,297
9327,297
9328,297
9329,297
9330,297
9331,297
9332,297
9333,297
9334,297
9335,297
9336,297
9337,297
9338,297
9339,297
9340,297
9341,297
9342,297
9343,297
9344,297
9345,297
9346,297
9347,297
9348,297
9349,297
9350,297
9351,297
9352,297
9353,297
9354,297
9355,297
9356,297
9357,297
9358,297
9359,297
9360,297
9361,297
9362,297
9363,297
9364,297
9365,297
9366,297
9367,297
9368,297
9369,297
9370,297
9371,297
9372,297
9373,297
9374,297
9375,297
9376,297
9377,297
9378,297
9379,297
9380,297
9381,297
9382,297
9383,297
9384,297
9385,297
9386,297
9387,297
9388,297
9389,297
9390,297
9391,297
9392,297
9393,297
9394,297
9395,297
9396,297
9397,297
9398,297
9399,297
9400,297
9401,297
9402,297
9403,297
9404,297
9405,297
9406,297
9407,297
9408,297
9409,297
9410,297
9411,297
9412,297
9413,297
9414,297
9415,298
9416,298
9417,298
9418,298
9419,298
9420,298
9421,298
9422,298
9423,298
9424,298
9425,298
9426,298
9427,298
9428,298
9429,298
9430,297
9431,298
9432,297
9433,298
9434,298
9435,297
9436,298
9437,298
9438,298
9439,298
9440,298
9441,298
9442,298
9443,298
9444,298
9445,298
9446,298
9447,298
9448,298
9449,298
9450,298
9451,298
9452,298
9453,298
9454,298
9455,298
9456,298
9457,298
9458,298
9459,298
9460,298
9461,298
9462,298
9463,298
9464,298
9465,298
9466,298
9467,298
9468,298
9469,298
9470,298
9471,298
9472,298
9473,298
9474,298
9475,298
9476,298
9477,298
9478,298
9479,299
9480,299
9481,299
9482,299
9483,299
9484,299
9485,299
9486,299
9487,299
9488,299
9489,299
9490,299
9491,299
9492,299
9493,299
9494,299
9495,299
9496,299
9497,299
9498,299
9499,299
9500,299
9501,299
9502,299
9503,299
9504,299
9505,299
9506,299
9507,299
9508,299
9509,299
9510,299
9511,299
9512,299
9513,299
9514,299
9515,299
9516,299
9517,299
9518,299
9519,299
9520,299
9521,299
9522,299
9523,299
9524,299
9525,299
9526,299
9527,299
9528,299
9529,299
9530,299
9531,299
9532,299
9533,299
9534,299
9535,299
9536,299
9537,299
9538,299
9539,299
9540,299
9541,299
9542,299
9543,299
9544,299
9545,299
9546,299
9547,299
9548,299
9549,299
9550,299
9551,299
9552,299
9553,299
9554,299
9555,299
9556,299
9557,300
9558,300
9559,300
9560,300
9561,300
9562,300
9563,300
9564,300
9565,300
9566,300
9567,300
9568,300
9569,300
9570,300
9571,300
9572,300
9573,300
9574,300
9575,300
9576,300
9577,300
9578,300
9579,300
9580,300
9581,300
9582,300
9583,300
9584,300
9585,300
9586,300
9587,300
9588,300
9589,300
9590,300
9591,301
9592,301
9593,301
9594,301
9595,301
9596,301
9597,301
9598,301
9599,301
9600,301
9601,301
9602,301
9603,301
9604,301
9605,301
9606,301
9607,301
9608,301
9609,301
9610,301
9611,301
9612,301
9613,301
9614,301
9615,301
9616,301
9617,301
9618,301
9619,301
9620,301
9621,301
9622,301
9623,301
9624,301
9625,301
9626,301
9627,301
9628,301
9629,301
9630,301
9631,301
9632,301
9633,301
9634,301
9635,301
9636,301
9637,301
9638,301
9639,301
9640,301
9641,301
9642,301
9643,302
9644,302
9645,301
9646,302
9647,302
9648,302
9649,302
9650,302
9651,302
9652,302
9653,302
9654,302
9655,302
9656,302
9657,302
9658,302
9659,301
9660,301
9661,301
9662,301
9663,301
9664,301
9665,301
9666,302
9667,302
9668,301
9669,301
9670,302
9671,302
9672,302
9673,302
9674,302
9675,302
9676,302
9677,302
9678,302
9679,302
9680,302
9681,302
9682,302
9683,302
9684,302
9685,302
9686,302
9687,302
9688,302
9689,302
9690,302
9691,302
9692,302
9693,302
9694,302
9695,302
9696,302
9697,302
9698,302
9699,302
9700,302
9701,302
9702,302
9703,302
9704,302
9705,302
9706,302
9707,302
9708,303
9709,302
9710,303
9711,303
9712,303
9713,303
9714,303
9715,303
9716,303
9717,303
9718,303
9719,303
9720,303
9721,303
9722,303
9723,303
9724,303
9725,303
9726,303
9727,303
9728,303
9729,303
9730,303
9731,303
9732,303
9733,303
9734,303
9735,303
9736,303
9737,303
9738,303
9739,303
9740,303
9741,303
9742,303
9743,303
9744,303
9745,303
9746,303
9747,303
9748,303
9749,303
9750,303
9751,303
9752,303
9753,303
9754,303
9755,303
9756,304
9757,304
9758,304
9759,304
9760,304
9761,304
9762,304
9763,304
9764,304
9765,304
9766,304
9767,304
9768,304
9769,304
9770,304
9771,304
9772,304
9773,304
9774,304
9775,304
9776,304
9777,304
9778,304
9779,304
9780,304
9781,304
9782,304
9783,304
9784,304
9785,304
9786,304
9787,304
9788,304
9789,305
9790,304
9791,304
9792,304
9793,304
9794,304
9795,305
9796,305
9797,304
9798,304
9799,304
9800,304
9801,304
9802,305
9803,305
9804,305
9805,305
9806,305
9807,305
9808,305
9809,305
9810,305
9811,305
9812,305
9813,305
9814,305
9815,305
9816,305
9817,305
9818,305
9819,305
9820,305
9821,305
9822,305
9823,305
9824,305
9825,305
9826,305
9827,305
9828,305
9829,305
9830,305
9831,305
9832,305
9833,305
9834,305
9835,305
9836,305
9837,305
9838,305
9839,305
9840,305
9841,305
9842,305
9843,305
9844,305
9845,305
9846,305
9847,305
9848,305
9849,305
9850,305
9851,305
9852,305
9853,305
9854,305
9855,305
9856,305
9857,305
9858,305
9859,305
9860,305
9861,305
9862,305
9863,305
9864,305
9865,305
9866,305
9867,305
9868,305
9869,305
9870,305
9871,305
9872,305
9873,305
9874,305
9875,306
9876,306
9877,306
9878,306
9879,306
9880,306
9881,306
9882,306
9883,306
9884,306
9885,306
9886,306
9887,306
9888,306
9889,306
9890,306
9891,306
9892,306
9893,306
9894,306
9895,306
9896,306
9897,306
9898,306
9899,306
9900,306
9901,306
9902,306
9903,306
9904,306
9905,306
9906,306
9907,306
9908,306
9909,306
9910,306
9911,307
9912,307
9913,307
9914,307
9915,307
9916,307
9917,307
9918,307
9919,307
9920,307
9921,307
9922,307
9923,307
9924,307
9925,307
9926,307
9927,307
9928,307
9929,307
9930,307
9931,307
9932,307
9933,307
9934,307
9935,307
9936,307
9937,307
9938,307
9939,307
9940,307
9941,307
9942,307
9943,307
9944,307
9945,307
9946,307
9947,307
9948,307
9949,307
9950,307
9951,307
9952,307
9953,307
9954,307
9955,307
9956,307
9957,307
9958,307
9959,307
9960,307
9961,307
9962,307
9963,307
9964,307
9965,307
9966,307
9967,307
9968,307
9969,307
9970,307
9971,307
9972,307
9973,307
9974,307
9975,307
9976,307
9977,307
9978,307
9979,307
9980,307
9981,307
9982,307
9983,307
9984,307
9985,307
9986,308
9987,308
9988,308
9989,308
9990,308
9991,308
9992,308
9993,308
9994,308
9995,308
9996,308
9997,308
9998,308
9999,308
