0,150
1,150
2,150
3,150
4,150
5,150
6,150
7,149
8,149
9,149
10,150
11,150
12,150
13,150
14,150
15,149
16,149
17,150
18,150
19,149
20,150
21,150
22,150
23,149
24,150
25,149
26,149
27,150
28,150
29,150
30,150
31,150
32,150
33,150
34,150
35,150
36,149
37,149
38,150
39,150
40,150
41,149
42,150
43,149
44,149
45,149
46,149
47,149
48,149
49,149
50,149
51,149
52,149
53,149
54,149
55,149
56,149
57,149
58,149
59,149
60,149
61,149
62,149
63,149
64,149
65,149
66,149
67,149
68,149
69,149
70,149
71,149
72,149
73,149
74,149
75,149
76,149
77,150
78,150
79,150
80,150
81,150
82,150
83,149
84,149
85,149
86,149
87,149
88,149
89,149
90,149
91,149
92,149
93,149
94,149
95,149
96,150
97,150
98,150
99,150
100,150
101,150
102,150
103,150
104,150
105,150
106,150
107,150
108,150
109,150
110,149
111,150
112,150
113,150
114,150
115,150
116,150
117,150
118,150
119,150
120,150
121,149
122,150
123,150
124,149
125,150
126,150
127,150
128,150
129,150
130,150
131,150
132,149
133,150
134,150
135,150
136,149
137,149
138,149
139,149
140,149
141,148
142,148
143,148
144,148
145,148
146,148
147,148
148,148
149,148
150,148
151,148
152,148
153,148
154,147
155,147
156,147
157,147
158,147
159,147
160,147
161,147
162,147
163,147
164,147
165,147
166,147
167,147
168,147
169,147
170,147
171,147
172,147
173,147
174,147
175,147
176,147
177,147
178,147
179,147
180,147
181,147
182,147
183,147
184,148
185,147
186,148
187,148
188,148
189,148
190,148
191,148
192,148
193,148
194,148
195,148
196,148
197,148
198,148
199,149
200,149
201,149
202,149
203,148
204,148
205,148
206,148
207,148
208,148
209,148
210,148
211,148
212,148
213,148
214,148
215,149
216,149
217,149
218,149
219,150
220,150
221,150
222,150
223,150
224,150
225,150
226,151
227,151
228,151
229,151
230,151
231,151
232,151
233,150
234,150
235,151
236,150
237,150
238,151
239,151
240,151
241,151
242,151
243,151
244,151
245,151
246,151
247,151
248,151
249,151
250,151
251,151
252,151
253,151
254,151
255,151
256,151
257,152
258,152
259,151
260,152
261,152
262,152
263,151
264,152
265,152
266,152
267,152
268,152
269,152
270,152
271,152
272,152
273,152
274,152
275,152
276,151
277,151
278,151
279,151
280,151
281,151
282,151
283,151
284,151
285,151
286,151
287,151
288,150
289,150
290,150
291,150
292,151
293,150
294,151
295,151
296,151
297,151
298,151
299,151
300,151
301,151
302,151
303,151
304,151
305,151
306,151
307,151
308,151
309,151
310,151
311,151
312,151
313,151
314,151
315,151
316,151
317,151
318,151
319,151
320,151
321,152
322,152
323,152
324,151
325,152
326,151
327,151
328,151
329,151
330,151
331,151
332,151
333,151
334,151
335,151
336,151
337,151
338,151
339,151
340,151
341,151
342,151
343,151
344,151
345,151
346,151
347,152
348,152
349,152
350,152
351,152
352,151
353,152
354,151
355,152
356,151
357,151
358,151
359,151
360,151
361,151
362,151
363,151
364,151
365,151
366,151
367,151
368,151
369,151
370,151
371,150
372,150
373,150
374,151
375,150
376,150
377,150
378,150
379,150
380,150
381,150
382,150
383,150
384,150
385,150
386,150
387,150
388,150
389,150
390,150
391,150
392,150
393,150
394,150
395,150
396,150
397,150
398,150
399,149
400,149
401,149
402,149
403,149
404,149
405,149
406,149
407,149
408,149
409,149
410,148
411,148
412,148
413,148
414,148
415,149
416,149
417,149
418,149
419,149
420,149
421,148
422,148
423,148
424,148
425,148
426,148
427,148
428,148
429,148
430,148
431,148
432,148
433,148
434,148
435,148
436,148
437,148
438,148
439,148
440,148
441,148
442,148
443,148
444,148
445,148
446,148
447,148
448,148
449,148
450,148
451,148
452,148
453,148
454,148
455,148
456,148
457,148
458,148
459,148
460,148
461,148
462,148
463,148
464,148
465,148
466,148
467,148
468,148
469,148
470,148
471,148
472,148
473,148
474,148
475,148
476,148
477,148
478,148
479,148
480,148
481,148
482,148
483,148
484,148
485,148
486,148
487,148
488,149
489,149
490,149
491,149
492,149
493,149
494,149
495,149
496,149
497,148
498,148
499,148
500,148
501,149
502,149
503,149
504,149
505,149
506,149
507,148
508,149
509,149
510,149
511,149
512,149
513,148
514,148
515,148
516,148
517,148
518,148
519,148
520,148
521,148
522,148
523,148
524,148
525,147
526,147
527,147
528,147
529,147
530,147
531,147
532,147
533,147
534,147
535,147
536,147
537,147
538,147
539,147
540,146
541,147
542,147
543,147
544,147
545,147
546,147
547,147
548,146
549,146
550,146
551,146
552,146
553,146
554,146
555,146
556,146
557,146
558,146
559,145
560,145
561,146
562,146
563,145
564,145
565,145
566,145
567,145
568,145
569,145
570,145
571,145
572,145
573,145
574,145
575,145
576,145
577,145
578,145
579,145
580,145
581,145
582,145
583,145
584,145
585,145
586,145
587,145
588,145
589,145
590,146
591,146
592,146
593,145
594,145
595,145
596,145
597,145
598,145
599,145
600,145
601,145
602,144
603,144
604,145
605,144
606,144
607,145
608,145
609,145
610,144
611,144
612,144
613,144
614,145
615,145
616,145
617,145
618,145
619,145
620,145
621,146
622,146
623,146
624,146
625,146
626,146
627,146
628,146
629,145
630,145
631,146
632,146
633,146
634,146
635,146
636,146
637,146
638,146
639,145
640,145
641,146
642,146
643,146
644,146
645,146
646,146
647,145
648,146
649,145
650,145
651,146
652,145
653,145
654,145
655,145
656,145
657,145
658,145
659,145
660,145
661,145
662,146
663,146
664,145
665,146
666,146
667,146
668,146
669,147
670,147
671,147
672,147
673,147
674,146
675,147
676,147
677,147
678,147
679,147
680,147
681,147
682,147
683,147
684,147
685,147
686,147
687,147
688,146
689,146
690,146
691,146
692,146
693,146
694,146
695,146
696,146
697,146
698,146
699,146
700,146
701,146
702,146
703,146
704,146
705,146
706,146
707,146
708,146
709,146
710,146
711,145
712,146
713,146
714,146
715,146
716,146
717,146
718,146
719,146
720,146
721,146
722,146
723,146
724,146
725,146
726,146
727,146
728,146
729,146
730,146
731,146
732,146
733,146
734,146
735,146
736,146
737,146
738,146
739,146
740,146
741,146
742,146
743,145
744,146
745,146
746,146
747,146
748,146
749,146
750,146
751,146
752,146
753,146
754,146
755,146
756,146
757,147
758,147
759,146
760,146
761,147
762,147
763,147
764,147
765,147
766,147
767,147
768,147
769,147
770,147
771,146
772,146
773,146
774,146
775,146
776,146
777,146
778,146
779,146
780,146
781,146
782,146
783,146
784,146
785,146
786,146
787,146
788,146
789,146
790,146
791,146
792,146
793,146
794,146
795,146
796,146
797,146
798,146
799,146
800,146
801,145
802,146
803,146
804,146
805,146
806,146
807,146
808,146
809,146
810,146
811,146
812,146
813,146
814,146
815,146
816,146
817,146
818,146
819,146
820,146
821,146
822,146
823,146
824,146
825,146
826,146
827,146
828,146
829,145
830,145
831,145
832,145
833,145
834,145
835,145
836,146
837,146
838,145
839,146
840,146
841,146
842,146
843,146
844,146
845,146
846,146
847,146
848,146
849,146
850,145
851,145
852,145
853,145
854,145
855,145
856,145
857,145
858,144
859,144
860,144
861,144
862,144
863,144
864,144
865,144
866,144
867,144
868,144
869,144
870,144
871,144
872,144
873,144
874,144
875,144
876,144
877,144
878,144
879,144
880,145
881,144
882,144
883,144
884,144
885,144
886,144
887,144
888,144
889,144
890,144
891,144
892,144
893,144
894,144
895,144
896,144
897,144
898,144
899,144
900,145
901,145
902,145
903,145
904,145
905,145
906,145
907,145
908,145
909,145
910,145
911,145
912,146
913,146
914,146
915,146
916,146
917,146
918,146
919,146
920,146
921,146
922,147
923,146
924,146
925,146
926,146
927,146
928,146
929,146
930,146
931,146
932,146
933,146
934,146
935,146
936,146
937,146
938,146
939,146
940,146
941,146
942,146
943,146
944,146
945,146
946,146
947,146
948,146
949,146
950,146
951,146
952,146
953,146
954,146
955,146
956,146
957,146
958,146
959,146
960,145
961,145
962,145
963,145
964,145
965,145
966,145
967,145
968,145
969,145
970,145
971,145
972,144
973,144
974,144
975,144
976,144
977,145
978,145
979,145
980,145
981,145
982,144
983,144
984,144
985,144
986,145
987,145
988,145
989,145
990,145
991,145
992,145
993,145
994,145
995,145
996,144
997,145
998,145
999,146
1000,146
1001,146
1002,145
1003,145
1004,145
1005,145
1006,145
1007,145
1008,146
1009,145
1010,145
1011,146
1012,146
1013,146
1014,146
1015,146
1016,145
1017,145
1018,145
1019,145
1020,145
1021,145
1022,145
1023,145
1024,145
1025,145
1026,144
1027,144
1028,144
1029,144
1030,144
1031,144
1032,144
1033,144
1034,144
1035,144
1036,144
1037,144
1038,144
1039,144
1040,144
1041,144
1042,144
1043,144
1044,144
1045,144
1046,144
1047,144
1048,144
1049,144
1050,144
1051,144
1052,144
1053,144
1054,144
1055,144
1056,144
1057,145
1058,144
1059,144
1060,144
1061,144
1062,144
1063,144
1064,144
1065,144
1066,145
1067,145
1068,145
1069,145
1070,145
1071,145
1072,145
1073,145
1074,145
1075,145
1076,145
1077,145
1078,145
1079,145
1080,145
1081,145
1082,146
1083,146
1084,145
1085,145
1086,145
1087,145
1088,145
1089,146
1090,146
1091,146
1092,146
1093,146
1094,146
1095,146
1096,146
1097,147
1098,147
1099,147
1100,147
1101,147
1102,147
1103,147
1104,147
1105,147
1106,147
1107,147
1108,147
1109,147
1110,147
1111,147
1112,147
1113,147
1114,147
1115,147
1116,147
1117,147
1118,147
1119,147
1120,148
1121,147
1122,148
1123,147
1124,147
1125,147
1126,147
1127,148
1128,148
1129,148
1130,148
1131,148
1132,148
1133,148
1134,148
1135,148
1136,148
1137,148
1138,148
1139,148
1140,148
1141,148
1142,148
1143,148
1144,148
1145,148
1146,148
1147,148
1148,149
1149,148
1150,148
1151,148
1152,147
1153,147
1154,147
1155,147
1156,147
1157,147
1158,147
1159,147
1160,147
1161,147
1162,147
1163,147
1164,147
1165,147
1166,147
1167,147
1168,147
1169,147
1170,147
1171,147
1172,147
1173,147
1174,147
1175,147
1176,146
1177,146
1178,146
1179,146
1180,146
1181,146
1182,146
1183,145
1184,145
1185,145
1186,145
1187,145
1188,145
1189,145
1190,145
1191,145
1192,144
1193,145
1194,145
1195,145
1196,145
1197,145
1198,145
1199,145
1200,145
1201,145
1202,145
1203,145
1204,145
1205,145
1206,145
1207,145
1208,145
1209,145
1210,146
1211,146
1212,146
1213,146
1214,146
1215,146
1216,146
1217,146
1218,146
1219,146
1220,146
1221,146
1222,146
1223,146
1224,146
1225,146
1226,147
1227,147
1228,147
1229,147
1230,147
1231,147
1232,147
1233,147
1234,147
1235,147
1236,147
1237,147
1238,147
1239,147
1240,147
1241,147
1242,147
1243,147
1244,147
1245,147
1246,147
1247,147
1248,147
1249,147
1250,147
1251,147
1252,147
1253,147
1254,147
1255,147
1256,146
1257,146
1258,147
1259,147
1260,147
1261,147
1262,146
1263,147
1264,147
1265,147
1266,146
1267,147
1268,146
1269,146
1270,146
1271,147
1272,147
1273,147
1274,147
1275,147
1276,147
1277,147
1278,147
1279,147
1280,147
1281,147
1282,147
1283,147
1284,147
1285,147
1286,147
1287,147
1288,147
1289,147
1290,147
1291,147
1292,147
1293,147
1294,148
1295,147
1296,148
1297,148
1298,148
1299,148
1300,148
1301,148
1302,148
1303,148
1304,147
1305,147
1306,147
1307,147
1308,147
1309,147
1310,147
1311,147
1312,147
1313,147
1314,147
1315,147
1316,147
1317,146
1318,146
1319,146
1320,146
1321,146
1322,145
1323,146
1324,146
1325,146
1326,146
1327,146
1328,146
1329,146
1330,145
1331,146
1332,145
1333,145
1334,146
1335,146
1336,146
1337,146
1338,146
1339,146
1340,147
1341,147
1342,147
1343,147
1344,146
1345,146
1346,147
1347,147
1348,147
1349,147
1350,146
1351,146
1352,147
1353,147
1354,147
1355,147
1356,147
1357,147
1358,147
1359,147
1360,147
1361,147
1362,147
1363,147
1364,147
1365,147
1366,147
1367,147
1368,147
1369,146
1370,146
1371,146
1372,147
1373,147
1374,147
1375,147
1376,147
1377,146
1378,146
1379,147
1380,146
1381,146
1382,146
1383,147
1384,146
1385,146
1386,146
1387,147
1388,147
1389,147
1390,147
1391,147
1392,147
1393,147
1394,147
1395,147
1396,147
1397,147
1398,147
1399,147
1400,146
1401,147
1402,147
1403,147
1404,147
1405,147
1406,147
1407,147
1408,147
1409,147
1410,147
1411,147
1412,148
1413,148
1414,147
1415,147
1416,148
1417,148
1418,148
1419,148
1420,148
1421,148
1422,148
1423,148
1424,148
1425,148
1426,148
1427,148
1428,148
1429,148
1430,148
1431,148
1432,148
1433,148
1434,148
1435,148
1436,148
1437,148
1438,148
1439,148
1440,148
1441,147
1442,148
1443,147
1444,147
1445,147
1446,147
1447,147
1448,147
1449,147
1450,147
1451,148
1452,148
1453,148
1454,148
1455,148
1456,148
1457,148
1458,148
1459,148
1460,148
1461,148
1462,148
1463,148
1464,148
1465,148
1466,148
1467,148
1468,148
1469,148
1470,148
1471,148
1472,148
1473,148
1474,148
1475,148
1476,148
1477,148
1478,148
1479,149
1480,149
1481,149
1482,149
1483,149
1484,150
1485,150
1486,149
1487,149
1488,150
1489,149
1490,149
1491,150
1492,150
1493,150
1494,149
1495,150
1496,150
1497,150
1498,150
1499,150
1500,150
1501,150
1502,150
1503,150
1504,150
1505,150
1506,150
1507,150
1508,150
1509,150
1510,150
1511,150
1512,151
1513,151
1514,151
1515,151
1516,151
1517,151
1518,150
1519,150
1520,150
1521,150
1522,150
1523,150
1524,150
1525,150
1526,150
1527,150
1528,150
1529,150
1530,150
1531,150
1532,150
1533,150
1534,150
1535,150
1536,150
1537,150
1538,150
1539,151
1540,151
1541,151
1542,151
1543,150
1544,151
1545,150
1546,150
1547,150
1548,150
1549,150
1550,150
1551,150
1552,150
1553,150
1554,150
1555,150
1556,150
1557,150
1558,150
1559,151
1560,151
1561,151
1562,151
1563,151
1564,151
1565,151
1566,151
1567,151
1568,151
1569,151
1570,151
1571,151
1572,151
1573,152
1574,152
1575,152
1576,152
1577,152
1578,152
1579,152
1580,152
1581,152
1582,152
1583,152
1584,152
1585,152
1586,152
1587,152
1588,152
1589,152
1590,152
1591,152
1592,152
1593,152
1594,152
1595,152
1596,152
1597,153
1598,153
1599,153
1600,153
1601,153
1602,152
1603,153
1604,153
1605,153
1606,153
1607,153
1608,153
1609,153
1610,153
1611,153
1612,153
1613,153
1614,153
1615,153
1616,154
1617,154
1618,154
1619,154
1620,154
1621,154
1622,154
1623,154
1624,154
1625,154
1626,154
1627,154
1628,154
1629,154
1630,154
1631,154
1632,154
1633,154
1634,154
1635,154
1636,154
1637,154
1638,154
1639,154
1640,154
1641,154
1642,154
1643,154
1644,154
1645,154
1646,153
1647,154
1648,153
1649,153
1650,154
1651,154
1652,154
1653,154
1654,154
1655,154
1656,154
1657,154
1658,155
1659,155
1660,155
1661,155
1662,155
1663,155
1664,155
1665,154
1666,154
1667,154
1668,154
1669,154
1670,154
1671,154
1672,154
1673,154
1674,154
1675,153
1676,153
1677,154
1678,154
1679,154
1680,154
1681,154
1682,154
1683,154
1684,154
1685,154
1686,154
1687,154
1688,154
1689,154
1690,154
1691,154
1692,153
1693,154
1694,153
1695,153
1696,153
1697,154
1698,153
1699,153
1700,153
1701,153
1702,153
1703,153
1704,153
1705,153
1706,153
1707,153
1708,153
1709,153
1710,153
1711,153
1712,153
1713,153
1714,153
1715,153
1716,153
1717,153
1718,153
1719,153
1720,153
1721,153
1722,154
1723,153
1724,153
1725,154
1726,154
1727,154
1728,154
1729,154
1730,154
1731,154
1732,154
1733,154
1734,154
1735,154
1736,154
1737,154
1738,154
1739,154
1740,154
1741,154
1742,154
1743,154
1744,154
1745,154
1746,154
1747,154
1748,154
1749,154
1750,154
1751,154
1752,154
1753,154
1754,154
1755,154
1756,154
1757,154
1758,154
1759,153
1760,154
1761,154
1762,153
1763,153
1764,153
1765,153
1766,153
1767,154
1768,154
1769,154
1770,154
1771,154
1772,154
1773,154
1774,154
1775,154
1776,154
1777,154
1778,154
1779,154
1780,154
1781,154
1782,154
1783,155
1784,155
1785,155
1786,155
1787,155
1788,155
1789,155
1790,155
1791,155
1792,155
1793,154
1794,154
1795,154
1796,154
1797,154
1798,154
1799,154
1800,154
1801,154
1802,155
1803,155
1804,155
1805,155
1806,155
1807,155
1808,155
1809,155
1810,155
1811,155
1812,155
1813,155
1814,155
1815,154
1816,154
1817,154
1818,154
1819,154
1820,155
1821,155
1822,155
1823,155
1824,155
1825,155
1826,155
1827,155
1828,155
1829,155
1830,155
1831,155
1832,155
1833,155
1834,155
1835,155
1836,155
1837,155
1838,155
1839,155
1840,155
1841,155
1842,155
1843,155
1844,155
1845,155
1846,155
1847,154
1848,154
1849,154
1850,154
1851,154
1852,154
1853,154
1854,154
1855,154
1856,154
1857,155
1858,155
1859,155
1860,155
1861,156
1862,156
1863,155
1864,155
1865,156
1866,156
1867,156
1868,155
1869,156
1870,156
1871,156
1872,156
1873,156
1874,155
1875,155
1876,155
1877,155
1878,155
1879,155
1880,155
1881,155
1882,156
1883,156
1884,156
1885,156
1886,156
1887,155
1888,155
1889,155
1890,155
1891,155
1892,155
1893,155
1894,155
1895,155
1896,154
1897,154
1898,154
1899,154
1900,154
1901,154
1902,154
1903,154
1904,154
1905,154
1906,154
1907,153
1908,153
1909,153
1910,153
1911,153
1912,153
1913,153
1914,153
1915,153
1916,153
1917,153
1918,153
1919,153
1920,153
1921,153
1922,153
1923,152
1924,152
1925,152
1926,152
1927,152
1928,152
1929,152
1930,152
1931,152
1932,152
1933,152
1934,152
1935,152
1936,152
1937,153
1938,153
1939,153
1940,153
1941,153
1942,153
1943,153
1944,153
1945,153
1946,153
1947,153
1948,153
1949,153
1950,153
1951,153
1952,153
1953,153
1954,153
1955,153
1956,153
1957,153
1958,153
1959,153
1960,152
1961,153
1962,153
1963,153
1964,153
1965,153
1966,153
1967,153
1968,153
1969,153
1970,153
1971,153
1972,153
1973,153
1974,153
1975,153
1976,153
1977,153
1978,153
1979,153
1980,153
1981,154
1982,153
1983,154
1984,154
1985,154
1986,154
1987,154
1988,154
1989,154
1990,154
1991,155
1992,155
1993,155
1994,155
1995,155
1996,155
1997,155
1998,155
1999,155
2000,155
2001,155
2002,155
2003,154
2004,154
2005,154
2006,154
2007,154
2008,155
2009,155
2010,155
2011,155
2012,155
2013,155
2014,156
2015,156
2016,156
2017,156
2018,156
2019,156
2020,156
2021,156
2022,156
2023,156
2024,156
2025,156
2026,156
2027,156
2028,156
2029,156
2030,156
2031,156
2032,156
2033,156
2034,157
2035,157
2036,156
2037,156
2038,157
2039,157
2040,157
2041,157
2042,157
2043,157
2044,157
2045,157
2046,157
2047,157
2048,157
2049,157
2050,157
2051,157
2052,157
2053,157
2054,157
2055,157
2056,157
2057,156
2058,156
2059,156
2060,156
2061,156
2062,156
2063,156
2064,156
2065,156
2066,156
2067,156
2068,156
2069,156
2070,156
2071,156
2072,156
2073,157
2074,157
2075,157
2076,157
2077,157
2078,157
2079,157
2080,157
2081,157
2082,157
2083,158
2084,158
2085,158
2086,158
2087,158
2088,158
2089,157
2090,157
2091,157
2092,157
2093,157
2094,157
2095,157
2096,157
2097,157
2098,158
2099,157
2100,158
2101,158
2102,157
2103,157
2104,157
2105,157
2106,157
2107,157
2108,158
2109,158
2110,158
2111,157
2112,157
2113,157
2114,158
2115,158
2116,158
2117,158
2118,158
2119,158
2120,158
2121,158
2122,158
2123,158
2124,158
2125,157
2126,157
2127,157
2128,157
2129,157
2130,157
2131,157
2132,157
2133,157
2134,157
2135,157
2136,157
2137,157
2138,158
2139,158
2140,158
2141,158
2142,158
2143,158
2144,158
2145,158
2146,158
2147,158
2148,158
2149,158
2150,158
2151,158
2152,158
2153,158
2154,158
2155,158
2156,158
2157,158
2158,158
2159,158
2160,158
2161,158
2162,158
2163,158
2164,158
2165,158
2166,158
2167,158
2168,158
2169,158
2170,158
2171,158
2172,158
2173,158
2174,158
2175,158
2176,158
2177,158
2178,158
2179,158
2180,158
2181,158
2182,158
2183,158
2184,158
2185,157
2186,157
2187,157
2188,157
2189,157
2190,157
2191,157
2192,157
2193,157
2194,157
2195,157
2196,157
2197,157
2198,157
2199,157
2200,157
2201,157
2202,157
2203,157
2204,157
2205,157
2206,158
2207,158
2208,158
2209,158
2210,158
2211,158
2212,158
2213,158
2214,158
2215,158
2216,158
2217,158
2218,158
2219,158
2220,158
2221,158
2222,158
2223,158
2224,159
2225,159
2226,159
2227,159
2228,159
2229,159
2230,158
2231,158
2232,158
2233,158
2234,158
2235,159
2236,158
2237,158
2238,158
2239,158
2240,158
2241,158
2242,158
2243,158
2244,157
2245,157
2246,158
2247,158
2248,158
2249,158
2250,158
2251,158
2252,158
2253,158
2254,158
2255,158
2256,158
2257,158
2258,158
2259,158
2260,158
2261,158
2262,158
2263,157
2264,158
2265,157
2266,158
2267,158
2268,157
2269,157
2270,157
2271,157
2272,157
2273,157
2274,158
2275,158
2276,158
2277,158
2278,158
2279,158
2280,158
2281,158
2282,158
2283,158
2284,158
2285,158
2286,158
2287,158
2288,158
2289,158
2290,158
2291,158
2292,158
2293,158
2294,158
2295,158
2296,157
2297,158
2298,157
2299,157
2300,157
2301,156
2302,156
2303,156
2304,156
2305,156
2306,156
2307,156
2308,156
2309,156
2310,156
2311,156
2312,156
2313,156
2314,156
2315,156
2316,156
2317,156
2318,156
2319,156
2320,157
2321,157
2322,157
2323,157
2324,157
2325,157
2326,157
2327,157
2328,157
2329,157
2330,157
2331,157
2332,157
2333,157
2334,157
2335,157
2336,157
2337,158
2338,158
2339,158
2340,157
2341,157
2342,157
2343,157
2344,157
2345,157
2346,157
2347,157
2348,157
2349,158
2350,158
2351,158
2352,158
2353,158
2354,158
2355,158
2356,157
2357,157
2358,157
2359,157
2360,157
2361,157
2362,157
2363,157
2364,157
2365,157
2366,157
2367,157
2368,157
2369,158
2370,158
2371,158
2372,158
2373,158
2374,158
2375,158
2376,157
2377,157
2378,157
2379,158
2380,158
2381,158
2382,158
2383,157
2384,157
2385,157
2386,157
2387,157
2388,157
2389,157
2390,157
2391,157
2392,157
2393,157
2394,157
2395,157
2396,158
2397,158
2398,158
2399,158
2400,158
2401,158
2402,158
2403,158
2404,158
2405,157
2406,158
2407,158
2408,158
2409,157
2410,158
2411,158
2412,158
2413,158
2414,158
2415,158
2416,158
2417,158
2418,158
2419,157
2420,158
2421,158
2422,158
2423,158
2424,158
2425,158
2426,158
2427,158
2428,158
2429,158
2430,157
2431,157
2432,157
2433,158
2434,157
2435,158
2436,158
2437,158
2438,158
2439,158
2440,158
2441,158
2442,158
2443,158
2444,158
2445,158
2446,158
2447,158
2448,158
2449,158
2450,158
2451,158
2452,158
2453,158
2454,158
2455,158
2456,158
2457,158
2458,158
2459,158
2460,158
2461,158
2462,158
2463,159
2464,158
2465,158
2466,158
2467,159
2468,159
2469,159
2470,159
2471,158
2472,159
2473,159
2474,159
2475,159
2476,159
2477,159
2478,159
2479,159
2480,159
2481,159
2482,159
2483,159
2484,160
2485,159
2486,159
2487,159
2488,159
2489,159
2490,159
2491,159
2492,159
2493,159
2494,159
2495,159
2496,159
2497,159
2498,159
2499,159
2500,159
2501,159
2502,159
2503,160
2504,160
2505,160
2506,160
2507,160
2508,160
2509,161
2510,161
2511,161
2512,161
2513,161
2514,161
2515,161
2516,161
2517,161
2518,161
2519,162
2520,161
2521,162
2522,162
2523,162
2524,162
2525,162
2526,162
2527,162
2528,162
2529,162
2530,162
2531,162
2532,162
2533,162
2534,162
2535,162
2536,162
2537,162
2538,162
2539,162
2540,162
2541,162
2542,162
2543,162
2544,162
2545,162
2546,162
2547,162
2548,162
2549,162
2550,162
2551,162
2552,162
2553,162
2554,162
2555,162
2556,162
2557,162
2558,162
2559,162
2560,162
2561,162
2562,162
2563,162
2564,162
2565,162
2566,162
2567,162
2568,162
2569,161
2570,161
2571,161
2572,161
2573,161
2574,161
2575,161
2576,161
2577,161
2578,161
2579,161
2580,161
2581,162
2582,162
2583,162
2584,162
2585,162
2586,162
2587,161
2588,162
2589,162
2590,162
2591,162
2592,162
2593,162
2594,162
2595,162
2596,161
2597,161
2598,161
2599,161
2600,161
2601,161
2602,161
2603,161
2604,161
2605,161
2606,161
2607,161
2608,161
2609,161
2610,161
2611,161
2612,161
2613,161
2614,161
2615,161
2616,161
2617,161
2618,161
2619,161
2620,161
2621,160
2622,161
2623,161
2624,161
2625,161
2626,161
2627,161
2628,161
2629,160
2630,160
2631,160
2632,160
2633,160
2634,160
2635,161
2636,161
2637,160
2638,161
2639,161
2640,161
2641,161
2642,161
2643,161
2644,161
2645,161
2646,162
2647,162
2648,162
2649,162
2650,162
2651,162
2652,162
2653,162
2654,162
2655,162
2656,162
2657,162
2658,162
2659,162
2660,162
2661,161
2662,161
2663,161
2664,161
2665,161
2666,161
2667,161
2668,161
2669,161
2670,161
2671,161
2672,161
2673,161
2674,161
2675,161
2676,161
2677,161
2678,161
2679,161
2680,161
2681,161
2682,161
2683,161
2684,161
2685,162
2686,162
2687,162
2688,162
2689,161
2690,161
2691,161
2692,161
2693,161
2694,161
2695,161
2696,161
2697,161
2698,162
2699,162
2700,162
2701,161
2702,162
2703,162
2704,162
2705,161
2706,162
2707,162
2708,162
2709,162
2710,162
2711,162
2712,162
2713,162
2714,162
2715,162
2716,162
2717,162
2718,162
2719,162
2720,162
2721,162
2722,161
2723,162
2724,162
2725,162
2726,161
2727,161
2728,161
2729,161
2730,161
2731,162
2732,162
2733,162
2734,162
2735,161
2736,161
2737,162
2738,162
2739,162
2740,162
2741,162
2742,162
2743,161
2744,162
2745,162
2746,161
2747,161
2748,161
2749,161
2750,161
2751,161
2752,161
2753,162
2754,162
2755,162
2756,161
2757,161
2758,162
2759,162
2760,162
2761,161
2762,161
2763,161
2764,161
2765,161
2766,161
2767,162
2768,162
2769,162
2770,162
2771,162
2772,162
2773,162
2774,162
2775,162
2776,162
2777,162
2778,162
2779,162
2780,162
2781,162
2782,162
2783,162
2784,162
2785,162
2786,162
2787,162
2788,162
2789,161
2790,161
2791,161
2792,161
2793,161
2794,161
2795,161
2796,161
2797,161
2798,161
2799,161
2800,161
2801,161
2802,161
2803,161
2804,161
2805,161
2806,161
2807,161
2808,161
2809,161
2810,161
2811,162
2812,162
2813,161
2814,161
2815,161
2816,161
2817,162
2818,161
2819,162
2820,162
2821,162
2822,162
2823,162
2824,162
2825,162
2826,162
2827,162
2828,162
2829,162
2830,162
2831,162
2832,162
2833,163
2834,163
2835,163
2836,163
2837,163
2838,163
2839,163
2840,163
2841,163
2842,163
2843,163
2844,163
2845,163
2846,163
2847,163
2848,163
2849,163
2850,163
2851,163
2852,163
2853,163
2854,163
2855,163
2856,163
2857,163
2858,163
2859,163
2860,163
2861,163
2862,163
2863,163
2864,164
2865,164
2866,164
2867,164
2868,164
2869,164
2870,164
2871,164
2872,164
2873,164
2874,164
2875,164
2876,163
2877,163
2878,163
2879,163
2880,163
2881,163
2882,163
2883,163
2884,163
2885,163
2886,164
2887,164
2888,164
2889,164
2890,164
2891,164
2892,164
2893,164
2894,164
2895,165
2896,165
2897,165
2898,165
2899,165
2900,165
2901,165
2902,165
2903,165
2904,165
2905,164
2906,165
2907,165
2908,165
2909,165
2910,165
2911,165
2912,165
2913,165
2914,165
2915,165
2916,165
2917,165
2918,165
2919,165
2920,165
2921,165
2922,164
2923,164
2924,164
2925,165
2926,165
2927,164
2928,165
2929,165
2930,164
2931,164
2932,164
2933,164
2934,164
2935,164
2936,164
2937,164
2938,164
2939,164
2940,163
2941,163
2942,163
2943,163
2944,163
2945,163
2946,163
2947,163
2948,163
2949,163
2950,163
2951,162
2952,163
2953,163
2954,163
2955,162
2956,162
2957,162
2958,162
2959,162
2960,162
2961,162
2962,161
2963,161
2964,161
2965,160
2966,160
2967,160
2968,160
2969,160
2970,160
2971,160
2972,161
2973,161
2974,160
2975,161
2976,161
2977,161
2978,161
2979,161
2980,161
2981,160
2982,161
2983,161
2984,161
2985,161
2986,161
2987,161
2988,161
2989,162
2990,161
2991,161
2992,161
2993,161
2994,161
2995,161
2996,161
2997,161
2998,161
2999,161
3000,160
3001,161
3002,161
3003,161
3004,161
3005,161
3006,161
3007,161
3008,161
3009,161
3010,161
3011,161
3012,161
3013,161
3014,161
3015,161
3016,161
3017,161
3018,161
3019,161
3020,160
3021,160
3022,161
3023,161
3024,161
3025,161
3026,161
3027,161
3028,161
3029,161
3030,161
3031,160
3032,161
3033,161
3034,161
3035,160
3036,160
3037,160
3038,159
3039,160
3040,160
3041,160
3042,160
3043,160
3044,159
3045,159
3046,159
3047,159
3048,159
3049,159
3050,160
3051,160
3052,160
3053,160
3054,160
3055,160
3056,160
3057,160
3058,160
3059,159
3060,159
3061,160
3062,160
3063,160
3064,159
3065,159
3066,159
3067,158
3068,158
3069,158
3070,158
3071,158
3072,158
3073,159
3074,159
3075,159
3076,159
3077,159
3078,159
3079,159
3080,159
3081,159
3082,159
3083,158
3084,159
3085,159
3086,159
3087,159
3088,159
3089,159
3090,159
3091,160
3092,160
3093,160
3094,159
3095,160
3096,160
3097,160
3098,159
3099,159
3100,160
3101,160
3102,160
3103,160
3104,160
3105,160
3106,160
3107,160
3108,160
3109,160
3110,160
3111,160
3112,160
3113,160
3114,160
3115,160
3116,160
3117,160
3118,160
3119,160
3120,160
3121,160
3122,160
3123,160
3124,160
3125,160
3126,160
3127,161
3128,161
3129,162
3130,161
3131,161
3132,161
3133,162
3134,162
3135,161
3136,161
3137,161
3138,162
3139,162
3140,162
3141,162
3142,162
3143,162
3144,161
3145,162
3146,162
3147,162
3148,161
3149,161
3150,161
3151,161
3152,162
3153,162
3154,162
3155,162
3156,162
3157,161
3158,162
3159,162
3160,162
3161,162
3162,162
3163,162
3164,162
3165,162
3166,162
3167,162
3168,162
3169,162
3170,162
3171,162
3172,163
3173,162
3174,163
3175,162
3176,162
3177,162
3178,162
3179,163
3180,163
3181,163
3182,163
3183,163
3184,163
3185,163
3186,163
3187,163
3188,163
3189,163
3190,163
3191,162
3192,162
3193,163
3194,162
3195,162
3196,162
3197,162
3198,162
3199,162
3200,163
3201,162
3202,162
3203,162
3204,162
3205,163
3206,163
3207,162
3208,163
3209,162
3210,163
3211,163
3212,163
3213,163
3214,163
3215,163
3216,163
3217,163
3218,163
3219,163
3220,163
3221,164
3222,164
3223,164
3224,164
3225,164
3226,164
3227,163
3228,164
3229,164
3230,164
3231,164
3232,164
3233,164
3234,164
3235,164
3236,164
3237,164
3238,163
3239,163
3240,164
3241,164
3242,164
3243,164
3244,164
3245,163
3246,164
3247,164
3248,164
3249,164
3250,164
3251,164
3252,164
3253,163
3254,163
3255,163
3256,164
3257,164
3258,164
3259,164
3260,164
3261,164
3262,164
3263,164
3264,164
3265,164
3266,163
3267,163
3268,163
3269,163
3270,164
3271,164
3272,164
3273,163
3274,164
3275,164
3276,164
3277,164
3278,164
3279,164
3280,164
3281,164
3282,164
3283,164
3284,164
3285,164
3286,164
3287,164
3288,163
3289,164
3290,164
3291,163
3292,164
3293,163
3294,163
3295,164
3296,164
3297,163
3298,163
3299,163
3300,164
3301,163
3302,163
3303,164
3304,164
3305,163
3306,163
3307,163
3308,163
3309,163
3310,163
3311,163
3312,163
3313,163
3314,163
3315,163
3316,163
3317,163
3318,163
3319,163
3320,163
3321,163
3322,163
3323,163
3324,163
3325,164
3326,164
3327,164
3328,164
3329,163
3330,163
3331,163
3332,163
3333,164
3334,163
3335,163
3336,163
3337,163
3338,163
3339,163
3340,163
3341,163
3342,163
3343,162
3344,162
3345,162
3346,162
3347,162
3348,162
3349,163
3350,163
3351,163
3352,163
3353,163
3354,162
3355,163
3356,162
3357,163
3358,163
3359,163
3360,163
3361,164
3362,164
3363,164
3364,163
3365,163
3366,163
3367,163
3368,163
3369,164
3370,164
3371,164
3372,164
3373,164
3374,164
3375,165
3376,165
3377,165
3378,165
3379,165
3380,165
3381,164
3382,165
3383,165
3384,165
3385,165
3386,164
3387,164
3388,164
3389,164
3390,164
3391,164
3392,165
3393,165
3394,165
3395,165
3396,165
3397,165
3398,164
3399,164
3400,164
3401,164
3402,164
3403,164
3404,164
3405,165
3406,165
3407,165
3408,165
3409,165
3410,165
3411,165
3412,165
3413,165
3414,165
3415,165
3416,165
3417,164
3418,164
3419,164
3420,164
3421,164
3422,164
3423,164
3424,164
3425,164
3426,164
3427,164
3428,164
3429,164
3430,164
3431,164
3432,164
3433,164
3434,165
3435,165
3436,165
3437,165
3438,165
3439,165
3440,165
3441,165
3442,165
3443,165
3444,165
3445,165
3446,165
3447,165
3448,165
3449,164
3450,165
3451,164
3452,164
3453,164
3454,164
3455,164
3456,165
3457,165
3458,165
3459,165
3460,165
3461,165
3462,165
3463,165
3464,165
3465,165
3466,165
3467,165
3468,165
3469,165
3470,165
3471,165
3472,165
3473,165
3474,166
3475,166
3476,166
3477,166
3478,166
3479,166
3480,166
3481,166
3482,166
3483,166
3484,166
3485,166
3486,166
3487,166
3488,167
3489,167
3490,167
3491,167
3492,167
3493,167
3494,167
3495,167
3496,167
3497,167
3498,167
3499,167
3500,167
3501,167
3502,166
3503,166
3504,166
3505,166
3506,166
3507,166
3508,166
3509,166
3510,166
3511,166
3512,166
3513,166
3514,165
3515,165
3516,166
3517,166
3518,166
3519,166
3520,166
3521,166
3522,166
3523,166
3524,166
3525,166
3526,166
3527,165
3528,165
3529,165
3530,165
3531,165
3532,165
3533,165
3534,164
3535,164
3536,164
3537,164
3538,164
3539,164
3540,164
3541,164
3542,164
3543,163
3544,163
3545,163
3546,163
3547,163
3548,163
3549,163
3550,163
3551,163
3552,163
3553,163
3554,163
3555,163
3556,163
3557,163
3558,163
3559,163
3560,163
3561,163
3562,163
3563,163
3564,162
3565,163
3566,162
3567,162
3568,163
3569,163
3570,163
3571,163
3572,163
3573,163
3574,162
3575,162
3576,162
3577,162
3578,162
3579,162
3580,162
3581,163
3582,163
3583,163
3584,163
3585,163
3586,163
3587,164
3588,164
3589,164
3590,163
3591,163
3592,163
3593,163
3594,163
3595,162
3596,162
3597,162
3598,163
3599,163
3600,163
3601,163
3602,163
3603,163
3604,163
3605,163
3606,163
3607,163
3608,163
3609,163
3610,163
3611,163
3612,163
3613,163
3614,163
3615,164
3616,164
3617,164
3618,164
3619,164
3620,164
3621,164
3622,164
3623,164
3624,164
3625,164
3626,164
3627,164
3628,164
3629,164
3630,164
3631,165
3632,164
3633,164
3634,164
3635,164
3636,165
3637,165
3638,165
3639,165
3640,164
3641,165
3642,165
3643,165
3644,165
3645,165
3646,165
3647,165
3648,165
3649,165
3650,165
3651,165
3652,165
3653,165
3654,165
3655,165
3656,165
3657,165
3658,165
3659,165
3660,165
3661,165
3662,164
3663,164
3664,164
3665,164
3666,164
3667,164
3668,164
3669,164
3670,164
3671,164
3672,164
3673,164
3674,164
3675,164
3676,164
3677,164
3678,164
3679,164
3680,165
3681,165
3682,165
3683,165
3684,165
3685,165
3686,165
3687,165
3688,165
3689,164
3690,164
3691,165
3692,165
3693,165
3694,165
3695,165
3696,165
3697,165
3698,165
3699,165
3700,165
3701,165
3702,165
3703,165
3704,165
3705,165
3706,164
3707,165
3708,165
3709,165
3710,165
3711,165
3712,164
3713,164
3714,164
3715,164
3716,164
3717,164
3718,164
3719,164
3720,164
3721,164
3722,164
3723,164
3724,164
3725,164
3726,165
3727,164
3728,165
3729,165
3730,165
3731,164
3732,164
3733,165
3734,165
3735,165
3736,165
3737,165
3738,165
3739,165
3740,165
3741,165
3742,165
3743,165
3744,165
3745,165
3746,165
3747,165
3748,165
3749,164
3750,165
3751,165
3752,165
3753,165
3754,165
3755,165
3756,166
3757,166
3758,166
3759,166
3760,166
3761,165
3762,165
3763,165
3764,165
3765,165
3766,166
3767,166
3768,166
3769,166
3770,166
3771,166
3772,166
3773,166
3774,166
3775,166
3776,166
3777,166
3778,166
3779,166
3780,166
3781,166
3782,166
3783,166
3784,166
3785,166
3786,166
3787,166
3788,166
3789,166
3790,165
3791,165
3792,165
3793,165
3794,165
3795,166
3796,166
3797,166
3798,165
3799,165
3800,165
3801,165
3802,165
3803,165
3804,165
3805,165
3806,166
3807,165
3808,165
3809,165
3810,165
3811,165
3812,165
3813,165
3814,165
3815,166
3816,166
3817,166
3818,166
3819,166
3820,166
3821,166
3822,166
3823,166
3824,166
3825,166
3826,166
3827,166
3828,166
3829,166
3830,166
3831,166
3832,166
3833,166
3834,166
3835,166
3836,166
3837,166
3838,166
3839,166
3840,166
3841,166
3842,166
3843,166
3844,167
3845,167
3846,167
3847,167
3848,167
3849,167
3850,166
3851,166
3852,167
3853,167
3854,167
3855,167
3856,167
3857,167
3858,167
3859,167
3860,167
3861,167
3862,167
3863,167
3864,167
3865,167
3866,166
3867,166
3868,166
3869,166
3870,166
3871,167
3872,167
3873,167
3874,167
3875,167
3876,167
3877,167
3878,167
3879,167
3880,166
3881,166
3882,166
3883,166
3884,166
3885,166
3886,166
3887,166
3888,166
3889,166
3890,166
3891,166
3892,166
3893,166
3894,166
3895,167
3896,167
3897,167
3898,167
3899,167
3900,167
3901,167
3902,167
3903,167
3904,167
3905,167
3906,167
3907,167
3908,167
3909,167
3910,167
3911,167
3912,167
3913,167
3914,167
3915,167
3916,167
3917,167
3918,167
3919,167
3920,168
3921,168
3922,167
3923,167
3924,167
3925,167
3926,167
3927,167
3928,167
3929,167
3930,167
3931,167
3932,167
3933,167
3934,167
3935,167
3936,167
3937,166
3938,166
3939,166
3940,166
3941,166
3942,166
3943,166
3944,166
3945,166
3946,166
3947,167
3948,167
3949,167
3950,167
3951,167
3952,167
3953,167
3954,166
3955,166
3956,166
3957,166
3958,166
3959,166
3960,166
3961,166
3962,166
3963,166
3964,166
3965,166
3966,166
3967,166
3968,166
3969,166
3970,166
3971,166
3972,166
3973,166
3974,166
3975,166
3976,166
3977,166
3978,166
3979,166
3980,166
3981,166
3982,166
3983,166
3984,166
3985,166
3986,166
3987,166
3988,166
3989,167
3990,167
3991,167
3992,167
3993,167
3994,167
3995,167
3996,166
3997,167
3998,167
3999,167
4000,167
4001,167
4002,167
4003,167
4004,167
4005,167
4006,166
4007,167
4008,167
4009,167
4010,167
4011,167
4012,167
4013,167
4014,167
4015,167
4016,167
4017,167
4018,167
4019,167
4020,167
4021,168
4022,168
4023,168
4024,168
4025,168
4026,168
4027,167
4028,168
4029,168
4030,168
4031,168
4032,168
4033,168
4034,168
4035,168
4036,168
4037,167
4038,168
4039,168
4040,168
4041,167
4042,167
4043,167
4044,168
4045,168
4046,168
4047,168
4048,168
4049,168
4050,167
4051,167
4052,167
4053,168
4054,168
4055,168
4056,168
4057,168
4058,168
4059,168
4060,168
4061,168
4062,168
4063,168
4064,168
4065,168
4066,168
4067,168
4068,168
4069,168
4070,168
4071,169
4072,169
4073,169
4074,169
4075,169
4076,169
4077,169
4078,169
4079,169
4080,169
4081,169
4082,169
4083,169
4084,169
4085,169
4086,169
4087,169
4088,168
4089,168
4090,168
4091,169
4092,169
4093,169
4094,169
4095,169
4096,169
4097,169
4098,169
4099,169
4100,168
4101,169
4102,169
4103,169
4104,169
4105,169
4106,169
4107,169
4108,169
4109,169
4110,169
4111,169
4112,169
4113,169
4114,169
4115,169
4116,169
4117,169
4118,169
4119,169
4120,169
4121,169
4122,168
4123,168
4124,168
4125,168
4126,168
4127,168
4128,168
4129,168
4130,169
4131,169
4132,169
4133,168
4134,168
4135,168
4136,168
4137,168
4138,168
4139,169
4140,169
4141,169
4142,169
4143,169
4144,169
4145,169
4146,169
4147,169
4148,169
4149,169
4150,169
4151,168
4152,168
4153,168
4154,168
4155,168
4156,168
4157,168
4158,168
4159,168
4160,168
4161,168
4162,168
4163,168
4164,168
4165,168
4166,168
4167,168
4168,168
4169,168
4170,168
4171,168
4172,168
4173,168
4174,168
4175,168
4176,169
4177,169
4178,169
4179,168
4180,168
4181,168
4182,168
4183,168
4184,168
4185,168
4186,168
4187,168
4188,168
4189,167
4190,167
4191,167
4192,167
4193,168
4194,168
4195,168
4196,168
4197,168
4198,168
4199,169
4200,169
4201,169
4202,169
4203,169
4204,169
4205,169
4206,169
4207,169
4208,170
4209,170
4210,170
4211,170
4212,170
4213,170
4214,171
4215,170
4216,171
4217,171
4218,171
4219,171
4220,171
4221,171
4222,171
4223,171
4224,171
4225,172
4226,172
4227,172
4228,172
4229,172
4230,172
4231,172
4232,172
4233,172
4234,172
4235,172
4236,172
4237,172
4238,173
4239,172
4240,173
4241,173
4242,173
4243,173
4244,173
4245,173
4246,173
4247,173
4248,173
4249,173
4250,173
4251,174
4252,173
4253,173
4254,173
4255,173
4256,174
4257,174
4258,173
4259,174
4260,174
4261,173
4262,173
4263,174
4264,174
4265,173
4266,174
4267,174
4268,174
4269,174
4270,173
4271,173
4272,173
4273,174
4274,174
4275,174
4276,174
4277,174
4278,174
4279,174
4280,173
4281,174
4282,174
4283,174
4284,173
4285,173
4286,174
4287,174
4288,174
4289,174
4290,174
4291,174
4292,174
4293,174
4294,174
4295,175
4296,174
4297,174
4298,174
4299,174
4300,175
4301,174
4302,175
4303,175
4304,175
4305,175
4306,175
4307,174
4308,174
4309,174
4310,174
4311,174
4312,174
4313,174
4314,174
4315,174
4316,174
4317,174
4318,174
4319,175
4320,174
4321,174
4322,174
4323,174
4324,174
4325,175
4326,175
4327,175
4328,175
4329,175
4330,175
4331,175
4332,175
4333,175
4334,175
4335,175
4336,174
4337,174
4338,175
4339,175
4340,175
4341,175
4342,175
4343,175
4344,175
4345,175
4346,175
4347,175
4348,175
4349,175
4350,175
4351,175
4352,175
4353,175
4354,175
4355,175
4356,175
4357,175
4358,175
4359,174
4360,175
4361,175
4362,175
4363,175
4364,175
4365,175
4366,174
4367,175
4368,175
4369,175
4370,175
4371,175
4372,175
4373,175
4374,174
4375,174
4376,174
4377,174
4378,174
4379,175
4380,175
4381,175
4382,175
4383,174
4384,174
4385,174
4386,175
4387,174
4388,174
4389,174
4390,174
4391,175
4392,174
4393,174
4394,174
4395,175
4396,175
4397,175
4398,175
4399,175
4400,175
4401,175
4402,175
4403,175
4404,175
4405,175
4406,175
4407,175
4408,175
4409,175
4410,175
4411,175
4412,175
4413,176
4414,176
4415,176
4416,176
4417,176
4418,176
4419,176
4420,176
4421,176
4422,176
4423,177
4424,176
4425,176
4426,176
4427,176
4428,176
4429,177
4430,177
4431,177
4432,177
4433,177
4434,176
4435,176
4436,176
4437,176
4438,176
4439,176
4440,176
4441,176
4442,176
4443,176
4444,176
4445,177
4446,177
4447,177
4448,177
4449,177
4450,177
4451,177
4452,177
4453,177
4454,176
4455,177
4456,177
4457,177
4458,177
4459,177
4460,177
4461,177
4462,178
4463,177
4464,177
4465,177
4466,177
4467,177
4468,177
4469,177
4470,177
4471,177
4472,177
4473,177
4474,177
4475,177
4476,177
4477,177
4478,177
4479,177
4480,177
4481,177
4482,177
4483,177
4484,177
4485,177
4486,177
4487,177
4488,177
4489,177
4490,177
4491,177
4492,177
4493,177
4494,177
4495,177
4496,177
4497,177
4498,177
4499,177
4500,177
4501,177
4502,177
4503,178
4504,178
4505,178
4506,178
4507,178
4508,178
4509,178
4510,178
4511,178
4512,178
4513,178
4514,178
4515,178
4516,178
4517,179
4518,179
4519,178
4520,178
4521,178
4522,178
4523,178
4524,178
4525,178
4526,178
4527,178
4528,178
4529,178
4530,178
4531,178
4532,178
4533,178
4534,178
4535,178
4536,178
4537,178
4538,178
4539,178
4540,178
4541,178
4542,178
4543,178
4544,178
4545,178
4546,178
4547,178
4548,178
4549,178
4550,178
4551,178
4552,178
4553,178
4554,178
4555,178
4556,178
4557,178
4558,179
4559,179
4560,179
4561,179
4562,179
4563,179
4564,179
4565,178
4566,179
4567,179
4568,179
4569,179
4570,179
4571,179
4572,179
4573,179
4574,179
4575,179
4576,179
4577,179
4578,179
4579,179
4580,179
4581,179
4582,179
4583,179
4584,179
4585,179
4586,179
4587,179
4588,179
4589,179
4590,179
4591,179
4592,179
4593,179
4594,179
4595,180
4596,180
4597,180
4598,179
4599,180
4600,180
4601,180
4602,180
4603,180
4604,180
4605,180
4606,179
4607,179
4608,179
4609,179
4610,179
4611,180
4612,179
4613,179
4614,179
4615,179
4616,178
4617,178
4618,178
4619,178
4620,178
4621,178
4622,179
4623,179
4624,179
4625,179
4626,179
4627,179
4628,178
4629,178
4630,178
4631,178
4632,179
4633,179
4634,179
4635,179
4636,179
4637,179
4638,179
4639,179
4640,179
4641,179
4642,179
4643,179
4644,179
4645,178
4646,178
4647,178
4648,178
4649,178
4650,178
4651,178
4652,178
4653,178
4654,177
4655,177
4656,177
4657,177
4658,177
4659,177
4660,177
4661,177
4662,177
4663,177
4664,177
4665,177
4666,177
4667,177
4668,177
4669,177
4670,177
4671,178
4672,177
4673,178
4674,178
4675,178
4676,178
4677,178
4678,178
4679,178
4680,178
4681,178
4682,178
4683,178
4684,179
4685,179
4686,179
4687,179
4688,179
4689,179
4690,178
4691,179
4692,179
4693,179
4694,179
4695,179
4696,179
4697,179
4698,179
4699,179
4700,178
4701,178
4702,178
4703,178
4704,178
4705,179
4706,179
4707,179
4708,179
4709,179
4710,179
4711,179
4712,179
4713,179
4714,179
4715,179
4716,179
4717,179
4718,179
4719,179
4720,179
4721,179
4722,179
4723,179
4724,179
4725,179
4726,179
4727,179
4728,179
4729,179
4730,180
4731,179
4732,180
4733,179
4734,179
4735,180
4736,180
4737,180
4738,180
4739,179
4740,179
4741,179
4742,179
4743,179
4744,179
4745,179
4746,179
4747,179
4748,179
4749,179
4750,179
4751,179
4752,179
4753,179
4754,179
4755,179
4756,178
4757,179
4758,178
4759,178
4760,178
4761,178
4762,178
4763,178
4764,178
4765,178
4766,178
4767,178
4768,178
4769,179
4770,178
4771,178
4772,178
4773,179
4774,179
4775,179
4776,179
4777,179
4778,179
4779,179
4780,179
4781,179
4782,179
4783,179
4784,178
4785,178
4786,178
4787,178
4788,178
4789,178
4790,178
4791,178
4792,178
4793,178
4794,177
4795,177
4796,177
4797,177
4798,177
4799,178
4800,178
4801,177
4802,178
4803,178
4804,178
4805,177
4806,177
4807,177
4808,177
4809,177
4810,178
4811,178
4812,178
4813,177
4814,177
4815,177
4816,177
4817,178
4818,178
4819,178
4820,178
4821,178
4822,178
4823,177
4824,177
4825,176
4826,176
4827,176
4828,176
4829,176
4830,177
4831,177
4832,177
4833,178
4834,178
4835,178
4836,178
4837,177
4838,177
4839,178
4840,178
4841,178
4842,178
4843,178
4844,178
4845,178
4846,178
4847,178
4848,178
4849,178
4850,178
4851,178
4852,178
4853,178
4854,178
4855,178
4856,178
4857,179
4858,179
4859,179
4860,179
4861,179
4862,178
4863,178
4864,179
4865,178
4866,178
4867,177
4868,177
4869,178
4870,178
4871,179
4872,179
4873,179
4874,179
4875,179
4876,179
4877,179
4878,178
4879,178
4880,179
4881,179
4882,179
4883,179
4884,179
4885,180
4886,179
4887,179
4888,179
4889,179
4890,180
4891,179
4892,179
4893,179
4894,180
4895,180
4896,179
4897,179
4898,179
4899,180
4900,179
4901,179
4902,180
4903,180
4904,180
4905,180
4906,180
4907,181
4908,180
4909,180
4910,181
4911,180
4912,181
4913,181
4914,181
4915,182
4916,181
4917,182
4918,181
4919,181
4920,181
4921,182
4922,182
4923,182
4924,182
4925,182
4926,182
4927,182
4928,182
4929,182
4930,182
4931,182
4932,182
4933,182
4934,182
4935,182
4936,182
4937,182
4938,182
4939,182
4940,182
4941,182
4942,182
4943,183
4944,183
4945,183
4946,183
4947,183
4948,183
4949,182
4950,182
4951,182
4952,182
4953,182
4954,182
4955,182
4956,183
4957,182
4958,183
4959,183
4960,183
4961,183
4962,183
4963,183
4964,183
4965,183
4966,183
4967,183
4968,183
4969,182
4970,182
4971,182
4972,182
4973,182
4974,182
4975,182
4976,182
4977,182
4978,182
4979,182
4980,182
4981,182
4982,182
4983,182
4984,182
4985,182
4986,182
4987,182
4988,182
4989,181
4990,181
4991,181
4992,181
4993,181
4994,181
4995,181
4996,181
4997,181
4998,181
4999,181
5000,181
5001,182
5002,181
5003,181
5004,182
5005,182
5006,182
5007,182
5008,182
5009,182
5010,181
5011,181
5012,182
5013,182
5014,182
5015,181
5016,181
5017,181
5018,181
5019,181
5020,181
5021,181
5022,181
5023,181
5024,181
5025,180
5026,180
5027,181
5028,181
5029,181
5030,181
5031,181
5032,181
5033,180
5034,181
5035,181
5036,181
5037,181
5038,181
5039,181
5040,181
5041,181
5042,181
5043,181
5044,181
5045,181
5046,181
5047,181
5048,181
5049,181
5050,181
5051,181
5052,181
5053,181
5054,181
5055,181
5056,181
5057,181
5058,181
5059,181
5060,181
5061,181
5062,181
5063,181
5064,181
5065,181
5066,181
5067,182
5068,182
5069,182
5070,182
5071,182
5072,182
5073,182
5074,182
5075,181
5076,182
5077,182
5078,182
5079,182
5080,182
5081,182
5082,182
5083,181
5084,181
5085,181
5086,181
5087,181
5088,182
5089,182
5090,182
5091,182
5092,182
5093,182
5094,182
5095,182
5096,182
5097,182
5098,182
5099,182
5100,183
5101,183
5102,182
5103,182
5104,182
5105,182
5106,182
5107,182
5108,182
5109,182
5110,182
5111,183
5112,183
5113,183
5114,183
5115,184
5116,183
5117,183
5118,184
5119,183
5120,184
5121,184
5122,183
5123,184
5124,184
5125,184
5126,184
5127,184
5128,185
5129,185
5130,185
5131,185
5132,185
5133,185
5134,184
5135,185
5136,185
5137,185
5138,186
5139,186
5140,186
5141,186
5142,186
5143,186
5144,186
5145,186
5146,186
5147,186
5148,186
5149,186
5150,186
5151,186
5152,186
5153,186
5154,186
5155,185
5156,186
5157,186
5158,185
5159,185
5160,185
5161,185
5162,185
5163,186
5164,186
5165,186
5166,186
5167,186
5168,186
5169,186
5170,186
5171,186
5172,185
5173,185
5174,185
5175,185
5176,185
5177,185
5178,185
5179,185
5180,185
5181,185
5182,185
5183,185
5184,185
5185,185
5186,185
5187,185
5188,185
5189,185
5190,185
5191,185
5192,185
5193,185
5194,185
5195,185
5196,185
5197,185
5198,185
5199,185
5200,185
5201,185
5202,185
5203,185
5204,186
5205,186
5206,186
5207,186
5208,185
5209,185
5210,185
5211,186
5212,185
5213,185
5214,185
5215,185
5216,185
5217,185
5218,186
5219,185
5220,185
5221,185
5222,185
5223,185
5224,185
5225,185
5226,185
5227,185
5228,185
5229,186
5230,186
5231,186
5232,186
5233,186
5234,186
5235,186
5236,186
5237,186
5238,186
5239,186
5240,186
5241,186
5242,187
5243,187
5244,187
5245,187
5246,187
5247,187
5248,187
5249,187
5250,186
5251,186
5252,187
5253,187
5254,187
5255,187
5256,187
5257,187
5258,187
5259,187
5260,186
5261,187
5262,187
5263,187
5264,186
5265,187
5266,186
5267,186
5268,187
5269,187
5270,187
5271,187
5272,187
5273,187
5274,187
5275,187
5276,187
5277,187
5278,187
5279,187
5280,187
5281,187
5282,187
5283,187
5284,186
5285,186
5286,186
5287,186
5288,186
5289,186
5290,186
5291,186
5292,186
5293,186
5294,187
5295,186
5296,186
5297,186
5298,187
5299,187
5300,187
5301,187
5302,186
5303,186
5304,186
5305,186
5306,186
5307,186
5308,186
5309,186
5310,186
5311,186
5312,186
5313,186
5314,186
5315,186
5316,186
5317,186
5318,186
5319,185
5320,186
5321,186
5322,186
5323,186
5324,185
5325,185
5326,185
5327,185
5328,185
5329,185
5330,185
5331,185
5332,186
5333,186
5334,186
5335,186
5336,186
5337,186
5338,186
5339,186
5340,186
5341,186
5342,186
5343,186
5344,186
5345,186
5346,185
5347,185
5348,185
5349,185
5350,185
5351,185
5352,185
5353,185
5354,185
5355,185
5356,185
5357,185
5358,185
5359,185
5360,185
5361,185
5362,186
5363,186
5364,186
5365,186
5366,186
5367,186
5368,186
5369,186
5370,186
5371,186
5372,186
5373,186
5374,186
5375,186
5376,186
5377,186
5378,186
5379,185
5380,185
5381,186
5382,185
5383,185
5384,186
5385,186
5386,185
5387,186
5388,186
5389,185
5390,186
5391,186
5392,186
5393,186
5394,186
5395,186
5396,185
5397,186
5398,186
5399,186
5400,186
5401,186
5402,186
5403,186
5404,185
5405,185
5406,185
5407,186
5408,186
5409,186
5410,186
5411,186
5412,186
5413,186
5414,186
5415,187
5416,187
5417,187
5418,187
5419,187
5420,187
5421,187
5422,186
5423,186
5424,187
5425,187
5426,187
5427,187
5428,187
5429,187
5430,187
5431,187
5432,187
5433,187
5434,187
5435,187
5436,187
5437,187
5438,187
5439,187
5440,187
5441,187
5442,186
5443,186
5444,186
5445,186
5446,186
5447,186
5448,186
5449,186
5450,186
5451,186
5452,186
5453,186
5454,186
5455,186
5456,186
5457,186
5458,186
5459,186
5460,186
5461,186
5462,186
5463,186
5464,186
5465,186
5466,186
5467,186
5468,186
5469,186
5470,186
5471,186
5472,187
5473,187
5474,187
5475,187
5476,187
5477,187
5478,187
5479,187
5480,187
5481,187
5482,186
5483,186
5484,187
5485,187
5486,187
5487,187
5488,187
5489,187
5490,187
5491,187
5492,187
5493,187
5494,187
5495,187
5496,186
5497,187
5498,187
5499,186
5500,186
5501,186
5502,186
5503,187
5504,187
5505,187
5506,187
5507,187
5508,187
5509,187
5510,187
5511,187
5512,187
5513,187
5514,187
5515,187
5516,186
5517,187
5518,187
5519,187
5520,187
5521,187
5522,187
5523,187
5524,187
5525,187
5526,187
5527,188
5528,188
5529,187
5530,188
5531,188
5532,188
5533,187
5534,187
5535,188
5536,188
5537,188
5538,188
5539,188
5540,188
5541,188
5542,188
5543,187
5544,188
5545,188
5546,188
5547,188
5548,188
5549,187
5550,188
5551,188
5552,188
5553,188
5554,187
5555,187
5556,188
5557,187
5558,187
5559,187
5560,187
5561,187
5562,187
5563,187
5564,187
5565,187
5566,187
5567,187
5568,187
5569,187
5570,188
5571,188
5572,188
5573,188
5574,188
5575,188
5576,188
5577,187
5578,187
5579,187
5580,188
5581,188
5582,188
5583,188
5584,188
5585,188
5586,188
5587,188
5588,188
5589,188
5590,188
5591,188
5592,188
5593,188
5594,188
5595,188
5596,187
5597,188
5598,187
5599,187
5600,187
5601,188
5602,188
5603,188
5604,188
5605,188
5606,187
5607,187
5608,187
5609,187
5610,187
5611,187
5612,187
5613,187
5614,187
5615,187
5616,187
5617,187
5618,188
5619,188
5620,188
5621,188
5622,188
5623,188
5624,188
5625,188
5626,188
5627,188
5628,188
5629,188
5630,188
5631,188
5632,188
5633,188
5634,189
5635,189
5636,189
5637,189
5638,188
5639,188
5640,188
5641,188
5642,189
5643,189
5644,189
5645,189
5646,189
5647,189
5648,189
5649,189
5650,189
5651,189
5652,188
5653,188
5654,188
5655,188
5656,188
5657,188
5658,188
5659,188
5660,188
5661,187
5662,187
5663,187
5664,188
5665,187
5666,187
5667,187
5668,187
5669,187
5670,187
5671,187
5672,187
5673,187
5674,188
5675,188
5676,188
5677,188
5678,188
5679,188
5680,188
5681,188
5682,188
5683,188
5684,188
5685,189
5686,189
5687,188
5688,188
5689,189
5690,189
5691,189
5692,189
5693,189
5694,188
5695,189
5696,189
5697,189
5698,189
5699,189
5700,189
5701,189
5702,188
5703,189
5704,189
5705,189
5706,189
5707,189
5708,189
5709,189
5710,189
5711,189
5712,189
5713,189
5714,189
5715,189
5716,190
5717,190
5718,190
5719,190
5720,190
5721,190
5722,190
5723,190
5724,190
5725,190
5726,190
5727,190
5728,190
5729,190
5730,190
5731,190
5732,189
5733,189
5734,189
5735,189
5736,189
5737,189
5738,189
5739,189
5740,189
5741,190
5742,190
5743,190
5744,190
5745,190
5746,190
5747,190
5748,190
5749,191
5750,191
5751,190
5752,190
5753,190
5754,190
5755,190
5756,190
5757,191
5758,191
5759,191
5760,191
5761,191
5762,191
5763,191
5764,191
5765,191
5766,191
5767,191
5768,191
5769,191
5770,191
5771,191
5772,191
5773,191
5774,191
5775,190
5776,190
5777,190
5778,190
5779,190
5780,191
5781,191
5782,191
5783,191
5784,192
5785,192
5786,192
5787,192
5788,192
5789,191
5790,191
5791,192
5792,192
5793,192
5794,192
5795,191
5796,191
5797,191
5798,191
5799,191
5800,191
5801,191
5802,191
5803,192
5804,192
5805,192
5806,192
5807,192
5808,192
5809,192
5810,192
5811,192
5812,192
5813,192
5814,192
5815,192
5816,192
5817,192
5818,192
5819,192
5820,192
5821,192
5822,193
5823,193
5824,193
5825,193
5826,193
5827,193
5828,193
5829,193
5830,193
5831,193
5832,192
5833,192
5834,192
5835,193
5836,193
5837,193
5838,193
5839,193
5840,193
5841,193
5842,193
5843,193
5844,193
5845,193
5846,193
5847,193
5848,193
5849,193
5850,193
5851,193
5852,193
5853,193
5854,193
5855,193
5856,193
5857,193
5858,193
5859,193
5860,193
5861,193
5862,192
5863,192
5864,192
5865,193
5866,192
5867,192
5868,192
5869,192
5870,192
5871,192
5872,192
5873,193
5874,193
5875,193
5876,193
5877,193
5878,193
5879,193
5880,193
5881,193
5882,193
5883,193
5884,193
5885,193
5886,193
5887,193
5888,193
5889,193
5890,193
5891,193
5892,193
5893,194
5894,194
5895,194
5896,194
5897,194
5898,194
5899,194
5900,194
5901,194
5902,194
5903,194
5904,194
5905,194
5906,194
5907,194
5908,194
5909,194
5910,194
5911,194
5912,194
5913,194
5914,194
5915,194
5916,194
5917,194
5918,195
5919,194
5920,194
5921,194
5922,194
5923,194
5924,194
5925,194
5926,194
5927,194
5928,194
5929,193
5930,193
5931,193
5932,193
5933,193
5934,193
5935,193
5936,193
5937,193
5938,193
5939,193
5940,193
5941,193
5942,193
5943,193
5944,193
5945,192
5946,192
5947,193
5948,193
5949,193
5950,193
5951,193
5952,193
5953,193
5954,193
5955,193
5956,193
5957,193
5958,193
5959,193
5960,193
5961,193
5962,193
5963,193
5964,193
5965,193
5966,193
5967,193
5968,192
5969,192
5970,193
5971,193
5972,193
5973,193
5974,193
5975,193
5976,193
5977,193
5978,193
5979,193
5980,193
5981,193
5982,192
5983,192
5984,192
5985,192
5986,193
5987,193
5988,193
5989,193
5990,193
5991,193
5992,193
5993,193
5994,193
5995,193
5996,193
5997,193
5998,193
5999,193
6000,193
6001,193
6002,193
6003,193
6004,193
6005,193
6006,193
6007,193
6008,193
6009,193
6010,193
6011,193
6012,193
6013,193
6014,193
6015,193
6016,193
6017,193
6018,193
6019,193
6020,193
6021,193
6022,193
6023,193
6024,193
6025,193
6026,193
6027,193
6028,193
6029,194
6030,194
6031,194
6032,194
6033,194
6034,194
6035,194
6036,194
6037,194
6038,194
6039,194
6040,194
6041,194
6042,194
6043,194
6044,194
6045,194
6046,194
6047,194
6048,194
6049,194
6050,194
6051,193
6052,193
6053,194
6054,194
6055,194
6056,194
6057,194
6058,194
6059,194
6060,194
6061,194
6062,194
6063,194
6064,195
6065,194
6066,194
6067,195
6068,195
6069,195
6070,195
6071,195
6072,195
6073,195
6074,194
6075,195
6076,195
6077,195
6078,195
6079,195
6080,195
6081,195
6082,195
6083,195
6084,195
6085,194
6086,194
6087,194
6088,194
6089,194
6090,194
6091,194
6092,193
6093,193
6094,193
6095,193
6096,193
6097,193
6098,193
6099,193
6100,193
6101,193
6102,192
6103,193
6104,193
6105,193
6106,193
6107,193
6108,193
6109,193
6110,193
6111,193
6112,193
6113,193
6114,193
6115,193
6116,192
6117,193
6118,193
6119,193
6120,193
6121,193
6122,193
6123,193
6124,193
6125,193
6126,193
6127,193
6128,193
6129,193
6130,193
6131,193
6132,193
6133,193
6134,193
6135,194
6136,193
6137,193
6138,193
6139,193
6140,193
6141,193
6142,193
6143,193
6144,193
6145,193
6146,193
6147,193
6148,193
6149,193
6150,193
6151,193
6152,193
6153,193
6154,193
6155,193
6156,193
6157,193
6158,193
6159,193
6160,193
6161,193
6162,193
6163,193
6164,193
6165,193
6166,193
6167,193
6168,193
6169,193
6170,193
6171,193
6172,193
6173,193
6174,193
6175,192
6176,192
6177,192
6178,192
6179,192
6180,192
6181,192
6182,191
6183,192
6184,192
6185,192
6186,192
6187,192
6188,192
6189,192
6190,191
6191,191
6192,191
6193,191
6194,191
6195,191
6196,191
6197,191
6198,191
6199,191
6200,191
6201,191
6202,191
6203,191
6204,191
6205,191
6206,191
6207,190
6208,190
6209,190
6210,190
6211,190
6212,191
6213,190
6214,190
6215,190
6216,190
6217,190
6218,190
6219,190
6220,190
6221,190
6222,190
6223,190
6224,190
6225,190
6226,190
6227,190
6228,190
6229,190
6230,190
6231,190
6232,190
6233,190
6234,190
6235,190
6236,191
6237,191
6238,191
6239,191
6240,191
6241,190
6242,191
6243,190
6244,191
6245,191
6246,190
6247,190
6248,189
6249,190
6250,190
6251,189
6252,189
6253,189
6254,189
6255,190
6256,190
6257,190
6258,190
6259,190
6260,190
6261,190
6262,191
6263,191
6264,191
6265,191
6266,191
6267,191
6268,191
6269,192
6270,192
6271,192
6272,192
6273,192
6274,192
6275,192
6276,191
6277,191
6278,191
6279,191
6280,191
6281,192
6282,192
6283,191
6284,192
6285,192
6286,192
6287,192
6288,192
6289,192
6290,192
6291,192
6292,192
6293,192
6294,191
6295,191
6296,191
6297,191
6298,191
6299,191
6300,191
6301,191
6302,191
6303,191
6304,191
6305,191
6306,191
6307,191
6308,191
6309,191
6310,191
6311,191
6312,191
6313,191
6314,191
6315,192
6316,192
6317,192
6318,192
6319,192
6320,192
6321,191
6322,191
6323,191
6324,191
6325,191
6326,191
6327,191
6328,191
6329,191
6330,191
6331,191
6332,191
6333,191
6334,191
6335,191
6336,191
6337,191
6338,191
6339,191
6340,191
6341,191
6342,191
6343,190
6344,191
6345,191
6346,190
6347,191
6348,191
6349,190
6350,190
6351,190
6352,190
6353,190
6354,190
6355,190
6356,190
6357,190
6358,190
6359,190
6360,190
6361,190
6362,190
6363,190
6364,190
6365,190
6366,190
6367,190
6368,190
6369,190
6370,190
6371,190
6372,190
6373,190
6374,190
6375,190
6376,190
6377,190
6378,190
6379,190
6380,190
6381,190
6382,190
6383,190
6384,190
6385,189
6386,189
6387,189
6388,189
6389,189
6390,189
6391,189
6392,188
6393,188
6394,188
6395,188
6396,188
6397,188
6398,188
6399,188
6400,188
6401,188
6402,188
6403,188
6404,189
6405,188
6406,188
6407,188
6408,188
6409,188
6410,188
6411,189
6412,188
6413,189
6414,189
6415,188
6416,189
6417,189
6418,189
6419,189
6420,189
6421,189
6422,189
6423,188
6424,188
6425,188
6426,188
6427,188
6428,188
6429,188
6430,188
6431,188
6432,188
6433,188
6434,188
6435,188
6436,188
6437,188
6438,189
6439,188
6440,188
6441,188
6442,189
6443,189
6444,189
6445,189
6446,189
6447,189
6448,189
6449,190
6450,190
6451,190
6452,190
6453,190
6454,189
6455,189
6456,190
6457,189
6458,189
6459,190
6460,190
6461,190
6462,190
6463,190
6464,190
6465,190
6466,190
6467,190
6468,190
6469,190
6470,190
6471,190
6472,190
6473,190
6474,190
6475,190
6476,190
6477,190
6478,189
6479,189
6480,189
6481,189
6482,189
6483,189
6484,189
6485,189
6486,189
6487,189
6488,189
6489,189
6490,189
6491,190
6492,189
6493,189
6494,189
6495,189
6496,190
6497,190
6498,189
6499,190
6500,190
6501,190
6502,190
6503,190
6504,190
6505,190
6506,190
6507,190
6508,190
6509,190
6510,190
6511,190
6512,190
6513,190
6514,190
6515,190
6516,190
6517,190
6518,190
6519,189
6520,189
6521,189
6522,189
6523,189
6524,189
6525,189
6526,188
6527,188
6528,188
6529,188
6530,188
6531,188
6532,188
6533,188
6534,188
6535,188
6536,188
6537,188
6538,188
6539,188
6540,188
6541,188
6542,188
6543,188
6544,188
6545,188
6546,188
6547,188
6548,188
6549,189
6550,189
6551,189
6552,189
6553,189
6554,189
6555,189
6556,189
6557,189
6558,189
6559,189
6560,189
6561,189
6562,189
6563,189
6564,189
6565,189
6566,189
6567,189
6568,189
6569,189
6570,189
6571,189
6572,189
6573,189
6574,189
6575,189
6576,189
6577,189
6578,189
6579,190
6580,190
6581,190
6582,190
6583,190
6584,190
6585,190
6586,190
6587,190
6588,190
6589,190
6590,189
6591,190
6592,190
6593,190
6594,190
6595,189
6596,189
6597,189
6598,189
6599,189
6600,189
6601,188
6602,188
6603,188
6604,188
6605,188
6606,189
6607,189
6608,189
6609,189
6610,188
6611,189
6612,189
6613,189
6614,189
6615,189
6616,189
6617,189
6618,189
6619,189
6620,189
6621,189
6622,189
6623,189
6624,189
6625,189
6626,189
6627,189
6628,188
6629,188
6630,188
6631,188
6632,188
6633,188
6634,188
6635,188
6636,188
6637,187
6638,188
6639,188
6640,188
6641,188
6642,188
6643,188
6644,188
6645,188
6646,188
6647,188
6648,188
6649,188
6650,188
6651,188
6652,187
6653,188
6654,188
6655,188
6656,188
6657,188
6658,188
6659,188
6660,188
6661,188
6662,188
6663,188
6664,188
6665,188
6666,188
6667,188
6668,188
6669,188
6670,188
6671,188
6672,188
6673,188
6674,188
6675,188
6676,188
6677,188
6678,188
6679,188
6680,188
6681,189
6682,189
6683,189
6684,189
6685,189
6686,189
6687,189
6688,189
6689,189
6690,189
6691,189
6692,189
6693,189
6694,189
6695,189
6696,188
6697,189
6698,189
6699,188
6700,188
6701,189
6702,188
6703,188
6704,188
6705,188
6706,187
6707,187
6708,187
6709,187
6710,187
6711,187
6712,187
6713,187
6714,187
6715,188
6716,188
6717,187
6718,187
6719,187
6720,187
6721,187
6722,187
6723,187
6724,187
6725,187
6726,187
6727,187
6728,187
6729,187
6730,188
6731,188
6732,187
6733,187
6734,187
6735,187
6736,187
6737,187
6738,187
6739,187
6740,187
6741,187
6742,187
6743,187
6744,187
6745,187
6746,188
6747,188
6748,188
6749,187
6750,187
6751,188
6752,188
6753,188
6754,188
6755,187
6756,187
6757,187
6758,186
6759,186
6760,186
6761,186
6762,186
6763,186
6764,187
6765,186
6766,186
6767,186
6768,186
6769,185
6770,185
6771,185
6772,184
6773,185
6774,185
6775,185
6776,184
6777,184
6778,185
6779,184
6780,184
6781,183
6782,184
6783,184
6784,184
6785,184
6786,185
6787,184
6788,185
6789,184
6790,184
6791,185
6792,185
6793,184
6794,185
6795,185
6796,185
6797,185
6798,184
6799,184
6800,184
6801,184
6802,185
6803,184
6804,184
6805,184
6806,184
6807,183
6808,183
6809,183
6810,183
6811,183
6812,183
6813,183
6814,183
6815,183
6816,183
6817,183
6818,184
6819,184
6820,184
6821,184
6822,184
6823,184
6824,184
6825,184
6826,184
6827,184
6828,184
6829,184
6830,184
6831,184
6832,184
6833,185
6834,185
6835,184
6836,185
6837,184
6838,185
6839,184
6840,184
6841,184
6842,184
6843,184
6844,184
6845,184
6846,184
6847,184
6848,184
6849,184
6850,183
6851,183
6852,183
6853,183
6854,183
6855,183
6856,183
6857,184
6858,184
6859,184
6860,184
6861,184
6862,184
6863,184
6864,184
6865,184
6866,184
6867,184
6868,184
6869,184
6870,184
6871,184
6872,184
6873,184
6874,184
6875,184
6876,184
6877,184
6878,184
6879,184
6880,184
6881,185
6882,185
6883,184
6884,184
6885,184
6886,184
6887,184
6888,184
6889,184
6890,184
6891,184
6892,184
6893,184
6894,184
6895,184
6896,184
6897,184
6898,184
6899,184
6900,184
6901,184
6902,184
6903,185
6904,185
6905,185
6906,185
6907,185
6908,185
6909,185
6910,185
6911,185
6912,186
6913,186
6914,186
6915,186
6916,186
6917,186
6918,186
6919,186
6920,186
6921,186
6922,186
6923,186
6924,186
6925,186
6926,185
6927,185
6928,185
6929,185
6930,186
6931,186
6932,186
6933,186
6934,186
6935,186
6936,186
6937,186
6938,186
6939,186
6940,186
6941,186
6942,186
6943,186
6944,186
6945,186
6946,186
6947,186
6948,186
6949,186
6950,186
6951,186
6952,186
6953,186
6954,186
6955,186
6956,186
6957,185
6958,185
6959,185
6960,185
6961,185
6962,185
6963,185
6964,185
6965,185
6966,185
6967,185
6968,185
6969,185
6970,185
6971,185
6972,185
6973,185
6974,185
6975,185
6976,185
6977,185
6978,185
6979,185
6980,185
6981,185
6982,185
6983,185
6984,185
6985,185
6986,185
6987,185
6988,185
6989,185
6990,185
6991,185
6992,185
6993,185
6994,184
6995,184
6996,185
6997,185
6998,185
6999,184
7000,184
7001,184
7002,184
7003,185
7004,185
7005,185
7006,185
7007,185
7008,185
7009,185
7010,185
7011,185
7012,185
7013,184
7014,184
7015,184
7016,185
7017,184
7018,184
7019,184
7020,184
7021,184
7022,184
7023,184
7024,184
7025,185
7026,185
7027,184
7028,184
7029,184
7030,184
7031,184
7032,184
7033,184
7034,184
7035,184
7036,184
7037,184
7038,184
7039,184
7040,184
7041,184
7042,184
7043,184
7044,184
7045,184
7046,184
7047,184
7048,184
7049,184
7050,184
7051,184
7052,184
7053,184
7054,184
7055,184
7056,184
7057,184
7058,185
7059,185
7060,185
7061,185
7062,185
7063,185
7064,185
7065,185
7066,185
7067,185
7068,185
7069,185
7070,185
7071,185
7072,185
7073,184
7074,184
7075,184
7076,184
7077,184
7078,184
7079,184
7080,184
7081,184
7082,184
7083,185
7084,185
7085,185
7086,185
7087,185
7088,185
7089,185
7090,185
7091,185
7092,185
7093,184
7094,184
7095,184
7096,184
7097,184
7098,184
7099,184
7100,184
7101,184
7102,184
7103,184
7104,184
7105,184
7106,184
7107,184
7108,183
7109,184
7110,183
7111,183
7112,183
7113,183
7114,183
7115,183
7116,183
7117,183
7118,183
7119,183
7120,183
7121,183
7122,183
7123,183
7124,183
7125,183
7126,184
7127,184
7128,184
7129,184
7130,184
7131,184
7132,184
7133,184
7134,184
7135,184
7136,184
7137,183
7138,184
7139,183
7140,183
7141,183
7142,183
7143,183
7144,183
7145,184
7146,184
7147,184
7148,184
7149,184
7150,184
7151,184
7152,184
7153,184
7154,184
7155,184
7156,184
7157,184
7158,184
7159,184
7160,184
7161,184
7162,184
7163,184
7164,184
7165,184
7166,184
7167,184
7168,184
7169,184
7170,184
7171,184
7172,185
7173,184
7174,185
7175,185
7176,185
7177,185
7178,184
7179,184
7180,184
7181,184
7182,184
7183,184
7184,184
7185,184
7186,184
7187,184
7188,185
7189,185
7190,185
7191,185
7192,185
7193,185
7194,185
7195,184
7196,184
7197,184
7198,184
7199,184
7200,185
7201,184
7202,184
7203,184
7204,184
7205,184
7206,184
7207,184
7208,184
7209,185
7210,184
7211,184
7212,184
7213,184
7214,184
7215,184
7216,185
7217,184
7218,184
7219,184
7220,184
7221,184
7222,185
7223,185
7224,185
7225,185
7226,185
7227,185
7228,185
7229,185
7230,185
7231,185
7232,184
7233,184
7234,184
7235,184
7236,184
7237,184
7238,184
7239,184
7240,184
7241,184
7242,184
7243,184
7244,183
7245,183
7246,184
7247,184
7248,184
7249,183
7250,183
7251,183
7252,183
7253,183
7254,183
7255,183
7256,184
7257,184
7258,184
7259,184
7260,184
7261,184
7262,184
7263,184
7264,184
7265,184
7266,184
7267,184
7268,184
7269,184
7270,184
7271,184
7272,184
7273,184
7274,184
7275,184
7276,184
7277,184
7278,184
7279,184
7280,184
7281,185
7282,185
7283,185
7284,185
7285,185
7286,185
7287,185
7288,185
7289,185
7290,185
7291,185
7292,185
7293,185
7294,185
7295,185
7296,185
7297,185
7298,184
7299,184
7300,184
7301,184
7302,184
7303,184
7304,184
7305,184
7306,184
7307,185
7308,185
7309,184
7310,184
7311,185
7312,185
7313,185
7314,185
7315,185
7316,185
7317,185
7318,185
7319,185
7320,184
7321,184
7322,184
7323,184
7324,184
7325,184
7326,184
7327,184
7328,184
7329,184
7330,184
7331,184
7332,184
7333,184
7334,184
7335,183
7336,183
7337,183
7338,183
7339,184
7340,184
7341,184
7342,184
7343,184
7344,184
7345,184
7346,184
7347,184
7348,184
7349,184
7350,184
7351,184
7352,184
7353,184
7354,184
7355,184
7356,184
7357,184
7358,184
7359,184
7360,184
7361,184
7362,184
7363,184
7364,185
7365,185
7366,185
7367,185
7368,185
7369,185
7370,184
7371,184
7372,184
7373,184
7374,184
7375,184
7376,184
7377,184
7378,184
7379,184
7380,184
7381,184
7382,184
7383,184
7384,184
7385,184
7386,184
7387,184
7388,184
7389,184
7390,185
7391,185
7392,184
7393,185
7394,185
7395,185
7396,185
7397,185
7398,185
7399,185
7400,185
7401,185
7402,185
7403,185
7404,185
7405,185
7406,185
7407,185
7408,185
7409,185
7410,185
7411,185
7412,185
7413,185
7414,185
7415,185
7416,185
7417,185
7418,185
7419,185
7420,185
7421,185
7422,185
7423,185
7424,185
7425,185
7426,185
7427,185
7428,185
7429,185
7430,185
7431,185
7432,185
7433,185
7434,185
7435,185
7436,185
7437,185
7438,185
7439,185
7440,185
7441,185
7442,185
7443,185
7444,185
7445,185
7446,185
7447,184
7448,184
7449,184
7450,184
7451,184
7452,184
7453,184
7454,184
7455,184
7456,184
7457,184
7458,184
7459,184
7460,184
7461,184
7462,184
7463,184
7464,184
7465,184
7466,184
7467,183
7468,183
7469,183
7470,183
7471,183
7472,183
7473,183
7474,183
7475,183
7476,183
7477,183
7478,183
7479,183
7480,183
7481,183
7482,183
7483,183
7484,183
7485,183
7486,183
7487,183
7488,183
7489,183
7490,183
7491,183
7492,183
7493,183
7494,183
7495,182
7496,182
7497,182
7498,183
7499,183
7500,183
7501,183
7502,183
7503,183
7504,184
7505,183
7506,184
7507,184
7508,184
7509,183
7510,183
7511,183
7512,183
7513,183
7514,183
7515,183
7516,183
7517,183
7518,183
7519,183
7520,183
7521,183
7522,183
7523,183
7524,183
7525,183
7526,183
7527,183
7528,183
7529,183
7530,183
7531,184
7532,184
7533,184
7534,184
7535,184
7536,184
7537,184
7538,184
7539,184
7540,183
7541,183
7542,183
7543,183
7544,183
7545,184
7546,184
7547,184
7548,184
7549,184
7550,184
7551,184
7552,184
7553,184
7554,184
7555,184
7556,184
7557,184
7558,184
7559,184
7560,184
7561,184
7562,184
7563,184
7564,184
7565,184
7566,184
7567,184
7568,184
7569,184
7570,184
7571,184
7572,183
7573,183
7574,183
7575,183
7576,183
7577,183
7578,183
7579,183
7580,183
7581,184
7582,184
7583,184
7584,184
7585,184
7586,183
7587,183
7588,183
7589,183
7590,183
7591,183
7592,183
7593,183
7594,183
7595,183
7596,183
7597,183
7598,183
7599,183
7600,183
7601,183
7602,183
7603,183
7604,183
7605,183
7606,183
7607,183
7608,182
7609,182
7610,182
7611,182
7612,182
7613,182
7614,182
7615,182
7616,182
7617,182
7618,182
7619,182
7620,183
7621,183
7622,183
7623,183
7624,183
7625,183
7626,183
7627,183
7628,183
7629,182
7630,182
7631,183
7632,183
7633,183
7634,183
7635,183
7636,183
7637,183
7638,183
7639,183
7640,183
7641,183
7642,183
7643,183
7644,183
7645,183
7646,183
7647,183
7648,183
7649,183
7650,183
7651,183
7652,183
7653,183
7654,183
7655,183
7656,183
7657,183
7658,183
7659,183
7660,183
7661,183
7662,183
7663,183
7664,183
7665,183
7666,183
7667,183
7668,183
7669,183
7670,183
7671,183
7672,183
7673,183
7674,183
7675,183
7676,183
7677,183
7678,183
7679,183
7680,183
7681,183
7682,183
7683,183
7684,182
7685,182
7686,182
7687,183
7688,183
7689,182
7690,183
7691,183
7692,183
7693,183
7694,183
7695,183
7696,183
7697,183
7698,183
7699,183
7700,183
7701,183
7702,183
7703,183
7704,183
7705,183
7706,183
7707,183
7708,183
7709,183
7710,183
7711,184
7712,183
7713,183
7714,183
7715,183
7716,184
7717,184
7718,184
7719,184
7720,183
7721,183
7722,183
7723,183
7724,183
7725,183
7726,183
7727,183
7728,184
7729,184
7730,184
7731,184
7732,184
7733,184
7734,184
7735,184
7736,184
7737,184
7738,184
7739,184
7740,184
7741,184
7742,185
7743,185
7744,185
7745,185
7746,185
7747,185
7748,185
7749,185
7750,185
7751,185
7752,184
7753,185
7754,185
7755,185
7756,185
7757,185
7758,185
7759,185
7760,185
7761,185
7762,185
7763,185
7764,185
7765,185
7766,185
7767,185
7768,185
7769,185
7770,186
7771,186
7772,186
7773,186
7774,186
7775,186
7776,186
7777,186
7778,186
7779,186
7780,186
7781,186
7782,186
7783,186
7784,186
7785,186
7786,186
7787,186
7788,187
7789,186
7790,187
7791,187
7792,187
7793,186
7794,186
7795,186
7796,186
7797,186
7798,186
7799,186
7800,186
7801,186
7802,186
7803,186
7804,186
7805,186
7806,186
7807,186
7808,186
7809,186
7810,186
7811,186
7812,186
7813,186
7814,186
7815,186
7816,186
7817,186
7818,186
7819,185
7820,185
7821,185
7822,186
7823,186
7824,186
7825,185
7826,186
7827,186
7828,185
7829,185
7830,186
7831,185
7832,186
7833,186
7834,186
7835,185
7836,185
7837,185
7838,185
7839,185
7840,185
7841,185
7842,185
7843,185
7844,185
7845,185
7846,185
7847,185
7848,185
7849,185
7850,184
7851,184
7852,184
7853,184
7854,184
7855,184
7856,184
7857,184
7858,184
7859,184
7860,184
7861,184
7862,183
7863,183
7864,184
7865,184
7866,184
7867,184
7868,184
7869,184
7870,184
7871,184
7872,184
7873,184
7874,184
7875,184
7876,183
7877,183
7878,183
7879,184
7880,184
7881,183
7882,183
7883,183
7884,183
7885,183
7886,183
7887,184
7888,184
7889,183
7890,183
7891,183
7892,184
7893,183
7894,183
7895,183
7896,184
7897,184
7898,184
7899,184
7900,183
7901,183
7902,183
7903,183
7904,183
7905,183
7906,183
7907,183
7908,183
7909,183
7910,183
7911,183
7912,183
7913,183
7914,183
7915,182
7916,182
7917,182
7918,182
7919,182
7920,182
7921,182
7922,182
7923,182
7924,182
7925,181
7926,181
7927,181
7928,181
7929,181
7930,181
7931,181
7932,181
7933,181
7934,181
7935,181
7936,181
7937,181
7938,181
7939,181
7940,181
7941,181
7942,181
7943,181
7944,181
7945,180
7946,181
7947,181
7948,180
7949,180
7950,180
7951,180
7952,180
7953,180
7954,180
7955,180
7956,180
7957,180
7958,180
7959,180
7960,179
7961,179
7962,179
7963,179
7964,179
7965,179
7966,179
7967,179
7968,179
7969,180
7970,179
7971,180
7972,180
7973,180
7974,180
7975,180
7976,180
7977,180
7978,180
7979,180
7980,180
7981,180
7982,180
7983,180
7984,180
7985,180
7986,180
7987,180
7988,180
7989,180
7990,181
7991,180
7992,180
7993,180
7994,180
7995,180
7996,180
7997,180
7998,181
7999,181
8000,181
8001,180
8002,180
8003,180
8004,180
8005,180
8006,180
8007,180
8008,180
8009,180
8010,180
8011,180
8012,180
8013,180
8014,180
8015,180
8016,180
8017,180
8018,180
8019,180
8020,180
8021,181
8022,181
8023,181
8024,181
8025,181
8026,180
8027,180
8028,180
8029,180
8030,180
8031,180
8032,180
8033,180
8034,180
8035,180
8036,180
8037,180
8038,180
8039,180
8040,180
8041,180
8042,180
8043,180
8044,180
8045,180
8046,180
8047,180
8048,180
8049,180
8050,180
8051,180
8052,180
8053,179
8054,180
8055,180
8056,180
8057,180
8058,180
8059,180
8060,179
8061,180
8062,180
8063,180
8064,180
8065,180
8066,180
8067,180
8068,180
8069,180
8070,180
8071,180
8072,180
8073,180
8074,180
8075,180
8076,180
8077,180
8078,180
8079,180
8080,180
8081,180
8082,180
8083,180
8084,180
8085,180
8086,180
8087,180
8088,180
8089,180
8090,180
8091,180
8092,181
8093,181
8094,181
8095,181
8096,181
8097,180
8098,181
8099,181
8100,181
8101,181
8102,181
8103,181
8104,181
8105,181
8106,181
8107,181
8108,180
8109,181
8110,180
8111,180
8112,181
8113,180
8114,180
8115,180
8116,180
8117,180
8118,180
8119,180
8120,180
8121,181
8122,181
8123,181
8124,180
8125,180
8126,180
8127,180
8128,180
8129,181
8130,181
8131,181
8132,181
8133,181
8134,181
8135,181
8136,181
8137,181
8138,181
8139,181
8140,181
8141,181
8142,181
8143,181
8144,181
8145,181
8146,181
8147,181
8148,181
8149,181
8150,180
8151,181
8152,181
8153,181
8154,181
8155,181
8156,181
8157,180
8158,180
8159,181
8160,181
8161,181
8162,180
8163,181
8164,181
8165,181
8166,181
8167,181
8168,181
8169,181
8170,181
8171,181
8172,181
8173,181
8174,180
8175,181
8176,180
8177,181
8178,181
8179,181
8180,181
8181,181
8182,181
8183,181
8184,181
8185,181
8186,181
8187,181
8188,181
8189,181
8190,181
8191,181
8192,181
8193,181
8194,181
8195,181
8196,181
8197,180
8198,181
8199,181
8200,181
8201,181
8202,181
8203,181
8204,181
8205,181
8206,181
8207,181
8208,181
8209,181
8210,181
8211,181
8212,181
8213,181
8214,181
8215,181
8216,181
8217,181
8218,181
8219,181
8220,180
8221,181
8222,181
8223,181
8224,181
8225,181
8226,181
8227,181
8228,181
8229,181
8230,181
8231,181
8232,181
8233,182
8234,182
8235,182
8236,181
8237,181
8238,181
8239,181
8240,182
8241,182
8242,182
8243,182
8244,182
8245,182
8246,182
8247,182
8248,182
8249,182
8250,182
8251,182
8252,182
8253,182
8254,182
8255,181
8256,181
8257,181
8258,182
8259,182
8260,183
8261,183
8262,183
8263,183
8264,183
8265,183
8266,183
8267,183
8268,184
8269,183
8270,184
8271,184
8272,184
8273,184
8274,183
8275,183
8276,183
8277,183
8278,183
8279,183
8280,184
8281,183
8282,183
8283,183
8284,183
8285,183
8286,183
8287,183
8288,184
8289,184
8290,184
8291,184
8292,184
8293,184
8294,184
8295,184
8296,184
8297,184
8298,184
8299,184
8300,184
8301,184
8302,183
8303,183
8304,183
8305,183
8306,183
8307,183
8308,183
8309,183
8310,183
8311,183
8312,183
8313,183
8314,183
8315,183
8316,183
8317,184
8318,184
8319,183
8320,184
8321,184
8322,183
8323,184
8324,183
8325,184
8326,184
8327,184
8328,184
8329,184
8330,183
8331,183
8332,183
8333,183
8334,183
8335,182
8336,182
8337,182
8338,181
8339,181
8340,180
8341,180
8342,180
8343,181
8344,180
8345,181
8346,181
8347,180
8348,179
8349,180
8350,180
8351,180
8352,180
8353,180
8354,179
8355,179
8356,179
8357,179
8358,179
8359,179
8360,178
8361,179
8362,178
8363,178
8364,178
8365,178
8366,178
8367,178
8368,177
8369,177
8370,177
8371,177
8372,176
8373,177
8374,177
8375,177
8376,177
8377,177
8378,177
8379,177
8380,177
8381,177
8382,178
8383,177
8384,178
8385,177
8386,177
8387,178
8388,178
8389,178
8390,178
8391,178
8392,178
8393,177
8394,178
8395,178
8396,178
8397,178
8398,178
8399,178
8400,178
8401,178
8402,178
8403,178
8404,178
8405,178
8406,178
8407,178
8408,178
8409,177
8410,178
8411,178
8412,178
8413,177
8414,177
8415,178
8416,178
8417,178
8418,178
8419,178
8420,179
8421,178
8422,178
8423,178
8424,178
8425,178
8426,178
8427,178
8428,178
8429,178
8430,179
8431,179
8432,179
8433,178
8434,178
8435,178
8436,178
8437,178
8438,178
8439,179
8440,179
8441,179
8442,179
8443,179
8444,178
8445,178
8446,179
8447,179
8448,179
8449,180
8450,179
8451,179
8452,179
8453,179
8454,179
8455,179
8456,179
8457,180
8458,180
8459,179
8460,180
8461,180
8462,180
8463,180
8464,181
8465,181
8466,181
8467,180
8468,181
8469,180
8470,180
8471,180
8472,180
8473,180
8474,180
8475,180
8476,180
8477,180
8478,180
8479,180
8480,181
8481,181
8482,181
8483,181
8484,181
8485,181
8486,181
8487,180
8488,180
8489,180
8490,180
8491,180
8492,179
8493,179
8494,179
8495,178
8496,178
8497,178
8498,178
8499,178
8500,178
8501,177
8502,178
8503,177
8504,178
8505,178
8506,178
8507,178
8508,177
8509,177
8510,178
8511,177
8512,178
8513,178
8514,178
8515,177
8516,177
8517,178
8518,178
8519,177
8520,178
8521,178
8522,178
8523,178
8524,178
8525,178
8526,178
8527,178
8528,179
8529,179
8530,179
8531,179
8532,179
8533,179
8534,179
8535,179
8536,179
8537,179
8538,179
8539,179
8540,180
8541,179
8542,179
8543,179
8544,179
8545,178
8546,178
8547,179
8548,178
8549,179
8550,179
8551,179
8552,179
8553,179
8554,180
8555,179
8556,179
8557,179
8558,179
8559,180
8560,180
8561,179
8562,179
8563,180
8564,180
8565,180
8566,181
8567,180
8568,180
8569,180
8570,179
8571,179
8572,180
8573,179
8574,180
8575,180
8576,180
8577,180
8578,180
8579,180
8580,180
8581,180
8582,180
8583,180
8584,180
8585,180
8586,180
8587,180
8588,180
8589,181
8590,181
8591,181
8592,181
8593,181
8594,181
8595,181
8596,180
8597,180
8598,180
8599,179
8600,179
8601,179
8602,179
8603,179
8604,180
8605,180
8606,180
8607,180
8608,179
8609,179
8610,179
8611,179
8612,178
8613,178
8614,179
8615,179
8616,179
8617,179
8618,179
8619,179
8620,179
8621,179
8622,179
8623,179
8624,179
8625,179
8626,178
8627,179
8628,179
8629,179
8630,179
8631,179
8632,179
8633,179
8634,179
8635,179
8636,179
8637,179
8638,179
8639,179
8640,179
8641,179
8642,179
8643,179
8644,180
8645,180
8646,179
8647,179
8648,179
8649,180
8650,180
8651,180
8652,180
8653,180
8654,180
8655,180
8656,180
8657,180
8658,180
8659,180
8660,181
8661,181
8662,181
8663,181
8664,180
8665,180
8666,180
8667,180
8668,180
8669,181
8670,181
8671,180
8672,180
8673,181
8674,181
8675,182
8676,182
8677,182
8678,182
8679,182
8680,182
8681,182
8682,181
8683,182
8684,182
8685,182
8686,182
8687,182
8688,183
8689,182
8690,182
8691,183
8692,183
8693,183
8694,183
8695,183
8696,183
8697,183
8698,183
8699,183
8700,183
8701,183
8702,183
8703,183
8704,183
8705,183
8706,183
8707,183
8708,183
8709,184
8710,184
8711,184
8712,184
8713,184
8714,184
8715,183
8716,184
8717,184
8718,184
8719,184
8720,184
8721,184
8722,184
8723,184
8724,185
8725,185
8726,185
8727,185
8728,185
8729,185
8730,185
8731,185
8732,185
8733,185
8734,185
8735,185
8736,184
8737,184
8738,184
8739,185
8740,185
8741,185
8742,185
8743,186
8744,185
8745,185
8746,185
8747,185
8748,185
8749,185
8750,185
8751,185
8752,185
8753,185
8754,185
8755,185
8756,185
8757,185
8758,185
8759,185
8760,185
8761,186
8762,186
8763,186
8764,187
8765,187
8766,187
8767,187
8768,187
8769,187
8770,187
8771,187
8772,187
8773,187
8774,187
8775,187
8776,187
8777,186
8778,186
8779,186
8780,186
8781,186
8782,186
8783,186
8784,185
8785,185
8786,185
8787,185
8788,186
8789,185
8790,185
8791,185
8792,185
8793,186
8794,185
8795,186
8796,186
8797,186
8798,186
8799,186
8800,186
8801,187
8802,186
8803,186
8804,186
8805,186
8806,186
8807,186
8808,186
8809,186
8810,186
8811,186
8812,186
8813,186
8814,186
8815,186
8816,187
8817,187
8818,187
8819,187
8820,187
8821,188
8822,188
8823,188
8824,189
8825,189
8826,188
8827,188
8828,188
8829,188
8830,188
8831,187
8832,187
8833,188
8834,188
8835,188
8836,188
8837,188
8838,188
8839,189
8840,189
8841,188
8842,188
8843,189
8844,189
8845,190
8846,189
8847,190
8848,190
8849,190
8850,190
8851,190
8852,190
8853,190
8854,190
8855,189
8856,190
8857,190
8858,190
8859,190
8860,190
8861,190
8862,190
8863,190
8864,190
8865,190
8866,190
8867,191
8868,191
8869,191
8870,191
8871,191
8872,191
8873,192
8874,192
8875,192
8876,192
8877,191
8878,192
8879,192
8880,191
8881,191
8882,191
8883,191
8884,192
8885,191
8886,191
8887,191
8888,191
8889,191
8890,191
8891,191
8892,191
8893,191
8894,191
8895,191
8896,191
8897,191
8898,191
8899,191
8900,191
8901,192
8902,191
8903,191
8904,191
8905,191
8906,191
8907,191
8908,192
8909,192
8910,192
8911,192
8912,191
8913,191
8914,191
8915,191
8916,191
8917,191
8918,191
8919,190
8920,190
8921,191
8922,191
8923,191
8924,192
8925,192
8926,192
8927,193
8928,193
8929,194
8930,194
8931,195
8932,195
8933,195
8934,195
8935,194
8936,195
8937,194
8938,194
8939,194
8940,194
8941,194
8942,194
8943,194
8944,194
8945,194
8946,194
8947,193
8948,195
8949,195
8950,195
8951,194
8952,194
8953,194
8954,194
8955,194
8956,194
8957,194
8958,194
8959,195
8960,195
8961,195
8962,195
8963,195
8964,195
8965,195
8966,195
8967,195
8968,195
8969,196
8970,196
8971,197
8972,196
8973,196
8974,197
8975,196
8976,196
8977,197
8978,197
8979,197
8980,197
8981,198
8982,198
8983,198
8984,197
8985,198
8986,197
8987,198
8988,198
8989,197
8990,197
8991,197
8992,197
8993,197
8994,197
8995,197
8996,197
8997,197
8998,197
8999,197
9000,197
9001,197
9002,197
9003,197
9004,197
9005,197
9006,197
9007,197
9008,197
9009,197
9010,197
9011,197
9012,197
9013,196
9014,196
9015,196
9016,196
9017,196
9018,196
9019,196
9020,196
9021,196
9022,196
9023,195
9024,195
9025,195
9026,195
9027,196
9028,196
9029,196
9030,196
9031,195
9032,195
9033,195
9034,196
9035,196
9036,196
9037,196
9038,196
9039,196
9040,196
9041,196
9042,196
9043,196
9044,196
9045,196
9046,196
9047,197
9048,197
9049,197
9050,197
9051,197
9052,197
9053,197
9054,197
9055,197
9056,197
9057,197
9058,197
9059,197
9060,197
9061,197
9062,197
9063,197
9064,197
9065,197
9066,197
9067,198
9068,198
9069,198
9070,198
9071,198
9072,198
9073,198
9074,198
9075,198
9076,198
9077,198
9078,198
9079,198
9080,198
9081,198
9082,198
9083,198
9084,198
9085,198
9086,198
9087,198
9088,198
9089,198
9090,198
9091,198
9092,198
9093,198
9094,198
9095,198
9096,198
9097,198
9098,198
9099,198
9100,198
9101,198
9102,198
9103,198
9104,197
9105,198
9106,198
9107,198
9108,198
9109,198
9110,198
9111,198
9112,198
9113,198
9114,198
9115,198
9116,198
9117,198
9118,198
9119,198
9120,198
9121,198
9122,198
9123,198
9124,199
9125,199
9126,199
9127,199
9128,199
9129,199
9130,199
9131,199
9132,199
9133,199
9134,199
9135,199
9136,199
9137,199
9138,200
9139,200
9140,200
9141,200
9142,200
9143,200
9144,200
9145,200
9146,200
9147,200
9148,200
9149,200
9150,200
9151,199
9152,199
9153,200
9154,200
9155,200
9156,200
9157,200
9158,200
9159,200
9160,200
9161,200
9162,200
9163,200
9164,200
9165,200
9166,199
9167,200
9168,199
9169,200
9170,200
9171,200
9172,200
9173,200
9174,200
9175,200
9176,200
9177,200
9178,200
9179,200
9180,200
9181,200
9182,200
9183,200
9184,200
9185,200
9186,200
9187,200
9188,200
9189,200
9190,200
9191,200
9192,200
9193,200
9194,200
9195,200
9196,200
9197,200
9198,200
9199,200
9200,200
9201,200
9202,200
9203,200
9204,200
9205,199
9206,199
9207,198
9208,198
9209,198
9210,198
9211,199
9212,199
9213,199
9214,199
9215,199
9216,199
9217,198
9218,199
9219,199
9220,199
9221,199
9222,199
9223,199
9224,200
9225,199
9226,200
9227,200
9228,200
9229,200
9230,200
9231,200
9232,200
9233,200
9234,200
9235,200
9236,200
9237,200
9238,200
9239,200
9240,200
9241,200
9242,200
9243,200
9244,200
9245,200
9246,200
9247,200
9248,200
9249,200
9250,200
9251,200
9252,200
9253,200
9254,200
9255,200
9256,201
9257,200
9258,200
9259,200
9260,200
9261,201
9262,200
9263,200
9264,200
9265,200
9266,200
9267,201
9268,200
9269,200
9270,201
9271,201
9272,201
9273,201
9274,201
9275,201
9276,201
9277,201
9278,201
9279,201
9280,201
9281,201
9282,202
9283,202
9284,202
9285,202
9286,201
9287,201
9288,201
9289,201
9290,201
9291,201
9292,201
9293,201
9294,201
9295,201
9296,202
9297,202
9298,202
9299,202
9300,202
9301,202
9302,202
9303,202
9304,201
9305,201
9306,201
9307,201
9308,201
9309,202
9310,202
9311,202
9312,202
9313,202
9314,202
9315,202
9316,203
9317,203
9318,203
9319,203
9320,202
9321,202
9322,202
9323,202
9324,202
9325,202
9326,202
9327,202
9328,202
9329,202
9330,202
9331,201
9332,201
9333,202
9334,202
9335,201
9336,201
9337,200
9338,200
9339,200
9340,201
9341,201
9342,200
9343,200
9344,200
9345,201
9346,201
9347,201
9348,201
9349,201
9350,201
9351,201
9352,201
9353,201
9354,202
9355,202
9356,202
9357,201
9358,201
9359,201
9360,201
9361,201
9362,201
9363,201
9364,201
9365,201
9366,201
9367,201
9368,201
9369,201
9370,201
9371,201
9372,201
9373,201
9374,201
9375,200
9376,200
9377,200
9378,200
9379,200
9380,200
9381,201
9382,201
9383,201
9384,201
9385,201
9386,201
9387,201
9388,202
9389,202
9390,202
9391,202
9392,202
9393,202
9394,202
9395,202
9396,202
9397,202
9398,202
9399,202
9400,202
9401,202
9402,202
9403,202
9404,202
9405,202
9406,202
9407,201
9408,201
9409,201
9410,201
9411,200
9412,201
9413,200
9414,200
9415,200
9416,200
9417,200
9418,200
9419,200
9420,200
9421,200
9422,200
9423,200
9424,200
9425,200
9426,200
9427,200
9428,199
9429,199
9430,200
9431,200
9432,200
9433,200
9434,200
9435,200
9436,200
9437,200
9438,200
9439,200
9440,200
9441,200
9442,201
9443,201
9444,201
9445,201
9446,201
9447,201
9448,201
9449,201
9450,200
9451,200
9452,200
9453,201
9454,201
9455,201
9456,200
9457,200
9458,200
9459,200
9460,200
9461,201
9462,201
9463,201
9464,200
9465,201
9466,200
9467,200
9468,200
9469,200
9470,200
9471,200
9472,201
9473,200
9474,200
9475,200
9476,200
9477,200
9478,200
9479,200
9480,200
9481,200
9482,200
9483,200
9484,200
9485,200
9486,200
9487,200
9488,200
9489,200
9490,200
9491,200
9492,200
9493,200
9494,201
9495,201
9496,201
9497,201
9498,200
9499,200
9500,200
9501,200
9502,200
9503,200
9504,201
9505,201
9506,201
9507,201
9508,201
9509,201
9510,201
9511,201
9512,201
9513,201
9514,201
9515,201
9516,201
9517,201
9518,201
9519,201
9520,201
9521,201
9522,201
9523,201
9524,201
9525,201
9526,201
9527,201
9528,201
9529,202
9530,201
9531,202
9532,202
9533,202
9534,202
9535,202
9536,202
9537,201
9538,202
9539,202
9540,202
9541,202
9542,203
9543,203
9544,203
9545,203
9546,203
9547,203
9548,203
9549,203
9550,202
9551,203
9552,203
9553,203
9554,203
9555,203
9556,203
9557,203
9558,203
9559,203
9560,203
9561,203
9562,202
9563,202
9564,202
9565,202
9566,202
9567,202
9568,202
9569,202
9570,202
9571,202
9572,202
9573,202
9574,202
9575,202
9576,202
9577,201
9578,202
9579,202
9580,202
9581,202
9582,202
9583,202
9584,202
9585,202
9586,201
9587,202
9588,202
9589,202
9590,202
9591,202
9592,202
9593,202
9594,202
9595,202
9596,203
9597,203
9598,202
9599,202
9600,202
9601,202
9602,202
9603,203
9604,203
9605,203
9606,203
9607,203
9608,203
9609,204
9610,203
9611,203
9612,203
9613,203
9614,203
9615,204
9616,204
9617,204
9618,204
9619,204
9620,204
9621,204
9622,204
9623,204
9624,204
9625,204
9626,204
9627,203
9628,203
9629,203
9630,203
9631,203
9632,202
9633,203
9634,203
9635,204
9636,204
9637,204
9638,203
9639,203
9640,204
9641,203
9642,204
9643,204
9644,203
9645,203
9646,203
9647,203
9648,203
9649,203
9650,204
9651,203
9652,203
9653,202
9654,202
9655,202
9656,203
9657,203
9658,203
9659,204
9660,204
9661,204
9662,204
9663,204
9664,204
9665,205
9666,205
9667,205
9668,205
9669,205
9670,205
9671,205
9672,205
9673,204
9674,204
9675,204
9676,204
9677,204
9678,204
9679,204
9680,204
9681,205
9682,204
9683,205
9684,204
9685,204
9686,204
9687,204
9688,204
9689,205
9690,204
9691,205
9692,204
9693,204
9694,204
9695,204
9696,204
9697,204
9698,203
9699,203
9700,203
9701,203
9702,203
9703,204
9704,204
9705,203
9706,203
9707,203
9708,203
9709,202
9710,202
9711,202
9712,201
9713,201
9714,202
9715,202
9716,202
9717,202
9718,202
9719,201
9720,201
9721,201
9722,200
9723,200
9724,200
9725,200
9726,200
9727,200
9728,200
9729,200
9730,200
9731,200
9732,201
9733,201
9734,201
9735,200
9736,200
9737,201
9738,201
9739,201
9740,200
9741,200
9742,200
9743,200
9744,200
9745,200
9746,200
9747,200
9748,201
9749,201
9750,201
9751,201
9752,201
9753,201
9754,201
9755,201
9756,201
9757,201
9758,201
9759,201
9760,201
9761,200
9762,200
9763,201
9764,201
9765,200
9766,201
9767,201
9768,200
9769,200
9770,200
9771,200
9772,200
9773,199
9774,199
9775,199
9776,199
9777,199
9778,199
9779,199
9780,199
9781,199
9782,199
9783,199
9784,200
9785,200
9786,200
9787,200
9788,200
9789,200
9790,200
9791,200
9792,201
9793,201
9794,200
9795,200
9796,200
9797,200
9798,200
9799,200
9800,201
9801,201
9802,200
9803,201
9804,201
9805,201
9806,201
9807,200
9808,200
9809,200
9810,200
9811,200
9812,200
9813,200
9814,201
9815,201
9816,201
9817,201
9818,200
9819,201
9820,201
9821,202
9822,201
9823,201
9824,200
9825,200
9826,200
9827,200
9828,200
9829,200
9830,200
9831,200
9832,201
9833,201
9834,201
9835,201
9836,201
9837,200
9838,200
9839,200
9840,200
9841,201
9842,201
9843,201
9844,201
9845,201
9846,201
9847,201
9848,201
9849,201
9850,202
9851,202
9852,202
9853,202
9854,203
9855,203
9856,203
9857,203
9858,203
9859,203
9860,203
9861,203
9862,203
9863,204
9864,203
9865,204
9866,204
9867,204
9868,204
9869,204
9870,204
9871,204
9872,204
9873,204
9874,204
9875,204
9876,204
9877,204
9878,203
9879,203
9880,203
9881,203
9882,203
9883,203
9884,203
9885,203
9886,203
9887,203
9888,203
9889,203
9890,203
9891,203
9892,203
9893,204
9894,204
9895,204
9896,204
9897,204
9898,204
9899,204
9900,204
9901,204
9902,203
9903,203
9904,204
9905,204
9906,204
9907,204
9908,204
9909,204
9910,204
9911,204
9912,204
9913,204
9914,204
9915,204
9916,204
9917,204
9918,204
9919,204
9920,204
9921,204
9922,204
9923,204
9924,203
9925,204
9926,204
9927,203
9928,203
9929,203
9930,204
9931,204
9932,203
9933,203
9934,203
9935,203
9936,203
9937,203
9938,203
9939,203
9940,203
9941,203
9942,203
9943,203
9944,203
9945,203
9946,203
9947,203
9948,203
9949,203
9950,203
9951,203
9952,203
9953,203
9954,204
9955,204
9956,204
9957,204
9958,204
9959,204
9960,204
9961,203
9962,203
9963,203
9964,203
9965,203
9966,204
9967,204
9968,204
9969,204
9970,204
9971,204
9972,204
9973,204
9974,204
9975,204
9976,204
9977,204
9978,205
9979,205
9980,205
9981,205
9982,205
9983,205
9984,204
9985,204
9986,204
9987,204
9988,204
9989,204
9990,204
9991,204
9992,204
9993,204
9994,204
9995,204
9996,204
9997,204
9998,204
9999,204
