0,150
1,149
2,150
3,150
4,150
5,150
6,150
7,150
8,150
9,150
10,149
11,149
12,149
13,149
14,149
15,149
16,150
17,150
18,150
19,150
20,149
21,149
22,149
23,149
24,149
25,150
26,149
27,149
28,150
29,150
30,150
31,150
32,149
33,149
34,149
35,150
36,150
37,150
38,150
39,149
40,149
41,150
42,150
43,150
44,149
45,149
46,149
47,149
48,149
49,149
50,149
51,149
52,149
53,149
54,149
55,149
56,149
57,149
58,149
59,149
60,148
61,148
62,149
63,149
64,149
65,149
66,149
67,149
68,148
69,148
70,148
71,148
72,148
73,148
74,148
75,148
76,148
77,149
78,149
79,149
80,149
81,149
82,149
83,149
84,148
85,148
86,148
87,148
88,148
89,148
90,148
91,148
92,148
93,148
94,148
95,148
96,149
97,149
98,149
99,149
100,149
101,149
102,149
103,148
104,148
105,149
106,148
107,149
108,149
109,149
110,148
111,149
112,149
113,149
114,149
115,149
116,149
117,149
118,149
119,149
120,149
121,149
122,149
123,149
124,149
125,149
126,149
127,149
128,149
129,149
130,149
131,149
132,149
133,149
134,149
135,149
136,149
137,149
138,149
139,149
140,149
141,148
142,148
143,148
144,149
145,149
146,149
147,149
148,149
149,149
150,149
151,149
152,149
153,149
154,149
155,149
156,149
157,149
158,149
159,149
160,149
161,149
162,149
163,149
164,149
165,149
166,149
167,149
168,149
169,149
170,149
171,149
172,149
173,149
174,149
175,149
176,149
177,149
178,149
179,149
180,149
181,149
182,149
183,149
184,149
185,149
186,149
187,149
188,149
189,149
190,149
191,149
192,149
193,149
194,148
195,149
196,148
197,148
198,148
199,148
200,148
201,148
202,148
203,148
204,148
205,148
206,148
207,148
208,149
209,149
210,149
211,149
212,148
213,149
214,149
215,149
216,149
217,149
218,149
219,149
220,149
221,149
222,149
223,149
224,149
225,149
226,149
227,149
228,149
229,149
230,149
231,149
232,149
233,149
234,149
235,149
236,149
237,149
238,149
239,149
240,148
241,148
242,148
243,148
244,148
245,148
246,148
247,148
248,148
249,148
250,148
251,148
252,148
253,148
254,149
255,149
256,149
257,149
258,149
259,149
260,149
261,149
262,149
263,149
264,149
265,149
266,149
267,149
268,149
269,149
270,149
271,149
272,149
273,149
274,149
275,149
276,149
277,149
278,149
279,149
280,149
281,149
282,149
283,149
284,149
285,149
286,148
287,148
288,147
289,147
290,147
291,147
292,147
293,147
294,147
295,148
296,148
297,148
298,147
299,147
300,148
301,148
302,148
303,148
304,148
305,148
306,148
307,148
308,148
309,147
310,147
311,147
312,147
313,147
314,147
315,147
316,147
317,147
318,147
319,147
320,147
321,147
322,147
323,147
324,146
325,146
326,147
327,147
328,147
329,147
330,147
331,148
332,148
333,148
334,148
335,148
336,148
337,148
338,147
339,148
340,147
341,147
342,147
343,147
344,147
345,147
346,147
347,147
348,146
349,147
350,147
351,146
352,146
353,146
354,146
355,146
356,147
357,147
358,147
359,147
360,147
361,147
362,147
363,147
364,147
365,147
366,147
367,147
368,147
369,146
370,147
371,146
372,146
373,147
374,147
375,147
376,147
377,148
378,147
379,148
380,147
381,147
382,147
383,147
384,147
385,147
386,147
387,147
388,147
389,147
390,147
391,147
392,147
393,147
394,147
395,147
396,147
397,147
398,147
399,147
400,147
401,147
402,148
403,148
404,148
405,148
406,148
407,148
408,148
409,148
410,148
411,148
412,148
413,149
414,149
415,149
416,148
417,148
418,148
419,148
420,147
421,147
422,147
423,147
424,147
425,148
426,147
427,147
428,146
429,146
430,146
431,145
432,145
433,145
434,145
435,145
436,145
437,144
438,144
439,144
440,145
441,145
442,145
443,145
444,145
445,145
446,145
447,144
448,144
449,144
450,145
451,144
452,144
453,143
454,144
455,144
456,144
457,144
458,144
459,145
460,144
461,145
462,144
463,144
464,144
465,144
466,144
467,144
468,143
469,144
470,144
471,144
472,143
473,143
474,144
475,143
476,143
477,143
478,143
479,144
480,144
481,144
482,144
483,144
484,144
485,144
486,144
487,144
488,144
489,143
490,143
491,143
492,143
493,143
494,143
495,142
496,142
497,142
498,142
499,142
500,142
501,142
502,142
503,143
504,143
505,143
506,143
507,143
508,143
509,143
510,143
511,143
512,143
513,143
514,143
515,143
516,143
517,143
518,144
519,144
520,144
521,144
522,145
523,145
524,145
525,145
526,145
527,145
528,145
529,145
530,145
531,145
532,145
533,145
534,145
535,145
536,145
537,145
538,145
539,145
540,145
541,145
542,145
543,145
544,145
545,145
546,145
547,145
548,145
549,145
550,145
551,145
552,145
553,145
554,145
555,145
556,145
557,145
558,145
559,145
560,145
561,145
562,145
563,145
564,145
565,145
566,145
567,145
568,146
569,145
570,145
571,146
572,145
573,146
574,145
575,146
576,146
577,146
578,146
579,146
580,146
581,146
582,146
583,146
584,146
585,145
586,146
587,146
588,146
589,146
590,145
591,145
592,146
593,146
594,146
595,145
596,146
597,146
598,145
599,145
600,145
601,145
602,145
603,144
604,144
605,145
606,145
607,145
608,144
609,144
610,144
611,145
612,145
613,145
614,145
615,145
616,146
617,146
618,145
619,145
620,145
621,145
622,145
623,146
624,145
625,146
626,146
627,146
628,146
629,146
630,146
631,146
632,146
633,146
634,146
635,146
636,146
637,146
638,145
639,145
640,145
641,145
642,145
643,146
644,146
645,146
646,146
647,146
648,146
649,146
650,146
651,146
652,146
653,146
654,145
655,145
656,146
657,146
658,146
659,146
660,146
661,146
662,146
663,145
664,145
665,145
666,145
667,145
668,145
669,145
670,145
671,145
672,145
673,145
674,145
675,145
676,145
677,145
678,145
679,145
680,145
681,145
682,145
683,145
684,145
685,144
686,145
687,145
688,145
689,145
690,145
691,145
692,145
693,145
694,144
695,144
696,143
697,143
698,143
699,143
700,143
701,143
702,143
703,143
704,143
705,143
706,143
707,143
708,143
709,143
710,142
711,142
712,142
713,142
714,142
715,143
716,142
717,142
718,142
719,143
720,143
721,143
722,142
723,142
724,143
725,142
726,142
727,142
728,142
729,142
730,142
731,143
732,143
733,143
734,143
735,143
736,143
737,143
738,143
739,143
740,143
741,143
742,143
743,143
744,143
745,143
746,143
747,143
748,143
749,143
750,143
751,143
752,143
753,143
754,143
755,143
756,143
757,143
758,143
759,144
760,143
761,143
762,143
763,143
764,143
765,143
766,143
767,143
768,143
769,143
770,143
771,143
772,143
773,143
774,143
775,143
776,143
777,143
778,143
779,143
780,143
781,143
782,143
783,143
784,143
785,143
786,143
787,143
788,142
789,143
790,143
791,143
792,143
793,143
794,142
795,143
796,143
797,143
798,143
799,143
800,143
801,143
802,143
803,143
804,143
805,143
806,143
807,143
808,143
809,143
810,143
811,143
812,143
813,143
814,143
815,143
816,143
817,142
818,142
819,142
820,142
821,142
822,141
823,141
824,141
825,141
826,141
827,141
828,142
829,142
830,142
831,142
832,142
833,142
834,142
835,142
836,142
837,142
838,142
839,142
840,142
841,142
842,142
843,142
844,142
845,142
846,142
847,142
848,142
849,142
850,142
851,142
852,142
853,142
854,142
855,142
856,142
857,142
858,142
859,142
860,142
861,142
862,142
863,141
864,142
865,142
866,142
867,142
868,142
869,142
870,142
871,141
872,141
873,142
874,142
875,142
876,142
877,141
878,141
879,141
880,141
881,141
882,142
883,141
884,141
885,142
886,141
887,141
888,141
889,141
890,141
891,141
892,141
893,141
894,141
895,141
896,142
897,142
898,142
899,142
900,142
901,141
902,142
903,142
904,142
905,142
906,142
907,141
908,141
909,141
910,141
911,141
912,141
913,141
914,141
915,141
916,141
917,141
918,141
919,141
920,141
921,141
922,141
923,141
924,141
925,141
926,141
927,142
928,142
929,142
930,142
931,142
932,142
933,142
934,142
935,142
936,141
937,142
938,142
939,142
940,142
941,142
942,142
943,142
944,142
945,142
946,142
947,142
948,142
949,142
950,142
951,142
952,142
953,142
954,142
955,142
956,142
957,142
958,142
959,142
960,142
961,141
962,141
963,141
964,141
965,141
966,141
967,141
968,141
969,141
970,142
971,142
972,142
973,141
974,142
975,142
976,142
977,143
978,142
979,143
980,143
981,143
982,143
983,143
984,143
985,144
986,144
987,143
988,143
989,144
990,144
991,144
992,144
993,143
994,143
995,144
996,144
997,144
998,144
999,144
1000,144
1001,143
1002,143
1003,143
1004,143
1005,143
1006,143
1007,143
1008,143
1009,143
1010,143
1011,143
1012,143
1013,143
1014,143
1015,143
1016,142
1017,142
1018,143
1019,142
1020,142
1021,142
1022,142
1023,142
1024,142
1025,142
1026,142
1027,142
1028,142
1029,142
1030,142
1031,142
1032,142
1033,142
1034,142
1035,142
1036,142
1037,142
1038,142
1039,142
1040,142
1041,142
1042,142
1043,143
1044,143
1045,143
1046,143
1047,142
1048,143
1049,142
1050,142
1051,142
1052,142
1053,142
1054,142
1055,142
1056,142
1057,142
1058,142
1059,143
1060,143
1061,143
1062,143
1063,143
1064,143
1065,143
1066,142
1067,142
1068,142
1069,142
1070,142
1071,142
1072,142
1073,142
1074,142
1075,141
1076,141
1077,142
1078,141
1079,141
1080,141
1081,141
1082,141
1083,141
1084,141
1085,141
1086,141
1087,141
1088,142
1089,142
1090,142
1091,142
1092,142
1093,143
1094,143
1095,143
1096,143
1097,143
1098,143
1099,142
1100,142
1101,142
1102,142
1103,142
1104,142
1105,142
1106,142
1107,142
1108,142
1109,142
1110,142
1111,142
1112,142
1113,142
1114,142
1115,142
1116,142
1117,142
1118,142
1119,142
1120,142
1121,142
1122,142
1123,142
1124,142
1125,142
1126,142
1127,142
1128,142
1129,142
1130,142
1131,142
1132,142
1133,141
1134,141
1135,141
1136,141
1137,141
1138,141
1139,141
1140,141
1141,141
1142,141
1143,141
1144,141
1145,141
1146,141
1147,141
1148,141
1149,141
1150,141
1151,141
1152,141
1153,141
1154,141
1155,141
1156,141
1157,141
1158,141
1159,141
1160,142
1161,141
1162,142
1163,142
1164,141
1165,141
1166,141
1167,141
1168,141
1169,141
1170,141
1171,141
1172,141
1173,141
1174,141
1175,141
1176,141
1177,141
1178,141
1179,141
1180,141
1181,141
1182,141
1183,141
1184,141
1185,141
1186,141
1187,141
1188,141
1189,141
1190,141
1191,141
1192,141
1193,141
1194,141
1195,141
1196,141
1197,141
1198,141
1199,141
1200,141
1201,141
1202,141
1203,141
1204,142
1205,142
1206,142
1207,141
1208,141
1209,141
1210,142
1211,142
1212,142
1213,142
1214,142
1215,142
1216,141
1217,142
1218,142
1219,141
1220,141
1221,141
1222,141
1223,141
1224,141
1225,141
1226,141
1227,141
1228,141
1229,141
1230,141
1231,141
1232,141
1233,141
1234,142
1235,142
1236,142
1237,142
1238,142
1239,142
1240,142
1241,142
1242,142
1243,142
1244,142
1245,142
1246,142
1247,141
1248,141
1249,141
1250,141
1251,141
1252,141
1253,141
1254,141
1255,141
1256,141
1257,141
1258,141
1259,142
1260,141
1261,142
1262,141
1263,141
1264,141
1265,141
1266,141
1267,141
1268,141
1269,141
1270,142
1271,142
1272,142
1273,142
1274,142
1275,142
1276,142
1277,141
1278,142
1279,142
1280,142
1281,142
1282,142
1283,141
1284,141
1285,141
1286,141
1287,141
1288,141
1289,141
1290,141
1291,141
1292,141
1293,141
1294,142
1295,142
1296,141
1297,141
1298,141
1299,141
1300,141
1301,141
1302,141
1303,141
1304,141
1305,141
1306,141
1307,140
1308,140
1309,141
1310,141
1311,141
1312,141
1313,141
1314,141
1315,141
1316,141
1317,141
1318,141
1319,141
1320,141
1321,141
1322,141
1323,141
1324,141
1325,141
1326,141
1327,141
1328,141
1329,141
1330,141
1331,141
1332,141
1333,141
1334,141
1335,141
1336,141
1337,140
1338,140
1339,141
1340,140
1341,140
1342,140
1343,140
1344,140
1345,140
1346,140
1347,140
1348,140
1349,140
1350,139
1351,140
1352,139
1353,139
1354,139
1355,139
1356,138
1357,138
1358,138
1359,138
1360,138
1361,138
1362,138
1363,138
1364,138
1365,138
1366,138
1367,138
1368,138
1369,139
1370,139
1371,139
1372,139
1373,139
1374,139
1375,139
1376,139
1377,140
1378,139
1379,139
1380,139
1381,139
1382,139
1383,139
1384,139
1385,139
1386,139
1387,139
1388,139
1389,139
1390,139
1391,139
1392,139
1393,139
1394,139
1395,139
1396,139
1397,138
1398,138
1399,138
1400,138
1401,138
1402,138
1403,138
1404,138
1405,139
1406,139
1407,139
1408,139
1409,138
1410,139
1411,139
1412,138
1413,138
1414,138
1415,138
1416,138
1417,138
1418,138
1419,138
1420,138
1421,138
1422,138
1423,138
1424,139
1425,139
1426,139
1427,139
1428,138
1429,138
1430,138
1431,138
1432,138
1433,138
1434,138
1435,139
1436,138
1437,139
1438,139
1439,139
1440,138
1441,138
1442,138
1443,138
1444,138
1445,138
1446,139
1447,139
1448,139
1449,138
1450,139
1451,139
1452,139
1453,139
1454,139
1455,139
1456,139
1457,138
1458,138
1459,139
1460,138
1461,139
1462,138
1463,139
1464,139
1465,139
1466,139
1467,140
1468,140
1469,140
1470,140
1471,140
1472,140
1473,140
1474,140
1475,140
1476,140
1477,140
1478,140
1479,139
1480,140
1481,140
1482,140
1483,140
1484,140
1485,140
1486,140
1487,141
1488,141
1489,141
1490,141
1491,141
1492,140
1493,140
1494,140
1495,140
1496,140
1497,140
1498,140
1499,140
1500,140
1501,140
1502,140
1503,140
1504,140
1505,140
1506,140
1507,140
1508,140
1509,140
1510,140
1511,140
1512,140
1513,140
1514,140
1515,140
1516,140
1517,140
1518,139
1519,139
1520,139
1521,139
1522,139
1523,139
1524,139
1525,139
1526,139
1527,139
1528,139
1529,139
1530,139
1531,139
1532,139
1533,139
1534,139
1535,139
1536,139
1537,139
1538,139
1539,139
1540,138
1541,138
1542,138
1543,139
1544,138
1545,138
1546,138
1547,138
1548,138
1549,138
1550,138
1551,138
1552,138
1553,138
1554,139
1555,139
1556,139
1557,139
1558,139
1559,139
1560,139
1561,139
1562,139
1563,139
1564,139
1565,139
1566,139
1567,139
1568,139
1569,139
1570,139
1571,139
1572,138
1573,138
1574,139
1575,139
1576,139
1577,139
1578,139
1579,139
1580,139
1581,139
1582,139
1583,139
1584,139
1585,139
1586,139
1587,139
1588,139
1589,139
1590,139
1591,139
1592,139
1593,139
1594,139
1595,139
1596,139
1597,139
1598,139
1599,138
1600,138
1601,139
1602,139
1603,139
1604,139
1605,139
1606,139
1607,139
1608,139
1609,139
1610,139
1611,139
1612,138
1613,138
1614,138
1615,138
1616,138
1617,138
1618,138
1619,138
1620,138
1621,138
1622,138
1623,138
1624,138
1625,138
1626,138
1627,138
1628,138
1629,137
1630,137
1631,137
1632,137
1633,137
1634,137
1635,137
1636,137
1637,137
1638,138
1639,138
1640,137
1641,138
1642,138
1643,138
1644,138
1645,138
1646,138
1647,138
1648,138
1649,137
1650,137
1651,137
1652,137
1653,137
1654,137
1655,137
1656,137
1657,137
1658,137
1659,137
1660,137
1661,137
1662,137
1663,137
1664,137
1665,137
1666,137
1667,137
1668,137
1669,137
1670,137
1671,137
1672,137
1673,137
1674,137
1675,137
1676,137
1677,137
1678,137
1679,137
1680,137
1681,137
1682,137
1683,137
1684,137
1685,137
1686,137
1687,137
1688,137
1689,137
1690,137
1691,137
1692,137
1693,136
1694,136
1695,136
1696,136
1697,137
1698,136
1699,137
1700,137
1701,137
1702,137
1703,137
1704,137
1705,137
1706,137
1707,137
1708,137
1709,136
1710,137
1711,137
1712,137
1713,137
1714,137
1715,137
1716,137
1717,137
1718,136
1719,136
1720,136
1721,136
1722,136
1723,136
1724,136
1725,136
1726,136
1727,136
1728,136
1729,136
1730,137
1731,136
1732,137
1733,137
1734,137
1735,137
1736,137
1737,137
1738,137
1739,137
1740,137
1741,137
1742,137
1743,137
1744,137
1745,138
1746,138
1747,138
1748,138
1749,137
1750,137
1751,137
1752,137
1753,137
1754,138
1755,138
1756,138
1757,138
1758,138
1759,138
1760,138
1761,138
1762,138
1763,138
1764,138
1765,138
1766,138
1767,139
1768,139
1769,139
1770,139
1771,139
1772,139
1773,138
1774,138
1775,138
1776,138
1777,139
1778,139
1779,139
1780,139
1781,139
1782,139
1783,139
1784,138
1785,139
1786,139
1787,139
1788,139
1789,139
1790,138
1791,138
1792,138
1793,138
1794,138
1795,139
1796,139
1797,139
1798,139
1799,139
1800,139
1801,139
1802,140
1803,140
1804,140
1805,140
1806,140
1807,140
1808,140
1809,140
1810,141
1811,141
1812,141
1813,141
1814,141
1815,141
1816,141
1817,140
1818,141
1819,140
1820,140
1821,140
1822,140
1823,140
1824,140
1825,140
1826,139
1827,139
1828,139
1829,140
1830,140
1831,140
1832,140
1833,140
1834,139
1835,139
1836,139
1837,139
1838,139
1839,139
1840,139
1841,139
1842,138
1843,139
1844,139
1845,139
1846,139
1847,138
1848,139
1849,139
1850,139
1851,139
1852,139
1853,139
1854,139
1855,139
1856,138
1857,139
1858,138
1859,138
1860,138
1861,138
1862,138
1863,138
1864,138
1865,138
1866,139
1867,139
1868,139
1869,139
1870,139
1871,138
1872,138
1873,138
1874,138
1875,138
1876,138
1877,138
1878,138
1879,139
1880,139
1881,139
1882,139
1883,139
1884,138
1885,138
1886,138
1887,138
1888,138
1889,138
1890,138
1891,138
1892,138
1893,138
1894,138
1895,138
1896,138
1897,138
1898,138
1899,138
1900,138
1901,138
1902,138
1903,138
1904,138
1905,138
1906,138
1907,138
1908,138
1909,138
1910,138
1911,138
1912,138
1913,138
1914,138
1915,138
1916,138
1917,138
1918,138
1919,138
1920,138
1921,138
1922,138
1923,139
1924,138
1925,138
1926,138
1927,138
1928,138
1929,139
1930,139
1931,139
1932,139
1933,139
1934,139
1935,139
1936,139
1937,139
1938,139
1939,139
1940,139
1941,139
1942,139
1943,139
1944,139
1945,139
1946,139
1947,139
1948,138
1949,139
1950,138
1951,139
1952,139
1953,139
1954,139
1955,139
1956,139
1957,139
1958,139
1959,139
1960,139
1961,139
1962,139
1963,139
1964,139
1965,139
1966,139
1967,139
1968,139
1969,139
1970,139
1971,139
1972,140
1973,140
1974,140
1975,140
1976,140
1977,140
1978,140
1979,140
1980,140
1981,140
1982,140
1983,140
1984,140
1985,140
1986,140
1987,140
1988,140
1989,140
1990,140
1991,140
1992,140
1993,140
1994,140
1995,140
1996,140
1997,140
1998,140
1999,140
2000,139
2001,139
2002,139
2003,139
2004,139
2005,139
2006,139
2007,139
2008,139
2009,139
2010,139
2011,139
2012,139
2013,138
2014,138
2015,138
2016,138
2017,138
2018,138
2019,138
2020,138
2021,139
2022,139
2023,138
2024,139
2025,138
2026,139
2027,139
2028,139
2029,139
2030,139
2031,138
2032,138
2033,139
2034,138
2035,138
2036,139
2037,139
2038,139
2039,139
2040,139
2041,139
2042,139
2043,139
2044,139
2045,139
2046,139
2047,139
2048,139
2049,140
2050,140
2051,140
2052,140
2053,140
2054,140
2055,140
2056,140
2057,140
2058,140
2059,140
2060,140
2061,140
2062,140
2063,140
2064,139
2065,139
2066,139
2067,139
2068,139
2069,139
2070,138
2071,138
2072,138
2073,138
2074,138
2075,138
2076,138
2077,138
2078,138
2079,138
2080,138
2081,138
2082,138
2083,138
2084,138
2085,138
2086,138
2087,138
2088,138
2089,138
2090,138
2091,138
2092,137
2093,137
2094,137
2095,137
2096,137
2097,138
2098,138
2099,138
2100,138
2101,138
2102,138
2103,138
2104,138
2105,138
2106,138
2107,137
2108,137
2109,137
2110,137
2111,137
2112,137
2113,137
2114,137
2115,137
2116,138
2117,138
2118,138
2119,137
2120,137
2121,138
2122,138
2123,138
2124,138
2125,138
2126,138
2127,138
2128,138
2129,138
2130,138
2131,138
2132,138
2133,138
2134,138
2135,138
2136,138
2137,138
2138,139
2139,139
2140,139
2141,138
2142,138
2143,138
2144,139
2145,139
2146,139
2147,139
2148,140
2149,140
2150,139
2151,140
2152,139
2153,139
2154,140
2155,139
2156,140
2157,139
2158,139
2159,139
2160,140
2161,140
2162,140
2163,140
2164,140
2165,140
2166,140
2167,139
2168,139
2169,139
2170,139
2171,139
2172,139
2173,139
2174,139
2175,139
2176,139
2177,138
2178,138
2179,138
2180,138
2181,138
2182,138
2183,138
2184,138
2185,138
2186,138
2187,138
2188,138
2189,137
2190,137
2191,137
2192,137
2193,137
2194,137
2195,137
2196,137
2197,137
2198,136
2199,136
2200,136
2201,137
2202,137
2203,136
2204,137
2205,137
2206,136
2207,136
2208,136
2209,136
2210,137
2211,137
2212,137
2213,137
2214,137
2215,137
2216,137
2217,136
2218,136
2219,136
2220,136
2221,136
2222,135
2223,135
2224,135
2225,135
2226,135
2227,135
2228,135
2229,135
2230,135
2231,135
2232,135
2233,135
2234,135
2235,135
2236,135
2237,135
2238,135
2239,135
2240,135
2241,134
2242,134
2243,134
2244,135
2245,134
2246,134
2247,134
2248,134
2249,134
2250,134
2251,134
2252,134
2253,134
2254,134
2255,134
2256,134
2257,134
2258,134
2259,134
2260,134
2261,134
2262,135
2263,135
2264,135
2265,135
2266,135
2267,135
2268,135
2269,135
2270,135
2271,135
2272,135
2273,135
2274,135
2275,135
2276,135
2277,135
2278,135
2279,135
2280,135
2281,134
2282,135
2283,135
2284,135
2285,135
2286,135
2287,135
2288,135
2289,135
2290,135
2291,135
2292,135
2293,135
2294,135
2295,135
2296,135
2297,135
2298,135
2299,134
2300,134
2301,134
2302,134
2303,134
2304,134
2305,134
2306,134
2307,135
2308,135
2309,135
2310,135
2311,135
2312,135
2313,135
2314,134
2315,134
2316,134
2317,134
2318,134
2319,135
2320,135
2321,135
2322,135
2323,134
2324,135
2325,135
2326,135
2327,135
2328,135
2329,135
2330,135
2331,135
2332,135
2333,134
2334,134
2335,134
2336,134
2337,135
2338,134
2339,134
2340,134
2341,135
2342,135
2343,135
2344,135
2345,134
2346,135
2347,135
2348,135
2349,135
2350,135
2351,135
2352,135
2353,135
2354,135
2355,135
2356,135
2357,135
2358,135
2359,135
2360,135
2361,135
2362,135
2363,135
2364,136
2365,136
2366,135
2367,135
2368,135
2369,135
2370,136
2371,136
2372,135
2373,135
2374,135
2375,135
2376,135
2377,135
2378,135
2379,135
2380,135
2381,135
2382,135
2383,135
2384,135
2385,135
2386,135
2387,135
2388,135
2389,136
2390,136
2391,136
2392,136
2393,136
2394,136
2395,136
2396,136
2397,136
2398,135
2399,136
2400,136
2401,136
2402,136
2403,136
2404,136
2405,136
2406,136
2407,136
2408,136
2409,136
2410,136
2411,136
2412,136
2413,136
2414,136
2415,136
2416,136
2417,137
2418,137
2419,137
2420,137
2421,137
2422,137
2423,137
2424,137
2425,137
2426,137
2427,137
2428,137
2429,137
2430,137
2431,138
2432,138
2433,138
2434,138
2435,138
2436,138
2437,138
2438,138
2439,138
2440,138
2441,138
2442,138
2443,138
2444,138
2445,138
2446,137
2447,138
2448,138
2449,138
2450,138
2451,138
2452,138
2453,138
2454,138
2455,138
2456,138
2457,138
2458,138
2459,138
2460,138
2461,138
2462,138
2463,138
2464,138
2465,138
2466,138
2467,138
2468,138
2469,138
2470,138
2471,138
2472,138
2473,138
2474,138
2475,138
2476,138
2477,138
2478,138
2479,138
2480,138
2481,137
2482,137
2483,137
2484,137
2485,137
2486,137
2487,137
2488,137
2489,137
2490,137
2491,137
2492,137
2493,137
2494,137
2495,137
2496,137
2497,137
2498,137
2499,137
2500,137
2501,137
2502,137
2503,137
2504,138
2505,138
2506,138
2507,138
2508,138
2509,138
2510,138
2511,138
2512,139
2513,139
2514,139
2515,139
2516,139
2517,139
2518,139
2519,139
2520,139
2521,139
2522,139
2523,140
2524,140
2525,140
2526,140
2527,140
2528,140
2529,140
2530,140
2531,140
2532,140
2533,140
2534,140
2535,140
2536,140
2537,141
2538,141
2539,141
2540,140
2541,141
2542,141
2543,141
2544,141
2545,141
2546,141
2547,141
2548,141
2549,141
2550,141
2551,141
2552,141
2553,141
2554,141
2555,141
2556,141
2557,141
2558,141
2559,141
2560,141
2561,141
2562,141
2563,141
2564,141
2565,141
2566,141
2567,141
2568,141
2569,142
2570,142
2571,142
2572,142
2573,142
2574,142
2575,142
2576,142
2577,141
2578,141
2579,142
2580,141
2581,141
2582,141
2583,141
2584,141
2585,141
2586,141
2587,141
2588,141
2589,141
2590,141
2591,141
2592,140
2593,140
2594,140
2595,140
2596,140
2597,140
2598,140
2599,140
2600,140
2601,140
2602,141
2603,140
2604,140
2605,140
2606,140
2607,140
2608,140
2609,141
2610,141
2611,140
2612,140
2613,141
2614,140
2615,140
2616,140
2617,140
2618,141
2619,141
2620,141
2621,141
2622,141
2623,141
2624,141
2625,141
2626,141
2627,141
2628,141
2629,141
2630,141
2631,141
2632,141
2633,141
2634,141
2635,141
2636,141
2637,141
2638,140
2639,140
2640,140
2641,140
2642,141
2643,140
2644,140
2645,140
2646,140
2647,140
2648,140
2649,140
2650,140
2651,140
2652,140
2653,140
2654,140
2655,140
2656,140
2657,140
2658,139
2659,139
2660,139
2661,139
2662,139
2663,139
2664,139
2665,139
2666,139
2667,140
2668,140
2669,140
2670,140
2671,140
2672,140
2673,140
2674,140
2675,140
2676,139
2677,140
2678,140
2679,140
2680,140
2681,140
2682,140
2683,140
2684,140
2685,140
2686,141
2687,141
2688,141
2689,140
2690,141
2691,140
2692,140
2693,140
2694,140
2695,140
2696,140
2697,141
2698,141
2699,141
2700,140
2701,140
2702,140
2703,140
2704,140
2705,140
2706,141
2707,140
2708,141
2709,141
2710,140
2711,140
2712,140
2713,140
2714,139
2715,140
2716,140
2717,140
2718,140
2719,140
2720,140
2721,139
2722,139
2723,139
2724,139
2725,139
2726,139
2727,139
2728,139
2729,139
2730,139
2731,140
2732,139
2733,140
2734,140
2735,140
2736,140
2737,140
2738,140
2739,140
2740,140
2741,140
2742,141
2743,141
2744,141
2745,141
2746,141
2747,141
2748,141
2749,141
2750,141
2751,141
2752,141
2753,141
2754,141
2755,141
2756,141
2757,141
2758,141
2759,141
2760,141
2761,141
2762,141
2763,142
2764,142
2765,141
2766,141
2767,141
2768,141
2769,141
2770,141
2771,141
2772,141
2773,142
2774,142
2775,142
2776,142
2777,142
2778,142
2779,142
2780,142
2781,142
2782,142
2783,142
2784,142
2785,142
2786,142
2787,142
2788,142
2789,142
2790,142
2791,141
2792,141
2793,141
2794,141
2795,141
2796,141
2797,141
2798,141
2799,141
2800,141
2801,141
2802,141
2803,141
2804,141
2805,141
2806,141
2807,142
2808,141
2809,141
2810,141
2811,141
2812,141
2813,141
2814,141
2815,141
2816,141
2817,141
2818,141
2819,141
2820,141
2821,141
2822,141
2823,141
2824,141
2825,141
2826,141
2827,141
2828,141
2829,141
2830,141
2831,141
2832,141
2833,141
2834,141
2835,141
2836,141
2837,141
2838,142
2839,142
2840,142
2841,142
2842,142
2843,141
2844,141
2845,141
2846,141
2847,141
2848,140
2849,141
2850,141
2851,140
2852,140
2853,141
2854,141
2855,141
2856,141
2857,141
2858,141
2859,141
2860,141
2861,141
2862,141
2863,141
2864,141
2865,141
2866,141
2867,141
2868,141
2869,141
2870,141
2871,141
2872,142
2873,141
2874,142
2875,141
2876,142
2877,142
2878,141
2879,141
2880,142
2881,142
2882,142
2883,142
2884,142
2885,142
2886,142
2887,142
2888,142
2889,142
2890,142
2891,142
2892,142
2893,142
2894,142
2895,142
2896,142
2897,142
2898,142
2899,142
2900,142
2901,142
2902,142
2903,142
2904,142
2905,142
2906,143
2907,143
2908,143
2909,143
2910,143
2911,143
2912,143
2913,143
2914,143
2915,143
2916,143
2917,143
2918,143
2919,143
2920,143
2921,143
2922,143
2923,143
2924,143
2925,143
2926,143
2927,143
2928,143
2929,143
2930,143
2931,143
2932,143
2933,143
2934,143
2935,143
2936,143
2937,143
2938,143
2939,143
2940,143
2941,143
2942,143
2943,143
2944,143
2945,143
2946,143
2947,142
2948,142
2949,143
2950,143
2951,143
2952,143
2953,143
2954,143
2955,143
2956,142
2957,142
2958,142
2959,142
2960,142
2961,142
2962,142
2963,143
2964,142
2965,142
2966,143
2967,143
2968,143
2969,143
2970,143
2971,143
2972,143
2973,144
2974,144
2975,144
2976,144
2977,144
2978,144
2979,144
2980,144
2981,144
2982,144
2983,144
2984,144
2985,144
2986,144
2987,144
2988,144
2989,144
2990,145
2991,145
2992,145
2993,144
2994,144
2995,144
2996,144
2997,145
2998,145
2999,145
3000,145
3001,145
3002,145
3003,144
3004,145
3005,145
3006,145
3007,145
3008,145
3009,145
3010,145
3011,145
3012,145
3013,144
3014,144
3015,144
3016,144
3017,144
3018,144
3019,144
3020,144
3021,144
3022,144
3023,144
3024,144
3025,144
3026,144
3027,144
3028,144
3029,144
3030,144
3031,144
3032,144
3033,144
3034,144
3035,144
3036,144
3037,144
3038,144
3039,144
3040,144
3041,144
3042,144
3043,144
3044,144
3045,144
3046,144
3047,144
3048,144
3049,144
3050,144
3051,144
3052,144
3053,144
3054,144
3055,144
3056,144
3057,144
3058,144
3059,143
3060,143
3061,143
3062,143
3063,143
3064,143
3065,143
3066,143
3067,143
3068,143
3069,143
3070,143
3071,143
3072,143
3073,143
3074,143
3075,143
3076,143
3077,143
3078,143
3079,143
3080,143
3081,143
3082,143
3083,143
3084,143
3085,143
3086,143
3087,143
3088,143
3089,144
3090,144
3091,144
3092,144
3093,144
3094,144
3095,144
3096,144
3097,144
3098,144
3099,144
3100,144
3101,144
3102,144
3103,144
3104,144
3105,144
3106,144
3107,144
3108,144
3109,144
3110,144
3111,144
3112,144
3113,145
3114,145
3115,145
3116,145
3117,145
3118,145
3119,145
3120,145
3121,146
3122,146
3123,146
3124,147
3125,147
3126,147
3127,146
3128,146
3129,146
3130,146
3131,146
3132,146
3133,146
3134,146
3135,146
3136,146
3137,146
3138,146
3139,146
3140,145
3141,145
3142,146
3143,145
3144,145
3145,145
3146,145
3147,145
3148,145
3149,145
3150,145
3151,145
3152,144
3153,144
3154,144
3155,144
3156,144
3157,144
3158,145
3159,144
3160,145
3161,144
3162,144
3163,144
3164,144
3165,144
3166,144
3167,144
3168,144
3169,144
3170,144
3171,144
3172,144
3173,144
3174,144
3175,144
3176,145
3177,145
3178,145
3179,145
3180,144
3181,145
3182,145
3183,145
3184,145
3185,145
3186,145
3187,144
3188,144
3189,144
3190,144
3191,144
3192,144
3193,144
3194,144
3195,144
3196,143
3197,143
3198,143
3199,143
3200,143
3201,143
3202,143
3203,142
3204,142
3205,143
3206,143
3207,143
3208,143
3209,143
3210,142
3211,142
3212,142
3213,143
3214,143
3215,143
3216,143
3217,143
3218,143
3219,143
3220,142
3221,142
3222,142
3223,142
3224,142
3225,142
3226,142
3227,142
3228,142
3229,142
3230,142
3231,142
3232,142
3233,142
3234,142
3235,141
3236,142
3237,142
3238,142
3239,142
3240,142
3241,142
3242,142
3243,142
3244,142
3245,142
3246,142
3247,142
3248,142
3249,142
3250,142
3251,142
3252,143
3253,143
3254,142
3255,142
3256,142
3257,142
3258,142
3259,142
3260,142
3261,143
3262,143
3263,143
3264,143
3265,143
3266,143
3267,143
3268,142
3269,142
3270,142
3271,142
3272,142
3273,142
3274,142
3275,142
3276,141
3277,141
3278,141
3279,141
3280,141
3281,141
3282,141
3283,141
3284,141
3285,141
3286,142
3287,142
3288,142
3289,142
3290,142
3291,142
3292,142
3293,142
3294,142
3295,142
3296,142
3297,141
3298,141
3299,142
3300,142
3301,141
3302,142
3303,142
3304,142
3305,142
3306,142
3307,142
3308,142
3309,142
3310,142
3311,142
3312,142
3313,143
3314,142
3315,142
3316,142
3317,142
3318,142
3319,142
3320,142
3321,142
3322,142
3323,142
3324,142
3325,142
3326,142
3327,142
3328,142
3329,141
3330,141
3331,141
3332,141
3333,141
3334,141
3335,142
3336,142
3337,142
3338,142
3339,142
3340,142
3341,142
3342,143
3343,143
3344,143
3345,143
3346,143
3347,143
3348,143
3349,143
3350,143
3351,142
3352,142
3353,142
3354,142
3355,142
3356,142
3357,141
3358,141
3359,141
3360,141
3361,142
3362,142
3363,141
3364,142
3365,142
3366,142
3367,142
3368,142
3369,142
3370,142
3371,142
3372,142
3373,142
3374,142
3375,142
3376,142
3377,142
3378,143
3379,143
3380,142
3381,142
3382,142
3383,143
3384,142
3385,142
3386,142
3387,141
3388,141
3389,142
3390,142
3391,141
3392,141
3393,141
3394,142
3395,142
3396,142
3397,142
3398,142
3399,142
3400,141
3401,141
3402,141
3403,141
3404,141
3405,141
3406,141
3407,141
3408,141
3409,141
3410,141
3411,141
3412,141
3413,141
3414,141
3415,140
3416,140
3417,141
3418,140
3419,140
3420,140
3421,140
3422,140
3423,140
3424,140
3425,140
3426,140
3427,140
3428,140
3429,140
3430,140
3431,140
3432,140
3433,139
3434,139
3435,139
3436,139
3437,139
3438,139
3439,140
3440,139
3441,139
3442,139
3443,139
3444,139
3445,139
3446,139
3447,139
3448,139
3449,139
3450,139
3451,139
3452,139
3453,139
3454,139
3455,138
3456,139
3457,138
3458,139
3459,139
3460,139
3461,138
3462,138
3463,138
3464,139
3465,139
3466,138
3467,138
3468,138
3469,139
3470,139
3471,139
3472,139
3473,140
3474,140
3475,140
3476,140
3477,140
3478,140
3479,139
3480,139
3481,139
3482,139
3483,139
3484,139
3485,139
3486,139
3487,139
3488,140
3489,140
3490,140
3491,140
3492,140
3493,140
3494,140
3495,140
3496,141
3497,141
3498,141
3499,141
3500,141
3501,141
3502,140
3503,140
3504,141
3505,141
3506,141
3507,141
3508,141
3509,141
3510,141
3511,141
3512,141
3513,140
3514,141
3515,141
3516,141
3517,141
3518,141
3519,141
3520,141
3521,141
3522,141
3523,141
3524,141
3525,141
3526,141
3527,141
3528,141
3529,141
3530,141
3531,141
3532,141
3533,141
3534,141
3535,141
3536,141
3537,141
3538,141
3539,141
3540,141
3541,141
3542,140
3543,140
3544,141
3545,141
3546,141
3547,141
3548,141
3549,141
3550,141
3551,141
3552,141
3553,141
3554,141
3555,141
3556,140
3557,141
3558,141
3559,141
3560,141
3561,141
3562,141
3563,141
3564,141
3565,142
3566,142
3567,142
3568,142
3569,142
3570,142
3571,142
3572,143
3573,143
3574,143
3575,143
3576,142
3577,142
3578,142
3579,142
3580,142
3581,142
3582,142
3583,142
3584,143
3585,143
3586,143
3587,143
3588,144
3589,144
3590,144
3591,144
3592,143
3593,143
3594,143
3595,143
3596,143
3597,143
3598,143
3599,143
3600,143
3601,143
3602,143
3603,143
3604,143
3605,143
3606,143
3607,143
3608,143
3609,143
3610,143
3611,143
3612,143
3613,143
3614,143
3615,143
3616,143
3617,143
3618,143
3619,143
3620,143
3621,143
3622,143
3623,143
3624,143
3625,143
3626,143
3627,144
3628,144
3629,144
3630,144
3631,144
3632,144
3633,144
3634,144
3635,144
3636,144
3637,144
3638,144
3639,144
3640,144
3641,144
3642,144
3643,144
3644,144
3645,144
3646,144
3647,144
3648,144
3649,144
3650,144
3651,144
3652,144
3653,144
3654,143
3655,143
3656,143
3657,144
3658,144
3659,144
3660,144
3661,144
3662,144
3663,144
3664,144
3665,144
3666,144
3667,144
3668,144
3669,144
3670,144
3671,144
3672,144
3673,144
3674,144
3675,144
3676,144
3677,144
3678,144
3679,144
3680,144
3681,144
3682,144
3683,144
3684,144
3685,144
3686,144
3687,144
3688,144
3689,144
3690,144
3691,144
3692,143
3693,143
3694,143
3695,143
3696,143
3697,143
3698,143
3699,143
3700,142
3701,142
3702,142
3703,142
3704,142
3705,142
3706,142
3707,142
3708,142
3709,142
3710,142
3711,142
3712,142
3713,142
3714,142
3715,142
3716,142
3717,142
3718,142
3719,142
3720,142
3721,142
3722,142
3723,141
3724,141
3725,141
3726,141
3727,141
3728,141
3729,141
3730,141
3731,141
3732,141
3733,141
3734,141
3735,141
3736,141
3737,141
3738,141
3739,141
3740,141
3741,141
3742,141
3743,141
3744,141
3745,141
3746,142
3747,142
3748,142
3749,142
3750,142
3751,142
3752,142
3753,142
3754,142
3755,142
3756,142
3757,142
3758,142
3759,142
3760,142
3761,142
3762,142
3763,142
3764,142
3765,142
3766,142
3767,142
3768,141
3769,141
3770,142
3771,141
3772,142
3773,142
3774,142
3775,142
3776,142
3777,142
3778,142
3779,143
3780,142
3781,143
3782,143
3783,143
3784,143
3785,143
3786,143
3787,143
3788,143
3789,143
3790,142
3791,142
3792,142
3793,143
3794,142
3795,142
3796,142
3797,142
3798,142
3799,142
3800,142
3801,142
3802,142
3803,142
3804,142
3805,142
3806,142
3807,142
3808,142
3809,142
3810,141
3811,141
3812,141
3813,141
3814,141
3815,141
3816,141
3817,141
3818,141
3819,142
3820,142
3821,142
3822,142
3823,142
3824,142
3825,142
3826,142
3827,142
3828,142
3829,142
3830,142
3831,142
3832,142
3833,142
3834,142
3835,142
3836,142
3837,142
3838,142
3839,142
3840,143
3841,142
3842,142
3843,142
3844,142
3845,142
3846,142
3847,142
3848,142
3849,142
3850,142
3851,142
3852,142
3853,141
3854,142
3855,142
3856,141
3857,142
3858,142
3859,143
3860,143
3861,142
3862,142
3863,141
3864,142
3865,142
3866,142
3867,143
3868,142
3869,142
3870,142
3871,142
3872,142
3873,142
3874,142
3875,141
3876,141
3877,141
3878,141
3879,141
3880,141
3881,141
3882,142
3883,142
3884,142
3885,142
3886,142
3887,141
3888,141
3889,140
3890,140
3891,140
3892,141
3893,141
3894,141
3895,141
3896,141
3897,141
3898,141
3899,141
3900,142
3901,143
3902,143
3903,143
3904,144
3905,144
3906,144
3907,144
3908,144
3909,144
3910,144
3911,144
3912,144
3913,145
3914,145
3915,145
3916,145
3917,144
3918,144
3919,145
3920,144
3921,144
3922,144
3923,144
3924,144
3925,144
3926,144
3927,144
3928,145
3929,145
3930,145
3931,145
3932,144
3933,144
3934,144
3935,144
3936,144
3937,144
3938,144
3939,144
3940,144
3941,144
3942,144
3943,144
3944,144
3945,144
3946,144
3947,144
3948,144
3949,144
3950,144
3951,144
3952,145
3953,145
3954,144
3955,144
3956,144
3957,144
3958,145
3959,145
3960,145
3961,145
3962,145
3963,145
3964,145
3965,145
3966,145
3967,145
3968,145
3969,145
3970,145
3971,145
3972,146
3973,146
3974,146
3975,146
3976,145
3977,146
3978,145
3979,146
3980,145
3981,145
3982,145
3983,145
3984,144
3985,145
3986,145
3987,145
3988,146
3989,147
3990,147
3991,146
3992,146
3993,147
3994,147
3995,146
3996,147
3997,147
3998,147
3999,147
4000,147
4001,147
4002,147
4003,147
4004,147
4005,146
4006,146
4007,146
4008,146
4009,146
4010,146
4011,146
4012,146
4013,146
4014,145
4015,145
4016,145
4017,145
4018,145
4019,145
4020,145
4021,145
4022,146
4023,146
4024,146
4025,146
4026,146
4027,147
4028,147
4029,147
4030,147
4031,147
4032,147
4033,147
4034,147
4035,146
4036,146
4037,146
4038,146
4039,146
4040,146
4041,146
4042,146
4043,146
4044,146
4045,146
4046,146
4047,146
4048,146
4049,146
4050,147
4051,147
4052,147
4053,147
4054,146
4055,147
4056,147
4057,147
4058,147
4059,147
4060,147
4061,147
4062,146
4063,146
4064,146
4065,146
4066,147
4067,146
4068,146
4069,146
4070,146
4071,146
4072,147
4073,147
4074,146
4075,146
4076,146
4077,146
4078,146
4079,146
4080,146
4081,146
4082,146
4083,146
4084,146
4085,146
4086,146
4087,146
4088,146
4089,146
4090,146
4091,146
4092,146
4093,146
4094,145
4095,146
4096,146
4097,146
4098,146
4099,147
4100,146
4101,146
4102,146
4103,146
4104,146
4105,146
4106,146
4107,146
4108,146
4109,146
4110,146
4111,146
4112,146
4113,146
4114,145
4115,145
4116,145
4117,145
4118,145
4119,146
4120,146
4121,146
4122,146
4123,146
4124,147
4125,146
4126,146
4127,146
4128,146
4129,147
4130,146
4131,146
4132,146
4133,146
4134,147
4135,146
4136,146
4137,146
4138,146
4139,146
4140,146
4141,146
4142,146
4143,146
4144,145
4145,145
4146,146
4147,146
4148,146
4149,146
4150,147
4151,147
4152,147
4153,147
4154,148
4155,148
4156,147
4157,148
4158,148
4159,147
4160,147
4161,147
4162,147
4163,147
4164,147
4165,147
4166,147
4167,147
4168,148
4169,148
4170,148
4171,148
4172,148
4173,148
4174,148
4175,148
4176,148
4177,148
4178,148
4179,148
4180,148
4181,148
4182,149
4183,148
4184,148
4185,149
4186,149
4187,149
4188,149
4189,149
4190,149
4191,148
4192,148
4193,148
4194,148
4195,148
4196,148
4197,148
4198,148
4199,148
4200,148
4201,148
4202,148
4203,148
4204,148
4205,148
4206,148
4207,148
4208,148
4209,148
4210,148
4211,148
4212,148
4213,148
4214,148
4215,148
4216,148
4217,148
4218,148
4219,148
4220,148
4221,149
4222,149
4223,148
4224,149
4225,149
4226,149
4227,149
4228,149
4229,149
4230,149
4231,149
4232,149
4233,149
4234,149
4235,149
4236,149
4237,149
4238,150
4239,150
4240,150
4241,150
4242,150
4243,150
4244,150
4245,150
4246,150
4247,150
4248,150
4249,150
4250,151
4251,151
4252,150
4253,150
4254,150
4255,150
4256,150
4257,150
4258,150
4259,150
4260,150
4261,150
4262,150
4263,150
4264,150
4265,150
4266,150
4267,150
4268,150
4269,150
4270,150
4271,150
4272,150
4273,150
4274,150
4275,149
4276,149
4277,149
4278,150
4279,150
4280,150
4281,149
4282,150
4283,150
4284,150
4285,150
4286,150
4287,149
4288,149
4289,149
4290,149
4291,149
4292,149
4293,149
4294,149
4295,149
4296,149
4297,149
4298,149
4299,149
4300,148
4301,149
4302,149
4303,148
4304,148
4305,148
4306,148
4307,148
4308,148
4309,148
4310,148
4311,148
4312,148
4313,147
4314,147
4315,147
4316,147
4317,147
4318,147
4319,148
4320,148
4321,147
4322,148
4323,148
4324,148
4325,148
4326,148
4327,148
4328,147
4329,147
4330,147
4331,147
4332,147
4333,147
4334,147
4335,148
4336,148
4337,148
4338,148
4339,148
4340,148
4341,148
4342,149
4343,149
4344,149
4345,149
4346,149
4347,149
4348,149
4349,149
4350,149
4351,149
4352,149
4353,149
4354,149
4355,149
4356,149
4357,149
4358,149
4359,149
4360,149
4361,149
4362,149
4363,149
4364,149
4365,149
4366,149
4367,149
4368,149
4369,150
4370,150
4371,150
4372,150
4373,150
4374,149
4375,149
4376,149
4377,149
4378,149
4379,149
4380,149
4381,149
4382,149
4383,149
4384,149
4385,149
4386,149
4387,149
4388,149
4389,149
4390,149
4391,149
4392,149
4393,149
4394,149
4395,149
4396,149
4397,149
4398,149
4399,149
4400,149
4401,149
4402,149
4403,149
4404,149
4405,149
4406,149
4407,149
4408,149
4409,149
4410,149
4411,149
4412,148
4413,149
4414,149
4415,149
4416,149
4417,149
4418,149
4419,149
4420,149
4421,149
4422,149
4423,149
4424,149
4425,149
4426,149
4427,149
4428,149
4429,149
4430,148
4431,148
4432,148
4433,149
4434,148
4435,149
4436,149
4437,149
4438,149
4439,149
4440,149
4441,149
4442,149
4443,149
4444,149
4445,149
4446,149
4447,149
4448,149
4449,149
4450,149
4451,148
4452,148
4453,149
4454,149
4455,149
4456,149
4457,149
4458,149
4459,149
4460,149
4461,149
4462,149
4463,149
4464,149
4465,149
4466,149
4467,149
4468,149
4469,149
4470,149
4471,149
4472,149
4473,149
4474,149
4475,149
4476,149
4477,149
4478,149
4479,149
4480,149
4481,149
4482,149
4483,150
4484,150
4485,150
4486,149
4487,149
4488,149
4489,149
4490,150
4491,150
4492,150
4493,150
4494,149
4495,149
4496,149
4497,149
4498,150
4499,150
4500,149
4501,149
4502,149
4503,150
4504,150
4505,150
4506,150
4507,150
4508,150
4509,151
4510,151
4511,150
4512,150
4513,150
4514,150
4515,150
4516,150
4517,150
4518,150
4519,150
4520,150
4521,150
4522,150
4523,150
4524,150
4525,150
4526,150
4527,150
4528,150
4529,150
4530,150
4531,150
4532,150
4533,150
4534,150
4535,150
4536,150
4537,150
4538,150
4539,151
4540,150
4541,151
4542,151
4543,151
4544,151
4545,151
4546,151
4547,151
4548,150
4549,151
4550,150
4551,151
4552,151
4553,151
4554,151
4555,151
4556,150
4557,151
4558,151
4559,150
4560,151
4561,151
4562,151
4563,151
4564,151
4565,151
4566,151
4567,151
4568,151
4569,151
4570,151
4571,151
4572,151
4573,151
4574,151
4575,151
4576,151
4577,151
4578,151
4579,150
4580,150
4581,150
4582,150
4583,150
4584,150
4585,150
4586,150
4587,150
4588,149
4589,149
4590,150
4591,149
4592,150
4593,150
4594,149
4595,149
4596,149
4597,149
4598,149
4599,149
4600,149
4601,149
4602,149
4603,149
4604,149
4605,150
4606,149
4607,150
4608,150
4609,150
4610,150
4611,150
4612,150
4613,150
4614,150
4615,150
4616,149
4617,149
4618,149
4619,149
4620,150
4621,149
4622,149
4623,149
4624,149
4625,149
4626,149
4627,149
4628,149
4629,149
4630,148
4631,148
4632,148
4633,148
4634,148
4635,148
4636,148
4637,148
4638,148
4639,148
4640,148
4641,148
4642,148
4643,148
4644,148
4645,148
4646,148
4647,148
4648,148
4649,148
4650,148
4651,148
4652,148
4653,148
4654,148
4655,148
4656,147
4657,147
4658,147
4659,148
4660,148
4661,147
4662,147
4663,147
4664,147
4665,147
4666,147
4667,147
4668,147
4669,147
4670,147
4671,147
4672,147
4673,147
4674,147
4675,147
4676,147
4677,147
4678,147
4679,147
4680,147
4681,147
4682,147
4683,147
4684,147
4685,147
4686,147
4687,147
4688,148
4689,148
4690,148
4691,148
4692,148
4693,148
4694,148
4695,148
4696,148
4697,148
4698,148
4699,148
4700,148
4701,148
4702,148
4703,148
4704,148
4705,148
4706,148
4707,148
4708,148
4709,148
4710,148
4711,148
4712,148
4713,148
4714,148
4715,148
4716,148
4717,148
4718,147
4719,147
4720,147
4721,147
4722,147
4723,147
4724,147
4725,147
4726,147
4727,147
4728,147
4729,147
4730,147
4731,147
4732,147
4733,147
4734,147
4735,147
4736,148
4737,148
4738,148
4739,147
4740,148
4741,148
4742,148
4743,148
4744,147
4745,147
4746,147
4747,147
4748,147
4749,147
4750,147
4751,147
4752,147
4753,147
4754,147
4755,147
4756,147
4757,147
4758,147
4759,147
4760,147
4761,147
4762,147
4763,147
4764,147
4765,147
4766,147
4767,147
4768,147
4769,147
4770,147
4771,146
4772,147
4773,146
4774,146
4775,146
4776,146
4777,146
4778,146
4779,147
4780,147
4781,147
4782,147
4783,147
4784,147
4785,147
4786,147
4787,147
4788,147
4789,146
4790,146
4791,146
4792,146
4793,146
4794,146
4795,147
4796,146
4797,147
4798,147
4799,147
4800,147
4801,147
4802,147
4803,147
4804,147
4805,147
4806,147
4807,147
4808,147
4809,147
4810,147
4811,147
4812,147
4813,147
4814,147
4815,147
4816,147
4817,147
4818,147
4819,147
4820,147
4821,147
4822,147
4823,147
4824,147
4825,147
4826,147
4827,147
4828,148
4829,147
4830,147
4831,148
4832,148
4833,148
4834,148
4835,148
4836,148
4837,148
4838,149
4839,149
4840,149
4841,149
4842,149
4843,149
4844,149
4845,149
4846,149
4847,149
4848,149
4849,149
4850,149
4851,149
4852,149
4853,149
4854,149
4855,149
4856,149
4857,149
4858,149
4859,149
4860,149
4861,149
4862,149
4863,149
4864,150
4865,150
4866,150
4867,149
4868,149
4869,149
4870,149
4871,149
4872,149
4873,148
4874,148
4875,148
4876,149
4877,149
4878,148
4879,148
4880,148
4881,149
4882,149
4883,149
4884,149
4885,149
4886,149
4887,149
4888,149
4889,149
4890,149
4891,149
4892,149
4893,149
4894,149
4895,149
4896,149
4897,149
4898,149
4899,149
4900,149
4901,149
4902,149
4903,149
4904,149
4905,149
4906,149
4907,149
4908,149
4909,149
4910,149
4911,149
4912,149
4913,149
4914,149
4915,149
4916,149
4917,149
4918,149
4919,149
4920,150
4921,150
4922,150
4923,150
4924,150
4925,150
4926,150
4927,150
4928,150
4929,150
4930,150
4931,150
4932,150
4933,150
4934,150
4935,150
4936,151
4937,151
4938,151
4939,151
4940,151
4941,151
4942,151
4943,151
4944,151
4945,151
4946,151
4947,151
4948,151
4949,151
4950,151
4951,151
4952,151
4953,151
4954,151
4955,151
4956,151
4957,151
4958,151
4959,151
4960,151
4961,152
4962,151
4963,151
4964,151
4965,152
4966,152
4967,152
4968,152
4969,152
4970,152
4971,152
4972,152
4973,152
4974,152
4975,153
4976,153
4977,152
4978,152
4979,152
4980,152
4981,152
4982,152
4983,152
4984,152
4985,152
4986,152
4987,152
4988,152
4989,152
4990,152
4991,152
4992,152
4993,152
4994,152
4995,152
4996,152
4997,152
4998,152
4999,152
5000,152
5001,152
5002,152
5003,152
5004,152
5005,152
5006,152
5007,151
5008,152
5009,152
5010,152
5011,152
5012,152
5013,152
5014,152
5015,152
5016,152
5017,152
5018,152
5019,152
5020,152
5021,152
5022,152
5023,152
5024,151
5025,152
5026,152
5027,152
5028,152
5029,152
5030,152
5031,152
5032,152
5033,152
5034,152
5035,152
5036,152
5037,152
5038,152
5039,152
5040,153
5041,152
5042,152
5043,152
5044,152
5045,152
5046,152
5047,152
5048,152
5049,153
5050,153
5051,153
5052,153
5053,153
5054,153
5055,153
5056,153
5057,153
5058,153
5059,153
5060,153
5061,153
5062,153
5063,153
5064,153
5065,153
5066,153
5067,153
5068,153
5069,154
5070,154
5071,154
5072,154
5073,154
5074,154
5075,154
5076,154
5077,154
5078,154
5079,154
5080,154
5081,154
5082,154
5083,154
5084,154
5085,155
5086,154
5087,154
5088,154
5089,154
5090,154
5091,154
5092,154
5093,154
5094,154
5095,154
5096,154
5097,154
5098,154
5099,154
5100,154
5101,154
5102,154
5103,155
5104,154
5105,154
5106,155
5107,155
5108,155
5109,155
5110,155
5111,155
5112,155
5113,155
5114,154
5115,154
5116,154
5117,155
5118,154
5119,154
5120,154
5121,154
5122,154
5123,154
5124,154
5125,154
5126,155
5127,155
5128,155
5129,155
5130,154
5131,154
5132,154
5133,154
5134,154
5135,154
5136,154
5137,154
5138,154
5139,153
5140,154
5141,154
5142,154
5143,154
5144,154
5145,154
5146,154
5147,154
5148,154
5149,154
5150,153
5151,153
5152,153
5153,154
5154,153
5155,153
5156,153
5157,153
5158,153
5159,153
5160,153
5161,153
5162,153
5163,153
5164,153
5165,153
5166,153
5167,153
5168,153
5169,153
5170,153
5171,153
5172,153
5173,153
5174,153
5175,153
5176,153
5177,153
5178,153
5179,152
5180,152
5181,152
5182,152
5183,152
5184,152
5185,152
5186,152
5187,152
5188,152
5189,152
5190,152
5191,152
5192,152
5193,152
5194,152
5195,151
5196,151
5197,151
5198,152
5199,152
5200,152
5201,152
5202,152
5203,152
5204,151
5205,151
5206,151
5207,151
5208,151
5209,151
5210,151
5211,151
5212,151
5213,151
5214,151
5215,151
5216,151
5217,151
5218,151
5219,151
5220,151
5221,151
5222,150
5223,150
5224,151
5225,151
5226,151
5227,151
5228,151
5229,151
5230,151
5231,151
5232,151
5233,151
5234,151
5235,151
5236,150
5237,150
5238,150
5239,150
5240,151
5241,151
5242,151
5243,151
5244,151
5245,150
5246,150
5247,150
5248,150
5249,150
5250,150
5251,150
5252,150
5253,150
5254,149
5255,149
5256,150
5257,150
5258,150
5259,150
5260,150
5261,150
5262,150
5263,150
5264,151
5265,151
5266,151
5267,151
5268,151
5269,151
5270,151
5271,151
5272,152
5273,152
5274,152
5275,152
5276,152
5277,152
5278,152
5279,151
5280,151
5281,152
5282,152
5283,152
5284,152
5285,152
5286,152
5287,152
5288,151
5289,152
5290,152
5291,152
5292,152
5293,152
5294,152
5295,152
5296,153
5297,153
5298,153
5299,153
5300,153
5301,152
5302,152
5303,152
5304,152
5305,152
5306,152
5307,152
5308,152
5309,152
5310,153
5311,153
5312,153
5313,152
5314,152
5315,152
5316,151
5317,151
5318,151
5319,151
5320,150
5321,151
5322,151
5323,151
5324,151
5325,151
5326,152
5327,152
5328,153
5329,153
5330,153
5331,153
5332,153
5333,153
5334,153
5335,153
5336,153
5337,153
5338,153
5339,153
5340,153
5341,153
5342,153
5343,153
5344,153
5345,153
5346,153
5347,153
5348,153
5349,153
5350,152
5351,153
5352,153
5353,153
5354,153
5355,153
5356,153
5357,153
5358,153
5359,153
5360,153
5361,154
5362,154
5363,154
5364,154
5365,154
5366,154
5367,154
5368,154
5369,154
5370,154
5371,154
5372,154
5373,154
5374,154
5375,154
5376,154
5377,154
5378,154
5379,154
5380,154
5381,154
5382,154
5383,154
5384,154
5385,154
5386,154
5387,154
5388,154
5389,154
5390,154
5391,154
5392,154
5393,154
5394,154
5395,154
5396,154
5397,154
5398,154
5399,154
5400,154
5401,154
5402,154
5403,154
5404,154
5405,154
5406,154
5407,154
5408,154
5409,154
5410,154
5411,154
5412,154
5413,154
5414,154
5415,154
5416,154
5417,154
5418,154
5419,154
5420,154
5421,154
5422,154
5423,154
5424,154
5425,153
5426,153
5427,153
5428,153
5429,153
5430,153
5431,153
5432,153
5433,153
5434,153
5435,153
5436,153
5437,153
5438,153
5439,153
5440,153
5441,154
5442,153
5443,153
5444,153
5445,153
5446,153
5447,153
5448,153
5449,153
5450,152
5451,152
5452,153
5453,153
5454,153
5455,153
5456,153
5457,153
5458,154
5459,154
5460,154
5461,155
5462,155
5463,154
5464,154
5465,154
5466,154
5467,154
5468,153
5469,154
5470,154
5471,153
5472,153
5473,153
5474,153
5475,154
5476,153
5477,153
5478,154
5479,154
5480,153
5481,154
5482,153
5483,153
5484,153
5485,153
5486,153
5487,153
5488,154
5489,154
5490,154
5491,154
5492,154
5493,154
5494,154
5495,153
5496,154
5497,154
5498,154
5499,155
5500,155
5501,155
5502,155
5503,155
5504,156
5505,156
5506,156
5507,155
5508,155
5509,155
5510,155
5511,154
5512,155
5513,155
5514,155
5515,155
5516,154
5517,155
5518,155
5519,155
5520,155
5521,155
5522,155
5523,155
5524,155
5525,155
5526,155
5527,155
5528,155
5529,155
5530,155
5531,156
5532,156
5533,156
5534,156
5535,156
5536,156
5537,156
5538,156
5539,156
5540,156
5541,157
5542,156
5543,157
5544,157
5545,157
5546,157
5547,157
5548,156
5549,157
5550,157
5551,157
5552,156
5553,157
5554,157
5555,157
5556,157
5557,157
5558,157
5559,157
5560,157
5561,157
5562,157
5563,157
5564,157
5565,157
5566,157
5567,157
5568,157
5569,157
5570,157
5571,157
5572,157
5573,157
5574,156
5575,157
5576,156
5577,156
5578,157
5579,156
5580,157
5581,157
5582,156
5583,157
5584,157
5585,157
5586,156
5587,156
5588,156
5589,156
5590,157
5591,156
5592,156
5593,157
5594,156
5595,156
5596,156
5597,156
5598,156
5599,156
5600,156
5601,156
5602,156
5603,156
5604,156
5605,157
5606,157
5607,157
5608,157
5609,156
5610,157
5611,157
5612,157
5613,157
5614,157
5615,157
5616,157
5617,157
5618,157
5619,157
5620,158
5621,158
5622,158
5623,158
5624,158
5625,158
5626,158
5627,159
5628,158
5629,159
5630,159
5631,159
5632,159
5633,159
5634,159
5635,159
5636,159
5637,160
5638,159
5639,159
5640,159
5641,159
5642,159
5643,159
5644,159
5645,159
5646,159
5647,159
5648,159
5649,159
5650,159
5651,159
5652,159
5653,159
5654,159
5655,159
5656,159
5657,159
5658,159
5659,159
5660,159
5661,159
5662,159
5663,159
5664,159
5665,159
5666,159
5667,159
5668,159
5669,159
5670,159
5671,159
5672,158
5673,159
5674,159
5675,159
5676,159
5677,159
5678,159
5679,159
5680,159
5681,159
5682,159
5683,158
5684,159
5685,159
5686,159
5687,158
5688,158
5689,158
5690,158
5691,158
5692,158
5693,159
5694,159
5695,158
5696,159
5697,158
5698,159
5699,159
5700,159
5701,158
5702,158
5703,158
5704,158
5705,159
5706,159
5707,159
5708,159
5709,159
5710,159
5711,159
5712,159
5713,158
5714,158
5715,159
5716,159
5717,159
5718,158
5719,158
5720,159
5721,159
5722,159
5723,159
5724,159
5725,159
5726,159
5727,160
5728,160
5729,160
5730,160
5731,160
5732,160
5733,160
5734,161
5735,161
5736,161
5737,161
5738,162
5739,162
5740,162
5741,161
5742,161
5743,161
5744,161
5745,161
5746,161
5747,161
5748,161
5749,162
5750,162
5751,161
5752,161
5753,161
5754,161
5755,161
5756,161
5757,161
5758,161
5759,161
5760,161
5761,162
5762,161
5763,161
5764,161
5765,161
5766,161
5767,162
5768,161
5769,161
5770,162
5771,162
5772,162
5773,162
5774,162
5775,162
5776,162
5777,162
5778,162
5779,162
5780,162
5781,162
5782,162
5783,162
5784,162
5785,162
5786,162
5787,162
5788,162
5789,162
5790,162
5791,162
5792,162
5793,162
5794,162
5795,162
5796,162
5797,162
5798,162
5799,162
5800,162
5801,163
5802,163
5803,163
5804,163
5805,163
5806,163
5807,163
5808,163
5809,163
5810,163
5811,163
5812,163
5813,163
5814,163
5815,163
5816,163
5817,163
5818,163
5819,163
5820,163
5821,162
5822,163
5823,162
5824,163
5825,162
5826,162
5827,162
5828,162
5829,162
5830,162
5831,162
5832,162
5833,162
5834,162
5835,162
5836,162
5837,162
5838,162
5839,162
5840,162
5841,162
5842,163
5843,163
5844,163
5845,163
5846,162
5847,162
5848,162
5849,162
5850,162
5851,162
5852,161
5853,162
5854,161
5855,161
5856,162
5857,162
5858,162
5859,162
5860,162
5861,162
5862,162
5863,162
5864,162
5865,162
5866,162
5867,162
5868,162
5869,162
5870,162
5871,162
5872,162
5873,162
5874,162
5875,162
5876,162
5877,162
5878,162
5879,162
5880,162
5881,162
5882,162
5883,162
5884,162
5885,162
5886,162
5887,162
5888,162
5889,161
5890,161
5891,162
5892,162
5893,162
5894,162
5895,162
5896,161
5897,161
5898,162
5899,162
5900,161
5901,161
5902,161
5903,161
5904,161
5905,161
5906,161
5907,161
5908,161
5909,161
5910,161
5911,161
5912,161
5913,161
5914,161
5915,161
5916,161
5917,162
5918,162
5919,162
5920,162
5921,162
5922,162
5923,162
5924,162
5925,161
5926,162
5927,161
5928,162
5929,162
5930,162
5931,162
5932,162
5933,162
5934,162
5935,162
5936,162
5937,162
5938,162
5939,162
5940,162
5941,162
5942,162
5943,162
5944,162
5945,162
5946,162
5947,162
5948,162
5949,162
5950,162
5951,161
5952,162
5953,162
5954,161
5955,161
5956,161
5957,161
5958,161
5959,161
5960,161
5961,161
5962,161
5963,161
5964,162
5965,161
5966,161
5967,161
5968,162
5969,162
5970,162
5971,161
5972,161
5973,161
5974,161
5975,160
5976,160
5977,160
5978,160
5979,160
5980,160
5981,160
5982,160
5983,160
5984,160
5985,160
5986,160
5987,160
5988,160
5989,160
5990,160
5991,160
5992,160
5993,159
5994,160
5995,160
5996,160
5997,160
5998,160
5999,160
6000,160
6001,160
6002,160
6003,160
6004,160
6005,160
6006,160
6007,160
6008,160
6009,160
6010,160
6011,160
6012,160
6013,160
6014,160
6015,160
6016,160
6017,160
6018,160
6019,160
6020,160
6021,160
6022,160
6023,160
6024,160
6025,160
6026,160
6027,160
6028,160
6029,160
6030,160
6031,160
6032,160
6033,160
6034,160
6035,160
6036,160
6037,160
6038,160
6039,160
6040,160
6041,160
6042,160
6043,160
6044,161
6045,161
6046,161
6047,161
6048,160
6049,161
6050,160
6051,160
6052,160
6053,160
6054,160
6055,160
6056,160
6057,159
6058,159
6059,159
6060,159
6061,159
6062,159
6063,159
6064,159
6065,159
6066,159
6067,160
6068,159
6069,159
6070,159
6071,159
6072,160
6073,160
6074,160
6075,160
6076,160
6077,160
6078,159
6079,159
6080,159
6081,159
6082,159
6083,159
6084,159
6085,159
6086,159
6087,159
6088,159
6089,159
6090,160
6091,159
6092,159
6093,159
6094,159
6095,159
6096,159
6097,159
6098,159
6099,159
6100,159
6101,159
6102,159
6103,159
6104,159
6105,159
6106,160
6107,160
6108,160
6109,160
6110,160
6111,159
6112,160
6113,159
6114,160
6115,160
6116,160
6117,160
6118,160
6119,160
6120,160
6121,160
6122,160
6123,160
6124,160
6125,160
6126,160
6127,160
6128,160
6129,160
6130,160
6131,160
6132,160
6133,159
6134,160
6135,159
6136,160
6137,160
6138,160
6139,160
6140,160
6141,160
6142,160
6143,160
6144,160
6145,160
6146,160
6147,160
6148,159
6149,159
6150,159
6151,159
6152,159
6153,160
6154,160
6155,160
6156,160
6157,160
6158,160
6159,160
6160,160
6161,160
6162,160
6163,160
6164,160
6165,160
6166,160
6167,160
6168,160
6169,159
6170,160
6171,160
6172,160
6173,160
6174,160
6175,160
6176,160
6177,160
6178,160
6179,160
6180,160
6181,160
6182,160
6183,160
6184,160
6185,160
6186,160
6187,160
6188,160
6189,160
6190,160
6191,160
6192,159
6193,160
6194,160
6195,160
6196,160
6197,161
6198,161
6199,161
6200,161
6201,160
6202,160
6203,161
6204,161
6205,161
6206,161
6207,161
6208,162
6209,161
6210,161
6211,161
6212,161
6213,161
6214,162
6215,161
6216,161
6217,161
6218,161
6219,161
6220,161
6221,161
6222,161
6223,161
6224,161
6225,161
6226,162
6227,161
6228,162
6229,161
6230,162
6231,161
6232,161
6233,161
6234,161
6235,161
6236,161
6237,161
6238,161
6239,161
6240,162
6241,162
6242,162
6243,161
6244,161
6245,161
6246,161
6247,161
6248,162
6249,162
6250,162
6251,162
6252,162
6253,161
6254,161
6255,161
6256,161
6257,161
6258,161
6259,161
6260,162
6261,162
6262,162
6263,162
6264,162
6265,162
6266,162
6267,162
6268,162
6269,162
6270,162
6271,162
6272,162
6273,163
6274,162
6275,163
6276,163
6277,163
6278,163
6279,163
6280,163
6281,163
6282,163
6283,163
6284,163
6285,162
6286,162
6287,162
6288,162
6289,162
6290,162
6291,162
6292,162
6293,162
6294,162
6295,162
6296,162
6297,163
6298,163
6299,163
6300,163
6301,163
6302,163
6303,163
6304,164
6305,164
6306,164
6307,164
6308,164
6309,164
6310,164
6311,164
6312,164
6313,164
6314,164
6315,164
6316,164
6317,164
6318,164
6319,164
6320,164
6321,164
6322,164
6323,164
6324,164
6325,163
6326,163
6327,163
6328,163
6329,163
6330,163
6331,163
6332,163
6333,163
6334,163
6335,164
6336,164
6337,164
6338,164
6339,164
6340,164
6341,164
6342,164
6343,164
6344,164
6345,164
6346,164
6347,164
6348,164
6349,164
6350,164
6351,164
6352,164
6353,164
6354,164
6355,164
6356,164
6357,164
6358,164
6359,164
6360,164
6361,164
6362,164
6363,164
6364,163
6365,164
6366,164
6367,164
6368,163
6369,163
6370,163
6371,163
6372,163
6373,163
6374,163
6375,163
6376,164
6377,164
6378,164
6379,164
6380,164
6381,163
6382,164
6383,164
6384,163
6385,164
6386,164
6387,164
6388,163
6389,163
6390,163
6391,163
6392,163
6393,163
6394,163
6395,163
6396,162
6397,162
6398,162
6399,162
6400,162
6401,162
6402,162
6403,162
6404,162
6405,162
6406,162
6407,162
6408,162
6409,162
6410,162
6411,162
6412,162
6413,162
6414,162
6415,162
6416,162
6417,162
6418,162
6419,162
6420,162
6421,161
6422,162
6423,162
6424,162
6425,162
6426,162
6427,162
6428,162
6429,162
6430,162
6431,162
6432,162
6433,162
6434,162
6435,162
6436,162
6437,162
6438,162
6439,163
6440,162
6441,163
6442,162
6443,163
6444,163
6445,163
6446,163
6447,163
6448,163
6449,163
6450,163
6451,163
6452,163
6453,163
6454,163
6455,162
6456,162
6457,162
6458,162
6459,162
6460,162
6461,162
6462,162
6463,162
6464,162
6465,162
6466,163
6467,162
6468,162
6469,162
6470,162
6471,162
6472,162
6473,162
6474,162
6475,162
6476,162
6477,162
6478,162
6479,162
6480,162
6481,162
6482,162
6483,162
6484,162
6485,162
6486,163
6487,163
6488,163
6489,163
6490,163
6491,163
6492,163
6493,163
6494,163
6495,164
6496,164
6497,164
6498,164
6499,164
6500,163
6501,163
6502,163
6503,163
6504,163
6505,163
6506,163
6507,163
6508,163
6509,163
6510,163
6511,163
6512,163
6513,163
6514,163
6515,163
6516,163
6517,162
6518,162
6519,162
6520,162
6521,162
6522,163
6523,162
6524,163
6525,163
6526,163
6527,163
6528,163
6529,163
6530,162
6531,163
6532,163
6533,163
6534,163
6535,163
6536,163
6537,162
6538,163
6539,163
6540,163
6541,162
6542,162
6543,162
6544,162
6545,162
6546,162
6547,162
6548,162
6549,162
6550,162
6551,162
6552,163
6553,162
6554,162
6555,162
6556,162
6557,162
6558,162
6559,162
6560,162
6561,162
6562,162
6563,162
6564,162
6565,162
6566,162
6567,162
6568,162
6569,162
6570,162
6571,162
6572,162
6573,162
6574,161
6575,161
6576,161
6577,161
6578,161
6579,161
6580,161
6581,162
6582,162
6583,162
6584,162
6585,162
6586,162
6587,162
6588,162
6589,162
6590,162
6591,162
6592,162
6593,162
6594,162
6595,162
6596,162
6597,162
6598,162
6599,161
6600,161
6601,161
6602,161
6603,161
6604,161
6605,161
6606,161
6607,161
6608,161
6609,161
6610,161
6611,162
6612,162
6613,162
6614,162
6615,162
6616,162
6617,162
6618,162
6619,162
6620,162
6621,162
6622,162
6623,162
6624,162
6625,162
6626,162
6627,162
6628,162
6629,162
6630,162
6631,162
6632,162
6633,162
6634,162
6635,162
6636,162
6637,163
6638,163
6639,163
6640,162
6641,162
6642,162
6643,162
6644,162
6645,162
6646,163
6647,162
6648,163
6649,162
6650,162
6651,162
6652,162
6653,162
6654,162
6655,162
6656,162
6657,162
6658,163
6659,163
6660,163
6661,163
6662,163
6663,163
6664,163
6665,163
6666,163
6667,163
6668,163
6669,163
6670,163
6671,162
6672,162
6673,163
6674,163
6675,163
6676,163
6677,163
6678,163
6679,163
6680,163
6681,163
6682,163
6683,163
6684,163
6685,163
6686,163
6687,163
6688,163
6689,163
6690,163
6691,163
6692,163
6693,163
6694,163
6695,163
6696,163
6697,163
6698,163
6699,163
6700,162
6701,162
6702,163
6703,163
6704,163
6705,163
6706,163
6707,163
6708,163
6709,163
6710,163
6711,163
6712,162
6713,162
6714,162
6715,162
6716,162
6717,162
6718,162
6719,163
6720,163
6721,163
6722,163
6723,163
6724,163
6725,162
6726,162
6727,162
6728,162
6729,162
6730,162
6731,162
6732,162
6733,162
6734,162
6735,162
6736,162
6737,162
6738,162
6739,162
6740,162
6741,162
6742,162
6743,162
6744,162
6745,162
6746,162
6747,163
6748,163
6749,163
6750,163
6751,163
6752,163
6753,163
6754,163
6755,163
6756,163
6757,163
6758,163
6759,163
6760,163
6761,163
6762,163
6763,163
6764,163
6765,163
6766,163
6767,163
6768,164
6769,164
6770,164
6771,164
6772,164
6773,164
6774,164
6775,163
6776,164
6777,164
6778,164
6779,163
6780,164
6781,164
6782,164
6783,164
6784,164
6785,164
6786,164
6787,164
6788,164
6789,164
6790,164
6791,164
6792,164
6793,165
6794,165
6795,165
6796,165
6797,165
6798,165
6799,165
6800,165
6801,165
6802,165
6803,165
6804,165
6805,165
6806,166
6807,166
6808,166
6809,166
6810,166
6811,167
6812,167
6813,167
6814,167
6815,166
6816,166
6817,167
6818,166
6819,166
6820,166
6821,166
6822,166
6823,166
6824,166
6825,166
6826,166
6827,166
6828,166
6829,166
6830,166
6831,166
6832,166
6833,166
6834,166
6835,166
6836,166
6837,166
6838,166
6839,166
6840,166
6841,166
6842,165
6843,165
6844,165
6845,165
6846,165
6847,165
6848,164
6849,164
6850,165
6851,164
6852,164
6853,164
6854,164
6855,165
6856,164
6857,164
6858,164
6859,164
6860,164
6861,164
6862,164
6863,164
6864,164
6865,164
6866,164
6867,164
6868,164
6869,164
6870,165
6871,164
6872,164
6873,165
6874,165
6875,165
6876,165
6877,165
6878,165
6879,165
6880,165
6881,165
6882,165
6883,165
6884,165
6885,165
6886,165
6887,165
6888,165
6889,165
6890,165
6891,165
6892,165
6893,165
6894,165
6895,165
6896,165
6897,165
6898,165
6899,165
6900,165
6901,165
6902,166
6903,166
6904,166
6905,166
6906,166
6907,165
6908,165
6909,166
6910,166
6911,166
6912,166
6913,165
6914,165
6915,165
6916,165
6917,165
6918,165
6919,164
6920,164
6921,164
6922,164
6923,164
6924,164
6925,163
6926,163
6927,164
6928,163
6929,163
6930,163
6931,163
6932,163
6933,164
6934,164
6935,164
6936,164
6937,164
6938,164
6939,164
6940,164
6941,164
6942,164
6943,164
6944,164
6945,164
6946,164
6947,164
6948,164
6949,164
6950,164
6951,164
6952,164
6953,164
6954,164
6955,164
6956,165
6957,164
6958,164
6959,164
6960,164
6961,164
6962,165
6963,165
6964,165
6965,165
6966,165
6967,164
6968,165
6969,165
6970,165
6971,165
6972,165
6973,165
6974,165
6975,165
6976,165
6977,165
6978,165
6979,164
6980,164
6981,164
6982,165
6983,165
6984,164
6985,165
6986,165
6987,165
6988,165
6989,165
6990,165
6991,165
6992,165
6993,165
6994,165
6995,165
6996,165
6997,165
6998,165
6999,165
7000,165
7001,164
7002,164
7003,164
7004,164
7005,164
7006,164
7007,164
7008,164
7009,164
7010,164
7011,164
7012,164
7013,164
7014,164
7015,164
7016,164
7017,164
7018,164
7019,164
7020,164
7021,164
7022,164
7023,164
7024,164
7025,164
7026,164
7027,164
7028,164
7029,164
7030,164
7031,164
7032,164
7033,164
7034,164
7035,164
7036,164
7037,164
7038,164
7039,164
7040,164
7041,164
7042,164
7043,164
7044,163
7045,163
7046,164
7047,163
7048,164
7049,163
7050,163
7051,164
7052,163
7053,164
7054,164
7055,164
7056,164
7057,164
7058,164
7059,164
7060,164
7061,164
7062,164
7063,164
7064,164
7065,164
7066,164
7067,164
7068,164
7069,164
7070,164
7071,163
7072,164
7073,164
7074,164
7075,164
7076,164
7077,164
7078,164
7079,164
7080,164
7081,164
7082,164
7083,164
7084,164
7085,164
7086,164
7087,164
7088,164
7089,164
7090,164
7091,164
7092,164
7093,164
7094,163
7095,164
7096,164
7097,164
7098,164
7099,164
7100,164
7101,164
7102,164
7103,163
7104,163
7105,163
7106,163
7107,163
7108,163
7109,164
7110,164
7111,164
7112,164
7113,164
7114,164
7115,164
7116,164
7117,163
7118,163
7119,163
7120,163
7121,163
7122,163
7123,163
7124,163
7125,163
7126,164
7127,163
7128,163
7129,163
7130,163
7131,163
7132,163
7133,163
7134,162
7135,163
7136,162
7137,162
7138,162
7139,162
7140,162
7141,162
7142,162
7143,161
7144,161
7145,161
7146,161
7147,161
7148,161
7149,161
7150,161
7151,162
7152,162
7153,162
7154,161
7155,161
7156,161
7157,161
7158,161
7159,161
7160,161
7161,161
7162,161
7163,161
7164,161
7165,160
7166,160
7167,160
7168,160
7169,160
7170,160
7171,160
7172,160
7173,160
7174,160
7175,160
7176,160
7177,160
7178,160
7179,161
7180,161
7181,161
7182,161
7183,161
7184,161
7185,161
7186,161
7187,161
7188,161
7189,160
7190,160
7191,160
7192,160
7193,160
7194,160
7195,160
7196,160
7197,160
7198,160
7199,159
7200,160
7201,160
7202,160
7203,159
7204,159
7205,160
7206,159
7207,159
7208,159
7209,159
7210,159
7211,159
7212,159
7213,159
7214,159
7215,159
7216,159
7217,159
7218,159
7219,159
7220,159
7221,159
7222,159
7223,160
7224,160
7225,160
7226,160
7227,159
7228,160
7229,159
7230,159
7231,159
7232,160
7233,160
7234,160
7235,160
7236,160
7237,160
7238,160
7239,160
7240,160
7241,160
7242,160
7243,160
7244,160
7245,160
7246,161
7247,161
7248,161
7249,161
7250,161
7251,161
7252,161
7253,161
7254,161
7255,161
7256,161
7257,161
7258,161
7259,161
7260,161
7261,161
7262,162
7263,162
7264,162
7265,162
7266,162
7267,162
7268,162
7269,162
7270,162
7271,162
7272,162
7273,162
7274,162
7275,162
7276,162
7277,162
7278,162
7279,162
7280,162
7281,163
7282,163
7283,163
7284,163
7285,162
7286,162
7287,163
7288,163
7289,163
7290,162
7291,162
7292,163
7293,163
7294,163
7295,163
7296,163
7297,163
7298,163
7299,163
7300,163
7301,163
7302,163
7303,163
7304,163
7305,163
7306,163
7307,163
7308,163
7309,163
7310,163
7311,162
7312,162
7313,162
7314,162
7315,162
7316,162
7317,162
7318,162
7319,162
7320,162
7321,162
7322,162
7323,162
7324,162
7325,162
7326,161
7327,161
7328,162
7329,162
7330,162
7331,161
7332,161
7333,162
7334,162
7335,162
7336,162
7337,162
7338,162
7339,162
7340,162
7341,162
7342,162
7343,162
7344,162
7345,162
7346,162
7347,162
7348,161
7349,162
7350,162
7351,161
7352,162
7353,162
7354,162
7355,162
7356,162
7357,162
7358,162
7359,162
7360,161
7361,162
7362,162
7363,162
7364,162
7365,162
7366,162
7367,162
7368,162
7369,162
7370,162
7371,162
7372,162
7373,162
7374,161
7375,162
7376,162
7377,162
7378,161
7379,161
7380,161
7381,161
7382,161
7383,161
7384,162
7385,162
7386,162
7387,162
7388,162
7389,162
7390,162
7391,161
7392,162
7393,161
7394,161
7395,161
7396,161
7397,162
7398,161
7399,161
7400,161
7401,161
7402,161
7403,161
7404,161
7405,161
7406,161
7407,161
7408,161
7409,161
7410,161
7411,161
7412,162
7413,162
7414,162
7415,162
7416,162
7417,162
7418,162
7419,162
7420,162
7421,162
7422,162
7423,162
7424,162
7425,162
7426,162
7427,162
7428,162
7429,162
7430,162
7431,162
7432,162
7433,162
7434,162
7435,162
7436,162
7437,162
7438,162
7439,162
7440,162
7441,162
7442,162
7443,162
7444,162
7445,162
7446,162
7447,162
7448,162
7449,162
7450,161
7451,161
7452,161
7453,161
7454,161
7455,162
7456,162
7457,161
7458,161
7459,161
7460,161
7461,160
7462,161
7463,161
7464,161
7465,160
7466,160
7467,160
7468,160
7469,160
7470,160
7471,160
7472,160
7473,159
7474,159
7475,159
7476,159
7477,159
7478,159
7479,159
7480,160
7481,159
7482,159
7483,159
7484,159
7485,160
7486,159
7487,159
7488,159
7489,159
7490,159
7491,159
7492,159
7493,159
7494,159
7495,159
7496,159
7497,159
7498,159
7499,159
7500,159
7501,159
7502,159
7503,159
7504,159
7505,159
7506,158
7507,158
7508,159
7509,159
7510,158
7511,159
7512,159
7513,159
7514,159
7515,159
7516,159
7517,159
7518,159
7519,159
7520,158
7521,158
7522,158
7523,158
7524,159
7525,159
7526,159
7527,159
7528,159
7529,159
7530,159
7531,159
7532,159
7533,159
7534,159
7535,159
7536,159
7537,159
7538,159
7539,159
7540,159
7541,160
7542,160
7543,160
7544,159
7545,160
7546,160
7547,160
7548,160
7549,160
7550,160
7551,160
7552,160
7553,160
7554,160
7555,160
7556,160
7557,160
7558,160
7559,159
7560,160
7561,160
7562,160
7563,160
7564,160
7565,160
7566,160
7567,160
7568,160
7569,160
7570,160
7571,159
7572,160
7573,160
7574,160
7575,159
7576,160
7577,159
7578,160
7579,160
7580,159
7581,159
7582,159
7583,159
7584,159
7585,159
7586,160
7587,160
7588,159
7589,160
7590,160
7591,160
7592,160
7593,160
7594,160
7595,160
7596,160
7597,159
7598,159
7599,158
7600,159
7601,159
7602,159
7603,159
7604,159
7605,158
7606,158
7607,158
7608,158
7609,158
7610,158
7611,158
7612,158
7613,158
7614,158
7615,158
7616,158
7617,158
7618,158
7619,158
7620,158
7621,158
7622,158
7623,158
7624,158
7625,157
7626,158
7627,158
7628,158
7629,158
7630,158
7631,158
7632,158
7633,158
7634,158
7635,158
7636,158
7637,158
7638,158
7639,158
7640,158
7641,159
7642,158
7643,159
7644,158
7645,158
7646,158
7647,159
7648,159
7649,159
7650,159
7651,159
7652,158
7653,158
7654,159
7655,158
7656,158
7657,159
7658,158
7659,158
7660,159
7661,159
7662,159
7663,158
7664,158
7665,158
7666,158
7667,158
7668,158
7669,158
7670,158
7671,158
7672,158
7673,158
7674,158
7675,158
7676,159
7677,159
7678,158
7679,159
7680,159
7681,159
7682,158
7683,158
7684,158
7685,158
7686,158
7687,158
7688,158
7689,158
7690,159
7691,159
7692,159
7693,159
7694,159
7695,159
7696,159
7697,159
7698,159
7699,159
7700,160
7701,159
7702,160
7703,160
7704,159
7705,159
7706,159
7707,160
7708,160
7709,160
7710,160
7711,160
7712,160
7713,160
7714,160
7715,160
7716,160
7717,160
7718,160
7719,160
7720,160
7721,160
7722,160
7723,160
7724,160
7725,160
7726,160
7727,160
7728,159
7729,160
7730,160
7731,160
7732,160
7733,160
7734,160
7735,160
7736,160
7737,160
7738,160
7739,160
7740,160
7741,160
7742,160
7743,160
7744,160
7745,160
7746,160
7747,160
7748,160
7749,160
7750,160
7751,160
7752,160
7753,160
7754,160
7755,161
7756,161
7757,161
7758,161
7759,161
7760,161
7761,161
7762,161
7763,161
7764,161
7765,161
7766,161
7767,162
7768,162
7769,162
7770,162
7771,161
7772,162
7773,162
7774,162
7775,163
7776,163
7777,163
7778,163
7779,164
7780,164
7781,164
7782,164
7783,164
7784,164
7785,164
7786,164
7787,163
7788,163
7789,163
7790,163
7791,163
7792,163
7793,163
7794,163
7795,163
7796,162
7797,162
7798,162
7799,163
7800,162
7801,163
7802,163
7803,162
7804,162
7805,162
7806,162
7807,162
7808,162
7809,162
7810,162
7811,162
7812,162
7813,162
7814,161
7815,161
7816,162
7817,162
7818,162
7819,161
7820,162
7821,161
7822,161
7823,161
7824,161
7825,161
7826,161
7827,161
7828,161
7829,161
7830,161
7831,161
7832,161
7833,161
7834,161
7835,161
7836,161
7837,161
7838,161
7839,161
7840,161
7841,162
7842,162
7843,162
7844,162
7845,162
7846,161
7847,161
7848,161
7849,161
7850,161
7851,161
7852,161
7853,161
7854,161
7855,162
7856,162
7857,161
7858,161
7859,161
7860,161
7861,161
7862,161
7863,161
7864,161
7865,161
7866,161
7867,161
7868,161
7869,161
7870,161
7871,161
7872,161
7873,161
7874,161
7875,161
7876,161
7877,161
7878,161
7879,161
7880,161
7881,161
7882,160
7883,161
7884,161
7885,161
7886,160
7887,160
7888,160
7889,160
7890,159
7891,160
7892,160
7893,160
7894,160
7895,161
7896,160
7897,160
7898,160
7899,160
7900,161
7901,160
7902,160
7903,160
7904,161
7905,161
7906,161
7907,161
7908,161
7909,161
7910,161
7911,160
7912,160
7913,160
7914,161
7915,160
7916,160
7917,161
7918,161
7919,161
7920,161
7921,161
7922,161
7923,161
7924,162
7925,161
7926,161
7927,161
7928,161
7929,161
7930,161
7931,161
7932,162
7933,161
7934,162
7935,162
7936,162
7937,162
7938,161
7939,161
7940,161
7941,161
7942,161
7943,161
7944,161
7945,161
7946,161
7947,162
7948,162
7949,162
7950,162
7951,162
7952,162
7953,161
7954,162
7955,162
7956,162
7957,162
7958,162
7959,162
7960,162
7961,162
7962,162
7963,162
7964,162
7965,162
7966,162
7967,163
7968,163
7969,163
7970,163
7971,163
7972,163
7973,163
7974,163
7975,163
7976,164
7977,164
7978,164
7979,164
7980,164
7981,164
7982,164
7983,164
7984,164
7985,164
7986,164
7987,164
7988,165
7989,164
7990,164
7991,164
7992,164
7993,164
7994,164
7995,164
7996,164
7997,164
7998,164
7999,164
8000,164
8001,164
8002,164
8003,164
8004,165
8005,164
8006,165
8007,165
8008,164
8009,165
8010,164
8011,164
8012,164
8013,164
8014,165
8015,164
8016,164
8017,164
8018,164
8019,165
8020,165
8021,165
8022,165
8023,165
8024,166
8025,165
8026,165
8027,165
8028,165
8029,165
8030,165
8031,165
8032,166
8033,166
8034,166
8035,166
8036,166
8037,166
8038,166
8039,165
8040,166
8041,166
8042,166
8043,166
8044,166
8045,166
8046,166
8047,166
8048,166
8049,165
8050,166
8051,166
8052,166
8053,165
8054,165
8055,165
8056,165
8057,165
8058,165
8059,165
8060,165
8061,165
8062,165
8063,165
8064,166
8065,165
8066,165
8067,165
8068,165
8069,165
8070,165
8071,165
8072,165
8073,165
8074,165
8075,165
8076,165
8077,165
8078,165
8079,165
8080,165
8081,165
8082,165
8083,165
8084,165
8085,165
8086,165
8087,165
8088,165
8089,166
8090,166
8091,166
8092,165
8093,166
8094,166
8095,166
8096,166
8097,166
8098,166
8099,166
8100,167
8101,166
8102,166
8103,166
8104,167
8105,167
8106,167
8107,167
8108,167
8109,166
8110,166
8111,167
8112,167
8113,168
8114,168
8115,168
8116,168
8117,168
8118,168
8119,168
8120,169
8121,169
8122,168
8123,168
8124,168
8125,168
8126,168
8127,169
8128,170
8129,170
8130,170
8131,171
8132,171
8133,171
8134,171
8135,171
8136,171
8137,172
8138,172
8139,172
8140,172
8141,172
8142,172
8143,172
8144,172
8145,172
8146,172
8147,172
8148,172
8149,172
8150,172
8151,172
8152,172
8153,173
8154,173
8155,172
8156,172
8157,173
8158,173
8159,173
8160,173
8161,173
8162,172
8163,172
8164,172
8165,172
8166,172
8167,172
8168,171
8169,171
8170,171
8171,171
8172,172
8173,171
8174,172
8175,172
8176,172
8177,172
8178,172
8179,172
8180,172
8181,172
8182,172
8183,173
8184,173
8185,173
8186,173
8187,172
8188,173
8189,173
8190,172
8191,172
8192,171
8193,171
8194,171
8195,172
8196,172
8197,172
8198,171
8199,171
8200,171
8201,170
8202,171
8203,171
8204,170
8205,170
8206,169
8207,169
8208,169
8209,170
8210,169
8211,169
8212,169
8213,169
8214,169
8215,169
8216,169
8217,169
8218,169
8219,169
8220,169
8221,169
8222,170
8223,168
8224,169
8225,168
8226,169
8227,169
8228,169
8229,169
8230,169
8231,169
8232,169
8233,169
8234,169
8235,169
8236,169
8237,169
8238,170
8239,170
8240,170
8241,169
8242,169
8243,169
8244,169
8245,169
8246,169
8247,170
8248,170
8249,170
8250,170
8251,170
8252,170
8253,170
8254,170
8255,170
8256,170
8257,171
8258,170
8259,170
8260,171
8261,171
8262,171
8263,171
8264,170
8265,170
8266,170
8267,170
8268,170
8269,170
8270,170
8271,170
8272,170
8273,170
8274,170
8275,171
8276,171
8277,171
8278,170
8279,170
8280,170
8281,170
8282,170
8283,170
8284,170
8285,170
8286,170
8287,170
8288,170
8289,170
8290,171
8291,171
8292,171
8293,171
8294,172
8295,172
8296,171
8297,172
8298,172
8299,172
8300,172
8301,172
8302,172
8303,171
8304,171
8305,171
8306,171
8307,171
8308,171
8309,170
8310,170
8311,171
8312,171
8313,170
8314,170
8315,170
8316,170
8317,170
8318,170
8319,171
8320,171
8321,171
8322,171
8323,172
8324,171
8325,172
8326,172
8327,172
8328,172
8329,172
8330,172
8331,172
8332,172
8333,172
8334,173
8335,173
8336,172
8337,172
8338,173
8339,172
8340,172
8341,172
8342,172
8343,173
8344,173
8345,173
8346,173
8347,174
8348,174
8349,174
8350,174
8351,174
8352,174
8353,174
8354,175
8355,174
8356,174
8357,175
8358,175
8359,175
8360,175
8361,175
8362,174
8363,174
8364,174
8365,174
8366,174
8367,174
8368,174
8369,174
8370,174
8371,174
8372,174
8373,174
8374,174
8375,174
8376,175
8377,174
8378,175
8379,175
8380,174
8381,175
8382,175
8383,175
8384,175
8385,175
8386,175
8387,175
8388,175
8389,175
8390,175
8391,175
8392,175
8393,174
8394,174
8395,174
8396,174
8397,174
8398,174
8399,174
8400,174
8401,174
8402,174
8403,174
8404,174
8405,174
8406,174
8407,174
8408,174
8409,174
8410,174
8411,174
8412,174
8413,174
8414,174
8415,174
8416,174
8417,174
8418,174
8419,174
8420,174
8421,174
8422,174
8423,174
8424,174
8425,174
8426,174
8427,174
8428,174
8429,174
8430,174
8431,174
8432,174
8433,174
8434,174
8435,174
8436,174
8437,174
8438,174
8439,174
8440,174
8441,174
8442,174
8443,173
8444,173
8445,173
8446,174
8447,173
8448,173
8449,173
8450,173
8451,173
8452,173
8453,173
8454,173
8455,173
8456,173
8457,173
8458,173
8459,174
8460,174
8461,173
8462,174
8463,173
8464,174
8465,174
8466,174
8467,174
8468,174
8469,173
8470,174
8471,174
8472,174
8473,174
8474,174
8475,174
8476,174
8477,174
8478,175
8479,175
8480,175
8481,175
8482,175
8483,175
8484,175
8485,175
8486,174
8487,174
8488,174
8489,174
8490,174
8491,174
8492,174
8493,174
8494,175
8495,175
8496,175
8497,175
8498,175
8499,175
8500,175
8501,175
8502,174
8503,174
8504,174
8505,174
8506,174
8507,174
8508,174
8509,174
8510,174
8511,174
8512,174
8513,174
8514,174
8515,174
8516,173
8517,174
8518,174
8519,174
8520,174
8521,174
8522,174
8523,174
8524,175
8525,175
8526,175
8527,175
8528,175
8529,175
8530,175
8531,175
8532,175
8533,175
8534,175
8535,175
8536,176
8537,176
8538,175
8539,175
8540,175
8541,176
8542,176
8543,176
8544,176
8545,176
8546,176
8547,176
8548,176
8549,176
8550,176
8551,176
8552,176
8553,176
8554,176
8555,176
8556,177
8557,177
8558,177
8559,177
8560,177
8561,177
8562,177
8563,177
8564,177
8565,177
8566,177
8567,177
8568,177
8569,177
8570,177
8571,177
8572,177
8573,177
8574,177
8575,177
8576,177
8577,177
8578,177
8579,177
8580,177
8581,177
8582,177
8583,177
8584,177
8585,177
8586,177
8587,177
8588,178
8589,178
8590,178
8591,178
8592,178
8593,178
8594,178
8595,178
8596,178
8597,178
8598,178
8599,178
8600,178
8601,178
8602,178
8603,178
8604,178
8605,178
8606,178
8607,178
8608,178
8609,179
8610,179
8611,179
8612,178
8613,179
8614,179
8615,179
8616,179
8617,179
8618,179
8619,179
8620,178
8621,178
8622,178
8623,178
8624,178
8625,178
8626,178
8627,178
8628,178
8629,178
8630,178
8631,178
8632,177
8633,177
8634,177
8635,177
8636,177
8637,177
8638,177
8639,177
8640,177
8641,177
8642,177
8643,177
8644,177
8645,177
8646,177
8647,177
8648,177
8649,177
8650,177
8651,177
8652,177
8653,177
8654,177
8655,177
8656,177
8657,177
8658,178
8659,177
8660,178
8661,177
8662,177
8663,177
8664,177
8665,177
8666,177
8667,177
8668,177
8669,177
8670,177
8671,177
8672,177
8673,177
8674,177
8675,178
8676,178
8677,178
8678,177
8679,178
8680,178
8681,177
8682,177
8683,177
8684,178
8685,178
8686,178
8687,178
8688,178
8689,178
8690,178
8691,178
8692,178
8693,178
8694,178
8695,179
8696,179
8697,179
8698,179
8699,179
8700,179
8701,178
8702,178
8703,179
8704,179
8705,179
8706,178
8707,178
8708,178
8709,178
8710,178
8711,178
8712,178
8713,178
8714,178
8715,178
8716,178
8717,178
8718,178
8719,178
8720,179
8721,179
8722,179
8723,179
8724,178
8725,179
8726,179
8727,179
8728,179
8729,178
8730,179
8731,178
8732,179
8733,179
8734,179
8735,179
8736,180
8737,180
8738,180
8739,180
8740,180
8741,180
8742,180
8743,180
8744,180
8745,180
8746,180
8747,180
8748,180
8749,180
8750,180
8751,180
8752,180
8753,180
8754,180
8755,180
8756,180
8757,180
8758,180
8759,180
8760,180
8761,180
8762,180
8763,180
8764,180
8765,180
8766,180
8767,179
8768,179
8769,180
8770,180
8771,180
8772,180
8773,180
8774,180
8775,180
8776,180
8777,180
8778,180
8779,179
8780,180
8781,180
8782,180
8783,180
8784,180
8785,180
8786,180
8787,180
8788,180
8789,180
8790,180
8791,180
8792,180
8793,180
8794,180
8795,180
8796,180
8797,180
8798,180
8799,180
8800,180
8801,180
8802,180
8803,180
8804,180
8805,180
8806,180
8807,180
8808,181
8809,181
8810,180
8811,180
8812,180
8813,181
8814,181
8815,181
8816,181
8817,181
8818,181
8819,181
8820,180
8821,180
8822,180
8823,181
8824,181
8825,181
8826,181
8827,181
8828,180
8829,181
8830,180
8831,181
8832,181
8833,181
8834,181
8835,180
8836,180
8837,181
8838,181
8839,181
8840,181
8841,181
8842,181
8843,181
8844,181
8845,181
8846,181
8847,181
8848,181
8849,181
8850,181
8851,180
8852,181
8853,181
8854,181
8855,181
8856,181
8857,181
8858,181
8859,181
8860,181
8861,181
8862,181
8863,181
8864,181
8865,181
8866,181
8867,181
8868,181
8869,181
8870,181
8871,181
8872,181
8873,181
8874,181
8875,181
8876,181
8877,180
8878,180
8879,181
8880,181
8881,181
8882,181
8883,181
8884,181
8885,181
8886,181
8887,181
8888,181
8889,181
8890,181
8891,181
8892,181
8893,181
8894,181
8895,181
8896,180
8897,180
8898,180
8899,180
8900,180
8901,180
8902,180
8903,179
8904,179
8905,179
8906,179
8907,179
8908,179
8909,179
8910,179
8911,179
8912,179
8913,179
8914,180
8915,180
8916,180
8917,180
8918,179
8919,180
8920,180
8921,180
8922,180
8923,180
8924,180
8925,180
8926,180
8927,180
8928,180
8929,180
8930,180
8931,180
8932,180
8933,180
8934,180
8935,180
8936,180
8937,180
8938,179
8939,179
8940,179
8941,179
8942,179
8943,180
8944,179
8945,179
8946,179
8947,180
8948,180
8949,180
8950,180
8951,180
8952,180
8953,180
8954,180
8955,180
8956,180
8957,180
8958,180
8959,180
8960,180
8961,180
8962,180
8963,180
8964,180
8965,180
8966,180
8967,179
8968,179
8969,179
8970,179
8971,179
8972,179
8973,179
8974,179
8975,179
8976,179
8977,179
8978,179
8979,179
8980,179
8981,179
8982,179
8983,179
8984,179
8985,179
8986,179
8987,179
8988,178
8989,179
8990,179
8991,179
8992,179
8993,179
8994,179
8995,179
8996,179
8997,178
8998,179
8999,179
9000,179
9001,179
9002,179
9003,179
9004,178
9005,178
9006,178
9007,179
9008,178
9009,178
9010,179
9011,178
9012,178
9013,178
9014,178
9015,178
9016,178
9017,178
9018,178
9019,178
9020,179
9021,179
9022,179
9023,179
9024,178
9025,179
9026,179
9027,179
9028,179
9029,179
9030,179
9031,179
9032,179
9033,179
9034,179
9035,179
9036,179
9037,179
9038,179
9039,179
9040,178
9041,179
9042,179
9043,179
9044,179
9045,179
9046,179
9047,179
9048,178
9049,179
9050,178
9051,178
9052,178
9053,179
9054,179
9055,179
9056,179
9057,179
9058,179
9059,179
9060,179
9061,179
9062,179
9063,179
9064,179
9065,179
9066,179
9067,179
9068,179
9069,179
9070,179
9071,179
9072,179
9073,179
9074,179
9075,179
9076,179
9077,179
9078,179
9079,179
9080,179
9081,179
9082,179
9083,179
9084,179
9085,179
9086,179
9087,179
9088,179
9089,179
9090,179
9091,180
9092,180
9093,180
9094,180
9095,179
9096,179
9097,180
9098,180
9099,180
9100,180
9101,180
9102,180
9103,180
9104,179
9105,179
9106,180
9107,179
9108,180
9109,180
9110,180
9111,180
9112,180
9113,180
9114,179
9115,180
9116,180
9117,180
9118,180
9119,180
9120,180
9121,180
9122,180
9123,180
9124,179
9125,180
9126,179
9127,179
9128,179
9129,180
9130,180
9131,180
9132,180
9133,180
9134,179
9135,179
9136,179
9137,179
9138,180
9139,179
9140,179
9141,180
9142,179
9143,180
9144,180
9145,180
9146,179
9147,180
9148,180
9149,179
9150,180
9151,180
9152,180
9153,180
9154,180
9155,180
9156,180
9157,180
9158,180
9159,180
9160,180
9161,180
9162,180
9163,180
9164,180
9165,180
9166,180
9167,180
9168,180
9169,180
9170,181
9171,181
9172,180
9173,181
9174,181
9175,181
9176,181
9177,181
9178,181
9179,181
9180,181
9181,181
9182,181
9183,181
9184,181
9185,181
9186,181
9187,181
9188,181
9189,181
9190,181
9191,181
9192,181
9193,181
9194,181
9195,181
9196,181
9197,180
9198,180
9199,180
9200,180
9201,180
9202,180
9203,180
9204,180
9205,180
9206,181
9207,181
9208,181
9209,181
9210,181
9211,181
9212,182
9213,182
9214,182
9215,182
9216,182
9217,182
9218,182
9219,182
9220,182
9221,182
9222,182
9223,183
9224,183
9225,183
9226,182
9227,182
9228,182
9229,182
9230,182
9231,183
9232,183
9233,183
9234,183
9235,183
9236,183
9237,183
9238,182
9239,182
9240,183
9241,182
9242,182
9243,183
9244,183
9245,183
9246,183
9247,183
9248,183
9249,183
9250,183
9251,183
9252,183
9253,183
9254,183
9255,183
9256,183
9257,184
9258,184
9259,183
9260,184
9261,184
9262,184
9263,183
9264,183
9265,183
9266,183
9267,183
9268,184
9269,184
9270,184
9271,184
9272,184
9273,184
9274,184
9275,184
9276,184
9277,184
9278,183
9279,183
9280,183
9281,183
9282,183
9283,183
9284,183
9285,183
9286,183
9287,183
9288,183
9289,183
9290,183
9291,183
9292,183
9293,183
9294,183
9295,182
9296,182
9297,182
9298,182
9299,182
9300,183
9301,182
9302,183
9303,183
9304,183
9305,183
9306,183
9307,183
9308,183
9309,183
9310,183
9311,183
9312,183
9313,183
9314,183
9315,183
9316,183
9317,184
9318,184
9319,184
9320,184
9321,184
9322,184
9323,184
9324,184
9325,184
9326,184
9327,183
9328,183
9329,183
9330,183
9331,183
9332,183
9333,183
9334,183
9335,183
9336,183
9337,183
9338,183
9339,183
9340,183
9341,183
9342,183
9343,183
9344,183
9345,183
9346,183
9347,183
9348,184
9349,184
9350,184
9351,184
9352,184
9353,184
9354,184
9355,184
9356,184
9357,184
9358,184
9359,184
9360,184
9361,184
9362,184
9363,184
9364,184
9365,183
9366,184
9367,184
9368,184
9369,183
9370,183
9371,183
9372,184
9373,183
9374,184
9375,184
9376,184
9377,184
9378,184
9379,184
9380,184
9381,184
9382,184
9383,184
9384,184
9385,184
9386,184
9387,184
9388,184
9389,184
9390,184
9391,184
9392,184
9393,184
9394,185
9395,185
9396,185
9397,185
9398,185
9399,185
9400,185
9401,184
9402,185
9403,185
9404,185
9405,185
9406,185
9407,185
9408,185
9409,185
9410,185
9411,185
9412,185
9413,185
9414,185
9415,185
9416,184
9417,184
9418,184
9419,184
9420,184
9421,184
9422,184
9423,184
9424,184
9425,184
9426,184
9427,183
9428,183
9429,183
9430,183
9431,183
9432,183
9433,183
9434,183
9435,182
9436,183
9437,183
9438,183
9439,183
9440,183
9441,183
9442,183
9443,183
9444,183
9445,183
9446,183
9447,183
9448,183
9449,182
9450,183
9451,183
9452,182
9453,183
9454,183
9455,183
9456,183
9457,183
9458,183
9459,183
9460,183
9461,183
9462,183
9463,183
9464,183
9465,183
9466,183
9467,183
9468,184
9469,183
9470,183
9471,183
9472,183
9473,184
9474,184
9475,184
9476,184
9477,184
9478,183
9479,183
9480,183
9481,183
9482,183
9483,183
9484,184
9485,184
9486,183
9487,184
9488,184
9489,183
9490,184
9491,183
9492,183
9493,183
9494,183
9495,183
9496,183
9497,183
9498,183
9499,184
9500,184
9501,184
9502,184
9503,184
9504,184
9505,184
9506,184
9507,184
9508,183
9509,184
9510,184
9511,184
9512,184
9513,184
9514,184
9515,184
9516,183
9517,183
9518,183
9519,183
9520,183
9521,183
9522,183
9523,183
9524,183
9525,183
9526,184
9527,184
9528,183
9529,183
9530,183
9531,183
9532,183
9533,183
9534,183
9535,183
9536,183
9537,183
9538,183
9539,183
9540,183
9541,183
9542,183
9543,183
9544,183
9545,183
9546,183
9547,183
9548,183
9549,183
9550,183
9551,183
9552,183
9553,183
9554,183
9555,183
9556,183
9557,183
9558,183
9559,183
9560,183
9561,183
9562,184
9563,183
9564,184
9565,183
9566,183
9567,183
9568,183
9569,183
9570,183
9571,184
9572,184
9573,184
9574,184
9575,184
9576,184
9577,184
9578,184
9579,184
9580,185
9581,185
9582,185
9583,185
9584,185
9585,185
9586,184
9587,184
9588,184
9589,184
9590,184
9591,184
9592,184
9593,184
9594,184
9595,184
9596,184
9597,184
9598,184
9599,185
9600,185
9601,185
9602,185
9603,185
9604,185
9605,185
9606,185
9607,185
9608,185
9609,185
9610,185
9611,185
9612,185
9613,185
9614,185
9615,185
9616,185
9617,185
9618,185
9619,185
9620,185
9621,186
9622,186
9623,186
9624,187
9625,187
9626,186
9627,186
9628,187
9629,187
9630,186
9631,187
9632,187
9633,186
9634,186
9635,187
9636,187
9637,187
9638,187
9639,187
9640,187
9641,187
9642,186
9643,187
9644,186
9645,187
9646,187
9647,187
9648,186
9649,186
9650,186
9651,186
9652,186
9653,186
9654,186
9655,186
9656,185
9657,186
9658,186
9659,186
9660,186
9661,186
9662,186
9663,186
9664,185
9665,186
9666,185
9667,185
9668,186
9669,186
9670,186
9671,186
9672,186
9673,186
9674,186
9675,186
9676,186
9677,186
9678,186
9679,186
9680,185
9681,185
9682,186
9683,186
9684,186
9685,186
9686,186
9687,186
9688,186
9689,185
9690,185
9691,185
9692,185
9693,185
9694,185
9695,185
9696,185
9697,186
9698,185
9699,185
9700,185
9701,185
9702,185
9703,185
9704,185
9705,185
9706,185
9707,185
9708,185
9709,185
9710,185
9711,185
9712,185
9713,185
9714,185
9715,185
9716,185
9717,185
9718,185
9719,185
9720,185
9721,185
9722,185
9723,185
9724,185
9725,185
9726,185
9727,185
9728,185
9729,185
9730,185
9731,185
9732,185
9733,186
9734,186
9735,185
9736,185
9737,185
9738,185
9739,186
9740,186
9741,186
9742,185
9743,185
9744,186
9745,185
9746,186
9747,186
9748,186
9749,186
9750,186
9751,186
9752,186
9753,186
9754,186
9755,186
9756,186
9757,186
9758,186
9759,186
9760,186
9761,186
9762,186
9763,186
9764,186
9765,186
9766,185
9767,186
9768,186
9769,186
9770,186
9771,186
9772,186
9773,186
9774,186
9775,186
9776,186
9777,186
9778,186
9779,185
9780,186
9781,186
9782,186
9783,186
9784,186
9785,186
9786,186
9787,185
9788,186
9789,185
9790,185
9791,185
9792,185
9793,185
9794,185
9795,185
9796,185
9797,185
9798,184
9799,185
9800,185
9801,185
9802,185
9803,185
9804,185
9805,185
9806,185
9807,185
9808,186
9809,186
9810,186
9811,185
9812,185
9813,185
9814,185
9815,185
9816,185
9817,185
9818,185
9819,185
9820,185
9821,185
9822,185
9823,185
9824,185
9825,185
9826,186
9827,186
9828,186
9829,186
9830,186
9831,186
9832,186
9833,186
9834,186
9835,186
9836,186
9837,185
9838,186
9839,186
9840,185
9841,185
9842,185
9843,185
9844,185
9845,186
9846,186
9847,186
9848,186
9849,186
9850,185
9851,185
9852,185
9853,186
9854,186
9855,186
9856,186
9857,186
9858,186
9859,186
9860,186
9861,186
9862,186
9863,186
9864,186
9865,186
9866,186
9867,186
9868,186
9869,186
9870,186
9871,186
9872,186
9873,186
9874,186
9875,186
9876,186
9877,186
9878,185
9879,186
9880,186
9881,186
9882,186
9883,186
9884,186
9885,186
9886,186
9887,186
9888,186
9889,186
9890,186
9891,186
9892,185
9893,185
9894,186
9895,185
9896,185
9897,185
9898,185
9899,185
9900,185
9901,185
9902,185
9903,185
9904,185
9905,185
9906,185
9907,184
9908,184
9909,185
9910,185
9911,184
9912,185
9913,185
9914,184
9915,184
9916,184
9917,185
9918,185
9919,185
9920,185
9921,185
9922,185
9923,185
9924,185
9925,185
9926,185
9927,185
9928,185
9929,185
9930,185
9931,185
9932,184
9933,184
9934,183
9935,183
9936,183
9937,183
9938,183
9939,183
9940,183
9941,183
9942,184
9943,184
9944,185
9945,185
9946,185
9947,185
9948,185
9949,185
9950,185
9951,185
9952,185
9953,185
9954,185
9955,185
9956,186
9957,186
9958,186
9959,186
9960,186
9961,186
9962,186
9963,186
9964,186
9965,186
9966,187
9967,186
9968,187
9969,187
9970,187
9971,187
9972,186
9973,186
9974,187
9975,187
9976,187
9977,187
9978,187
9979,187
9980,188
9981,188
9982,188
9983,188
9984,188
9985,188
9986,188
9987,188
9988,188
9989,188
9990,188
9991,188
9992,188
9993,188
9994,188
9995,187
9996,188
9997,188
9998,187
9999,188
