0,149
1,149
2,150
3,149
4,149
5,149
6,149
7,149
8,150
9,149
10,150
11,150
12,150
13,150
14,150
15,150
16,150
17,150
18,150
19,150
20,150
21,150
22,150
23,151
24,151
25,151
26,151
27,151
28,151
29,150
30,151
31,151
32,151
33,151
34,151
35,151
36,152
37,152
38,152
39,151
40,152
41,152
42,152
43,152
44,152
45,152
46,152
47,152
48,152
49,152
50,152
51,152
52,152
53,152
54,152
55,152
56,152
57,152
58,152
59,151
60,151
61,151
62,151
63,151
64,151
65,152
66,151
67,151
68,151
69,151
70,151
71,151
72,151
73,151
74,151
75,151
76,151
77,151
78,151
79,151
80,151
81,152
82,152
83,152
84,152
85,152
86,152
87,152
88,152
89,152
90,152
91,152
92,152
93,152
94,152
95,152
96,152
97,152
98,152
99,152
100,152
101,152
102,152
103,152
104,152
105,152
106,151
107,152
108,152
109,152
110,152
111,152
112,152
113,152
114,152
115,152
116,152
117,152
118,152
119,152
120,152
121,152
122,153
123,153
124,153
125,153
126,153
127,153
128,153
129,153
130,153
131,153
132,153
133,153
134,154
135,154
136,154
137,154
138,154
139,154
140,154
141,154
142,154
143,154
144,154
145,154
146,154
147,154
148,154
149,154
150,154
151,154
152,154
153,154
154,154
155,154
156,154
157,154
158,154
159,154
160,154
161,154
162,154
163,154
164,154
165,154
166,154
167,154
168,154
169,154
170,154
171,154
172,154
173,154
174,154
175,155
176,155
177,155
178,155
179,155
180,154
181,155
182,155
183,155
184,155
185,155
186,155
187,154
188,155
189,155
190,155
191,155
192,155
193,155
194,155
195,155
196,155
197,155
198,155
199,155
200,155
201,155
202,155
203,155
204,155
205,155
206,155
207,155
208,155
209,155
210,155
211,155
212,155
213,155
214,155
215,155
216,155
217,155
218,155
219,156
220,155
221,156
222,155
223,155
224,155
225,155
226,155
227,154
228,154
229,154
230,154
231,154
232,154
233,154
234,154
235,154
236,154
237,154
238,154
239,154
240,154
241,154
242,154
243,154
244,154
245,155
246,155
247,154
248,154
249,154
250,154
251,154
252,154
253,154
254,155
255,155
256,154
257,154
258,154
259,155
260,155
261,155
262,154
263,154
264,154
265,155
266,155
267,155
268,155
269,155
270,155
271,154
272,154
273,154
274,154
275,154
276,154
277,154
278,155
279,155
280,155
281,155
282,155
283,155
284,155
285,156
286,155
287,155
288,155
289,155
290,155
291,155
292,155
293,155
294,155
295,154
296,154
297,154
298,154
299,154
300,155
301,155
302,155
303,155
304,154
305,154
306,154
307,154
308,154
309,154
310,154
311,154
312,154
313,154
314,154
315,154
316,154
317,154
318,154
319,154
320,154
321,154
322,154
323,154
324,155
325,155
326,155
327,155
328,155
329,155
330,155
331,155
332,155
333,155
334,155
335,155
336,155
337,156
338,155
339,155
340,155
341,155
342,155
343,155
344,155
345,155
346,155
347,155
348,154
349,154
350,154
351,154
352,154
353,154
354,154
355,155
356,154
357,154
358,154
359,154
360,154
361,155
362,155
363,155
364,155
365,155
366,155
367,155
368,155
369,155
370,155
371,155
372,155
373,155
374,155
375,155
376,155
377,155
378,155
379,155
380,155
381,155
382,155
383,155
384,155
385,155
386,155
387,155
388,155
389,155
390,156
391,156
392,156
393,156
394,156
395,156
396,156
397,156
398,156
399,156
400,156
401,156
402,156
403,156
404,156
405,156
406,156
407,156
408,156
409,156
410,156
411,157
412,156
413,156
414,156
415,156
416,156
417,156
418,156
419,156
420,156
421,156
422,156
423,156
424,155
425,155
426,155
427,155
428,156
429,156
430,155
431,155
432,155
433,156
434,156
435,156
436,155
437,155
438,155
439,155
440,155
441,155
442,154
443,154
444,154
445,154
446,154
447,154
448,154
449,155
450,154
451,154
452,154
453,155
454,155
455,155
456,155
457,155
458,155
459,155
460,155
461,154
462,154
463,154
464,154
465,154
466,154
467,155
468,154
469,154
470,154
471,155
472,155
473,155
474,155
475,155
476,155
477,155
478,155
479,156
480,155
481,155
482,155
483,155
484,155
485,155
486,155
487,155
488,155
489,155
490,155
491,154
492,154
493,155
494,155
495,155
496,155
497,155
498,155
499,155
500,155
501,154
502,154
503,155
504,155
505,155
506,155
507,155
508,155
509,156
510,156
511,155
512,155
513,155
514,155
515,156
516,155
517,155
518,155
519,154
520,155
521,154
522,154
523,154
524,155
525,155
526,155
527,155
528,155
529,155
530,155
531,155
532,155
533,155
534,155
535,155
536,155
537,155
538,155
539,156
540,155
541,156
542,156
543,156
544,156
545,156
546,156
547,157
548,156
549,156
550,157
551,157
552,157
553,157
554,157
555,157
556,157
557,157
558,157
559,156
560,157
561,157
562,156
563,156
564,156
565,156
566,156
567,156
568,156
569,156
570,156
571,156
572,156
573,156
574,156
575,156
576,157
577,157
578,157
579,158
580,158
581,158
582,158
583,158
584,158
585,159
586,159
587,159
588,159
589,159
590,159
591,159
592,159
593,159
594,158
595,158
596,158
597,158
598,158
599,158
600,158
601,158
602,159
603,159
604,159
605,159
606,159
607,158
608,158
609,158
610,158
611,158
612,158
613,158
614,157
615,157
616,158
617,158
618,158
619,158
620,158
621,158
622,157
623,157
624,157
625,157
626,157
627,157
628,158
629,158
630,158
631,158
632,158
633,158
634,158
635,158
636,157
637,158
638,158
639,158
640,158
641,158
642,158
643,158
644,158
645,157
646,158
647,158
648,157
649,157
650,158
651,158
652,158
653,157
654,157
655,158
656,158
657,158
658,158
659,158
660,158
661,158
662,158
663,158
664,158
665,158
666,159
667,159
668,160
669,159
670,160
671,160
672,159
673,160
674,160
675,160
676,160
677,160
678,160
679,160
680,160
681,160
682,160
683,160
684,160
685,160
686,160
687,160
688,160
689,160
690,160
691,160
692,160
693,160
694,160
695,160
696,160
697,161
698,160
699,160
700,160
701,160
702,160
703,160
704,160
705,160
706,160
707,160
708,160
709,160
710,160
711,160
712,159
713,159
714,160
715,160
716,160
717,160
718,160
719,159
720,160
721,159
722,159
723,159
724,159
725,159
726,159
727,160
728,160
729,160
730,160
731,159
732,159
733,159
734,159
735,159
736,159
737,159
738,159
739,159
740,159
741,159
742,159
743,159
744,159
745,159
746,159
747,159
748,159
749,159
750,159
751,159
752,159
753,159
754,159
755,159
756,159
757,159
758,159
759,158
760,158
761,159
762,158
763,158
764,158
765,158
766,158
767,158
768,158
769,158
770,158
771,158
772,158
773,158
774,158
775,158
776,158
777,157
778,157
779,157
780,157
781,157
782,157
783,157
784,158
785,158
786,158
787,157
788,157
789,157
790,157
791,157
792,157
793,157
794,157
795,157
796,157
797,157
798,157
799,157
800,157
801,157
802,157
803,157
804,157
805,157
806,157
807,157
808,157
809,157
810,157
811,157
812,157
813,157
814,157
815,157
816,157
817,157
818,157
819,157
820,156
821,156
822,157
823,157
824,157
825,157
826,157
827,157
828,157
829,157
830,156
831,156
832,156
833,156
834,156
835,156
836,157
837,157
838,157
839,156
840,156
841,156
842,156
843,156
844,156
845,156
846,156
847,156
848,156
849,156
850,156
851,156
852,156
853,156
854,156
855,156
856,156
857,156
858,157
859,157
860,157
861,157
862,157
863,157
864,157
865,157
866,157
867,157
868,157
869,157
870,157
871,156
872,156
873,157
874,157
875,156
876,157
877,156
878,156
879,156
880,156
881,156
882,156
883,156
884,156
885,156
886,156
887,156
888,156
889,156
890,156
891,157
892,157
893,157
894,157
895,157
896,157
897,157
898,157
899,157
900,157
901,156
902,157
903,156
904,156
905,156
906,156
907,156
908,156
909,156
910,156
911,156
912,156
913,156
914,156
915,156
916,156
917,156
918,156
919,157
920,157
921,157
922,157
923,157
924,157
925,157
926,157
927,157
928,157
929,158
930,158
931,158
932,158
933,158
934,158
935,158
936,158
937,158
938,159
939,159
940,159
941,159
942,159
943,159
944,158
945,158
946,158
947,158
948,158
949,159
950,159
951,159
952,159
953,159
954,159
955,159
956,159
957,159
958,159
959,159
960,158
961,158
962,158
963,158
964,158
965,158
966,158
967,158
968,158
969,158
970,158
971,158
972,158
973,158
974,158
975,158
976,158
977,158
978,158
979,158
980,158
981,158
982,158
983,158
984,158
985,157
986,157
987,157
988,157
989,157
990,157
991,157
992,157
993,157
994,157
995,157
996,158
997,158
998,158
999,158
1000,158
1001,158
1002,158
1003,158
1004,158
1005,158
1006,158
1007,158
1008,158
1009,158
1010,158
1011,158
1012,158
1013,158
1014,158
1015,158
1016,158
1017,159
1018,159
1019,159
1020,158
1021,158
1022,158
1023,158
1024,158
1025,158
1026,158
1027,158
1028,158
1029,158
1030,158
1031,157
1032,157
1033,157
1034,158
1035,158
1036,158
1037,158
1038,158
1039,158
1040,158
1041,158
1042,158
1043,158
1044,158
1045,158
1046,158
1047,157
1048,157
1049,157
1050,157
1051,158
1052,157
1053,157
1054,157
1055,157
1056,157
1057,157
1058,158
1059,158
1060,158
1061,158
1062,158
1063,157
1064,157
1065,157
1066,157
1067,157
1068,157
1069,157
1070,157
1071,157
1072,157
1073,157
1074,157
1075,157
1076,157
1077,157
1078,157
1079,157
1080,157
1081,157
1082,157
1083,157
1084,157
1085,157
1086,157
1087,157
1088,157
1089,157
1090,157
1091,157
1092,157
1093,157
1094,157
1095,157
1096,157
1097,157
1098,157
1099,157
1100,157
1101,157
1102,157
1103,157
1104,157
1105,156
1106,156
1107,156
1108,156
1109,156
1110,157
1111,157
1112,157
1113,157
1114,156
1115,156
1116,156
1117,156
1118,157
1119,157
1120,157
1121,157
1122,156
1123,156
1124,156
1125,157
1126,156
1127,156
1128,156
1129,156
1130,156
1131,156
1132,156
1133,156
1134,156
1135,156
1136,155
1137,155
1138,155
1139,155
1140,155
1141,155
1142,155
1143,155
1144,155
1145,155
1146,155
1147,155
1148,155
1149,155
1150,155
1151,155
1152,155
1153,155
1154,155
1155,155
1156,155
1157,155
1158,154
1159,155
1160,155
1161,154
1162,154
1163,154
1164,154
1165,154
1166,154
1167,155
1168,155
1169,155
1170,155
1171,155
1172,154
1173,154
1174,154
1175,154
1176,154
1177,154
1178,154
1179,154
1180,155
1181,155
1182,155
1183,155
1184,155
1185,155
1186,155
1187,156
1188,156
1189,156
1190,156
1191,156
1192,156
1193,156
1194,156
1195,156
1196,156
1197,156
1198,156
1199,155
1200,156
1201,156
1202,155
1203,156
1204,156
1205,155
1206,155
1207,155
1208,155
1209,155
1210,155
1211,155
1212,156
1213,156
1214,156
1215,156
1216,156
1217,156
1218,156
1219,156
1220,156
1221,156
1222,156
1223,156
1224,156
1225,156
1226,155
1227,155
1228,155
1229,156
1230,155
1231,156
1232,155
1233,155
1234,155
1235,155
1236,155
1237,155
1238,155
1239,156
1240,156
1241,156
1242,156
1243,156
1244,156
1245,156
1246,156
1247,156
1248,156
1249,157
1250,157
1251,157
1252,157
1253,157
1254,157
1255,157
1256,157
1257,157
1258,157
1259,157
1260,157
1261,157
1262,157
1263,157
1264,157
1265,158
1266,157
1267,157
1268,156
1269,156
1270,156
1271,156
1272,156
1273,156
1274,156
1275,156
1276,156
1277,156
1278,156
1279,156
1280,156
1281,156
1282,156
1283,156
1284,156
1285,156
1286,156
1287,156
1288,156
1289,156
1290,156
1291,156
1292,156
1293,156
1294,156
1295,155
1296,156
1297,156
1298,156
1299,157
1300,157
1301,156
1302,156
1303,156
1304,156
1305,157
1306,157
1307,157
1308,157
1309,156
1310,156
1311,156
1312,156
1313,155
1314,155
1315,155
1316,156
1317,156
1318,156
1319,157
1320,157
1321,156
1322,156
1323,156
1324,155
1325,155
1326,155
1327,156
1328,156
1329,156
1330,156
1331,155
1332,155
1333,155
1334,154
1335,155
1336,155
1337,155
1338,155
1339,155
1340,155
1341,156
1342,156
1343,156
1344,156
1345,156
1346,155
1347,156
1348,156
1349,156
1350,156
1351,156
1352,157
1353,157
1354,157
1355,156
1356,156
1357,156
1358,156
1359,156
1360,155
1361,155
1362,155
1363,156
1364,156
1365,156
1366,155
1367,155
1368,155
1369,155
1370,155
1371,155
1372,156
1373,155
1374,154
1375,154
1376,154
1377,154
1378,154
1379,154
1380,154
1381,154
1382,154
1383,154
1384,155
1385,155
1386,155
1387,155
1388,155
1389,155
1390,156
1391,156
1392,156
1393,157
1394,157
1395,156
1396,157
1397,156
1398,156
1399,155
1400,155
1401,155
1402,156
1403,156
1404,156
1405,155
1406,154
1407,154
1408,155
1409,154
1410,155
1411,155
1412,154
1413,154
1414,154
1415,154
1416,154
1417,154
1418,154
1419,154
1420,154
1421,154
1422,154
1423,154
1424,153
1425,153
1426,153
1427,153
1428,153
1429,154
1430,154
1431,154
1432,154
1433,154
1434,154
1435,154
1436,154
1437,154
1438,153
1439,153
1440,153
1441,153
1442,154
1443,153
1444,153
1445,153
1446,154
1447,154
1448,154
1449,153
1450,154
1451,154
1452,154
1453,154
1454,154
1455,154
1456,154
1457,153
1458,153
1459,153
1460,153
1461,153
1462,152
1463,152
1464,152
1465,153
1466,153
1467,152
1468,152
1469,152
1470,152
1471,152
1472,152
1473,153
1474,153
1475,153
1476,153
1477,153
1478,153
1479,153
1480,153
1481,153
1482,153
1483,153
1484,153
1485,153
1486,153
1487,153
1488,153
1489,153
1490,153
1491,153
1492,153
1493,153
1494,153
1495,153
1496,153
1497,153
1498,153
1499,153
1500,152
1501,152
1502,152
1503,152
1504,152
1505,152
1506,152
1507,152
1508,151
1509,151
1510,152
1511,152
1512,152
1513,152
1514,152
1515,152
1516,152
1517,152
1518,152
1519,152
1520,152
1521,152
1522,152
1523,152
1524,152
1525,152
1526,152
1527,152
1528,152
1529,152
1530,152
1531,152
1532,152
1533,152
1534,152
1535,152
1536,152
1537,152
1538,152
1539,152
1540,152
1541,152
1542,152
1543,152
1544,153
1545,153
1546,153
1547,153
1548,153
1549,152
1550,152
1551,153
1552,153
1553,153
1554,153
1555,153
1556,152
1557,152
1558,153
1559,153
1560,153
1561,153
1562,152
1563,153
1564,153
1565,153
1566,153
1567,153
1568,153
1569,153
1570,153
1571,153
1572,153
1573,153
1574,153
1575,153
1576,153
1577,153
1578,153
1579,152
1580,152
1581,152
1582,152
1583,152
1584,152
1585,152
1586,152
1587,152
1588,152
1589,152
1590,152
1591,152
1592,152
1593,151
1594,152
1595,152
1596,152
1597,152
1598,152
1599,152
1600,152
1601,152
1602,152
1603,152
1604,152
1605,153
1606,153
1607,153
1608,153
1609,153
1610,153
1611,153
1612,153
1613,153
1614,153
1615,154
1616,154
1617,154
1618,154
1619,153
1620,153
1621,154
1622,154
1623,153
1624,153
1625,153
1626,153
1627,153
1628,153
1629,153
1630,153
1631,153
1632,153
1633,153
1634,153
1635,153
1636,153
1637,154
1638,153
1639,154
1640,154
1641,153
1642,153
1643,153
1644,153
1645,153
1646,154
1647,154
1648,153
1649,153
1650,153
1651,153
1652,153
1653,154
1654,153
1655,153
1656,153
1657,153
1658,153
1659,152
1660,152
1661,152
1662,152
1663,153
1664,152
1665,152
1666,152
1667,152
1668,153
1669,153
1670,153
1671,153
1672,153
1673,153
1674,153
1675,153
1676,153
1677,152
1678,152
1679,152
1680,153
1681,153
1682,153
1683,153
1684,153
1685,153
1686,153
1687,153
1688,153
1689,153
1690,153
1691,153
1692,152
1693,152
1694,153
1695,153
1696,153
1697,153
1698,153
1699,153
1700,152
1701,152
1702,153
1703,153
1704,154
1705,154
1706,154
1707,154
1708,154
1709,154
1710,154
1711,154
1712,153
1713,154
1714,153
1715,153
1716,153
1717,153
1718,152
1719,153
1720,153
1721,153
1722,153
1723,154
1724,154
1725,154
1726,154
1727,154
1728,154
1729,154
1730,154
1731,154
1732,154
1733,154
1734,154
1735,154
1736,154
1737,154
1738,154
1739,154
1740,154
1741,154
1742,155
1743,155
1744,155
1745,155
1746,155
1747,155
1748,155
1749,155
1750,156
1751,156
1752,156
1753,156
1754,156
1755,156
1756,156
1757,156
1758,156
1759,156
1760,156
1761,156
1762,156
1763,156
1764,156
1765,156
1766,156
1767,156
1768,156
1769,156
1770,156
1771,156
1772,156
1773,156
1774,156
1775,156
1776,156
1777,156
1778,156
1779,155
1780,155
1781,156
1782,155
1783,156
1784,156
1785,156
1786,156
1787,156
1788,156
1789,156
1790,156
1791,156
1792,156
1793,156
1794,156
1795,156
1796,157
1797,156
1798,157
1799,157
1800,157
1801,157
1802,157
1803,157
1804,157
1805,157
1806,157
1807,157
1808,157
1809,157
1810,157
1811,157
1812,157
1813,157
1814,157
1815,157
1816,156
1817,156
1818,156
1819,156
1820,156
1821,156
1822,156
1823,156
1824,156
1825,157
1826,157
1827,156
1828,156
1829,156
1830,157
1831,157
1832,157
1833,157
1834,156
1835,156
1836,156
1837,156
1838,156
1839,156
1840,156
1841,156
1842,157
1843,157
1844,156
1845,157
1846,157
1847,157
1848,157
1849,157
1850,157
1851,157
1852,157
1853,157
1854,157
1855,157
1856,158
1857,158
1858,158
1859,158
1860,158
1861,158
1862,158
1863,158
1864,158
1865,157
1866,157
1867,157
1868,157
1869,157
1870,157
1871,157
1872,158
1873,158
1874,157
1875,157
1876,157
1877,157
1878,157
1879,157
1880,157
1881,158
1882,158
1883,158
1884,157
1885,157
1886,157
1887,157
1888,157
1889,157
1890,157
1891,157
1892,157
1893,157
1894,157
1895,157
1896,157
1897,157
1898,157
1899,157
1900,157
1901,157
1902,157
1903,157
1904,157
1905,157
1906,157
1907,157
1908,157
1909,157
1910,157
1911,157
1912,157
1913,157
1914,157
1915,157
1916,156
1917,157
1918,157
1919,156
1920,156
1921,156
1922,156
1923,156
1924,156
1925,156
1926,156
1927,156
1928,157
1929,157
1930,157
1931,157
1932,157
1933,156
1934,156
1935,156
1936,156
1937,156
1938,156
1939,157
1940,157
1941,157
1942,156
1943,156
1944,156
1945,157
1946,157
1947,157
1948,157
1949,157
1950,157
1951,157
1952,157
1953,157
1954,157
1955,157
1956,158
1957,158
1958,158
1959,158
1960,158
1961,158
1962,158
1963,157
1964,157
1965,158
1966,158
1967,158
1968,157
1969,157
1970,157
1971,157
1972,157
1973,157
1974,157
1975,157
1976,157
1977,157
1978,157
1979,158
1980,157
1981,157
1982,157
1983,157
1984,157
1985,157
1986,157
1987,157
1988,157
1989,157
1990,157
1991,157
1992,157
1993,157
1994,157
1995,157
1996,157
1997,157
1998,157
1999,157
2000,157
2001,157
2002,157
2003,157
2004,157
2005,157
2006,157
2007,156
2008,157
2009,156
2010,156
2011,156
2012,156
2013,156
2014,156
2015,156
2016,155
2017,155
2018,156
2019,156
2020,156
2021,156
2022,156
2023,155
2024,155
2025,155
2026,155
2027,155
2028,155
2029,155
2030,155
2031,155
2032,155
2033,155
2034,155
2035,155
2036,155
2037,155
2038,155
2039,155
2040,155
2041,155
2042,155
2043,155
2044,155
2045,155
2046,155
2047,155
2048,154
2049,154
2050,154
2051,154
2052,154
2053,154
2054,154
2055,154
2056,154
2057,154
2058,154
2059,154
2060,154
2061,154
2062,154
2063,154
2064,154
2065,154
2066,154
2067,153
2068,154
2069,153
2070,153
2071,152
2072,152
2073,152
2074,153
2075,153
2076,153
2077,153
2078,152
2079,152
2080,152
2081,152
2082,152
2083,152
2084,152
2085,152
2086,152
2087,153
2088,153
2089,153
2090,153
2091,153
2092,153
2093,153
2094,153
2095,153
2096,153
2097,153
2098,153
2099,153
2100,152
2101,153
2102,153
2103,153
2104,153
2105,152
2106,152
2107,152
2108,152
2109,153
2110,153
2111,153
2112,153
2113,153
2114,153
2115,154
2116,154
2117,154
2118,154
2119,154
2120,154
2121,154
2122,154
2123,154
2124,154
2125,154
2126,154
2127,154
2128,154
2129,154
2130,154
2131,154
2132,155
2133,155
2134,155
2135,155
2136,155
2137,155
2138,155
2139,155
2140,155
2141,155
2142,155
2143,155
2144,155
2145,155
2146,155
2147,155
2148,155
2149,155
2150,155
2151,156
2152,156
2153,155
2154,155
2155,155
2156,155
2157,155
2158,156
2159,156
2160,156
2161,156
2162,155
2163,155
2164,155
2165,155
2166,156
2167,156
2168,155
2169,155
2170,156
2171,155
2172,155
2173,156
2174,155
2175,155
2176,155
2177,155
2178,155
2179,155
2180,155
2181,155
2182,155
2183,155
2184,155
2185,155
2186,155
2187,155
2188,155
2189,155
2190,155
2191,155
2192,155
2193,155
2194,155
2195,155
2196,155
2197,155
2198,155
2199,155
2200,155
2201,155
2202,155
2203,155
2204,155
2205,155
2206,156
2207,155
2208,155
2209,156
2210,156
2211,156
2212,156
2213,156
2214,156
2215,156
2216,156
2217,156
2218,156
2219,156
2220,156
2221,155
2222,155
2223,155
2224,155
2225,155
2226,155
2227,155
2228,155
2229,155
2230,155
2231,155
2232,155
2233,155
2234,155
2235,155
2236,155
2237,155
2238,155
2239,155
2240,155
2241,155
2242,156
2243,156
2244,156
2245,156
2246,156
2247,156
2248,156
2249,156
2250,156
2251,155
2252,156
2253,155
2254,156
2255,155
2256,155
2257,155
2258,155
2259,155
2260,155
2261,155
2262,155
2263,155
2264,155
2265,156
2266,156
2267,155
2268,155
2269,155
2270,155
2271,155
2272,155
2273,156
2274,156
2275,156
2276,156
2277,156
2278,157
2279,157
2280,157
2281,157
2282,157
2283,157
2284,157
2285,157
2286,157
2287,157
2288,157
2289,157
2290,157
2291,157
2292,157
2293,157
2294,157
2295,157
2296,157
2297,157
2298,157
2299,157
2300,157
2301,157
2302,157
2303,157
2304,157
2305,157
2306,157
2307,157
2308,157
2309,157
2310,157
2311,157
2312,157
2313,157
2314,157
2315,157
2316,157
2317,157
2318,157
2319,157
2320,157
2321,157
2322,157
2323,157
2324,157
2325,157
2326,157
2327,157
2328,157
2329,158
2330,157
2331,158
2332,157
2333,158
2334,158
2335,158
2336,158
2337,158
2338,158
2339,158
2340,158
2341,158
2342,158
2343,158
2344,157
2345,157
2346,157
2347,157
2348,157
2349,157
2350,157
2351,157
2352,157
2353,156
2354,156
2355,156
2356,156
2357,156
2358,156
2359,156
2360,156
2361,155
2362,156
2363,156
2364,156
2365,156
2366,156
2367,156
2368,156
2369,156
2370,156
2371,156
2372,156
2373,156
2374,156
2375,156
2376,156
2377,156
2378,156
2379,155
2380,155
2381,155
2382,155
2383,155
2384,155
2385,155
2386,155
2387,155
2388,155
2389,155
2390,155
2391,155
2392,155
2393,155
2394,155
2395,155
2396,155
2397,154
2398,154
2399,154
2400,154
2401,154
2402,155
2403,155
2404,155
2405,155
2406,155
2407,155
2408,155
2409,155
2410,155
2411,155
2412,154
2413,154
2414,154
2415,154
2416,154
2417,154
2418,154
2419,154
2420,154
2421,154
2422,154
2423,154
2424,154
2425,154
2426,154
2427,154
2428,154
2429,154
2430,154
2431,154
2432,154
2433,154
2434,154
2435,154
2436,154
2437,154
2438,154
2439,154
2440,154
2441,154
2442,154
2443,154
2444,154
2445,154
2446,154
2447,154
2448,154
2449,154
2450,154
2451,155
2452,155
2453,155
2454,154
2455,155
2456,154
2457,154
2458,154
2459,154
2460,154
2461,154
2462,154
2463,154
2464,154
2465,154
2466,154
2467,155
2468,155
2469,155
2470,155
2471,154
2472,154
2473,155
2474,155
2475,155
2476,155
2477,155
2478,155
2479,155
2480,155
2481,155
2482,156
2483,156
2484,155
2485,155
2486,155
2487,155
2488,155
2489,155
2490,155
2491,155
2492,155
2493,155
2494,155
2495,156
2496,156
2497,156
2498,155
2499,155
2500,155
2501,155
2502,155
2503,155
2504,155
2505,155
2506,155
2507,155
2508,155
2509,155
2510,155
2511,155
2512,155
2513,155
2514,155
2515,155
2516,155
2517,155
2518,155
2519,155
2520,155
2521,155
2522,155
2523,155
2524,155
2525,155
2526,155
2527,155
2528,155
2529,155
2530,155
2531,155
2532,155
2533,155
2534,155
2535,155
2536,155
2537,155
2538,155
2539,155
2540,155
2541,155
2542,155
2543,155
2544,155
2545,154
2546,155
2547,155
2548,155
2549,155
2550,155
2551,154
2552,155
2553,155
2554,155
2555,155
2556,155
2557,155
2558,155
2559,155
2560,155
2561,155
2562,155
2563,155
2564,155
2565,155
2566,155
2567,155
2568,155
2569,155
2570,155
2571,155
2572,155
2573,156
2574,156
2575,156
2576,156
2577,156
2578,156
2579,156
2580,156
2581,156
2582,156
2583,156
2584,156
2585,156
2586,156
2587,156
2588,156
2589,156
2590,156
2591,156
2592,156
2593,156
2594,156
2595,156
2596,155
2597,155
2598,155
2599,155
2600,155
2601,154
2602,155
2603,155
2604,155
2605,155
2606,155
2607,154
2608,154
2609,154
2610,154
2611,154
2612,154
2613,154
2614,155
2615,155
2616,155
2617,155
2618,154
2619,154
2620,155
2621,155
2622,155
2623,155
2624,155
2625,155
2626,155
2627,155
2628,154
2629,155
2630,155
2631,155
2632,155
2633,155
2634,155
2635,155
2636,155
2637,155
2638,155
2639,155
2640,154
2641,155
2642,154
2643,154
2644,153
2645,153
2646,153
2647,153
2648,153
2649,153
2650,153
2651,153
2652,153
2653,152
2654,153
2655,153
2656,153
2657,153
2658,153
2659,152
2660,152
2661,152
2662,152
2663,152
2664,152
2665,152
2666,152
2667,152
2668,152
2669,152
2670,152
2671,152
2672,152
2673,152
2674,152
2675,152
2676,151
2677,152
2678,152
2679,152
2680,152
2681,152
2682,151
2683,151
2684,152
2685,151
2686,151
2687,151
2688,151
2689,151
2690,152
2691,151
2692,152
2693,152
2694,152
2695,152
2696,151
2697,151
2698,151
2699,151
2700,151
2701,151
2702,151
2703,151
2704,151
2705,151
2706,151
2707,151
2708,151
2709,151
2710,151
2711,151
2712,151
2713,151
2714,151
2715,151
2716,151
2717,151
2718,151
2719,151
2720,151
2721,150
2722,150
2723,150
2724,150
2725,150
2726,150
2727,150
2728,150
2729,150
2730,150
2731,150
2732,150
2733,150
2734,151
2735,151
2736,150
2737,151
2738,151
2739,150
2740,150
2741,151
2742,151
2743,151
2744,151
2745,150
2746,150
2747,150
2748,151
2749,150
2750,150
2751,150
2752,150
2753,150
2754,150
2755,150
2756,149
2757,149
2758,150
2759,150
2760,150
2761,150
2762,149
2763,150
2764,150
2765,150
2766,150
2767,150
2768,151
2769,151
2770,150
2771,150
2772,150
2773,150
2774,150
2775,150
2776,150
2777,150
2778,150
2779,150
2780,150
2781,151
2782,150
2783,150
2784,150
2785,150
2786,150
2787,150
2788,150
2789,150
2790,150
2791,150
2792,151
2793,151
2794,151
2795,151
2796,151
2797,151
2798,150
2799,151
2800,151
2801,151
2802,151
2803,151
2804,151
2805,151
2806,151
2807,151
2808,151
2809,151
2810,151
2811,151
2812,151
2813,151
2814,151
2815,151
2816,151
2817,151
2818,151
2819,150
2820,151
2821,151
2822,151
2823,151
2824,151
2825,151
2826,150
2827,150
2828,151
2829,150
2830,150
2831,150
2832,151
2833,150
2834,150
2835,150
2836,150
2837,150
2838,150
2839,149
2840,149
2841,149
2842,149
2843,149
2844,149
2845,149
2846,149
2847,149
2848,149
2849,149
2850,149
2851,149
2852,149
2853,149
2854,148
2855,148
2856,148
2857,148
2858,148
2859,148
2860,148
2861,148
2862,148
2863,148
2864,148
2865,147
2866,147
2867,147
2868,147
2869,147
2870,147
2871,147
2872,147
2873,148
2874,148
2875,148
2876,148
2877,148
2878,148
2879,148
2880,148
2881,148
2882,147
2883,148
2884,148
2885,148
2886,148
2887,148
2888,148
2889,148
2890,148
2891,148
2892,148
2893,148
2894,149
2895,149
2896,149
2897,149
2898,149
2899,149
2900,149
2901,149
2902,148
2903,148
2904,148
2905,149
2906,149
2907,149
2908,149
2909,149
2910,149
2911,148
2912,149
2913,149
2914,149
2915,149
2916,149
2917,149
2918,149
2919,149
2920,149
2921,149
2922,149
2923,149
2924,149
2925,149
2926,149
2927,150
2928,150
2929,150
2930,150
2931,150
2932,150
2933,150
2934,150
2935,150
2936,150
2937,150
2938,150
2939,150
2940,150
2941,150
2942,150
2943,149
2944,149
2945,149
2946,149
2947,149
2948,149
2949,150
2950,150
2951,150
2952,149
2953,150
2954,149
2955,149
2956,149
2957,149
2958,150
2959,150
2960,150
2961,150
2962,150
2963,150
2964,150
2965,150
2966,150
2967,149
2968,149
2969,149
2970,148
2971,148
2972,148
2973,149
2974,148
2975,149
2976,148
2977,148
2978,148
2979,148
2980,148
2981,148
2982,149
2983,149
2984,148
2985,148
2986,148
2987,148
2988,148
2989,148
2990,148
2991,148
2992,148
2993,148
2994,149
2995,149
2996,149
2997,149
2998,149
2999,149
3000,149
3001,149
3002,149
3003,149
3004,149
3005,149
3006,149
3007,149
3008,149
3009,149
3010,149
3011,149
3012,149
3013,149
3014,149
3015,149
3016,149
3017,149
3018,149
3019,149
3020,149
3021,149
3022,149
3023,149
3024,149
3025,149
3026,149
3027,149
3028,149
3029,149
3030,149
3031,149
3032,149
3033,149
3034,149
3035,149
3036,149
3037,149
3038,150
3039,150
3040,150
3041,149
3042,149
3043,149
3044,149
3045,149
3046,149
3047,149
3048,149
3049,149
3050,149
3051,149
3052,149
3053,149
3054,149
3055,149
3056,149
3057,149
3058,149
3059,149
3060,149
3061,149
3062,149
3063,149
3064,149
3065,149
3066,149
3067,149
3068,149
3069,149
3070,149
3071,149
3072,150
3073,150
3074,150
3075,150
3076,150
3077,150
3078,150
3079,150
3080,150
3081,150
3082,150
3083,150
3084,150
3085,150
3086,150
3087,150
3088,150
3089,150
3090,150
3091,150
3092,150
3093,150
3094,150
3095,150
3096,150
3097,150
3098,150
3099,150
3100,150
3101,150
3102,150
3103,150
3104,150
3105,150
3106,150
3107,150
3108,150
3109,150
3110,150
3111,150
3112,150
3113,150
3114,150
3115,150
3116,150
3117,150
3118,150
3119,150
3120,150
3121,150
3122,150
3123,151
3124,151
3125,151
3126,151
3127,151
3128,151
3129,151
3130,150
3131,151
3132,151
3133,151
3134,151
3135,151
3136,151
3137,151
3138,151
3139,151
3140,151
3141,151
3142,151
3143,150
3144,151
3145,151
3146,151
3147,151
3148,151
3149,151
3150,150
3151,150
3152,150
3153,151
3154,150
3155,150
3156,150
3157,150
3158,150
3159,150
3160,150
3161,150
3162,150
3163,150
3164,151
3165,151
3166,152
3167,152
3168,152
3169,152
3170,152
3171,152
3172,152
3173,152
3174,152
3175,152
3176,152
3177,152
3178,152
3179,152
3180,153
3181,153
3182,153
3183,153
3184,153
3185,153
3186,153
3187,153
3188,153
3189,153
3190,152
3191,152
3192,152
3193,152
3194,152
3195,152
3196,152
3197,152
3198,152
3199,152
3200,152
3201,153
3202,153
3203,153
3204,153
3205,152
3206,152
3207,152
3208,152
3209,152
3210,152
3211,152
3212,152
3213,152
3214,153
3215,152
3216,152
3217,152
3218,152
3219,152
3220,152
3221,152
3222,152
3223,152
3224,152
3225,152
3226,152
3227,152
3228,152
3229,152
3230,153
3231,153
3232,152
3233,152
3234,152
3235,152
3236,152
3237,152
3238,152
3239,152
3240,152
3241,152
3242,152
3243,152
3244,152
3245,152
3246,152
3247,152
3248,152
3249,152
3250,152
3251,152
3252,152
3253,152
3254,152
3255,152
3256,152
3257,152
3258,152
3259,152
3260,152
3261,152
3262,152
3263,152
3264,152
3265,152
3266,152
3267,152
3268,152
3269,152
3270,152
3271,152
3272,151
3273,151
3274,151
3275,151
3276,151
3277,152
3278,152
3279,152
3280,152
3281,151
3282,151
3283,151
3284,151
3285,151
3286,151
3287,151
3288,151
3289,151
3290,151
3291,151
3292,151
3293,152
3294,152
3295,152
3296,152
3297,152
3298,152
3299,152
3300,152
3301,152
3302,153
3303,153
3304,153
3305,153
3306,153
3307,153
3308,153
3309,153
3310,153
3311,153
3312,153
3313,153
3314,153
3315,153
3316,153
3317,153
3318,153
3319,153
3320,153
3321,153
3322,153
3323,153
3324,153
3325,153
3326,153
3327,153
3328,153
3329,153
3330,152
3331,153
3332,153
3333,153
3334,153
3335,153
3336,153
3337,153
3338,153
3339,153
3340,153
3341,153
3342,152
3343,152
3344,152
3345,153
3346,152
3347,152
3348,152
3349,152
3350,152
3351,152
3352,152
3353,152
3354,152
3355,152
3356,152
3357,152
3358,152
3359,152
3360,152
3361,152
3362,151
3363,152
3364,152
3365,152
3366,152
3367,152
3368,151
3369,151
3370,151
3371,151
3372,151
3373,151
3374,151
3375,150
3376,150
3377,150
3378,150
3379,150
3380,150
3381,150
3382,150
3383,150
3384,150
3385,150
3386,150
3387,150
3388,150
3389,150
3390,150
3391,149
3392,150
3393,150
3394,149
3395,149
3396,149
3397,149
3398,149
3399,149
3400,150
3401,150
3402,150
3403,150
3404,150
3405,150
3406,150
3407,150
3408,150
3409,150
3410,150
3411,150
3412,150
3413,150
3414,150
3415,150
3416,150
3417,149
3418,150
3419,150
3420,150
3421,150
3422,150
3423,150
3424,150
3425,150
3426,150
3427,150
3428,150
3429,149
3430,149
3431,149
3432,149
3433,149
3434,149
3435,149
3436,149
3437,150
3438,149
3439,149
3440,149
3441,149
3442,149
3443,148
3444,149
3445,149
3446,150
3447,150
3448,150
3449,150
3450,150
3451,150
3452,151
3453,151
3454,151
3455,151
3456,150
3457,150
3458,150
3459,150
3460,150
3461,150
3462,150
3463,150
3464,150
3465,150
3466,150
3467,150
3468,150
3469,150
3470,150
3471,150
3472,150
3473,150
3474,150
3475,150
3476,150
3477,150
3478,150
3479,150
3480,150
3481,150
3482,150
3483,150
3484,151
3485,151
3486,151
3487,151
3488,151
3489,150
3490,151
3491,151
3492,151
3493,150
3494,150
3495,150
3496,151
3497,151
3498,151
3499,150
3500,150
3501,151
3502,151
3503,151
3504,151
3505,151
3506,151
3507,151
3508,151
3509,151
3510,151
3511,151
3512,151
3513,151
3514,151
3515,150
3516,150
3517,150
3518,150
3519,150
3520,150
3521,150
3522,150
3523,150
3524,150
3525,150
3526,150
3527,150
3528,150
3529,150
3530,150
3531,150
3532,150
3533,150
3534,149
3535,149
3536,150
3537,149
3538,149
3539,149
3540,149
3541,149
3542,149
3543,149
3544,149
3545,149
3546,149
3547,149
3548,149
3549,149
3550,149
3551,149
3552,149
3553,149
3554,149
3555,149
3556,149
3557,149
3558,149
3559,149
3560,149
3561,149
3562,149
3563,150
3564,149
3565,149
3566,150
3567,149
3568,149
3569,149
3570,150
3571,150
3572,150
3573,150
3574,150
3575,150
3576,150
3577,150
3578,150
3579,150
3580,150
3581,150
3582,150
3583,150
3584,150
3585,150
3586,151
3587,151
3588,151
3589,151
3590,151
3591,151
3592,151
3593,151
3594,150
3595,151
3596,151
3597,151
3598,151
3599,151
3600,151
3601,151
3602,151
3603,151
3604,151
3605,151
3606,151
3607,151
3608,151
3609,151
3610,151
3611,152
3612,151
3613,152
3614,152
3615,152
3616,152
3617,152
3618,152
3619,152
3620,152
3621,152
3622,152
3623,151
3624,152
3625,152
3626,152
3627,152
3628,152
3629,152
3630,151
3631,152
3632,152
3633,151
3634,151
3635,152
3636,152
3637,152
3638,152
3639,152
3640,152
3641,152
3642,152
3643,152
3644,151
3645,152
3646,151
3647,151
3648,151
3649,151
3650,151
3651,151
3652,151
3653,151
3654,151
3655,151
3656,151
3657,151
3658,151
3659,151
3660,151
3661,151
3662,152
3663,151
3664,151
3665,151
3666,151
3667,151
3668,152
3669,152
3670,152
3671,152
3672,152
3673,152
3674,152
3675,152
3676,152
3677,152
3678,152
3679,152
3680,152
3681,152
3682,152
3683,152
3684,152
3685,152
3686,151
3687,151
3688,151
3689,151
3690,151
3691,151
3692,152
3693,152
3694,152
3695,152
3696,152
3697,152
3698,152
3699,152
3700,152
3701,152
3702,152
3703,152
3704,151
3705,151
3706,152
3707,151
3708,152
3709,152
3710,152
3711,152
3712,152
3713,152
3714,152
3715,151
3716,151
3717,151
3718,152
3719,151
3720,151
3721,151
3722,151
3723,151
3724,151
3725,151
3726,151
3727,151
3728,150
3729,150
3730,150
3731,150
3732,150
3733,150
3734,150
3735,150
3736,151
3737,151
3738,151
3739,151
3740,150
3741,150
3742,150
3743,150
3744,150
3745,151
3746,151
3747,151
3748,151
3749,150
3750,151
3751,151
3752,151
3753,151
3754,151
3755,151
3756,151
3757,151
3758,150
3759,150
3760,150
3761,151
3762,151
3763,151
3764,151
3765,151
3766,151
3767,151
3768,151
3769,151
3770,151
3771,151
3772,151
3773,151
3774,151
3775,151
3776,151
3777,151
3778,151
3779,151
3780,151
3781,151
3782,151
3783,151
3784,151
3785,151
3786,151
3787,151
3788,151
3789,151
3790,151
3791,150
3792,150
3793,150
3794,150
3795,150
3796,150
3797,150
3798,150
3799,150
3800,150
3801,150
3802,150
3803,150
3804,150
3805,150
3806,150
3807,150
3808,150
3809,150
3810,150
3811,151
3812,151
3813,150
3814,151
3815,151
3816,150
3817,150
3818,150
3819,150
3820,151
3821,151
3822,151
3823,151
3824,151
3825,151
3826,151
3827,151
3828,151
3829,151
3830,151
3831,151
3832,151
3833,151
3834,151
3835,151
3836,151
3837,151
3838,151
3839,151
3840,151
3841,151
3842,151
3843,151
3844,151
3845,150
3846,150
3847,150
3848,151
3849,151
3850,151
3851,151
3852,151
3853,151
3854,151
3855,151
3856,151
3857,151
3858,151
3859,151
3860,151
3861,151
3862,151
3863,151
3864,151
3865,151
3866,151
3867,151
3868,151
3869,151
3870,151
3871,151
3872,152
3873,152
3874,152
3875,152
3876,152
3877,152
3878,152
3879,152
3880,152
3881,152
3882,152
3883,152
3884,152
3885,152
3886,152
3887,152
3888,152
3889,152
3890,152
3891,152
3892,152
3893,152
3894,152
3895,152
3896,152
3897,152
3898,152
3899,152
3900,152
3901,151
3902,152
3903,152
3904,152
3905,152
3906,152
3907,151
3908,151
3909,151
3910,151
3911,151
3912,151
3913,151
3914,151
3915,151
3916,151
3917,151
3918,152
3919,152
3920,152
3921,152
3922,152
3923,152
3924,152
3925,152
3926,152
3927,152
3928,152
3929,152
3930,152
3931,152
3932,152
3933,152
3934,152
3935,152
3936,152
3937,152
3938,151
3939,152
3940,151
3941,151
3942,151
3943,151
3944,151
3945,151
3946,151
3947,151
3948,151
3949,151
3950,151
3951,151
3952,151
3953,151
3954,151
3955,151
3956,151
3957,151
3958,151
3959,151
3960,152
3961,152
3962,151
3963,151
3964,152
3965,152
3966,152
3967,153
3968,153
3969,153
3970,153
3971,153
3972,153
3973,153
3974,154
3975,153
3976,153
3977,153
3978,154
3979,154
3980,154
3981,154
3982,154
3983,154
3984,154
3985,154
3986,154
3987,154
3988,154
3989,153
3990,153
3991,153
3992,153
3993,153
3994,153
3995,153
3996,153
3997,153
3998,153
3999,153
4000,153
4001,153
4002,154
4003,154
4004,154
4005,153
4006,153
4007,154
4008,154
4009,153
4010,153
4011,154
4012,154
4013,154
4014,154
4015,154
4016,154
4017,154
4018,154
4019,154
4020,154
4021,154
4022,154
4023,154
4024,154
4025,154
4026,154
4027,154
4028,154
4029,154
4030,154
4031,154
4032,154
4033,154
4034,154
4035,154
4036,154
4037,154
4038,154
4039,154
4040,153
4041,153
4042,153
4043,153
4044,153
4045,153
4046,153
4047,153
4048,154
4049,153
4050,153
4051,154
4052,154
4053,154
4054,154
4055,153
4056,153
4057,153
4058,154
4059,154
4060,153
4061,153
4062,154
4063,153
4064,153
4065,153
4066,153
4067,153
4068,153
4069,154
4070,154
4071,154
4072,154
4073,154
4074,154
4075,154
4076,154
4077,154
4078,154
4079,154
4080,154
4081,154
4082,153
4083,153
4084,153
4085,153
4086,153
4087,153
4088,153
4089,153
4090,153
4091,153
4092,153
4093,153
4094,153
4095,153
4096,153
4097,153
4098,153
4099,153
4100,153
4101,153
4102,153
4103,153
4104,153
4105,153
4106,153
4107,153
4108,153
4109,153
4110,153
4111,153
4112,153
4113,153
4114,153
4115,153
4116,154
4117,154
4118,154
4119,154
4120,154
4121,154
4122,154
4123,154
4124,154
4125,154
4126,154
4127,154
4128,154
4129,154
4130,154
4131,154
4132,154
4133,154
4134,154
4135,154
4136,154
4137,154
4138,154
4139,154
4140,154
4141,154
4142,154
4143,153
4144,153
4145,153
4146,153
4147,153
4148,153
4149,154
4150,154
4151,154
4152,154
4153,154
4154,154
4155,154
4156,154
4157,154
4158,154
4159,154
4160,154
4161,154
4162,154
4163,154
4164,154
4165,154
4166,154
4167,154
4168,154
4169,154
4170,154
4171,154
4172,155
4173,155
4174,155
4175,155
4176,155
4177,155
4178,155
4179,155
4180,155
4181,155
4182,155
4183,155
4184,154
4185,154
4186,154
4187,154
4188,154
4189,154
4190,154
4191,154
4192,154
4193,154
4194,154
4195,154
4196,154
4197,154
4198,154
4199,154
4200,155
4201,155
4202,154
4203,155
4204,155
4205,155
4206,155
4207,155
4208,155
4209,155
4210,156
4211,156
4212,156
4213,156
4214,156
4215,156
4216,156
4217,156
4218,156
4219,156
4220,156
4221,156
4222,155
4223,155
4224,156
4225,156
4226,155
4227,155
4228,155
4229,156
4230,155
4231,155
4232,155
4233,155
4234,155
4235,155
4236,155
4237,155
4238,155
4239,155
4240,156
4241,156
4242,156
4243,156
4244,156
4245,156
4246,157
4247,157
4248,157
4249,157
4250,157
4251,157
4252,157
4253,157
4254,157
4255,157
4256,157
4257,157
4258,157
4259,157
4260,157
4261,157
4262,157
4263,157
4264,157
4265,157
4266,157
4267,157
4268,157
4269,157
4270,157
4271,157
4272,157
4273,157
4274,157
4275,156
4276,157
4277,157
4278,157
4279,157
4280,157
4281,157
4282,157
4283,156
4284,156
4285,156
4286,156
4287,157
4288,156
4289,156
4290,156
4291,156
4292,156
4293,156
4294,155
4295,155
4296,156
4297,156
4298,156
4299,156
4300,156
4301,156
4302,157
4303,157
4304,157
4305,157
4306,157
4307,157
4308,157
4309,156
4310,157
4311,156
4312,157
4313,157
4314,157
4315,157
4316,157
4317,158
4318,157
4319,157
4320,157
4321,157
4322,157
4323,157
4324,157
4325,157
4326,157
4327,157
4328,158
4329,158
4330,158
4331,158
4332,157
4333,157
4334,158
4335,158
4336,157
4337,157
4338,157
4339,157
4340,157
4341,157
4342,157
4343,157
4344,157
4345,157
4346,157
4347,157
4348,157
4349,157
4350,157
4351,157
4352,157
4353,157
4354,157
4355,157
4356,157
4357,157
4358,157
4359,157
4360,157
4361,158
4362,157
4363,157
4364,158
4365,157
4366,157
4367,157
4368,157
4369,157
4370,157
4371,157
4372,157
4373,156
4374,156
4375,156
4376,156
4377,156
4378,156
4379,157
4380,157
4381,156
4382,156
4383,157
4384,157
4385,157
4386,156
4387,156
4388,156
4389,156
4390,156
4391,156
4392,156
4393,157
4394,157
4395,157
4396,157
4397,156
4398,156
4399,156
4400,156
4401,156
4402,156
4403,156
4404,156
4405,156
4406,157
4407,156
4408,156
4409,156
4410,156
4411,156
4412,156
4413,156
4414,156
4415,156
4416,156
4417,156
4418,156
4419,157
4420,156
4421,156
4422,156
4423,157
4424,157
4425,157
4426,156
4427,157
4428,157
4429,157
4430,157
4431,157
4432,157
4433,157
4434,157
4435,157
4436,157
4437,157
4438,157
4439,156
4440,156
4441,156
4442,156
4443,156
4444,156
4445,156
4446,156
4447,157
4448,156
4449,156
4450,156
4451,156
4452,156
4453,156
4454,157
4455,157
4456,157
4457,157
4458,157
4459,157
4460,157
4461,157
4462,157
4463,157
4464,157
4465,157
4466,157
4467,157
4468,157
4469,157
4470,157
4471,157
4472,157
4473,157
4474,157
4475,157
4476,157
4477,157
4478,157
4479,157
4480,157
4481,157
4482,157
4483,157
4484,157
4485,157
4486,157
4487,158
4488,158
4489,158
4490,158
4491,158
4492,158
4493,158
4494,158
4495,158
4496,158
4497,158
4498,158
4499,158
4500,159
4501,159
4502,159
4503,159
4504,159
4505,159
4506,159
4507,159
4508,159
4509,159
4510,159
4511,159
4512,159
4513,159
4514,159
4515,159
4516,159
4517,159
4518,159
4519,159
4520,159
4521,159
4522,158
4523,159
4524,159
4525,158
4526,158
4527,158
4528,158
4529,158
4530,158
4531,159
4532,158
4533,158
4534,158
4535,158
4536,158
4537,158
4538,158
4539,158
4540,158
4541,158
4542,158
4543,159
4544,158
4545,158
4546,158
4547,158
4548,158
4549,159
4550,159
4551,158
4552,158
4553,158
4554,158
4555,158
4556,158
4557,158
4558,158
4559,158
4560,158
4561,158
4562,158
4563,158
4564,159
4565,159
4566,159
4567,159
4568,159
4569,159
4570,159
4571,159
4572,159
4573,159
4574,159
4575,159
4576,159
4577,159
4578,159
4579,159
4580,159
4581,159
4582,159
4583,159
4584,159
4585,158
4586,158
4587,159
4588,159
4589,158
4590,158
4591,158
4592,158
4593,159
4594,159
4595,159
4596,159
4597,159
4598,159
4599,159
4600,159
4601,159
4602,159
4603,159
4604,159
4605,159
4606,158
4607,159
4608,159
4609,158
4610,159
4611,159
4612,159
4613,159
4614,158
4615,158
4616,158
4617,158
4618,158
4619,158
4620,159
4621,159
4622,159
4623,158
4624,158
4625,158
4626,158
4627,158
4628,158
4629,158
4630,158
4631,158
4632,158
4633,158
4634,158
4635,158
4636,158
4637,158
4638,158
4639,158
4640,158
4641,158
4642,157
4643,157
4644,157
4645,157
4646,157
4647,157
4648,157
4649,157
4650,157
4651,157
4652,157
4653,158
4654,158
4655,158
4656,158
4657,158
4658,158
4659,158
4660,158
4661,158
4662,158
4663,158
4664,158
4665,158
4666,158
4667,158
4668,158
4669,157
4670,157
4671,157
4672,157
4673,157
4674,157
4675,157
4676,157
4677,157
4678,157
4679,157
4680,157
4681,157
4682,157
4683,157
4684,157
4685,157
4686,157
4687,157
4688,157
4689,157
4690,157
4691,157
4692,157
4693,158
4694,158
4695,158
4696,158
4697,158
4698,158
4699,158
4700,158
4701,158
4702,158
4703,158
4704,158
4705,158
4706,158
4707,158
4708,158
4709,158
4710,158
4711,158
4712,158
4713,158
4714,158
4715,158
4716,158
4717,158
4718,158
4719,158
4720,158
4721,158
4722,158
4723,158
4724,159
4725,159
4726,159
4727,159
4728,159
4729,158
4730,158
4731,159
4732,159
4733,159
4734,159
4735,159
4736,159
4737,159
4738,159
4739,159
4740,159
4741,159
4742,159
4743,159
4744,159
4745,159
4746,159
4747,159
4748,159
4749,159
4750,159
4751,159
4752,159
4753,159
4754,159
4755,159
4756,159
4757,159
4758,159
4759,159
4760,159
4761,159
4762,159
4763,159
4764,159
4765,159
4766,160
4767,160
4768,160
4769,160
4770,160
4771,160
4772,160
4773,160
4774,160
4775,160
4776,160
4777,160
4778,160
4779,160
4780,160
4781,160
4782,160
4783,160
4784,160
4785,160
4786,160
4787,160
4788,160
4789,159
4790,159
4791,159
4792,160
4793,159
4794,159
4795,159
4796,159
4797,159
4798,159
4799,159
4800,159
4801,159
4802,159
4803,159
4804,159
4805,159
4806,159
4807,159
4808,159
4809,159
4810,159
4811,159
4812,159
4813,159
4814,159
4815,159
4816,159
4817,159
4818,159
4819,159
4820,159
4821,159
4822,159
4823,159
4824,159
4825,159
4826,159
4827,159
4828,159
4829,159
4830,159
4831,159
4832,159
4833,159
4834,159
4835,159
4836,159
4837,159
4838,159
4839,159
4840,159
4841,159
4842,159
4843,159
4844,159
4845,159
4846,159
4847,159
4848,159
4849,159
4850,159
4851,159
4852,159
4853,159
4854,159
4855,159
4856,159
4857,160
4858,160
4859,160
4860,159
4861,159
4862,159
4863,159
4864,159
4865,159
4866,159
4867,159
4868,159
4869,159
4870,159
4871,159
4872,159
4873,159
4874,159
4875,159
4876,159
4877,159
4878,159
4879,159
4880,159
4881,159
4882,159
4883,159
4884,159
4885,159
4886,159
4887,159
4888,159
4889,159
4890,159
4891,159
4892,159
4893,159
4894,159
4895,159
4896,159
4897,159
4898,159
4899,158
4900,158
4901,159
4902,159
4903,159
4904,159
4905,159
4906,159
4907,159
4908,159
4909,159
4910,159
4911,159
4912,159
4913,159
4914,159
4915,159
4916,159
4917,158
4918,159
4919,158
4920,159
4921,159
4922,159
4923,159
4924,159
4925,159
4926,159
4927,159
4928,159
4929,159
4930,159
4931,159
4932,159
4933,159
4934,159
4935,159
4936,159
4937,159
4938,160
4939,159
4940,159
4941,159
4942,160
4943,159
4944,160
4945,160
4946,160
4947,160
4948,159
4949,159
4950,160
4951,159
4952,159
4953,159
4954,159
4955,159
4956,159
4957,159
4958,159
4959,159
4960,159
4961,159
4962,159
4963,159
4964,160
4965,159
4966,159
4967,159
4968,159
4969,159
4970,159
4971,159
4972,159
4973,160
4974,160
4975,160
4976,160
4977,160
4978,160
4979,159
4980,160
4981,160
4982,160
4983,160
4984,160
4985,160
4986,160
4987,160
4988,160
4989,160
4990,159
4991,159
4992,160
4993,159
4994,159
4995,160
4996,160
4997,160
4998,160
4999,160
5000,160
5001,160
5002,160
5003,160
5004,160
5005,160
5006,160
5007,160
5008,160
5009,160
5010,160
5011,160
5012,160
5013,160
5014,160
5015,160
5016,160
5017,159
5018,160
5019,159
5020,160
5021,159
5022,159
5023,159
5024,159
5025,159
5026,159
5027,160
5028,160
5029,160
5030,160
5031,159
5032,160
5033,160
5034,160
5035,160
5036,160
5037,159
5038,159
5039,159
5040,159
5041,159
5042,159
5043,159
5044,159
5045,159
5046,159
5047,159
5048,159
5049,159
5050,159
5051,159
5052,159
5053,159
5054,159
5055,159
5056,159
5057,159
5058,159
5059,159
5060,159
5061,159
5062,159
5063,159
5064,159
5065,159
5066,159
5067,159
5068,160
5069,160
5070,160
5071,160
5072,160
5073,160
5074,160
5075,160
5076,160
5077,160
5078,160
5079,160
5080,160
5081,160
5082,160
5083,160
5084,160
5085,160
5086,160
5087,160
5088,160
5089,160
5090,160
5091,160
5092,160
5093,160
5094,161
5095,161
5096,161
5097,160
5098,161
5099,161
5100,161
5101,161
5102,161
5103,161
5104,161
5105,160
5106,160
5107,160
5108,160
5109,160
5110,160
5111,160
5112,160
5113,160
5114,160
5115,160
5116,161
5117,160
5118,161
5119,161
5120,161
5121,161
5122,161
5123,161
5124,161
5125,161
5126,161
5127,161
5128,161
5129,160
5130,160
5131,161
5132,160
5133,160
5134,160
5135,160
5136,160
5137,160
5138,159
5139,160
5140,160
5141,160
5142,160
5143,160
5144,160
5145,160
5146,160
5147,161
5148,161
5149,161
5150,161
5151,161
5152,161
5153,161
5154,161
5155,161
5156,161
5157,160
5158,160
5159,160
5160,159
5161,160
5162,159
5163,159
5164,159
5165,159
5166,159
5167,159
5168,159
5169,159
5170,159
5171,159
5172,159
5173,159
5174,159
5175,160
5176,160
5177,160
5178,161
5179,161
5180,161
5181,160
5182,161
5183,160
5184,160
5185,160
5186,160
5187,160
5188,160
5189,160
5190,161
5191,161
5192,161
5193,161
5194,161
5195,161
5196,161
5197,161
5198,161
5199,161
5200,161
5201,162
5202,162
5203,162
5204,162
5205,162
5206,162
5207,162
5208,162
5209,162
5210,162
5211,162
5212,162
5213,162
5214,162
5215,162
5216,162
5217,162
5218,162
5219,162
5220,162
5221,162
5222,162
5223,162
5224,162
5225,162
5226,162
5227,162
5228,163
5229,163
5230,163
5231,163
5232,163
5233,163
5234,163
5235,163
5236,163
5237,163
5238,164
5239,164
5240,163
5241,163
5242,163
5243,163
5244,163
5245,163
5246,163
5247,163
5248,163
5249,163
5250,163
5251,163
5252,163
5253,163
5254,163
5255,163
5256,162
5257,163
5258,163
5259,163
5260,163
5261,163
5262,163
5263,163
5264,162
5265,162
5266,162
5267,162
5268,162
5269,162
5270,162
5271,162
5272,162
5273,162
5274,162
5275,162
5276,162
5277,162
5278,162
5279,162
5280,162
5281,162
5282,162
5283,162
5284,162
5285,161
5286,162
5287,162
5288,162
5289,162
5290,162
5291,162
5292,162
5293,161
5294,161
5295,162
5296,162
5297,162
5298,161
5299,161
5300,161
5301,161
5302,161
5303,161
5304,160
5305,160
5306,160
5307,161
5308,160
5309,160
5310,160
5311,160
5312,160
5313,160
5314,160
5315,160
5316,160
5317,160
5318,160
5319,160
5320,160
5321,161
5322,161
5323,161
5324,161
5325,161
5326,160
5327,160
5328,160
5329,160
5330,160
5331,160
5332,160
5333,161
5334,161
5335,160
5336,161
5337,161
5338,160
5339,160
5340,160
5341,160
5342,160
5343,160
5344,160
5345,160
5346,160
5347,160
5348,160
5349,160
5350,160
5351,160
5352,160
5353,160
5354,159
5355,159
5356,159
5357,159
5358,159
5359,159
5360,160
5361,160
5362,160
5363,160
5364,160
5365,160
5366,161
5367,161
5368,161
5369,160
5370,161
5371,161
5372,161
5373,161
5374,161
5375,161
5376,161
5377,161
5378,161
5379,161
5380,161
5381,161
5382,160
5383,160
5384,160
5385,160
5386,160
5387,160
5388,160
5389,159
5390,159
5391,159
5392,159
5393,159
5394,159
5395,159
5396,159
5397,159
5398,159
5399,159
5400,159
5401,159
5402,159
5403,159
5404,159
5405,159
5406,159
5407,159
5408,160
5409,160
5410,160
5411,160
5412,160
5413,160
5414,160
5415,160
5416,160
5417,160
5418,160
5419,160
5420,160
5421,160
5422,160
5423,160
5424,160
5425,160
5426,160
5427,160
5428,160
5429,160
5430,160
5431,160
5432,160
5433,160
5434,160
5435,160
5436,160
5437,160
5438,160
5439,160
5440,160
5441,160
5442,160
5443,160
5444,160
5445,160
5446,160
5447,160
5448,160
5449,160
5450,160
5451,160
5452,160
5453,160
5454,160
5455,160
5456,160
5457,160
5458,160
5459,160
5460,161
5461,161
5462,161
5463,161
5464,160
5465,161
5466,161
5467,160
5468,160
5469,160
5470,160
5471,160
5472,160
5473,160
5474,160
5475,160
5476,160
5477,160
5478,160
5479,161
5480,161
5481,161
5482,161
5483,161
5484,160
5485,160
5486,160
5487,159
5488,160
5489,160
5490,160
5491,160
5492,160
5493,160
5494,160
5495,160
5496,160
5497,160
5498,161
5499,161
5500,160
5501,160
5502,161
5503,161
5504,161
5505,161
5506,161
5507,161
5508,161
5509,161
5510,161
5511,161
5512,161
5513,161
5514,160
5515,160
5516,160
5517,160
5518,161
5519,160
5520,160
5521,160
5522,160
5523,161
5524,161
5525,161
5526,160
5527,161
5528,160
5529,160
5530,160
5531,160
5532,160
5533,160
5534,160
5535,160
5536,161
5537,161
5538,161
5539,161
5540,161
5541,160
5542,161
5543,161
5544,161
5545,161
5546,161
5547,161
5548,161
5549,161
5550,161
5551,161
5552,161
5553,161
5554,161
5555,160
5556,160
5557,160
5558,160
5559,160
5560,160
5561,160
5562,160
5563,160
5564,159
5565,159
5566,159
5567,159
5568,159
5569,159
5570,159
5571,159
5572,159
5573,159
5574,159
5575,159
5576,159
5577,159
5578,159
5579,159
5580,160
5581,160
5582,160
5583,160
5584,160
5585,160
5586,160
5587,160
5588,160
5589,160
5590,160
5591,160
5592,160
5593,160
5594,160
5595,160
5596,160
5597,160
5598,160
5599,161
5600,161
5601,161
5602,160
5603,160
5604,161
5605,161
5606,161
5607,161
5608,161
5609,161
5610,161
5611,161
5612,161
5613,161
5614,161
5615,160
5616,161
5617,161
5618,160
5619,160
5620,160
5621,160
5622,160
5623,160
5624,160
5625,160
5626,160
5627,160
5628,160
5629,160
5630,160
5631,160
5632,160
5633,160
5634,160
5635,160
5636,160
5637,160
5638,160
5639,160
5640,161
5641,160
5642,160
5643,160
5644,160
5645,160
5646,160
5647,160
5648,160
5649,160
5650,160
5651,160
5652,160
5653,160
5654,160
5655,160
5656,160
5657,160
5658,160
5659,160
5660,159
5661,160
5662,160
5663,160
5664,160
5665,160
5666,160
5667,160
5668,159
5669,160
5670,160
5671,160
5672,160
5673,160
5674,160
5675,160
5676,159
5677,159
5678,159
5679,159
5680,159
5681,159
5682,159
5683,159
5684,159
5685,159
5686,159
5687,159
5688,159
5689,159
5690,159
5691,159
5692,159
5693,159
5694,159
5695,159
5696,159
5697,159
5698,159
5699,158
5700,159
5701,158
5702,158
5703,158
5704,159
5705,158
5706,159
5707,159
5708,159
5709,159
5710,159
5711,159
5712,159
5713,159
5714,159
5715,159
5716,159
5717,159
5718,159
5719,159
5720,159
5721,159
5722,159
5723,159
5724,159
5725,159
5726,159
5727,159
5728,159
5729,159
5730,159
5731,159
5732,159
5733,159
5734,159
5735,159
5736,159
5737,159
5738,159
5739,159
5740,159
5741,159
5742,159
5743,159
5744,159
5745,159
5746,159
5747,160
5748,160
5749,160
5750,160
5751,159
5752,159
5753,159
5754,159
5755,159
5756,159
5757,159
5758,159
5759,159
5760,159
5761,159
5762,159
5763,159
5764,159
5765,159
5766,159
5767,158
5768,159
5769,158
5770,158
5771,158
5772,158
5773,157
5774,157
5775,157
5776,157
5777,157
5778,157
5779,157
5780,157
5781,157
5782,157
5783,157
5784,157
5785,157
5786,157
5787,157
5788,157
5789,157
5790,157
5791,157
5792,157
5793,157
5794,157
5795,157
5796,157
5797,157
5798,157
5799,157
5800,157
5801,157
5802,157
5803,158
5804,158
5805,158
5806,158
5807,158
5808,158
5809,159
5810,159
5811,159
5812,158
5813,158
5814,158
5815,159
5816,159
5817,159
5818,159
5819,158
5820,158
5821,158
5822,158
5823,157
5824,158
5825,158
5826,158
5827,158
5828,158
5829,158
5830,158
5831,158
5832,157
5833,157
5834,158
5835,157
5836,157
5837,157
5838,157
5839,157
5840,157
5841,157
5842,157
5843,157
5844,157
5845,157
5846,157
5847,157
5848,158
5849,157
5850,157
5851,157
5852,157
5853,157
5854,157
5855,157
5856,156
5857,156
5858,156
5859,156
5860,156
5861,156
5862,156
5863,156
5864,156
5865,156
5866,156
5867,156
5868,156
5869,156
5870,156
5871,156
5872,155
5873,155
5874,156
5875,156
5876,155
5877,155
5878,156
5879,156
5880,156
5881,156
5882,155
5883,156
5884,156
5885,156
5886,156
5887,156
5888,156
5889,156
5890,156
5891,156
5892,156
5893,156
5894,156
5895,156
5896,156
5897,156
5898,156
5899,156
5900,156
5901,156
5902,156
5903,156
5904,156
5905,156
5906,156
5907,156
5908,156
5909,156
5910,155
5911,155
5912,156
5913,156
5914,155
5915,155
5916,156
5917,156
5918,156
5919,156
5920,156
5921,155
5922,155
5923,155
5924,156
5925,156
5926,156
5927,156
5928,156
5929,156
5930,156
5931,156
5932,156
5933,156
5934,156
5935,156
5936,156
5937,156
5938,156
5939,156
5940,156
5941,156
5942,156
5943,156
5944,156
5945,156
5946,156
5947,157
5948,156
5949,156
5950,156
5951,156
5952,157
5953,156
5954,156
5955,156
5956,156
5957,156
5958,156
5959,156
5960,156
5961,156
5962,156
5963,156
5964,156
5965,156
5966,156
5967,156
5968,156
5969,157
5970,157
5971,157
5972,157
5973,157
5974,157
5975,157
5976,157
5977,157
5978,157
5979,157
5980,157
5981,157
5982,157
5983,157
5984,157
5985,157
5986,157
5987,157
5988,157
5989,157
5990,157
5991,157
5992,157
5993,157
5994,157
5995,157
5996,156
5997,156
5998,157
5999,157
6000,156
6001,156
6002,156
6003,156
6004,156
6005,156
6006,156
6007,156
6008,156
6009,156
6010,156
6011,156
6012,156
6013,156
6014,156
6015,156
6016,156
6017,156
6018,156
6019,156
6020,157
6021,157
6022,157
6023,157
6024,157
6025,157
6026,156
6027,156
6028,156
6029,156
6030,156
6031,156
6032,156
6033,156
6034,156
6035,156
6036,156
6037,156
6038,156
6039,156
6040,156
6041,156
6042,156
6043,156
6044,156
6045,156
6046,156
6047,156
6048,156
6049,156
6050,156
6051,156
6052,157
6053,157
6054,157
6055,156
6056,156
6057,156
6058,156
6059,156
6060,155
6061,156
6062,155
6063,155
6064,156
6065,156
6066,156
6067,156
6068,156
6069,156
6070,156
6071,156
6072,155
6073,155
6074,155
6075,155
6076,155
6077,155
6078,155
6079,156
6080,156
6081,155
6082,155
6083,155
6084,155
6085,155
6086,155
6087,155
6088,155
6089,155
6090,156
6091,156
6092,156
6093,155
6094,155
6095,155
6096,155
6097,155
6098,155
6099,155
6100,155
6101,156
6102,156
6103,156
6104,156
6105,156
6106,156
6107,156
6108,156
6109,156
6110,156
6111,156
6112,156
6113,156
6114,156
6115,156
6116,156
6117,156
6118,156
6119,156
6120,156
6121,156
6122,156
6123,156
6124,156
6125,156
6126,156
6127,156
6128,156
6129,156
6130,156
6131,156
6132,156
6133,156
6134,156
6135,156
6136,156
6137,156
6138,155
6139,155
6140,155
6141,155
6142,156
6143,156
6144,156
6145,156
6146,156
6147,156
6148,155
6149,155
6150,156
6151,156
6152,156
6153,156
6154,156
6155,156
6156,155
6157,156
6158,156
6159,156
6160,155
6161,155
6162,155
6163,155
6164,155
6165,155
6166,156
6167,156
6168,156
6169,156
6170,156
6171,156
6172,156
6173,156
6174,156
6175,156
6176,157
6177,157
6178,157
6179,157
6180,157
6181,157
6182,157
6183,158
6184,158
6185,158
6186,158
6187,158
6188,158
6189,158
6190,158
6191,158
6192,158
6193,158
6194,158
6195,158
6196,158
6197,158
6198,158
6199,158
6200,158
6201,158
6202,158
6203,157
6204,158
6205,158
6206,158
6207,158
6208,158
6209,158
6210,158
6211,158
6212,158
6213,158
6214,158
6215,159
6216,159
6217,159
6218,159
6219,158
6220,158
6221,158
6222,158
6223,158
6224,159
6225,159
6226,159
6227,159
6228,159
6229,158
6230,158
6231,159
6232,159
6233,159
6234,158
6235,158
6236,159
6237,158
6238,158
6239,159
6240,159
6241,159
6242,159
6243,159
6244,159
6245,159
6246,159
6247,159
6248,159
6249,159
6250,159
6251,159
6252,159
6253,159
6254,159
6255,159
6256,159
6257,159
6258,159
6259,159
6260,159
6261,159
6262,159
6263,160
6264,159
6265,159
6266,159
6267,159
6268,159
6269,159
6270,159
6271,159
6272,159
6273,159
6274,159
6275,159
6276,159
6277,159
6278,159
6279,159
6280,159
6281,159
6282,159
6283,159
6284,159
6285,159
6286,159
6287,159
6288,159
6289,160
6290,160
6291,160
6292,160
6293,160
6294,160
6295,160
6296,160
6297,160
6298,160
6299,160
6300,160
6301,160
6302,160
6303,160
6304,160
6305,160
6306,160
6307,160
6308,160
6309,160
6310,160
6311,160
6312,160
6313,160
6314,160
6315,160
6316,160
6317,160
6318,160
6319,160
6320,160
6321,160
6322,160
6323,159
6324,159
6325,159
6326,159
6327,159
6328,159
6329,159
6330,159
6331,159
6332,159
6333,159
6334,159
6335,159
6336,159
6337,159
6338,159
6339,159
6340,159
6341,159
6342,159
6343,159
6344,159
6345,159
6346,159
6347,158
6348,159
6349,158
6350,158
6351,158
6352,158
6353,158
6354,159
6355,158
6356,159
6357,159
6358,159
6359,159
6360,159
6361,159
6362,159
6363,159
6364,159
6365,159
6366,159
6367,159
6368,159
6369,159
6370,159
6371,159
6372,159
6373,159
6374,159
6375,159
6376,159
6377,159
6378,159
6379,159
6380,159
6381,159
6382,159
6383,159
6384,159
6385,159
6386,159
6387,159
6388,159
6389,159
6390,159
6391,159
6392,159
6393,159
6394,159
6395,159
6396,159
6397,159
6398,159
6399,159
6400,159
6401,159
6402,159
6403,159
6404,159
6405,159
6406,159
6407,159
6408,159
6409,159
6410,159
6411,159
6412,160
6413,159
6414,160
6415,159
6416,159
6417,159
6418,159
6419,160
6420,160
6421,160
6422,160
6423,160
6424,160
6425,160
6426,160
6427,160
6428,160
6429,160
6430,160
6431,160
6432,160
6433,160
6434,160
6435,160
6436,160
6437,160
6438,160
6439,160
6440,160
6441,160
6442,160
6443,160
6444,161
6445,161
6446,161
6447,161
6448,161
6449,161
6450,161
6451,161
6452,161
6453,160
6454,160
6455,160
6456,160
6457,160
6458,160
6459,160
6460,160
6461,160
6462,160
6463,160
6464,160
6465,160
6466,160
6467,160
6468,160
6469,160
6470,159
6471,160
6472,160
6473,160
6474,160
6475,160
6476,160
6477,160
6478,160
6479,160
6480,160
6481,160
6482,160
6483,160
6484,160
6485,160
6486,160
6487,160
6488,160
6489,160
6490,160
6491,160
6492,160
6493,161
6494,161
6495,161
6496,161
6497,161
6498,161
6499,161
6500,161
6501,161
6502,161
6503,160
6504,160
6505,161
6506,161
6507,161
6508,161
6509,161
6510,161
6511,161
6512,161
6513,161
6514,161
6515,161
6516,161
6517,161
6518,161
6519,161
6520,161
6521,161
6522,162
6523,161
6524,161
6525,161
6526,161
6527,161
6528,161
6529,161
6530,161
6531,161
6532,161
6533,161
6534,162
6535,161
6536,162
6537,161
6538,161
6539,161
6540,161
6541,161
6542,161
6543,161
6544,160
6545,160
6546,160
6547,160
6548,160
6549,160
6550,160
6551,160
6552,160
6553,160
6554,160
6555,160
6556,160
6557,160
6558,160
6559,160
6560,160
6561,160
6562,160
6563,160
6564,160
6565,160
6566,160
6567,160
6568,160
6569,160
6570,160
6571,160
6572,160
6573,160
6574,160
6575,160
6576,160
6577,160
6578,160
6579,160
6580,160
6581,161
6582,160
6583,160
6584,160
6585,160
6586,160
6587,160
6588,161
6589,161
6590,161
6591,161
6592,161
6593,161
6594,161
6595,161
6596,161
6597,160
6598,160
6599,160
6600,160
6601,160
6602,160
6603,160
6604,160
6605,160
6606,160
6607,160
6608,160
6609,160
6610,160
6611,160
6612,160
6613,160
6614,160
6615,160
6616,160
6617,161
6618,161
6619,161
6620,161
6621,161
6622,161
6623,161
6624,161
6625,160
6626,160
6627,160
6628,160
6629,160
6630,161
6631,161
6632,161
6633,161
6634,161
6635,161
6636,161
6637,161
6638,161
6639,161
6640,161
6641,161
6642,161
6643,161
6644,161
6645,161
6646,161
6647,161
6648,161
6649,161
6650,161
6651,161
6652,161
6653,162
6654,162
6655,162
6656,162
6657,162
6658,162
6659,162
6660,162
6661,162
6662,162
6663,162
6664,162
6665,162
6666,162
6667,163
6668,163
6669,163
6670,163
6671,163
6672,163
6673,162
6674,162
6675,162
6676,162
6677,162
6678,162
6679,162
6680,162
6681,162
6682,162
6683,162
6684,162
6685,162
6686,162
6687,162
6688,162
6689,162
6690,162
6691,162
6692,162
6693,162
6694,162
6695,162
6696,162
6697,162
6698,162
6699,162
6700,162
6701,163
6702,162
6703,163
6704,162
6705,162
6706,162
6707,162
6708,162
6709,162
6710,162
6711,162
6712,162
6713,162
6714,163
6715,163
6716,162
6717,163
6718,163
6719,163
6720,163
6721,164
6722,164
6723,164
6724,164
6725,163
6726,163
6727,163
6728,163
6729,163
6730,163
6731,163
6732,163
6733,163
6734,163
6735,163
6736,163
6737,163
6738,163
6739,163
6740,163
6741,163
6742,163
6743,163
6744,163
6745,163
6746,163
6747,163
6748,162
6749,163
6750,163
6751,163
6752,163
6753,163
6754,163
6755,163
6756,163
6757,163
6758,163
6759,163
6760,163
6761,163
6762,163
6763,163
6764,163
6765,163
6766,163
6767,163
6768,163
6769,163
6770,163
6771,163
6772,163
6773,163
6774,163
6775,163
6776,163
6777,163
6778,163
6779,163
6780,164
6781,164
6782,163
6783,163
6784,164
6785,163
6786,163
6787,163
6788,163
6789,164
6790,163
6791,163
6792,163
6793,163
6794,163
6795,164
6796,164
6797,164
6798,164
6799,164
6800,163
6801,163
6802,163
6803,164
6804,164
6805,164
6806,163
6807,163
6808,163
6809,163
6810,163
6811,163
6812,163
6813,163
6814,163
6815,163
6816,163
6817,163
6818,163
6819,163
6820,164
6821,164
6822,164
6823,164
6824,164
6825,163
6826,163
6827,163
6828,163
6829,163
6830,163
6831,164
6832,164
6833,164
6834,164
6835,163
6836,163
6837,163
6838,164
6839,164
6840,164
6841,164
6842,164
6843,164
6844,164
6845,164
6846,164
6847,163
6848,164
6849,163
6850,164
6851,164
6852,164
6853,164
6854,164
6855,164
6856,164
6857,164
6858,164
6859,164
6860,164
6861,164
6862,164
6863,164
6864,164
6865,164
6866,164
6867,164
6868,165
6869,165
6870,165
6871,165
6872,165
6873,165
6874,165
6875,165
6876,165
6877,165
6878,165
6879,165
6880,165
6881,165
6882,165
6883,165
6884,165
6885,165
6886,165
6887,165
6888,166
6889,165
6890,165
6891,165
6892,165
6893,165
6894,165
6895,165
6896,165
6897,165
6898,165
6899,165
6900,165
6901,165
6902,165
6903,165
6904,164
6905,165
6906,165
6907,164
6908,164
6909,164
6910,164
6911,164
6912,164
6913,164
6914,164
6915,164
6916,164
6917,164
6918,164
6919,164
6920,164
6921,164
6922,164
6923,164
6924,164
6925,164
6926,164
6927,164
6928,164
6929,164
6930,164
6931,164
6932,164
6933,164
6934,164
6935,165
6936,165
6937,164
6938,164
6939,164
6940,164
6941,164
6942,164
6943,164
6944,164
6945,164
6946,164
6947,164
6948,164
6949,164
6950,164
6951,164
6952,164
6953,164
6954,164
6955,164
6956,164
6957,164
6958,164
6959,164
6960,164
6961,164
6962,164
6963,164
6964,164
6965,164
6966,164
6967,164
6968,164
6969,164
6970,164
6971,164
6972,164
6973,164
6974,164
6975,164
6976,164
6977,164
6978,164
6979,164
6980,164
6981,164
6982,164
6983,165
6984,165
6985,165
6986,165
6987,165
6988,165
6989,165
6990,165
6991,165
6992,165
6993,164
6994,165
6995,165
6996,164
6997,165
6998,165
6999,165
7000,165
7001,165
7002,164
7003,164
7004,164
7005,164
7006,165
7007,165
7008,165
7009,165
7010,164
7011,164
7012,165
7013,164
7014,164
7015,165
7016,165
7017,165
7018,165
7019,165
7020,165
7021,165
7022,164
7023,164
7024,165
7025,165
7026,165
7027,165
7028,164
7029,164
7030,165
7031,165
7032,165
7033,165
7034,164
7035,165
7036,165
7037,165
7038,165
7039,165
7040,165
7041,165
7042,165
7043,165
7044,165
7045,165
7046,165
7047,165
7048,165
7049,165
7050,165
7051,165
7052,165
7053,165
7054,165
7055,165
7056,165
7057,165
7058,164
7059,165
7060,165
7061,165
7062,165
7063,165
7064,165
7065,165
7066,165
7067,165
7068,165
7069,165
7070,165
7071,165
7072,165
7073,165
7074,165
7075,165
7076,165
7077,165
7078,165
7079,165
7080,165
7081,165
7082,165
7083,165
7084,165
7085,165
7086,165
7087,165
7088,165
7089,165
7090,165
7091,165
7092,165
7093,165
7094,165
7095,165
7096,165
7097,165
7098,165
7099,165
7100,165
7101,165
7102,165
7103,165
7104,165
7105,165
7106,165
7107,164
7108,164
7109,164
7110,164
7111,165
7112,164
7113,164
7114,164
7115,164
7116,164
7117,164
7118,164
7119,164
7120,163
7121,164
7122,164
7123,164
7124,164
7125,164
7126,164
7127,164
7128,164
7129,164
7130,164
7131,164
7132,164
7133,164
7134,164
7135,164
7136,164
7137,164
7138,164
7139,164
7140,164
7141,164
7142,164
7143,164
7144,164
7145,164
7146,164
7147,164
7148,164
7149,164
7150,165
7151,165
7152,165
7153,165
7154,165
7155,165
7156,165
7157,164
7158,165
7159,165
7160,165
7161,165
7162,165
7163,165
7164,165
7165,165
7166,165
7167,164
7168,164
7169,165
7170,165
7171,165
7172,165
7173,165
7174,165
7175,165
7176,165
7177,165
7178,165
7179,165
7180,165
7181,165
7182,165
7183,165
7184,165
7185,165
7186,165
7187,165
7188,165
7189,165
7190,165
7191,165
7192,165
7193,165
7194,165
7195,165
7196,165
7197,165
7198,165
7199,165
7200,165
7201,165
7202,165
7203,165
7204,166
7205,166
7206,166
7207,165
7208,165
7209,165
7210,166
7211,166
7212,166
7213,166
7214,166
7215,166
7216,166
7217,166
7218,166
7219,166
7220,166
7221,166
7222,166
7223,166
7224,166
7225,166
7226,166
7227,166
7228,166
7229,166
7230,166
7231,166
7232,165
7233,166
7234,166
7235,166
7236,166
7237,166
7238,166
7239,166
7240,166
7241,166
7242,166
7243,166
7244,166
7245,166
7246,166
7247,166
7248,167
7249,167
7250,167
7251,167
7252,167
7253,167
7254,167
7255,167
7256,167
7257,168
7258,168
7259,167
7260,168
7261,168
7262,168
7263,168
7264,168
7265,168
7266,168
7267,168
7268,167
7269,167
7270,167
7271,167
7272,167
7273,167
7274,167
7275,167
7276,167
7277,167
7278,167
7279,167
7280,167
7281,167
7282,167
7283,167
7284,167
7285,167
7286,167
7287,167
7288,167
7289,167
7290,167
7291,167
7292,167
7293,167
7294,167
7295,167
7296,167
7297,167
7298,167
7299,167
7300,167
7301,167
7302,167
7303,167
7304,168
7305,167
7306,167
7307,167
7308,167
7309,167
7310,167
7311,167
7312,167
7313,167
7314,167
7315,168
7316,168
7317,168
7318,168
7319,168
7320,167
7321,167
7322,167
7323,167
7324,167
7325,167
7326,167
7327,168
7328,168
7329,168
7330,168
7331,168
7332,168
7333,168
7334,168
7335,168
7336,168
7337,168
7338,168
7339,168
7340,167
7341,167
7342,167
7343,167
7344,168
7345,168
7346,168
7347,168
7348,168
7349,168
7350,168
7351,168
7352,168
7353,168
7354,168
7355,169
7356,169
7357,169
7358,169
7359,169
7360,169
7361,169
7362,169
7363,169
7364,169
7365,169
7366,169
7367,169
7368,169
7369,169
7370,169
7371,170
7372,170
7373,170
7374,169
7375,169
7376,169
7377,169
7378,170
7379,170
7380,170
7381,170
7382,170
7383,170
7384,170
7385,171
7386,171
7387,171
7388,171
7389,171
7390,171
7391,171
7392,171
7393,171
7394,171
7395,171
7396,171
7397,171
7398,172
7399,171
7400,172
7401,172
7402,172
7403,172
7404,171
7405,171
7406,171
7407,171
7408,172
7409,172
7410,172
7411,172
7412,171
7413,171
7414,172
7415,172
7416,171
7417,171
7418,171
7419,171
7420,171
7421,171
7422,171
7423,171
7424,171
7425,171
7426,171
7427,171
7428,171
7429,171
7430,171
7431,171
7432,171
7433,172
7434,172
7435,172
7436,172
7437,171
7438,171
7439,172
7440,172
7441,172
7442,172
7443,172
7444,172
7445,172
7446,172
7447,172
7448,172
7449,172
7450,172
7451,172
7452,172
7453,172
7454,172
7455,172
7456,172
7457,172
7458,172
7459,172
7460,172
7461,173
7462,173
7463,173
7464,173
7465,173
7466,173
7467,173
7468,173
7469,173
7470,173
7471,173
7472,173
7473,173
7474,173
7475,173
7476,173
7477,173
7478,172
7479,172
7480,172
7481,173
7482,173
7483,172
7484,172
7485,172
7486,171
7487,172
7488,171
7489,172
7490,171
7491,171
7492,171
7493,172
7494,172
7495,172
7496,172
7497,172
7498,172
7499,173
7500,173
7501,173
7502,173
7503,173
7504,173
7505,172
7506,172
7507,172
7508,172
7509,171
7510,171
7511,172
7512,172
7513,172
7514,172
7515,172
7516,172
7517,172
7518,172
7519,172
7520,172
7521,172
7522,172
7523,172
7524,172
7525,172
7526,172
7527,172
7528,172
7529,172
7530,172
7531,171
7532,171
7533,171
7534,171
7535,171
7536,171
7537,172
7538,171
7539,172
7540,172
7541,172
7542,172
7543,172
7544,172
7545,172
7546,172
7547,172
7548,172
7549,172
7550,172
7551,172
7552,172
7553,172
7554,172
7555,172
7556,172
7557,172
7558,172
7559,172
7560,172
7561,172
7562,172
7563,172
7564,172
7565,172
7566,172
7567,172
7568,172
7569,172
7570,172
7571,172
7572,172
7573,172
7574,172
7575,172
7576,172
7577,172
7578,172
7579,172
7580,172
7581,172
7582,172
7583,172
7584,172
7585,172
7586,173
7587,173
7588,173
7589,173
7590,173
7591,173
7592,173
7593,172
7594,172
7595,172
7596,173
7597,173
7598,173
7599,173
7600,174
7601,174
7602,174
7603,174
7604,174
7605,174
7606,174
7607,174
7608,174
7609,175
7610,175
7611,175
7612,175
7613,175
7614,175
7615,175
7616,175
7617,175
7618,175
7619,175
7620,175
7621,175
7622,175
7623,175
7624,175
7625,175
7626,175
7627,174
7628,174
7629,174
7630,174
7631,174
7632,174
7633,173
7634,173
7635,173
7636,173
7637,173
7638,173
7639,173
7640,173
7641,173
7642,173
7643,173
7644,173
7645,173
7646,172
7647,173
7648,172
7649,172
7650,172
7651,172
7652,172
7653,173
7654,173
7655,172
7656,172
7657,172
7658,172
7659,172
7660,173
7661,172
7662,172
7663,173
7664,173
7665,173
7666,173
7667,173
7668,173
7669,173
7670,173
7671,172
7672,172
7673,172
7674,172
7675,172
7676,172
7677,172
7678,172
7679,172
7680,172
7681,172
7682,172
7683,172
7684,172
7685,172
7686,172
7687,173
7688,173
7689,173
7690,173
7691,172
7692,172
7693,172
7694,173
7695,172
7696,172
7697,172
7698,172
7699,172
7700,172
7701,172
7702,172
7703,173
7704,173
7705,172
7706,172
7707,172
7708,172
7709,172
7710,172
7711,172
7712,171
7713,172
7714,172
7715,172
7716,172
7717,172
7718,172
7719,172
7720,171
7721,172
7722,172
7723,172
7724,172
7725,172
7726,172
7727,172
7728,173
7729,173
7730,173
7731,173
7732,173
7733,173
7734,172
7735,172
7736,172
7737,172
7738,172
7739,173
7740,173
7741,173
7742,173
7743,173
7744,173
7745,173
7746,174
7747,173
7748,173
7749,173
7750,173
7751,173
7752,173
7753,173
7754,173
7755,173
7756,173
7757,173
7758,173
7759,173
7760,173
7761,173
7762,173
7763,173
7764,173
7765,173
7766,173
7767,173
7768,172
7769,172
7770,172
7771,172
7772,172
7773,172
7774,172
7775,172
7776,171
7777,172
7778,172
7779,172
7780,172
7781,172
7782,173
7783,173
7784,173
7785,173
7786,173
7787,173
7788,174
7789,174
7790,173
7791,174
7792,173
7793,174
7794,174
7795,174
7796,174
7797,174
7798,174
7799,174
7800,174
7801,175
7802,175
7803,174
7804,174
7805,174
7806,174
7807,175
7808,174
7809,174
7810,175
7811,175
7812,175
7813,175
7814,174
7815,174
7816,173
7817,173
7818,173
7819,173
7820,174
7821,173
7822,173
7823,173
7824,173
7825,173
7826,173
7827,173
7828,173
7829,173
7830,173
7831,173
7832,173
7833,173
7834,173
7835,172
7836,172
7837,172
7838,172
7839,172
7840,173
7841,172
7842,172
7843,172
7844,172
7845,172
7846,172
7847,172
7848,173
7849,173
7850,173
7851,173
7852,173
7853,174
7854,174
7855,174
7856,174
7857,174
7858,174
7859,175
7860,175
7861,175
7862,175
7863,175
7864,176
7865,176
7866,176
7867,176
7868,176
7869,176
7870,176
7871,176
7872,176
7873,176
7874,176
7875,176
7876,176
7877,176
7878,176
7879,176
7880,176
7881,176
7882,176
7883,176
7884,176
7885,175
7886,175
7887,175
7888,175
7889,175
7890,174
7891,175
7892,174
7893,174
7894,174
7895,174
7896,173
7897,173
7898,173
7899,172
7900,172
7901,173
7902,172
7903,173
7904,172
7905,173
7906,172
7907,173
7908,174
7909,174
7910,174
7911,174
7912,174
7913,175
7914,174
7915,174
7916,175
7917,174
7918,174
7919,174
7920,174
7921,174
7922,173
7923,173
7924,173
7925,174
7926,173
7927,173
7928,173
7929,173
7930,173
7931,172
7932,173
7933,173
7934,172
7935,172
7936,172
7937,171
7938,171
7939,171
7940,172
7941,172
7942,172
7943,171
7944,172
7945,172
7946,172
7947,172
7948,172
7949,172
7950,172
7951,172
7952,173
7953,172
7954,173
7955,173
7956,173
7957,173
7958,174
7959,174
7960,173
7961,173
7962,173
7963,173
7964,172
7965,172
7966,172
7967,171
7968,171
7969,171
7970,171
7971,171
7972,171
7973,171
7974,171
7975,172
7976,172
7977,171
7978,171
7979,171
7980,171
7981,172
7982,172
7983,171
7984,172
7985,172
7986,172
7987,172
7988,173
7989,173
7990,172
7991,172
7992,172
7993,173
7994,172
7995,172
7996,173
7997,173
7998,173
7999,173
8000,173
8001,173
8002,173
8003,174
8004,173
8005,173
8006,173
8007,173
8008,173
8009,174
8010,174
8011,174
8012,173
8013,173
8014,173
8015,173
8016,173
8017,174
8018,174
8019,173
8020,174
8021,174
8022,174
8023,174
8024,175
8025,175
8026,175
8027,175
8028,175
8029,176
8030,176
8031,176
8032,176
8033,176
8034,176
8035,176
8036,176
8037,176
8038,176
8039,176
8040,176
8041,176
8042,176
8043,176
8044,176
8045,176
8046,176
8047,176
8048,176
8049,176
8050,176
8051,176
8052,176
8053,176
8054,176
8055,176
8056,176
8057,176
8058,176
8059,176
8060,176
8061,176
8062,176
8063,176
8064,176
8065,177
8066,177
8067,177
8068,177
8069,177
8070,177
8071,177
8072,177
8073,177
8074,177
8075,177
8076,177
8077,177
8078,177
8079,177
8080,176
8081,176
8082,176
8083,176
8084,176
8085,176
8086,176
8087,176
8088,176
8089,176
8090,176
8091,176
8092,176
8093,176
8094,176
8095,176
8096,176
8097,177
8098,177
8099,177
8100,177
8101,177
8102,177
8103,177
8104,177
8105,177
8106,177
8107,177
8108,177
8109,177
8110,177
8111,177
8112,177
8113,177
8114,177
8115,177
8116,177
8117,177
8118,177
8119,177
8120,177
8121,177
8122,177
8123,177
8124,177
8125,177
8126,177
8127,177
8128,176
8129,176
8130,176
8131,176
8132,176
8133,176
8134,176
8135,176
8136,176
8137,175
8138,175
8139,175
8140,175
8141,175
8142,175
8143,175
8144,175
8145,175
8146,175
8147,176
8148,176
8149,176
8150,176
8151,176
8152,176
8153,176
8154,176
8155,176
8156,176
8157,176
8158,176
8159,176
8160,176
8161,177
8162,177
8163,177
8164,177
8165,177
8166,177
8167,177
8168,177
8169,177
8170,177
8171,177
8172,177
8173,177
8174,177
8175,177
8176,177
8177,177
8178,177
8179,176
8180,176
8181,176
8182,176
8183,176
8184,176
8185,176
8186,177
8187,176
8188,176
8189,176
8190,177
8191,176
8192,177
8193,177
8194,176
8195,176
8196,176
8197,176
8198,176
8199,177
8200,177
8201,177
8202,177
8203,176
8204,177
8205,177
8206,177
8207,177
8208,177
8209,177
8210,177
8211,177
8212,177
8213,177
8214,178
8215,178
8216,178
8217,178
8218,178
8219,178
8220,177
8221,177
8222,178
8223,178
8224,178
8225,178
8226,178
8227,178
8228,178
8229,178
8230,178
8231,178
8232,178
8233,178
8234,178
8235,178
8236,178
8237,178
8238,178
8239,178
8240,178
8241,178
8242,178
8243,178
8244,178
8245,178
8246,178
8247,178
8248,178
8249,178
8250,178
8251,178
8252,178
8253,178
8254,178
8255,178
8256,178
8257,178
8258,178
8259,178
8260,178
8261,178
8262,178
8263,178
8264,178
8265,178
8266,179
8267,178
8268,178
8269,178
8270,178
8271,178
8272,178
8273,178
8274,179
8275,179
8276,179
8277,179
8278,179
8279,179
8280,178
8281,178
8282,178
8283,178
8284,178
8285,178
8286,178
8287,178
8288,178
8289,178
8290,178
8291,178
8292,178
8293,178
8294,178
8295,178
8296,179
8297,179
8298,179
8299,178
8300,179
8301,178
8302,178
8303,179
8304,179
8305,179
8306,179
8307,178
8308,178
8309,178
8310,178
8311,179
8312,179
8313,179
8314,179
8315,179
8316,179
8317,179
8318,179
8319,179
8320,179
8321,179
8322,179
8323,179
8324,179
8325,179
8326,179
8327,179
8328,179
8329,179
8330,179
8331,179
8332,179
8333,180
8334,179
8335,180
8336,180
8337,180
8338,180
8339,180
8340,180
8341,180
8342,180
8343,180
8344,180
8345,180
8346,179
8347,179
8348,180
8349,180
8350,180
8351,180
8352,180
8353,180
8354,180
8355,179
8356,179
8357,179
8358,179
8359,179
8360,179
8361,179
8362,179
8363,179
8364,179
8365,179
8366,179
8367,179
8368,180
8369,180
8370,180
8371,180
8372,180
8373,180
8374,180
8375,180
8376,180
8377,180
8378,180
8379,180
8380,180
8381,179
8382,179
8383,179
8384,180
8385,180
8386,179
8387,179
8388,179
8389,180
8390,180
8391,179
8392,180
8393,180
8394,180
8395,180
8396,180
8397,180
8398,180
8399,180
8400,180
8401,181
8402,180
8403,180
8404,180
8405,180
8406,180
8407,180
8408,179
8409,179
8410,180
8411,180
8412,180
8413,180
8414,180
8415,180
8416,179
8417,179
8418,179
8419,179
8420,179
8421,179
8422,179
8423,179
8424,179
8425,179
8426,179
8427,179
8428,179
8429,180
8430,180
8431,179
8432,179
8433,179
8434,180
8435,179
8436,179
8437,179
8438,179
8439,179
8440,179
8441,179
8442,179
8443,179
8444,179
8445,179
8446,179
8447,179
8448,179
8449,179
8450,179
8451,179
8452,179
8453,178
8454,179
8455,178
8456,178
8457,178
8458,178
8459,178
8460,178
8461,178
8462,178
8463,179
8464,178
8465,178
8466,178
8467,178
8468,178
8469,178
8470,178
8471,178
8472,178
8473,178
8474,177
8475,177
8476,177
8477,177
8478,177
8479,177
8480,177
8481,176
8482,176
8483,177
8484,177
8485,177
8486,177
8487,177
8488,177
8489,177
8490,177
8491,177
8492,177
8493,177
8494,177
8495,177
8496,176
8497,176
8498,176
8499,176
8500,176
8501,176
8502,176
8503,177
8504,177
8505,177
8506,177
8507,177
8508,177
8509,177
8510,177
8511,177
8512,176
8513,176
8514,176
8515,176
8516,177
8517,177
8518,177
8519,177
8520,177
8521,178
8522,178
8523,177
8524,178
8525,178
8526,178
8527,178
8528,177
8529,178
8530,178
8531,178
8532,178
8533,178
8534,179
8535,179
8536,179
8537,179
8538,179
8539,179
8540,179
8541,179
8542,179
8543,179
8544,178
8545,179
8546,179
8547,179
8548,179
8549,179
8550,179
8551,179
8552,179
8553,179
8554,179
8555,178
8556,179
8557,179
8558,179
8559,179
8560,178
8561,179
8562,179
8563,179
8564,179
8565,179
8566,178
8567,179
8568,179
8569,179
8570,179
8571,179
8572,179
8573,179
8574,179
8575,179
8576,179
8577,179
8578,179
8579,179
8580,179
8581,178
8582,178
8583,178
8584,178
8585,178
8586,178
8587,178
8588,178
8589,178
8590,178
8591,178
8592,178
8593,178
8594,179
8595,179
8596,179
8597,178
8598,179
8599,179
8600,179
8601,179
8602,179
8603,179
8604,179
8605,179
8606,179
8607,179
8608,179
8609,179
8610,179
8611,179
8612,179
8613,179
8614,179
8615,179
8616,179
8617,179
8618,179
8619,179
8620,179
8621,179
8622,178
8623,179
8624,179
8625,179
8626,179
8627,179
8628,179
8629,179
8630,179
8631,179
8632,179
8633,179
8634,179
8635,180
8636,179
8637,180
8638,180
8639,180
8640,180
8641,180
8642,180
8643,180
8644,179
8645,180
8646,179
8647,179
8648,180
8649,180
8650,179
8651,179
8652,179
8653,179
8654,179
8655,180
8656,180
8657,180
8658,180
8659,180
8660,180
8661,180
8662,180
8663,180
8664,181
8665,181
8666,181
8667,181
8668,181
8669,181
8670,181
8671,181
8672,181
8673,181
8674,181
8675,181
8676,181
8677,181
8678,180
8679,180
8680,181
8681,181
8682,181
8683,181
8684,181
8685,180
8686,180
8687,180
8688,180
8689,180
8690,180
8691,180
8692,180
8693,180
8694,180
8695,180
8696,180
8697,180
8698,180
8699,181
8700,180
8701,180
8702,180
8703,180
8704,180
8705,180
8706,180
8707,180
8708,180
8709,180
8710,180
8711,180
8712,180
8713,180
8714,180
8715,180
8716,180
8717,180
8718,180
8719,180
8720,180
8721,180
8722,179
8723,179
8724,179
8725,179
8726,179
8727,179
8728,179
8729,179
8730,179
8731,179
8732,178
8733,178
8734,179
8735,180
8736,179
8737,179
8738,179
8739,179
8740,179
8741,179
8742,179
8743,179
8744,179
8745,179
8746,179
8747,178
8748,178
8749,178
8750,178
8751,178
8752,178
8753,179
8754,179
8755,179
8756,179
8757,179
8758,179
8759,179
8760,179
8761,179
8762,179
8763,179
8764,179
8765,179
8766,179
8767,178
8768,178
8769,178
8770,178
8771,178
8772,179
8773,179
8774,178
8775,179
8776,179
8777,178
8778,178
8779,178
8780,178
8781,178
8782,178
8783,178
8784,177
8785,177
8786,177
8787,177
8788,177
8789,177
8790,178
8791,178
8792,178
8793,178
8794,178
8795,178
8796,178
8797,178
8798,178
8799,178
8800,178
8801,178
8802,179
8803,178
8804,178
8805,178
8806,179
8807,178
8808,179
8809,179
8810,179
8811,179
8812,179
8813,179
8814,179
8815,179
8816,179
8817,179
8818,179
8819,179
8820,179
8821,179
8822,179
8823,179
8824,179
8825,179
8826,179
8827,179
8828,179
8829,179
8830,180
8831,179
8832,179
8833,180
8834,180
8835,180
8836,180
8837,180
8838,180
8839,180
8840,180
8841,180
8842,180
8843,180
8844,179
8845,180
8846,180
8847,180
8848,180
8849,180
8850,180
8851,180
8852,180
8853,180
8854,180
8855,180
8856,180
8857,180
8858,180
8859,180
8860,179
8861,179
8862,179
8863,179
8864,179
8865,180
8866,180
8867,180
8868,180
8869,179
8870,179
8871,179
8872,179
8873,179
8874,179
8875,179
8876,179
8877,179
8878,179
8879,179
8880,179
8881,179
8882,179
8883,179
8884,179
8885,179
8886,179
8887,179
8888,179
8889,179
8890,179
8891,179
8892,179
8893,179
8894,179
8895,179
8896,179
8897,179
8898,179
8899,179
8900,179
8901,179
8902,179
8903,179
8904,179
8905,179
8906,179
8907,179
8908,179
8909,180
8910,180
8911,180
8912,180
8913,179
8914,179
8915,179
8916,179
8917,179
8918,179
8919,179
8920,179
8921,179
8922,179
8923,179
8924,179
8925,179
8926,179
8927,179
8928,179
8929,179
8930,179
8931,179
8932,179
8933,179
8934,179
8935,179
8936,179
8937,178
8938,179
8939,179
8940,179
8941,179
8942,179
8943,179
8944,179
8945,178
8946,178
8947,178
8948,179
8949,179
8950,179
8951,179
8952,179
8953,179
8954,178
8955,179
8956,179
8957,179
8958,179
8959,179
8960,179
8961,179
8962,179
8963,178
8964,178
8965,178
8966,178
8967,178
8968,178
8969,178
8970,178
8971,178
8972,179
8973,178
8974,178
8975,178
8976,178
8977,178
8978,178
8979,178
8980,178
8981,178
8982,178
8983,178
8984,178
8985,178
8986,178
8987,178
8988,178
8989,178
8990,178
8991,178
8992,178
8993,178
8994,178
8995,178
8996,178
8997,178
8998,178
8999,179
9000,179
9001,179
9002,179
9003,179
9004,179
9005,179
9006,179
9007,179
9008,178
9009,178
9010,179
9011,179
9012,179
9013,178
9014,178
9015,178
9016,178
9017,179
9018,179
9019,179
9020,179
9021,179
9022,179
9023,179
9024,179
9025,179
9026,179
9027,179
9028,179
9029,179
9030,179
9031,179
9032,179
9033,179
9034,179
9035,179
9036,179
9037,179
9038,179
9039,179
9040,179
9041,179
9042,179
9043,179
9044,179
9045,179
9046,179
9047,179
9048,179
9049,179
9050,179
9051,179
9052,179
9053,179
9054,179
9055,179
9056,179
9057,179
9058,179
9059,179
9060,179
9061,179
9062,179
9063,179
9064,179
9065,179
9066,179
9067,179
9068,179
9069,179
9070,179
9071,179
9072,179
9073,178
9074,179
9075,179
9076,179
9077,179
9078,179
9079,179
9080,178
9081,179
9082,178
9083,179
9084,178
9085,178
9086,179
9087,179
9088,179
9089,179
9090,179
9091,179
9092,179
9093,179
9094,179
9095,179
9096,179
9097,178
9098,179
9099,178
9100,178
9101,178
9102,178
9103,178
9104,178
9105,179
9106,178
9107,178
9108,178
9109,178
9110,179
9111,179
9112,178
9113,178
9114,177
9115,177
9116,177
9117,177
9118,177
9119,177
9120,177
9121,177
9122,177
9123,177
9124,177
9125,177
9126,177
9127,177
9128,177
9129,177
9130,177
9131,177
9132,177
9133,177
9134,177
9135,177
9136,177
9137,177
9138,177
9139,177
9140,177
9141,178
9142,178
9143,178
9144,178
9145,178
9146,178
9147,178
9148,178
9149,178
9150,177
9151,177
9152,177
9153,177
9154,177
9155,177
9156,176
9157,177
9158,177
9159,177
9160,176
9161,177
9162,177
9163,177
9164,177
9165,177
9166,177
9167,177
9168,177
9169,177
9170,177
9171,177
9172,177
9173,177
9174,176
9175,176
9176,176
9177,176
9178,176
9179,176
9180,176
9181,176
9182,176
9183,176
9184,176
9185,176
9186,176
9187,177
9188,177
9189,177
9190,177
9191,177
9192,177
9193,177
9194,177
9195,177
9196,177
9197,177
9198,177
9199,177
9200,177
9201,177
9202,177
9203,177
9204,177
9205,177
9206,177
9207,177
9208,177
9209,177
9210,177
9211,177
9212,177
9213,177
9214,177
9215,176
9216,177
9217,177
9218,177
9219,177
9220,177
9221,177
9222,177
9223,177
9224,177
9225,177
9226,177
9227,177
9228,177
9229,177
9230,177
9231,177
9232,177
9233,177
9234,177
9235,177
9236,177
9237,177
9238,177
9239,177
9240,177
9241,177
9242,176
9243,176
9244,177
9245,176
9246,176
9247,176
9248,176
9249,176
9250,176
9251,176
9252,176
9253,176
9254,176
9255,176
9256,177
9257,177
9258,177
9259,177
9260,177
9261,177
9262,177
9263,177
9264,177
9265,177
9266,178
9267,178
9268,178
9269,178
9270,178
9271,178
9272,178
9273,178
9274,178
9275,178
9276,178
9277,178
9278,178
9279,178
9280,178
9281,178
9282,178
9283,178
9284,178
9285,178
9286,178
9287,178
9288,178
9289,178
9290,178
9291,178
9292,178
9293,178
9294,178
9295,178
9296,178
9297,177
9298,177
9299,177
9300,177
9301,177
9302,177
9303,177
9304,177
9305,176
9306,176
9307,176
9308,176
9309,177
9310,177
9311,177
9312,177
9313,177
9314,177
9315,177
9316,177
9317,177
9318,177
9319,177
9320,177
9321,177
9322,177
9323,176
9324,177
9325,177
9326,177
9327,177
9328,178
9329,177
9330,177
9331,177
9332,177
9333,177
9334,177
9335,177
9336,177
9337,177
9338,177
9339,178
9340,178
9341,178
9342,178
9343,178
9344,178
9345,178
9346,178
9347,178
9348,177
9349,178
9350,177
9351,177
9352,177
9353,177
9354,177
9355,177
9356,177
9357,177
9358,177
9359,177
9360,178
9361,178
9362,177
9363,178
9364,178
9365,178
9366,178
9367,177
9368,177
9369,177
9370,177
9371,177
9372,177
9373,177
9374,177
9375,177
9376,178
9377,177
9378,178
9379,178
9380,177
9381,177
9382,177
9383,177
9384,177
9385,177
9386,177
9387,177
9388,176
9389,176
9390,176
9391,176
9392,176
9393,176
9394,176
9395,176
9396,176
9397,177
9398,176
9399,177
9400,177
9401,177
9402,178
9403,178
9404,178
9405,178
9406,178
9407,178
9408,178
9409,179
9410,178
9411,178
9412,178
9413,178
9414,177
9415,177
9416,177
9417,178
9418,178
9419,178
9420,179
9421,179
9422,179
9423,178
9424,178
9425,178
9426,178
9427,178
9428,179
9429,178
9430,179
9431,178
9432,179
9433,179
9434,179
9435,179
9436,179
9437,179
9438,179
9439,179
9440,179
9441,179
9442,179
9443,179
9444,179
9445,179
9446,179
9447,179
9448,180
9449,180
9450,179
9451,179
9452,179
9453,179
9454,179
9455,179
9456,180
9457,180
9458,180
9459,180
9460,180
9461,180
9462,180
9463,180
9464,180
9465,180
9466,180
9467,180
9468,181
9469,180
9470,180
9471,180
9472,180
9473,180
9474,180
9475,180
9476,180
9477,180
9478,181
9479,181
9480,181
9481,180
9482,180
9483,181
9484,181
9485,181
9486,181
9487,181
9488,181
9489,181
9490,181
9491,182
9492,181
9493,181
9494,181
9495,181
9496,182
9497,182
9498,182
9499,182
9500,182
9501,182
9502,182
9503,182
9504,182
9505,182
9506,181
9507,181
9508,181
9509,181
9510,181
9511,181
9512,181
9513,182
9514,182
9515,182
9516,182
9517,182
9518,182
9519,182
9520,182
9521,182
9522,182
9523,183
9524,183
9525,183
9526,183
9527,183
9528,183
9529,183
9530,183
9531,183
9532,183
9533,183
9534,183
9535,183
9536,183
9537,183
9538,183
9539,183
9540,183
9541,183
9542,183
9543,183
9544,183
9545,183
9546,183
9547,183
9548,183
9549,183
9550,183
9551,183
9552,183
9553,183
9554,183
9555,183
9556,183
9557,183
9558,183
9559,184
9560,184
9561,184
9562,184
9563,184
9564,184
9565,184
9566,184
9567,184
9568,184
9569,184
9570,184
9571,184
9572,184
9573,184
9574,184
9575,184
9576,184
9577,184
9578,184
9579,184
9580,184
9581,184
9582,184
9583,184
9584,184
9585,184
9586,184
9587,184
9588,184
9589,184
9590,184
9591,184
9592,184
9593,184
9594,184
9595,183
9596,183
9597,184
9598,184
9599,184
9600,184
9601,183
9602,183
9603,183
9604,184
9605,184
9606,184
9607,184
9608,185
9609,185
9610,184
9611,184
9612,184
9613,184
9614,183
9615,184
9616,184
9617,184
9618,184
9619,184
9620,184
9621,184
9622,184
9623,184
9624,183
9625,183
9626,184
9627,184
9628,184
9629,184
9630,184
9631,184
9632,184
9633,184
9634,183
9635,183
9636,183
9637,183
9638,183
9639,183
9640,183
9641,183
9642,183
9643,183
9644,183
9645,182
9646,182
9647,182
9648,182
9649,182
9650,182
9651,182
9652,182
9653,183
9654,183
9655,183
9656,183
9657,183
9658,183
9659,183
9660,183
9661,183
9662,183
9663,183
9664,183
9665,182
9666,182
9667,182
9668,182
9669,182
9670,182
9671,182
9672,181
9673,181
9674,181
9675,181
9676,181
9677,181
9678,181
9679,181
9680,181
9681,181
9682,181
9683,181
9684,181
9685,181
9686,181
9687,181
9688,182
9689,182
9690,182
9691,182
9692,182
9693,182
9694,182
9695,182
9696,182
9697,182
9698,182
9699,181
9700,182
9701,182
9702,182
9703,182
9704,182
9705,182
9706,181
9707,181
9708,181
9709,181
9710,182
9711,181
9712,181
9713,181
9714,181
9715,182
9716,182
9717,182
9718,182
9719,182
9720,182
9721,182
9722,182
9723,182
9724,182
9725,182
9726,181
9727,181
9728,181
9729,181
9730,181
9731,181
9732,181
9733,181
9734,182
9735,182
9736,182
9737,182
9738,181
9739,181
9740,182
9741,182
9742,182
9743,182
9744,182
9745,181
9746,181
9747,181
9748,182
9749,182
9750,182
9751,182
9752,182
9753,182
9754,181
9755,181
9756,182
9757,181
9758,181
9759,181
9760,181
9761,181
9762,181
9763,181
9764,181
9765,181
9766,181
9767,182
9768,182
9769,182
9770,181
9771,181
9772,181
9773,181
9774,181
9775,181
9776,182
9777,182
9778,182
9779,182
9780,182
9781,181
9782,181
9783,181
9784,181
9785,181
9786,181
9787,181
9788,181
9789,181
9790,181
9791,181
9792,181
9793,181
9794,181
9795,181
9796,181
9797,180
9798,180
9799,181
9800,181
9801,181
9802,181
9803,181
9804,181
9805,181
9806,181
9807,181
9808,181
9809,181
9810,182
9811,181
9812,182
9813,182
9814,181
9815,181
9816,181
9817,181
9818,181
9819,182
9820,182
9821,181
9822,182
9823,182
9824,182
9825,182
9826,182
9827,182
9828,182
9829,182
9830,182
9831,182
9832,181
9833,181
9834,181
9835,181
9836,181
9837,181
9838,181
9839,181
9840,181
9841,180
9842,180
9843,180
9844,181
9845,181
9846,180
9847,181
9848,181
9849,181
9850,181
9851,181
9852,181
9853,181
9854,181
9855,180
9856,181
9857,181
9858,180
9859,180
9860,180
9861,180
9862,180
9863,180
9864,180
9865,180
9866,181
9867,180
9868,180
9869,180
9870,180
9871,181
9872,181
9873,181
9874,181
9875,181
9876,181
9877,181
9878,180
9879,180
9880,181
9881,181
9882,181
9883,181
9884,181
9885,181
9886,181
9887,181
9888,181
9889,181
9890,181
9891,181
9892,181
9893,180
9894,180
9895,181
9896,181
9897,181
9898,181
9899,181
9900,181
9901,181
9902,181
9903,181
9904,181
9905,181
9906,181
9907,181
9908,181
9909,181
9910,181
9911,182
9912,181
9913,181
9914,181
9915,182
9916,182
9917,182
9918,182
9919,182
9920,181
9921,181
9922,181
9923,182
9924,182
9925,182
9926,181
9927,181
9928,181
9929,181
9930,181
9931,181
9932,181
9933,181
9934,181
9935,180
9936,180
9937,181
9938,181
9939,181
9940,181
9941,181
9942,181
9943,181
9944,181
9945,181
9946,180
9947,181
9948,180
9949,180
9950,180
9951,180
9952,180
9953,180
9954,180
9955,180
9956,181
9957,180
9958,181
9959,180
9960,180
9961,180
9962,180
9963,180
9964,180
9965,180
9966,181
9967,182
9968,181
9969,181
9970,181
9971,181
9972,182
9973,182
9974,182
9975,182
9976,182
9977,182
9978,182
9979,183
9980,182
9981,182
9982,182
9983,181
9984,181
9985,181
9986,181
9987,182
9988,182
9989,182
9990,182
9991,182
9992,183
9993,183
9994,182
9995,182
9996,182
9997,182
9998,182
9999,182
