0,150
1,150
2,150
3,150
4,150
5,149
6,149
7,149
8,150
9,150
10,149
11,150
12,149
13,150
14,149
15,149
16,149
17,150
18,149
19,149
20,149
21,149
22,149
23,149
24,149
25,149
26,149
27,149
28,149
29,149
30,149
31,149
32,148
33,148
34,148
35,148
36,148
37,148
38,148
39,148
40,148
41,148
42,149
43,149
44,149
45,148
46,148
47,148
48,148
49,148
50,149
51,149
52,149
53,148
54,149
55,148
56,148
57,148
58,148
59,147
60,147
61,147
62,147
63,148
64,148
65,148
66,148
67,148
68,148
69,148
70,148
71,149
72,149
73,149
74,148
75,148
76,148
77,148
78,147
79,147
80,147
81,147
82,147
83,148
84,148
85,148
86,147
87,147
88,147
89,147
90,147
91,147
92,147
93,147
94,147
95,147
96,147
97,147
98,146
99,146
100,146
101,146
102,146
103,146
104,146
105,146
106,146
107,146
108,146
109,146
110,146
111,146
112,146
113,146
114,146
115,146
116,146
117,146
118,146
119,146
120,146
121,146
122,146
123,146
124,146
125,146
126,146
127,146
128,146
129,146
130,146
131,146
132,146
133,146
134,146
135,146
136,146
137,146
138,146
139,145
140,146
141,146
142,146
143,146
144,145
145,145
146,146
147,146
148,146
149,145
150,146
151,145
152,145
153,145
154,146
155,146
156,146
157,146
158,146
159,146
160,146
161,146
162,146
163,146
164,146
165,146
166,146
167,145
168,145
169,145
170,145
171,145
172,145
173,145
174,145
175,145
176,145
177,145
178,145
179,145
180,145
181,145
182,145
183,145
184,145
185,145
186,144
187,144
188,144
189,144
190,144
191,144
192,144
193,144
194,144
195,144
196,144
197,144
198,144
199,144
200,144
201,144
202,144
203,144
204,144
205,144
206,144
207,144
208,144
209,144
210,144
211,144
212,144
213,144
214,144
215,144
216,144
217,144
218,144
219,145
220,145
221,145
222,145
223,144
224,145
225,145
226,144
227,144
228,144
229,145
230,145
231,145
232,145
233,145
234,145
235,145
236,145
237,145
238,145
239,146
240,146
241,146
242,146
243,146
244,146
245,146
246,146
247,146
248,145
249,145
250,145
251,146
252,146
253,146
254,146
255,146
256,146
257,146
258,146
259,146
260,146
261,146
262,146
263,145
264,145
265,146
266,146
267,145
268,145
269,145
270,145
271,145
272,146
273,146
274,145
275,146
276,146
277,146
278,146
279,146
280,146
281,146
282,146
283,146
284,146
285,146
286,146
287,146
288,146
289,146
290,146
291,146
292,145
293,145
294,146
295,146
296,145
297,145
298,145
299,145
300,145
301,145
302,145
303,145
304,145
305,145
306,145
307,145
308,145
309,145
310,145
311,145
312,145
313,145
314,145
315,145
316,145
317,145
318,145
319,145
320,145
321,145
322,145
323,145
324,145
325,145
326,145
327,145
328,145
329,145
330,144
331,144
332,145
333,145
334,145
335,145
336,145
337,145
338,145
339,145
340,145
341,145
342,144
343,145
344,144
345,144
346,144
347,144
348,144
349,144
350,144
351,144
352,144
353,144
354,144
355,144
356,144
357,144
358,144
359,144
360,144
361,144
362,144
363,144
364,144
365,144
366,144
367,144
368,144
369,143
370,143
371,143
372,142
373,142
374,142
375,142
376,142
377,142
378,142
379,142
380,142
381,142
382,142
383,142
384,142
385,142
386,142
387,142
388,142
389,142
390,142
391,142
392,142
393,143
394,143
395,143
396,143
397,143
398,143
399,143
400,143
401,143
402,142
403,142
404,142
405,142
406,142
407,142
408,142
409,143
410,143
411,143
412,142
413,143
414,143
415,143
416,143
417,143
418,143
419,143
420,142
421,142
422,142
423,142
424,142
425,142
426,142
427,142
428,142
429,142
430,142
431,142
432,142
433,142
434,142
435,142
436,142
437,142
438,142
439,142
440,142
441,141
442,141
443,142
444,142
445,142
446,142
447,142
448,142
449,142
450,142
451,142
452,142
453,142
454,142
455,141
456,142
457,141
458,141
459,142
460,142
461,141
462,141
463,141
464,141
465,141
466,141
467,141
468,141
469,142
470,142
471,142
472,142
473,142
474,141
475,141
476,141
477,141
478,141
479,141
480,141
481,141
482,141
483,141
484,141
485,141
486,141
487,141
488,141
489,141
490,141
491,141
492,141
493,141
494,141
495,140
496,140
497,140
498,140
499,140
500,140
501,140
502,140
503,140
504,140
505,140
506,140
507,140
508,141
509,141
510,141
511,141
512,140
513,140
514,140
515,140
516,140
517,140
518,140
519,140
520,140
521,140
522,140
523,140
524,140
525,140
526,140
527,140
528,140
529,140
530,140
531,140
532,140
533,140
534,140
535,141
536,140
537,141
538,140
539,140
540,140
541,140
542,140
543,140
544,140
545,140
546,141
547,141
548,141
549,141
550,141
551,141
552,141
553,140
554,140
555,140
556,140
557,140
558,140
559,140
560,140
561,140
562,140
563,140
564,140
565,140
566,140
567,140
568,140
569,140
570,140
571,140
572,140
573,140
574,140
575,140
576,140
577,140
578,140
579,140
580,140
581,140
582,140
583,140
584,139
585,140
586,140
587,140
588,140
589,140
590,140
591,140
592,140
593,140
594,140
595,139
596,139
597,139
598,139
599,140
600,140
601,140
602,140
603,140
604,140
605,139
606,140
607,140
608,140
609,140
610,139
611,139
612,140
613,140
614,140
615,140
616,140
617,140
618,140
619,140
620,140
621,140
622,140
623,140
624,140
625,140
626,139
627,140
628,140
629,140
630,140
631,140
632,140
633,140
634,139
635,140
636,140
637,140
638,140
639,140
640,140
641,140
642,139
643,139
644,139
645,139
646,139
647,139
648,139
649,139
650,139
651,139
652,139
653,139
654,139
655,139
656,139
657,139
658,139
659,139
660,139
661,139
662,139
663,139
664,139
665,139
666,139
667,138
668,138
669,138
670,138
671,138
672,138
673,138
674,138
675,138
676,139
677,139
678,139
679,139
680,139
681,139
682,139
683,139
684,139
685,139
686,139
687,139
688,139
689,139
690,139
691,139
692,139
693,139
694,139
695,139
696,139
697,139
698,139
699,139
700,140
701,139
702,139
703,139
704,139
705,139
706,139
707,139
708,139
709,139
710,139
711,139
712,139
713,139
714,139
715,139
716,139
717,139
718,138
719,138
720,138
721,138
722,139
723,139
724,139
725,138
726,139
727,139
728,139
729,139
730,139
731,139
732,139
733,139
734,139
735,139
736,139
737,139
738,139
739,139
740,139
741,139
742,139
743,139
744,139
745,139
746,139
747,139
748,139
749,139
750,139
751,139
752,139
753,139
754,138
755,138
756,139
757,139
758,139
759,138
760,138
761,138
762,138
763,138
764,138
765,138
766,138
767,138
768,138
769,138
770,138
771,138
772,137
773,137
774,138
775,138
776,138
777,138
778,138
779,138
780,138
781,138
782,138
783,138
784,138
785,138
786,137
787,137
788,137
789,137
790,137
791,137
792,137
793,138
794,137
795,138
796,138
797,138
798,138
799,138
800,137
801,137
802,137
803,137
804,138
805,138
806,138
807,138
808,138
809,138
810,138
811,138
812,138
813,138
814,137
815,137
816,137
817,137
818,137
819,137
820,137
821,137
822,137
823,137
824,137
825,137
826,137
827,137
828,137
829,137
830,137
831,137
832,137
833,137
834,136
835,136
836,136
837,136
838,136
839,136
840,135
841,135
842,135
843,134
844,135
845,134
846,134
847,134
848,135
849,134
850,135
851,135
852,135
853,134
854,134
855,134
856,135
857,134
858,134
859,134
860,134
861,134
862,134
863,134
864,134
865,135
866,135
867,135
868,135
869,135
870,134
871,135
872,134
873,134
874,134
875,134
876,134
877,134
878,134
879,134
880,135
881,134
882,135
883,135
884,135
885,135
886,135
887,135
888,135
889,134
890,134
891,134
892,134
893,134
894,134
895,134
896,134
897,134
898,134
899,134
900,134
901,134
902,134
903,134
904,134
905,134
906,134
907,134
908,134
909,135
910,135
911,135
912,135
913,135
914,134
915,135
916,135
917,135
918,134
919,135
920,134
921,134
922,134
923,134
924,134
925,134
926,135
927,135
928,135
929,135
930,134
931,134
932,134
933,134
934,134
935,133
936,133
937,133
938,133
939,132
940,132
941,133
942,132
943,132
944,132
945,132
946,132
947,132
948,132
949,132
950,132
951,132
952,131
953,131
954,131
955,131
956,132
957,132
958,132
959,131
960,132
961,132
962,132
963,132
964,132
965,132
966,132
967,132
968,132
969,131
970,132
971,132
972,132
973,132
974,132
975,132
976,132
977,132
978,132
979,132
980,132
981,132
982,132
983,132
984,133
985,132
986,132
987,132
988,132
989,132
990,132
991,132
992,132
993,131
994,132
995,132
996,132
997,132
998,133
999,133
1000,133
1001,133
1002,133
1003,133
1004,133
1005,133
1006,133
1007,133
1008,133
1009,133
1010,133
1011,133
1012,133
1013,133
1014,133
1015,133
1016,132
1017,132
1018,133
1019,133
1020,133
1021,133
1022,133
1023,133
1024,133
1025,133
1026,133
1027,133
1028,133
1029,133
1030,133
1031,133
1032,133
1033,133
1034,133
1035,133
1036,133
1037,133
1038,133
1039,133
1040,133
1041,133
1042,133
1043,133
1044,133
1045,133
1046,133
1047,133
1048,133
1049,133
1050,133
1051,133
1052,133
1053,133
1054,133
1055,133
1056,133
1057,133
1058,133
1059,132
1060,132
1061,133
1062,133
1063,133
1064,133
1065,133
1066,133
1067,133
1068,132
1069,132
1070,133
1071,133
1072,133
1073,133
1074,133
1075,132
1076,133
1077,133
1078,133
1079,133
1080,133
1081,133
1082,133
1083,133
1084,132
1085,133
1086,133
1087,133
1088,133
1089,133
1090,133
1091,133
1092,133
1093,133
1094,133
1095,133
1096,133
1097,133
1098,133
1099,133
1100,133
1101,133
1102,133
1103,133
1104,133
1105,133
1106,133
1107,133
1108,133
1109,133
1110,133
1111,133
1112,133
1113,133
1114,133
1115,133
1116,133
1117,133
1118,133
1119,133
1120,133
1121,132
1122,133
1123,132
1124,132
1125,132
1126,132
1127,132
1128,132
1129,132
1130,132
1131,132
1132,132
1133,132
1134,132
1135,133
1136,133
1137,133
1138,133
1139,133
1140,132
1141,132
1142,132
1143,133
1144,132
1145,133
1146,133
1147,133
1148,133
1149,132
1150,132
1151,132
1152,132
1153,133
1154,132
1155,133
1156,132
1157,133
1158,132
1159,132
1160,132
1161,132
1162,132
1163,132
1164,132
1165,132
1166,132
1167,132
1168,132
1169,132
1170,132
1171,132
1172,132
1173,132
1174,132
1175,132
1176,132
1177,132
1178,133
1179,133
1180,133
1181,133
1182,133
1183,133
1184,133
1185,133
1186,133
1187,133
1188,133
1189,133
1190,133
1191,133
1192,133
1193,133
1194,133
1195,133
1196,133
1197,133
1198,133
1199,133
1200,133
1201,134
1202,133
1203,134
1204,134
1205,134
1206,134
1207,134
1208,134
1209,134
1210,134
1211,134
1212,134
1213,134
1214,134
1215,134
1216,134
1217,134
1218,134
1219,134
1220,134
1221,134
1222,134
1223,134
1224,134
1225,134
1226,134
1227,134
1228,134
1229,134
1230,134
1231,134
1232,134
1233,134
1234,134
1235,134
1236,134
1237,134
1238,134
1239,134
1240,134
1241,134
1242,134
1243,134
1244,134
1245,134
1246,134
1247,134
1248,134
1249,134
1250,134
1251,134
1252,134
1253,134
1254,134
1255,134
1256,133
1257,133
1258,133
1259,133
1260,133
1261,133
1262,133
1263,133
1264,133
1265,133
1266,132
1267,133
1268,133
1269,133
1270,133
1271,132
1272,133
1273,133
1274,133
1275,133
1276,132
1277,132
1278,132
1279,132
1280,132
1281,132
1282,132
1283,131
1284,132
1285,131
1286,132
1287,132
1288,132
1289,131
1290,131
1291,131
1292,131
1293,132
1294,132
1295,131
1296,131
1297,132
1298,132
1299,132
1300,132
1301,132
1302,133
1303,133
1304,133
1305,133
1306,133
1307,133
1308,133
1309,133
1310,133
1311,133
1312,133
1313,133
1314,132
1315,132
1316,132
1317,133
1318,132
1319,132
1320,132
1321,133
1322,133
1323,133
1324,133
1325,133
1326,133
1327,133
1328,133
1329,133
1330,133
1331,133
1332,133
1333,133
1334,133
1335,133
1336,133
1337,133
1338,133
1339,133
1340,133
1341,134
1342,134
1343,133
1344,134
1345,134
1346,134
1347,134
1348,134
1349,134
1350,135
1351,135
1352,135
1353,135
1354,134
1355,134
1356,134
1357,134
1358,134
1359,134
1360,134
1361,134
1362,134
1363,134
1364,134
1365,134
1366,134
1367,134
1368,134
1369,134
1370,134
1371,134
1372,134
1373,133
1374,133
1375,133
1376,133
1377,133
1378,133
1379,133
1380,133
1381,133
1382,133
1383,133
1384,133
1385,133
1386,133
1387,133
1388,133
1389,133
1390,133
1391,133
1392,133
1393,134
1394,134
1395,134
1396,134
1397,134
1398,134
1399,134
1400,134
1401,134
1402,134
1403,134
1404,134
1405,134
1406,134
1407,134
1408,134
1409,134
1410,134
1411,134
1412,134
1413,134
1414,134
1415,134
1416,134
1417,134
1418,133
1419,133
1420,133
1421,133
1422,134
1423,134
1424,134
1425,134
1426,134
1427,134
1428,134
1429,134
1430,134
1431,135
1432,135
1433,135
1434,135
1435,135
1436,135
1437,135
1438,135
1439,135
1440,135
1441,135
1442,135
1443,135
1444,135
1445,135
1446,135
1447,135
1448,135
1449,134
1450,135
1451,135
1452,134
1453,135
1454,134
1455,134
1456,135
1457,135
1458,135
1459,135
1460,135
1461,135
1462,135
1463,135
1464,135
1465,134
1466,135
1467,135
1468,135
1469,135
1470,134
1471,135
1472,134
1473,135
1474,134
1475,134
1476,134
1477,134
1478,134
1479,134
1480,134
1481,135
1482,134
1483,134
1484,134
1485,134
1486,134
1487,135
1488,134
1489,134
1490,134
1491,134
1492,134
1493,134
1494,134
1495,134
1496,134
1497,134
1498,134
1499,134
1500,134
1501,135
1502,135
1503,135
1504,135
1505,135
1506,136
1507,135
1508,135
1509,135
1510,135
1511,135
1512,135
1513,135
1514,135
1515,135
1516,134
1517,134
1518,134
1519,135
1520,135
1521,135
1522,135
1523,135
1524,135
1525,135
1526,135
1527,136
1528,136
1529,136
1530,136
1531,136
1532,137
1533,136
1534,136
1535,136
1536,136
1537,136
1538,136
1539,136
1540,136
1541,136
1542,136
1543,136
1544,136
1545,136
1546,136
1547,136
1548,136
1549,136
1550,136
1551,136
1552,136
1553,136
1554,136
1555,135
1556,135
1557,136
1558,136
1559,136
1560,136
1561,135
1562,136
1563,136
1564,136
1565,136
1566,136
1567,136
1568,136
1569,136
1570,136
1571,136
1572,136
1573,136
1574,136
1575,136
1576,136
1577,136
1578,136
1579,136
1580,135
1581,135
1582,136
1583,136
1584,136
1585,136
1586,136
1587,136
1588,136
1589,136
1590,136
1591,136
1592,136
1593,136
1594,136
1595,136
1596,136
1597,136
1598,136
1599,136
1600,136
1601,137
1602,137
1603,137
1604,137
1605,137
1606,137
1607,137
1608,137
1609,138
1610,137
1611,137
1612,137
1613,138
1614,137
1615,137
1616,137
1617,137
1618,137
1619,137
1620,137
1621,137
1622,137
1623,136
1624,136
1625,136
1626,137
1627,136
1628,137
1629,137
1630,137
1631,137
1632,137
1633,137
1634,137
1635,137
1636,137
1637,137
1638,137
1639,137
1640,138
1641,138
1642,137
1643,137
1644,137
1645,137
1646,137
1647,137
1648,137
1649,138
1650,138
1651,138
1652,138
1653,138
1654,138
1655,137
1656,138
1657,138
1658,138
1659,138
1660,138
1661,138
1662,138
1663,138
1664,138
1665,139
1666,138
1667,137
1668,137
1669,137
1670,137
1671,137
1672,137
1673,137
1674,138
1675,138
1676,137
1677,137
1678,137
1679,137
1680,138
1681,137
1682,137
1683,137
1684,137
1685,137
1686,137
1687,137
1688,137
1689,137
1690,137
1691,137
1692,137
1693,137
1694,137
1695,137
1696,137
1697,138
1698,138
1699,138
1700,138
1701,138
1702,138
1703,138
1704,138
1705,138
1706,138
1707,138
1708,138
1709,138
1710,138
1711,138
1712,138
1713,138
1714,138
1715,138
1716,137
1717,137
1718,137
1719,137
1720,137
1721,136
1722,136
1723,136
1724,136
1725,135
1726,135
1727,136
1728,136
1729,136
1730,136
1731,136
1732,136
1733,136
1734,136
1735,136
1736,136
1737,137
1738,137
1739,137
1740,137
1741,136
1742,136
1743,137
1744,137
1745,137
1746,137
1747,137
1748,137
1749,137
1750,137
1751,137
1752,137
1753,137
1754,137
1755,137
1756,137
1757,137
1758,136
1759,136
1760,136
1761,136
1762,137
1763,137
1764,136
1765,136
1766,136
1767,136
1768,136
1769,136
1770,136
1771,136
1772,136
1773,136
1774,136
1775,136
1776,136
1777,136
1778,136
1779,136
1780,136
1781,136
1782,136
1783,136
1784,135
1785,135
1786,135
1787,135
1788,135
1789,136
1790,136
1791,136
1792,137
1793,137
1794,136
1795,137
1796,137
1797,137
1798,137
1799,138
1800,138
1801,138
1802,138
1803,137
1804,138
1805,138
1806,137
1807,137
1808,137
1809,137
1810,136
1811,136
1812,136
1813,136
1814,136
1815,136
1816,135
1817,135
1818,135
1819,135
1820,136
1821,135
1822,135
1823,134
1824,134
1825,135
1826,135
1827,135
1828,135
1829,135
1830,135
1831,135
1832,135
1833,135
1834,135
1835,135
1836,136
1837,136
1838,135
1839,135
1840,136
1841,136
1842,136
1843,136
1844,136
1845,136
1846,136
1847,136
1848,135
1849,136
1850,136
1851,136
1852,136
1853,136
1854,136
1855,136
1856,136
1857,136
1858,136
1859,136
1860,136
1861,136
1862,136
1863,136
1864,136
1865,135
1866,135
1867,135
1868,135
1869,134
1870,134
1871,135
1872,135
1873,135
1874,135
1875,135
1876,135
1877,135
1878,135
1879,135
1880,135
1881,135
1882,135
1883,135
1884,135
1885,136
1886,136
1887,136
1888,136
1889,136
1890,136
1891,136
1892,136
1893,136
1894,136
1895,136
1896,135
1897,135
1898,135
1899,135
1900,135
1901,135
1902,135
1903,135
1904,135
1905,135
1906,136
1907,135
1908,135
1909,135
1910,135
1911,135
1912,135
1913,135
1914,135
1915,136
1916,136
1917,136
1918,136
1919,137
1920,137
1921,136
1922,137
1923,137
1924,137
1925,137
1926,137
1927,137
1928,137
1929,137
1930,137
1931,138
1932,137
1933,137
1934,137
1935,137
1936,136
1937,137
1938,137
1939,137
1940,137
1941,137
1942,137
1943,137
1944,137
1945,138
1946,138
1947,138
1948,137
1949,138
1950,137
1951,137
1952,137
1953,137
1954,138
1955,138
1956,138
1957,138
1958,138
1959,138
1960,138
1961,138
1962,138
1963,139
1964,139
1965,138
1966,138
1967,138
1968,138
1969,138
1970,138
1971,138
1972,138
1973,138
1974,139
1975,138
1976,138
1977,137
1978,137
1979,137
1980,137
1981,137
1982,137
1983,137
1984,137
1985,137
1986,137
1987,137
1988,137
1989,137
1990,136
1991,136
1992,136
1993,136
1994,137
1995,137
1996,137
1997,137
1998,137
1999,137
2000,137
2001,137
2002,137
2003,137
2004,137
2005,137
2006,137
2007,137
2008,137
2009,137
2010,137
2011,136
2012,136
2013,136
2014,136
2015,136
2016,136
2017,136
2018,136
2019,136
2020,136
2021,136
2022,136
2023,135
2024,135
2025,135
2026,135
2027,135
2028,135
2029,135
2030,135
2031,135
2032,135
2033,135
2034,135
2035,135
2036,135
2037,136
2038,136
2039,137
2040,137
2041,137
2042,137
2043,137
2044,137
2045,137
2046,137
2047,137
2048,137
2049,137
2050,137
2051,137
2052,137
2053,137
2054,137
2055,137
2056,137
2057,137
2058,137
2059,137
2060,137
2061,137
2062,138
2063,138
2064,137
2065,138
2066,138
2067,138
2068,138
2069,138
2070,138
2071,138
2072,138
2073,138
2074,138
2075,138
2076,138
2077,137
2078,137
2079,137
2080,137
2081,137
2082,137
2083,137
2084,137
2085,137
2086,137
2087,137
2088,137
2089,137
2090,137
2091,138
2092,138
2093,138
2094,138
2095,138
2096,138
2097,138
2098,138
2099,138
2100,138
2101,138
2102,138
2103,138
2104,138
2105,138
2106,138
2107,138
2108,138
2109,138
2110,137
2111,137
2112,137
2113,137
2114,137
2115,137
2116,137
2117,137
2118,137
2119,137
2120,137
2121,136
2122,137
2123,137
2124,137
2125,137
2126,137
2127,137
2128,137
2129,137
2130,137
2131,137
2132,137
2133,137
2134,137
2135,137
2136,137
2137,136
2138,136
2139,136
2140,136
2141,136
2142,136
2143,136
2144,136
2145,136
2146,136
2147,136
2148,136
2149,136
2150,136
2151,136
2152,136
2153,136
2154,136
2155,136
2156,136
2157,136
2158,136
2159,136
2160,136
2161,136
2162,136
2163,137
2164,137
2165,137
2166,137
2167,137
2168,137
2169,137
2170,136
2171,136
2172,136
2173,136
2174,136
2175,136
2176,136
2177,136
2178,136
2179,137
2180,137
2181,137
2182,137
2183,137
2184,137
2185,137
2186,137
2187,137
2188,137
2189,137
2190,137
2191,137
2192,137
2193,137
2194,137
2195,137
2196,137
2197,137
2198,137
2199,137
2200,137
2201,137
2202,137
2203,137
2204,137
2205,137
2206,137
2207,137
2208,137
2209,137
2210,137
2211,136
2212,137
2213,137
2214,137
2215,137
2216,137
2217,137
2218,137
2219,137
2220,137
2221,137
2222,137
2223,137
2224,137
2225,137
2226,137
2227,136
2228,136
2229,136
2230,137
2231,137
2232,137
2233,137
2234,136
2235,136
2236,136
2237,136
2238,137
2239,136
2240,136
2241,137
2242,137
2243,137
2244,137
2245,137
2246,137
2247,137
2248,137
2249,137
2250,137
2251,137
2252,137
2253,137
2254,137
2255,136
2256,136
2257,136
2258,136
2259,136
2260,136
2261,136
2262,136
2263,137
2264,137
2265,136
2266,136
2267,136
2268,136
2269,136
2270,136
2271,136
2272,136
2273,136
2274,137
2275,136
2276,136
2277,136
2278,136
2279,137
2280,136
2281,137
2282,136
2283,136
2284,136
2285,136
2286,136
2287,136
2288,137
2289,137
2290,136
2291,136
2292,137
2293,137
2294,137
2295,137
2296,137
2297,137
2298,137
2299,137
2300,138
2301,138
2302,138
2303,138
2304,138
2305,138
2306,138
2307,138
2308,138
2309,138
2310,138
2311,138
2312,138
2313,138
2314,138
2315,138
2316,138
2317,138
2318,138
2319,138
2320,138
2321,138
2322,138
2323,138
2324,138
2325,138
2326,137
2327,137
2328,137
2329,138
2330,138
2331,139
2332,139
2333,139
2334,139
2335,138
2336,138
2337,138
2338,139
2339,138
2340,138
2341,138
2342,138
2343,138
2344,138
2345,138
2346,138
2347,137
2348,137
2349,136
2350,136
2351,136
2352,136
2353,136
2354,136
2355,136
2356,136
2357,136
2358,136
2359,136
2360,135
2361,136
2362,136
2363,136
2364,136
2365,136
2366,136
2367,136
2368,136
2369,136
2370,136
2371,136
2372,136
2373,136
2374,136
2375,137
2376,137
2377,136
2378,136
2379,136
2380,136
2381,136
2382,136
2383,137
2384,136
2385,136
2386,137
2387,137
2388,137
2389,137
2390,137
2391,138
2392,137
2393,137
2394,137
2395,137
2396,138
2397,137
2398,137
2399,137
2400,138
2401,138
2402,137
2403,137
2404,137
2405,137
2406,138
2407,138
2408,138
2409,138
2410,138
2411,138
2412,138
2413,138
2414,138
2415,138
2416,138
2417,138
2418,137
2419,137
2420,137
2421,137
2422,137
2423,137
2424,137
2425,137
2426,137
2427,137
2428,137
2429,137
2430,137
2431,136
2432,136
2433,136
2434,137
2435,137
2436,136
2437,136
2438,136
2439,136
2440,136
2441,136
2442,136
2443,136
2444,136
2445,136
2446,136
2447,136
2448,136
2449,136
2450,137
2451,137
2452,136
2453,137
2454,137
2455,137
2456,136
2457,136
2458,136
2459,135
2460,135
2461,136
2462,135
2463,135
2464,135
2465,135
2466,135
2467,135
2468,135
2469,135
2470,135
2471,135
2472,135
2473,135
2474,135
2475,135
2476,136
2477,135
2478,135
2479,135
2480,135
2481,135
2482,136
2483,136
2484,136
2485,136
2486,136
2487,136
2488,136
2489,136
2490,136
2491,136
2492,137
2493,137
2494,136
2495,137
2496,137
2497,137
2498,137
2499,136
2500,137
2501,137
2502,137
2503,137
2504,137
2505,137
2506,137
2507,137
2508,137
2509,136
2510,136
2511,136
2512,136
2513,136
2514,136
2515,136
2516,136
2517,136
2518,136
2519,136
2520,136
2521,136
2522,136
2523,136
2524,136
2525,136
2526,136
2527,136
2528,136
2529,136
2530,136
2531,136
2532,136
2533,135
2534,135
2535,135
2536,135
2537,135
2538,135
2539,135
2540,135
2541,135
2542,135
2543,135
2544,135
2545,135
2546,135
2547,135
2548,135
2549,135
2550,135
2551,135
2552,135
2553,135
2554,135
2555,135
2556,135
2557,135
2558,135
2559,135
2560,135
2561,135
2562,135
2563,135
2564,135
2565,135
2566,135
2567,135
2568,134
2569,135
2570,135
2571,135
2572,135
2573,135
2574,135
2575,135
2576,135
2577,135
2578,135
2579,135
2580,135
2581,135
2582,136
2583,136
2584,136
2585,136
2586,136
2587,137
2588,137
2589,137
2590,137
2591,137
2592,137
2593,137
2594,137
2595,136
2596,137
2597,137
2598,137
2599,137
2600,137
2601,137
2602,137
2603,137
2604,137
2605,137
2606,137
2607,137
2608,137
2609,137
2610,137
2611,136
2612,137
2613,137
2614,137
2615,137
2616,137
2617,136
2618,136
2619,136
2620,136
2621,136
2622,136
2623,136
2624,137
2625,136
2626,137
2627,137
2628,137
2629,136
2630,136
2631,136
2632,136
2633,136
2634,136
2635,136
2636,136
2637,136
2638,136
2639,137
2640,137
2641,137
2642,137
2643,137
2644,137
2645,137
2646,137
2647,137
2648,137
2649,137
2650,137
2651,137
2652,137
2653,137
2654,137
2655,137
2656,137
2657,137
2658,137
2659,136
2660,136
2661,136
2662,136
2663,136
2664,136
2665,137
2666,137
2667,137
2668,137
2669,137
2670,137
2671,137
2672,137
2673,136
2674,136
2675,136
2676,137
2677,137
2678,137
2679,137
2680,137
2681,136
2682,136
2683,136
2684,136
2685,137
2686,137
2687,137
2688,137
2689,137
2690,137
2691,137
2692,137
2693,137
2694,137
2695,137
2696,137
2697,136
2698,136
2699,136
2700,136
2701,136
2702,136
2703,136
2704,136
2705,136
2706,137
2707,137
2708,137
2709,137
2710,137
2711,137
2712,137
2713,137
2714,137
2715,137
2716,137
2717,137
2718,137
2719,137
2720,137
2721,137
2722,136
2723,137
2724,136
2725,136
2726,136
2727,137
2728,137
2729,137
2730,137
2731,136
2732,136
2733,136
2734,136
2735,136
2736,137
2737,137
2738,137
2739,137
2740,137
2741,137
2742,137
2743,137
2744,137
2745,137
2746,137
2747,137
2748,137
2749,137
2750,137
2751,137
2752,137
2753,137
2754,137
2755,136
2756,137
2757,136
2758,137
2759,137
2760,137
2761,137
2762,137
2763,137
2764,137
2765,137
2766,137
2767,137
2768,137
2769,137
2770,137
2771,137
2772,137
2773,137
2774,137
2775,137
2776,137
2777,136
2778,136
2779,137
2780,137
2781,137
2782,137
2783,137
2784,137
2785,137
2786,137
2787,137
2788,137
2789,137
2790,137
2791,137
2792,137
2793,137
2794,137
2795,137
2796,137
2797,137
2798,137
2799,137
2800,136
2801,136
2802,136
2803,137
2804,137
2805,137
2806,137
2807,137
2808,137
2809,137
2810,137
2811,137
2812,137
2813,137
2814,137
2815,137
2816,137
2817,137
2818,137
2819,137
2820,137
2821,137
2822,138
2823,138
2824,138
2825,138
2826,138
2827,138
2828,138
2829,138
2830,138
2831,138
2832,138
2833,138
2834,138
2835,138
2836,138
2837,138
2838,138
2839,138
2840,138
2841,138
2842,138
2843,138
2844,138
2845,138
2846,138
2847,138
2848,138
2849,139
2850,139
2851,139
2852,139
2853,139
2854,138
2855,138
2856,138
2857,138
2858,138
2859,138
2860,138
2861,138
2862,138
2863,138
2864,138
2865,138
2866,138
2867,138
2868,138
2869,138
2870,138
2871,138
2872,137
2873,138
2874,138
2875,138
2876,138
2877,138
2878,138
2879,138
2880,138
2881,138
2882,138
2883,138
2884,138
2885,138
2886,138
2887,138
2888,139
2889,139
2890,138
2891,138
2892,138
2893,139
2894,139
2895,139
2896,139
2897,138
2898,138
2899,138
2900,138
2901,138
2902,138
2903,138
2904,138
2905,138
2906,138
2907,138
2908,138
2909,138
2910,138
2911,138
2912,138
2913,138
2914,137
2915,138
2916,138
2917,138
2918,138
2919,138
2920,138
2921,138
2922,138
2923,139
2924,139
2925,139
2926,139
2927,139
2928,139
2929,139
2930,138
2931,139
2932,139
2933,139
2934,138
2935,138
2936,138
2937,138
2938,138
2939,138
2940,138
2941,138
2942,138
2943,138
2944,138
2945,138
2946,138
2947,138
2948,138
2949,138
2950,138
2951,138
2952,138
2953,138
2954,138
2955,138
2956,138
2957,138
2958,138
2959,138
2960,138
2961,137
2962,138
2963,138
2964,138
2965,138
2966,137
2967,137
2968,137
2969,137
2970,137
2971,137
2972,137
2973,137
2974,137
2975,137
2976,137
2977,137
2978,137
2979,137
2980,137
2981,138
2982,138
2983,138
2984,138
2985,138
2986,138
2987,138
2988,138
2989,138
2990,138
2991,138
2992,138
2993,138
2994,138
2995,138
2996,138
2997,138
2998,138
2999,138
3000,138
3001,138
3002,138
3003,139
3004,139
3005,139
3006,139
3007,139
3008,139
3009,138
3010,138
3011,139
3012,139
3013,139
3014,139
3015,138
3016,139
3017,139
3018,139
3019,139
3020,139
3021,139
3022,139
3023,138
3024,138
3025,138
3026,138
3027,139
3028,138
3029,138
3030,138
3031,139
3032,138
3033,138
3034,138
3035,138
3036,138
3037,139
3038,138
3039,139
3040,138
3041,138
3042,138
3043,139
3044,139
3045,139
3046,138
3047,139
3048,139
3049,139
3050,139
3051,139
3052,139
3053,139
3054,139
3055,139
3056,139
3057,139
3058,139
3059,139
3060,139
3061,139
3062,139
3063,140
3064,140
3065,140
3066,140
3067,139
3068,140
3069,139
3070,139
3071,139
3072,139
3073,139
3074,139
3075,139
3076,139
3077,139
3078,139
3079,139
3080,139
3081,139
3082,139
3083,139
3084,139
3085,139
3086,139
3087,139
3088,139
3089,139
3090,139
3091,139
3092,138
3093,139
3094,139
3095,139
3096,139
3097,139
3098,139
3099,139
3100,139
3101,139
3102,139
3103,139
3104,139
3105,139
3106,139
3107,139
3108,139
3109,139
3110,140
3111,139
3112,139
3113,139
3114,139
3115,139
3116,139
3117,140
3118,140
3119,140
3120,140
3121,140
3122,140
3123,140
3124,140
3125,140
3126,140
3127,140
3128,140
3129,140
3130,140
3131,140
3132,140
3133,140
3134,140
3135,139
3136,139
3137,139
3138,139
3139,139
3140,139
3141,140
3142,140
3143,140
3144,140
3145,140
3146,140
3147,140
3148,140
3149,140
3150,140
3151,140
3152,140
3153,140
3154,140
3155,139
3156,140
3157,140
3158,140
3159,140
3160,140
3161,140
3162,140
3163,140
3164,140
3165,140
3166,140
3167,140
3168,140
3169,140
3170,140
3171,139
3172,139
3173,140
3174,140
3175,140
3176,140
3177,140
3178,140
3179,141
3180,141
3181,141
3182,140
3183,140
3184,141
3185,141
3186,140
3187,140
3188,140
3189,140
3190,140
3191,140
3192,140
3193,140
3194,140
3195,141
3196,141
3197,141
3198,141
3199,140
3200,141
3201,141
3202,141
3203,141
3204,141
3205,141
3206,141
3207,140
3208,141
3209,141
3210,141
3211,141
3212,141
3213,141
3214,141
3215,141
3216,141
3217,141
3218,140
3219,141
3220,141
3221,141
3222,141
3223,141
3224,141
3225,141
3226,141
3227,141
3228,141
3229,141
3230,141
3231,141
3232,142
3233,141
3234,141
3235,142
3236,142
3237,142
3238,142
3239,142
3240,142
3241,142
3242,142
3243,142
3244,142
3245,142
3246,142
3247,142
3248,142
3249,142
3250,142
3251,142
3252,142
3253,142
3254,142
3255,142
3256,142
3257,142
3258,142
3259,142
3260,142
3261,142
3262,142
3263,142
3264,141
3265,141
3266,142
3267,142
3268,142
3269,141
3270,141
3271,142
3272,141
3273,141
3274,142
3275,141
3276,141
3277,142
3278,142
3279,142
3280,141
3281,141
3282,141
3283,141
3284,141
3285,141
3286,141
3287,141
3288,141
3289,141
3290,141
3291,141
3292,141
3293,141
3294,141
3295,141
3296,141
3297,141
3298,141
3299,141
3300,141
3301,141
3302,141
3303,141
3304,141
3305,141
3306,141
3307,141
3308,141
3309,141
3310,141
3311,141
3312,141
3313,141
3314,141
3315,141
3316,141
3317,140
3318,140
3319,141
3320,141
3321,141
3322,141
3323,141
3324,141
3325,141
3326,141
3327,141
3328,141
3329,141
3330,141
3331,141
3332,141
3333,141
3334,141
3335,141
3336,141
3337,141
3338,141
3339,141
3340,141
3341,141
3342,141
3343,141
3344,141
3345,141
3346,141
3347,141
3348,141
3349,141
3350,141
3351,141
3352,141
3353,141
3354,142
3355,142
3356,142
3357,142
3358,142
3359,142
3360,141
3361,141
3362,142
3363,142
3364,142
3365,142
3366,142
3367,142
3368,142
3369,142
3370,142
3371,142
3372,142
3373,142
3374,142
3375,142
3376,142
3377,141
3378,141
3379,141
3380,141
3381,142
3382,142
3383,142
3384,142
3385,142
3386,142
3387,142
3388,142
3389,142
3390,142
3391,142
3392,142
3393,142
3394,142
3395,142
3396,142
3397,142
3398,142
3399,142
3400,142
3401,142
3402,142
3403,142
3404,142
3405,142
3406,142
3407,142
3408,142
3409,142
3410,142
3411,142
3412,142
3413,142
3414,142
3415,142
3416,142
3417,142
3418,142
3419,142
3420,142
3421,143
3422,143
3423,143
3424,142
3425,142
3426,143
3427,142
3428,142
3429,142
3430,143
3431,143
3432,143
3433,143
3434,143
3435,142
3436,142
3437,142
3438,142
3439,142
3440,143
3441,143
3442,143
3443,143
3444,143
3445,143
3446,143
3447,143
3448,142
3449,142
3450,142
3451,142
3452,143
3453,143
3454,143
3455,142
3456,142
3457,142
3458,143
3459,142
3460,142
3461,142
3462,143
3463,142
3464,143
3465,142
3466,142
3467,143
3468,143
3469,143
3470,143
3471,143
3472,143
3473,143
3474,143
3475,143
3476,143
3477,143
3478,143
3479,143
3480,143
3481,143
3482,143
3483,143
3484,143
3485,143
3486,143
3487,143
3488,143
3489,143
3490,143
3491,143
3492,143
3493,143
3494,143
3495,143
3496,143
3497,143
3498,143
3499,143
3500,144
3501,144
3502,144
3503,144
3504,144
3505,144
3506,144
3507,143
3508,143
3509,143
3510,143
3511,144
3512,144
3513,144
3514,144
3515,144
3516,144
3517,144
3518,144
3519,144
3520,143
3521,144
3522,144
3523,144
3524,144
3525,144
3526,144
3527,144
3528,144
3529,144
3530,144
3531,144
3532,144
3533,144
3534,144
3535,144
3536,144
3537,145
3538,145
3539,145
3540,145
3541,145
3542,145
3543,145
3544,144
3545,145
3546,145
3547,144
3548,145
3549,145
3550,145
3551,145
3552,145
3553,144
3554,144
3555,144
3556,144
3557,144
3558,144
3559,144
3560,144
3561,144
3562,143
3563,143
3564,144
3565,144
3566,143
3567,143
3568,143
3569,143
3570,143
3571,143
3572,143
3573,143
3574,143
3575,144
3576,144
3577,144
3578,144
3579,144
3580,144
3581,144
3582,144
3583,144
3584,144
3585,144
3586,145
3587,145
3588,145
3589,145
3590,145
3591,145
3592,145
3593,145
3594,145
3595,145
3596,145
3597,145
3598,145
3599,145
3600,145
3601,144
3602,145
3603,145
3604,145
3605,145
3606,145
3607,145
3608,145
3609,145
3610,145
3611,145
3612,145
3613,146
3614,146
3615,146
3616,146
3617,146
3618,146
3619,146
3620,146
3621,146
3622,146
3623,146
3624,146
3625,146
3626,146
3627,146
3628,146
3629,146
3630,146
3631,146
3632,146
3633,146
3634,146
3635,146
3636,146
3637,146
3638,146
3639,146
3640,146
3641,146
3642,146
3643,146
3644,146
3645,146
3646,146
3647,145
3648,145
3649,145
3650,145
3651,145
3652,145
3653,145
3654,145
3655,145
3656,145
3657,145
3658,145
3659,145
3660,145
3661,145
3662,145
3663,145
3664,145
3665,145
3666,145
3667,145
3668,145
3669,145
3670,145
3671,145
3672,145
3673,145
3674,145
3675,145
3676,145
3677,145
3678,145
3679,145
3680,145
3681,145
3682,146
3683,146
3684,145
3685,145
3686,145
3687,145
3688,145
3689,145
3690,145
3691,145
3692,145
3693,145
3694,145
3695,145
3696,146
3697,146
3698,146
3699,146
3700,146
3701,146
3702,146
3703,146
3704,146
3705,146
3706,146
3707,146
3708,146
3709,146
3710,146
3711,146
3712,145
3713,146
3714,146
3715,146
3716,146
3717,146
3718,146
3719,146
3720,146
3721,146
3722,146
3723,146
3724,147
3725,147
3726,147
3727,146
3728,146
3729,146
3730,146
3731,146
3732,146
3733,146
3734,146
3735,146
3736,146
3737,146
3738,146
3739,146
3740,146
3741,146
3742,147
3743,147
3744,147
3745,147
3746,147
3747,147
3748,147
3749,147
3750,147
3751,147
3752,147
3753,147
3754,147
3755,147
3756,148
3757,148
3758,148
3759,148
3760,148
3761,148
3762,148
3763,148
3764,148
3765,148
3766,148
3767,148
3768,147
3769,147
3770,147
3771,148
3772,147
3773,148
3774,148
3775,148
3776,148
3777,148
3778,148
3779,148
3780,148
3781,147
3782,147
3783,147
3784,148
3785,147
3786,147
3787,147
3788,147
3789,147
3790,148
3791,148
3792,148
3793,148
3794,148
3795,148
3796,148
3797,148
3798,148
3799,148
3800,148
3801,148
3802,148
3803,148
3804,148
3805,148
3806,148
3807,148
3808,148
3809,148
3810,148
3811,148
3812,148
3813,148
3814,148
3815,148
3816,148
3817,148
3818,148
3819,149
3820,149
3821,149
3822,149
3823,149
3824,149
3825,149
3826,149
3827,149
3828,149
3829,148
3830,148
3831,148
3832,148
3833,148
3834,148
3835,148
3836,148
3837,148
3838,148
3839,148
3840,149
3841,149
3842,148
3843,148
3844,148
3845,148
3846,148
3847,148
3848,149
3849,148
3850,149
3851,149
3852,149
3853,149
3854,148
3855,148
3856,148
3857,149
3858,149
3859,149
3860,149
3861,149
3862,149
3863,149
3864,149
3865,149
3866,149
3867,149
3868,149
3869,149
3870,149
3871,149
3872,148
3873,149
3874,149
3875,149
3876,149
3877,149
3878,149
3879,148
3880,149
3881,149
3882,149
3883,149
3884,148
3885,149
3886,149
3887,149
3888,149
3889,149
3890,149
3891,150
3892,150
3893,150
3894,150
3895,150
3896,150
3897,150
3898,150
3899,150
3900,150
3901,149
3902,149
3903,149
3904,150
3905,150
3906,150
3907,150
3908,150
3909,150
3910,150
3911,150
3912,150
3913,150
3914,150
3915,150
3916,150
3917,150
3918,150
3919,150
3920,150
3921,150
3922,150
3923,150
3924,150
3925,150
3926,150
3927,150
3928,150
3929,150
3930,150
3931,150
3932,150
3933,150
3934,150
3935,150
3936,150
3937,150
3938,150
3939,150
3940,150
3941,150
3942,150
3943,150
3944,150
3945,150
3946,150
3947,150
3948,150
3949,149
3950,149
3951,150
3952,150
3953,150
3954,150
3955,150
3956,150
3957,150
3958,150
3959,150
3960,150
3961,151
3962,151
3963,151
3964,151
3965,151
3966,151
3967,151
3968,151
3969,151
3970,150
3971,150
3972,150
3973,151
3974,151
3975,151
3976,151
3977,151
3978,151
3979,151
3980,150
3981,151
3982,151
3983,151
3984,151
3985,151
3986,151
3987,151
3988,151
3989,151
3990,151
3991,151
3992,151
3993,151
3994,151
3995,151
3996,152
3997,152
3998,152
3999,152
4000,152
4001,152
4002,152
4003,151
4004,151
4005,151
4006,152
4007,151
4008,151
4009,151
4010,152
4011,152
4012,152
4013,152
4014,152
4015,152
4016,152
4017,152
4018,152
4019,152
4020,151
4021,152
4022,151
4023,152
4024,152
4025,152
4026,152
4027,152
4028,152
4029,152
4030,152
4031,152
4032,152
4033,152
4034,152
4035,152
4036,152
4037,152
4038,152
4039,152
4040,153
4041,153
4042,153
4043,153
4044,153
4045,153
4046,152
4047,152
4048,152
4049,153
4050,153
4051,152
4052,152
4053,152
4054,152
4055,152
4056,152
4057,152
4058,153
4059,153
4060,153
4061,153
4062,153
4063,153
4064,153
4065,153
4066,154
4067,154
4068,154
4069,153
4070,153
4071,153
4072,153
4073,153
4074,153
4075,153
4076,153
4077,153
4078,153
4079,153
4080,153
4081,153
4082,153
4083,153
4084,153
4085,153
4086,153
4087,153
4088,153
4089,153
4090,153
4091,153
4092,153
4093,154
4094,153
4095,153
4096,153
4097,153
4098,154
4099,154
4100,154
4101,153
4102,153
4103,153
4104,153
4105,154
4106,154
4107,154
4108,154
4109,154
4110,154
4111,154
4112,154
4113,154
4114,153
4115,153
4116,154
4117,153
4118,153
4119,153
4120,153
4121,153
4122,153
4123,153
4124,153
4125,152
4126,152
4127,152
4128,152
4129,153
4130,153
4131,153
4132,153
4133,153
4134,153
4135,153
4136,153
4137,153
4138,153
4139,154
4140,153
4141,153
4142,153
4143,153
4144,153
4145,153
4146,153
4147,153
4148,153
4149,153
4150,153
4151,153
4152,152
4153,152
4154,153
4155,153
4156,153
4157,153
4158,153
4159,153
4160,153
4161,153
4162,153
4163,153
4164,153
4165,153
4166,153
4167,153
4168,153
4169,153
4170,153
4171,153
4172,153
4173,153
4174,153
4175,153
4176,153
4177,153
4178,153
4179,154
4180,153
4181,154
4182,153
4183,153
4184,154
4185,154
4186,154
4187,153
4188,153
4189,153
4190,153
4191,153
4192,153
4193,153
4194,153
4195,153
4196,153
4197,153
4198,153
4199,153
4200,153
4201,153
4202,154
4203,154
4204,153
4205,153
4206,153
4207,153
4208,153
4209,153
4210,153
4211,153
4212,153
4213,153
4214,153
4215,153
4216,153
4217,153
4218,152
4219,152
4220,153
4221,154
4222,153
4223,154
4224,154
4225,154
4226,154
4227,154
4228,154
4229,154
4230,155
4231,155
4232,155
4233,155
4234,155
4235,155
4236,155
4237,155
4238,154
4239,154
4240,154
4241,154
4242,155
4243,155
4244,155
4245,155
4246,155
4247,155
4248,155
4249,155
4250,155
4251,155
4252,155
4253,155
4254,155
4255,155
4256,155
4257,155
4258,155
4259,155
4260,155
4261,155
4262,155
4263,155
4264,155
4265,155
4266,155
4267,155
4268,155
4269,156
4270,156
4271,156
4272,156
4273,156
4274,156
4275,156
4276,156
4277,156
4278,156
4279,156
4280,156
4281,156
4282,156
4283,156
4284,156
4285,156
4286,156
4287,156
4288,156
4289,156
4290,156
4291,156
4292,156
4293,156
4294,156
4295,156
4296,156
4297,156
4298,157
4299,156
4300,156
4301,156
4302,156
4303,156
4304,156
4305,156
4306,156
4307,156
4308,156
4309,156
4310,156
4311,156
4312,156
4313,156
4314,156
4315,156
4316,155
4317,155
4318,155
4319,155
4320,156
4321,156
4322,156
4323,156
4324,156
4325,156
4326,157
4327,157
4328,157
4329,157
4330,157
4331,156
4332,156
4333,156
4334,156
4335,157
4336,156
4337,155
4338,156
4339,156
4340,156
4341,156
4342,157
4343,157
4344,157
4345,157
4346,157
4347,157
4348,157
4349,157
4350,157
4351,157
4352,157
4353,157
4354,157
4355,157
4356,157
4357,157
4358,157
4359,157
4360,157
4361,157
4362,157
4363,157
4364,157
4365,157
4366,157
4367,157
4368,157
4369,157
4370,157
4371,157
4372,157
4373,157
4374,158
4375,158
4376,157
4377,157
4378,157
4379,157
4380,156
4381,157
4382,157
4383,156
4384,156
4385,156
4386,156
4387,156
4388,156
4389,156
4390,157
4391,157
4392,156
4393,156
4394,157
4395,156
4396,157
4397,157
4398,157
4399,157
4400,157
4401,156
4402,156
4403,156
4404,156
4405,156
4406,157
4407,157
4408,157
4409,157
4410,157
4411,157
4412,157
4413,157
4414,157
4415,157
4416,157
4417,157
4418,157
4419,157
4420,157
4421,157
4422,156
4423,156
4424,156
4425,157
4426,156
4427,156
4428,157
4429,157
4430,157
4431,157
4432,157
4433,157
4434,157
4435,157
4436,157
4437,157
4438,157
4439,157
4440,157
4441,156
4442,156
4443,156
4444,157
4445,157
4446,157
4447,157
4448,157
4449,157
4450,157
4451,158
4452,157
4453,157
4454,158
4455,158
4456,158
4457,158
4458,157
4459,158
4460,158
4461,158
4462,158
4463,158
4464,158
4465,158
4466,158
4467,158
4468,158
4469,159
4470,159
4471,159
4472,158
4473,159
4474,159
4475,159
4476,159
4477,159
4478,159
4479,158
4480,158
4481,158
4482,158
4483,159
4484,159
4485,159
4486,159
4487,159
4488,159
4489,159
4490,158
4491,158
4492,158
4493,158
4494,158
4495,158
4496,158
4497,158
4498,158
4499,158
4500,158
4501,158
4502,158
4503,158
4504,159
4505,158
4506,159
4507,159
4508,159
4509,158
4510,159
4511,159
4512,159
4513,159
4514,159
4515,158
4516,158
4517,159
4518,159
4519,159
4520,159
4521,159
4522,159
4523,159
4524,160
4525,159
4526,159
4527,159
4528,160
4529,160
4530,160
4531,160
4532,160
4533,160
4534,160
4535,159
4536,159
4537,160
4538,160
4539,160
4540,160
4541,160
4542,160
4543,160
4544,160
4545,160
4546,160
4547,160
4548,160
4549,160
4550,160
4551,160
4552,160
4553,160
4554,160
4555,160
4556,160
4557,160
4558,161
4559,161
4560,161
4561,160
4562,160
4563,160
4564,160
4565,160
4566,160
4567,160
4568,160
4569,160
4570,160
4571,160
4572,161
4573,160
4574,161
4575,161
4576,161
4577,161
4578,161
4579,161
4580,160
4581,160
4582,161
4583,161
4584,161
4585,161
4586,160
4587,160
4588,160
4589,160
4590,160
4591,160
4592,160
4593,160
4594,160
4595,160
4596,160
4597,160
4598,160
4599,160
4600,160
4601,160
4602,160
4603,160
4604,160
4605,160
4606,160
4607,160
4608,160
4609,160
4610,159
4611,159
4612,159
4613,159
4614,159
4615,159
4616,159
4617,159
4618,159
4619,159
4620,160
4621,160
4622,160
4623,160
4624,160
4625,160
4626,161
4627,161
4628,161
4629,161
4630,161
4631,161
4632,161
4633,161
4634,161
4635,161
4636,161
4637,161
4638,161
4639,161
4640,161
4641,161
4642,161
4643,161
4644,161
4645,161
4646,161
4647,161
4648,161
4649,161
4650,161
4651,161
4652,161
4653,161
4654,161
4655,161
4656,161
4657,161
4658,161
4659,161
4660,161
4661,161
4662,161
4663,161
4664,161
4665,161
4666,161
4667,160
4668,161
4669,161
4670,161
4671,160
4672,160
4673,160
4674,160
4675,160
4676,160
4677,160
4678,160
4679,160
4680,160
4681,160
4682,160
4683,160
4684,160
4685,161
4686,161
4687,161
4688,161
4689,160
4690,160
4691,161
4692,161
4693,161
4694,161
4695,161
4696,161
4697,160
4698,160
4699,160
4700,160
4701,160
4702,160
4703,160
4704,160
4705,160
4706,160
4707,160
4708,161
4709,161
4710,161
4711,161
4712,161
4713,161
4714,161
4715,161
4716,160
4717,160
4718,161
4719,161
4720,160
4721,161
4722,161
4723,161
4724,161
4725,161
4726,161
4727,161
4728,161
4729,161
4730,161
4731,161
4732,161
4733,161
4734,161
4735,161
4736,161
4737,161
4738,161
4739,161
4740,161
4741,161
4742,161
4743,160
4744,160
4745,160
4746,160
4747,160
4748,160
4749,160
4750,160
4751,160
4752,160
4753,161
4754,160
4755,160
4756,160
4757,160
4758,160
4759,160
4760,160
4761,160
4762,160
4763,160
4764,160
4765,160
4766,160
4767,160
4768,160
4769,160
4770,160
4771,160
4772,160
4773,160
4774,160
4775,160
4776,159
4777,159
4778,159
4779,159
4780,159
4781,159
4782,159
4783,159
4784,159
4785,159
4786,158
4787,158
4788,158
4789,158
4790,159
4791,159
4792,159
4793,159
4794,159
4795,159
4796,159
4797,159
4798,159
4799,159
4800,159
4801,159
4802,159
4803,159
4804,159
4805,159
4806,159
4807,159
4808,159
4809,159
4810,159
4811,159
4812,159
4813,159
4814,159
4815,159
4816,159
4817,159
4818,159
4819,159
4820,159
4821,159
4822,159
4823,159
4824,159
4825,159
4826,159
4827,159
4828,159
4829,159
4830,158
4831,159
4832,159
4833,159
4834,159
4835,159
4836,158
4837,158
4838,158
4839,158
4840,158
4841,158
4842,158
4843,158
4844,158
4845,158
4846,158
4847,157
4848,157
4849,157
4850,157
4851,157
4852,157
4853,157
4854,157
4855,157
4856,157
4857,157
4858,156
4859,156
4860,157
4861,156
4862,156
4863,156
4864,156
4865,156
4866,157
4867,156
4868,156
4869,156
4870,156
4871,156
4872,156
4873,156
4874,156
4875,156
4876,156
4877,156
4878,156
4879,156
4880,156
4881,157
4882,157
4883,157
4884,157
4885,157
4886,156
4887,156
4888,156
4889,156
4890,156
4891,156
4892,156
4893,157
4894,157
4895,157
4896,157
4897,157
4898,157
4899,157
4900,157
4901,157
4902,157
4903,157
4904,157
4905,157
4906,157
4907,157
4908,157
4909,157
4910,157
4911,157
4912,157
4913,157
4914,157
4915,157
4916,157
4917,158
4918,158
4919,158
4920,158
4921,158
4922,158
4923,159
4924,159
4925,159
4926,159
4927,159
4928,159
4929,159
4930,159
4931,159
4932,158
4933,158
4934,159
4935,158
4936,158
4937,159
4938,159
4939,159
4940,159
4941,159
4942,159
4943,159
4944,158
4945,159
4946,159
4947,158
4948,159
4949,159
4950,159
4951,159
4952,159
4953,159
4954,159
4955,159
4956,159
4957,159
4958,159
4959,159
4960,158
4961,158
4962,158
4963,158
4964,159
4965,159
4966,158
4967,159
4968,158
4969,158
4970,158
4971,158
4972,158
4973,158
4974,158
4975,159
4976,159
4977,159
4978,159
4979,159
4980,159
4981,159
4982,159
4983,159
4984,159
4985,159
4986,159
4987,159
4988,159
4989,159
4990,159
4991,159
4992,159
4993,159
4994,158
4995,158
4996,158
4997,158
4998,158
4999,158
5000,158
5001,158
5002,158
5003,158
5004,158
5005,158
5006,159
5007,159
5008,159
5009,159
5010,159
5011,158
5012,159
5013,159
5014,159
5015,159
5016,159
5017,158
5018,159
5019,159
5020,159
5021,159
5022,159
5023,158
5024,158
5025,159
5026,159
5027,158
5028,159
5029,159
5030,159
5031,159
5032,159
5033,159
5034,158
5035,158
5036,158
5037,158
5038,158
5039,158
5040,158
5041,158
5042,158
5043,158
5044,158
5045,158
5046,158
5047,158
5048,158
5049,158
5050,158
5051,158
5052,157
5053,157
5054,157
5055,157
5056,157
5057,157
5058,156
5059,156
5060,156
5061,156
5062,156
5063,156
5064,155
5065,156
5066,156
5067,156
5068,156
5069,156
5070,156
5071,156
5072,156
5073,155
5074,155
5075,155
5076,155
5077,155
5078,155
5079,155
5080,155
5081,155
5082,155
5083,155
5084,155
5085,155
5086,155
5087,155
5088,156
5089,156
5090,155
5091,155
5092,155
5093,156
5094,156
5095,156
5096,156
5097,156
5098,156
5099,156
5100,156
5101,156
5102,156
5103,156
5104,156
5105,156
5106,157
5107,156
5108,157
5109,157
5110,157
5111,157
5112,156
5113,156
5114,157
5115,157
5116,157
5117,157
5118,157
5119,157
5120,157
5121,157
5122,156
5123,156
5124,156
5125,156
5126,156
5127,156
5128,156
5129,156
5130,157
5131,156
5132,156
5133,156
5134,156
5135,156
5136,157
5137,156
5138,156
5139,156
5140,156
5141,156
5142,156
5143,156
5144,156
5145,156
5146,156
5147,157
5148,157
5149,157
5150,157
5151,157
5152,157
5153,157
5154,157
5155,156
5156,156
5157,156
5158,156
5159,156
5160,156
5161,156
5162,156
5163,156
5164,156
5165,156
5166,156
5167,156
5168,156
5169,156
5170,156
5171,156
5172,156
5173,156
5174,157
5175,157
5176,157
5177,157
5178,157
5179,157
5180,157
5181,157
5182,157
5183,157
5184,157
5185,157
5186,157
5187,157
5188,157
5189,157
5190,157
5191,157
5192,157
5193,158
5194,157
5195,157
5196,158
5197,158
5198,157
5199,158
5200,158
5201,157
5202,158
5203,158
5204,158
5205,158
5206,158
5207,159
5208,159
5209,159
5210,159
5211,159
5212,160
5213,160
5214,159
5215,160
5216,159
5217,160
5218,159
5219,160
5220,160
5221,160
5222,160
5223,160
5224,160
5225,160
5226,160
5227,160
5228,160
5229,160
5230,161
5231,160
5232,161
5233,161
5234,161
5235,161
5236,161
5237,161
5238,161
5239,161
5240,161
5241,161
5242,161
5243,161
5244,161
5245,161
5246,161
5247,161
5248,161
5249,160
5250,160
5251,160
5252,160
5253,160
5254,160
5255,160
5256,160
5257,161
5258,161
5259,161
5260,161
5261,161
5262,161
5263,161
5264,161
5265,160
5266,160
5267,160
5268,160
5269,160
5270,160
5271,160
5272,160
5273,160
5274,160
5275,160
5276,160
5277,160
5278,160
5279,160
5280,160
5281,160
5282,160
5283,160
5284,160
5285,160
5286,160
5287,160
5288,160
5289,160
5290,160
5291,160
5292,160
5293,160
5294,160
5295,160
5296,160
5297,160
5298,160
5299,159
5300,159
5301,160
5302,160
5303,159
5304,160
5305,159
5306,159
5307,160
5308,160
5309,160
5310,160
5311,160
5312,159
5313,160
5314,160
5315,160
5316,160
5317,160
5318,160
5319,160
5320,160
5321,160
5322,160
5323,160
5324,160
5325,160
5326,160
5327,160
5328,160
5329,160
5330,160
5331,160
5332,160
5333,160
5334,160
5335,161
5336,160
5337,160
5338,160
5339,161
5340,160
5341,161
5342,160
5343,160
5344,160
5345,161
5346,161
5347,160
5348,160
5349,161
5350,161
5351,161
5352,161
5353,161
5354,161
5355,161
5356,161
5357,161
5358,161
5359,161
5360,161
5361,161
5362,161
5363,161
5364,161
5365,161
5366,161
5367,161
5368,161
5369,161
5370,161
5371,161
5372,161
5373,161
5374,161
5375,161
5376,162
5377,162
5378,162
5379,162
5380,162
5381,162
5382,162
5383,162
5384,162
5385,162
5386,162
5387,162
5388,162
5389,162
5390,163
5391,162
5392,162
5393,163
5394,163
5395,162
5396,163
5397,163
5398,162
5399,162
5400,162
5401,162
5402,162
5403,162
5404,162
5405,162
5406,162
5407,162
5408,162
5409,162
5410,162
5411,162
5412,161
5413,162
5414,162
5415,162
5416,162
5417,162
5418,161
5419,161
5420,161
5421,161
5422,162
5423,162
5424,162
5425,161
5426,162
5427,162
5428,162
5429,162
5430,162
5431,162
5432,162
5433,162
5434,162
5435,162
5436,162
5437,162
5438,162
5439,163
5440,163
5441,163
5442,163
5443,162
5444,162
5445,162
5446,162
5447,162
5448,162
5449,162
5450,162
5451,162
5452,161
5453,162
5454,162
5455,161
5456,161
5457,161
5458,162
5459,162
5460,162
5461,162
5462,161
5463,161
5464,161
5465,161
5466,161
5467,161
5468,161
5469,161
5470,160
5471,160
5472,161
5473,161
5474,161
5475,161
5476,161
5477,161
5478,161
5479,160
5480,160
5481,160
5482,160
5483,160
5484,161
5485,161
5486,160
5487,161
5488,161
5489,161
5490,161
5491,161
5492,161
5493,161
5494,161
5495,161
5496,161
5497,161
5498,161
5499,161
5500,161
5501,162
5502,162
5503,162
5504,162
5505,162
5506,162
5507,162
5508,162
5509,162
5510,162
5511,161
5512,161
5513,161
5514,161
5515,161
5516,161
5517,161
5518,161
5519,161
5520,161
5521,161
5522,161
5523,161
5524,161
5525,161
5526,161
5527,161
5528,161
5529,161
5530,161
5531,161
5532,161
5533,161
5534,161
5535,161
5536,161
5537,161
5538,161
5539,161
5540,161
5541,161
5542,161
5543,161
5544,161
5545,161
5546,161
5547,161
5548,161
5549,161
5550,161
5551,160
5552,160
5553,161
5554,161
5555,161
5556,161
5557,161
5558,161
5559,161
5560,161
5561,161
5562,161
5563,161
5564,161
5565,161
5566,161
5567,161
5568,161
5569,161
5570,161
5571,161
5572,161
5573,161
5574,161
5575,161
5576,160
5577,160
5578,160
5579,161
5580,161
5581,161
5582,161
5583,161
5584,161
5585,161
5586,161
5587,161
5588,161
5589,161
5590,161
5591,161
5592,162
5593,162
5594,162
5595,162
5596,162
5597,162
5598,162
5599,162
5600,162
5601,162
5602,162
5603,162
5604,162
5605,162
5606,161
5607,162
5608,162
5609,162
5610,162
5611,162
5612,162
5613,162
5614,162
5615,162
5616,162
5617,162
5618,162
5619,162
5620,162
5621,162
5622,162
5623,162
5624,162
5625,162
5626,162
5627,162
5628,162
5629,162
5630,162
5631,162
5632,162
5633,162
5634,162
5635,162
5636,162
5637,162
5638,162
5639,163
5640,162
5641,163
5642,163
5643,162
5644,162
5645,163
5646,163
5647,163
5648,163
5649,163
5650,163
5651,163
5652,163
5653,163
5654,163
5655,163
5656,163
5657,163
5658,163
5659,163
5660,163
5661,163
5662,163
5663,163
5664,163
5665,163
5666,164
5667,164
5668,164
5669,164
5670,164
5671,164
5672,163
5673,164
5674,164
5675,164
5676,164
5677,164
5678,164
5679,163
5680,163
5681,163
5682,163
5683,163
5684,163
5685,163
5686,163
5687,163
5688,163
5689,163
5690,163
5691,163
5692,163
5693,163
5694,163
5695,163
5696,163
5697,163
5698,163
5699,164
5700,164
5701,163
5702,163
5703,163
5704,163
5705,163
5706,163
5707,164
5708,163
5709,163
5710,163
5711,163
5712,163
5713,163
5714,163
5715,163
5716,163
5717,163
5718,163
5719,163
5720,163
5721,163
5722,163
5723,163
5724,163
5725,163
5726,163
5727,163
5728,163
5729,163
5730,163
5731,163
5732,164
5733,164
5734,164
5735,163
5736,164
5737,164
5738,164
5739,164
5740,164
5741,164
5742,164
5743,164
5744,164
5745,164
5746,164
5747,164
5748,163
5749,163
5750,163
5751,163
5752,163
5753,163
5754,163
5755,163
5756,162
5757,162
5758,162
5759,163
5760,163
5761,163
5762,163
5763,163
5764,163
5765,163
5766,163
5767,162
5768,162
5769,162
5770,162
5771,162
5772,162
5773,162
5774,162
5775,162
5776,162
5777,160
5778,160
5779,161
5780,160
5781,161
5782,160
5783,160
5784,160
5785,160
5786,160
5787,161
5788,161
5789,161
5790,161
5791,161
5792,161
5793,161
5794,161
5795,160
5796,160
5797,161
5798,161
5799,161
5800,161
5801,160
5802,160
5803,160
5804,160
5805,160
5806,160
5807,160
5808,160
5809,160
5810,161
5811,161
5812,161
5813,161
5814,161
5815,161
5816,161
5817,161
5818,161
5819,161
5820,162
5821,162
5822,161
5823,161
5824,161
5825,161
5826,161
5827,161
5828,160
5829,160
5830,161
5831,160
5832,160
5833,160
5834,159
5835,160
5836,160
5837,160
5838,160
5839,160
5840,160
5841,161
5842,161
5843,160
5844,160
5845,160
5846,160
5847,160
5848,159
5849,160
5850,159
5851,159
5852,159
5853,159
5854,160
5855,160
5856,159
5857,160
5858,160
5859,160
5860,160
5861,159
5862,160
5863,159
5864,159
5865,159
5866,159
5867,159
5868,159
5869,159
5870,159
5871,159
5872,159
5873,159
5874,159
5875,159
5876,159
5877,160
5878,160
5879,160
5880,160
5881,161
5882,161
5883,161
5884,161
5885,162
5886,162
5887,162
5888,162
5889,162
5890,162
5891,162
5892,162
5893,162
5894,162
5895,162
5896,161
5897,161
5898,160
5899,160
5900,160
5901,161
5902,161
5903,161
5904,161
5905,161
5906,161
5907,162
5908,162
5909,162
5910,162
5911,162
5912,161
5913,161
5914,161
5915,161
5916,161
5917,161
5918,161
5919,161
5920,161
5921,162
5922,162
5923,162
5924,161
5925,161
5926,161
5927,161
5928,161
5929,161
5930,162
5931,161
5932,161
5933,161
5934,161
5935,162
5936,162
5937,162
5938,162
5939,162
5940,162
5941,162
5942,163
5943,162
5944,162
5945,162
5946,162
5947,162
5948,163
5949,162
5950,162
5951,162
5952,162
5953,162
5954,162
5955,162
5956,162
5957,163
5958,163
5959,162
5960,162
5961,162
5962,162
5963,162
5964,162
5965,162
5966,163
5967,163
5968,164
5969,164
5970,164
5971,163
5972,163
5973,163
5974,162
5975,162
5976,162
5977,163
5978,163
5979,163
5980,163
5981,164
5982,164
5983,164
5984,164
5985,164
5986,164
5987,164
5988,164
5989,164
5990,164
5991,164
5992,163
5993,163
5994,163
5995,163
5996,163
5997,163
5998,163
5999,163
6000,163
6001,163
6002,163
6003,163
6004,163
6005,163
6006,163
6007,164
6008,164
6009,164
6010,164
6011,163
6012,163
6013,164
6014,164
6015,164
6016,164
6017,164
6018,165
6019,165
6020,164
6021,164
6022,164
6023,164
6024,164
6025,164
6026,165
6027,165
6028,164
6029,165
6030,164
6031,164
6032,164
6033,164
6034,164
6035,164
6036,164
6037,164
6038,164
6039,164
6040,164
6041,164
6042,164
6043,164
6044,164
6045,164
6046,164
6047,163
6048,164
6049,164
6050,164
6051,165
6052,164
6053,165
6054,165
6055,165
6056,165
6057,165
6058,165
6059,165
6060,165
6061,165
6062,165
6063,166
6064,166
6065,166
6066,167
6067,166
6068,166
6069,166
6070,166
6071,166
6072,167
6073,166
6074,166
6075,166
6076,166
6077,166
6078,166
6079,166
6080,166
6081,167
6082,166
6083,167
6084,167
6085,167
6086,167
6087,167
6088,167
6089,167
6090,167
6091,167
6092,167
6093,167
6094,167
6095,167
6096,167
6097,167
6098,168
6099,168
6100,169
6101,168
6102,168
6103,168
6104,168
6105,168
6106,168
6107,168
6108,168
6109,168
6110,168
6111,168
6112,168
6113,168
6114,168
6115,168
6116,168
6117,168
6118,168
6119,168
6120,168
6121,168
6122,168
6123,168
6124,168
6125,168
6126,168
6127,168
6128,168
6129,168
6130,168
6131,168
6132,168
6133,168
6134,169
6135,169
6136,169
6137,169
6138,169
6139,169
6140,169
6141,169
6142,170
6143,169
6144,170
6145,170
6146,170
6147,169
6148,169
6149,169
6150,169
6151,169
6152,169
6153,169
6154,170
6155,169
6156,169
6157,169
6158,169
6159,169
6160,169
6161,169
6162,169
6163,169
6164,169
6165,169
6166,169
6167,169
6168,169
6169,169
6170,169
6171,169
6172,169
6173,169
6174,169
6175,168
6176,168
6177,168
6178,168
6179,169
6180,169
6181,169
6182,169
6183,168
6184,168
6185,168
6186,168
6187,168
6188,168
6189,168
6190,168
6191,168
6192,168
6193,168
6194,168
6195,169
6196,168
6197,168
6198,168
6199,168
6200,168
6201,168
6202,168
6203,168
6204,168
6205,168
6206,168
6207,169
6208,169
6209,169
6210,169
6211,169
6212,169
6213,169
6214,169
6215,169
6216,169
6217,169
6218,169
6219,169
6220,168
6221,169
6222,169
6223,169
6224,169
6225,169
6226,169
6227,169
6228,169
6229,169
6230,169
6231,169
6232,169
6233,170
6234,170
6235,170
6236,170
6237,170
6238,170
6239,170
6240,170
6241,169
6242,169
6243,169
6244,169
6245,170
6246,170
6247,170
6248,170
6249,170
6250,170
6251,169
6252,169
6253,169
6254,169
6255,170
6256,170
6257,170
6258,170
6259,170
6260,170
6261,170
6262,170
6263,170
6264,170
6265,170
6266,170
6267,170
6268,170
6269,170
6270,170
6271,170
6272,170
6273,170
6274,170
6275,170
6276,170
6277,170
6278,170
6279,170
6280,170
6281,170
6282,170
6283,170
6284,170
6285,170
6286,170
6287,170
6288,170
6289,170
6290,170
6291,170
6292,170
6293,170
6294,170
6295,170
6296,169
6297,169
6298,170
6299,169
6300,169
6301,169
6302,169
6303,169
6304,169
6305,170
6306,169
6307,169
6308,170
6309,169
6310,169
6311,169
6312,169
6313,168
6314,168
6315,169
6316,169
6317,169
6318,169
6319,169
6320,170
6321,169
6322,170
6323,170
6324,170
6325,170
6326,170
6327,169
6328,170
6329,170
6330,170
6331,169
6332,169
6333,169
6334,169
6335,169
6336,169
6337,170
6338,169
6339,170
6340,169
6341,170
6342,170
6343,170
6344,170
6345,170
6346,170
6347,170
6348,170
6349,170
6350,170
6351,170
6352,170
6353,170
6354,170
6355,170
6356,170
6357,170
6358,170
6359,170
6360,170
6361,170
6362,170
6363,170
6364,170
6365,170
6366,170
6367,170
6368,170
6369,170
6370,170
6371,170
6372,170
6373,170
6374,170
6375,170
6376,170
6377,169
6378,169
6379,169
6380,169
6381,169
6382,168
6383,169
6384,169
6385,169
6386,168
6387,169
6388,169
6389,168
6390,168
6391,168
6392,168
6393,168
6394,168
6395,168
6396,168
6397,168
6398,168
6399,168
6400,168
6401,167
6402,167
6403,167
6404,168
6405,168
6406,168
6407,168
6408,168
6409,168
6410,168
6411,168
6412,168
6413,168
6414,168
6415,168
6416,168
6417,168
6418,168
6419,168
6420,168
6421,168
6422,167
6423,167
6424,167
6425,167
6426,167
6427,167
6428,167
6429,167
6430,167
6431,167
6432,167
6433,167
6434,167
6435,167
6436,167
6437,167
6438,166
6439,166
6440,166
6441,166
6442,166
6443,166
6444,166
6445,166
6446,166
6447,166
6448,166
6449,166
6450,166
6451,166
6452,166
6453,166
6454,166
6455,166
6456,166
6457,166
6458,166
6459,166
6460,166
6461,166
6462,166
6463,166
6464,166
6465,166
6466,166
6467,166
6468,166
6469,166
6470,166
6471,166
6472,166
6473,166
6474,166
6475,166
6476,166
6477,166
6478,166
6479,166
6480,165
6481,165
6482,165
6483,166
6484,166
6485,166
6486,165
6487,165
6488,165
6489,165
6490,165
6491,165
6492,165
6493,165
6494,165
6495,165
6496,164
6497,164
6498,164
6499,164
6500,164
6501,164
6502,164
6503,164
6504,164
6505,165
6506,164
6507,164
6508,164
6509,164
6510,164
6511,164
6512,164
6513,164
6514,165
6515,164
6516,164
6517,164
6518,164
6519,165
6520,164
6521,165
6522,165
6523,165
6524,165
6525,165
6526,165
6527,165
6528,165
6529,165
6530,164
6531,164
6532,164
6533,165
6534,165
6535,165
6536,165
6537,165
6538,165
6539,165
6540,165
6541,165
6542,165
6543,165
6544,165
6545,165
6546,165
6547,165
6548,165
6549,165
6550,165
6551,165
6552,165
6553,165
6554,165
6555,165
6556,165
6557,165
6558,165
6559,165
6560,165
6561,165
6562,165
6563,165
6564,165
6565,165
6566,165
6567,165
6568,165
6569,165
6570,165
6571,165
6572,165
6573,165
6574,165
6575,164
6576,165
6577,165
6578,165
6579,165
6580,165
6581,164
6582,165
6583,165
6584,165
6585,165
6586,165
6587,165
6588,164
6589,165
6590,165
6591,164
6592,164
6593,164
6594,164
6595,165
6596,165
6597,165
6598,165
6599,165
6600,165
6601,165
6602,165
6603,165
6604,165
6605,165
6606,165
6607,165
6608,165
6609,165
6610,165
6611,165
6612,165
6613,165
6614,165
6615,165
6616,165
6617,165
6618,165
6619,165
6620,165
6621,165
6622,165
6623,165
6624,165
6625,165
6626,165
6627,165
6628,165
6629,165
6630,165
6631,165
6632,164
6633,164
6634,164
6635,165
6636,165
6637,164
6638,165
6639,165
6640,165
6641,165
6642,164
6643,165
6644,165
6645,165
6646,164
6647,165
6648,165
6649,165
6650,165
6651,165
6652,165
6653,165
6654,165
6655,165
6656,165
6657,165
6658,165
6659,165
6660,165
6661,165
6662,165
6663,165
6664,165
6665,165
6666,165
6667,165
6668,164
6669,164
6670,164
6671,164
6672,164
6673,164
6674,163
6675,164
6676,164
6677,163
6678,163
6679,163
6680,162
6681,162
6682,163
6683,163
6684,163
6685,163
6686,163
6687,163
6688,163
6689,163
6690,163
6691,163
6692,162
6693,162
6694,162
6695,162
6696,162
6697,162
6698,162
6699,162
6700,162
6701,162
6702,162
6703,162
6704,162
6705,162
6706,162
6707,162
6708,162
6709,162
6710,162
6711,162
6712,163
6713,163
6714,163
6715,163
6716,163
6717,163
6718,163
6719,163
6720,163
6721,164
6722,164
6723,164
6724,164
6725,164
6726,164
6727,164
6728,164
6729,164
6730,164
6731,164
6732,165
6733,165
6734,164
6735,164
6736,164
6737,164
6738,164
6739,164
6740,164
6741,164
6742,164
6743,165
6744,165
6745,165
6746,165
6747,165
6748,165
6749,164
6750,165
6751,165
6752,165
6753,165
6754,165
6755,165
6756,165
6757,165
6758,165
6759,165
6760,165
6761,165
6762,165
6763,165
6764,165
6765,165
6766,165
6767,165
6768,165
6769,165
6770,165
6771,165
6772,165
6773,165
6774,165
6775,164
6776,165
6777,165
6778,165
6779,165
6780,165
6781,165
6782,165
6783,165
6784,166
6785,166
6786,166
6787,166
6788,166
6789,166
6790,166
6791,167
6792,166
6793,167
6794,167
6795,167
6796,168
6797,168
6798,168
6799,168
6800,168
6801,168
6802,168
6803,168
6804,168
6805,168
6806,167
6807,167
6808,168
6809,167
6810,168
6811,168
6812,168
6813,168
6814,168
6815,167
6816,167
6817,167
6818,167
6819,168
6820,168
6821,168
6822,168
6823,167
6824,167
6825,168
6826,168
6827,168
6828,167
6829,167
6830,167
6831,167
6832,167
6833,168
6834,167
6835,167
6836,167
6837,167
6838,167
6839,167
6840,167
6841,167
6842,167
6843,167
6844,167
6845,167
6846,167
6847,167
6848,167
6849,167
6850,167
6851,167
6852,168
6853,168
6854,168
6855,168
6856,168
6857,168
6858,168
6859,168
6860,168
6861,168
6862,168
6863,168
6864,169
6865,169
6866,169
6867,169
6868,169
6869,169
6870,169
6871,170
6872,170
6873,170
6874,171
6875,171
6876,171
6877,171
6878,171
6879,171
6880,171
6881,171
6882,171
6883,171
6884,172
6885,171
6886,172
6887,172
6888,172
6889,172
6890,172
6891,171
6892,172
6893,172
6894,172
6895,172
6896,172
6897,172
6898,172
6899,172
6900,172
6901,172
6902,172
6903,172
6904,172
6905,172
6906,172
6907,171
6908,171
6909,171
6910,171
6911,171
6912,171
6913,171
6914,171
6915,171
6916,171
6917,172
6918,172
6919,172
6920,172
6921,172
6922,172
6923,172
6924,172
6925,172
6926,171
6927,171
6928,172
6929,172
6930,172
6931,172
6932,172
6933,171
6934,171
6935,172
6936,172
6937,171
6938,171
6939,171
6940,171
6941,171
6942,171
6943,172
6944,171
6945,172
6946,172
6947,172
6948,172
6949,172
6950,172
6951,172
6952,172
6953,172
6954,172
6955,172
6956,172
6957,172
6958,172
6959,172
6960,172
6961,172
6962,172
6963,172
6964,172
6965,172
6966,172
6967,172
6968,172
6969,172
6970,172
6971,172
6972,172
6973,172
6974,172
6975,172
6976,172
6977,172
6978,172
6979,172
6980,172
6981,172
6982,172
6983,172
6984,172
6985,171
6986,171
6987,172
6988,172
6989,172
6990,172
6991,172
6992,172
6993,172
6994,172
6995,172
6996,172
6997,172
6998,172
6999,172
7000,173
7001,173
7002,173
7003,173
7004,173
7005,173
7006,173
7007,173
7008,172
7009,173
7010,173
7011,173
7012,173
7013,172
7014,173
7015,173
7016,172
7017,172
7018,172
7019,173
7020,173
7021,173
7022,173
7023,173
7024,172
7025,173
7026,172
7027,172
7028,172
7029,173
7030,173
7031,173
7032,173
7033,173
7034,173
7035,173
7036,173
7037,173
7038,173
7039,173
7040,173
7041,172
7042,173
7043,173
7044,173
7045,173
7046,172
7047,172
7048,172
7049,172
7050,172
7051,172
7052,172
7053,173
7054,173
7055,173
7056,172
7057,172
7058,172
7059,173
7060,173
7061,173
7062,173
7063,172
7064,173
7065,172
7066,172
7067,172
7068,172
7069,173
7070,173
7071,173
7072,173
7073,173
7074,173
7075,173
7076,173
7077,173
7078,173
7079,173
7080,173
7081,173
7082,172
7083,173
7084,173
7085,173
7086,173
7087,173
7088,173
7089,173
7090,173
7091,173
7092,173
7093,173
7094,173
7095,173
7096,173
7097,173
7098,173
7099,173
7100,173
7101,173
7102,173
7103,172
7104,172
7105,172
7106,172
7107,171
7108,171
7109,171
7110,171
7111,171
7112,171
7113,171
7114,170
7115,171
7116,170
7117,170
7118,170
7119,170
7120,170
7121,170
7122,170
7123,170
7124,170
7125,170
7126,170
7127,170
7128,170
7129,170
7130,170
7131,170
7132,170
7133,170
7134,170
7135,170
7136,170
7137,170
7138,170
7139,170
7140,170
7141,170
7142,171
7143,171
7144,171
7145,171
7146,171
7147,170
7148,170
7149,170
7150,170
7151,170
7152,170
7153,170
7154,170
7155,170
7156,170
7157,170
7158,170
7159,170
7160,170
7161,170
7162,170
7163,170
7164,170
7165,170
7166,170
7167,170
7168,170
7169,170
7170,170
7171,170
7172,170
7173,170
7174,169
7175,169
7176,170
7177,169
7178,169
7179,169
7180,169
7181,169
7182,169
7183,169
7184,169
7185,169
7186,169
7187,169
7188,169
7189,169
7190,169
7191,169
7192,169
7193,169
7194,169
7195,169
7196,169
7197,169
7198,168
7199,169
7200,169
7201,169
7202,169
7203,169
7204,169
7205,169
7206,169
7207,169
7208,169
7209,168
7210,168
7211,168
7212,168
7213,168
7214,169
7215,169
7216,168
7217,169
7218,169
7219,169
7220,169
7221,169
7222,169
7223,169
7224,168
7225,168
7226,169
7227,169
7228,169
7229,169
7230,169
7231,170
7232,169
7233,169
7234,169
7235,169
7236,169
7237,169
7238,169
7239,169
7240,169
7241,169
7242,169
7243,169
7244,169
7245,168
7246,169
7247,169
7248,169
7249,169
7250,169
7251,169
7252,169
7253,169
7254,169
7255,169
7256,169
7257,169
7258,169
7259,169
7260,169
7261,169
7262,169
7263,170
7264,170
7265,170
7266,170
7267,170
7268,170
7269,170
7270,170
7271,170
7272,170
7273,170
7274,170
7275,170
7276,170
7277,170
7278,170
7279,170
7280,170
7281,170
7282,170
7283,169
7284,170
7285,170
7286,170
7287,170
7288,170
7289,170
7290,169
7291,169
7292,169
7293,169
7294,169
7295,169
7296,170
7297,170
7298,170
7299,170
7300,170
7301,170
7302,170
7303,170
7304,170
7305,170
7306,170
7307,170
7308,169
7309,169
7310,169
7311,170
7312,170
7313,170
7314,170
7315,170
7316,170
7317,170
7318,170
7319,170
7320,170
7321,170
7322,170
7323,171
7324,171
7325,171
7326,171
7327,171
7328,171
7329,171
7330,171
7331,171
7332,171
7333,171
7334,171
7335,170
7336,170
7337,171
7338,171
7339,171
7340,171
7341,170
7342,170
7343,170
7344,170
7345,171
7346,171
7347,171
7348,171
7349,171
7350,171
7351,171
7352,171
7353,170
7354,170
7355,170
7356,170
7357,170
7358,170
7359,170
7360,170
7361,170
7362,170
7363,170
7364,170
7365,170
7366,171
7367,171
7368,171
7369,171
7370,171
7371,171
7372,171
7373,171
7374,171
7375,171
7376,171
7377,171
7378,171
7379,171
7380,171
7381,171
7382,171
7383,171
7384,171
7385,171
7386,171
7387,171
7388,171
7389,171
7390,171
7391,171
7392,172
7393,172
7394,172
7395,172
7396,172
7397,172
7398,172
7399,172
7400,172
7401,172
7402,172
7403,172
7404,172
7405,172
7406,172
7407,172
7408,172
7409,172
7410,172
7411,172
7412,172
7413,172
7414,172
7415,172
7416,172
7417,172
7418,172
7419,172
7420,172
7421,172
7422,171
7423,171
7424,171
7425,171
7426,171
7427,171
7428,170
7429,170
7430,170
7431,170
7432,170
7433,170
7434,169
7435,169
7436,169
7437,169
7438,169
7439,170
7440,169
7441,170
7442,170
7443,170
7444,170
7445,170
7446,170
7447,170
7448,170
7449,170
7450,170
7451,169
7452,169
7453,169
7454,169
7455,169
7456,169
7457,169
7458,169
7459,169
7460,169
7461,169
7462,169
7463,169
7464,169
7465,169
7466,169
7467,169
7468,169
7469,169
7470,169
7471,169
7472,169
7473,169
7474,169
7475,169
7476,169
7477,169
7478,169
7479,169
7480,168
7481,168
7482,168
7483,169
7484,169
7485,169
7486,169
7487,169
7488,169
7489,169
7490,169
7491,169
7492,169
7493,169
7494,169
7495,169
7496,169
7497,169
7498,169
7499,169
7500,169
7501,169
7502,169
7503,169
7504,169
7505,170
7506,169
7507,169
7508,169
7509,169
7510,170
7511,170
7512,170
7513,170
7514,169
7515,169
7516,169
7517,169
7518,169
7519,169
7520,169
7521,169
7522,168
7523,169
7524,169
7525,169
7526,169
7527,169
7528,169
7529,168
7530,168
7531,168
7532,168
7533,168
7534,168
7535,168
7536,168
7537,168
7538,168
7539,168
7540,168
7541,168
7542,168
7543,168
7544,168
7545,168
7546,168
7547,168
7548,168
7549,168
7550,168
7551,168
7552,169
7553,169
7554,168
7555,168
7556,169
7557,169
7558,168
7559,169
7560,169
7561,169
7562,169
7563,168
7564,168
7565,168
7566,168
7567,168
7568,168
7569,168
7570,168
7571,168
7572,168
7573,168
7574,168
7575,168
7576,168
7577,167
7578,168
7579,167
7580,167
7581,167
7582,167
7583,167
7584,167
7585,167
7586,167
7587,167
7588,167
7589,167
7590,167
7591,167
7592,167
7593,167
7594,168
7595,167
7596,167
7597,167
7598,167
7599,167
7600,167
7601,167
7602,167
7603,167
7604,167
7605,168
7606,167
7607,167
7608,168
7609,168
7610,168
7611,168
7612,168
7613,168
7614,168
7615,168
7616,168
7617,168
7618,167
7619,168
7620,167
7621,168
7622,168
7623,167
7624,167
7625,167
7626,167
7627,167
7628,167
7629,167
7630,167
7631,167
7632,167
7633,167
7634,167
7635,167
7636,167
7637,167
7638,167
7639,167
7640,167
7641,167
7642,167
7643,167
7644,167
7645,167
7646,167
7647,167
7648,167
7649,167
7650,167
7651,166
7652,166
7653,166
7654,166
7655,166
7656,166
7657,166
7658,166
7659,166
7660,166
7661,166
7662,166
7663,167
7664,167
7665,168
7666,168
7667,169
7668,169
7669,169
7670,168
7671,169
7672,169
7673,169
7674,169
7675,168
7676,169
7677,169
7678,169
7679,169
7680,169
7681,169
7682,169
7683,169
7684,169
7685,169
7686,169
7687,169
7688,169
7689,169
7690,169
7691,169
7692,169
7693,169
7694,170
7695,170
7696,169
7697,170
7698,170
7699,170
7700,170
7701,170
7702,170
7703,170
7704,170
7705,170
7706,170
7707,170
7708,171
7709,171
7710,171
7711,171
7712,171
7713,171
7714,171
7715,171
7716,170
7717,170
7718,171
7719,171
7720,171
7721,171
7722,171
7723,171
7724,171
7725,171
7726,171
7727,171
7728,171
7729,171
7730,171
7731,171
7732,171
7733,171
7734,171
7735,171
7736,170
7737,170
7738,170
7739,170
7740,170
7741,170
7742,170
7743,170
7744,170
7745,169
7746,170
7747,170
7748,170
7749,170
7750,170
7751,170
7752,170
7753,169
7754,169
7755,170
7756,170
7757,170
7758,170
7759,169
7760,169
7761,169
7762,169
7763,170
7764,170
7765,170
7766,170
7767,170
7768,170
7769,170
7770,170
7771,170
7772,170
7773,170
7774,170
7775,170
7776,169
7777,170
7778,169
7779,169
7780,169
7781,169
7782,169
7783,169
7784,169
7785,169
7786,169
7787,169
7788,169
7789,169
7790,168
7791,169
7792,169
7793,169
7794,168
7795,169
7796,169
7797,168
7798,169
7799,169
7800,168
7801,169
7802,169
7803,169
7804,169
7805,170
7806,170
7807,170
7808,170
7809,170
7810,170
7811,170
7812,170
7813,170
7814,170
7815,170
7816,169
7817,169
7818,169
7819,169
7820,170
7821,169
7822,168
7823,168
7824,168
7825,168
7826,168
7827,168
7828,169
7829,169
7830,169
7831,169
7832,169
7833,169
7834,169
7835,168
7836,169
7837,168
7838,168
7839,168
7840,168
7841,168
7842,168
7843,168
7844,168
7845,168
7846,168
7847,168
7848,168
7849,168
7850,168
7851,168
7852,168
7853,169
7854,169
7855,169
7856,169
7857,168
7858,169
7859,169
7860,169
7861,169
7862,169
7863,170
7864,170
7865,170
7866,170
7867,169
7868,169
7869,169
7870,169
7871,170
7872,170
7873,170
7874,170
7875,170
7876,170
7877,169
7878,169
7879,169
7880,169
7881,169
7882,169
7883,169
7884,169
7885,169
7886,168
7887,169
7888,169
7889,169
7890,169
7891,169
7892,169
7893,169
7894,168
7895,170
7896,170
7897,170
7898,170
7899,170
7900,171
7901,171
7902,171
7903,171
7904,172
7905,171
7906,171
7907,171
7908,172
7909,171
7910,171
7911,171
7912,171
7913,171
7914,171
7915,171
7916,171
7917,171
7918,171
7919,171
7920,171
7921,171
7922,171
7923,171
7924,171
7925,171
7926,171
7927,171
7928,171
7929,171
7930,171
7931,171
7932,170
7933,171
7934,171
7935,171
7936,169
7937,169
7938,170
7939,170
7940,170
7941,169
7942,170
7943,170
7944,170
7945,170
7946,170
7947,171
7948,171
7949,171
7950,170
7951,170
7952,170
7953,170
7954,170
7955,169
7956,170
7957,169
7958,169
7959,170
7960,169
7961,169
7962,170
7963,170
7964,170
7965,171
7966,170
7967,170
7968,170
7969,170
7970,170
7971,170
7972,170
7973,170
7974,170
7975,171
7976,170
7977,170
7978,170
7979,170
7980,171
7981,171
7982,170
7983,171
7984,171
7985,171
7986,171
7987,171
7988,170
7989,170
7990,171
7991,171
7992,171
7993,170
7994,170
7995,170
7996,170
7997,169
7998,170
7999,169
8000,170
8001,170
8002,170
8003,170
8004,170
8005,170
8006,170
8007,171
8008,171
8009,171
8010,171
8011,171
8012,171
8013,171
8014,171
8015,171
8016,170
8017,170
8018,170
8019,170
8020,170
8021,170
8022,170
8023,170
8024,170
8025,170
8026,170
8027,170
8028,170
8029,170
8030,170
8031,171
8032,170
8033,170
8034,170
8035,170
8036,170
8037,171
8038,171
8039,171
8040,171
8041,171
8042,171
8043,171
8044,171
8045,171
8046,171
8047,171
8048,171
8049,171
8050,170
8051,170
8052,170
8053,170
8054,170
8055,171
8056,171
8057,171
8058,171
8059,171
8060,171
8061,171
8062,171
8063,172
8064,172
8065,172
8066,171
8067,172
8068,172
8069,172
8070,172
8071,172
8072,172
8073,172
8074,172
8075,172
8076,171
8077,171
8078,171
8079,171
8080,171
8081,171
8082,171
8083,171
8084,171
8085,171
8086,171
8087,170
8088,170
8089,171
8090,171
8091,170
8092,171
8093,171
8094,171
8095,172
8096,171
8097,171
8098,171
8099,171
8100,171
8101,171
8102,171
8103,171
8104,171
8105,171
8106,171
8107,171
8108,170
8109,171
8110,171
8111,171
8112,171
8113,171
8114,172
8115,172
8116,172
8117,172
8118,172
8119,172
8120,172
8121,172
8122,172
8123,172
8124,172
8125,172
8126,172
8127,172
8128,172
8129,172
8130,172
8131,172
8132,172
8133,173
8134,173
8135,172
8136,172
8137,172
8138,172
8139,172
8140,171
8141,171
8142,172
8143,172
8144,172
8145,172
8146,172
8147,172
8148,173
8149,173
8150,173
8151,173
8152,173
8153,173
8154,173
8155,173
8156,172
8157,173
8158,173
8159,173
8160,173
8161,173
8162,173
8163,173
8164,173
8165,173
8166,173
8167,173
8168,173
8169,173
8170,173
8171,173
8172,172
8173,172
8174,172
8175,171
8176,172
8177,172
8178,172
8179,172
8180,172
8181,172
8182,173
8183,173
8184,173
8185,173
8186,173
8187,173
8188,174
8189,174
8190,173
8191,174
8192,174
8193,173
8194,174
8195,173
8196,174
8197,174
8198,174
8199,174
8200,174
8201,174
8202,174
8203,174
8204,174
8205,174
8206,174
8207,174
8208,174
8209,174
8210,174
8211,174
8212,175
8213,175
8214,175
8215,175
8216,175
8217,175
8218,175
8219,175
8220,175
8221,175
8222,175
8223,175
8224,175
8225,175
8226,175
8227,175
8228,175
8229,176
8230,176
8231,176
8232,176
8233,176
8234,176
8235,176
8236,176
8237,176
8238,175
8239,175
8240,175
8241,175
8242,175
8243,175
8244,176
8245,175
8246,175
8247,176
8248,175
8249,175
8250,175
8251,175
8252,175
8253,175
8254,176
8255,176
8256,176
8257,176
8258,176
8259,176
8260,176
8261,175
8262,175
8263,176
8264,176
8265,176
8266,176
8267,176
8268,175
8269,175
8270,175
8271,175
8272,176
8273,175
8274,175
8275,175
8276,175
8277,175
8278,175
8279,175
8280,175
8281,175
8282,175
8283,175
8284,175
8285,175
8286,175
8287,175
8288,175
8289,175
8290,175
8291,175
8292,175
8293,175
8294,175
8295,175
8296,175
8297,175
8298,175
8299,175
8300,175
8301,175
8302,175
8303,175
8304,175
8305,175
8306,176
8307,175
8308,176
8309,176
8310,176
8311,176
8312,176
8313,176
8314,176
8315,176
8316,176
8317,176
8318,176
8319,176
8320,176
8321,175
8322,175
8323,175
8324,175
8325,175
8326,175
8327,175
8328,175
8329,174
8330,174
8331,174
8332,174
8333,175
8334,174
8335,174
8336,174
8337,174
8338,174
8339,174
8340,174
8341,174
8342,174
8343,174
8344,174
8345,174
8346,174
8347,174
8348,173
8349,173
8350,173
8351,173
8352,173
8353,173
8354,173
8355,173
8356,173
8357,174
8358,174
8359,174
8360,173
8361,173
8362,173
8363,174
8364,174
8365,174
8366,174
8367,174
8368,174
8369,174
8370,174
8371,174
8372,174
8373,174
8374,173
8375,173
8376,173
8377,173
8378,173
8379,173
8380,174
8381,173
8382,173
8383,173
8384,173
8385,173
8386,173
8387,173
8388,173
8389,173
8390,173
8391,173
8392,173
8393,173
8394,173
8395,173
8396,174
8397,173
8398,174
8399,174
8400,174
8401,174
8402,174
8403,174
8404,174
8405,174
8406,174
8407,174
8408,174
8409,174
8410,174
8411,174
8412,174
8413,174
8414,174
8415,174
8416,174
8417,174
8418,174
8419,174
8420,174
8421,174
8422,174
8423,174
8424,174
8425,174
8426,174
8427,174
8428,174
8429,174
8430,174
8431,174
8432,174
8433,174
8434,174
8435,174
8436,174
8437,174
8438,174
8439,174
8440,175
8441,175
8442,175
8443,175
8444,175
8445,175
8446,175
8447,175
8448,175
8449,175
8450,175
8451,175
8452,175
8453,175
8454,175
8455,175
8456,175
8457,174
8458,174
8459,174
8460,174
8461,174
8462,174
8463,174
8464,174
8465,173
8466,173
8467,174
8468,174
8469,174
8470,174
8471,174
8472,174
8473,174
8474,174
8475,174
8476,174
8477,174
8478,174
8479,174
8480,173
8481,173
8482,174
8483,174
8484,174
8485,174
8486,174
8487,173
8488,173
8489,173
8490,173
8491,173
8492,173
8493,173
8494,172
8495,172
8496,172
8497,172
8498,173
8499,173
8500,172
8501,172
8502,172
8503,172
8504,172
8505,172
8506,173
8507,172
8508,172
8509,172
8510,172
8511,173
8512,173
8513,173
8514,173
8515,173
8516,173
8517,173
8518,173
8519,173
8520,173
8521,173
8522,173
8523,173
8524,173
8525,173
8526,173
8527,173
8528,173
8529,173
8530,173
8531,173
8532,173
8533,173
8534,173
8535,173
8536,173
8537,174
8538,174
8539,174
8540,174
8541,174
8542,174
8543,174
8544,174
8545,174
8546,173
8547,174
8548,174
8549,174
8550,174
8551,174
8552,174
8553,174
8554,174
8555,174
8556,174
8557,174
8558,174
8559,174
8560,174
8561,174
8562,174
8563,174
8564,175
8565,174
8566,174
8567,175
8568,175
8569,174
8570,175
8571,175
8572,175
8573,175
8574,175
8575,175
8576,175
8577,175
8578,175
8579,175
8580,175
8581,175
8582,175
8583,175
8584,175
8585,175
8586,175
8587,175
8588,175
8589,175
8590,174
8591,175
8592,175
8593,175
8594,175
8595,175
8596,175
8597,175
8598,174
8599,174
8600,175
8601,175
8602,175
8603,175
8604,175
8605,175
8606,174
8607,174
8608,174
8609,174
8610,174
8611,175
8612,175
8613,174
8614,175
8615,175
8616,175
8617,175
8618,175
8619,175
8620,175
8621,175
8622,175
8623,175
8624,174
8625,174
8626,173
8627,173
8628,173
8629,174
8630,173
8631,173
8632,173
8633,173
8634,173
8635,173
8636,173
8637,173
8638,173
8639,173
8640,174
8641,174
8642,174
8643,174
8644,174
8645,174
8646,174
8647,173
8648,173
8649,174
8650,173
8651,173
8652,173
8653,173
8654,173
8655,173
8656,174
8657,174
8658,174
8659,174
8660,174
8661,174
8662,174
8663,174
8664,173
8665,173
8666,173
8667,173
8668,173
8669,174
8670,173
8671,174
8672,174
8673,174
8674,174
8675,174
8676,174
8677,174
8678,174
8679,174
8680,174
8681,174
8682,174
8683,175
8684,175
8685,175
8686,175
8687,175
8688,174
8689,175
8690,175
8691,175
8692,176
8693,175
8694,175
8695,175
8696,175
8697,175
8698,175
8699,175
8700,175
8701,175
8702,174
8703,174
8704,174
8705,174
8706,174
8707,175
8708,175
8709,175
8710,175
8711,175
8712,175
8713,175
8714,176
8715,176
8716,176
8717,176
8718,177
8719,177
8720,177
8721,177
8722,177
8723,177
8724,177
8725,177
8726,177
8727,177
8728,177
8729,177
8730,177
8731,177
8732,177
8733,177
8734,177
8735,177
8736,177
8737,177
8738,177
8739,177
8740,177
8741,177
8742,177
8743,177
8744,177
8745,177
8746,177
8747,177
8748,177
8749,177
8750,177
8751,177
8752,177
8753,177
8754,176
8755,177
8756,177
8757,177
8758,177
8759,177
8760,177
8761,176
8762,176
8763,176
8764,176
8765,176
8766,177
8767,177
8768,177
8769,177
8770,177
8771,177
8772,177
8773,177
8774,177
8775,177
8776,177
8777,177
8778,177
8779,177
8780,177
8781,177
8782,177
8783,177
8784,177
8785,177
8786,177
8787,177
8788,177
8789,177
8790,177
8791,177
8792,177
8793,177
8794,177
8795,177
8796,177
8797,177
8798,177
8799,177
8800,177
8801,177
8802,177
8803,177
8804,177
8805,177
8806,177
8807,177
8808,177
8809,177
8810,177
8811,177
8812,177
8813,177
8814,178
8815,178
8816,178
8817,178
8818,178
8819,178
8820,178
8821,178
8822,178
8823,178
8824,178
8825,178
8826,178
8827,178
8828,178
8829,178
8830,178
8831,178
8832,178
8833,178
8834,178
8835,178
8836,178
8837,178
8838,178
8839,178
8840,178
8841,178
8842,178
8843,178
8844,178
8845,178
8846,178
8847,178
8848,178
8849,178
8850,178
8851,178
8852,178
8853,178
8854,178
8855,178
8856,178
8857,178
8858,178
8859,178
8860,178
8861,178
8862,178
8863,178
8864,178
8865,178
8866,178
8867,178
8868,178
8869,178
8870,178
8871,179
8872,179
8873,178
8874,178
8875,178
8876,178
8877,178
8878,177
8879,177
8880,177
8881,177
8882,177
8883,177
8884,177
8885,177
8886,177
8887,177
8888,176
8889,176
8890,176
8891,176
8892,176
8893,176
8894,176
8895,176
8896,176
8897,176
8898,176
8899,176
8900,176
8901,176
8902,176
8903,176
8904,176
8905,176
8906,176
8907,176
8908,176
8909,176
8910,176
8911,176
8912,176
8913,175
8914,175
8915,175
8916,175
8917,175
8918,175
8919,175
8920,175
8921,175
8922,175
8923,175
8924,174
8925,175
8926,175
8927,175
8928,174
8929,174
8930,174
8931,174
8932,175
8933,175
8934,175
8935,175
8936,175
8937,175
8938,174
8939,174
8940,175
8941,175
8942,175
8943,175
8944,175
8945,176
8946,176
8947,176
8948,175
8949,175
8950,175
8951,175
8952,176
8953,176
8954,176
8955,176
8956,176
8957,176
8958,176
8959,176
8960,176
8961,176
8962,176
8963,176
8964,176
8965,176
8966,176
8967,176
8968,176
8969,175
8970,176
8971,175
8972,175
8973,175
8974,175
8975,175
8976,175
8977,174
8978,174
8979,174
8980,174
8981,174
8982,174
8983,174
8984,175
8985,175
8986,175
8987,175
8988,175
8989,175
8990,175
8991,175
8992,175
8993,175
8994,175
8995,174
8996,174
8997,175
8998,175
8999,175
9000,174
9001,174
9002,174
9003,175
9004,175
9005,175
9006,175
9007,175
9008,175
9009,175
9010,175
9011,175
9012,174
9013,175
9014,175
9015,175
9016,175
9017,175
9018,175
9019,175
9020,175
9021,175
9022,175
9023,175
9024,175
9025,175
9026,175
9027,175
9028,175
9029,175
9030,175
9031,175
9032,174
9033,174
9034,174
9035,174
9036,174
9037,174
9038,174
9039,174
9040,174
9041,174
9042,174
9043,174
9044,174
9045,175
9046,175
9047,175
9048,175
9049,175
9050,175
9051,175
9052,175
9053,175
9054,175
9055,175
9056,175
9057,175
9058,175
9059,175
9060,175
9061,175
9062,175
9063,175
9064,174
9065,175
9066,175
9067,175
9068,175
9069,175
9070,175
9071,175
9072,175
9073,175
9074,175
9075,175
9076,175
9077,175
9078,175
9079,175
9080,175
9081,175
9082,174
9083,174
9084,174
9085,174
9086,174
9087,174
9088,175
9089,175
9090,175
9091,174
9092,174
9093,175
9094,175
9095,175
9096,174
9097,175
9098,175
9099,175
9100,175
9101,175
9102,175
9103,175
9104,174
9105,174
9106,175
9107,175
9108,175
9109,175
9110,175
9111,175
9112,175
9113,175
9114,175
9115,175
9116,175
9117,175
9118,175
9119,175
9120,175
9121,174
9122,174
9123,174
9124,174
9125,174
9126,174
9127,174
9128,174
9129,174
9130,174
9131,174
9132,174
9133,174
9134,174
9135,174
9136,173
9137,173
9138,173
9139,173
9140,173
9141,173
9142,173
9143,173
9144,173
9145,173
9146,173
9147,173
9148,173
9149,173
9150,173
9151,173
9152,173
9153,173
9154,173
9155,173
9156,173
9157,173
9158,173
9159,173
9160,173
9161,173
9162,173
9163,173
9164,173
9165,173
9166,173
9167,173
9168,173
9169,172
9170,172
9171,172
9172,172
9173,172
9174,172
9175,173
9176,173
9177,172
9178,173
9179,173
9180,173
9181,173
9182,173
9183,173
9184,173
9185,173
9186,173
9187,174
9188,174
9189,174
9190,174
9191,174
9192,174
9193,174
9194,174
9195,174
9196,174
9197,174
9198,173
9199,173
9200,173
9201,173
9202,173
9203,173
9204,173
9205,173
9206,173
9207,173
9208,173
9209,173
9210,173
9211,173
9212,173
9213,173
9214,173
9215,173
9216,173
9217,173
9218,173
9219,174
9220,174
9221,174
9222,174
9223,174
9224,174
9225,174
9226,173
9227,173
9228,173
9229,173
9230,173
9231,173
9232,173
9233,173
9234,173
9235,173
9236,173
9237,173
9238,173
9239,173
9240,173
9241,173
9242,173
9243,174
9244,173
9245,173
9246,173
9247,173
9248,174
9249,174
9250,174
9251,174
9252,174
9253,174
9254,174
9255,174
9256,174
9257,174
9258,174
9259,174
9260,174
9261,174
9262,173
9263,173
9264,173
9265,173
9266,173
9267,173
9268,173
9269,173
9270,173
9271,173
9272,173
9273,173
9274,173
9275,173
9276,174
9277,174
9278,174
9279,174
9280,174
9281,174
9282,174
9283,174
9284,174
9285,174
9286,174
9287,174
9288,174
9289,173
9290,174
9291,173
9292,172
9293,172
9294,172
9295,172
9296,171
9297,172
9298,172
9299,171
9300,171
9301,171
9302,171
9303,171
9304,170
9305,170
9306,170
9307,170
9308,170
9309,170
9310,170
9311,170
9312,170
9313,170
9314,170
9315,170
9316,170
9317,170
9318,170
9319,170
9320,170
9321,170
9322,170
9323,170
9324,170
9325,170
9326,170
9327,170
9328,171
9329,171
9330,171
9331,171
9332,171
9333,171
9334,171
9335,170
9336,170
9337,170
9338,170
9339,170
9340,171
9341,171
9342,170
9343,170
9344,170
9345,170
9346,170
9347,171
9348,170
9349,171
9350,171
9351,171
9352,171
9353,170
9354,170
9355,171
9356,171
9357,171
9358,172
9359,171
9360,171
9361,172
9362,171
9363,171
9364,171
9365,171
9366,171
9367,171
9368,171
9369,171
9370,170
9371,170
9372,170
9373,170
9374,170
9375,171
9376,171
9377,171
9378,171
9379,171
9380,171
9381,171
9382,171
9383,171
9384,171
9385,171
9386,171
9387,171
9388,171
9389,171
9390,171
9391,171
9392,171
9393,171
9394,171
9395,171
9396,171
9397,171
9398,171
9399,171
9400,170
9401,170
9402,170
9403,170
9404,170
9405,170
9406,170
9407,170
9408,170
9409,170
9410,170
9411,169
9412,169
9413,169
9414,169
9415,169
9416,169
9417,169
9418,169
9419,169
9420,169
9421,169
9422,169
9423,169
9424,169
9425,169
9426,169
9427,169
9428,169
9429,169
9430,169
9431,169
9432,169
9433,169
9434,169
9435,169
9436,168
9437,168
9438,168
9439,168
9440,169
9441,169
9442,169
9443,169
9444,169
9445,169
9446,169
9447,169
9448,169
9449,169
9450,169
9451,169
9452,169
9453,169
9454,169
9455,169
9456,169
9457,169
9458,169
9459,169
9460,169
9461,169
9462,169
9463,169
9464,169
9465,169
9466,170
9467,170
9468,170
9469,170
9470,170
9471,170
9472,170
9473,170
9474,170
9475,170
9476,170
9477,170
9478,170
9479,170
9480,170
9481,170
9482,170
9483,170
9484,170
9485,170
9486,170
9487,170
9488,171
9489,170
9490,170
9491,170
9492,170
9493,170
9494,170
9495,170
9496,170
9497,170
9498,170
9499,170
9500,170
9501,170
9502,170
9503,169
9504,169
9505,169
9506,169
9507,169
9508,169
9509,169
9510,169
9511,169
9512,170
9513,170
9514,170
9515,169
9516,169
9517,169
9518,170
9519,170
9520,170
9521,170
9522,170
9523,170
9524,169
9525,170
9526,170
9527,169
9528,170
9529,170
9530,170
9531,170
9532,170
9533,170
9534,169
9535,169
9536,170
9537,170
9538,170
9539,170
9540,170
9541,170
9542,170
9543,170
9544,170
9545,169
9546,169
9547,169
9548,169
9549,169
9550,169
9551,169
9552,169
9553,169
9554,169
9555,168
9556,168
9557,168
9558,168
9559,168
9560,168
9561,168
9562,168
9563,168
9564,168
9565,168
9566,168
9567,168
9568,168
9569,168
9570,168
9571,168
9572,168
9573,168
9574,168
9575,168
9576,168
9577,168
9578,168
9579,168
9580,168
9581,168
9582,168
9583,168
9584,168
9585,168
9586,168
9587,169
9588,169
9589,169
9590,169
9591,169
9592,169
9593,169
9594,169
9595,169
9596,169
9597,169
9598,169
9599,169
9600,170
9601,170
9602,170
9603,169
9604,170
9605,170
9606,170
9607,170
9608,170
9609,170
9610,170
9611,170
9612,170
9613,170
9614,170
9615,171
9616,171
9617,171
9618,171
9619,171
9620,171
9621,171
9622,171
9623,171
9624,171
9625,171
9626,171
9627,171
9628,171
9629,171
9630,171
9631,170
9632,170
9633,170
9634,170
9635,170
9636,170
9637,170
9638,170
9639,170
9640,170
9641,170
9642,170
9643,170
9644,170
9645,170
9646,170
9647,170
9648,170
9649,170
9650,170
9651,170
9652,170
9653,170
9654,170
9655,170
9656,170
9657,170
9658,170
9659,171
9660,171
9661,171
9662,171
9663,171
9664,171
9665,171
9666,171
9667,171
9668,170
9669,170
9670,170
9671,170
9672,170
9673,170
9674,170
9675,170
9676,170
9677,170
9678,170
9679,170
9680,170
9681,170
9682,170
9683,170
9684,170
9685,170
9686,170
9687,170
9688,170
9689,170
9690,170
9691,170
9692,170
9693,170
9694,170
9695,170
9696,170
9697,170
9698,170
9699,170
9700,171
9701,171
9702,171
9703,171
9704,170
9705,170
9706,170
9707,170
9708,170
9709,170
9710,170
9711,170
9712,170
9713,170
9714,170
9715,170
9716,170
9717,170
9718,170
9719,170
9720,170
9721,171
9722,171
9723,171
9724,171
9725,171
9726,171
9727,171
9728,171
9729,171
9730,171
9731,171
9732,171
9733,171
9734,171
9735,171
9736,171
9737,171
9738,171
9739,171
9740,171
9741,171
9742,171
9743,171
9744,171
9745,171
9746,171
9747,171
9748,172
9749,172
9750,172
9751,172
9752,172
9753,172
9754,172
9755,172
9756,172
9757,172
9758,172
9759,173
9760,173
9761,173
9762,173
9763,172
9764,173
9765,173
9766,173
9767,173
9768,173
9769,173
9770,173
9771,172
9772,173
9773,173
9774,173
9775,173
9776,173
9777,173
9778,173
9779,173
9780,173
9781,173
9782,173
9783,173
9784,173
9785,172
9786,172
9787,173
9788,173
9789,173
9790,173
9791,173
9792,173
9793,173
9794,173
9795,173
9796,173
9797,173
9798,173
9799,173
9800,173
9801,173
9802,173
9803,173
9804,173
9805,173
9806,173
9807,173
9808,173
9809,173
9810,173
9811,173
9812,172
9813,173
9814,173
9815,173
9816,173
9817,173
9818,173
9819,173
9820,173
9821,173
9822,172
9823,172
9824,172
9825,172
9826,172
9827,172
9828,172
9829,172
9830,172
9831,172
9832,173
9833,173
9834,173
9835,173
9836,173
9837,173
9838,172
9839,172
9840,173
9841,173
9842,173
9843,173
9844,173
9845,173
9846,173
9847,173
9848,173
9849,173
9850,173
9851,173
9852,173
9853,173
9854,173
9855,173
9856,173
9857,173
9858,173
9859,173
9860,173
9861,173
9862,173
9863,173
9864,173
9865,173
9866,172
9867,173
9868,173
9869,173
9870,173
9871,173
9872,173
9873,173
9874,173
9875,173
9876,173
9877,173
9878,173
9879,173
9880,173
9881,173
9882,173
9883,173
9884,173
9885,172
9886,172
9887,172
9888,173
9889,173
9890,173
9891,172
9892,172
9893,172
9894,172
9895,172
9896,172
9897,172
9898,172
9899,172
9900,172
9901,172
9902,173
9903,172
9904,173
9905,173
9906,172
9907,172
9908,172
9909,172
9910,172
9911,172
9912,172
9913,172
9914,172
9915,172
9916,172
9917,172
9918,172
9919,172
9920,172
9921,172
9922,172
9923,172
9924,172
9925,172
9926,172
9927,172
9928,172
9929,172
9930,172
9931,172
9932,172
9933,172
9934,172
9935,173
9936,173
9937,172
9938,173
9939,173
9940,173
9941,173
9942,173
9943,173
9944,174
9945,174
9946,174
9947,174
9948,174
9949,174
9950,173
9951,173
9952,173
9953,173
9954,174
9955,174
9956,174
9957,174
9958,174
9959,174
9960,174
9961,174
9962,174
9963,175
9964,175
9965,175
9966,175
9967,175
9968,175
9969,175
9970,174
9971,175
9972,175
9973,175
9974,175
9975,175
9976,175
9977,175
9978,175
9979,175
9980,175
9981,175
9982,175
9983,175
9984,175
9985,175
9986,175
9987,174
9988,174
9989,174
9990,174
9991,174
9992,174
9993,174
9994,174
9995,174
9996,174
9997,174
9998,174
9999,174
