0,150
1,150
2,150
3,150
4,150
5,150
6,150
7,150
8,149
9,150
10,149
11,149
12,149
13,150
14,150
15,149
16,149
17,149
18,149
19,149
20,149
21,149
22,149
23,149
24,149
25,149
26,149
27,149
28,148
29,149
30,148
31,148
32,148
33,149
34,149
35,149
36,149
37,149
38,149
39,149
40,149
41,150
42,149
43,149
44,150
45,150
46,150
47,150
48,150
49,150
50,150
51,150
52,150
53,150
54,150
55,150
56,149
57,149
58,149
59,149
60,150
61,149
62,150
63,150
64,149
65,150
66,150
67,150
68,150
69,150
70,150
71,150
72,150
73,149
74,149
75,149
76,149
77,149
78,149
79,149
80,149
81,149
82,148
83,148
84,148
85,148
86,148
87,148
88,148
89,148
90,148
91,148
92,148
93,148
94,148
95,148
96,148
97,147
98,148
99,148
100,147
101,148
102,148
103,148
104,148
105,148
106,148
107,148
108,148
109,148
110,148
111,148
112,148
113,148
114,148
115,147
116,148
117,148
118,148
119,148
120,148
121,148
122,148
123,148
124,148
125,148
126,148
127,148
128,148
129,148
130,148
131,147
132,147
133,147
134,147
135,147
136,147
137,147
138,147
139,147
140,147
141,147
142,147
143,147
144,147
145,147
146,147
147,147
148,147
149,147
150,147
151,147
152,147
153,148
154,148
155,148
156,148
157,147
158,148
159,148
160,148
161,148
162,147
163,148
164,148
165,148
166,147
167,147
168,147
169,147
170,147
171,147
172,147
173,147
174,147
175,147
176,147
177,147
178,147
179,147
180,147
181,147
182,147
183,147
184,147
185,147
186,147
187,147
188,147
189,147
190,147
191,147
192,147
193,147
194,147
195,147
196,147
197,147
198,147
199,147
200,147
201,147
202,147
203,147
204,148
205,148
206,148
207,148
208,148
209,148
210,148
211,148
212,148
213,148
214,148
215,149
216,149
217,149
218,149
219,149
220,149
221,149
222,149
223,149
224,149
225,149
226,149
227,149
228,149
229,149
230,149
231,150
232,150
233,150
234,150
235,150
236,150
237,150
238,150
239,150
240,150
241,151
242,151
243,151
244,151
245,150
246,151
247,151
248,151
249,151
250,151
251,151
252,151
253,151
254,151
255,151
256,151
257,151
258,150
259,151
260,151
261,151
262,150
263,150
264,150
265,151
266,151
267,151
268,151
269,151
270,151
271,151
272,151
273,151
274,151
275,151
276,150
277,150
278,150
279,150
280,150
281,151
282,150
283,151
284,151
285,151
286,150
287,150
288,150
289,150
290,150
291,150
292,150
293,150
294,150
295,150
296,150
297,150
298,150
299,150
300,150
301,150
302,150
303,150
304,150
305,150
306,150
307,150
308,150
309,150
310,150
311,150
312,150
313,150
314,149
315,150
316,149
317,150
318,150
319,149
320,149
321,150
322,150
323,150
324,150
325,150
326,150
327,150
328,150
329,150
330,150
331,150
332,150
333,150
334,149
335,149
336,149
337,149
338,149
339,150
340,149
341,149
342,149
343,149
344,150
345,150
346,149
347,149
348,149
349,150
350,150
351,150
352,150
353,150
354,149
355,149
356,150
357,150
358,150
359,149
360,150
361,150
362,150
363,150
364,149
365,150
366,149
367,149
368,149
369,149
370,149
371,149
372,150
373,150
374,150
375,150
376,150
377,150
378,150
379,150
380,150
381,149
382,149
383,149
384,149
385,149
386,149
387,149
388,149
389,149
390,149
391,149
392,149
393,149
394,149
395,149
396,150
397,149
398,149
399,149
400,149
401,149
402,149
403,149
404,149
405,149
406,148
407,148
408,148
409,148
410,148
411,149
412,148
413,149
414,149
415,149
416,149
417,149
418,149
419,149
420,149
421,149
422,149
423,149
424,149
425,149
426,149
427,149
428,149
429,149
430,149
431,149
432,149
433,149
434,148
435,148
436,148
437,148
438,149
439,149
440,148
441,149
442,149
443,149
444,149
445,149
446,149
447,149
448,149
449,149
450,149
451,149
452,149
453,149
454,149
455,149
456,149
457,149
458,149
459,149
460,149
461,149
462,149
463,149
464,149
465,149
466,149
467,149
468,149
469,149
470,149
471,148
472,148
473,148
474,148
475,148
476,148
477,148
478,148
479,148
480,148
481,148
482,148
483,148
484,148
485,148
486,148
487,149
488,149
489,149
490,149
491,149
492,149
493,149
494,150
495,150
496,150
497,150
498,149
499,149
500,149
501,149
502,149
503,149
504,149
505,149
506,149
507,149
508,149
509,149
510,149
511,149
512,149
513,148
514,148
515,148
516,148
517,148
518,148
519,148
520,148
521,148
522,148
523,148
524,149
525,148
526,148
527,148
528,148
529,149
530,149
531,148
532,148
533,148
534,148
535,148
536,148
537,148
538,148
539,148
540,148
541,148
542,148
543,148
544,149
545,149
546,149
547,149
548,149
549,149
550,149
551,149
552,149
553,149
554,149
555,149
556,149
557,149
558,149
559,149
560,149
561,149
562,149
563,149
564,149
565,149
566,149
567,149
568,149
569,149
570,149
571,149
572,149
573,149
574,149
575,149
576,149
577,149
578,149
579,149
580,149
581,149
582,149
583,150
584,149
585,149
586,149
587,149
588,149
589,149
590,149
591,149
592,149
593,148
594,148
595,148
596,148
597,149
598,148
599,148
600,148
601,149
602,149
603,148
604,148
605,148
606,148
607,148
608,148
609,148
610,148
611,148
612,148
613,148
614,148
615,148
616,149
617,149
618,148
619,148
620,149
621,149
622,149
623,148
624,149
625,149
626,149
627,149
628,149
629,149
630,149
631,148
632,148
633,148
634,148
635,148
636,148
637,148
638,148
639,148
640,148
641,148
642,148
643,148
644,148
645,148
646,148
647,148
648,149
649,149
650,149
651,149
652,149
653,149
654,149
655,149
656,149
657,149
658,149
659,149
660,149
661,149
662,149
663,148
664,149
665,149
666,149
667,148
668,149
669,148
670,148
671,149
672,149
673,149
674,149
675,148
676,148
677,148
678,148
679,148
680,148
681,148
682,148
683,148
684,148
685,148
686,148
687,148
688,148
689,148
690,148
691,148
692,148
693,147
694,148
695,148
696,148
697,148
698,148
699,148
700,148
701,147
702,147
703,147
704,148
705,148
706,148
707,148
708,148
709,148
710,148
711,148
712,148
713,148
714,148
715,147
716,147
717,148
718,147
719,148
720,148
721,148
722,148
723,148
724,148
725,148
726,147
727,147
728,148
729,147
730,147
731,148
732,147
733,148
734,148
735,147
736,147
737,147
738,147
739,147
740,147
741,147
742,148
743,147
744,147
745,147
746,147
747,147
748,148
749,148
750,148
751,148
752,148
753,147
754,147
755,147
756,147
757,147
758,147
759,147
760,147
761,147
762,148
763,148
764,148
765,148
766,148
767,148
768,147
769,148
770,148
771,148
772,148
773,148
774,148
775,148
776,148
777,148
778,148
779,148
780,147
781,148
782,148
783,148
784,148
785,148
786,148
787,148
788,148
789,148
790,147
791,148
792,147
793,147
794,147
795,147
796,147
797,147
798,147
799,147
800,147
801,147
802,147
803,148
804,148
805,148
806,148
807,148
808,147
809,147
810,148
811,148
812,148
813,147
814,147
815,147
816,147
817,147
818,147
819,147
820,147
821,147
822,147
823,147
824,147
825,147
826,147
827,146
828,146
829,146
830,146
831,145
832,145
833,145
834,145
835,145
836,145
837,146
838,146
839,146
840,146
841,146
842,146
843,146
844,146
845,146
846,146
847,146
848,146
849,146
850,146
851,146
852,146
853,146
854,146
855,146
856,146
857,146
858,147
859,147
860,147
861,147
862,147
863,147
864,147
865,147
866,147
867,147
868,147
869,147
870,147
871,147
872,147
873,148
874,148
875,148
876,148
877,148
878,148
879,148
880,148
881,148
882,148
883,148
884,148
885,148
886,148
887,147
888,148
889,148
890,148
891,148
892,148
893,148
894,147
895,148
896,148
897,148
898,148
899,148
900,148
901,148
902,148
903,148
904,148
905,148
906,148
907,148
908,148
909,148
910,148
911,148
912,148
913,148
914,148
915,148
916,147
917,148
918,147
919,147
920,147
921,147
922,147
923,147
924,147
925,148
926,148
927,148
928,148
929,148
930,148
931,148
932,148
933,148
934,148
935,148
936,148
937,148
938,148
939,148
940,148
941,148
942,148
943,148
944,147
945,147
946,147
947,147
948,148
949,148
950,148
951,148
952,148
953,148
954,148
955,149
956,149
957,149
958,149
959,149
960,149
961,149
962,149
963,149
964,149
965,149
966,149
967,149
968,149
969,149
970,149
971,150
972,150
973,150
974,150
975,150
976,150
977,150
978,150
979,150
980,150
981,149
982,149
983,149
984,150
985,150
986,149
987,150
988,150
989,150
990,150
991,150
992,150
993,150
994,150
995,150
996,150
997,151
998,150
999,150
1000,151
1001,151
1002,151
1003,151
1004,151
1005,151
1006,151
1007,151
1008,151
1009,151
1010,151
1011,150
1012,150
1013,150
1014,150
1015,150
1016,150
1017,150
1018,150
1019,150
1020,150
1021,150
1022,150
1023,150
1024,150
1025,150
1026,150
1027,150
1028,150
1029,150
1030,150
1031,150
1032,150
1033,150
1034,150
1035,150
1036,150
1037,150
1038,150
1039,149
1040,149
1041,149
1042,150
1043,150
1044,150
1045,150
1046,150
1047,150
1048,150
1049,150
1050,150
1051,150
1052,150
1053,151
1054,151
1055,151
1056,151
1057,150
1058,151
1059,150
1060,150
1061,150
1062,150
1063,150
1064,149
1065,149
1066,150
1067,150
1068,150
1069,149
1070,149
1071,149
1072,149
1073,149
1074,149
1075,149
1076,149
1077,149
1078,149
1079,149
1080,149
1081,149
1082,149
1083,149
1084,149
1085,149
1086,149
1087,149
1088,149
1089,149
1090,149
1091,149
1092,149
1093,149
1094,149
1095,149
1096,149
1097,149
1098,149
1099,149
1100,149
1101,149
1102,149
1103,149
1104,149
1105,149
1106,149
1107,149
1108,149
1109,149
1110,149
1111,149
1112,149
1113,149
1114,148
1115,149
1116,148
1117,148
1118,148
1119,149
1120,148
1121,149
1122,149
1123,149
1124,149
1125,149
1126,149
1127,149
1128,150
1129,150
1130,150
1131,149
1132,149
1133,149
1134,149
1135,149
1136,149
1137,150
1138,150
1139,150
1140,150
1141,150
1142,150
1143,150
1144,150
1145,150
1146,150
1147,150
1148,150
1149,150
1150,150
1151,150
1152,150
1153,151
1154,150
1155,150
1156,150
1157,151
1158,150
1159,150
1160,150
1161,150
1162,150
1163,150
1164,150
1165,150
1166,150
1167,150
1168,150
1169,150
1170,150
1171,150
1172,150
1173,150
1174,150
1175,150
1176,150
1177,150
1178,150
1179,150
1180,150
1181,150
1182,150
1183,150
1184,150
1185,150
1186,150
1187,150
1188,150
1189,150
1190,151
1191,151
1192,151
1193,151
1194,151
1195,151
1196,151
1197,151
1198,151
1199,151
1200,151
1201,151
1202,151
1203,151
1204,151
1205,151
1206,151
1207,151
1208,151
1209,151
1210,151
1211,151
1212,151
1213,151
1214,151
1215,151
1216,151
1217,151
1218,151
1219,151
1220,151
1221,151
1222,151
1223,151
1224,151
1225,151
1226,151
1227,151
1228,151
1229,151
1230,151
1231,151
1232,151
1233,151
1234,151
1235,152
1236,152
1237,152
1238,152
1239,152
1240,152
1241,152
1242,152
1243,152
1244,152
1245,152
1246,151
1247,151
1248,151
1249,152
1250,152
1251,152
1252,152
1253,152
1254,152
1255,152
1256,151
1257,152
1258,152
1259,152
1260,152
1261,152
1262,153
1263,153
1264,153
1265,153
1266,153
1267,153
1268,153
1269,153
1270,153
1271,153
1272,153
1273,153
1274,153
1275,153
1276,153
1277,153
1278,153
1279,153
1280,153
1281,154
1282,154
1283,154
1284,154
1285,154
1286,154
1287,154
1288,154
1289,154
1290,154
1291,153
1292,153
1293,154
1294,154
1295,154
1296,154
1297,154
1298,154
1299,154
1300,154
1301,154
1302,154
1303,154
1304,154
1305,154
1306,154
1307,154
1308,153
1309,153
1310,153
1311,153
1312,153
1313,153
1314,153
1315,153
1316,153
1317,153
1318,153
1319,153
1320,153
1321,153
1322,153
1323,153
1324,153
1325,153
1326,153
1327,153
1328,153
1329,153
1330,153
1331,153
1332,153
1333,153
1334,153
1335,153
1336,153
1337,153
1338,152
1339,152
1340,153
1341,153
1342,153
1343,153
1344,152
1345,153
1346,152
1347,152
1348,153
1349,153
1350,153
1351,153
1352,153
1353,153
1354,153
1355,153
1356,153
1357,153
1358,153
1359,153
1360,153
1361,153
1362,153
1363,153
1364,153
1365,152
1366,153
1367,153
1368,153
1369,153
1370,153
1371,153
1372,153
1373,153
1374,153
1375,153
1376,153
1377,153
1378,153
1379,153
1380,153
1381,153
1382,153
1383,153
1384,153
1385,153
1386,154
1387,154
1388,154
1389,154
1390,153
1391,153
1392,153
1393,154
1394,153
1395,154
1396,153
1397,153
1398,153
1399,154
1400,154
1401,154
1402,154
1403,154
1404,153
1405,154
1406,153
1407,154
1408,154
1409,154
1410,154
1411,154
1412,154
1413,154
1414,153
1415,153
1416,153
1417,153
1418,153
1419,153
1420,153
1421,153
1422,154
1423,153
1424,153
1425,153
1426,153
1427,153
1428,153
1429,153
1430,153
1431,153
1432,153
1433,153
1434,153
1435,152
1436,152
1437,152
1438,152
1439,152
1440,153
1441,153
1442,153
1443,153
1444,153
1445,154
1446,153
1447,153
1448,153
1449,153
1450,153
1451,153
1452,153
1453,153
1454,154
1455,154
1456,154
1457,154
1458,153
1459,153
1460,153
1461,153
1462,153
1463,153
1464,153
1465,153
1466,153
1467,153
1468,153
1469,153
1470,153
1471,153
1472,153
1473,153
1474,153
1475,153
1476,153
1477,153
1478,153
1479,153
1480,153
1481,154
1482,154
1483,154
1484,154
1485,154
1486,153
1487,154
1488,154
1489,154
1490,154
1491,154
1492,154
1493,154
1494,154
1495,154
1496,154
1497,154
1498,154
1499,154
1500,154
1501,153
1502,154
1503,154
1504,154
1505,154
1506,154
1507,154
1508,154
1509,154
1510,154
1511,154
1512,154
1513,154
1514,154
1515,154
1516,154
1517,154
1518,155
1519,155
1520,155
1521,154
1522,154
1523,155
1524,154
1525,154
1526,154
1527,154
1528,154
1529,154
1530,155
1531,155
1532,155
1533,155
1534,155
1535,155
1536,155
1537,155
1538,155
1539,156
1540,156
1541,156
1542,156
1543,156
1544,156
1545,156
1546,156
1547,156
1548,156
1549,156
1550,156
1551,155
1552,155
1553,155
1554,155
1555,155
1556,155
1557,155
1558,156
1559,155
1560,156
1561,156
1562,156
1563,156
1564,156
1565,156
1566,155
1567,156
1568,155
1569,155
1570,155
1571,155
1572,155
1573,156
1574,156
1575,156
1576,156
1577,156
1578,156
1579,156
1580,156
1581,156
1582,156
1583,156
1584,156
1585,156
1586,156
1587,156
1588,156
1589,156
1590,156
1591,157
1592,157
1593,157
1594,157
1595,156
1596,156
1597,156
1598,156
1599,157
1600,156
1601,156
1602,157
1603,157
1604,157
1605,157
1606,157
1607,157
1608,157
1609,157
1610,157
1611,157
1612,157
1613,157
1614,156
1615,156
1616,156
1617,157
1618,157
1619,157
1620,156
1621,156
1622,157
1623,157
1624,157
1625,156
1626,156
1627,156
1628,156
1629,156
1630,157
1631,156
1632,156
1633,156
1634,157
1635,157
1636,157
1637,157
1638,157
1639,157
1640,157
1641,157
1642,157
1643,157
1644,157
1645,158
1646,158
1647,158
1648,158
1649,158
1650,158
1651,158
1652,158
1653,158
1654,158
1655,158
1656,158
1657,158
1658,158
1659,158
1660,158
1661,158
1662,158
1663,159
1664,159
1665,159
1666,159
1667,159
1668,159
1669,159
1670,159
1671,159
1672,159
1673,159
1674,158
1675,159
1676,159
1677,159
1678,159
1679,159
1680,159
1681,159
1682,159
1683,159
1684,159
1685,159
1686,158
1687,159
1688,159
1689,159
1690,159
1691,159
1692,159
1693,159
1694,159
1695,159
1696,159
1697,160
1698,160
1699,160
1700,160
1701,160
1702,160
1703,160
1704,160
1705,160
1706,160
1707,159
1708,159
1709,159
1710,159
1711,159
1712,159
1713,159
1714,159
1715,159
1716,159
1717,159
1718,159
1719,159
1720,160
1721,160
1722,160
1723,159
1724,159
1725,159
1726,159
1727,159
1728,159
1729,159
1730,159
1731,159
1732,159
1733,159
1734,159
1735,159
1736,159
1737,159
1738,159
1739,159
1740,159
1741,159
1742,160
1743,160
1744,160
1745,160
1746,159
1747,159
1748,159
1749,159
1750,159
1751,159
1752,159
1753,160
1754,160
1755,160
1756,160
1757,160
1758,160
1759,160
1760,159
1761,159
1762,160
1763,160
1764,160
1765,159
1766,159
1767,160
1768,160
1769,160
1770,160
1771,160
1772,160
1773,160
1774,160
1775,160
1776,160
1777,160
1778,160
1779,160
1780,160
1781,160
1782,160
1783,160
1784,160
1785,160
1786,160
1787,160
1788,160
1789,160
1790,160
1791,160
1792,160
1793,160
1794,160
1795,160
1796,160
1797,160
1798,161
1799,161
1800,161
1801,161
1802,161
1803,161
1804,161
1805,161
1806,161
1807,161
1808,161
1809,161
1810,161
1811,161
1812,161
1813,161
1814,161
1815,161
1816,161
1817,161
1818,161
1819,161
1820,161
1821,161
1822,161
1823,161
1824,161
1825,161
1826,161
1827,161
1828,161
1829,161
1830,161
1831,161
1832,161
1833,161
1834,161
1835,161
1836,161
1837,162
1838,162
1839,162
1840,162
1841,162
1842,162
1843,161
1844,162
1845,162
1846,162
1847,162
1848,162
1849,162
1850,162
1851,162
1852,162
1853,162
1854,162
1855,162
1856,162
1857,162
1858,163
1859,163
1860,163
1861,163
1862,163
1863,163
1864,162
1865,163
1866,163
1867,162
1868,162
1869,162
1870,162
1871,163
1872,163
1873,163
1874,162
1875,163
1876,163
1877,163
1878,164
1879,164
1880,164
1881,164
1882,164
1883,164
1884,164
1885,164
1886,164
1887,164
1888,164
1889,164
1890,164
1891,164
1892,164
1893,164
1894,163
1895,164
1896,163
1897,163
1898,164
1899,163
1900,163
1901,164
1902,164
1903,164
1904,164
1905,163
1906,163
1907,163
1908,163
1909,164
1910,164
1911,164
1912,164
1913,163
1914,163
1915,163
1916,163
1917,163
1918,163
1919,163
1920,163
1921,163
1922,163
1923,163
1924,164
1925,164
1926,164
1927,164
1928,164
1929,164
1930,164
1931,164
1932,164
1933,164
1934,164
1935,164
1936,165
1937,165
1938,165
1939,165
1940,165
1941,165
1942,164
1943,165
1944,165
1945,165
1946,165
1947,165
1948,165
1949,165
1950,165
1951,165
1952,165
1953,165
1954,165
1955,165
1956,165
1957,165
1958,164
1959,164
1960,165
1961,165
1962,165
1963,165
1964,165
1965,165
1966,165
1967,165
1968,165
1969,165
1970,165
1971,165
1972,165
1973,164
1974,164
1975,164
1976,165
1977,165
1978,165
1979,165
1980,165
1981,165
1982,165
1983,165
1984,165
1985,165
1986,165
1987,165
1988,165
1989,166
1990,165
1991,165
1992,165
1993,165
1994,165
1995,165
1996,165
1997,165
1998,165
1999,165
2000,165
2001,164
2002,164
2003,164
2004,164
2005,164
2006,164
2007,164
2008,165
2009,164
2010,165
2011,165
2012,165
2013,165
2014,166
2015,166
2016,166
2017,166
2018,166
2019,166
2020,166
2021,166
2022,166
2023,166
2024,166
2025,166
2026,165
2027,166
2028,165
2029,165
2030,165
2031,165
2032,166
2033,166
2034,165
2035,165
2036,165
2037,165
2038,165
2039,165
2040,165
2041,165
2042,165
2043,165
2044,165
2045,165
2046,165
2047,165
2048,165
2049,165
2050,165
2051,165
2052,166
2053,166
2054,165
2055,165
2056,165
2057,165
2058,165
2059,165
2060,165
2061,165
2062,165
2063,165
2064,164
2065,164
2066,165
2067,165
2068,165
2069,165
2070,165
2071,165
2072,165
2073,165
2074,165
2075,165
2076,165
2077,165
2078,165
2079,164
2080,164
2081,164
2082,165
2083,165
2084,165
2085,166
2086,166
2087,166
2088,165
2089,165
2090,166
2091,166
2092,166
2093,166
2094,166
2095,165
2096,166
2097,165
2098,165
2099,165
2100,165
2101,165
2102,165
2103,165
2104,165
2105,165
2106,165
2107,164
2108,165
2109,165
2110,165
2111,165
2112,165
2113,165
2114,165
2115,165
2116,165
2117,165
2118,165
2119,165
2120,165
2121,164
2122,164
2123,164
2124,164
2125,164
2126,165
2127,165
2128,165
2129,165
2130,165
2131,165
2132,165
2133,165
2134,165
2135,165
2136,165
2137,165
2138,164
2139,165
2140,164
2141,165
2142,165
2143,165
2144,165
2145,164
2146,164
2147,165
2148,165
2149,165
2150,165
2151,165
2152,164
2153,165
2154,165
2155,165
2156,165
2157,165
2158,165
2159,165
2160,165
2161,165
2162,165
2163,165
2164,165
2165,165
2166,165
2167,165
2168,165
2169,165
2170,165
2171,165
2172,165
2173,165
2174,165
2175,165
2176,165
2177,165
2178,165
2179,165
2180,165
2181,166
2182,166
2183,166
2184,166
2185,166
2186,166
2187,166
2188,166
2189,166
2190,166
2191,166
2192,166
2193,166
2194,166
2195,166
2196,166
2197,166
2198,166
2199,166
2200,165
2201,166
2202,166
2203,166
2204,166
2205,166
2206,166
2207,166
2208,166
2209,166
2210,167
2211,166
2212,166
2213,166
2214,166
2215,166
2216,167
2217,167
2218,167
2219,167
2220,166
2221,167
2222,167
2223,167
2224,166
2225,167
2226,167
2227,166
2228,167
2229,166
2230,166
2231,166
2232,166
2233,166
2234,167
2235,166
2236,167
2237,167
2238,167
2239,167
2240,167
2241,167
2242,167
2243,167
2244,167
2245,167
2246,167
2247,167
2248,167
2249,168
2250,168
2251,168
2252,168
2253,168
2254,168
2255,168
2256,168
2257,168
2258,168
2259,168
2260,168
2261,168
2262,168
2263,168
2264,168
2265,169
2266,168
2267,168
2268,168
2269,168
2270,168
2271,168
2272,168
2273,167
2274,167
2275,167
2276,167
2277,167
2278,167
2279,167
2280,167
2281,167
2282,167
2283,167
2284,167
2285,167
2286,167
2287,167
2288,167
2289,167
2290,167
2291,167
2292,168
2293,168
2294,168
2295,168
2296,168
2297,168
2298,168
2299,168
2300,168
2301,168
2302,168
2303,168
2304,169
2305,169
2306,169
2307,169
2308,169
2309,169
2310,169
2311,169
2312,169
2313,169
2314,169
2315,169
2316,168
2317,168
2318,169
2319,169
2320,169
2321,169
2322,169
2323,169
2324,169
2325,169
2326,169
2327,169
2328,169
2329,169
2330,169
2331,168
2332,168
2333,168
2334,168
2335,168
2336,168
2337,168
2338,169
2339,169
2340,169
2341,168
2342,169
2343,169
2344,169
2345,169
2346,169
2347,169
2348,169
2349,169
2350,169
2351,169
2352,169
2353,169
2354,169
2355,169
2356,169
2357,169
2358,169
2359,169
2360,169
2361,169
2362,169
2363,169
2364,169
2365,169
2366,169
2367,168
2368,169
2369,169
2370,168
2371,168
2372,168
2373,168
2374,168
2375,168
2376,168
2377,169
2378,168
2379,168
2380,168
2381,168
2382,168
2383,168
2384,168
2385,168
2386,168
2387,168
2388,168
2389,168
2390,168
2391,168
2392,168
2393,168
2394,168
2395,168
2396,168
2397,168
2398,168
2399,168
2400,168
2401,168
2402,168
2403,168
2404,169
2405,169
2406,168
2407,168
2408,168
2409,169
2410,169
2411,169
2412,169
2413,169
2414,169
2415,169
2416,169
2417,169
2418,169
2419,169
2420,169
2421,169
2422,169
2423,170
2424,170
2425,170
2426,170
2427,170
2428,171
2429,171
2430,170
2431,171
2432,170
2433,170
2434,170
2435,170
2436,170
2437,170
2438,170
2439,170
2440,170
2441,170
2442,170
2443,170
2444,170
2445,170
2446,170
2447,170
2448,170
2449,170
2450,170
2451,170
2452,170
2453,170
2454,170
2455,170
2456,170
2457,170
2458,170
2459,170
2460,170
2461,170
2462,170
2463,170
2464,170
2465,170
2466,170
2467,170
2468,170
2469,169
2470,169
2471,169
2472,169
2473,169
2474,169
2475,170
2476,170
2477,170
2478,169
2479,169
2480,169
2481,169
2482,169
2483,169
2484,170
2485,170
2486,170
2487,170
2488,170
2489,170
2490,169
2491,169
2492,169
2493,169
2494,169
2495,169
2496,169
2497,169
2498,169
2499,169
2500,169
2501,168
2502,168
2503,169
2504,169
2505,169
2506,169
2507,169
2508,169
2509,168
2510,169
2511,169
2512,169
2513,169
2514,169
2515,169
2516,169
2517,169
2518,169
2519,169
2520,169
2521,169
2522,169
2523,169
2524,169
2525,169
2526,169
2527,169
2528,169
2529,169
2530,169
2531,169
2532,169
2533,169
2534,169
2535,169
2536,168
2537,168
2538,168
2539,168
2540,168
2541,168
2542,168
2543,167
2544,167
2545,168
2546,167
2547,167
2548,167
2549,167
2550,167
2551,167
2552,167
2553,168
2554,168
2555,168
2556,168
2557,168
2558,167
2559,167
2560,168
2561,168
2562,168
2563,168
2564,167
2565,168
2566,168
2567,168
2568,168
2569,168
2570,168
2571,168
2572,168
2573,168
2574,168
2575,168
2576,168
2577,168
2578,168
2579,168
2580,168
2581,168
2582,168
2583,168
2584,168
2585,168
2586,168
2587,168
2588,168
2589,168
2590,168
2591,168
2592,168
2593,168
2594,168
2595,168
2596,168
2597,168
2598,168
2599,168
2600,168
2601,168
2602,168
2603,168
2604,168
2605,167
2606,167
2607,168
2608,168
2609,168
2610,168
2611,167
2612,167
2613,167
2614,167
2615,167
2616,168
2617,168
2618,168
2619,168
2620,168
2621,168
2622,168
2623,168
2624,167
2625,167
2626,168
2627,167
2628,167
2629,167
2630,167
2631,167
2632,168
2633,168
2634,168
2635,168
2636,168
2637,168
2638,167
2639,167
2640,167
2641,167
2642,168
2643,167
2644,168
2645,167
2646,168
2647,168
2648,168
2649,168
2650,167
2651,168
2652,168
2653,167
2654,167
2655,168
2656,168
2657,167
2658,168
2659,168
2660,168
2661,168
2662,168
2663,168
2664,168
2665,168
2666,168
2667,168
2668,168
2669,168
2670,168
2671,168
2672,168
2673,168
2674,168
2675,168
2676,168
2677,168
2678,168
2679,168
2680,168
2681,168
2682,168
2683,168
2684,168
2685,168
2686,168
2687,168
2688,168
2689,168
2690,168
2691,168
2692,168
2693,168
2694,168
2695,168
2696,168
2697,168
2698,168
2699,168
2700,168
2701,168
2702,168
2703,168
2704,168
2705,168
2706,169
2707,169
2708,169
2709,169
2710,169
2711,169
2712,169
2713,169
2714,169
2715,169
2716,169
2717,169
2718,169
2719,169
2720,170
2721,170
2722,170
2723,170
2724,170
2725,170
2726,170
2727,170
2728,170
2729,170
2730,170
2731,170
2732,170
2733,170
2734,170
2735,170
2736,170
2737,170
2738,170
2739,170
2740,170
2741,170
2742,170
2743,170
2744,170
2745,170
2746,170
2747,170
2748,170
2749,170
2750,170
2751,170
2752,170
2753,170
2754,170
2755,170
2756,170
2757,170
2758,170
2759,170
2760,170
2761,170
2762,170
2763,170
2764,169
2765,169
2766,170
2767,170
2768,170
2769,170
2770,170
2771,170
2772,170
2773,169
2774,170
2775,170
2776,170
2777,169
2778,169
2779,169
2780,169
2781,169
2782,170
2783,170
2784,169
2785,169
2786,170
2787,170
2788,170
2789,170
2790,170
2791,170
2792,170
2793,170
2794,170
2795,169
2796,170
2797,170
2798,170
2799,170
2800,170
2801,169
2802,169
2803,169
2804,169
2805,169
2806,169
2807,169
2808,169
2809,169
2810,168
2811,168
2812,169
2813,169
2814,169
2815,169
2816,169
2817,169
2818,169
2819,168
2820,168
2821,168
2822,168
2823,168
2824,168
2825,168
2826,168
2827,169
2828,169
2829,169
2830,169
2831,169
2832,169
2833,169
2834,169
2835,169
2836,168
2837,169
2838,169
2839,168
2840,169
2841,169
2842,169
2843,169
2844,169
2845,169
2846,169
2847,169
2848,169
2849,169
2850,169
2851,169
2852,169
2853,169
2854,169
2855,169
2856,169
2857,169
2858,169
2859,169
2860,169
2861,169
2862,169
2863,169
2864,169
2865,169
2866,169
2867,169
2868,169
2869,170
2870,170
2871,170
2872,170
2873,170
2874,170
2875,170
2876,170
2877,170
2878,170
2879,170
2880,170
2881,170
2882,170
2883,170
2884,170
2885,171
2886,170
2887,170
2888,170
2889,170
2890,170
2891,170
2892,170
2893,170
2894,170
2895,170
2896,170
2897,170
2898,170
2899,170
2900,170
2901,170
2902,170
2903,170
2904,170
2905,170
2906,170
2907,170
2908,170
2909,170
2910,171
2911,171
2912,171
2913,171
2914,171
2915,171
2916,171
2917,171
2918,171
2919,171
2920,171
2921,170
2922,171
2923,170
2924,171
2925,171
2926,170
2927,171
2928,171
2929,171
2930,171
2931,171
2932,171
2933,171
2934,171
2935,171
2936,171
2937,172
2938,171
2939,172
2940,171
2941,172
2942,172
2943,171
2944,171
2945,172
2946,172
2947,172
2948,172
2949,172
2950,172
2951,172
2952,172
2953,172
2954,172
2955,172
2956,172
2957,172
2958,171
2959,171
2960,171
2961,171
2962,171
2963,171
2964,171
2965,171
2966,171
2967,171
2968,171
2969,171
2970,171
2971,171
2972,171
2973,171
2974,171
2975,171
2976,171
2977,171
2978,171
2979,171
2980,171
2981,171
2982,171
2983,171
2984,171
2985,171
2986,170
2987,170
2988,170
2989,170
2990,170
2991,170
2992,170
2993,170
2994,170
2995,170
2996,170
2997,170
2998,170
2999,170
3000,170
3001,170
3002,170
3003,170
3004,170
3005,170
3006,170
3007,170
3008,170
3009,170
3010,170
3011,170
3012,170
3013,170
3014,170
3015,170
3016,170
3017,170
3018,170
3019,170
3020,170
3021,170
3022,170
3023,170
3024,170
3025,170
3026,170
3027,170
3028,170
3029,170
3030,170
3031,170
3032,170
3033,170
3034,170
3035,171
3036,171
3037,171
3038,171
3039,171
3040,172
3041,172
3042,171
3043,171
3044,172
3045,172
3046,172
3047,172
3048,171
3049,172
3050,172
3051,172
3052,172
3053,172
3054,172
3055,172
3056,172
3057,172
3058,172
3059,172
3060,171
3061,171
3062,171
3063,171
3064,172
3065,172
3066,172
3067,172
3068,172
3069,172
3070,172
3071,172
3072,172
3073,172
3074,172
3075,172
3076,172
3077,172
3078,172
3079,172
3080,172
3081,172
3082,172
3083,172
3084,172
3085,172
3086,172
3087,172
3088,172
3089,172
3090,172
3091,172
3092,172
3093,171
3094,171
3095,171
3096,171
3097,172
3098,171
3099,172
3100,171
3101,171
3102,171
3103,171
3104,172
3105,172
3106,172
3107,172
3108,172
3109,172
3110,172
3111,172
3112,172
3113,172
3114,172
3115,172
3116,172
3117,172
3118,172
3119,172
3120,172
3121,172
3122,172
3123,172
3124,172
3125,172
3126,172
3127,172
3128,172
3129,172
3130,172
3131,172
3132,172
3133,172
3134,173
3135,173
3136,173
3137,173
3138,173
3139,173
3140,173
3141,173
3142,173
3143,173
3144,173
3145,173
3146,173
3147,173
3148,173
3149,173
3150,173
3151,173
3152,173
3153,172
3154,172
3155,172
3156,172
3157,173
3158,173
3159,173
3160,173
3161,173
3162,172
3163,172
3164,172
3165,172
3166,172
3167,172
3168,172
3169,172
3170,172
3171,173
3172,172
3173,172
3174,172
3175,172
3176,172
3177,172
3178,172
3179,171
3180,171
3181,172
3182,172
3183,172
3184,172
3185,172
3186,172
3187,172
3188,172
3189,172
3190,172
3191,172
3192,173
3193,173
3194,173
3195,173
3196,173
3197,172
3198,173
3199,173
3200,173
3201,173
3202,173
3203,173
3204,173
3205,173
3206,173
3207,173
3208,173
3209,173
3210,173
3211,173
3212,173
3213,173
3214,173
3215,173
3216,173
3217,173
3218,173
3219,174
3220,174
3221,174
3222,174
3223,174
3224,174
3225,174
3226,174
3227,174
3228,174
3229,174
3230,174
3231,174
3232,174
3233,173
3234,173
3235,173
3236,173
3237,174
3238,174
3239,174
3240,174
3241,174
3242,174
3243,174
3244,174
3245,174
3246,174
3247,174
3248,174
3249,174
3250,174
3251,174
3252,174
3253,174
3254,174
3255,174
3256,174
3257,173
3258,173
3259,173
3260,173
3261,173
3262,173
3263,173
3264,173
3265,173
3266,173
3267,173
3268,173
3269,173
3270,173
3271,173
3272,173
3273,173
3274,173
3275,172
3276,173
3277,173
3278,173
3279,173
3280,173
3281,173
3282,173
3283,174
3284,174
3285,174
3286,174
3287,174
3288,174
3289,174
3290,174
3291,174
3292,174
3293,174
3294,174
3295,174
3296,174
3297,174
3298,174
3299,174
3300,174
3301,174
3302,174
3303,174
3304,174
3305,173
3306,173
3307,173
3308,173
3309,174
3310,174
3311,174
3312,174
3313,174
3314,174
3315,175
3316,174
3317,175
3318,174
3319,175
3320,175
3321,175
3322,175
3323,175
3324,175
3325,175
3326,175
3327,175
3328,175
3329,175
3330,175
3331,175
3332,176
3333,176
3334,175
3335,175
3336,175
3337,175
3338,176
3339,176
3340,176
3341,176
3342,176
3343,176
3344,176
3345,175
3346,175
3347,175
3348,176
3349,176
3350,175
3351,175
3352,175
3353,175
3354,175
3355,175
3356,176
3357,176
3358,176
3359,176
3360,176
3361,175
3362,175
3363,175
3364,175
3365,175
3366,175
3367,175
3368,175
3369,175
3370,175
3371,175
3372,175
3373,176
3374,176
3375,176
3376,176
3377,176
3378,176
3379,175
3380,175
3381,175
3382,175
3383,175
3384,174
3385,174
3386,174
3387,175
3388,175
3389,175
3390,175
3391,175
3392,175
3393,176
3394,176
3395,176
3396,176
3397,176
3398,176
3399,176
3400,177
3401,177
3402,177
3403,177
3404,177
3405,177
3406,177
3407,177
3408,178
3409,178
3410,178
3411,178
3412,178
3413,178
3414,178
3415,178
3416,178
3417,178
3418,178
3419,178
3420,178
3421,178
3422,178
3423,178
3424,178
3425,178
3426,178
3427,178
3428,178
3429,178
3430,178
3431,178
3432,178
3433,178
3434,178
3435,178
3436,178
3437,178
3438,178
3439,178
3440,178
3441,178
3442,178
3443,178
3444,178
3445,178
3446,178
3447,177
3448,177
3449,176
3450,177
3451,177
3452,176
3453,176
3454,176
3455,176
3456,177
3457,177
3458,177
3459,177
3460,177
3461,177
3462,177
3463,177
3464,177
3465,177
3466,177
3467,177
3468,177
3469,177
3470,177
3471,177
3472,178
3473,178
3474,178
3475,178
3476,179
3477,179
3478,179
3479,179
3480,179
3481,179
3482,179
3483,179
3484,178
3485,178
3486,178
3487,178
3488,178
3489,178
3490,178
3491,178
3492,178
3493,178
3494,177
3495,177
3496,177
3497,177
3498,177
3499,178
3500,178
3501,178
3502,178
3503,178
3504,178
3505,178
3506,178
3507,178
3508,177
3509,178
3510,178
3511,178
3512,178
3513,178
3514,178
3515,178
3516,178
3517,178
3518,177
3519,177
3520,177
3521,177
3522,177
3523,177
3524,177
3525,177
3526,177
3527,177
3528,177
3529,177
3530,177
3531,177
3532,177
3533,177
3534,177
3535,177
3536,177
3537,177
3538,178
3539,178
3540,177
3541,177
3542,178
3543,178
3544,178
3545,178
3546,177
3547,178
3548,178
3549,178
3550,178
3551,178
3552,178
3553,178
3554,178
3555,177
3556,178
3557,178
3558,178
3559,178
3560,178
3561,178
3562,178
3563,178
3564,178
3565,178
3566,178
3567,178
3568,178
3569,178
3570,179
3571,179
3572,179
3573,179
3574,178
3575,179
3576,179
3577,179
3578,179
3579,179
3580,178
3581,179
3582,179
3583,179
3584,179
3585,179
3586,179
3587,179
3588,179
3589,179
3590,180
3591,180
3592,179
3593,179
3594,179
3595,180
3596,180
3597,180
3598,180
3599,181
3600,181
3601,181
3602,181
3603,181
3604,181
3605,181
3606,180
3607,181
3608,181
3609,181
3610,181
3611,181
3612,181
3613,181
3614,181
3615,181
3616,181
3617,181
3618,181
3619,181
3620,181
3621,181
3622,181
3623,181
3624,181
3625,181
3626,182
3627,182
3628,182
3629,182
3630,182
3631,182
3632,182
3633,182
3634,182
3635,182
3636,182
3637,182
3638,182
3639,182
3640,182
3641,182
3642,182
3643,182
3644,182
3645,182
3646,182
3647,182
3648,182
3649,182
3650,182
3651,182
3652,182
3653,182
3654,182
3655,182
3656,182
3657,182
3658,182
3659,182
3660,182
3661,182
3662,182
3663,182
3664,182
3665,182
3666,182
3667,182
3668,182
3669,182
3670,183
3671,183
3672,183
3673,182
3674,182
3675,183
3676,183
3677,183
3678,183
3679,183
3680,183
3681,183
3682,183
3683,183
3684,183
3685,183
3686,183
3687,183
3688,183
3689,183
3690,183
3691,183
3692,183
3693,183
3694,183
3695,183
3696,183
3697,183
3698,184
3699,184
3700,184
3701,184
3702,184
3703,184
3704,184
3705,184
3706,184
3707,184
3708,184
3709,184
3710,184
3711,184
3712,184
3713,184
3714,184
3715,184
3716,184
3717,184
3718,184
3719,184
3720,184
3721,184
3722,184
3723,184
3724,183
3725,183
3726,183
3727,183
3728,182
3729,182
3730,182
3731,183
3732,183
3733,183
3734,183
3735,183
3736,183
3737,183
3738,183
3739,183
3740,183
3741,183
3742,183
3743,183
3744,183
3745,183
3746,182
3747,182
3748,182
3749,182
3750,182
3751,182
3752,182
3753,183
3754,183
3755,183
3756,183
3757,183
3758,183
3759,183
3760,183
3761,183
3762,183
3763,184
3764,184
3765,183
3766,184
3767,184
3768,184
3769,184
3770,184
3771,184
3772,184
3773,184
3774,184
3775,184
3776,184
3777,184
3778,184
3779,184
3780,184
3781,184
3782,185
3783,185
3784,185
3785,185
3786,185
3787,185
3788,185
3789,185
3790,185
3791,185
3792,185
3793,185
3794,185
3795,185
3796,185
3797,185
3798,185
3799,185
3800,185
3801,185
3802,185
3803,186
3804,186
3805,186
3806,186
3807,186
3808,186
3809,186
3810,186
3811,186
3812,186
3813,186
3814,186
3815,186
3816,186
3817,186
3818,185
3819,186
3820,186
3821,186
3822,186
3823,185
3824,185
3825,185
3826,185
3827,185
3828,185
3829,185
3830,185
3831,185
3832,185
3833,185
3834,184
3835,184
3836,185
3837,185
3838,185
3839,185
3840,185
3841,185
3842,185
3843,185
3844,185
3845,185
3846,185
3847,185
3848,185
3849,185
3850,185
3851,185
3852,185
3853,185
3854,185
3855,185
3856,185
3857,184
3858,184
3859,184
3860,184
3861,183
3862,184
3863,184
3864,184
3865,184
3866,184
3867,184
3868,183
3869,183
3870,183
3871,183
3872,184
3873,184
3874,184
3875,184
3876,184
3877,184
3878,184
3879,184
3880,185
3881,185
3882,184
3883,184
3884,185
3885,185
3886,185
3887,185
3888,185
3889,185
3890,185
3891,185
3892,185
3893,185
3894,185
3895,185
3896,185
3897,185
3898,185
3899,185
3900,185
3901,185
3902,185
3903,185
3904,185
3905,185
3906,185
3907,185
3908,185
3909,184
3910,185
3911,185
3912,185
3913,185
3914,185
3915,185
3916,185
3917,185
3918,185
3919,185
3920,185
3921,185
3922,185
3923,185
3924,185
3925,185
3926,185
3927,185
3928,185
3929,184
3930,184
3931,184
3932,184
3933,184
3934,184
3935,184
3936,184
3937,184
3938,184
3939,184
3940,184
3941,184
3942,184
3943,184
3944,184
3945,184
3946,184
3947,184
3948,184
3949,184
3950,184
3951,184
3952,184
3953,183
3954,183
3955,183
3956,183
3957,183
3958,183
3959,183
3960,183
3961,182
3962,182
3963,182
3964,182
3965,182
3966,182
3967,182
3968,182
3969,181
3970,182
3971,181
3972,181
3973,181
3974,181
3975,181
3976,182
3977,182
3978,181
3979,181
3980,181
3981,181
3982,181
3983,181
3984,181
3985,181
3986,181
3987,181
3988,181
3989,181
3990,181
3991,181
3992,180
3993,180
3994,180
3995,180
3996,180
3997,180
3998,180
3999,180
4000,180
4001,180
4002,180
4003,180
4004,181
4005,181
4006,181
4007,181
4008,181
4009,181
4010,181
4011,181
4012,181
4013,180
4014,180
4015,180
4016,181
4017,181
4018,180
4019,180
4020,180
4021,180
4022,180
4023,180
4024,180
4025,180
4026,179
4027,180
4028,180
4029,180
4030,180
4031,180
4032,180
4033,180
4034,180
4035,180
4036,181
4037,181
4038,181
4039,181
4040,181
4041,181
4042,181
4043,181
4044,182
4045,183
4046,183
4047,183
4048,183
4049,183
4050,183
4051,182
4052,182
4053,182
4054,182
4055,182
4056,182
4057,182
4058,181
4059,182
4060,182
4061,181
4062,181
4063,182
4064,182
4065,182
4066,182
4067,182
4068,182
4069,182
4070,182
4071,182
4072,182
4073,182
4074,182
4075,182
4076,183
4077,182
4078,183
4079,183
4080,183
4081,183
4082,183
4083,183
4084,183
4085,183
4086,183
4087,183
4088,183
4089,184
4090,183
4091,184
4092,184
4093,184
4094,184
4095,184
4096,184
4097,184
4098,184
4099,184
4100,184
4101,184
4102,185
4103,185
4104,185
4105,185
4106,185
4107,185
4108,185
4109,185
4110,185
4111,185
4112,185
4113,186
4114,186
4115,186
4116,186
4117,186
4118,186
4119,186
4120,187
4121,187
4122,187
4123,187
4124,187
4125,188
4126,188
4127,188
4128,188
4129,188
4130,188
4131,188
4132,188
4133,188
4134,188
4135,188
4136,188
4137,188
4138,188
4139,188
4140,188
4141,188
4142,187
4143,187
4144,187
4145,187
4146,187
4147,187
4148,187
4149,187
4150,187
4151,187
4152,187
4153,187
4154,187
4155,188
4156,188
4157,188
4158,187
4159,188
4160,188
4161,188
4162,188
4163,188
4164,188
4165,187
4166,188
4167,188
4168,188
4169,188
4170,188
4171,188
4172,188
4173,188
4174,188
4175,188
4176,187
4177,187
4178,187
4179,187
4180,187
4181,187
4182,187
4183,187
4184,187
4185,187
4186,187
4187,187
4188,187
4189,187
4190,188
4191,188
4192,188
4193,188
4194,188
4195,188
4196,188
4197,188
4198,188
4199,188
4200,188
4201,188
4202,188
4203,188
4204,189
4205,189
4206,189
4207,189
4208,189
4209,188
4210,188
4211,188
4212,189
4213,189
4214,189
4215,189
4216,189
4217,189
4218,189
4219,189
4220,188
4221,188
4222,188
4223,188
4224,188
4225,188
4226,188
4227,188
4228,188
4229,188
4230,189
4231,189
4232,189
4233,189
4234,189
4235,189
4236,189
4237,189
4238,190
4239,190
4240,190
4241,189
4242,189
4243,189
4244,190
4245,190
4246,189
4247,190
4248,189
4249,190
4250,190
4251,190
4252,189
4253,190
4254,190
4255,190
4256,190
4257,190
4258,190
4259,190
4260,190
4261,190
4262,189
4263,189
4264,189
4265,189
4266,189
4267,190
4268,189
4269,189
4270,189
4271,190
4272,190
4273,190
4274,190
4275,190
4276,190
4277,190
4278,190
4279,190
4280,190
4281,190
4282,190
4283,190
4284,190
4285,190
4286,190
4287,190
4288,190
4289,191
4290,190
4291,190
4292,190
4293,190
4294,190
4295,190
4296,190
4297,190
4298,190
4299,191
4300,191
4301,191
4302,191
4303,191
4304,191
4305,191
4306,191
4307,191
4308,191
4309,191
4310,191
4311,191
4312,191
4313,192
4314,191
4315,192
4316,192
4317,191
4318,192
4319,191
4320,192
4321,192
4322,192
4323,192
4324,192
4325,192
4326,192
4327,192
4328,192
4329,192
4330,192
4331,192
4332,192
4333,192
4334,192
4335,192
4336,192
4337,192
4338,192
4339,192
4340,192
4341,192
4342,192
4343,192
4344,192
4345,193
4346,192
4347,193
4348,193
4349,193
4350,193
4351,193
4352,193
4353,192
4354,192
4355,192
4356,192
4357,192
4358,192
4359,192
4360,193
4361,193
4362,192
4363,192
4364,192
4365,192
4366,192
4367,192
4368,192
4369,192
4370,192
4371,191
4372,192
4373,191
4374,192
4375,192
4376,191
4377,191
4378,191
4379,191
4380,191
4381,191
4382,191
4383,191
4384,191
4385,192
4386,192
4387,192
4388,192
4389,192
4390,192
4391,192
4392,192
4393,192
4394,192
4395,193
4396,193
4397,193
4398,193
4399,193
4400,193
4401,193
4402,193
4403,193
4404,193
4405,193
4406,193
4407,193
4408,193
4409,193
4410,193
4411,193
4412,193
4413,193
4414,193
4415,193
4416,193
4417,193
4418,193
4419,193
4420,193
4421,193
4422,194
4423,194
4424,194
4425,194
4426,193
4427,193
4428,193
4429,194
4430,194
4431,194
4432,193
4433,193
4434,194
4435,194
4436,193
4437,194
4438,194
4439,194
4440,194
4441,194
4442,194
4443,194
4444,194
4445,194
4446,193
4447,194
4448,194
4449,194
4450,194
4451,194
4452,194
4453,193
4454,193
4455,193
4456,193
4457,194
4458,194
4459,194
4460,194
4461,194
4462,194
4463,194
4464,194
4465,194
4466,194
4467,194
4468,195
4469,195
4470,195
4471,195
4472,195
4473,195
4474,195
4475,195
4476,194
4477,194
4478,194
4479,195
4480,195
4481,194
4482,194
4483,194
4484,195
4485,194
4486,194
4487,195
4488,195
4489,195
4490,194
4491,195
4492,195
4493,195
4494,195
4495,195
4496,195
4497,195
4498,194
4499,195
4500,195
4501,195
4502,195
4503,195
4504,195
4505,194
4506,194
4507,194
4508,193
4509,193
4510,194
4511,193
4512,194
4513,194
4514,194
4515,194
4516,194
4517,194
4518,195
4519,195
4520,194
4521,195
4522,195
4523,195
4524,195
4525,195
4526,195
4527,195
4528,195
4529,194
4530,194
4531,194
4532,194
4533,194
4534,194
4535,195
4536,195
4537,194
4538,194
4539,194
4540,194
4541,194
4542,194
4543,194
4544,194
4545,194
4546,194
4547,194
4548,194
4549,194
4550,194
4551,193
4552,194
4553,194
4554,193
4555,193
4556,193
4557,193
4558,193
4559,193
4560,194
4561,194
4562,194
4563,194
4564,194
4565,194
4566,194
4567,194
4568,194
4569,194
4570,194
4571,194
4572,194
4573,194
4574,194
4575,194
4576,194
4577,194
4578,194
4579,194
4580,194
4581,194
4582,194
4583,194
4584,194
4585,193
4586,193
4587,193
4588,193
4589,193
4590,193
4591,193
4592,193
4593,193
4594,193
4595,193
4596,193
4597,193
4598,193
4599,193
4600,193
4601,193
4602,193
4603,193
4604,193
4605,193
4606,193
4607,193
4608,193
4609,194
4610,194
4611,194
4612,194
4613,194
4614,194
4615,194
4616,194
4617,194
4618,194
4619,194
4620,194
4621,194
4622,194
4623,194
4624,194
4625,194
4626,194
4627,194
4628,194
4629,194
4630,194
4631,194
4632,194
4633,194
4634,194
4635,194
4636,194
4637,194
4638,194
4639,194
4640,194
4641,194
4642,194
4643,194
4644,194
4645,194
4646,194
4647,194
4648,194
4649,195
4650,194
4651,194
4652,194
4653,194
4654,194
4655,194
4656,194
4657,194
4658,195
4659,195
4660,195
4661,195
4662,195
4663,195
4664,195
4665,195
4666,195
4667,196
4668,195
4669,195
4670,195
4671,195
4672,195
4673,195
4674,195
4675,195
4676,195
4677,195
4678,195
4679,195
4680,195
4681,195
4682,195
4683,195
4684,195
4685,194
4686,195
4687,195
4688,195
4689,195
4690,195
4691,195
4692,195
4693,195
4694,195
4695,195
4696,195
4697,195
4698,195
4699,195
4700,195
4701,195
4702,195
4703,194
4704,194
4705,194
4706,194
4707,194
4708,194
4709,194
4710,194
4711,194
4712,194
4713,194
4714,194
4715,194
4716,194
4717,194
4718,194
4719,194
4720,193
4721,193
4722,193
4723,193
4724,193
4725,194
4726,194
4727,194
4728,194
4729,194
4730,194
4731,194
4732,194
4733,194
4734,194
4735,194
4736,194
4737,194
4738,194
4739,193
4740,193
4741,193
4742,193
4743,193
4744,193
4745,193
4746,193
4747,193
4748,193
4749,193
4750,193
4751,193
4752,193
4753,193
4754,192
4755,192
4756,192
4757,192
4758,192
4759,192
4760,192
4761,192
4762,192
4763,192
4764,192
4765,192
4766,193
4767,192
4768,193
4769,193
4770,193
4771,193
4772,192
4773,192
4774,193
4775,193
4776,192
4777,192
4778,192
4779,192
4780,192
4781,192
4782,192
4783,192
4784,192
4785,192
4786,192
4787,192
4788,192
4789,192
4790,192
4791,192
4792,192
4793,192
4794,192
4795,192
4796,192
4797,192
4798,192
4799,192
4800,192
4801,192
4802,192
4803,192
4804,192
4805,192
4806,192
4807,192
4808,192
4809,192
4810,192
4811,192
4812,192
4813,192
4814,192
4815,192
4816,192
4817,192
4818,192
4819,192
4820,192
4821,192
4822,192
4823,192
4824,192
4825,192
4826,192
4827,192
4828,191
4829,191
4830,191
4831,191
4832,191
4833,191
4834,191
4835,191
4836,191
4837,191
4838,191
4839,191
4840,191
4841,191
4842,191
4843,191
4844,191
4845,191
4846,191
4847,191
4848,191
4849,191
4850,191
4851,191
4852,191
4853,191
4854,191
4855,191
4856,191
4857,191
4858,191
4859,191
4860,192
4861,192
4862,192
4863,191
4864,191
4865,191
4866,191
4867,191
4868,191
4869,191
4870,191
4871,191
4872,191
4873,191
4874,191
4875,191
4876,191
4877,191
4878,191
4879,191
4880,191
4881,191
4882,191
4883,191
4884,190
4885,190
4886,190
4887,190
4888,190
4889,191
4890,191
4891,191
4892,191
4893,190
4894,190
4895,190
4896,191
4897,191
4898,190
4899,191
4900,191
4901,191
4902,191
4903,191
4904,191
4905,191
4906,191
4907,191
4908,191
4909,191
4910,191
4911,191
4912,191
4913,191
4914,192
4915,191
4916,191
4917,191
4918,191
4919,191
4920,191
4921,191
4922,191
4923,191
4924,191
4925,191
4926,191
4927,191
4928,192
4929,192
4930,192
4931,191
4932,192
4933,192
4934,191
4935,191
4936,191
4937,191
4938,191
4939,191
4940,191
4941,191
4942,192
4943,192
4944,191
4945,191
4946,191
4947,191
4948,191
4949,191
4950,191
4951,191
4952,191
4953,191
4954,191
4955,191
4956,191
4957,191
4958,191
4959,191
4960,191
4961,191
4962,191
4963,191
4964,191
4965,191
4966,191
4967,191
4968,192
4969,192
4970,191
4971,192
4972,192
4973,192
4974,192
4975,192
4976,192
4977,192
4978,192
4979,192
4980,192
4981,192
4982,192
4983,192
4984,192
4985,192
4986,192
4987,192
4988,192
4989,192
4990,192
4991,192
4992,192
4993,192
4994,192
4995,192
4996,192
4997,192
4998,192
4999,192
5000,192
5001,192
5002,192
5003,192
5004,192
5005,192
5006,192
5007,192
5008,192
5009,191
5010,191
5011,191
5012,192
5013,191
5014,191
5015,191
5016,191
5017,191
5018,192
5019,192
5020,192
5021,192
5022,191
5023,192
5024,192
5025,192
5026,192
5027,192
5028,192
5029,192
5030,192
5031,192
5032,192
5033,192
5034,191
5035,191
5036,191
5037,191
5038,190
5039,190
5040,190
5041,190
5042,190
5043,190
5044,190
5045,190
5046,190
5047,190
5048,190
5049,190
5050,190
5051,190
5052,190
5053,190
5054,190
5055,190
5056,190
5057,190
5058,190
5059,190
5060,190
5061,190
5062,190
5063,190
5064,190
5065,190
5066,190
5067,190
5068,190
5069,190
5070,191
5071,191
5072,191
5073,191
5074,191
5075,191
5076,192
5077,192
5078,191
5079,191
5080,191
5081,191
5082,191
5083,191
5084,191
5085,191
5086,190
5087,190
5088,191
5089,190
5090,190
5091,190
5092,190
5093,190
5094,190
5095,189
5096,189
5097,189
5098,189
5099,189
5100,189
5101,189
5102,189
5103,188
5104,189
5105,188
5106,189
5107,188
5108,188
5109,188
5110,188
5111,188
5112,188
5113,189
5114,189
5115,189
5116,188
5117,189
5118,189
5119,189
5120,189
5121,189
5122,189
5123,189
5124,189
5125,189
5126,189
5127,189
5128,189
5129,189
5130,189
5131,189
5132,189
5133,189
5134,189
5135,189
5136,189
5137,189
5138,189
5139,189
5140,189
5141,189
5142,189
5143,189
5144,189
5145,189
5146,189
5147,189
5148,189
5149,189
5150,189
5151,189
5152,189
5153,189
5154,189
5155,190
5156,190
5157,190
5158,190
5159,190
5160,190
5161,190
5162,190
5163,190
5164,190
5165,190
5166,190
5167,189
5168,190
5169,190
5170,190
5171,190
5172,190
5173,190
5174,189
5175,189
5176,189
5177,189
5178,189
5179,189
5180,189
5181,189
5182,189
5183,189
5184,189
5185,190
5186,190
5187,190
5188,190
5189,190
5190,190
5191,190
5192,190
5193,190
5194,190
5195,190
5196,190
5197,190
5198,191
5199,190
5200,190
5201,190
5202,190
5203,190
5204,190
5205,191
5206,190
5207,190
5208,190
5209,189
5210,190
5211,190
5212,190
5213,190
5214,190
5215,190
5216,190
5217,191
5218,191
5219,191
5220,191
5221,191
5222,191
5223,191
5224,192
5225,192
5226,192
5227,192
5228,192
5229,191
5230,192
5231,191
5232,191
5233,191
5234,191
5235,191
5236,191
5237,191
5238,191
5239,192
5240,192
5241,192
5242,191
5243,192
5244,191
5245,191
5246,191
5247,191
5248,191
5249,191
5250,191
5251,191
5252,191
5253,191
5254,191
5255,191
5256,191
5257,190
5258,190
5259,190
5260,190
5261,190
5262,190
5263,190
5264,190
5265,190
5266,191
5267,191
5268,191
5269,191
5270,190
5271,190
5272,190
5273,190
5274,191
5275,191
5276,190
5277,191
5278,191
5279,191
5280,191
5281,191
5282,191
5283,190
5284,190
5285,190
5286,190
5287,191
5288,191
5289,191
5290,191
5291,190
5292,191
5293,191
5294,191
5295,191
5296,191
5297,190
5298,191
5299,191
5300,191
5301,191
5302,191
5303,190
5304,190
5305,190
5306,190
5307,191
5308,191
5309,191
5310,191
5311,191
5312,191
5313,191
5314,191
5315,191
5316,191
5317,191
5318,191
5319,191
5320,191
5321,191
5322,191
5323,191
5324,191
5325,191
5326,191
5327,191
5328,191
5329,191
5330,191
5331,191
5332,192
5333,192
5334,192
5335,192
5336,192
5337,192
5338,192
5339,192
5340,192
5341,192
5342,192
5343,192
5344,192
5345,192
5346,192
5347,192
5348,192
5349,192
5350,192
5351,192
5352,192
5353,192
5354,192
5355,192
5356,192
5357,192
5358,192
5359,192
5360,192
5361,192
5362,192
5363,192
5364,192
5365,193
5366,193
5367,193
5368,193
5369,193
5370,193
5371,193
5372,193
5373,192
5374,193
5375,193
5376,193
5377,193
5378,193
5379,194
5380,194
5381,194
5382,194
5383,194
5384,194
5385,194
5386,194
5387,194
5388,194
5389,194
5390,193
5391,193
5392,193
5393,193
5394,193
5395,193
5396,193
5397,193
5398,193
5399,193
5400,193
5401,193
5402,193
5403,193
5404,193
5405,193
5406,193
5407,193
5408,193
5409,193
5410,193
5411,193
5412,193
5413,193
5414,193
5415,193
5416,193
5417,193
5418,193
5419,193
5420,193
5421,193
5422,193
5423,193
5424,193
5425,193
5426,193
5427,193
5428,193
5429,193
5430,193
5431,192
5432,193
5433,192
5434,193
5435,193
5436,193
5437,193
5438,193
5439,193
5440,193
5441,193
5442,193
5443,193
5444,193
5445,193
5446,193
5447,193
5448,193
5449,193
5450,193
5451,193
5452,193
5453,193
5454,193
5455,193
5456,193
5457,193
5458,193
5459,193
5460,193
5461,193
5462,193
5463,193
5464,193
5465,193
5466,193
5467,193
5468,192
5469,193
5470,193
5471,193
5472,193
5473,193
5474,193
5475,193
5476,193
5477,193
5478,193
5479,193
5480,193
5481,193
5482,193
5483,193
5484,193
5485,193
5486,193
5487,193
5488,193
5489,193
5490,193
5491,193
5492,194
5493,194
5494,193
5495,193
5496,194
5497,194
5498,194
5499,193
5500,193
5501,193
5502,193
5503,193
5504,193
5505,193
5506,193
5507,193
5508,193
5509,193
5510,193
5511,193
5512,193
5513,193
5514,193
5515,194
5516,194
5517,194
5518,194
5519,194
5520,194
5521,194
5522,194
5523,194
5524,194
5525,194
5526,194
5527,194
5528,194
5529,194
5530,194
5531,194
5532,194
5533,194
5534,194
5535,194
5536,194
5537,194
5538,195
5539,195
5540,195
5541,195
5542,195
5543,195
5544,195
5545,195
5546,195
5547,194
5548,194
5549,194
5550,194
5551,194
5552,194
5553,194
5554,194
5555,194
5556,193
5557,194
5558,194
5559,194
5560,194
5561,194
5562,193
5563,193
5564,193
5565,193
5566,193
5567,193
5568,193
5569,193
5570,193
5571,193
5572,193
5573,194
5574,194
5575,194
5576,194
5577,194
5578,194
5579,194
5580,194
5581,194
5582,194
5583,194
5584,194
5585,194
5586,194
5587,194
5588,194
5589,194
5590,194
5591,194
5592,194
5593,195
5594,195
5595,195
5596,195
5597,195
5598,195
5599,195
5600,195
5601,195
5602,195
5603,195
5604,195
5605,195
5606,195
5607,195
5608,195
5609,195
5610,195
5611,195
5612,195
5613,194
5614,195
5615,195
5616,195
5617,195
5618,195
5619,195
5620,195
5621,195
5622,195
5623,195
5624,194
5625,194
5626,194
5627,194
5628,194
5629,194
5630,194
5631,194
5632,194
5633,193
5634,193
5635,193
5636,193
5637,193
5638,193
5639,193
5640,193
5641,193
5642,193
5643,193
5644,193
5645,193
5646,193
5647,193
5648,193
5649,193
5650,193
5651,193
5652,194
5653,194
5654,194
5655,194
5656,194
5657,194
5658,194
5659,194
5660,194
5661,194
5662,194
5663,194
5664,194
5665,194
5666,194
5667,194
5668,194
5669,194
5670,194
5671,194
5672,194
5673,194
5674,193
5675,194
5676,194
5677,194
5678,194
5679,194
5680,194
5681,194
5682,194
5683,194
5684,194
5685,193
5686,194
5687,194
5688,194
5689,194
5690,194
5691,194
5692,194
5693,194
5694,193
5695,193
5696,193
5697,193
5698,193
5699,193
5700,193
5701,194
5702,193
5703,194
5704,194
5705,193
5706,193
5707,193
5708,193
5709,193
5710,193
5711,193
5712,193
5713,193
5714,193
5715,193
5716,193
5717,194
5718,194
5719,194
5720,193
5721,194
5722,194
5723,194
5724,194
5725,194
5726,193
5727,193
5728,193
5729,194
5730,194
5731,194
5732,194
5733,193
5734,194
5735,194
5736,194
5737,194
5738,193
5739,194
5740,194
5741,194
5742,194
5743,194
5744,194
5745,194
5746,194
5747,194
5748,194
5749,194
5750,194
5751,194
5752,194
5753,195
5754,194
5755,195
5756,194
5757,194
5758,194
5759,194
5760,195
5761,194
5762,194
5763,195
5764,195
5765,195
5766,195
5767,195
5768,195
5769,194
5770,194
5771,195
5772,195
5773,195
5774,195
5775,195
5776,195
5777,195
5778,195
5779,195
5780,195
5781,195
5782,195
5783,195
5784,195
5785,194
5786,194
5787,194
5788,194
5789,195
5790,195
5791,195
5792,195
5793,195
5794,195
5795,195
5796,195
5797,195
5798,195
5799,195
5800,195
5801,195
5802,195
5803,195
5804,195
5805,196
5806,195
5807,195
5808,195
5809,195
5810,195
5811,195
5812,195
5813,195
5814,196
5815,196
5816,196
5817,196
5818,195
5819,195
5820,195
5821,195
5822,195
5823,195
5824,195
5825,196
5826,196
5827,196
5828,196
5829,196
5830,196
5831,196
5832,196
5833,196
5834,196
5835,196
5836,196
5837,196
5838,196
5839,196
5840,196
5841,196
5842,196
5843,196
5844,196
5845,196
5846,196
5847,196
5848,196
5849,196
5850,196
5851,196
5852,196
5853,196
5854,196
5855,196
5856,196
5857,196
5858,196
5859,195
5860,195
5861,195
5862,195
5863,195
5864,195
5865,195
5866,195
5867,195
5868,195
5869,195
5870,195
5871,195
5872,195
5873,195
5874,196
5875,196
5876,195
5877,195
5878,195
5879,195
5880,195
5881,195
5882,195
5883,195
5884,195
5885,195
5886,194
5887,194
5888,194
5889,194
5890,194
5891,194
5892,194
5893,194
5894,194
5895,194
5896,194
5897,193
5898,194
5899,194
5900,194
5901,194
5902,194
5903,193
5904,193
5905,193
5906,193
5907,193
5908,193
5909,193
5910,193
5911,193
5912,193
5913,193
5914,194
5915,194
5916,194
5917,194
5918,194
5919,194
5920,194
5921,194
5922,193
5923,193
5924,193
5925,193
5926,193
5927,194
5928,194
5929,194
5930,193
5931,194
5932,194
5933,194
5934,193
5935,193
5936,193
5937,193
5938,193
5939,193
5940,193
5941,193
5942,193
5943,193
5944,193
5945,193
5946,193
5947,193
5948,193
5949,192
5950,192
5951,192
5952,192
5953,192
5954,192
5955,192
5956,192
5957,192
5958,192
5959,192
5960,192
5961,192
5962,192
5963,192
5964,192
5965,193
5966,193
5967,193
5968,193
5969,193
5970,193
5971,193
5972,192
5973,192
5974,192
5975,192
5976,192
5977,192
5978,192
5979,192
5980,192
5981,192
5982,192
5983,192
5984,191
5985,191
5986,191
5987,191
5988,192
5989,192
5990,192
5991,191
5992,191
5993,191
5994,191
5995,191
5996,191
5997,191
5998,191
5999,191
6000,191
6001,190
6002,191
6003,191
6004,191
6005,190
6006,190
6007,190
6008,191
6009,191
6010,191
6011,191
6012,191
6013,191
6014,191
6015,191
6016,191
6017,191
6018,191
6019,191
6020,191
6021,191
6022,191
6023,191
6024,191
6025,191
6026,191
6027,191
6028,191
6029,190
6030,190
6031,190
6032,190
6033,191
6034,191
6035,190
6036,191
6037,191
6038,191
6039,191
6040,191
6041,190
6042,191
6043,190
6044,190
6045,190
6046,190
6047,190
6048,190
6049,190
6050,190
6051,190
6052,190
6053,189
6054,190
6055,190
6056,190
6057,190
6058,190
6059,190
6060,190
6061,190
6062,190
6063,190
6064,190
6065,190
6066,190
6067,191
6068,190
6069,191
6070,191
6071,191
6072,191
6073,191
6074,192
6075,192
6076,192
6077,192
6078,192
6079,192
6080,192
6081,192
6082,192
6083,192
6084,193
6085,193
6086,193
6087,193
6088,192
6089,193
6090,193
6091,193
6092,193
6093,193
6094,193
6095,193
6096,193
6097,193
6098,192
6099,192
6100,192
6101,193
6102,193
6103,193
6104,193
6105,193
6106,193
6107,193
6108,193
6109,193
6110,193
6111,193
6112,193
6113,193
6114,193
6115,193
6116,193
6117,193
6118,192
6119,192
6120,192
6121,192
6122,192
6123,192
6124,192
6125,192
6126,191
6127,191
6128,192
6129,192
6130,192
6131,192
6132,192
6133,192
6134,191
6135,191
6136,191
6137,191
6138,191
6139,191
6140,191
6141,191
6142,191
6143,191
6144,191
6145,191
6146,191
6147,191
6148,191
6149,191
6150,191
6151,191
6152,192
6153,192
6154,191
6155,192
6156,192
6157,192
6158,192
6159,192
6160,193
6161,193
6162,192
6163,192
6164,193
6165,192
6166,193
6167,193
6168,193
6169,192
6170,193
6171,192
6172,192
6173,192
6174,192
6175,193
6176,192
6177,192
6178,192
6179,193
6180,193
6181,193
6182,193
6183,193
6184,192
6185,192
6186,192
6187,191
6188,191
6189,191
6190,191
6191,191
6192,191
6193,191
6194,191
6195,191
6196,191
6197,191
6198,191
6199,191
6200,191
6201,191
6202,192
6203,191
6204,191
6205,191
6206,192
6207,192
6208,192
6209,192
6210,192
6211,192
6212,192
6213,192
6214,192
6215,192
6216,192
6217,192
6218,192
6219,193
6220,193
6221,193
6222,193
6223,193
6224,193
6225,193
6226,193
6227,193
6228,193
6229,193
6230,193
6231,192
6232,193
6233,194
6234,194
6235,194
6236,194
6237,194
6238,194
6239,194
6240,194
6241,194
6242,194
6243,194
6244,194
6245,194
6246,194
6247,194
6248,194
6249,194
6250,194
6251,194
6252,193
6253,193
6254,193
6255,194
6256,193
6257,192
6258,193
6259,193
6260,193
6261,193
6262,193
6263,193
6264,193
6265,193
6266,193
6267,193
6268,193
6269,193
6270,193
6271,193
6272,193
6273,193
6274,193
6275,194
6276,193
6277,193
6278,193
6279,193
6280,193
6281,193
6282,193
6283,193
6284,193
6285,193
6286,194
6287,193
6288,193
6289,193
6290,193
6291,193
6292,193
6293,194
6294,194
6295,194
6296,193
6297,193
6298,193
6299,194
6300,194
6301,194
6302,194
6303,194
6304,194
6305,194
6306,194
6307,194
6308,194
6309,194
6310,194
6311,194
6312,194
6313,194
6314,194
6315,194
6316,194
6317,194
6318,194
6319,194
6320,194
6321,194
6322,194
6323,194
6324,194
6325,194
6326,194
6327,194
6328,194
6329,194
6330,195
6331,195
6332,195
6333,195
6334,195
6335,195
6336,195
6337,195
6338,195
6339,195
6340,195
6341,195
6342,195
6343,195
6344,195
6345,195
6346,195
6347,195
6348,195
6349,195
6350,195
6351,195
6352,195
6353,194
6354,194
6355,194
6356,194
6357,194
6358,194
6359,194
6360,194
6361,195
6362,194
6363,194
6364,194
6365,194
6366,194
6367,194
6368,194
6369,194
6370,194
6371,194
6372,194
6373,194
6374,194
6375,194
6376,194
6377,194
6378,194
6379,194
6380,194
6381,194
6382,194
6383,194
6384,194
6385,194
6386,194
6387,194
6388,194
6389,194
6390,194
6391,194
6392,195
6393,195
6394,195
6395,195
6396,195
6397,195
6398,195
6399,195
6400,195
6401,195
6402,195
6403,195
6404,195
6405,195
6406,195
6407,195
6408,195
6409,195
6410,194
6411,195
6412,195
6413,195
6414,195
6415,195
6416,195
6417,195
6418,195
6419,195
6420,195
6421,195
6422,194
6423,195
6424,195
6425,194
6426,194
6427,194
6428,194
6429,194
6430,194
6431,194
6432,194
6433,194
6434,194
6435,194
6436,194
6437,194
6438,194
6439,194
6440,194
6441,194
6442,194
6443,194
6444,194
6445,194
6446,194
6447,195
6448,195
6449,194
6450,195
6451,195
6452,195
6453,195
6454,195
6455,195
6456,195
6457,195
6458,195
6459,195
6460,195
6461,195
6462,195
6463,195
6464,195
6465,195
6466,195
6467,195
6468,195
6469,195
6470,195
6471,195
6472,196
6473,196
6474,196
6475,196
6476,196
6477,196
6478,196
6479,196
6480,196
6481,196
6482,196
6483,196
6484,196
6485,196
6486,196
6487,196
6488,195
6489,195
6490,196
6491,196
6492,196
6493,196
6494,196
6495,196
6496,196
6497,196
6498,196
6499,196
6500,196
6501,196
6502,196
6503,196
6504,196
6505,196
6506,196
6507,196
6508,196
6509,196
6510,196
6511,196
6512,196
6513,196
6514,196
6515,196
6516,196
6517,196
6518,196
6519,196
6520,196
6521,196
6522,196
6523,195
6524,195
6525,195
6526,196
6527,196
6528,196
6529,196
6530,196
6531,195
6532,195
6533,195
6534,195
6535,196
6536,196
6537,196
6538,196
6539,196
6540,196
6541,196
6542,196
6543,196
6544,196
6545,196
6546,196
6547,196
6548,196
6549,195
6550,195
6551,195
6552,195
6553,195
6554,195
6555,195
6556,195
6557,195
6558,194
6559,194
6560,194
6561,194
6562,194
6563,194
6564,194
6565,194
6566,194
6567,194
6568,194
6569,194
6570,194
6571,194
6572,194
6573,194
6574,194
6575,194
6576,194
6577,194
6578,193
6579,193
6580,193
6581,193
6582,193
6583,194
6584,194
6585,194
6586,194
6587,194
6588,194
6589,194
6590,194
6591,194
6592,194
6593,194
6594,194
6595,194
6596,194
6597,194
6598,194
6599,193
6600,193
6601,193
6602,193
6603,193
6604,194
6605,194
6606,193
6607,193
6608,193
6609,193
6610,193
6611,194
6612,194
6613,193
6614,193
6615,193
6616,194
6617,194
6618,194
6619,193
6620,194
6621,193
6622,193
6623,193
6624,193
6625,194
6626,194
6627,194
6628,194
6629,194
6630,194
6631,193
6632,193
6633,193
6634,194
6635,194
6636,194
6637,194
6638,193
6639,194
6640,194
6641,193
6642,193
6643,193
6644,193
6645,193
6646,193
6647,193
6648,193
6649,194
6650,193
6651,193
6652,193
6653,193
6654,193
6655,193
6656,193
6657,193
6658,193
6659,194
6660,194
6661,194
6662,194
6663,194
6664,194
6665,194
6666,194
6667,194
6668,194
6669,195
6670,194
6671,195
6672,195
6673,195
6674,195
6675,194
6676,194
6677,194
6678,194
6679,194
6680,194
6681,194
6682,194
6683,194
6684,194
6685,194
6686,194
6687,194
6688,194
6689,194
6690,194
6691,194
6692,194
6693,194
6694,194
6695,194
6696,194
6697,194
6698,195
6699,195
6700,195
6701,195
6702,195
6703,195
6704,195
6705,195
6706,195
6707,195
6708,195
6709,196
6710,196
6711,196
6712,196
6713,196
6714,196
6715,196
6716,196
6717,196
6718,196
6719,196
6720,196
6721,196
6722,196
6723,196
6724,196
6725,196
6726,196
6727,196
6728,195
6729,195
6730,195
6731,195
6732,195
6733,195
6734,195
6735,195
6736,195
6737,195
6738,195
6739,195
6740,195
6741,195
6742,195
6743,195
6744,196
6745,196
6746,196
6747,196
6748,196
6749,196
6750,196
6751,196
6752,196
6753,196
6754,196
6755,196
6756,196
6757,196
6758,196
6759,196
6760,196
6761,196
6762,197
6763,197
6764,196
6765,196
6766,196
6767,197
6768,197
6769,197
6770,196
6771,196
6772,196
6773,196
6774,196
6775,197
6776,197
6777,196
6778,196
6779,197
6780,197
6781,197
6782,197
6783,197
6784,197
6785,197
6786,197
6787,197
6788,197
6789,197
6790,197
6791,197
6792,197
6793,197
6794,197
6795,197
6796,197
6797,197
6798,196
6799,196
6800,196
6801,197
6802,197
6803,197
6804,197
6805,197
6806,196
6807,196
6808,197
6809,197
6810,197
6811,197
6812,197
6813,197
6814,197
6815,197
6816,197
6817,197
6818,197
6819,196
6820,196
6821,196
6822,196
6823,196
6824,196
6825,197
6826,197
6827,197
6828,196
6829,196
6830,196
6831,196
6832,196
6833,196
6834,196
6835,196
6836,196
6837,196
6838,196
6839,196
6840,196
6841,196
6842,196
6843,196
6844,196
6845,196
6846,196
6847,196
6848,197
6849,197
6850,197
6851,197
6852,197
6853,197
6854,197
6855,197
6856,196
6857,197
6858,197
6859,197
6860,197
6861,197
6862,197
6863,197
6864,197
6865,197
6866,198
6867,198
6868,198
6869,197
6870,197
6871,197
6872,197
6873,197
6874,197
6875,197
6876,197
6877,197
6878,197
6879,197
6880,197
6881,196
6882,196
6883,197
6884,197
6885,197
6886,197
6887,197
6888,198
6889,198
6890,198
6891,198
6892,198
6893,198
6894,199
6895,199
6896,198
6897,199
6898,199
6899,199
6900,200
6901,199
6902,199
6903,199
6904,200
6905,200
6906,200
6907,200
6908,200
6909,200
6910,200
6911,200
6912,200
6913,200
6914,200
6915,200
6916,200
6917,200
6918,201
6919,201
6920,201
6921,201
6922,201
6923,201
6924,201
6925,201
6926,201
6927,201
6928,201
6929,200
6930,200
6931,200
6932,200
6933,200
6934,200
6935,200
6936,200
6937,200
6938,200
6939,200
6940,200
6941,200
6942,200
6943,201
6944,201
6945,201
6946,201
6947,201
6948,201
6949,200
6950,200
6951,200
6952,200
6953,200
6954,200
6955,200
6956,200
6957,200
6958,200
6959,200
6960,200
6961,200
6962,200
6963,200
6964,200
6965,200
6966,200
6967,200
6968,200
6969,200
6970,199
6971,200
6972,200
6973,200
6974,200
6975,200
6976,200
6977,200
6978,200
6979,200
6980,200
6981,200
6982,200
6983,200
6984,200
6985,200
6986,200
6987,200
6988,200
6989,200
6990,200
6991,200
6992,200
6993,200
6994,200
6995,200
6996,200
6997,200
6998,200
6999,200
7000,199
7001,199
7002,200
7003,200
7004,200
7005,200
7006,200
7007,200
7008,200
7009,200
7010,200
7011,200
7012,201
7013,201
7014,201
7015,201
7016,201
7017,201
7018,201
7019,201
7020,201
7021,201
7022,201
7023,201
7024,201
7025,201
7026,200
7027,200
7028,201
7029,200
7030,201
7031,201
7032,201
7033,201
7034,200
7035,200
7036,201
7037,201
7038,201
7039,201
7040,201
7041,201
7042,201
7043,201
7044,201
7045,201
7046,201
7047,201
7048,201
7049,201
7050,202
7051,202
7052,202
7053,202
7054,202
7055,202
7056,202
7057,202
7058,202
7059,201
7060,202
7061,202
7062,202
7063,202
7064,201
7065,201
7066,201
7067,202
7068,202
7069,202
7070,202
7071,202
7072,202
7073,202
7074,203
7075,203
7076,203
7077,203
7078,202
7079,202
7080,203
7081,203
7082,202
7083,202
7084,203
7085,203
7086,203
7087,203
7088,203
7089,203
7090,203
7091,203
7092,203
7093,203
7094,203
7095,203
7096,204
7097,203
7098,203
7099,203
7100,203
7101,204
7102,204
7103,204
7104,204
7105,204
7106,204
7107,204
7108,204
7109,204
7110,204
7111,204
7112,204
7113,204
7114,204
7115,204
7116,204
7117,204
7118,204
7119,204
7120,204
7121,204
7122,204
7123,204
7124,204
7125,204
7126,204
7127,204
7128,204
7129,204
7130,204
7131,204
7132,204
7133,204
7134,205
7135,204
7136,204
7137,204
7138,204
7139,204
7140,204
7141,204
7142,205
7143,205
7144,205
7145,205
7146,205
7147,205
7148,205
7149,204
7150,204
7151,204
7152,204
7153,205
7154,205
7155,205
7156,204
7157,204
7158,204
7159,204
7160,204
7161,204
7162,204
7163,205
7164,205
7165,205
7166,205
7167,205
7168,205
7169,205
7170,205
7171,205
7172,205
7173,205
7174,205
7175,205
7176,205
7177,205
7178,204
7179,204
7180,204
7181,204
7182,204
7183,204
7184,204
7185,205
7186,204
7187,205
7188,205
7189,205
7190,205
7191,205
7192,205
7193,205
7194,206
7195,206
7196,206
7197,206
7198,206
7199,206
7200,206
7201,206
7202,207
7203,207
7204,207
7205,207
7206,207
7207,207
7208,207
7209,207
7210,207
7211,207
7212,207
7213,207
7214,206
7215,206
7216,206
7217,206
7218,206
7219,206
7220,206
7221,206
7222,206
7223,206
7224,206
7225,206
7226,206
7227,206
7228,205
7229,206
7230,206
7231,206
7232,206
7233,206
7234,206
7235,206
7236,206
7237,206
7238,206
7239,206
7240,205
7241,206
7242,206
7243,206
7244,206
7245,206
7246,206
7247,206
7248,206
7249,206
7250,206
7251,206
7252,206
7253,206
7254,206
7255,206
7256,206
7257,206
7258,206
7259,206
7260,206
7261,206
7262,205
7263,205
7264,205
7265,205
7266,206
7267,206
7268,205
7269,205
7270,205
7271,205
7272,205
7273,205
7274,205
7275,205
7276,205
7277,205
7278,205
7279,205
7280,205
7281,205
7282,206
7283,206
7284,206
7285,206
7286,206
7287,206
7288,206
7289,206
7290,206
7291,206
7292,206
7293,206
7294,206
7295,205
7296,206
7297,206
7298,206
7299,206
7300,206
7301,205
7302,206
7303,205
7304,206
7305,206
7306,206
7307,205
7308,206
7309,206
7310,206
7311,206
7312,206
7313,206
7314,206
7315,206
7316,206
7317,206
7318,206
7319,206
7320,205
7321,205
7322,205
7323,205
7324,205
7325,205
7326,205
7327,205
7328,205
7329,205
7330,205
7331,205
7332,205
7333,205
7334,205
7335,205
7336,205
7337,205
7338,205
7339,205
7340,205
7341,205
7342,205
7343,205
7344,205
7345,205
7346,205
7347,205
7348,205
7349,205
7350,205
7351,205
7352,205
7353,204
7354,204
7355,205
7356,205
7357,205
7358,204
7359,204
7360,204
7361,204
7362,204
7363,204
7364,204
7365,204
7366,204
7367,204
7368,204
7369,204
7370,203
7371,204
7372,204
7373,203
7374,203
7375,204
7376,204
7377,203
7378,203
7379,204
7380,204
7381,204
7382,204
7383,204
7384,204
7385,204
7386,204
7387,204
7388,204
7389,204
7390,204
7391,204
7392,204
7393,205
7394,205
7395,204
7396,204
7397,204
7398,204
7399,204
7400,204
7401,204
7402,204
7403,204
7404,204
7405,204
7406,205
7407,205
7408,205
7409,205
7410,204
7411,205
7412,205
7413,205
7414,205
7415,205
7416,205
7417,205
7418,204
7419,204
7420,204
7421,205
7422,205
7423,205
7424,205
7425,205
7426,205
7427,205
7428,205
7429,205
7430,205
7431,205
7432,205
7433,205
7434,204
7435,204
7436,204
7437,204
7438,204
7439,204
7440,204
7441,204
7442,204
7443,204
7444,204
7445,204
7446,204
7447,204
7448,204
7449,205
7450,205
7451,205
7452,205
7453,204
7454,204
7455,205
7456,205
7457,204
7458,204
7459,204
7460,204
7461,204
7462,204
7463,204
7464,204
7465,204
7466,204
7467,205
7468,204
7469,204
7470,204
7471,204
7472,204
7473,205
7474,205
7475,205
7476,205
7477,205
7478,205
7479,205
7480,205
7481,205
7482,205
7483,204
7484,204
7485,204
7486,204
7487,205
7488,205
7489,205
7490,205
7491,205
7492,205
7493,205
7494,205
7495,205
7496,205
7497,204
7498,205
7499,205
7500,205
7501,205
7502,205
7503,205
7504,205
7505,205
7506,205
7507,205
7508,205
7509,205
7510,205
7511,205
7512,205
7513,206
7514,206
7515,205
7516,206
7517,205
7518,205
7519,205
7520,205
7521,205
7522,205
7523,205
7524,205
7525,205
7526,205
7527,205
7528,205
7529,205
7530,205
7531,205
7532,205
7533,205
7534,205
7535,205
7536,205
7537,204
7538,204
7539,204
7540,204
7541,204
7542,204
7543,204
7544,204
7545,204
7546,204
7547,204
7548,204
7549,204
7550,204
7551,204
7552,204
7553,204
7554,204
7555,204
7556,203
7557,204
7558,204
7559,204
7560,204
7561,204
7562,204
7563,204
7564,204
7565,204
7566,204
7567,204
7568,204
7569,204
7570,204
7571,204
7572,204
7573,204
7574,204
7575,204
7576,204
7577,204
7578,204
7579,204
7580,204
7581,204
7582,205
7583,205
7584,205
7585,205
7586,205
7587,205
7588,205
7589,205
7590,205
7591,205
7592,204
7593,205
7594,205
7595,205
7596,204
7597,204
7598,204
7599,204
7600,204
7601,204
7602,204
7603,204
7604,205
7605,205
7606,205
7607,205
7608,204
7609,204
7610,204
7611,205
7612,205
7613,205
7614,205
7615,205
7616,205
7617,205
7618,205
7619,205
7620,205
7621,205
7622,205
7623,205
7624,205
7625,205
7626,205
7627,205
7628,204
7629,204
7630,204
7631,205
7632,205
7633,205
7634,205
7635,205
7636,205
7637,205
7638,204
7639,205
7640,205
7641,205
7642,205
7643,205
7644,205
7645,205
7646,205
7647,205
7648,204
7649,205
7650,205
7651,205
7652,205
7653,205
7654,205
7655,206
7656,205
7657,205
7658,205
7659,205
7660,205
7661,205
7662,204
7663,204
7664,205
7665,205
7666,205
7667,205
7668,205
7669,204
7670,205
7671,204
7672,204
7673,204
7674,204
7675,205
7676,204
7677,204
7678,204
7679,204
7680,204
7681,203
7682,203
7683,203
7684,204
7685,203
7686,203
7687,203
7688,203
7689,203
7690,202
7691,202
7692,202
7693,202
7694,202
7695,201
7696,201
7697,202
7698,202
7699,202
7700,202
7701,202
7702,202
7703,202
7704,202
7705,202
7706,202
7707,202
7708,201
7709,201
7710,201
7711,202
7712,202
7713,202
7714,202
7715,202
7716,202
7717,202
7718,202
7719,202
7720,202
7721,202
7722,202
7723,201
7724,202
7725,202
7726,202
7727,202
7728,201
7729,201
7730,201
7731,202
7732,201
7733,201
7734,201
7735,201
7736,201
7737,201
7738,201
7739,201
7740,201
7741,201
7742,201
7743,201
7744,202
7745,202
7746,202
7747,202
7748,202
7749,202
7750,202
7751,202
7752,202
7753,202
7754,202
7755,202
7756,202
7757,201
7758,201
7759,201
7760,201
7761,201
7762,201
7763,201
7764,201
7765,201
7766,201
7767,201
7768,201
7769,201
7770,201
7771,201
7772,201
7773,201
7774,201
7775,200
7776,200
7777,200
7778,200
7779,200
7780,201
7781,201
7782,201
7783,201
7784,201
7785,201
7786,201
7787,201
7788,201
7789,201
7790,201
7791,201
7792,201
7793,201
7794,201
7795,201
7796,201
7797,201
7798,201
7799,201
7800,201
7801,201
7802,201
7803,201
7804,201
7805,201
7806,201
7807,201
7808,201
7809,201
7810,201
7811,201
7812,201
7813,201
7814,201
7815,201
7816,201
7817,201
7818,201
7819,201
7820,201
7821,201
7822,201
7823,201
7824,201
7825,201
7826,201
7827,201
7828,201
7829,201
7830,201
7831,201
7832,202
7833,202
7834,202
7835,201
7836,201
7837,202
7838,202
7839,202
7840,201
7841,202
7842,201
7843,201
7844,201
7845,202
7846,202
7847,201
7848,201
7849,201
7850,202
7851,202
7852,202
7853,202
7854,202
7855,202
7856,202
7857,202
7858,202
7859,202
7860,202
7861,202
7862,202
7863,202
7864,202
7865,202
7866,202
7867,202
7868,202
7869,202
7870,202
7871,202
7872,202
7873,203
7874,202
7875,203
7876,203
7877,203
7878,203
7879,202
7880,203
7881,203
7882,203
7883,203
7884,203
7885,203
7886,203
7887,203
7888,203
7889,203
7890,203
7891,203
7892,203
7893,203
7894,203
7895,203
7896,203
7897,203
7898,203
7899,203
7900,203
7901,203
7902,203
7903,204
7904,203
7905,203
7906,203
7907,203
7908,203
7909,203
7910,203
7911,203
7912,203
7913,203
7914,203
7915,203
7916,203
7917,203
7918,203
7919,203
7920,203
7921,203
7922,203
7923,203
7924,204
7925,204
7926,204
7927,204
7928,204
7929,204
7930,204
7931,204
7932,204
7933,204
7934,204
7935,204
7936,204
7937,204
7938,204
7939,204
7940,204
7941,203
7942,203
7943,204
7944,204
7945,203
7946,203
7947,203
7948,203
7949,203
7950,203
7951,203
7952,203
7953,203
7954,202
7955,202
7956,202
7957,202
7958,202
7959,203
7960,203
7961,202
7962,202
7963,203
7964,203
7965,203
7966,203
7967,203
7968,203
7969,203
7970,203
7971,202
7972,202
7973,202
7974,203
7975,202
7976,202
7977,202
7978,202
7979,202
7980,202
7981,202
7982,202
7983,202
7984,202
7985,202
7986,202
7987,202
7988,202
7989,202
7990,202
7991,202
7992,202
7993,202
7994,203
7995,202
7996,203
7997,202
7998,203
7999,203
8000,203
8001,203
8002,203
8003,203
8004,203
8005,203
8006,203
8007,203
8008,203
8009,203
8010,204
8011,204
8012,204
8013,203
8014,203
8015,203
8016,203
8017,203
8018,203
8019,202
8020,202
8021,202
8022,203
8023,203
8024,203
8025,203
8026,202
8027,202
8028,202
8029,202
8030,202
8031,202
8032,202
8033,202
8034,202
8035,202
8036,202
8037,202
8038,202
8039,201
8040,201
8041,201
8042,200
8043,200
8044,200
8045,200
8046,200
8047,200
8048,200
8049,201
8050,200
8051,201
8052,201
8053,202
8054,202
8055,202
8056,202
8057,202
8058,202
8059,202
8060,202
8061,201
8062,201
8063,201
8064,201
8065,201
8066,201
8067,202
8068,201
8069,202
8070,202
8071,202
8072,202
8073,202
8074,202
8075,202
8076,202
8077,202
8078,202
8079,202
8080,202
8081,202
8082,202
8083,202
8084,202
8085,203
8086,202
8087,203
8088,203
8089,203
8090,203
8091,203
8092,203
8093,202
8094,202
8095,202
8096,202
8097,202
8098,202
8099,203
8100,203
8101,203
8102,202
8103,203
8104,203
8105,203
8106,203
8107,203
8108,203
8109,203
8110,203
8111,203
8112,203
8113,203
8114,202
8115,202
8116,202
8117,202
8118,203
8119,203
8120,203
8121,203
8122,203
8123,203
8124,203
8125,202
8126,202
8127,202
8128,202
8129,202
8130,203
8131,203
8132,203
8133,203
8134,203
8135,203
8136,203
8137,203
8138,203
8139,203
8140,203
8141,203
8142,203
8143,203
8144,203
8145,203
8146,203
8147,203
8148,203
8149,203
8150,203
8151,203
8152,203
8153,203
8154,203
8155,203
8156,203
8157,203
8158,203
8159,202
8160,202
8161,202
8162,202
8163,203
8164,203
8165,203
8166,203
8167,202
8168,202
8169,202
8170,202
8171,203
8172,203
8173,203
8174,203
8175,203
8176,203
8177,203
8178,203
8179,203
8180,203
8181,203
8182,203
8183,203
8184,203
8185,203
8186,203
8187,203
8188,203
8189,203
8190,203
8191,203
8192,203
8193,202
8194,202
8195,203
8196,203
8197,203
8198,203
8199,202
8200,202
8201,203
8202,203
8203,203
8204,203
8205,202
8206,202
8207,202
8208,202
8209,202
8210,202
8211,202
8212,202
8213,202
8214,202
8215,202
8216,202
8217,202
8218,202
8219,202
8220,202
8221,202
8222,202
8223,202
8224,202
8225,202
8226,202
8227,202
8228,202
8229,202
8230,202
8231,202
8232,202
8233,202
8234,202
8235,202
8236,202
8237,202
8238,202
8239,202
8240,202
8241,202
8242,202
8243,202
8244,201
8245,202
8246,202
8247,202
8248,202
8249,202
8250,202
8251,202
8252,202
8253,202
8254,202
8255,202
8256,202
8257,202
8258,201
8259,202
8260,202
8261,202
8262,202
8263,202
8264,202
8265,202
8266,203
8267,202
8268,202
8269,203
8270,203
8271,203
8272,203
8273,203
8274,202
8275,202
8276,202
8277,202
8278,203
8279,203
8280,203
8281,203
8282,203
8283,203
8284,203
8285,203
8286,203
8287,203
8288,203
8289,203
8290,203
8291,203
8292,203
8293,204
8294,204
8295,204
8296,205
8297,205
8298,204
8299,204
8300,204
8301,204
8302,204
8303,204
8304,204
8305,205
8306,205
8307,204
8308,204
8309,204
8310,204
8311,205
8312,204
8313,205
8314,204
8315,204
8316,204
8317,204
8318,204
8319,204
8320,204
8321,204
8322,204
8323,204
8324,204
8325,204
8326,205
8327,205
8328,204
8329,205
8330,205
8331,205
8332,205
8333,204
8334,204
8335,204
8336,204
8337,203
8338,204
8339,203
8340,204
8341,204
8342,204
8343,204
8344,204
8345,205
8346,205
8347,205
8348,204
8349,204
8350,204
8351,205
8352,204
8353,204
8354,205
8355,205
8356,205
8357,204
8358,204
8359,204
8360,204
8361,205
8362,204
8363,204
8364,204
8365,204
8366,204
8367,203
8368,203
8369,203
8370,203
8371,203
8372,203
8373,203
8374,202
8375,202
8376,202
8377,202
8378,203
8379,202
8380,203
8381,203
8382,203
8383,203
8384,203
8385,203
8386,203
8387,203
8388,203
8389,204
8390,204
8391,204
8392,204
8393,204
8394,204
8395,203
8396,203
8397,203
8398,203
8399,203
8400,203
8401,203
8402,203
8403,203
8404,203
8405,203
8406,203
8407,203
8408,203
8409,203
8410,203
8411,203
8412,204
8413,204
8414,203
8415,203
8416,203
8417,204
8418,204
8419,204
8420,203
8421,203
8422,203
8423,202
8424,203
8425,202
8426,202
8427,202
8428,203
8429,203
8430,203
8431,203
8432,203
8433,203
8434,203
8435,203
8436,203
8437,202
8438,202
8439,202
8440,202
8441,203
8442,203
8443,203
8444,203
8445,203
8446,202
8447,203
8448,203
8449,203
8450,203
8451,203
8452,203
8453,203
8454,203
8455,203
8456,203
8457,203
8458,203
8459,203
8460,203
8461,203
8462,203
8463,203
8464,203
8465,203
8466,204
8467,203
8468,204
8469,203
8470,203
8471,203
8472,203
8473,202
8474,202
8475,203
8476,203
8477,203
8478,203
8479,203
8480,203
8481,203
8482,203
8483,204
8484,204
8485,204
8486,204
8487,204
8488,204
8489,204
8490,204
8491,204
8492,204
8493,204
8494,204
8495,204
8496,204
8497,205
8498,205
8499,204
8500,205
8501,205
8502,205
8503,204
8504,204
8505,204
8506,203
8507,203
8508,203
8509,203
8510,203
8511,203
8512,203
8513,202
8514,203
8515,203
8516,202
8517,202
8518,202
8519,202
8520,202
8521,202
8522,203
8523,203
8524,203
8525,204
8526,204
8527,204
8528,204
8529,205
8530,204
8531,204
8532,205
8533,205
8534,205
8535,205
8536,205
8537,205
8538,205
8539,205
8540,206
8541,206
8542,206
8543,206
8544,206
8545,206
8546,206
8547,206
8548,206
8549,205
8550,205
8551,205
8552,205
8553,205
8554,205
8555,205
8556,205
8557,204
8558,204
8559,204
8560,204
8561,204
8562,204
8563,204
8564,204
8565,203
8566,204
8567,203
8568,203
8569,204
8570,204
8571,204
8572,204
8573,204
8574,204
8575,204
8576,205
8577,204
8578,204
8579,205
8580,205
8581,205
8582,205
8583,205
8584,204
8585,204
8586,204
8587,204
8588,204
8589,204
8590,204
8591,205
8592,205
8593,205
8594,205
8595,205
8596,205
8597,205
8598,205
8599,205
8600,206
8601,206
8602,206
8603,206
8604,206
8605,206
8606,206
8607,206
8608,207
8609,207
8610,207
8611,207
8612,207
8613,207
8614,207
8615,208
8616,208
8617,208
8618,208
8619,208
8620,208
8621,208
8622,209
8623,209
8624,208
8625,208
8626,208
8627,208
8628,208
8629,208
8630,208
8631,208
8632,209
8633,209
8634,209
8635,209
8636,209
8637,209
8638,208
8639,208
8640,208
8641,208
8642,208
8643,208
8644,209
8645,209
8646,209
8647,209
8648,209
8649,209
8650,209
8651,209
8652,209
8653,209
8654,209
8655,210
8656,210
8657,210
8658,209
8659,209
8660,209
8661,210
8662,210
8663,210
8664,210
8665,210
8666,210
8667,210
8668,210
8669,210
8670,210
8671,210
8672,210
8673,210
8674,210
8675,210
8676,210
8677,209
8678,209
8679,209
8680,209
8681,209
8682,208
8683,208
8684,208
8685,208
8686,208
8687,208
8688,209
8689,208
8690,208
8691,209
8692,209
8693,209
8694,209
8695,209
8696,209
8697,209
8698,210
8699,210
8700,210
8701,210
8702,210
8703,210
8704,210
8705,210
8706,210
8707,211
8708,211
8709,211
8710,211
8711,211
8712,210
8713,210
8714,210
8715,210
8716,210
8717,210
8718,210
8719,210
8720,210
8721,210
8722,210
8723,210
8724,210
8725,210
8726,210
8727,210
8728,210
8729,210
8730,210
8731,210
8732,210
8733,210
8734,210
8735,210
8736,210
8737,210
8738,210
8739,210
8740,210
8741,210
8742,210
8743,210
8744,210
8745,210
8746,210
8747,210
8748,209
8749,209
8750,209
8751,209
8752,209
8753,209
8754,209
8755,210
8756,210
8757,210
8758,211
8759,211
8760,211
8761,211
8762,211
8763,211
8764,211
8765,211
8766,211
8767,210
8768,210
8769,210
8770,210
8771,210
8772,210
8773,210
8774,210
8775,210
8776,210
8777,210
8778,210
8779,210
8780,210
8781,210
8782,210
8783,210
8784,210
8785,210
8786,210
8787,210
8788,210
8789,210
8790,210
8791,210
8792,210
8793,210
8794,210
8795,210
8796,210
8797,210
8798,210
8799,210
8800,210
8801,210
8802,210
8803,211
8804,211
8805,210
8806,210
8807,210
8808,210
8809,210
8810,210
8811,210
8812,210
8813,210
8814,210
8815,211
8816,211
8817,211
8818,211
8819,211
8820,211
8821,211
8822,211
8823,211
8824,211
8825,211
8826,211
8827,211
8828,211
8829,211
8830,212
8831,212
8832,212
8833,212
8834,212
8835,212
8836,212
8837,212
8838,212
8839,211
8840,212
8841,212
8842,212
8843,212
8844,211
8845,212
8846,211
8847,212
8848,212
8849,212
8850,212
8851,212
8852,212
8853,212
8854,212
8855,212
8856,212
8857,212
8858,212
8859,213
8860,213
8861,213
8862,213
8863,213
8864,212
8865,213
8866,213
8867,213
8868,213
8869,213
8870,213
8871,213
8872,213
8873,214
8874,214
8875,214
8876,214
8877,213
8878,213
8879,213
8880,213
8881,213
8882,213
8883,213
8884,213
8885,214
8886,214
8887,214
8888,214
8889,214
8890,214
8891,215
8892,214
8893,215
8894,215
8895,216
8896,216
8897,216
8898,216
8899,216
8900,216
8901,217
8902,217
8903,217
8904,217
8905,218
8906,217
8907,217
8908,218
8909,218
8910,218
8911,218
8912,218
8913,218
8914,218
8915,218
8916,218
8917,217
8918,218
8919,218
8920,218
8921,218
8922,218
8923,218
8924,218
8925,218
8926,218
8927,218
8928,218
8929,218
8930,218
8931,218
8932,218
8933,218
8934,218
8935,218
8936,218
8937,218
8938,219
8939,219
8940,219
8941,219
8942,218
8943,219
8944,218
8945,218
8946,218
8947,218
8948,218
8949,218
8950,218
8951,218
8952,219
8953,218
8954,218
8955,219
8956,219
8957,218
8958,218
8959,218
8960,218
8961,218
8962,218
8963,218
8964,219
8965,219
8966,219
8967,219
8968,219
8969,218
8970,218
8971,218
8972,219
8973,218
8974,219
8975,219
8976,219
8977,219
8978,219
8979,218
8980,218
8981,218
8982,219
8983,219
8984,219
8985,219
8986,219
8987,219
8988,219
8989,219
8990,219
8991,219
8992,219
8993,219
8994,219
8995,218
8996,218
8997,218
8998,218
8999,218
9000,218
9001,218
9002,218
9003,218
9004,218
9005,218
9006,218
9007,218
9008,218
9009,218
9010,218
9011,218
9012,218
9013,218
9014,218
9015,218
9016,218
9017,218
9018,218
9019,218
9020,218
9021,218
9022,218
9023,218
9024,218
9025,218
9026,218
9027,218
9028,218
9029,218
9030,218
9031,218
9032,218
9033,218
9034,219
9035,219
9036,219
9037,219
9038,219
9039,219
9040,219
9041,219
9042,219
9043,219
9044,219
9045,219
9046,219
9047,219
9048,219
9049,218
9050,218
9051,218
9052,218
9053,218
9054,218
9055,218
9056,218
9057,218
9058,218
9059,218
9060,218
9061,218
9062,218
9063,218
9064,218
9065,218
9066,218
9067,218
9068,218
9069,218
9070,218
9071,218
9072,218
9073,218
9074,218
9075,218
9076,218
9077,218
9078,218
9079,218
9080,218
9081,218
9082,218
9083,218
9084,217
9085,217
9086,217
9087,217
9088,218
9089,218
9090,218
9091,218
9092,218
9093,218
9094,218
9095,218
9096,218
9097,218
9098,218
9099,218
9100,218
9101,218
9102,218
9103,218
9104,217
9105,217
9106,217
9107,217
9108,218
9109,218
9110,218
9111,217
9112,217
9113,217
9114,217
9115,217
9116,217
9117,217
9118,217
9119,218
9120,218
9121,218
9122,218
9123,218
9124,218
9125,218
9126,218
9127,218
9128,218
9129,218
9130,218
9131,218
9132,218
9133,218
9134,218
9135,218
9136,218
9137,218
9138,218
9139,218
9140,218
9141,218
9142,218
9143,218
9144,218
9145,218
9146,218
9147,218
9148,218
9149,218
9150,218
9151,218
9152,218
9153,219
9154,219
9155,219
9156,219
9157,219
9158,219
9159,219
9160,219
9161,219
9162,219
9163,219
9164,219
9165,219
9166,219
9167,219
9168,218
9169,218
9170,218
9171,218
9172,218
9173,218
9174,218
9175,218
9176,218
9177,218
9178,219
9179,219
9180,219
9181,219
9182,219
9183,219
9184,218
9185,218
9186,218
9187,218
9188,218
9189,218
9190,218
9191,218
9192,218
9193,218
9194,218
9195,218
9196,218
9197,218
9198,218
9199,218
9200,218
9201,218
9202,218
9203,218
9204,218
9205,218
9206,218
9207,218
9208,218
9209,218
9210,218
9211,218
9212,218
9213,218
9214,218
9215,218
9216,218
9217,218
9218,219
9219,219
9220,219
9221,219
9222,219
9223,219
9224,219
9225,219
9226,219
9227,219
9228,219
9229,219
9230,219
9231,219
9232,219
9233,219
9234,219
9235,219
9236,219
9237,219
9238,219
9239,219
9240,219
9241,219
9242,218
9243,218
9244,218
9245,218
9246,218
9247,218
9248,218
9249,218
9250,218
9251,219
9252,218
9253,218
9254,218
9255,218
9256,218
9257,219
9258,218
9259,219
9260,219
9261,219
9262,218
9263,219
9264,219
9265,219
9266,219
9267,219
9268,219
9269,219
9270,219
9271,219
9272,219
9273,219
9274,219
9275,219
9276,219
9277,219
9278,220
9279,220
9280,220
9281,220
9282,220
9283,220
9284,220
9285,219
9286,219
9287,219
9288,219
9289,219
9290,219
9291,219
9292,219
9293,219
9294,219
9295,218
9296,218
9297,218
9298,218
9299,217
9300,217
9301,217
9302,217
9303,217
9304,217
9305,217
9306,217
9307,217
9308,217
9309,217
9310,217
9311,217
9312,217
9313,217
9314,217
9315,217
9316,217
9317,217
9318,217
9319,217
9320,217
9321,217
9322,217
9323,217
9324,217
9325,217
9326,217
9327,217
9328,217
9329,217
9330,217
9331,217
9332,217
9333,217
9334,217
9335,217
9336,217
9337,217
9338,217
9339,217
9340,217
9341,217
9342,217
9343,217
9344,217
9345,217
9346,217
9347,217
9348,217
9349,216
9350,217
9351,217
9352,216
9353,216
9354,216
9355,216
9356,216
9357,216
9358,216
9359,216
9360,216
9361,216
9362,215
9363,215
9364,215
9365,215
9366,215
9367,215
9368,215
9369,215
9370,215
9371,215
9372,215
9373,215
9374,215
9375,215
9376,215
9377,215
9378,215
9379,215
9380,215
9381,215
9382,214
9383,215
9384,215
9385,214
9386,215
9387,215
9388,215
9389,215
9390,215
9391,215
9392,215
9393,215
9394,215
9395,214
9396,214
9397,214
9398,215
9399,215
9400,214
9401,215
9402,215
9403,215
9404,215
9405,215
9406,215
9407,215
9408,215
9409,214
9410,214
9411,214
9412,214
9413,214
9414,214
9415,214
9416,214
9417,214
9418,214
9419,214
9420,214
9421,214
9422,214
9423,215
9424,215
9425,214
9426,214
9427,214
9428,214
9429,214
9430,213
9431,214
9432,213
9433,213
9434,214
9435,214
9436,214
9437,215
9438,215
9439,215
9440,215
9441,215
9442,215
9443,215
9444,216
9445,216
9446,216
9447,215
9448,215
9449,215
9450,215
9451,215
9452,215
9453,215
9454,216
9455,215
9456,216
9457,217
9458,217
9459,216
9460,217
9461,217
9462,217
9463,217
9464,217
9465,217
9466,217
9467,217
9468,217
9469,217
9470,217
9471,217
9472,217
9473,217
9474,217
9475,217
9476,217
9477,217
9478,217
9479,217
9480,218
9481,218
9482,217
9483,217
9484,217
9485,217
9486,216
9487,216
9488,216
9489,216
9490,216
9491,216
9492,216
9493,216
9494,216
9495,216
9496,216
9497,216
9498,215
9499,216
9500,215
9501,216
9502,215
9503,215
9504,215
9505,215
9506,215
9507,215
9508,215
9509,215
9510,215
9511,215
9512,215
9513,215
9514,215
9515,215
9516,214
9517,214
9518,215
9519,215
9520,215
9521,214
9522,214
9523,214
9524,215
9525,215
9526,215
9527,215
9528,215
9529,215
9530,215
9531,215
9532,214
9533,214
9534,215
9535,214
9536,214
9537,214
9538,214
9539,214
9540,214
9541,214
9542,214
9543,215
9544,214
9545,215
9546,215
9547,215
9548,215
9549,215
9550,215
9551,215
9552,215
9553,215
9554,215
9555,215
9556,215
9557,215
9558,215
9559,215
9560,215
9561,215
9562,215
9563,215
9564,215
9565,215
9566,215
9567,215
9568,214
9569,215
9570,214
9571,214
9572,215
9573,215
9574,215
9575,215
9576,215
9577,215
9578,215
9579,215
9580,214
9581,214
9582,214
9583,214
9584,214
9585,214
9586,215
9587,215
9588,215
9589,215
9590,215
9591,215
9592,215
9593,215
9594,214
9595,214
9596,214
9597,214
9598,214
9599,214
9600,214
9601,215
9602,215
9603,215
9604,215
9605,215
9606,215
9607,215
9608,215
9609,215
9610,215
9611,215
9612,215
9613,215
9614,215
9615,216
9616,216
9617,216
9618,216
9619,215
9620,215
9621,215
9622,215
9623,216
9624,216
9625,216
9626,216
9627,216
9628,216
9629,216
9630,216
9631,216
9632,216
9633,216
9634,216
9635,216
9636,216
9637,216
9638,216
9639,216
9640,216
9641,216
9642,216
9643,216
9644,216
9645,216
9646,217
9647,217
9648,217
9649,217
9650,217
9651,217
9652,216
9653,216
9654,216
9655,217
9656,217
9657,217
9658,217
9659,217
9660,217
9661,217
9662,217
9663,217
9664,217
9665,217
9666,217
9667,217
9668,217
9669,218
9670,218
9671,217
9672,217
9673,217
9674,217
9675,217
9676,217
9677,216
9678,216
9679,216
9680,216
9681,217
9682,216
9683,216
9684,216
9685,216
9686,216
9687,216
9688,216
9689,216
9690,216
9691,216
9692,216
9693,216
9694,216
9695,216
9696,216
9697,216
9698,216
9699,216
9700,216
9701,216
9702,216
9703,216
9704,216
9705,216
9706,216
9707,216
9708,216
9709,216
9710,216
9711,216
9712,216
9713,216
9714,216
9715,216
9716,216
9717,216
9718,216
9719,216
9720,216
9721,216
9722,216
9723,215
9724,215
9725,215
9726,215
9727,216
9728,215
9729,215
9730,215
9731,215
9732,215
9733,215
9734,215
9735,215
9736,215
9737,215
9738,215
9739,215
9740,215
9741,215
9742,215
9743,215
9744,215
9745,215
9746,215
9747,215
9748,215
9749,215
9750,215
9751,215
9752,215
9753,215
9754,215
9755,215
9756,216
9757,216
9758,216
9759,215
9760,216
9761,216
9762,217
9763,217
9764,217
9765,217
9766,217
9767,217
9768,217
9769,217
9770,217
9771,217
9772,217
9773,217
9774,217
9775,217
9776,217
9777,217
9778,218
9779,218
9780,218
9781,218
9782,218
9783,218
9784,217
9785,218
9786,218
9787,218
9788,218
9789,218
9790,218
9791,218
9792,218
9793,218
9794,218
9795,218
9796,218
9797,218
9798,218
9799,218
9800,218
9801,218
9802,218
9803,219
9804,219
9805,219
9806,219
9807,219
9808,219
9809,218
9810,219
9811,219
9812,219
9813,219
9814,218
9815,218
9816,218
9817,218
9818,218
9819,218
9820,218
9821,218
9822,218
9823,218
9824,218
9825,218
9826,218
9827,218
9828,218
9829,218
9830,218
9831,218
9832,218
9833,218
9834,218
9835,219
9836,218
9837,218
9838,218
9839,218
9840,218
9841,218
9842,218
9843,218
9844,218
9845,218
9846,218
9847,218
9848,218
9849,217
9850,218
9851,217
9852,218
9853,218
9854,218
9855,218
9856,218
9857,218
9858,218
9859,218
9860,218
9861,218
9862,218
9863,218
9864,218
9865,218
9866,218
9867,218
9868,218
9869,219
9870,219
9871,219
9872,219
9873,219
9874,219
9875,219
9876,219
9877,219
9878,219
9879,219
9880,219
9881,219
9882,219
9883,219
9884,219
9885,219
9886,219
9887,219
9888,219
9889,219
9890,219
9891,219
9892,219
9893,219
9894,219
9895,219
9896,219
9897,220
9898,219
9899,219
9900,219
9901,220
9902,219
9903,219
9904,219
9905,219
9906,219
9907,219
9908,218
9909,218
9910,218
9911,218
9912,218
9913,218
9914,218
9915,218
9916,218
9917,219
9918,219
9919,219
9920,219
9921,219
9922,219
9923,219
9924,219
9925,219
9926,219
9927,219
9928,219
9929,219
9930,220
9931,220
9932,220
9933,220
9934,220
9935,220
9936,220
9937,220
9938,220
9939,220
9940,220
9941,220
9942,220
9943,220
9944,220
9945,219
9946,219
9947,219
9948,218
9949,218
9950,218
9951,218
9952,218
9953,219
9954,219
9955,219
9956,219
9957,219
9958,219
9959,219
9960,219
9961,219
9962,219
9963,219
9964,219
9965,219
9966,219
9967,219
9968,219
9969,219
9970,219
9971,218
9972,218
9973,219
9974,219
9975,218
9976,218
9977,219
9978,219
9979,219
9980,219
9981,219
9982,218
9983,218
9984,218
9985,219
9986,219
9987,219
9988,219
9989,219
9990,219
9991,219
9992,219
9993,219
9994,219
9995,219
9996,219
9997,219
9998,219
9999,219
