0,149
1,149
2,150
3,149
4,149
5,149
6,150
7,150
8,150
9,149
10,150
11,150
12,150
13,150
14,149
15,149
16,150
17,150
18,150
19,150
20,150
21,150
22,150
23,150
24,150
25,149
26,149
27,149
28,149
29,149
30,150
31,149
32,149
33,149
34,149
35,149
36,150
37,150
38,149
39,149
40,149
41,149
42,149
43,149
44,148
45,148
46,148
47,148
48,148
49,148
50,148
51,149
52,149
53,149
54,149
55,149
56,149
57,149
58,149
59,149
60,149
61,149
62,149
63,149
64,149
65,150
66,149
67,149
68,149
69,149
70,149
71,149
72,149
73,149
74,150
75,150
76,149
77,149
78,149
79,150
80,150
81,150
82,150
83,149
84,150
85,150
86,150
87,150
88,151
89,151
90,151
91,151
92,151
93,150
94,150
95,150
96,151
97,151
98,151
99,151
100,151
101,151
102,151
103,151
104,151
105,151
106,152
107,152
108,151
109,151
110,151
111,151
112,151
113,151
114,152
115,152
116,152
117,152
118,152
119,152
120,152
121,152
122,152
123,152
124,153
125,153
126,153
127,153
128,153
129,153
130,152
131,152
132,152
133,152
134,152
135,152
136,151
137,151
138,151
139,151
140,151
141,151
142,151
143,151
144,151
145,151
146,151
147,152
148,151
149,151
150,151
151,151
152,150
153,151
154,151
155,151
156,151
157,151
158,151
159,151
160,151
161,151
162,151
163,150
164,150
165,151
166,151
167,150
168,151
169,151
170,150
171,150
172,150
173,150
174,150
175,150
176,150
177,150
178,150
179,150
180,150
181,150
182,150
183,150
184,150
185,150
186,150
187,150
188,150
189,150
190,150
191,150
192,150
193,150
194,150
195,150
196,150
197,150
198,150
199,149
200,149
201,149
202,149
203,149
204,149
205,149
206,150
207,149
208,149
209,149
210,149
211,149
212,149
213,149
214,149
215,149
216,149
217,149
218,149
219,149
220,149
221,149
222,149
223,149
224,149
225,149
226,149
227,149
228,149
229,149
230,149
231,148
232,149
233,149
234,149
235,149
236,149
237,149
238,149
239,149
240,149
241,148
242,148
243,148
244,148
245,148
246,148
247,148
248,148
249,148
250,148
251,148
252,148
253,148
254,149
255,149
256,149
257,148
258,149
259,149
260,149
261,149
262,149
263,149
264,149
265,148
266,149
267,148
268,149
269,149
270,149
271,148
272,148
273,148
274,148
275,148
276,148
277,148
278,148
279,148
280,148
281,148
282,148
283,148
284,148
285,148
286,148
287,148
288,148
289,148
290,148
291,148
292,148
293,147
294,147
295,147
296,147
297,147
298,148
299,148
300,148
301,148
302,147
303,147
304,147
305,147
306,147
307,147
308,147
309,147
310,147
311,146
312,146
313,146
314,146
315,146
316,146
317,147
318,147
319,147
320,147
321,147
322,147
323,147
324,147
325,147
326,147
327,146
328,146
329,146
330,146
331,146
332,147
333,147
334,147
335,147
336,147
337,147
338,147
339,147
340,147
341,147
342,146
343,147
344,147
345,147
346,147
347,146
348,146
349,146
350,146
351,146
352,146
353,146
354,146
355,146
356,146
357,146
358,146
359,146
360,146
361,146
362,146
363,146
364,146
365,146
366,146
367,146
368,146
369,145
370,145
371,145
372,146
373,146
374,146
375,146
376,145
377,145
378,145
379,145
380,146
381,146
382,146
383,146
384,146
385,145
386,146
387,145
388,145
389,145
390,145
391,145
392,146
393,145
394,145
395,145
396,145
397,145
398,145
399,144
400,145
401,144
402,144
403,144
404,144
405,144
406,144
407,144
408,144
409,144
410,144
411,144
412,144
413,144
414,144
415,144
416,144
417,144
418,145
419,145
420,145
421,145
422,145
423,145
424,145
425,145
426,145
427,146
428,145
429,145
430,145
431,145
432,146
433,146
434,146
435,146
436,146
437,146
438,146
439,146
440,146
441,146
442,146
443,146
444,146
445,146
446,146
447,146
448,146
449,146
450,146
451,146
452,146
453,146
454,146
455,146
456,146
457,146
458,146
459,146
460,146
461,146
462,146
463,146
464,145
465,146
466,146
467,146
468,146
469,146
470,146
471,146
472,146
473,147
474,147
475,147
476,147
477,147
478,147
479,147
480,147
481,147
482,147
483,147
484,147
485,147
486,147
487,147
488,147
489,147
490,147
491,147
492,147
493,147
494,147
495,147
496,147
497,147
498,147
499,147
500,147
501,147
502,147
503,147
504,147
505,147
506,147
507,147
508,147
509,147
510,148
511,148
512,148
513,147
514,147
515,147
516,148
517,148
518,148
519,148
520,147
521,147
522,148
523,148
524,148
525,148
526,148
527,148
528,148
529,148
530,148
531,148
532,148
533,147
534,147
535,147
536,148
537,148
538,148
539,148
540,147
541,147
542,148
543,148
544,148
545,148
546,148
547,148
548,148
549,148
550,148
551,148
552,148
553,147
554,147
555,147
556,147
557,148
558,147
559,148
560,148
561,148
562,148
563,148
564,147
565,147
566,147
567,147
568,148
569,147
570,147
571,147
572,148
573,147
574,147
575,147
576,147
577,147
578,146
579,147
580,147
581,147
582,147
583,147
584,147
585,146
586,146
587,146
588,146
589,146
590,146
591,146
592,146
593,146
594,146
595,146
596,146
597,146
598,146
599,146
600,146
601,146
602,145
603,146
604,146
605,146
606,146
607,146
608,146
609,146
610,146
611,146
612,147
613,147
614,147
615,147
616,147
617,147
618,147
619,147
620,147
621,147
622,147
623,147
624,147
625,147
626,147
627,147
628,147
629,147
630,147
631,147
632,147
633,147
634,147
635,147
636,148
637,147
638,147
639,147
640,147
641,147
642,147
643,147
644,147
645,147
646,147
647,147
648,147
649,147
650,147
651,147
652,147
653,147
654,147
655,147
656,147
657,147
658,147
659,147
660,147
661,147
662,147
663,147
664,147
665,147
666,147
667,147
668,147
669,147
670,147
671,147
672,148
673,147
674,147
675,147
676,147
677,147
678,147
679,147
680,147
681,147
682,147
683,147
684,147
685,147
686,147
687,147
688,147
689,147
690,147
691,147
692,147
693,147
694,147
695,147
696,147
697,147
698,147
699,147
700,147
701,147
702,147
703,147
704,146
705,146
706,146
707,146
708,146
709,146
710,146
711,146
712,146
713,146
714,146
715,146
716,146
717,146
718,146
719,146
720,147
721,146
722,146
723,146
724,146
725,146
726,146
727,146
728,146
729,146
730,146
731,147
732,147
733,147
734,147
735,147
736,147
737,147
738,147
739,147
740,147
741,147
742,147
743,147
744,147
745,147
746,147
747,147
748,147
749,147
750,147
751,147
752,147
753,147
754,147
755,147
756,147
757,147
758,147
759,147
760,147
761,147
762,147
763,147
764,147
765,147
766,147
767,147
768,147
769,147
770,147
771,147
772,147
773,147
774,146
775,146
776,146
777,146
778,146
779,146
780,146
781,146
782,146
783,146
784,146
785,146
786,146
787,146
788,146
789,146
790,146
791,146
792,146
793,146
794,146
795,146
796,146
797,145
798,145
799,145
800,145
801,145
802,146
803,146
804,146
805,145
806,145
807,145
808,145
809,145
810,145
811,145
812,145
813,145
814,145
815,145
816,145
817,145
818,145
819,145
820,145
821,146
822,146
823,145
824,146
825,146
826,145
827,145
828,145
829,145
830,145
831,145
832,145
833,144
834,145
835,145
836,145
837,145
838,145
839,145
840,145
841,145
842,145
843,144
844,145
845,145
846,145
847,145
848,145
849,145
850,145
851,145
852,145
853,145
854,144
855,145
856,145
857,145
858,145
859,144
860,144
861,144
862,144
863,144
864,144
865,144
866,144
867,144
868,144
869,144
870,144
871,144
872,144
873,143
874,144
875,144
876,144
877,144
878,144
879,144
880,144
881,144
882,144
883,144
884,144
885,144
886,145
887,145
888,145
889,145
890,145
891,145
892,144
893,145
894,145
895,145
896,145
897,145
898,145
899,145
900,145
901,145
902,145
903,145
904,144
905,145
906,145
907,144
908,144
909,144
910,144
911,144
912,144
913,144
914,144
915,144
916,144
917,144
918,144
919,144
920,144
921,145
922,144
923,144
924,145
925,145
926,145
927,145
928,145
929,145
930,145
931,145
932,145
933,145
934,145
935,144
936,144
937,144
938,144
939,144
940,145
941,145
942,145
943,145
944,145
945,145
946,145
947,145
948,145
949,145
950,145
951,145
952,145
953,145
954,145
955,145
956,145
957,145
958,145
959,144
960,144
961,145
962,145
963,144
964,144
965,145
966,145
967,145
968,145
969,145
970,145
971,145
972,145
973,145
974,145
975,145
976,145
977,145
978,145
979,145
980,145
981,144
982,144
983,144
984,144
985,144
986,145
987,145
988,145
989,145
990,145
991,145
992,145
993,145
994,145
995,144
996,144
997,145
998,145
999,145
1000,145
1001,145
1002,145
1003,145
1004,145
1005,145
1006,145
1007,146
1008,146
1009,145
1010,145
1011,145
1012,145
1013,145
1014,145
1015,145
1016,145
1017,144
1018,144
1019,143
1020,143
1021,143
1022,143
1023,143
1024,143
1025,143
1026,143
1027,143
1028,143
1029,143
1030,143
1031,143
1032,143
1033,143
1034,143
1035,143
1036,143
1037,143
1038,143
1039,143
1040,143
1041,143
1042,143
1043,143
1044,143
1045,143
1046,143
1047,143
1048,143
1049,143
1050,143
1051,143
1052,143
1053,143
1054,142
1055,142
1056,143
1057,143
1058,142
1059,143
1060,142
1061,142
1062,142
1063,142
1064,142
1065,142
1066,142
1067,142
1068,142
1069,142
1070,142
1071,141
1072,141
1073,142
1074,141
1075,141
1076,141
1077,141
1078,141
1079,141
1080,141
1081,141
1082,141
1083,141
1084,141
1085,141
1086,141
1087,140
1088,141
1089,141
1090,141
1091,141
1092,141
1093,140
1094,141
1095,141
1096,140
1097,140
1098,140
1099,140
1100,140
1101,140
1102,140
1103,140
1104,140
1105,140
1106,140
1107,140
1108,140
1109,140
1110,140
1111,140
1112,140
1113,140
1114,140
1115,140
1116,140
1117,140
1118,140
1119,140
1120,140
1121,140
1122,140
1123,139
1124,140
1125,140
1126,140
1127,139
1128,139
1129,140
1130,140
1131,140
1132,140
1133,140
1134,140
1135,140
1136,140
1137,140
1138,140
1139,140
1140,140
1141,139
1142,139
1143,139
1144,139
1145,139
1146,140
1147,140
1148,140
1149,139
1150,139
1151,139
1152,139
1153,139
1154,140
1155,140
1156,140
1157,140
1158,140
1159,140
1160,140
1161,140
1162,140
1163,140
1164,140
1165,140
1166,140
1167,140
1168,140
1169,140
1170,140
1171,140
1172,140
1173,140
1174,141
1175,141
1176,141
1177,141
1178,140
1179,141
1180,141
1181,141
1182,141
1183,141
1184,141
1185,141
1186,141
1187,141
1188,141
1189,140
1190,140
1191,140
1192,140
1193,140
1194,140
1195,140
1196,140
1197,140
1198,140
1199,140
1200,140
1201,140
1202,140
1203,140
1204,140
1205,140
1206,140
1207,140
1208,140
1209,140
1210,140
1211,140
1212,140
1213,140
1214,140
1215,140
1216,140
1217,139
1218,140
1219,140
1220,140
1221,140
1222,140
1223,140
1224,140
1225,140
1226,140
1227,139
1228,139
1229,139
1230,139
1231,139
1232,139
1233,139
1234,139
1235,139
1236,139
1237,139
1238,139
1239,140
1240,140
1241,140
1242,140
1243,140
1244,140
1245,140
1246,140
1247,140
1248,139
1249,140
1250,140
1251,139
1252,139
1253,139
1254,139
1255,139
1256,139
1257,139
1258,139
1259,139
1260,139
1261,139
1262,139
1263,139
1264,140
1265,140
1266,140
1267,140
1268,140
1269,140
1270,140
1271,140
1272,140
1273,140
1274,140
1275,139
1276,140
1277,140
1278,139
1279,139
1280,139
1281,138
1282,139
1283,139
1284,139
1285,139
1286,139
1287,139
1288,138
1289,138
1290,139
1291,138
1292,138
1293,138
1294,138
1295,138
1296,138
1297,138
1298,138
1299,138
1300,139
1301,139
1302,139
1303,139
1304,139
1305,139
1306,140
1307,140
1308,140
1309,140
1310,140
1311,140
1312,140
1313,139
1314,140
1315,140
1316,140
1317,140
1318,140
1319,140
1320,140
1321,140
1322,140
1323,140
1324,141
1325,141
1326,141
1327,140
1328,140
1329,141
1330,141
1331,141
1332,141
1333,140
1334,140
1335,140
1336,140
1337,140
1338,140
1339,140
1340,140
1341,141
1342,141
1343,141
1344,141
1345,140
1346,140
1347,140
1348,140
1349,140
1350,141
1351,141
1352,141
1353,141
1354,141
1355,140
1356,140
1357,140
1358,140
1359,140
1360,141
1361,141
1362,140
1363,141
1364,141
1365,141
1366,141
1367,141
1368,141
1369,141
1370,141
1371,141
1372,141
1373,141
1374,141
1375,141
1376,141
1377,141
1378,141
1379,140
1380,140
1381,140
1382,140
1383,140
1384,140
1385,140
1386,141
1387,141
1388,140
1389,140
1390,141
1391,141
1392,141
1393,141
1394,141
1395,141
1396,141
1397,141
1398,141
1399,140
1400,140
1401,140
1402,140
1403,141
1404,141
1405,141
1406,141
1407,141
1408,141
1409,141
1410,141
1411,141
1412,141
1413,142
1414,142
1415,142
1416,142
1417,142
1418,142
1419,142
1420,142
1421,142
1422,142
1423,142
1424,142
1425,142
1426,142
1427,142
1428,142
1429,142
1430,142
1431,142
1432,141
1433,141
1434,141
1435,141
1436,141
1437,141
1438,141
1439,140
1440,141
1441,140
1442,140
1443,140
1444,141
1445,141
1446,141
1447,142
1448,141
1449,141
1450,142
1451,142
1452,142
1453,142
1454,142
1455,141
1456,141
1457,142
1458,142
1459,142
1460,142
1461,141
1462,142
1463,142
1464,141
1465,142
1466,141
1467,141
1468,142
1469,141
1470,141
1471,140
1472,140
1473,140
1474,141
1475,141
1476,140
1477,140
1478,140
1479,140
1480,140
1481,140
1482,140
1483,140
1484,140
1485,140
1486,140
1487,139
1488,140
1489,140
1490,140
1491,140
1492,140
1493,140
1494,140
1495,140
1496,140
1497,140
1498,140
1499,140
1500,140
1501,140
1502,140
1503,140
1504,141
1505,141
1506,140
1507,140
1508,141
1509,140
1510,141
1511,141
1512,141
1513,141
1514,141
1515,141
1516,141
1517,141
1518,140
1519,141
1520,141
1521,141
1522,141
1523,141
1524,141
1525,140
1526,140
1527,140
1528,140
1529,140
1530,140
1531,140
1532,140
1533,139
1534,139
1535,139
1536,139
1537,139
1538,139
1539,139
1540,139
1541,139
1542,140
1543,139
1544,139
1545,139
1546,139
1547,139
1548,139
1549,139
1550,139
1551,139
1552,139
1553,139
1554,139
1555,139
1556,139
1557,139
1558,139
1559,139
1560,139
1561,139
1562,140
1563,140
1564,139
1565,139
1566,139
1567,140
1568,140
1569,139
1570,140
1571,140
1572,140
1573,140
1574,140
1575,139
1576,140
1577,140
1578,140
1579,140
1580,140
1581,140
1582,140
1583,140
1584,140
1585,139
1586,139
1587,139
1588,139
1589,139
1590,139
1591,139
1592,139
1593,139
1594,139
1595,139
1596,139
1597,138
1598,138
1599,138
1600,138
1601,138
1602,138
1603,138
1604,138
1605,138
1606,138
1607,138
1608,138
1609,138
1610,138
1611,138
1612,138
1613,138
1614,138
1615,138
1616,138
1617,138
1618,138
1619,138
1620,138
1621,138
1622,138
1623,138
1624,138
1625,138
1626,138
1627,138
1628,138
1629,138
1630,138
1631,138
1632,138
1633,138
1634,138
1635,138
1636,139
1637,139
1638,139
1639,139
1640,138
1641,139
1642,139
1643,139
1644,139
1645,139
1646,139
1647,139
1648,139
1649,139
1650,139
1651,139
1652,139
1653,139
1654,139
1655,139
1656,139
1657,139
1658,139
1659,139
1660,139
1661,139
1662,139
1663,139
1664,139
1665,138
1666,138
1667,138
1668,138
1669,138
1670,138
1671,138
1672,138
1673,138
1674,138
1675,138
1676,137
1677,138
1678,137
1679,138
1680,137
1681,138
1682,138
1683,138
1684,138
1685,138
1686,138
1687,138
1688,138
1689,138
1690,138
1691,137
1692,137
1693,137
1694,137
1695,137
1696,137
1697,137
1698,138
1699,138
1700,138
1701,138
1702,138
1703,138
1704,138
1705,138
1706,138
1707,138
1708,137
1709,137
1710,137
1711,137
1712,137
1713,137
1714,137
1715,137
1716,137
1717,137
1718,137
1719,137
1720,138
1721,138
1722,138
1723,138
1724,138
1725,138
1726,138
1727,137
1728,137
1729,137
1730,137
1731,137
1732,137
1733,137
1734,137
1735,137
1736,137
1737,137
1738,137
1739,137
1740,137
1741,137
1742,137
1743,137
1744,137
1745,137
1746,137
1747,136
1748,137
1749,136
1750,136
1751,136
1752,136
1753,136
1754,136
1755,136
1756,135
1757,135
1758,135
1759,135
1760,135
1761,135
1762,135
1763,134
1764,134
1765,135
1766,135
1767,135
1768,135
1769,135
1770,135
1771,135
1772,135
1773,135
1774,135
1775,135
1776,135
1777,136
1778,136
1779,136
1780,136
1781,136
1782,136
1783,135
1784,136
1785,136
1786,136
1787,136
1788,136
1789,136
1790,136
1791,136
1792,136
1793,136
1794,136
1795,136
1796,136
1797,136
1798,136
1799,136
1800,136
1801,136
1802,136
1803,136
1804,136
1805,136
1806,136
1807,136
1808,136
1809,136
1810,136
1811,136
1812,137
1813,137
1814,137
1815,137
1816,137
1817,136
1818,136
1819,136
1820,137
1821,137
1822,137
1823,137
1824,137
1825,137
1826,137
1827,137
1828,137
1829,137
1830,137
1831,137
1832,137
1833,137
1834,137
1835,137
1836,137
1837,137
1838,137
1839,137
1840,137
1841,137
1842,137
1843,137
1844,137
1845,137
1846,137
1847,136
1848,136
1849,136
1850,136
1851,136
1852,136
1853,136
1854,136
1855,136
1856,135
1857,135
1858,135
1859,135
1860,135
1861,136
1862,136
1863,136
1864,135
1865,135
1866,135
1867,136
1868,136
1869,136
1870,136
1871,137
1872,137
1873,137
1874,137
1875,136
1876,137
1877,137
1878,137
1879,137
1880,137
1881,137
1882,137
1883,138
1884,138
1885,138
1886,138
1887,138
1888,138
1889,138
1890,137
1891,138
1892,138
1893,138
1894,138
1895,138
1896,138
1897,138
1898,138
1899,138
1900,138
1901,138
1902,138
1903,138
1904,138
1905,138
1906,139
1907,139
1908,138
1909,138
1910,138
1911,138
1912,138
1913,138
1914,138
1915,138
1916,139
1917,138
1918,138
1919,139
1920,139
1921,139
1922,139
1923,139
1924,139
1925,139
1926,139
1927,139
1928,139
1929,139
1930,139
1931,139
1932,139
1933,139
1934,139
1935,139
1936,139
1937,139
1938,139
1939,139
1940,139
1941,139
1942,139
1943,139
1944,139
1945,139
1946,139
1947,139
1948,139
1949,139
1950,139
1951,139
1952,138
1953,138
1954,138
1955,138
1956,139
1957,138
1958,138
1959,138
1960,138
1961,139
1962,139
1963,139
1964,139
1965,139
1966,139
1967,139
1968,139
1969,139
1970,139
1971,139
1972,139
1973,140
1974,140
1975,140
1976,140
1977,140
1978,140
1979,140
1980,140
1981,140
1982,140
1983,140
1984,139
1985,140
1986,140
1987,140
1988,140
1989,140
1990,140
1991,139
1992,140
1993,140
1994,140
1995,140
1996,140
1997,140
1998,140
1999,140
2000,140
2001,141
2002,140
2003,140
2004,140
2005,140
2006,141
2007,140
2008,140
2009,140
2010,140
2011,140
2012,140
2013,141
2014,141
2015,141
2016,141
2017,141
2018,141
2019,141
2020,141
2021,141
2022,141
2023,141
2024,141
2025,141
2026,141
2027,141
2028,141
2029,141
2030,140
2031,141
2032,141
2033,141
2034,141
2035,141
2036,141
2037,141
2038,141
2039,141
2040,141
2041,141
2042,141
2043,141
2044,141
2045,141
2046,141
2047,141
2048,141
2049,140
2050,141
2051,141
2052,141
2053,141
2054,141
2055,141
2056,141
2057,141
2058,141
2059,142
2060,141
2061,142
2062,142
2063,142
2064,142
2065,141
2066,142
2067,142
2068,141
2069,141
2070,142
2071,141
2072,141
2073,142
2074,141
2075,141
2076,141
2077,141
2078,141
2079,141
2080,142
2081,142
2082,142
2083,142
2084,141
2085,141
2086,141
2087,141
2088,141
2089,141
2090,141
2091,141
2092,142
2093,141
2094,141
2095,141
2096,141
2097,141
2098,141
2099,141
2100,141
2101,141
2102,141
2103,141
2104,140
2105,140
2106,140
2107,140
2108,141
2109,140
2110,140
2111,141
2112,140
2113,141
2114,141
2115,141
2116,141
2117,141
2118,141
2119,140
2120,141
2121,141
2122,141
2123,141
2124,141
2125,141
2126,141
2127,141
2128,141
2129,141
2130,141
2131,141
2132,141
2133,141
2134,141
2135,141
2136,141
2137,141
2138,141
2139,141
2140,141
2141,141
2142,141
2143,141
2144,141
2145,141
2146,142
2147,142
2148,142
2149,142
2150,142
2151,142
2152,142
2153,142
2154,142
2155,142
2156,142
2157,142
2158,142
2159,142
2160,142
2161,143
2162,143
2163,143
2164,143
2165,143
2166,144
2167,144
2168,144
2169,143
2170,143
2171,144
2172,144
2173,144
2174,144
2175,144
2176,144
2177,144
2178,144
2179,144
2180,144
2181,144
2182,144
2183,144
2184,145
2185,145
2186,144
2187,144
2188,144
2189,144
2190,144
2191,144
2192,145
2193,144
2194,144
2195,144
2196,144
2197,144
2198,144
2199,144
2200,144
2201,144
2202,143
2203,143
2204,144
2205,143
2206,144
2207,144
2208,143
2209,143
2210,143
2211,143
2212,143
2213,143
2214,142
2215,142
2216,142
2217,142
2218,142
2219,142
2220,142
2221,142
2222,142
2223,142
2224,142
2225,142
2226,142
2227,142
2228,142
2229,142
2230,142
2231,141
2232,141
2233,141
2234,141
2235,141
2236,141
2237,141
2238,141
2239,141
2240,140
2241,140
2242,140
2243,140
2244,140
2245,141
2246,141
2247,141
2248,141
2249,141
2250,141
2251,141
2252,141
2253,141
2254,141
2255,141
2256,141
2257,141
2258,141
2259,141
2260,141
2261,141
2262,141
2263,141
2264,141
2265,141
2266,141
2267,141
2268,141
2269,141
2270,141
2271,141
2272,141
2273,141
2274,141
2275,141
2276,141
2277,141
2278,141
2279,141
2280,141
2281,141
2282,141
2283,141
2284,140
2285,140
2286,140
2287,140
2288,141
2289,141
2290,141
2291,141
2292,141
2293,141
2294,140
2295,140
2296,140
2297,139
2298,139
2299,139
2300,139
2301,139
2302,139
2303,139
2304,139
2305,139
2306,139
2307,139
2308,139
2309,139
2310,139
2311,139
2312,139
2313,140
2314,140
2315,140
2316,140
2317,140
2318,139
2319,139
2320,140
2321,140
2322,139
2323,139
2324,139
2325,139
2326,139
2327,139
2328,139
2329,139
2330,139
2331,139
2332,139
2333,139
2334,140
2335,140
2336,140
2337,140
2338,140
2339,140
2340,140
2341,140
2342,140
2343,140
2344,140
2345,140
2346,140
2347,140
2348,140
2349,141
2350,140
2351,140
2352,141
2353,140
2354,140
2355,141
2356,140
2357,140
2358,140
2359,139
2360,139
2361,139
2362,139
2363,139
2364,139
2365,139
2366,139
2367,140
2368,140
2369,139
2370,139
2371,139
2372,140
2373,140
2374,140
2375,140
2376,140
2377,140
2378,140
2379,140
2380,140
2381,140
2382,140
2383,140
2384,139
2385,140
2386,140
2387,140
2388,140
2389,140
2390,140
2391,140
2392,140
2393,140
2394,140
2395,140
2396,140
2397,140
2398,140
2399,140
2400,140
2401,140
2402,140
2403,139
2404,140
2405,140
2406,140
2407,140
2408,140
2409,139
2410,139
2411,139
2412,139
2413,139
2414,139
2415,139
2416,139
2417,139
2418,139
2419,139
2420,139
2421,139
2422,139
2423,139
2424,140
2425,140
2426,140
2427,140
2428,140
2429,140
2430,140
2431,140
2432,140
2433,139
2434,140
2435,139
2436,139
2437,139
2438,138
2439,139
2440,138
2441,138
2442,138
2443,138
2444,138
2445,138
2446,138
2447,138
2448,138
2449,138
2450,138
2451,138
2452,138
2453,138
2454,138
2455,138
2456,138
2457,138
2458,138
2459,138
2460,138
2461,138
2462,137
2463,137
2464,137
2465,137
2466,137
2467,137
2468,137
2469,137
2470,137
2471,137
2472,137
2473,137
2474,137
2475,137
2476,137
2477,137
2478,137
2479,137
2480,137
2481,137
2482,137
2483,137
2484,137
2485,137
2486,137
2487,137
2488,137
2489,137
2490,137
2491,137
2492,137
2493,137
2494,137
2495,137
2496,137
2497,137
2498,137
2499,137
2500,137
2501,137
2502,137
2503,137
2504,137
2505,137
2506,138
2507,137
2508,137
2509,137
2510,137
2511,137
2512,137
2513,137
2514,137
2515,137
2516,137
2517,137
2518,137
2519,138
2520,138
2521,138
2522,138
2523,138
2524,138
2525,138
2526,138
2527,138
2528,138
2529,138
2530,138
2531,138
2532,138
2533,137
2534,137
2535,137
2536,137
2537,137
2538,137
2539,136
2540,136
2541,136
2542,136
2543,136
2544,136
2545,137
2546,137
2547,137
2548,137
2549,137
2550,136
2551,136
2552,136
2553,136
2554,137
2555,136
2556,136
2557,137
2558,137
2559,136
2560,136
2561,136
2562,137
2563,137
2564,137
2565,137
2566,137
2567,137
2568,137
2569,137
2570,137
2571,137
2572,137
2573,136
2574,136
2575,136
2576,136
2577,136
2578,136
2579,136
2580,136
2581,136
2582,136
2583,136
2584,137
2585,137
2586,137
2587,137
2588,137
2589,137
2590,137
2591,137
2592,137
2593,137
2594,137
2595,137
2596,137
2597,138
2598,138
2599,138
2600,138
2601,138
2602,138
2603,138
2604,137
2605,137
2606,138
2607,138
2608,138
2609,138
2610,137
2611,137
2612,137
2613,137
2614,137
2615,138
2616,137
2617,138
2618,138
2619,137
2620,137
2621,137
2622,137
2623,137
2624,137
2625,137
2626,137
2627,137
2628,137
2629,137
2630,137
2631,136
2632,137
2633,137
2634,137
2635,136
2636,136
2637,136
2638,136
2639,136
2640,136
2641,137
2642,136
2643,136
2644,136
2645,136
2646,136
2647,137
2648,137
2649,137
2650,137
2651,137
2652,137
2653,137
2654,137
2655,136
2656,136
2657,136
2658,136
2659,136
2660,136
2661,137
2662,137
2663,137
2664,137
2665,137
2666,137
2667,137
2668,137
2669,137
2670,137
2671,137
2672,137
2673,137
2674,136
2675,136
2676,136
2677,136
2678,137
2679,137
2680,137
2681,137
2682,137
2683,137
2684,137
2685,137
2686,137
2687,137
2688,137
2689,137
2690,138
2691,138
2692,138
2693,137
2694,138
2695,138
2696,138
2697,138
2698,138
2699,138
2700,137
2701,137
2702,137
2703,137
2704,137
2705,138
2706,138
2707,138
2708,138
2709,138
2710,139
2711,139
2712,139
2713,139
2714,139
2715,139
2716,138
2717,138
2718,138
2719,139
2720,139
2721,139
2722,138
2723,139
2724,139
2725,139
2726,139
2727,139
2728,139
2729,139
2730,139
2731,139
2732,139
2733,139
2734,139
2735,139
2736,139
2737,139
2738,139
2739,139
2740,139
2741,140
2742,140
2743,140
2744,140
2745,140
2746,140
2747,140
2748,139
2749,140
2750,139
2751,140
2752,140
2753,140
2754,139
2755,139
2756,139
2757,139
2758,139
2759,139
2760,139
2761,139
2762,139
2763,139
2764,139
2765,139
2766,139
2767,140
2768,140
2769,140
2770,140
2771,140
2772,140
2773,140
2774,140
2775,140
2776,139
2777,139
2778,139
2779,139
2780,139
2781,139
2782,140
2783,140
2784,139
2785,139
2786,139
2787,139
2788,139
2789,139
2790,139
2791,139
2792,139
2793,139
2794,139
2795,139
2796,139
2797,139
2798,139
2799,139
2800,140
2801,140
2802,140
2803,139
2804,139
2805,139
2806,139
2807,139
2808,139
2809,139
2810,139
2811,139
2812,139
2813,140
2814,140
2815,140
2816,140
2817,140
2818,140
2819,140
2820,140
2821,141
2822,141
2823,141
2824,141
2825,141
2826,141
2827,141
2828,141
2829,141
2830,141
2831,141
2832,141
2833,141
2834,141
2835,141
2836,141
2837,141
2838,141
2839,142
2840,142
2841,141
2842,141
2843,142
2844,142
2845,142
2846,142
2847,142
2848,141
2849,142
2850,141
2851,141
2852,141
2853,141
2854,141
2855,141
2856,140
2857,141
2858,141
2859,141
2860,141
2861,141
2862,141
2863,141
2864,141
2865,141
2866,141
2867,141
2868,141
2869,141
2870,141
2871,141
2872,141
2873,141
2874,141
2875,141
2876,142
2877,141
2878,141
2879,141
2880,141
2881,141
2882,141
2883,141
2884,141
2885,141
2886,141
2887,141
2888,141
2889,141
2890,141
2891,140
2892,141
2893,141
2894,141
2895,141
2896,141
2897,141
2898,141
2899,141
2900,142
2901,142
2902,142
2903,142
2904,141
2905,142
2906,141
2907,141
2908,141
2909,140
2910,140
2911,141
2912,141
2913,141
2914,141
2915,141
2916,141
2917,141
2918,141
2919,140
2920,141
2921,141
2922,141
2923,141
2924,142
2925,141
2926,141
2927,140
2928,140
2929,140
2930,140
2931,139
2932,139
2933,140
2934,139
2935,140
2936,140
2937,140
2938,140
2939,141
2940,141
2941,141
2942,141
2943,142
2944,142
2945,142
2946,142
2947,142
2948,142
2949,142
2950,143
2951,143
2952,142
2953,143
2954,143
2955,143
2956,143
2957,143
2958,143
2959,144
2960,144
2961,143
2962,143
2963,144
2964,144
2965,144
2966,144
2967,144
2968,144
2969,144
2970,144
2971,144
2972,144
2973,144
2974,144
2975,144
2976,144
2977,144
2978,144
2979,144
2980,144
2981,144
2982,144
2983,144
2984,144
2985,144
2986,144
2987,144
2988,144
2989,144
2990,144
2991,144
2992,144
2993,144
2994,144
2995,144
2996,144
2997,144
2998,144
2999,144
3000,144
3001,144
3002,144
3003,144
3004,144
3005,144
3006,144
3007,144
3008,144
3009,144
3010,144
3011,144
3012,144
3013,144
3014,143
3015,144
3016,144
3017,144
3018,143
3019,143
3020,144
3021,144
3022,144
3023,144
3024,144
3025,144
3026,144
3027,144
3028,144
3029,144
3030,144
3031,144
3032,143
3033,143
3034,143
3035,143
3036,143
3037,143
3038,143
3039,143
3040,143
3041,143
3042,143
3043,143
3044,143
3045,143
3046,143
3047,143
3048,143
3049,143
3050,142
3051,142
3052,142
3053,142
3054,142
3055,142
3056,142
3057,142
3058,142
3059,142
3060,142
3061,141
3062,142
3063,141
3064,141
3065,141
3066,141
3067,141
3068,141
3069,141
3070,141
3071,141
3072,141
3073,140
3074,140
3075,140
3076,140
3077,140
3078,140
3079,140
3080,140
3081,140
3082,140
3083,139
3084,140
3085,139
3086,139
3087,139
3088,139
3089,140
3090,140
3091,140
3092,139
3093,140
3094,139
3095,139
3096,139
3097,139
3098,139
3099,139
3100,139
3101,139
3102,139
3103,139
3104,139
3105,139
3106,139
3107,139
3108,139
3109,139
3110,139
3111,139
3112,139
3113,139
3114,139
3115,139
3116,139
3117,139
3118,139
3119,138
3120,139
3121,138
3122,138
3123,138
3124,139
3125,139
3126,138
3127,138
3128,138
3129,138
3130,138
3131,138
3132,138
3133,139
3134,139
3135,139
3136,138
3137,139
3138,139
3139,139
3140,139
3141,139
3142,139
3143,138
3144,139
3145,139
3146,139
3147,138
3148,138
3149,138
3150,138
3151,138
3152,138
3153,138
3154,138
3155,138
3156,138
3157,138
3158,138
3159,138
3160,138
3161,138
3162,138
3163,138
3164,138
3165,138
3166,138
3167,137
3168,137
3169,137
3170,137
3171,137
3172,137
3173,137
3174,137
3175,137
3176,136
3177,136
3178,136
3179,136
3180,136
3181,135
3182,135
3183,135
3184,135
3185,135
3186,135
3187,135
3188,135
3189,135
3190,135
3191,135
3192,134
3193,134
3194,134
3195,134
3196,134
3197,134
3198,134
3199,134
3200,134
3201,134
3202,134
3203,134
3204,134
3205,134
3206,134
3207,134
3208,134
3209,134
3210,134
3211,134
3212,134
3213,134
3214,134
3215,134
3216,134
3217,134
3218,134
3219,134
3220,134
3221,134
3222,134
3223,134
3224,134
3225,134
3226,134
3227,134
3228,134
3229,134
3230,134
3231,134
3232,134
3233,134
3234,134
3235,134
3236,134
3237,134
3238,134
3239,134
3240,135
3241,135
3242,135
3243,134
3244,134
3245,134
3246,134
3247,134
3248,134
3249,134
3250,134
3251,134
3252,134
3253,134
3254,134
3255,134
3256,134
3257,134
3258,134
3259,134
3260,134
3261,135
3262,135
3263,135
3264,135
3265,135
3266,135
3267,134
3268,134
3269,134
3270,134
3271,135
3272,135
3273,134
3274,134
3275,135
3276,135
3277,135
3278,136
3279,135
3280,135
3281,136
3282,135
3283,135
3284,135
3285,136
3286,135
3287,136
3288,136
3289,136
3290,136
3291,136
3292,136
3293,136
3294,136
3295,136
3296,136
3297,137
3298,137
3299,137
3300,137
3301,137
3302,138
3303,138
3304,138
3305,138
3306,138
3307,137
3308,137
3309,137
3310,137
3311,137
3312,137
3313,137
3314,138
3315,137
3316,137
3317,137
3318,138
3319,137
3320,137
3321,137
3322,137
3323,137
3324,137
3325,137
3326,137
3327,137
3328,137
3329,137
3330,137
3331,138
3332,137
3333,138
3334,138
3335,138
3336,138
3337,138
3338,138
3339,138
3340,138
3341,138
3342,138
3343,138
3344,138
3345,138
3346,139
3347,138
3348,139
3349,139
3350,139
3351,139
3352,138
3353,138
3354,139
3355,139
3356,138
3357,138
3358,139
3359,138
3360,138
3361,139
3362,139
3363,138
3364,138
3365,138
3366,139
3367,138
3368,139
3369,138
3370,138
3371,138
3372,138
3373,138
3374,138
3375,138
3376,138
3377,138
3378,138
3379,138
3380,138
3381,138
3382,138
3383,138
3384,138
3385,138
3386,138
3387,138
3388,138
3389,138
3390,138
3391,138
3392,138
3393,138
3394,138
3395,138
3396,138
3397,139
3398,139
3399,138
3400,138
3401,138
3402,138
3403,139
3404,139
3405,139
3406,138
3407,138
3408,138
3409,138
3410,138
3411,138
3412,138
3413,138
3414,138
3415,138
3416,139
3417,139
3418,139
3419,139
3420,139
3421,138
3422,138
3423,138
3424,139
3425,139
3426,138
3427,138
3428,138
3429,138
3430,138
3431,138
3432,138
3433,138
3434,138
3435,138
3436,138
3437,138
3438,138
3439,138
3440,138
3441,138
3442,138
3443,138
3444,138
3445,138
3446,138
3447,138
3448,138
3449,138
3450,138
3451,138
3452,138
3453,138
3454,138
3455,138
3456,138
3457,138
3458,138
3459,138
3460,138
3461,138
3462,138
3463,138
3464,138
3465,138
3466,138
3467,138
3468,138
3469,138
3470,138
3471,138
3472,138
3473,138
3474,138
3475,138
3476,138
3477,138
3478,138
3479,138
3480,138
3481,138
3482,138
3483,138
3484,138
3485,138
3486,138
3487,138
3488,138
3489,138
3490,138
3491,138
3492,138
3493,138
3494,138
3495,138
3496,138
3497,138
3498,138
3499,138
3500,138
3501,138
3502,138
3503,138
3504,138
3505,138
3506,138
3507,137
3508,137
3509,138
3510,137
3511,137
3512,138
3513,138
3514,138
3515,137
3516,138
3517,137
3518,137
3519,137
3520,137
3521,137
3522,137
3523,137
3524,137
3525,137
3526,137
3527,137
3528,137
3529,137
3530,137
3531,137
3532,137
3533,137
3534,137
3535,137
3536,137
3537,137
3538,137
3539,137
3540,137
3541,137
3542,137
3543,137
3544,138
3545,138
3546,137
3547,138
3548,138
3549,138
3550,138
3551,138
3552,138
3553,138
3554,138
3555,138
3556,137
3557,138
3558,138
3559,138
3560,138
3561,138
3562,138
3563,138
3564,138
3565,138
3566,138
3567,138
3568,138
3569,138
3570,138
3571,138
3572,138
3573,138
3574,138
3575,139
3576,138
3577,138
3578,138
3579,139
3580,139
3581,139
3582,139
3583,139
3584,139
3585,139
3586,139
3587,139
3588,139
3589,139
3590,139
3591,138
3592,138
3593,138
3594,138
3595,138
3596,138
3597,138
3598,138
3599,138
3600,138
3601,138
3602,138
3603,138
3604,137
3605,137
3606,137
3607,137
3608,137
3609,137
3610,138
3611,138
3612,138
3613,138
3614,138
3615,138
3616,138
3617,138
3618,138
3619,138
3620,138
3621,138
3622,138
3623,138
3624,138
3625,138
3626,138
3627,138
3628,138
3629,138
3630,138
3631,138
3632,138
3633,138
3634,138
3635,138
3636,139
3637,139
3638,139
3639,139
3640,139
3641,139
3642,139
3643,139
3644,139
3645,139
3646,139
3647,139
3648,139
3649,139
3650,139
3651,139
3652,139
3653,139
3654,138
3655,138
3656,138
3657,139
3658,138
3659,138
3660,138
3661,138
3662,138
3663,138
3664,138
3665,138
3666,138
3667,138
3668,138
3669,138
3670,138
3671,138
3672,138
3673,138
3674,138
3675,138
3676,138
3677,138
3678,138
3679,138
3680,138
3681,138
3682,138
3683,138
3684,138
3685,138
3686,138
3687,138
3688,138
3689,138
3690,138
3691,138
3692,138
3693,138
3694,138
3695,138
3696,138
3697,138
3698,138
3699,138
3700,138
3701,138
3702,137
3703,137
3704,138
3705,138
3706,138
3707,138
3708,137
3709,138
3710,138
3711,138
3712,138
3713,138
3714,138
3715,138
3716,138
3717,139
3718,139
3719,139
3720,139
3721,139
3722,139
3723,139
3724,139
3725,139
3726,139
3727,139
3728,139
3729,139
3730,139
3731,139
3732,139
3733,138
3734,138
3735,138
3736,138
3737,138
3738,138
3739,138
3740,138
3741,139
3742,139
3743,138
3744,138
3745,138
3746,138
3747,138
3748,138
3749,137
3750,137
3751,137
3752,137
3753,136
3754,137
3755,137
3756,137
3757,137
3758,137
3759,138
3760,138
3761,138
3762,138
3763,137
3764,137
3765,137
3766,138
3767,137
3768,138
3769,138
3770,138
3771,138
3772,138
3773,138
3774,138
3775,138
3776,138
3777,138
3778,138
3779,138
3780,137
3781,138
3782,138
3783,138
3784,138
3785,137
3786,137
3787,137
3788,137
3789,137
3790,137
3791,137
3792,137
3793,137
3794,137
3795,137
3796,137
3797,137
3798,137
3799,137
3800,137
3801,137
3802,137
3803,137
3804,137
3805,137
3806,137
3807,137
3808,137
3809,137
3810,137
3811,137
3812,137
3813,137
3814,137
3815,137
3816,137
3817,137
3818,137
3819,137
3820,137
3821,137
3822,137
3823,137
3824,137
3825,137
3826,137
3827,136
3828,136
3829,136
3830,136
3831,136
3832,136
3833,136
3834,136
3835,136
3836,136
3837,136
3838,136
3839,136
3840,136
3841,137
3842,137
3843,137
3844,137
3845,137
3846,137
3847,137
3848,137
3849,137
3850,137
3851,137
3852,137
3853,137
3854,137
3855,137
3856,137
3857,137
3858,136
3859,136
3860,136
3861,137
3862,137
3863,137
3864,137
3865,137
3866,137
3867,137
3868,137
3869,136
3870,137
3871,137
3872,137
3873,137
3874,137
3875,137
3876,137
3877,137
3878,137
3879,137
3880,137
3881,137
3882,137
3883,137
3884,137
3885,137
3886,137
3887,136
3888,136
3889,136
3890,136
3891,136
3892,136
3893,136
3894,136
3895,136
3896,136
3897,136
3898,136
3899,136
3900,135
3901,135
3902,135
3903,136
3904,136
3905,136
3906,136
3907,135
3908,136
3909,136
3910,136
3911,136
3912,135
3913,135
3914,135
3915,135
3916,135
3917,135
3918,136
3919,136
3920,136
3921,136
3922,136
3923,136
3924,136
3925,136
3926,136
3927,136
3928,137
3929,136
3930,136
3931,137
3932,137
3933,137
3934,137
3935,137
3936,137
3937,137
3938,137
3939,137
3940,136
3941,137
3942,137
3943,137
3944,137
3945,137
3946,137
3947,136
3948,136
3949,136
3950,136
3951,136
3952,136
3953,136
3954,136
3955,136
3956,136
3957,136
3958,136
3959,136
3960,136
3961,136
3962,136
3963,136
3964,136
3965,136
3966,136
3967,136
3968,136
3969,136
3970,137
3971,136
3972,137
3973,137
3974,137
3975,137
3976,137
3977,137
3978,137
3979,137
3980,137
3981,137
3982,137
3983,137
3984,137
3985,137
3986,137
3987,137
3988,137
3989,137
3990,137
3991,137
3992,137
3993,137
3994,137
3995,137
3996,137
3997,137
3998,137
3999,137
4000,136
4001,136
4002,136
4003,136
4004,136
4005,136
4006,136
4007,136
4008,136
4009,136
4010,136
4011,136
4012,136
4013,136
4014,136
4015,136
4016,136
4017,135
4018,135
4019,135
4020,135
4021,136
4022,136
4023,136
4024,135
4025,136
4026,136
4027,136
4028,136
4029,136
4030,135
4031,136
4032,135
4033,135
4034,135
4035,135
4036,135
4037,135
4038,135
4039,135
4040,135
4041,136
4042,136
4043,136
4044,136
4045,136
4046,136
4047,136
4048,136
4049,136
4050,136
4051,136
4052,136
4053,136
4054,136
4055,136
4056,136
4057,136
4058,136
4059,136
4060,136
4061,137
4062,137
4063,137
4064,137
4065,137
4066,136
4067,136
4068,136
4069,136
4070,136
4071,136
4072,136
4073,136
4074,136
4075,136
4076,136
4077,136
4078,136
4079,136
4080,136
4081,136
4082,136
4083,136
4084,136
4085,135
4086,135
4087,136
4088,135
4089,135
4090,135
4091,135
4092,135
4093,135
4094,136
4095,136
4096,136
4097,136
4098,136
4099,136
4100,135
4101,136
4102,136
4103,136
4104,136
4105,136
4106,136
4107,136
4108,135
4109,136
4110,136
4111,136
4112,136
4113,136
4114,136
4115,135
4116,135
4117,135
4118,135
4119,135
4120,135
4121,135
4122,135
4123,135
4124,135
4125,135
4126,135
4127,135
4128,135
4129,135
4130,135
4131,135
4132,135
4133,134
4134,135
4135,135
4136,135
4137,135
4138,135
4139,135
4140,135
4141,135
4142,135
4143,135
4144,135
4145,135
4146,135
4147,135
4148,135
4149,135
4150,135
4151,135
4152,135
4153,135
4154,135
4155,135
4156,135
4157,135
4158,135
4159,135
4160,135
4161,135
4162,135
4163,135
4164,135
4165,135
4166,135
4167,135
4168,135
4169,135
4170,135
4171,135
4172,135
4173,135
4174,135
4175,135
4176,135
4177,135
4178,135
4179,135
4180,135
4181,135
4182,135
4183,135
4184,135
4185,135
4186,135
4187,134
4188,135
4189,134
4190,134
4191,135
4192,134
4193,134
4194,135
4195,134
4196,134
4197,134
4198,134
4199,134
4200,134
4201,134
4202,134
4203,134
4204,134
4205,134
4206,134
4207,134
4208,134
4209,133
4210,133
4211,133
4212,133
4213,133
4214,133
4215,133
4216,133
4217,133
4218,133
4219,133
4220,133
4221,133
4222,133
4223,133
4224,133
4225,133
4226,133
4227,133
4228,132
4229,132
4230,133
4231,133
4232,133
4233,132
4234,133
4235,133
4236,133
4237,133
4238,133
4239,133
4240,133
4241,133
4242,133
4243,133
4244,133
4245,133
4246,133
4247,133
4248,133
4249,133
4250,133
4251,133
4252,134
4253,133
4254,134
4255,133
4256,133
4257,134
4258,134
4259,134
4260,134
4261,134
4262,134
4263,134
4264,134
4265,134
4266,134
4267,134
4268,134
4269,134
4270,134
4271,134
4272,134
4273,134
4274,134
4275,135
4276,135
4277,135
4278,135
4279,135
4280,135
4281,135
4282,135
4283,135
4284,135
4285,135
4286,135
4287,135
4288,135
4289,135
4290,135
4291,135
4292,134
4293,134
4294,134
4295,134
4296,134
4297,135
4298,135
4299,135
4300,135
4301,135
4302,135
4303,135
4304,135
4305,135
4306,135
4307,135
4308,135
4309,135
4310,135
4311,135
4312,134
4313,134
4314,135
4315,135
4316,135
4317,135
4318,135
4319,135
4320,135
4321,135
4322,135
4323,135
4324,135
4325,135
4326,135
4327,135
4328,135
4329,134
4330,134
4331,134
4332,134
4333,134
4334,134
4335,134
4336,134
4337,135
4338,134
4339,134
4340,134
4341,134
4342,134
4343,135
4344,135
4345,134
4346,135
4347,135
4348,135
4349,134
4350,134
4351,134
4352,135
4353,135
4354,134
4355,134
4356,134
4357,134
4358,134
4359,134
4360,133
4361,134
4362,134
4363,134
4364,134
4365,134
4366,134
4367,134
4368,135
4369,135
4370,135
4371,135
4372,135
4373,135
4374,135
4375,135
4376,135
4377,135
4378,135
4379,135
4380,135
4381,134
4382,134
4383,134
4384,134
4385,134
4386,134
4387,134
4388,135
4389,134
4390,134
4391,134
4392,134
4393,134
4394,134
4395,135
4396,135
4397,135
4398,135
4399,135
4400,135
4401,135
4402,135
4403,135
4404,135
4405,135
4406,135
4407,135
4408,135
4409,135
4410,135
4411,135
4412,135
4413,135
4414,135
4415,135
4416,135
4417,135
4418,135
4419,135
4420,135
4421,135
4422,135
4423,135
4424,135
4425,135
4426,135
4427,135
4428,135
4429,135
4430,135
4431,135
4432,135
4433,135
4434,135
4435,135
4436,135
4437,135
4438,135
4439,135
4440,136
4441,136
4442,136
4443,136
4444,136
4445,136
4446,136
4447,136
4448,136
4449,136
4450,136
4451,136
4452,137
4453,137
4454,137
4455,137
4456,137
4457,137
4458,136
4459,137
4460,137
4461,137
4462,137
4463,137
4464,137
4465,136
4466,136
4467,136
4468,136
4469,136
4470,136
4471,136
4472,137
4473,137
4474,137
4475,137
4476,136
4477,137
4478,137
4479,137
4480,137
4481,137
4482,136
4483,136
4484,136
4485,137
4486,136
4487,136
4488,136
4489,136
4490,136
4491,136
4492,136
4493,136
4494,136
4495,137
4496,137
4497,137
4498,137
4499,137
4500,137
4501,137
4502,137
4503,137
4504,137
4505,137
4506,137
4507,137
4508,137
4509,137
4510,137
4511,137
4512,137
4513,137
4514,137
4515,137
4516,137
4517,137
4518,137
4519,137
4520,138
4521,138
4522,138
4523,138
4524,138
4525,138
4526,138
4527,139
4528,139
4529,139
4530,139
4531,139
4532,139
4533,140
4534,140
4535,140
4536,140
4537,140
4538,140
4539,140
4540,140
4541,140
4542,139
4543,139
4544,139
4545,139
4546,140
4547,140
4548,140
4549,140
4550,140
4551,140
4552,140
4553,140
4554,140
4555,140
4556,140
4557,140
4558,140
4559,140
4560,140
4561,140
4562,140
4563,140
4564,140
4565,140
4566,140
4567,140
4568,140
4569,140
4570,140
4571,140
4572,140
4573,140
4574,140
4575,140
4576,140
4577,140
4578,140
4579,140
4580,140
4581,140
4582,140
4583,140
4584,141
4585,141
4586,141
4587,141
4588,141
4589,141
4590,140
4591,140
4592,140
4593,140
4594,140
4595,140
4596,140
4597,140
4598,140
4599,140
4600,140
4601,140
4602,140
4603,140
4604,140
4605,140
4606,140
4607,140
4608,140
4609,140
4610,140
4611,140
4612,140
4613,140
4614,140
4615,140
4616,140
4617,140
4618,140
4619,140
4620,140
4621,140
4622,140
4623,140
4624,140
4625,140
4626,140
4627,140
4628,140
4629,140
4630,140
4631,140
4632,140
4633,140
4634,140
4635,140
4636,140
4637,140
4638,140
4639,140
4640,140
4641,140
4642,140
4643,140
4644,140
4645,140
4646,140
4647,141
4648,141
4649,141
4650,140
4651,140
4652,140
4653,140
4654,140
4655,141
4656,141
4657,140
4658,141
4659,141
4660,141
4661,141
4662,141
4663,141
4664,141
4665,141
4666,141
4667,140
4668,140
4669,140
4670,141
4671,140
4672,140
4673,140
4674,140
4675,140
4676,140
4677,140
4678,140
4679,140
4680,141
4681,141
4682,141
4683,141
4684,141
4685,141
4686,141
4687,141
4688,140
4689,140
4690,140
4691,141
4692,141
4693,141
4694,141
4695,141
4696,141
4697,141
4698,141
4699,141
4700,141
4701,141
4702,141
4703,141
4704,141
4705,141
4706,141
4707,141
4708,141
4709,141
4710,141
4711,141
4712,141
4713,141
4714,141
4715,141
4716,141
4717,141
4718,141
4719,141
4720,141
4721,141
4722,141
4723,141
4724,141
4725,141
4726,141
4727,141
4728,141
4729,141
4730,141
4731,141
4732,141
4733,141
4734,141
4735,141
4736,140
4737,140
4738,141
4739,141
4740,141
4741,140
4742,141
4743,141
4744,141
4745,141
4746,141
4747,141
4748,141
4749,141
4750,140
4751,140
4752,140
4753,140
4754,140
4755,140
4756,140
4757,140
4758,140
4759,140
4760,140
4761,139
4762,140
4763,139
4764,140
4765,140
4766,140
4767,140
4768,140
4769,140
4770,140
4771,140
4772,140
4773,140
4774,140
4775,140
4776,140
4777,140
4778,140
4779,140
4780,140
4781,139
4782,139
4783,139
4784,140
4785,140
4786,139
4787,140
4788,140
4789,140
4790,140
4791,140
4792,140
4793,140
4794,140
4795,140
4796,140
4797,139
4798,139
4799,140
4800,140
4801,140
4802,140
4803,140
4804,140
4805,139
4806,139
4807,139
4808,139
4809,139
4810,139
4811,139
4812,139
4813,138
4814,138
4815,139
4816,138
4817,138
4818,138
4819,138
4820,138
4821,138
4822,138
4823,138
4824,138
4825,138
4826,138
4827,138
4828,138
4829,138
4830,138
4831,138
4832,139
4833,139
4834,139
4835,139
4836,139
4837,139
4838,139
4839,139
4840,139
4841,139
4842,139
4843,139
4844,139
4845,139
4846,139
4847,139
4848,139
4849,140
4850,140
4851,139
4852,140
4853,140
4854,140
4855,140
4856,140
4857,140
4858,139
4859,139
4860,139
4861,139
4862,139
4863,139
4864,139
4865,139
4866,139
4867,139
4868,139
4869,140
4870,140
4871,139
4872,139
4873,140
4874,140
4875,140
4876,140
4877,140
4878,140
4879,139
4880,140
4881,140
4882,140
4883,140
4884,140
4885,140
4886,140
4887,140
4888,140
4889,140
4890,140
4891,140
4892,141
4893,140
4894,141
4895,140
4896,140
4897,140
4898,140
4899,141
4900,141
4901,141
4902,141
4903,140
4904,141
4905,141
4906,141
4907,140
4908,140
4909,140
4910,141
4911,141
4912,141
4913,141
4914,141
4915,141
4916,141
4917,141
4918,140
4919,141
4920,141
4921,140
4922,140
4923,140
4924,140
4925,140
4926,140
4927,140
4928,140
4929,140
4930,140
4931,140
4932,140
4933,140
4934,140
4935,140
4936,140
4937,140
4938,140
4939,140
4940,140
4941,140
4942,140
4943,140
4944,140
4945,139
4946,139
4947,139
4948,139
4949,140
4950,139
4951,139
4952,139
4953,139
4954,139
4955,139
4956,139
4957,139
4958,139
4959,139
4960,140
4961,140
4962,140
4963,140
4964,140
4965,140
4966,140
4967,140
4968,140
4969,140
4970,139
4971,139
4972,139
4973,139
4974,139
4975,139
4976,139
4977,139
4978,139
4979,139
4980,139
4981,139
4982,139
4983,139
4984,139
4985,139
4986,139
4987,139
4988,139
4989,139
4990,138
4991,138
4992,139
4993,139
4994,139
4995,139
4996,139
4997,139
4998,139
4999,139
5000,139
5001,139
5002,139
5003,139
5004,139
5005,139
5006,139
5007,139
5008,139
5009,139
5010,138
5011,138
5012,138
5013,138
5014,138
5015,138
5016,138
5017,138
5018,138
5019,138
5020,138
5021,138
5022,138
5023,138
5024,138
5025,138
5026,138
5027,138
5028,138
5029,138
5030,137
5031,137
5032,137
5033,138
5034,137
5035,138
5036,138
5037,138
5038,138
5039,138
5040,138
5041,138
5042,138
5043,138
5044,138
5045,138
5046,138
5047,138
5048,138
5049,138
5050,138
5051,137
5052,137
5053,137
5054,137
5055,137
5056,137
5057,137
5058,137
5059,137
5060,137
5061,136
5062,136
5063,136
5064,136
5065,136
5066,136
5067,136
5068,136
5069,135
5070,135
5071,135
5072,136
5073,136
5074,136
5075,136
5076,136
5077,136
5078,137
5079,137
5080,137
5081,137
5082,137
5083,137
5084,137
5085,137
5086,137
5087,136
5088,136
5089,137
5090,136
5091,136
5092,135
5093,136
5094,135
5095,134
5096,135
5097,135
5098,136
5099,136
5100,136
5101,136
5102,136
5103,136
5104,136
5105,136
5106,136
5107,136
5108,136
5109,137
5110,137
5111,137
5112,137
5113,137
5114,137
5115,137
5116,137
5117,137
5118,137
5119,137
5120,138
5121,138
5122,138
5123,138
5124,139
5125,138
5126,138
5127,138
5128,139
5129,139
5130,139
5131,139
5132,139
5133,139
5134,139
5135,139
5136,139
5137,139
5138,139
5139,139
5140,139
5141,139
5142,139
5143,139
5144,139
5145,139
5146,138
5147,138
5148,138
5149,138
5150,138
5151,139
5152,138
5153,138
5154,139
5155,139
5156,139
5157,138
5158,139
5159,139
5160,139
5161,139
5162,139
5163,139
5164,139
5165,139
5166,139
5167,139
5168,139
5169,139
5170,139
5171,139
5172,139
5173,139
5174,138
5175,139
5176,139
5177,139
5178,138
5179,139
5180,139
5181,139
5182,138
5183,139
5184,138
5185,138
5186,138
5187,137
5188,138
5189,138
5190,138
5191,138
5192,138
5193,138
5194,139
5195,139
5196,139
5197,138
5198,138
5199,139
5200,139
5201,139
5202,139
5203,139
5204,139
5205,139
5206,139
5207,139
5208,139
5209,139
5210,139
5211,140
5212,140
5213,140
5214,140
5215,140
5216,140
5217,140
5218,140
5219,140
5220,140
5221,140
5222,140
5223,140
5224,140
5225,139
5226,139
5227,139
5228,139
5229,140
5230,139
5231,139
5232,139
5233,139
5234,139
5235,139
5236,139
5237,139
5238,139
5239,139
5240,139
5241,139
5242,139
5243,139
5244,139
5245,139
5246,140
5247,140
5248,140
5249,140
5250,139
5251,139
5252,140
5253,139
5254,139
5255,139
5256,139
5257,138
5258,138
5259,138
5260,138
5261,138
5262,138
5263,137
5264,137
5265,138
5266,138
5267,138
5268,138
5269,137
5270,137
5271,137
5272,137
5273,138
5274,138
5275,137
5276,137
5277,138
5278,137
5279,137
5280,138
5281,138
5282,138
5283,138
5284,138
5285,138
5286,138
5287,138
5288,139
5289,139
5290,138
5291,139
5292,139
5293,139
5294,139
5295,139
5296,139
5297,139
5298,139
5299,139
5300,139
5301,139
5302,139
5303,139
5304,139
5305,139
5306,139
5307,139
5308,138
5309,138
5310,138
5311,138
5312,138
5313,138
5314,138
5315,139
5316,139
5317,139
5318,139
5319,138
5320,138
5321,138
5322,138
5323,138
5324,138
5325,138
5326,139
5327,139
5328,139
5329,139
5330,139
5331,139
5332,139
5333,139
5334,138
5335,138
5336,138
5337,138
5338,138
5339,138
5340,138
5341,138
5342,138
5343,138
5344,138
5345,137
5346,138
5347,137
5348,138
5349,137
5350,138
5351,138
5352,137
5353,137
5354,138
5355,137
5356,138
5357,138
5358,137
5359,138
5360,138
5361,138
5362,138
5363,138
5364,138
5365,138
5366,138
5367,138
5368,138
5369,138
5370,138
5371,138
5372,138
5373,138
5374,138
5375,138
5376,138
5377,138
5378,138
5379,138
5380,139
5381,139
5382,139
5383,139
5384,139
5385,139
5386,138
5387,138
5388,138
5389,138
5390,138
5391,138
5392,138
5393,137
5394,137
5395,137
5396,136
5397,137
5398,137
5399,137
5400,137
5401,137
5402,137
5403,137
5404,137
5405,137
5406,137
5407,137
5408,137
5409,137
5410,137
5411,137
5412,137
5413,137
5414,137
5415,137
5416,137
5417,137
5418,137
5419,137
5420,137
5421,137
5422,137
5423,137
5424,137
5425,137
5426,137
5427,137
5428,137
5429,137
5430,137
5431,137
5432,137
5433,137
5434,137
5435,137
5436,137
5437,137
5438,137
5439,137
5440,137
5441,137
5442,137
5443,137
5444,137
5445,137
5446,137
5447,137
5448,137
5449,137
5450,137
5451,136
5452,136
5453,136
5454,136
5455,136
5456,136
5457,136
5458,136
5459,136
5460,136
5461,136
5462,136
5463,136
5464,136
5465,136
5466,136
5467,136
5468,136
5469,136
5470,136
5471,136
5472,136
5473,136
5474,136
5475,136
5476,136
5477,136
5478,136
5479,136
5480,136
5481,136
5482,136
5483,136
5484,136
5485,136
5486,136
5487,136
5488,136
5489,136
5490,136
5491,136
5492,136
5493,136
5494,137
5495,137
5496,136
5497,136
5498,136
5499,136
5500,136
5501,136
5502,136
5503,136
5504,136
5505,136
5506,136
5507,136
5508,136
5509,135
5510,136
5511,136
5512,136
5513,136
5514,136
5515,136
5516,136
5517,136
5518,136
5519,136
5520,136
5521,136
5522,135
5523,136
5524,136
5525,136
5526,135
5527,135
5528,136
5529,136
5530,135
5531,135
5532,135
5533,135
5534,135
5535,135
5536,135
5537,135
5538,135
5539,135
5540,135
5541,135
5542,135
5543,135
5544,134
5545,135
5546,135
5547,135
5548,135
5549,135
5550,135
5551,135
5552,135
5553,134
5554,135
5555,135
5556,134
5557,135
5558,135
5559,135
5560,134
5561,135
5562,135
5563,135
5564,135
5565,135
5566,136
5567,136
5568,136
5569,136
5570,136
5571,136
5572,136
5573,136
5574,136
5575,136
5576,136
5577,136
5578,136
5579,136
5580,136
5581,135
5582,136
5583,136
5584,135
5585,135
5586,135
5587,135
5588,135
5589,135
5590,135
5591,135
5592,135
5593,136
5594,135
5595,135
5596,135
5597,135
5598,135
5599,136
5600,135
5601,135
5602,136
5603,136
5604,135
5605,135
5606,135
5607,135
5608,135
5609,136
5610,136
5611,135
5612,136
5613,136
5614,136
5615,135
5616,135
5617,135
5618,135
5619,135
5620,135
5621,135
5622,135
5623,135
5624,135
5625,135
5626,135
5627,135
5628,135
5629,135
5630,135
5631,135
5632,134
5633,135
5634,135
5635,135
5636,135
5637,135
5638,135
5639,135
5640,135
5641,135
5642,135
5643,135
5644,135
5645,135
5646,135
5647,135
5648,134
5649,134
5650,134
5651,134
5652,134
5653,134
5654,134
5655,133
5656,134
5657,133
5658,133
5659,134
5660,134
5661,134
5662,134
5663,134
5664,135
5665,135
5666,135
5667,135
5668,135
5669,135
5670,135
5671,135
5672,135
5673,135
5674,135
5675,135
5676,135
5677,135
5678,135
5679,136
5680,135
5681,136
5682,137
5683,137
5684,137
5685,137
5686,137
5687,137
5688,137
5689,137
5690,137
5691,137
5692,138
5693,138
5694,137
5695,137
5696,137
5697,137
5698,137
5699,137
5700,137
5701,137
5702,137
5703,137
5704,137
5705,137
5706,137
5707,137
5708,137
5709,137
5710,137
5711,137
5712,137
5713,137
5714,137
5715,137
5716,137
5717,137
5718,137
5719,137
5720,137
5721,137
5722,137
5723,137
5724,136
5725,136
5726,136
5727,136
5728,136
5729,136
5730,135
5731,135
5732,135
5733,135
5734,135
5735,135
5736,135
5737,135
5738,136
5739,135
5740,135
5741,135
5742,135
5743,136
5744,136
5745,136
5746,136
5747,136
5748,135
5749,135
5750,135
5751,135
5752,135
5753,135
5754,134
5755,135
5756,135
5757,135
5758,136
5759,136
5760,136
5761,136
5762,136
5763,136
5764,136
5765,137
5766,137
5767,137
5768,137
5769,137
5770,138
5771,138
5772,138
5773,138
5774,137
5775,138
5776,138
5777,138
5778,138
5779,138
5780,138
5781,138
5782,138
5783,138
5784,138
5785,138
5786,138
5787,137
5788,137
5789,138
5790,138
5791,138
5792,138
5793,138
5794,139
5795,139
5796,139
5797,139
5798,139
5799,139
5800,139
5801,139
5802,139
5803,139
5804,139
5805,139
5806,139
5807,139
5808,139
5809,139
5810,139
5811,139
5812,140
5813,139
5814,139
5815,140
5816,140
5817,140
5818,141
5819,141
5820,140
5821,140
5822,140
5823,140
5824,140
5825,140
5826,140
5827,140
5828,140
5829,140
5830,140
5831,140
5832,139
5833,140
5834,140
5835,140
5836,140
5837,140
5838,140
5839,140
5840,140
5841,140
5842,140
5843,140
5844,140
5845,140
5846,140
5847,139
5848,140
5849,139
5850,139
5851,139
5852,139
5853,139
5854,139
5855,138
5856,138
5857,138
5858,138
5859,138
5860,138
5861,138
5862,138
5863,138
5864,138
5865,138
5866,137
5867,138
5868,137
5869,137
5870,138
5871,138
5872,138
5873,137
5874,137
5875,138
5876,138
5877,138
5878,138
5879,138
5880,138
5881,138
5882,138
5883,138
5884,138
5885,138
5886,138
5887,138
5888,138
5889,138
5890,138
5891,138
5892,138
5893,138
5894,138
5895,138
5896,138
5897,138
5898,138
5899,138
5900,138
5901,138
5902,138
5903,138
5904,139
5905,139
5906,139
5907,139
5908,139
5909,139
5910,139
5911,139
5912,139
5913,139
5914,139
5915,139
5916,138
5917,138
5918,138
5919,138
5920,138
5921,138
5922,138
5923,138
5924,138
5925,139
5926,139
5927,139
5928,139
5929,139
5930,139
5931,139
5932,139
5933,140
5934,140
5935,140
5936,140
5937,140
5938,140
5939,140
5940,140
5941,139
5942,140
5943,140
5944,140
5945,140
5946,140
5947,140
5948,139
5949,139
5950,139
5951,139
5952,139
5953,139
5954,139
5955,139
5956,139
5957,139
5958,139
5959,139
5960,139
5961,139
5962,139
5963,139
5964,139
5965,140
5966,140
5967,140
5968,140
5969,140
5970,140
5971,140
5972,140
5973,140
5974,140
5975,140
5976,141
5977,140
5978,140
5979,140
5980,140
5981,140
5982,140
5983,140
5984,140
5985,140
5986,140
5987,140
5988,140
5989,141
5990,141
5991,141
5992,141
5993,141
5994,141
5995,141
5996,141
5997,141
5998,141
5999,141
6000,141
6001,141
6002,141
6003,141
6004,141
6005,141
6006,141
6007,141
6008,141
6009,141
6010,141
6011,141
6012,141
6013,140
6014,140
6015,140
6016,140
6017,140
6018,140
6019,140
6020,140
6021,141
6022,141
6023,141
6024,141
6025,141
6026,141
6027,141
6028,141
6029,141
6030,141
6031,141
6032,141
6033,141
6034,141
6035,140
6036,140
6037,140
6038,140
6039,140
6040,140
6041,140
6042,140
6043,140
6044,140
6045,140
6046,140
6047,140
6048,140
6049,140
6050,140
6051,140
6052,140
6053,140
6054,140
6055,140
6056,140
6057,140
6058,140
6059,140
6060,140
6061,140
6062,139
6063,139
6064,139
6065,139
6066,139
6067,139
6068,139
6069,139
6070,139
6071,139
6072,139
6073,139
6074,139
6075,139
6076,139
6077,139
6078,139
6079,139
6080,139
6081,139
6082,139
6083,139
6084,139
6085,139
6086,139
6087,139
6088,139
6089,140
6090,140
6091,140
6092,140
6093,140
6094,140
6095,139
6096,140
6097,139
6098,139
6099,140
6100,139
6101,139
6102,139
6103,139
6104,139
6105,139
6106,139
6107,139
6108,139
6109,139
6110,139
6111,139
6112,139
6113,139
6114,139
6115,139
6116,139
6117,139
6118,139
6119,139
6120,139
6121,139
6122,139
6123,140
6124,140
6125,140
6126,140
6127,139
6128,139
6129,139
6130,139
6131,139
6132,139
6133,139
6134,139
6135,139
6136,139
6137,139
6138,139
6139,139
6140,139
6141,139
6142,139
6143,139
6144,139
6145,139
6146,138
6147,139
6148,138
6149,138
6150,139
6151,139
6152,139
6153,139
6154,139
6155,139
6156,139
6157,139
6158,139
6159,139
6160,138
6161,138
6162,139
6163,139
6164,139
6165,139
6166,139
6167,139
6168,139
6169,138
6170,138
6171,138
6172,138
6173,138
6174,138
6175,138
6176,139
6177,138
6178,139
6179,139
6180,139
6181,139
6182,139
6183,139
6184,139
6185,139
6186,139
6187,139
6188,139
6189,139
6190,139
6191,139
6192,139
6193,139
6194,139
6195,139
6196,139
6197,139
6198,139
6199,139
6200,139
6201,139
6202,139
6203,138
6204,138
6205,138
6206,138
6207,138
6208,138
6209,138
6210,138
6211,138
6212,138
6213,138
6214,138
6215,137
6216,138
6217,138
6218,138
6219,138
6220,138
6221,138
6222,138
6223,138
6224,138
6225,138
6226,138
6227,138
6228,138
6229,138
6230,138
6231,138
6232,138
6233,138
6234,138
6235,138
6236,138
6237,138
6238,138
6239,138
6240,138
6241,138
6242,137
6243,137
6244,137
6245,137
6246,137
6247,137
6248,137
6249,137
6250,137
6251,137
6252,137
6253,137
6254,137
6255,137
6256,136
6257,136
6258,136
6259,136
6260,136
6261,136
6262,136
6263,136
6264,135
6265,135
6266,135
6267,135
6268,135
6269,135
6270,135
6271,135
6272,135
6273,135
6274,135
6275,135
6276,135
6277,135
6278,135
6279,135
6280,135
6281,135
6282,135
6283,135
6284,135
6285,135
6286,135
6287,135
6288,136
6289,136
6290,135
6291,135
6292,135
6293,135
6294,135
6295,135
6296,135
6297,135
6298,135
6299,135
6300,135
6301,135
6302,135
6303,135
6304,135
6305,135
6306,135
6307,135
6308,135
6309,135
6310,135
6311,135
6312,135
6313,135
6314,135
6315,136
6316,135
6317,135
6318,135
6319,135
6320,135
6321,135
6322,135
6323,135
6324,135
6325,135
6326,135
6327,135
6328,135
6329,134
6330,135
6331,135
6332,135
6333,135
6334,135
6335,136
6336,136
6337,136
6338,136
6339,136
6340,136
6341,136
6342,136
6343,136
6344,136
6345,136
6346,136
6347,136
6348,136
6349,136
6350,136
6351,136
6352,136
6353,136
6354,136
6355,136
6356,136
6357,136
6358,136
6359,136
6360,136
6361,136
6362,136
6363,136
6364,136
6365,136
6366,136
6367,136
6368,136
6369,136
6370,136
6371,136
6372,136
6373,136
6374,136
6375,136
6376,136
6377,136
6378,137
6379,137
6380,137
6381,136
6382,136
6383,136
6384,137
6385,137
6386,137
6387,137
6388,137
6389,137
6390,136
6391,137
6392,136
6393,137
6394,137
6395,137
6396,137
6397,137
6398,136
6399,136
6400,136
6401,136
6402,137
6403,137
6404,137
6405,137
6406,137
6407,137
6408,137
6409,137
6410,137
6411,137
6412,137
6413,137
6414,137
6415,137
6416,137
6417,137
6418,137
6419,137
6420,137
6421,137
6422,137
6423,137
6424,137
6425,137
6426,137
6427,137
6428,137
6429,137
6430,137
6431,138
6432,138
6433,138
6434,138
6435,138
6436,138
6437,138
6438,138
6439,138
6440,138
6441,138
6442,138
6443,138
6444,138
6445,138
6446,138
6447,138
6448,138
6449,138
6450,139
6451,139
6452,139
6453,139
6454,139
6455,139
6456,139
6457,139
6458,139
6459,139
6460,139
6461,139
6462,139
6463,138
6464,138
6465,138
6466,138
6467,138
6468,138
6469,138
6470,138
6471,137
6472,137
6473,137
6474,137
6475,137
6476,137
6477,137
6478,137
6479,137
6480,137
6481,137
6482,137
6483,137
6484,137
6485,137
6486,137
6487,137
6488,137
6489,137
6490,138
6491,138
6492,138
6493,138
6494,138
6495,138
6496,138
6497,138
6498,138
6499,138
6500,138
6501,138
6502,138
6503,138
6504,138
6505,138
6506,138
6507,138
6508,138
6509,138
6510,138
6511,138
6512,138
6513,138
6514,138
6515,138
6516,138
6517,138
6518,138
6519,138
6520,138
6521,138
6522,138
6523,137
6524,138
6525,138
6526,138
6527,137
6528,138
6529,138
6530,137
6531,137
6532,137
6533,137
6534,137
6535,137
6536,137
6537,137
6538,137
6539,137
6540,137
6541,137
6542,137
6543,137
6544,137
6545,137
6546,137
6547,137
6548,137
6549,137
6550,136
6551,136
6552,136
6553,136
6554,136
6555,136
6556,137
6557,137
6558,137
6559,137
6560,137
6561,137
6562,137
6563,137
6564,137
6565,137
6566,138
6567,138
6568,138
6569,138
6570,138
6571,138
6572,138
6573,138
6574,138
6575,137
6576,138
6577,138
6578,138
6579,138
6580,138
6581,138
6582,138
6583,138
6584,138
6585,138
6586,138
6587,138
6588,138
6589,138
6590,138
6591,138
6592,138
6593,138
6594,138
6595,139
6596,139
6597,138
6598,138
6599,139
6600,139
6601,139
6602,139
6603,138
6604,138
6605,139
6606,139
6607,139
6608,139
6609,139
6610,139
6611,139
6612,139
6613,139
6614,139
6615,139
6616,139
6617,139
6618,139
6619,139
6620,139
6621,139
6622,139
6623,138
6624,138
6625,139
6626,138
6627,138
6628,138
6629,138
6630,138
6631,138
6632,138
6633,138
6634,138
6635,139
6636,139
6637,139
6638,139
6639,139
6640,139
6641,139
6642,139
6643,139
6644,139
6645,139
6646,139
6647,139
6648,139
6649,139
6650,139
6651,139
6652,139
6653,139
6654,139
6655,139
6656,139
6657,139
6658,139
6659,139
6660,139
6661,139
6662,139
6663,140
6664,140
6665,140
6666,140
6667,140
6668,140
6669,140
6670,140
6671,140
6672,140
6673,140
6674,140
6675,139
6676,140
6677,140
6678,140
6679,140
6680,140
6681,140
6682,140
6683,140
6684,140
6685,140
6686,140
6687,140
6688,140
6689,140
6690,140
6691,140
6692,140
6693,140
6694,140
6695,140
6696,140
6697,140
6698,140
6699,140
6700,140
6701,140
6702,140
6703,140
6704,140
6705,140
6706,140
6707,140
6708,140
6709,140
6710,140
6711,140
6712,140
6713,140
6714,140
6715,140
6716,140
6717,140
6718,140
6719,140
6720,140
6721,140
6722,140
6723,140
6724,140
6725,140
6726,140
6727,140
6728,141
6729,141
6730,140
6731,141
6732,141
6733,141
6734,140
6735,141
6736,141
6737,141
6738,141
6739,141
6740,141
6741,141
6742,141
6743,140
6744,140
6745,140
6746,140
6747,140
6748,140
6749,140
6750,140
6751,141
6752,141
6753,141
6754,141
6755,141
6756,141
6757,141
6758,141
6759,141
6760,141
6761,141
6762,141
6763,141
6764,141
6765,141
6766,141
6767,141
6768,141
6769,141
6770,142
6771,141
6772,142
6773,142
6774,142
6775,142
6776,142
6777,142
6778,142
6779,142
6780,142
6781,142
6782,142
6783,142
6784,142
6785,142
6786,142
6787,142
6788,142
6789,142
6790,142
6791,142
6792,142
6793,142
6794,142
6795,142
6796,142
6797,142
6798,143
6799,143
6800,143
6801,142
6802,143
6803,142
6804,142
6805,142
6806,142
6807,142
6808,142
6809,142
6810,142
6811,142
6812,142
6813,141
6814,142
6815,141
6816,141
6817,141
6818,141
6819,142
6820,142
6821,142
6822,142
6823,142
6824,142
6825,142
6826,142
6827,142
6828,142
6829,142
6830,142
6831,142
6832,142
6833,142
6834,142
6835,142
6836,142
6837,142
6838,142
6839,143
6840,143
6841,143
6842,142
6843,142
6844,142
6845,142
6846,142
6847,142
6848,142
6849,143
6850,142
6851,143
6852,143
6853,143
6854,143
6855,143
6856,143
6857,143
6858,142
6859,143
6860,143
6861,143
6862,143
6863,142
6864,142
6865,142
6866,142
6867,142
6868,142
6869,142
6870,143
6871,143
6872,143
6873,143
6874,143
6875,143
6876,143
6877,143
6878,143
6879,143
6880,143
6881,143
6882,143
6883,143
6884,143
6885,143
6886,143
6887,143
6888,143
6889,143
6890,143
6891,143
6892,143
6893,143
6894,143
6895,143
6896,144
6897,144
6898,144
6899,144
6900,144
6901,144
6902,144
6903,144
6904,144
6905,144
6906,144
6907,144
6908,144
6909,144
6910,144
6911,144
6912,144
6913,144
6914,144
6915,144
6916,144
6917,144
6918,144
6919,144
6920,145
6921,145
6922,144
6923,145
6924,145
6925,145
6926,145
6927,145
6928,145
6929,145
6930,145
6931,145
6932,145
6933,145
6934,145
6935,145
6936,145
6937,145
6938,145
6939,145
6940,145
6941,146
6942,145
6943,145
6944,145
6945,145
6946,145
6947,145
6948,145
6949,145
6950,145
6951,145
6952,145
6953,145
6954,145
6955,145
6956,144
6957,144
6958,145
6959,144
6960,144
6961,144
6962,144
6963,144
6964,144
6965,144
6966,144
6967,144
6968,144
6969,144
6970,144
6971,144
6972,144
6973,144
6974,144
6975,144
6976,144
6977,144
6978,145
6979,145
6980,145
6981,145
6982,144
6983,144
6984,144
6985,144
6986,144
6987,145
6988,144
6989,144
6990,144
6991,144
6992,144
6993,144
6994,145
6995,145
6996,145
6997,145
6998,145
6999,145
7000,145
7001,144
7002,144
7003,144
7004,144
7005,144
7006,144
7007,143
7008,143
7009,143
7010,143
7011,143
7012,143
7013,143
7014,142
7015,142
7016,142
7017,142
7018,142
7019,142
7020,142
7021,142
7022,143
7023,143
7024,143
7025,143
7026,144
7027,143
7028,144
7029,143
7030,144
7031,144
7032,144
7033,144
7034,144
7035,144
7036,144
7037,144
7038,143
7039,144
7040,143
7041,144
7042,144
7043,144
7044,144
7045,144
7046,144
7047,145
7048,145
7049,145
7050,145
7051,145
7052,145
7053,145
7054,145
7055,144
7056,144
7057,144
7058,144
7059,144
7060,144
7061,144
7062,144
7063,144
7064,145
7065,145
7066,145
7067,145
7068,145
7069,145
7070,145
7071,145
7072,145
7073,145
7074,145
7075,145
7076,145
7077,145
7078,145
7079,144
7080,144
7081,144
7082,145
7083,144
7084,144
7085,144
7086,144
7087,144
7088,144
7089,145
7090,144
7091,144
7092,144
7093,145
7094,144
7095,144
7096,145
7097,145
7098,144
7099,145
7100,144
7101,144
7102,144
7103,145
7104,145
7105,145
7106,144
7107,144
7108,144
7109,144
7110,144
7111,144
7112,145
7113,145
7114,145
7115,145
7116,145
7117,145
7118,145
7119,145
7120,145
7121,146
7122,146
7123,146
7124,146
7125,146
7126,146
7127,146
7128,146
7129,146
7130,146
7131,146
7132,145
7133,145
7134,145
7135,145
7136,145
7137,145
7138,145
7139,145
7140,145
7141,145
7142,145
7143,145
7144,145
7145,146
7146,146
7147,146
7148,145
7149,145
7150,146
7151,146
7152,146
7153,146
7154,146
7155,145
7156,146
7157,146
7158,146
7159,146
7160,145
7161,146
7162,146
7163,146
7164,146
7165,146
7166,145
7167,146
7168,146
7169,145
7170,145
7171,146
7172,145
7173,146
7174,146
7175,146
7176,145
7177,146
7178,146
7179,146
7180,146
7181,146
7182,146
7183,146
7184,146
7185,146
7186,146
7187,146
7188,146
7189,146
7190,146
7191,146
7192,146
7193,146
7194,146
7195,146
7196,146
7197,146
7198,146
7199,146
7200,145
7201,146
7202,146
7203,146
7204,146
7205,146
7206,146
7207,146
7208,146
7209,146
7210,146
7211,146
7212,147
7213,147
7214,147
7215,147
7216,147
7217,147
7218,147
7219,147
7220,147
7221,147
7222,148
7223,148
7224,148
7225,147
7226,147
7227,148
7228,148
7229,148
7230,148
7231,148
7232,148
7233,148
7234,148
7235,148
7236,148
7237,148
7238,147
7239,147
7240,147
7241,147
7242,147
7243,147
7244,147
7245,147
7246,147
7247,147
7248,147
7249,147
7250,147
7251,147
7252,147
7253,147
7254,147
7255,147
7256,147
7257,147
7258,147
7259,147
7260,147
7261,147
7262,147
7263,147
7264,147
7265,147
7266,147
7267,147
7268,146
7269,147
7270,147
7271,147
7272,147
7273,147
7274,147
7275,147
7276,147
7277,147
7278,147
7279,147
7280,147
7281,147
7282,147
7283,147
7284,147
7285,147
7286,147
7287,147
7288,147
7289,147
7290,147
7291,147
7292,147
7293,147
7294,147
7295,147
7296,147
7297,147
7298,147
7299,147
7300,147
7301,147
7302,147
7303,147
7304,147
7305,147
7306,147
7307,147
7308,147
7309,147
7310,147
7311,147
7312,148
7313,148
7314,148
7315,147
7316,147
7317,147
7318,147
7319,147
7320,147
7321,147
7322,147
7323,147
7324,147
7325,147
7326,147
7327,147
7328,147
7329,147
7330,147
7331,147
7332,147
7333,147
7334,147
7335,147
7336,147
7337,147
7338,148
7339,148
7340,148
7341,148
7342,148
7343,148
7344,148
7345,148
7346,148
7347,148
7348,148
7349,148
7350,147
7351,147
7352,147
7353,147
7354,147
7355,147
7356,147
7357,148
7358,148
7359,148
7360,148
7361,148
7362,148
7363,148
7364,148
7365,147
7366,147
7367,148
7368,148
7369,148
7370,148
7371,148
7372,148
7373,148
7374,148
7375,148
7376,148
7377,148
7378,148
7379,148
7380,147
7381,147
7382,147
7383,147
7384,147
7385,147
7386,147
7387,147
7388,147
7389,147
7390,147
7391,147
7392,147
7393,147
7394,147
7395,148
7396,148
7397,148
7398,148
7399,148
7400,148
7401,148
7402,148
7403,148
7404,148
7405,148
7406,148
7407,148
7408,147
7409,147
7410,148
7411,148
7412,148
7413,148
7414,147
7415,148
7416,148
7417,148
7418,148
7419,148
7420,148
7421,148
7422,148
7423,148
7424,148
7425,148
7426,148
7427,148
7428,147
7429,147
7430,147
7431,147
7432,148
7433,147
7434,147
7435,147
7436,147
7437,147
7438,147
7439,147
7440,147
7441,147
7442,147
7443,147
7444,147
7445,147
7446,147
7447,147
7448,147
7449,147
7450,147
7451,147
7452,147
7453,147
7454,147
7455,147
7456,147
7457,147
7458,147
7459,147
7460,147
7461,147
7462,147
7463,147
7464,147
7465,147
7466,147
7467,147
7468,147
7469,147
7470,147
7471,147
7472,146
7473,146
7474,146
7475,146
7476,146
7477,145
7478,145
7479,146
7480,146
7481,146
7482,146
7483,146
7484,146
7485,146
7486,146
7487,147
7488,147
7489,147
7490,147
7491,147
7492,147
7493,147
7494,147
7495,147
7496,148
7497,148
7498,148
7499,148
7500,147
7501,147
7502,147
7503,148
7504,148
7505,147
7506,147
7507,147
7508,147
7509,147
7510,147
7511,147
7512,147
7513,147
7514,147
7515,147
7516,147
7517,147
7518,147
7519,147
7520,147
7521,147
7522,147
7523,147
7524,147
7525,147
7526,147
7527,147
7528,147
7529,147
7530,147
7531,147
7532,147
7533,148
7534,148
7535,148
7536,148
7537,148
7538,148
7539,148
7540,147
7541,147
7542,147
7543,147
7544,147
7545,147
7546,147
7547,147
7548,148
7549,148
7550,148
7551,148
7552,148
7553,148
7554,148
7555,148
7556,148
7557,148
7558,148
7559,148
7560,148
7561,148
7562,148
7563,148
7564,148
7565,148
7566,148
7567,148
7568,147
7569,147
7570,147
7571,147
7572,147
7573,147
7574,148
7575,147
7576,148
7577,147
7578,147
7579,148
7580,148
7581,148
7582,149
7583,149
7584,149
7585,149
7586,149
7587,149
7588,149
7589,149
7590,149
7591,149
7592,149
7593,149
7594,149
7595,149
7596,149
7597,149
7598,149
7599,149
7600,150
7601,150
7602,150
7603,150
7604,150
7605,150
7606,150
7607,150
7608,150
7609,149
7610,149
7611,149
7612,149
7613,149
7614,150
7615,150
7616,150
7617,149
7618,149
7619,149
7620,149
7621,149
7622,149
7623,149
7624,149
7625,149
7626,149
7627,149
7628,149
7629,149
7630,149
7631,149
7632,149
7633,148
7634,148
7635,148
7636,148
7637,148
7638,148
7639,148
7640,148
7641,149
7642,149
7643,149
7644,149
7645,148
7646,148
7647,148
7648,148
7649,148
7650,148
7651,148
7652,148
7653,148
7654,148
7655,148
7656,148
7657,148
7658,148
7659,148
7660,149
7661,149
7662,149
7663,149
7664,149
7665,149
7666,149
7667,149
7668,149
7669,149
7670,149
7671,149
7672,149
7673,149
7674,149
7675,149
7676,148
7677,148
7678,148
7679,148
7680,149
7681,149
7682,149
7683,149
7684,149
7685,149
7686,149
7687,149
7688,149
7689,149
7690,149
7691,149
7692,149
7693,149
7694,149
7695,148
7696,149
7697,149
7698,149
7699,148
7700,148
7701,149
7702,149
7703,149
7704,149
7705,149
7706,149
7707,149
7708,149
7709,149
7710,149
7711,149
7712,149
7713,149
7714,149
7715,149
7716,149
7717,149
7718,149
7719,149
7720,149
7721,149
7722,149
7723,150
7724,150
7725,150
7726,150
7727,150
7728,150
7729,150
7730,150
7731,149
7732,149
7733,149
7734,149
7735,149
7736,149
7737,149
7738,149
7739,149
7740,149
7741,149
7742,149
7743,149
7744,149
7745,149
7746,149
7747,149
7748,149
7749,149
7750,149
7751,148
7752,149
7753,149
7754,149
7755,149
7756,149
7757,149
7758,149
7759,149
7760,149
7761,149
7762,149
7763,149
7764,149
7765,149
7766,149
7767,149
7768,149
7769,149
7770,149
7771,149
7772,149
7773,148
7774,148
7775,149
7776,148
7777,148
7778,149
7779,149
7780,149
7781,149
7782,149
7783,149
7784,149
7785,149
7786,149
7787,149
7788,149
7789,149
7790,149
7791,149
7792,148
7793,148
7794,148
7795,148
7796,148
7797,148
7798,149
7799,149
7800,149
7801,149
7802,149
7803,149
7804,149
7805,149
7806,149
7807,149
7808,150
7809,150
7810,150
7811,150
7812,150
7813,150
7814,149
7815,150
7816,149
7817,149
7818,150
7819,150
7820,150
7821,150
7822,150
7823,150
7824,150
7825,150
7826,150
7827,150
7828,150
7829,150
7830,150
7831,150
7832,150
7833,150
7834,150
7835,150
7836,150
7837,150
7838,150
7839,150
7840,150
7841,150
7842,150
7843,150
7844,150
7845,150
7846,150
7847,150
7848,150
7849,150
7850,151
7851,151
7852,150
7853,150
7854,151
7855,151
7856,151
7857,151
7858,151
7859,150
7860,151
7861,151
7862,151
7863,151
7864,151
7865,151
7866,151
7867,151
7868,150
7869,150
7870,150
7871,150
7872,150
7873,150
7874,150
7875,149
7876,150
7877,150
7878,150
7879,150
7880,150
7881,150
7882,150
7883,151
7884,151
7885,151
7886,151
7887,151
7888,151
7889,151
7890,151
7891,151
7892,151
7893,151
7894,151
7895,151
7896,151
7897,152
7898,152
7899,152
7900,152
7901,151
7902,151
7903,151
7904,151
7905,152
7906,152
7907,152
7908,152
7909,151
7910,151
7911,152
7912,152
7913,152
7914,151
7915,151
7916,151
7917,151
7918,151
7919,151
7920,151
7921,151
7922,151
7923,151
7924,152
7925,152
7926,152
7927,152
7928,152
7929,152
7930,152
7931,152
7932,152
7933,152
7934,152
7935,152
7936,152
7937,152
7938,151
7939,152
7940,152
7941,151
7942,152
7943,152
7944,152
7945,151
7946,152
7947,152
7948,152
7949,152
7950,152
7951,152
7952,152
7953,152
7954,152
7955,152
7956,152
7957,152
7958,152
7959,152
7960,152
7961,152
7962,152
7963,152
7964,152
7965,152
7966,152
7967,152
7968,152
7969,152
7970,153
7971,153
7972,153
7973,153
7974,153
7975,153
7976,153
7977,153
7978,153
7979,153
7980,153
7981,153
7982,153
7983,153
7984,152
7985,152
7986,153
7987,153
7988,153
7989,152
7990,152
7991,153
7992,153
7993,153
7994,153
7995,153
7996,153
7997,153
7998,153
7999,153
8000,153
8001,153
8002,153
8003,153
8004,153
8005,153
8006,153
8007,154
8008,154
8009,154
8010,153
8011,153
8012,153
8013,153
8014,153
8015,153
8016,153
8017,153
8018,153
8019,153
8020,153
8021,153
8022,153
8023,153
8024,153
8025,153
8026,153
8027,153
8028,153
8029,153
8030,153
8031,152
8032,153
8033,152
8034,152
8035,152
8036,152
8037,152
8038,152
8039,152
8040,152
8041,152
8042,152
8043,152
8044,152
8045,152
8046,152
8047,152
8048,151
8049,151
8050,152
8051,151
8052,152
8053,152
8054,152
8055,152
8056,152
8057,152
8058,152
8059,152
8060,152
8061,152
8062,152
8063,152
8064,152
8065,152
8066,152
8067,151
8068,152
8069,152
8070,152
8071,152
8072,152
8073,152
8074,152
8075,152
8076,151
8077,151
8078,151
8079,151
8080,151
8081,151
8082,150
8083,150
8084,150
8085,150
8086,150
8087,150
8088,150
8089,150
8090,150
8091,151
8092,151
8093,151
8094,151
8095,151
8096,151
8097,151
8098,151
8099,151
8100,151
8101,151
8102,151
8103,152
8104,152
8105,152
8106,152
8107,152
8108,152
8109,151
8110,152
8111,152
8112,152
8113,152
8114,152
8115,152
8116,152
8117,152
8118,151
8119,151
8120,151
8121,151
8122,151
8123,152
8124,152
8125,152
8126,152
8127,152
8128,152
8129,152
8130,152
8131,151
8132,151
8133,151
8134,151
8135,151
8136,151
8137,151
8138,151
8139,151
8140,151
8141,151
8142,151
8143,150
8144,150
8145,150
8146,150
8147,150
8148,150
8149,150
8150,150
8151,150
8152,151
8153,151
8154,151
8155,151
8156,151
8157,151
8158,151
8159,151
8160,151
8161,151
8162,151
8163,151
8164,151
8165,151
8166,151
8167,151
8168,151
8169,151
8170,151
8171,151
8172,151
8173,151
8174,151
8175,151
8176,151
8177,151
8178,151
8179,151
8180,151
8181,151
8182,151
8183,151
8184,151
8185,151
8186,150
8187,151
8188,151
8189,151
8190,151
8191,151
8192,151
8193,151
8194,151
8195,151
8196,150
8197,150
8198,150
8199,150
8200,150
8201,150
8202,150
8203,151
8204,151
8205,151
8206,152
8207,152
8208,151
8209,151
8210,151
8211,151
8212,151
8213,151
8214,151
8215,151
8216,152
8217,152
8218,151
8219,151
8220,152
8221,152
8222,151
8223,151
8224,151
8225,151
8226,151
8227,151
8228,151
8229,152
8230,152
8231,152
8232,152
8233,152
8234,152
8235,151
8236,152
8237,152
8238,151
8239,152
8240,152
8241,152
8242,152
8243,152
8244,152
8245,152
8246,152
8247,152
8248,153
8249,153
8250,153
8251,153
8252,153
8253,153
8254,153
8255,153
8256,153
8257,153
8258,153
8259,152
8260,152
8261,153
8262,152
8263,152
8264,152
8265,152
8266,152
8267,152
8268,152
8269,152
8270,152
8271,152
8272,152
8273,152
8274,152
8275,152
8276,153
8277,152
8278,153
8279,153
8280,153
8281,153
8282,153
8283,153
8284,153
8285,153
8286,153
8287,153
8288,154
8289,154
8290,154
8291,154
8292,153
8293,154
8294,154
8295,153
8296,154
8297,154
8298,154
8299,153
8300,153
8301,153
8302,154
8303,153
8304,153
8305,153
8306,153
8307,153
8308,153
8309,153
8310,153
8311,154
8312,154
8313,154
8314,153
8315,154
8316,154
8317,153
8318,153
8319,153
8320,154
8321,153
8322,153
8323,153
8324,153
8325,152
8326,153
8327,153
8328,153
8329,153
8330,153
8331,153
8332,153
8333,153
8334,153
8335,153
8336,153
8337,153
8338,153
8339,153
8340,153
8341,153
8342,153
8343,153
8344,153
8345,153
8346,153
8347,153
8348,153
8349,153
8350,153
8351,153
8352,153
8353,153
8354,153
8355,153
8356,153
8357,153
8358,153
8359,153
8360,153
8361,153
8362,153
8363,153
8364,153
8365,153
8366,153
8367,153
8368,153
8369,153
8370,154
8371,154
8372,154
8373,154
8374,154
8375,154
8376,154
8377,154
8378,153
8379,154
8380,153
8381,153
8382,153
8383,154
8384,153
8385,154
8386,153
8387,154
8388,154
8389,154
8390,154
8391,154
8392,154
8393,153
8394,154
8395,154
8396,154
8397,153
8398,153
8399,153
8400,153
8401,153
8402,153
8403,153
8404,153
8405,153
8406,153
8407,153
8408,153
8409,153
8410,153
8411,153
8412,153
8413,153
8414,153
8415,153
8416,153
8417,153
8418,153
8419,153
8420,153
8421,153
8422,153
8423,154
8424,154
8425,154
8426,154
8427,154
8428,154
8429,154
8430,154
8431,154
8432,154
8433,154
8434,154
8435,154
8436,154
8437,154
8438,154
8439,154
8440,153
8441,153
8442,153
8443,153
8444,153
8445,154
8446,154
8447,154
8448,154
8449,153
8450,153
8451,153
8452,153
8453,153
8454,153
8455,153
8456,153
8457,153
8458,153
8459,153
8460,153
8461,154
8462,154
8463,154
8464,153
8465,154
8466,153
8467,154
8468,154
8469,154
8470,154
8471,154
8472,154
8473,154
8474,154
8475,154
8476,154
8477,153
8478,153
8479,153
8480,154
8481,154
8482,154
8483,154
8484,154
8485,154
8486,153
8487,153
8488,153
8489,153
8490,153
8491,153
8492,153
8493,153
8494,153
8495,153
8496,153
8497,153
8498,153
8499,153
8500,153
8501,152
8502,152
8503,152
8504,153
8505,152
8506,153
8507,153
8508,153
8509,153
8510,153
8511,153
8512,153
8513,153
8514,153
8515,153
8516,153
8517,153
8518,153
8519,153
8520,153
8521,153
8522,153
8523,153
8524,154
8525,154
8526,154
8527,153
8528,153
8529,153
8530,153
8531,153
8532,153
8533,153
8534,153
8535,154
8536,153
8537,154
8538,154
8539,153
8540,154
8541,154
8542,154
8543,154
8544,154
8545,154
8546,154
8547,154
8548,154
8549,154
8550,154
8551,154
8552,154
8553,154
8554,154
8555,154
8556,154
8557,155
8558,155
8559,154
8560,154
8561,155
8562,155
8563,155
8564,154
8565,154
8566,154
8567,154
8568,154
8569,154
8570,154
8571,154
8572,154
8573,154
8574,154
8575,153
8576,153
8577,153
8578,154
8579,154
8580,154
8581,153
8582,154
8583,154
8584,153
8585,153
8586,152
8587,152
8588,152
8589,152
8590,152
8591,152
8592,153
8593,153
8594,153
8595,153
8596,153
8597,153
8598,153
8599,152
8600,153
8601,153
8602,153
8603,153
8604,153
8605,153
8606,153
8607,153
8608,153
8609,153
8610,153
8611,153
8612,153
8613,153
8614,153
8615,153
8616,153
8617,153
8618,152
8619,153
8620,153
8621,153
8622,153
8623,152
8624,152
8625,152
8626,152
8627,152
8628,152
8629,152
8630,152
8631,152
8632,152
8633,152
8634,152
8635,152
8636,152
8637,153
8638,153
8639,153
8640,153
8641,153
8642,153
8643,152
8644,152
8645,152
8646,152
8647,152
8648,152
8649,152
8650,152
8651,152
8652,152
8653,152
8654,153
8655,153
8656,153
8657,153
8658,152
8659,153
8660,153
8661,153
8662,152
8663,152
8664,152
8665,152
8666,152
8667,153
8668,153
8669,153
8670,152
8671,153
8672,153
8673,153
8674,153
8675,153
8676,153
8677,152
8678,153
8679,153
8680,153
8681,152
8682,153
8683,153
8684,153
8685,153
8686,153
8687,153
8688,153
8689,153
8690,153
8691,153
8692,153
8693,153
8694,152
8695,152
8696,152
8697,152
8698,152
8699,152
8700,153
8701,153
8702,153
8703,153
8704,152
8705,152
8706,152
8707,152
8708,152
8709,152
8710,152
8711,152
8712,152
8713,152
8714,151
8715,152
8716,152
8717,152
8718,152
8719,152
8720,152
8721,152
8722,151
8723,151
8724,151
8725,151
8726,151
8727,151
8728,151
8729,151
8730,151
8731,151
8732,151
8733,151
8734,151
8735,151
8736,151
8737,151
8738,151
8739,151
8740,151
8741,151
8742,151
8743,151
8744,151
8745,150
8746,151
8747,151
8748,151
8749,151
8750,151
8751,151
8752,151
8753,151
8754,151
8755,151
8756,151
8757,151
8758,151
8759,151
8760,151
8761,151
8762,152
8763,151
8764,151
8765,151
8766,152
8767,151
8768,151
8769,151
8770,151
8771,151
8772,150
8773,150
8774,150
8775,150
8776,150
8777,150
8778,150
8779,151
8780,150
8781,150
8782,150
8783,150
8784,150
8785,150
8786,150
8787,150
8788,150
8789,151
8790,150
8791,150
8792,150
8793,150
8794,150
8795,150
8796,150
8797,150
8798,150
8799,150
8800,150
8801,150
8802,150
8803,150
8804,150
8805,150
8806,150
8807,150
8808,150
8809,150
8810,150
8811,150
8812,150
8813,151
8814,151
8815,151
8816,150
8817,150
8818,150
8819,150
8820,150
8821,150
8822,150
8823,150
8824,150
8825,149
8826,150
8827,149
8828,149
8829,149
8830,149
8831,149
8832,149
8833,149
8834,150
8835,149
8836,150
8837,150
8838,150
8839,149
8840,149
8841,149
8842,150
8843,150
8844,150
8845,150
8846,150
8847,150
8848,150
8849,150
8850,150
8851,151
8852,151
8853,151
8854,150
8855,151
8856,151
8857,151
8858,151
8859,151
8860,151
8861,151
8862,151
8863,151
8864,151
8865,151
8866,151
8867,151
8868,151
8869,151
8870,151
8871,151
8872,151
8873,151
8874,151
8875,151
8876,151
8877,151
8878,151
8879,151
8880,151
8881,151
8882,151
8883,151
8884,151
8885,151
8886,151
8887,151
8888,151
8889,152
8890,152
8891,152
8892,152
8893,152
8894,151
8895,152
8896,152
8897,152
8898,152
8899,153
8900,153
8901,152
8902,152
8903,152
8904,153
8905,153
8906,153
8907,153
8908,153
8909,153
8910,152
8911,152
8912,152
8913,152
8914,152
8915,152
8916,152
8917,152
8918,152
8919,152
8920,153
8921,153
8922,152
8923,152
8924,153
8925,152
8926,152
8927,153
8928,153
8929,152
8930,152
8931,152
8932,152
8933,152
8934,152
8935,152
8936,152
8937,152
8938,151
8939,151
8940,151
8941,151
8942,151
8943,151
8944,150
8945,151
8946,151
8947,151
8948,151
8949,152
8950,152
8951,152
8952,152
8953,153
8954,153
8955,152
8956,152
8957,152
8958,152
8959,152
8960,152
8961,152
8962,152
8963,152
8964,152
8965,152
8966,152
8967,153
8968,153
8969,152
8970,152
8971,153
8972,153
8973,153
8974,153
8975,152
8976,153
8977,153
8978,152
8979,153
8980,152
8981,152
8982,152
8983,152
8984,152
8985,152
8986,152
8987,152
8988,151
8989,151
8990,151
8991,151
8992,152
8993,152
8994,151
8995,151
8996,151
8997,151
8998,151
8999,151
9000,151
9001,150
9002,150
9003,150
9004,150
9005,150
9006,150
9007,150
9008,150
9009,150
9010,150
9011,150
9012,150
9013,151
9014,150
9015,150
9016,150
9017,150
9018,150
9019,150
9020,151
9021,151
9022,151
9023,151
9024,151
9025,151
9026,152
9027,151
9028,152
9029,152
9030,152
9031,152
9032,152
9033,152
9034,152
9035,152
9036,152
9037,152
9038,151
9039,151
9040,151
9041,151
9042,151
9043,151
9044,151
9045,151
9046,150
9047,150
9048,150
9049,150
9050,150
9051,150
9052,150
9053,150
9054,150
9055,150
9056,150
9057,151
9058,150
9059,151
9060,151
9061,151
9062,150
9063,150
9064,151
9065,152
9066,152
9067,152
9068,151
9069,151
9070,152
9071,151
9072,151
9073,151
9074,151
9075,151
9076,151
9077,151
9078,151
9079,151
9080,151
9081,151
9082,151
9083,151
9084,151
9085,151
9086,151
9087,151
9088,151
9089,151
9090,151
9091,151
9092,151
9093,151
9094,151
9095,151
9096,151
9097,151
9098,151
9099,151
9100,152
9101,152
9102,151
9103,151
9104,151
9105,151
9106,152
9107,152
9108,152
9109,152
9110,152
9111,152
9112,152
9113,152
9114,151
9115,151
9116,151
9117,151
9118,151
9119,152
9120,152
9121,151
9122,152
9123,152
9124,152
9125,151
9126,151
9127,151
9128,152
9129,151
9130,151
9131,151
9132,152
9133,152
9134,152
9135,151
9136,151
9137,151
9138,151
9139,151
9140,152
9141,152
9142,152
9143,152
9144,152
9145,152
9146,152
9147,151
9148,151
9149,151
9150,151
9151,151
9152,151
9153,151
9154,151
9155,150
9156,150
9157,150
9158,149
9159,149
9160,149
9161,149
9162,149
9163,149
9164,148
9165,148
9166,148
9167,149
9168,149
9169,149
9170,148
9171,149
9172,148
9173,148
9174,148
9175,148
9176,148
9177,148
9178,147
9179,147
9180,147
9181,147
9182,147
9183,146
9184,147
9185,146
9186,146
9187,146
9188,146
9189,145
9190,146
9191,145
9192,145
9193,145
9194,145
9195,145
9196,145
9197,145
9198,145
9199,144
9200,145
9201,145
9202,145
9203,144
9204,145
9205,144
9206,144
9207,144
9208,144
9209,144
9210,144
9211,144
9212,144
9213,144
9214,144
9215,144
9216,144
9217,144
9218,144
9219,144
9220,144
9221,144
9222,143
9223,143
9224,143
9225,144
9226,144
9227,144
9228,144
9229,144
9230,144
9231,144
9232,144
9233,144
9234,144
9235,143
9236,143
9237,143
9238,143
9239,143
9240,142
9241,142
9242,142
9243,142
9244,142
9245,142
9246,142
9247,142
9248,142
9249,143
9250,143
9251,143
9252,143
9253,143
9254,144
9255,144
9256,144
9257,144
9258,144
9259,144
9260,144
9261,143
9262,144
9263,144
9264,144
9265,143
9266,144
9267,143
9268,144
9269,143
9270,143
9271,143
9272,143
9273,143
9274,143
9275,143
9276,143
9277,143
9278,143
9279,143
9280,143
9281,143
9282,143
9283,143
9284,143
9285,142
9286,143
9287,143
9288,143
9289,143
9290,143
9291,143
9292,143
9293,143
9294,143
9295,142
9296,142
9297,142
9298,142
9299,142
9300,142
9301,142
9302,143
9303,142
9304,142
9305,142
9306,143
9307,143
9308,143
9309,143
9310,142
9311,142
9312,142
9313,142
9314,142
9315,142
9316,142
9317,141
9318,142
9319,142
9320,142
9321,142
9322,142
9323,142
9324,142
9325,142
9326,142
9327,142
9328,141
9329,142
9330,142
9331,142
9332,142
9333,142
9334,141
9335,142
9336,141
9337,142
9338,142
9339,142
9340,142
9341,142
9342,142
9343,142
9344,141
9345,142
9346,142
9347,141
9348,141
9349,141
9350,141
9351,141
9352,141
9353,141
9354,141
9355,141
9356,141
9357,141
9358,141
9359,141
9360,141
9361,141
9362,140
9363,141
9364,141
9365,141
9366,141
9367,141
9368,140
9369,140
9370,140
9371,141
9372,140
9373,141
9374,141
9375,141
9376,141
9377,141
9378,141
9379,141
9380,141
9381,141
9382,141
9383,141
9384,141
9385,141
9386,141
9387,141
9388,141
9389,141
9390,140
9391,140
9392,140
9393,140
9394,140
9395,140
9396,140
9397,141
9398,141
9399,141
9400,141
9401,141
9402,141
9403,141
9404,141
9405,141
9406,142
9407,142
9408,142
9409,141
9410,142
9411,142
9412,142
9413,142
9414,142
9415,141
9416,141
9417,142
9418,142
9419,141
9420,141
9421,141
9422,141
9423,141
9424,141
9425,141
9426,140
9427,141
9428,140
9429,141
9430,141
9431,141
9432,141
9433,140
9434,141
9435,141
9436,141
9437,140
9438,141
9439,141
9440,141
9441,141
9442,141
9443,140
9444,141
9445,141
9446,141
9447,141
9448,141
9449,141
9450,141
9451,141
9452,140
9453,140
9454,141
9455,140
9456,140
9457,140
9458,140
9459,140
9460,140
9461,140
9462,140
9463,140
9464,140
9465,140
9466,140
9467,139
9468,139
9469,139
9470,139
9471,139
9472,139
9473,139
9474,139
9475,139
9476,139
9477,139
9478,138
9479,138
9480,138
9481,139
9482,138
9483,138
9484,138
9485,138
9486,138
9487,138
9488,138
9489,138
9490,138
9491,138
9492,138
9493,138
9494,138
9495,138
9496,138
9497,138
9498,138
9499,138
9500,138
9501,138
9502,137
9503,137
9504,138
9505,138
9506,138
9507,138
9508,138
9509,138
9510,138
9511,138
9512,138
9513,138
9514,138
9515,138
9516,138
9517,138
9518,138
9519,138
9520,137
9521,138
9522,137
9523,137
9524,137
9525,138
9526,138
9527,138
9528,137
9529,137
9530,137
9531,137
9532,137
9533,137
9534,138
9535,138
9536,138
9537,138
9538,138
9539,138
9540,138
9541,138
9542,138
9543,137
9544,137
9545,137
9546,137
9547,137
9548,137
9549,137
9550,137
9551,137
9552,137
9553,137
9554,137
9555,137
9556,137
9557,137
9558,137
9559,137
9560,137
9561,137
9562,137
9563,137
9564,137
9565,138
9566,138
9567,138
9568,138
9569,138
9570,138
9571,138
9572,138
9573,138
9574,138
9575,138
9576,138
9577,138
9578,138
9579,138
9580,138
9581,138
9582,138
9583,138
9584,138
9585,138
9586,138
9587,138
9588,138
9589,138
9590,138
9591,138
9592,138
9593,137
9594,137
9595,138
9596,138
9597,138
9598,138
9599,138
9600,138
9601,138
9602,137
9603,137
9604,138
9605,138
9606,138
9607,138
9608,138
9609,138
9610,138
9611,138
9612,138
9613,138
9614,138
9615,138
9616,138
9617,138
9618,138
9619,138
9620,138
9621,138
9622,137
9623,137
9624,137
9625,137
9626,137
9627,137
9628,137
9629,137
9630,138
9631,138
9632,138
9633,138
9634,138
9635,138
9636,138
9637,137
9638,138
9639,138
9640,138
9641,138
9642,138
9643,138
9644,138
9645,138
9646,138
9647,138
9648,138
9649,138
9650,138
9651,138
9652,138
9653,138
9654,138
9655,138
9656,138
9657,138
9658,137
9659,138
9660,138
9661,138
9662,138
9663,138
9664,138
9665,137
9666,137
9667,137
9668,137
9669,137
9670,137
9671,137
9672,137
9673,137
9674,137
9675,137
9676,137
9677,137
9678,137
9679,137
9680,137
9681,137
9682,138
9683,137
9684,137
9685,137
9686,137
9687,137
9688,137
9689,138
9690,138
9691,138
9692,138
9693,138
9694,138
9695,138
9696,139
9697,138
9698,138
9699,138
9700,138
9701,138
9702,138
9703,138
9704,138
9705,138
9706,138
9707,138
9708,138
9709,138
9710,138
9711,138
9712,138
9713,138
9714,138
9715,137
9716,138
9717,138
9718,138
9719,138
9720,138
9721,138
9722,138
9723,138
9724,138
9725,138
9726,138
9727,138
9728,138
9729,138
9730,138
9731,138
9732,138
9733,138
9734,138
9735,138
9736,138
9737,138
9738,139
9739,139
9740,139
9741,139
9742,139
9743,139
9744,139
9745,139
9746,139
9747,139
9748,139
9749,139
9750,139
9751,139
9752,139
9753,139
9754,139
9755,139
9756,139
9757,139
9758,139
9759,139
9760,139
9761,139
9762,138
9763,138
9764,138
9765,139
9766,138
9767,138
9768,138
9769,138
9770,138
9771,138
9772,138
9773,138
9774,138
9775,138
9776,139
9777,139
9778,138
9779,138
9780,138
9781,138
9782,138
9783,138
9784,138
9785,138
9786,137
9787,138
9788,138
9789,138
9790,138
9791,138
9792,138
9793,138
9794,138
9795,138
9796,138
9797,138
9798,138
9799,138
9800,138
9801,138
9802,138
9803,138
9804,138
9805,138
9806,139
9807,138
9808,139
9809,138
9810,138
9811,138
9812,138
9813,138
9814,138
9815,139
9816,139
9817,139
9818,139
9819,139
9820,139
9821,138
9822,138
9823,138
9824,138
9825,138
9826,138
9827,138
9828,138
9829,138
9830,138
9831,138
9832,138
9833,138
9834,138
9835,138
9836,138
9837,138
9838,137
9839,137
9840,137
9841,137
9842,137
9843,138
9844,138
9845,138
9846,138
9847,138
9848,138
9849,138
9850,138
9851,138
9852,138
9853,138
9854,138
9855,138
9856,138
9857,138
9858,138
9859,138
9860,138
9861,137
9862,137
9863,138
9864,138
9865,138
9866,138
9867,138
9868,138
9869,138
9870,138
9871,138
9872,138
9873,138
9874,138
9875,138
9876,138
9877,138
9878,138
9879,138
9880,138
9881,137
9882,137
9883,137
9884,137
9885,137
9886,137
9887,137
9888,137
9889,137
9890,137
9891,137
9892,137
9893,137
9894,137
9895,137
9896,137
9897,138
9898,138
9899,138
9900,138
9901,138
9902,138
9903,138
9904,138
9905,138
9906,138
9907,139
9908,138
9909,138
9910,138
9911,138
9912,138
9913,138
9914,138
9915,138
9916,138
9917,138
9918,138
9919,138
9920,138
9921,138
9922,138
9923,138
9924,138
9925,138
9926,138
9927,139
9928,139
9929,139
9930,138
9931,138
9932,138
9933,138
9934,138
9935,138
9936,138
9937,138
9938,138
9939,138
9940,138
9941,138
9942,138
9943,138
9944,138
9945,138
9946,138
9947,139
9948,139
9949,139
9950,139
9951,138
9952,139
9953,139
9954,139
9955,139
9956,139
9957,139
9958,139
9959,139
9960,139
9961,139
9962,139
9963,139
9964,139
9965,140
9966,140
9967,139
9968,139
9969,140
9970,139
9971,139
9972,139
9973,139
9974,139
9975,139
9976,139
9977,138
9978,138
9979,138
9980,138
9981,138
9982,138
9983,138
9984,138
9985,138
9986,138
9987,138
9988,138
9989,138
9990,138
9991,138
9992,138
9993,138
9994,138
9995,138
9996,138
9997,138
9998,138
9999,138
