0,150
1,150
2,150
3,149
4,150
5,150
6,150
7,150
8,150
9,150
10,149
11,150
12,150
13,150
14,150
15,150
16,150
17,150
18,150
19,150
20,150
21,150
22,150
23,150
24,150
25,150
26,150
27,150
28,150
29,150
30,150
31,150
32,150
33,150
34,150
35,150
36,150
37,150
38,149
39,149
40,149
41,149
42,149
43,149
44,150
45,150
46,149
47,149
48,149
49,149
50,149
51,149
52,149
53,149
54,149
55,150
56,150
57,150
58,150
59,150
60,150
61,150
62,150
63,150
64,150
65,150
66,150
67,151
68,151
69,151
70,150
71,151
72,151
73,151
74,151
75,151
76,151
77,151
78,151
79,151
80,151
81,151
82,151
83,151
84,151
85,151
86,151
87,151
88,151
89,151
90,151
91,151
92,151
93,150
94,150
95,150
96,150
97,150
98,151
99,151
100,151
101,151
102,151
103,151
104,151
105,150
106,150
107,150
108,150
109,150
110,151
111,151
112,151
113,151
114,151
115,151
116,150
117,150
118,150
119,150
120,150
121,150
122,150
123,150
124,150
125,150
126,150
127,150
128,150
129,150
130,150
131,150
132,150
133,150
134,149
135,149
136,149
137,149
138,149
139,149
140,150
141,150
142,150
143,150
144,150
145,150
146,150
147,150
148,150
149,150
150,150
151,150
152,150
153,150
154,150
155,150
156,150
157,150
158,150
159,150
160,150
161,150
162,150
163,150
164,150
165,150
166,150
167,150
168,150
169,150
170,150
171,150
172,150
173,150
174,150
175,150
176,150
177,150
178,150
179,150
180,151
181,151
182,151
183,151
184,151
185,151
186,150
187,150
188,151
189,151
190,150
191,150
192,150
193,150
194,150
195,150
196,150
197,150
198,150
199,151
200,151
201,151
202,151
203,151
204,151
205,151
206,151
207,151
208,151
209,151
210,151
211,151
212,151
213,151
214,151
215,150
216,150
217,150
218,150
219,150
220,150
221,150
222,150
223,150
224,151
225,150
226,150
227,150
228,150
229,150
230,150
231,151
232,150
233,151
234,151
235,150
236,151
237,150
238,150
239,150
240,150
241,150
242,150
243,151
244,151
245,151
246,150
247,150
248,150
249,150
250,150
251,150
252,151
253,151
254,151
255,151
256,151
257,151
258,151
259,151
260,150
261,151
262,151
263,151
264,151
265,151
266,151
267,151
268,151
269,151
270,151
271,151
272,151
273,151
274,151
275,151
276,151
277,151
278,151
279,151
280,151
281,151
282,151
283,151
284,151
285,151
286,151
287,151
288,151
289,151
290,151
291,151
292,151
293,151
294,152
295,151
296,151
297,151
298,152
299,152
300,152
301,152
302,152
303,152
304,152
305,152
306,152
307,152
308,152
309,152
310,152
311,152
312,152
313,152
314,152
315,152
316,152
317,152
318,152
319,152
320,152
321,152
322,152
323,152
324,152
325,152
326,152
327,152
328,152
329,152
330,152
331,152
332,152
333,152
334,152
335,151
336,151
337,151
338,151
339,151
340,151
341,151
342,151
343,151
344,151
345,151
346,151
347,151
348,151
349,151
350,151
351,151
352,151
353,151
354,151
355,151
356,151
357,151
358,151
359,151
360,151
361,151
362,151
363,151
364,151
365,151
366,151
367,151
368,151
369,151
370,151
371,151
372,151
373,151
374,151
375,151
376,151
377,151
378,151
379,151
380,151
381,151
382,151
383,151
384,151
385,151
386,151
387,151
388,151
389,151
390,150
391,150
392,151
393,151
394,151
395,151
396,150
397,151
398,151
399,151
400,151
401,151
402,151
403,151
404,151
405,151
406,151
407,151
408,151
409,151
410,151
411,151
412,151
413,151
414,151
415,151
416,151
417,151
418,151
419,151
420,151
421,151
422,151
423,151
424,151
425,151
426,151
427,151
428,151
429,151
430,151
431,151
432,151
433,151
434,151
435,151
436,150
437,151
438,151
439,151
440,151
441,151
442,151
443,151
444,151
445,151
446,151
447,151
448,151
449,151
450,151
451,151
452,151
453,151
454,151
455,151
456,151
457,151
458,151
459,150
460,150
461,151
462,151
463,151
464,151
465,151
466,151
467,151
468,151
469,151
470,151
471,151
472,151
473,151
474,151
475,151
476,151
477,151
478,151
479,151
480,151
481,151
482,151
483,151
484,151
485,151
486,151
487,151
488,151
489,151
490,151
491,151
492,151
493,151
494,151
495,151
496,151
497,151
498,151
499,151
500,151
501,151
502,151
503,151
504,151
505,151
506,151
507,151
508,151
509,151
510,151
511,151
512,151
513,151
514,151
515,151
516,151
517,151
518,151
519,151
520,151
521,151
522,151
523,151
524,151
525,151
526,151
527,151
528,151
529,151
530,151
531,151
532,151
533,151
534,151
535,151
536,151
537,151
538,151
539,151
540,151
541,151
542,151
543,151
544,151
545,151
546,151
547,151
548,151
549,151
550,151
551,151
552,151
553,151
554,151
555,151
556,151
557,151
558,151
559,151
560,151
561,151
562,151
563,151
564,151
565,151
566,151
567,151
568,151
569,151
570,151
571,151
572,151
573,151
574,151
575,151
576,151
577,151
578,150
579,150
580,151
581,151
582,151
583,151
584,151
585,151
586,151
587,151
588,151
589,151
590,151
591,151
592,151
593,151
594,151
595,151
596,151
597,151
598,151
599,151
600,151
601,151
602,151
603,151
604,151
605,151
606,151
607,151
608,151
609,151
610,151
611,151
612,151
613,151
614,151
615,151
616,150
617,151
618,151
619,151
620,151
621,151
622,151
623,151
624,150
625,151
626,151
627,151
628,151
629,151
630,151
631,151
632,151
633,151
634,151
635,151
636,151
637,151
638,151
639,151
640,151
641,151
642,151
643,151
644,151
645,151
646,151
647,151
648,151
649,151
650,151
651,151
652,151
653,152
654,152
655,152
656,152
657,152
658,152
659,152
660,152
661,152
662,152
663,152
664,152
665,152
666,151
667,152
668,152
669,152
670,152
671,152
672,152
673,152
674,152
675,152
676,152
677,152
678,152
679,152
680,152
681,152
682,152
683,152
684,152
685,151
686,152
687,151
688,151
689,151
690,151
691,151
692,151
693,152
694,152
695,152
696,152
697,152
698,152
699,152
700,152
701,152
702,152
703,152
704,152
705,152
706,152
707,152
708,152
709,152
710,151
711,151
712,152
713,152
714,152
715,152
716,152
717,152
718,152
719,152
720,152
721,152
722,152
723,152
724,152
725,152
726,152
727,152
728,152
729,152
730,152
731,152
732,152
733,152
734,152
735,152
736,152
737,152
738,152
739,152
740,152
741,152
742,152
743,152
744,152
745,152
746,152
747,152
748,152
749,152
750,152
751,152
752,152
753,152
754,152
755,152
756,152
757,152
758,152
759,152
760,152
761,152
762,152
763,152
764,152
765,152
766,152
767,152
768,152
769,152
770,152
771,152
772,152
773,152
774,152
775,152
776,153
777,152
778,153
779,152
780,152
781,152
782,152
783,152
784,152
785,153
786,153
787,153
788,153
789,153
790,153
791,153
792,153
793,153
794,153
795,153
796,153
797,153
798,153
799,153
800,153
801,153
802,153
803,153
804,153
805,153
806,153
807,153
808,153
809,153
810,153
811,153
812,153
813,153
814,153
815,153
816,153
817,153
818,153
819,153
820,153
821,152
822,152
823,152
824,152
825,152
826,152
827,152
828,152
829,152
830,152
831,152
832,152
833,152
834,152
835,152
836,152
837,152
838,152
839,152
840,152
841,151
842,151
843,152
844,152
845,152
846,152
847,152
848,152
849,152
850,152
851,152
852,152
853,152
854,151
855,151
856,152
857,151
858,151
859,152
860,151
861,151
862,152
863,152
864,152
865,152
866,152
867,152
868,152
869,152
870,152
871,152
872,152
873,152
874,152
875,152
876,152
877,152
878,152
879,152
880,152
881,153
882,153
883,153
884,153
885,153
886,153
887,153
888,153
889,153
890,153
891,153
892,153
893,152
894,152
895,153
896,153
897,153
898,153
899,153
900,153
901,153
902,153
903,153
904,153
905,153
906,153
907,153
908,153
909,153
910,153
911,153
912,153
913,153
914,153
915,153
916,153
917,153
918,153
919,153
920,153
921,153
922,153
923,153
924,153
925,153
926,153
927,153
928,153
929,153
930,152
931,152
932,152
933,153
934,152
935,152
936,152
937,152
938,152
939,152
940,152
941,152
942,152
943,152
944,152
945,152
946,153
947,152
948,152
949,153
950,153
951,153
952,153
953,152
954,153
955,152
956,152
957,152
958,152
959,152
960,152
961,152
962,153
963,153
964,153
965,153
966,153
967,153
968,153
969,153
970,153
971,153
972,153
973,153
974,153
975,153
976,153
977,153
978,153
979,153
980,153
981,153
982,153
983,153
984,153
985,153
986,153
987,153
988,153
989,153
990,153
991,153
992,153
993,153
994,153
995,152
996,152
997,153
998,153
999,153
1000,153
1001,153
1002,153
1003,153
1004,153
1005,152
1006,153
1007,153
1008,153
1009,153
1010,153
1011,153
1012,153
1013,153
1014,153
1015,153
1016,154
1017,153
1018,153
1019,153
1020,154
1021,153
1022,153
1023,153
1024,153
1025,153
1026,154
1027,154
1028,154
1029,154
1030,154
1031,154
1032,154
1033,154
1034,154
1035,154
1036,154
1037,154
1038,154
1039,154
1040,154
1041,154
1042,154
1043,154
1044,154
1045,154
1046,154
1047,154
1048,154
1049,154
1050,154
1051,154
1052,154
1053,154
1054,154
1055,154
1056,154
1057,154
1058,154
1059,154
1060,154
1061,154
1062,153
1063,153
1064,153
1065,154
1066,154
1067,154
1068,154
1069,154
1070,154
1071,154
1072,154
1073,154
1074,154
1075,153
1076,153
1077,153
1078,153
1079,153
1080,153
1081,153
1082,154
1083,153
1084,153
1085,153
1086,153
1087,153
1088,153
1089,153
1090,153
1091,153
1092,153
1093,153
1094,153
1095,153
1096,154
1097,154
1098,154
1099,153
1100,153
1101,153
1102,153
1103,153
1104,153
1105,153
1106,153
1107,153
1108,153
1109,153
1110,153
1111,153
1112,153
1113,153
1114,153
1115,153
1116,153
1117,153
1118,153
1119,153
1120,153
1121,153
1122,153
1123,153
1124,153
1125,153
1126,153
1127,153
1128,153
1129,153
1130,153
1131,153
1132,153
1133,153
1134,153
1135,153
1136,153
1137,153
1138,153
1139,153
1140,153
1141,153
1142,153
1143,153
1144,153
1145,152
1146,153
1147,153
1148,153
1149,153
1150,153
1151,153
1152,153
1153,153
1154,153
1155,153
1156,153
1157,153
1158,153
1159,153
1160,152
1161,152
1162,152
1163,152
1164,152
1165,152
1166,152
1167,152
1168,152
1169,152
1170,152
1171,152
1172,152
1173,152
1174,152
1175,152
1176,152
1177,152
1178,153
1179,153
1180,153
1181,153
1182,153
1183,153
1184,153
1185,153
1186,152
1187,152
1188,153
1189,153
1190,153
1191,153
1192,153
1193,153
1194,153
1195,153
1196,153
1197,153
1198,153
1199,153
1200,153
1201,153
1202,153
1203,153
1204,152
1205,153
1206,153
1207,153
1208,153
1209,153
1210,153
1211,153
1212,153
1213,153
1214,153
1215,153
1216,153
1217,153
1218,153
1219,153
1220,153
1221,153
1222,153
1223,153
1224,153
1225,154
1226,154
1227,154
1228,154
1229,154
1230,154
1231,154
1232,154
1233,154
1234,154
1235,154
1236,154
1237,154
1238,153
1239,154
1240,154
1241,154
1242,154
1243,154
1244,154
1245,154
1246,154
1247,154
1248,154
1249,154
1250,154
1251,154
1252,154
1253,154
1254,154
1255,154
1256,154
1257,154
1258,154
1259,154
1260,154
1261,154
1262,154
1263,154
1264,155
1265,155
1266,155
1267,155
1268,155
1269,155
1270,155
1271,155
1272,155
1273,155
1274,155
1275,155
1276,155
1277,155
1278,155
1279,155
1280,155
1281,155
1282,155
1283,155
1284,155
1285,155
1286,155
1287,155
1288,155
1289,155
1290,155
1291,155
1292,155
1293,155
1294,155
1295,156
1296,155
1297,155
1298,156
1299,156
1300,155
1301,156
1302,156
1303,156
1304,156
1305,156
1306,156
1307,156
1308,156
1309,156
1310,156
1311,156
1312,156
1313,156
1314,156
1315,156
1316,156
1317,156
1318,156
1319,156
1320,156
1321,156
1322,156
1323,156
1324,156
1325,156
1326,156
1327,156
1328,156
1329,156
1330,156
1331,156
1332,156
1333,156
1334,156
1335,156
1336,156
1337,156
1338,156
1339,156
1340,156
1341,156
1342,156
1343,156
1344,156
1345,156
1346,156
1347,156
1348,156
1349,156
1350,156
1351,156
1352,156
1353,156
1354,156
1355,156
1356,156
1357,156
1358,156
1359,156
1360,156
1361,156
1362,156
1363,156
1364,156
1365,156
1366,156
1367,155
1368,156
1369,156
1370,156
1371,156
1372,156
1373,156
1374,156
1375,156
1376,156
1377,156
1378,156
1379,156
1380,156
1381,156
1382,156
1383,156
1384,156
1385,156
1386,156
1387,156
1388,156
1389,156
1390,156
1391,156
1392,156
1393,156
1394,156
1395,156
1396,156
1397,156
1398,156
1399,156
1400,156
1401,156
1402,156
1403,156
1404,156
1405,156
1406,156
1407,156
1408,156
1409,156
1410,156
1411,156
1412,156
1413,156
1414,156
1415,156
1416,156
1417,156
1418,156
1419,156
1420,156
1421,155
1422,155
1423,156
1424,156
1425,156
1426,156
1427,156
1428,156
1429,156
1430,156
1431,156
1432,155
1433,155
1434,155
1435,155
1436,155
1437,155
1438,156
1439,156
1440,156
1441,156
1442,156
1443,156
1444,156
1445,156
1446,156
1447,156
1448,156
1449,156
1450,156
1451,156
1452,156
1453,156
1454,156
1455,156
1456,156
1457,156
1458,156
1459,156
1460,156
1461,156
1462,156
1463,156
1464,156
1465,156
1466,156
1467,156
1468,156
1469,156
1470,156
1471,156
1472,156
1473,156
1474,156
1475,156
1476,156
1477,156
1478,156
1479,156
1480,156
1481,156
1482,156
1483,156
1484,156
1485,156
1486,156
1487,156
1488,156
1489,156
1490,156
1491,156
1492,156
1493,156
1494,157
1495,157
1496,157
1497,157
1498,157
1499,157
1500,157
1501,157
1502,157
1503,157
1504,157
1505,157
1506,157
1507,157
1508,157
1509,157
1510,157
1511,157
1512,156
1513,156
1514,156
1515,156
1516,156
1517,156
1518,156
1519,156
1520,156
1521,156
1522,156
1523,156
1524,156
1525,156
1526,155
1527,155
1528,155
1529,155
1530,155
1531,154
1532,154
1533,154
1534,154
1535,154
1536,154
1537,154
1538,154
1539,154
1540,154
1541,154
1542,154
1543,154
1544,154
1545,154
1546,154
1547,154
1548,154
1549,154
1550,154
1551,154
1552,154
1553,154
1554,154
1555,154
1556,154
1557,154
1558,154
1559,154
1560,154
1561,154
1562,154
1563,154
1564,154
1565,154
1566,154
1567,154
1568,154
1569,154
1570,155
1571,155
1572,155
1573,155
1574,155
1575,155
1576,155
1577,155
1578,155
1579,155
1580,155
1581,155
1582,155
1583,155
1584,155
1585,155
1586,155
1587,155
1588,155
1589,155
1590,155
1591,155
1592,155
1593,155
1594,156
1595,155
1596,155
1597,155
1598,155
1599,155
1600,155
1601,155
1602,155
1603,155
1604,155
1605,155
1606,155
1607,154
1608,154
1609,154
1610,155
1611,155
1612,155
1613,155
1614,155
1615,155
1616,155
1617,155
1618,155
1619,155
1620,155
1621,155
1622,154
1623,154
1624,154
1625,154
1626,154
1627,155
1628,155
1629,155
1630,154
1631,154
1632,155
1633,155
1634,155
1635,155
1636,155
1637,155
1638,155
1639,155
1640,155
1641,154
1642,154
1643,155
1644,155
1645,155
1646,155
1647,155
1648,155
1649,155
1650,155
1651,155
1652,155
1653,155
1654,155
1655,155
1656,155
1657,155
1658,155
1659,155
1660,155
1661,155
1662,155
1663,155
1664,155
1665,155
1666,155
1667,155
1668,155
1669,155
1670,155
1671,155
1672,155
1673,155
1674,155
1675,154
1676,155
1677,155
1678,155
1679,155
1680,155
1681,155
1682,155
1683,155
1684,155
1685,155
1686,155
1687,155
1688,155
1689,155
1690,155
1691,155
1692,155
1693,154
1694,154
1695,154
1696,154
1697,154
1698,154
1699,154
1700,154
1701,154
1702,154
1703,154
1704,154
1705,154
1706,154
1707,154
1708,154
1709,154
1710,154
1711,154
1712,154
1713,154
1714,154
1715,154
1716,154
1717,154
1718,154
1719,154
1720,154
1721,154
1722,154
1723,154
1724,154
1725,153
1726,153
1727,153
1728,153
1729,153
1730,153
1731,153
1732,153
1733,153
1734,153
1735,153
1736,153
1737,153
1738,153
1739,153
1740,153
1741,153
1742,153
1743,153
1744,153
1745,153
1746,153
1747,153
1748,153
1749,154
1750,154
1751,154
1752,154
1753,153
1754,153
1755,153
1756,153
1757,153
1758,153
1759,154
1760,154
1761,153
1762,154
1763,154
1764,154
1765,154
1766,154
1767,154
1768,154
1769,154
1770,154
1771,154
1772,154
1773,154
1774,154
1775,154
1776,153
1777,153
1778,153
1779,153
1780,153
1781,153
1782,153
1783,153
1784,153
1785,153
1786,153
1787,153
1788,153
1789,153
1790,153
1791,153
1792,153
1793,153
1794,153
1795,153
1796,153
1797,153
1798,153
1799,153
1800,153
1801,153
1802,153
1803,153
1804,152
1805,152
1806,152
1807,152
1808,153
1809,153
1810,153
1811,152
1812,152
1813,152
1814,152
1815,152
1816,152
1817,152
1818,152
1819,152
1820,152
1821,152
1822,152
1823,152
1824,152
1825,152
1826,152
1827,152
1828,152
1829,152
1830,152
1831,152
1832,152
1833,152
1834,152
1835,152
1836,152
1837,152
1838,152
1839,152
1840,152
1841,152
1842,152
1843,152
1844,152
1845,152
1846,152
1847,152
1848,152
1849,151
1850,152
1851,152
1852,152
1853,152
1854,152
1855,152
1856,152
1857,152
1858,152
1859,152
1860,152
1861,152
1862,152
1863,152
1864,152
1865,152
1866,152
1867,152
1868,152
1869,152
1870,152
1871,152
1872,152
1873,152
1874,152
1875,152
1876,152
1877,152
1878,153
1879,153
1880,153
1881,153
1882,153
1883,153
1884,153
1885,153
1886,153
1887,153
1888,153
1889,153
1890,153
1891,153
1892,153
1893,153
1894,153
1895,152
1896,152
1897,152
1898,152
1899,152
1900,152
1901,152
1902,152
1903,152
1904,153
1905,153
1906,153
1907,153
1908,153
1909,153
1910,153
1911,152
1912,152
1913,152
1914,152
1915,152
1916,152
1917,152
1918,152
1919,152
1920,152
1921,152
1922,152
1923,152
1924,152
1925,152
1926,152
1927,152
1928,152
1929,152
1930,152
1931,152
1932,152
1933,152
1934,152
1935,152
1936,151
1937,151
1938,151
1939,151
1940,151
1941,151
1942,151
1943,151
1944,151
1945,151
1946,151
1947,151
1948,151
1949,151
1950,151
1951,151
1952,151
1953,152
1954,152
1955,152
1956,151
1957,151
1958,151
1959,151
1960,152
1961,152
1962,152
1963,152
1964,152
1965,152
1966,152
1967,152
1968,152
1969,152
1970,152
1971,152
1972,152
1973,152
1974,152
1975,152
1976,152
1977,152
1978,152
1979,152
1980,152
1981,152
1982,152
1983,152
1984,152
1985,152
1986,152
1987,152
1988,152
1989,152
1990,151
1991,151
1992,151
1993,151
1994,151
1995,151
1996,151
1997,151
1998,151
1999,151
2000,151
2001,151
2002,151
2003,151
2004,151
2005,152
2006,151
2007,151
2008,152
2009,151
2010,151
2011,151
2012,151
2013,151
2014,151
2015,151
2016,151
2017,151
2018,151
2019,151
2020,151
2021,151
2022,151
2023,151
2024,151
2025,151
2026,151
2027,151
2028,151
2029,151
2030,151
2031,151
2032,151
2033,151
2034,151
2035,151
2036,151
2037,151
2038,151
2039,151
2040,151
2041,151
2042,151
2043,151
2044,151
2045,151
2046,151
2047,151
2048,151
2049,151
2050,151
2051,152
2052,152
2053,152
2054,152
2055,152
2056,152
2057,152
2058,152
2059,152
2060,152
2061,152
2062,152
2063,152
2064,152
2065,152
2066,152
2067,152
2068,152
2069,152
2070,152
2071,152
2072,152
2073,152
2074,152
2075,152
2076,152
2077,152
2078,152
2079,152
2080,152
2081,152
2082,152
2083,152
2084,152
2085,152
2086,152
2087,152
2088,152
2089,152
2090,152
2091,152
2092,152
2093,152
2094,152
2095,152
2096,152
2097,152
2098,152
2099,152
2100,152
2101,151
2102,151
2103,151
2104,151
2105,151
2106,151
2107,151
2108,151
2109,151
2110,151
2111,151
2112,151
2113,152
2114,152
2115,152
2116,152
2117,152
2118,152
2119,152
2120,152
2121,152
2122,152
2123,151
2124,152
2125,152
2126,152
2127,151
2128,152
2129,152
2130,152
2131,152
2132,152
2133,152
2134,152
2135,152
2136,152
2137,152
2138,152
2139,152
2140,152
2141,152
2142,152
2143,152
2144,152
2145,151
2146,151
2147,152
2148,152
2149,152
2150,152
2151,152
2152,152
2153,152
2154,152
2155,152
2156,152
2157,152
2158,152
2159,152
2160,152
2161,152
2162,152
2163,152
2164,152
2165,152
2166,152
2167,152
2168,152
2169,152
2170,152
2171,152
2172,152
2173,152
2174,152
2175,152
2176,152
2177,151
2178,152
2179,152
2180,152
2181,152
2182,152
2183,152
2184,152
2185,152
2186,152
2187,152
2188,152
2189,152
2190,152
2191,152
2192,152
2193,152
2194,152
2195,152
2196,152
2197,152
2198,152
2199,152
2200,152
2201,152
2202,152
2203,152
2204,152
2205,152
2206,152
2207,152
2208,152
2209,152
2210,152
2211,152
2212,152
2213,152
2214,152
2215,152
2216,152
2217,152
2218,152
2219,152
2220,152
2221,152
2222,152
2223,152
2224,152
2225,151
2226,152
2227,152
2228,152
2229,152
2230,152
2231,152
2232,152
2233,152
2234,152
2235,152
2236,152
2237,152
2238,152
2239,152
2240,152
2241,152
2242,152
2243,152
2244,152
2245,152
2246,152
2247,152
2248,152
2249,152
2250,151
2251,152
2252,151
2253,151
2254,152
2255,152
2256,152
2257,152
2258,152
2259,152
2260,152
2261,152
2262,152
2263,152
2264,152
2265,152
2266,152
2267,152
2268,152
2269,152
2270,152
2271,152
2272,152
2273,152
2274,153
2275,153
2276,153
2277,153
2278,153
2279,153
2280,153
2281,152
2282,152
2283,152
2284,152
2285,152
2286,153
2287,153
2288,152
2289,152
2290,153
2291,153
2292,153
2293,153
2294,153
2295,153
2296,153
2297,153
2298,153
2299,153
2300,153
2301,153
2302,152
2303,152
2304,152
2305,152
2306,152
2307,152
2308,152
2309,152
2310,152
2311,152
2312,152
2313,152
2314,152
2315,152
2316,152
2317,152
2318,152
2319,152
2320,152
2321,152
2322,153
2323,153
2324,153
2325,153
2326,153
2327,153
2328,153
2329,153
2330,153
2331,153
2332,153
2333,153
2334,153
2335,153
2336,153
2337,154
2338,154
2339,154
2340,154
2341,154
2342,154
2343,154
2344,154
2345,154
2346,154
2347,153
2348,153
2349,153
2350,153
2351,153
2352,153
2353,153
2354,153
2355,153
2356,153
2357,153
2358,153
2359,153
2360,153
2361,153
2362,153
2363,153
2364,153
2365,153
2366,153
2367,153
2368,153
2369,153
2370,153
2371,153
2372,153
2373,153
2374,153
2375,153
2376,152
2377,153
2378,153
2379,153
2380,153
2381,153
2382,153
2383,153
2384,153
2385,153
2386,152
2387,152
2388,152
2389,152
2390,152
2391,153
2392,153
2393,153
2394,153
2395,153
2396,153
2397,153
2398,153
2399,153
2400,153
2401,153
2402,153
2403,153
2404,153
2405,153
2406,153
2407,153
2408,153
2409,152
2410,152
2411,153
2412,153
2413,152
2414,152
2415,152
2416,153
2417,153
2418,153
2419,153
2420,153
2421,153
2422,153
2423,153
2424,153
2425,153
2426,153
2427,153
2428,153
2429,153
2430,153
2431,153
2432,153
2433,153
2434,153
2435,153
2436,153
2437,153
2438,153
2439,153
2440,153
2441,153
2442,153
2443,153
2444,152
2445,153
2446,153
2447,153
2448,153
2449,153
2450,152
2451,153
2452,153
2453,153
2454,153
2455,153
2456,153
2457,153
2458,153
2459,153
2460,153
2461,153
2462,153
2463,153
2464,153
2465,153
2466,153
2467,153
2468,153
2469,153
2470,153
2471,153
2472,153
2473,153
2474,153
2475,153
2476,153
2477,153
2478,153
2479,153
2480,153
2481,153
2482,153
2483,153
2484,153
2485,153
2486,153
2487,153
2488,153
2489,153
2490,153
2491,153
2492,153
2493,153
2494,152
2495,152
2496,153
2497,152
2498,152
2499,152
2500,152
2501,152
2502,152
2503,152
2504,152
2505,152
2506,153
2507,153
2508,153
2509,153
2510,153
2511,153
2512,153
2513,153
2514,153
2515,153
2516,153
2517,153
2518,153
2519,153
2520,153
2521,153
2522,153
2523,153
2524,153
2525,153
2526,153
2527,153
2528,153
2529,152
2530,153
2531,152
2532,152
2533,152
2534,152
2535,153
2536,153
2537,153
2538,153
2539,153
2540,153
2541,152
2542,152
2543,152
2544,152
2545,152
2546,152
2547,152
2548,152
2549,152
2550,152
2551,152
2552,152
2553,152
2554,152
2555,152
2556,152
2557,152
2558,152
2559,152
2560,152
2561,152
2562,152
2563,152
2564,152
2565,152
2566,152
2567,152
2568,152
2569,152
2570,152
2571,152
2572,152
2573,152
2574,152
2575,152
2576,152
2577,152
2578,152
2579,152
2580,152
2581,152
2582,152
2583,152
2584,152
2585,152
2586,152
2587,152
2588,152
2589,152
2590,152
2591,152
2592,152
2593,152
2594,152
2595,151
2596,151
2597,151
2598,152
2599,152
2600,152
2601,152
2602,152
2603,152
2604,152
2605,152
2606,152
2607,152
2608,152
2609,152
2610,152
2611,152
2612,152
2613,152
2614,152
2615,151
2616,151
2617,152
2618,152
2619,152
2620,152
2621,152
2622,152
2623,152
2624,152
2625,152
2626,152
2627,152
2628,152
2629,152
2630,151
2631,152
2632,152
2633,152
2634,152
2635,152
2636,152
2637,152
2638,152
2639,152
2640,152
2641,152
2642,152
2643,152
2644,152
2645,152
2646,152
2647,152
2648,152
2649,152
2650,152
2651,152
2652,152
2653,152
2654,152
2655,152
2656,152
2657,152
2658,152
2659,152
2660,152
2661,152
2662,152
2663,152
2664,152
2665,152
2666,152
2667,152
2668,152
2669,151
2670,151
2671,151
2672,152
2673,152
2674,152
2675,152
2676,152
2677,152
2678,152
2679,152
2680,152
2681,152
2682,152
2683,152
2684,152
2685,152
2686,152
2687,152
2688,152
2689,152
2690,152
2691,152
2692,152
2693,152
2694,152
2695,152
2696,152
2697,151
2698,151
2699,151
2700,152
2701,151
2702,152
2703,152
2704,152
2705,152
2706,152
2707,152
2708,152
2709,152
2710,152
2711,152
2712,152
2713,152
2714,152
2715,152
2716,152
2717,152
2718,152
2719,152
2720,152
2721,152
2722,153
2723,152
2724,152
2725,152
2726,152
2727,153
2728,153
2729,153
2730,153
2731,153
2732,153
2733,153
2734,153
2735,153
2736,153
2737,154
2738,154
2739,154
2740,154
2741,154
2742,154
2743,154
2744,153
2745,154
2746,154
2747,154
2748,154
2749,154
2750,154
2751,154
2752,154
2753,154
2754,154
2755,154
2756,154
2757,154
2758,154
2759,154
2760,154
2761,153
2762,154
2763,154
2764,154
2765,154
2766,154
2767,153
2768,153
2769,154
2770,154
2771,154
2772,154
2773,154
2774,153
2775,153
2776,153
2777,153
2778,153
2779,153
2780,153
2781,153
2782,153
2783,153
2784,154
2785,154
2786,154
2787,154
2788,154
2789,154
2790,154
2791,154
2792,154
2793,154
2794,154
2795,154
2796,154
2797,154
2798,154
2799,154
2800,154
2801,154
2802,154
2803,154
2804,154
2805,154
2806,154
2807,154
2808,153
2809,153
2810,153
2811,153
2812,153
2813,153
2814,153
2815,153
2816,153
2817,153
2818,153
2819,154
2820,154
2821,154
2822,154
2823,154
2824,154
2825,154
2826,154
2827,154
2828,154
2829,154
2830,154
2831,153
2832,153
2833,153
2834,153
2835,153
2836,153
2837,153
2838,153
2839,153
2840,153
2841,153
2842,153
2843,153
2844,153
2845,153
2846,153
2847,153
2848,153
2849,153
2850,153
2851,153
2852,152
2853,152
2854,152
2855,152
2856,152
2857,152
2858,152
2859,152
2860,152
2861,152
2862,152
2863,152
2864,152
2865,152
2866,152
2867,152
2868,152
2869,152
2870,152
2871,152
2872,152
2873,152
2874,152
2875,152
2876,152
2877,152
2878,153
2879,153
2880,153
2881,153
2882,153
2883,153
2884,153
2885,153
2886,153
2887,153
2888,153
2889,153
2890,153
2891,153
2892,153
2893,153
2894,153
2895,153
2896,153
2897,153
2898,153
2899,153
2900,154
2901,154
2902,154
2903,153
2904,154
2905,154
2906,154
2907,154
2908,153
2909,154
2910,153
2911,153
2912,153
2913,153
2914,153
2915,153
2916,153
2917,153
2918,153
2919,153
2920,153
2921,153
2922,153
2923,153
2924,153
2925,153
2926,153
2927,153
2928,154
2929,154
2930,154
2931,154
2932,154
2933,154
2934,154
2935,154
2936,154
2937,154
2938,154
2939,154
2940,154
2941,154
2942,154
2943,154
2944,154
2945,154
2946,154
2947,155
2948,154
2949,155
2950,155
2951,155
2952,155
2953,155
2954,155
2955,155
2956,155
2957,155
2958,155
2959,155
2960,155
2961,155
2962,155
2963,155
2964,155
2965,155
2966,155
2967,155
2968,155
2969,155
2970,155
2971,156
2972,156
2973,156
2974,155
2975,156
2976,155
2977,155
2978,155
2979,155
2980,155
2981,155
2982,155
2983,155
2984,155
2985,155
2986,155
2987,155
2988,155
2989,155
2990,155
2991,155
2992,155
2993,155
2994,155
2995,155
2996,155
2997,155
2998,155
2999,155
3000,155
3001,155
3002,155
3003,155
3004,155
3005,155
3006,155
3007,155
3008,154
3009,154
3010,155
3011,155
3012,155
3013,155
3014,155
3015,155
3016,155
3017,155
3018,155
3019,155
3020,155
3021,155
3022,155
3023,155
3024,155
3025,155
3026,155
3027,155
3028,155
3029,155
3030,155
3031,155
3032,155
3033,155
3034,155
3035,155
3036,154
3037,154
3038,154
3039,154
3040,155
3041,154
3042,154
3043,155
3044,155
3045,155
3046,155
3047,155
3048,155
3049,155
3050,155
3051,155
3052,155
3053,155
3054,155
3055,155
3056,155
3057,155
3058,155
3059,155
3060,156
3061,155
3062,155
3063,155
3064,156
3065,156
3066,156
3067,156
3068,156
3069,156
3070,156
3071,156
3072,156
3073,156
3074,156
3075,156
3076,156
3077,156
3078,155
3079,155
3080,156
3081,156
3082,155
3083,155
3084,155
3085,155
3086,155
3087,155
3088,155
3089,156
3090,155
3091,155
3092,156
3093,155
3094,155
3095,155
3096,155
3097,155
3098,155
3099,155
3100,155
3101,155
3102,155
3103,155
3104,155
3105,155
3106,155
3107,155
3108,155
3109,155
3110,155
3111,155
3112,155
3113,155
3114,155
3115,155
3116,155
3117,155
3118,154
3119,154
3120,154
3121,154
3122,154
3123,154
3124,154
3125,154
3126,154
3127,154
3128,154
3129,154
3130,154
3131,154
3132,154
3133,153
3134,153
3135,153
3136,153
3137,153
3138,153
3139,153
3140,153
3141,153
3142,153
3143,153
3144,153
3145,153
3146,153
3147,153
3148,153
3149,153
3150,153
3151,154
3152,154
3153,154
3154,154
3155,154
3156,154
3157,154
3158,154
3159,154
3160,154
3161,154
3162,154
3163,154
3164,153
3165,153
3166,153
3167,153
3168,153
3169,153
3170,153
3171,153
3172,153
3173,153
3174,154
3175,154
3176,154
3177,154
3178,154
3179,154
3180,153
3181,154
3182,154
3183,153
3184,153
3185,153
3186,153
3187,153
3188,153
3189,153
3190,153
3191,153
3192,153
3193,153
3194,153
3195,153
3196,153
3197,152
3198,152
3199,153
3200,153
3201,153
3202,153
3203,153
3204,152
3205,153
3206,152
3207,152
3208,152
3209,152
3210,152
3211,152
3212,152
3213,152
3214,152
3215,152
3216,153
3217,153
3218,153
3219,153
3220,153
3221,153
3222,153
3223,153
3224,153
3225,153
3226,153
3227,153
3228,153
3229,153
3230,153
3231,152
3232,152
3233,152
3234,153
3235,152
3236,153
3237,152
3238,153
3239,153
3240,152
3241,152
3242,152
3243,152
3244,152
3245,152
3246,153
3247,153
3248,152
3249,152
3250,152
3251,152
3252,152
3253,153
3254,152
3255,152
3256,151
3257,151
3258,152
3259,152
3260,152
3261,152
3262,152
3263,152
3264,152
3265,152
3266,152
3267,152
3268,152
3269,152
3270,152
3271,153
3272,153
3273,153
3274,153
3275,153
3276,153
3277,153
3278,153
3279,153
3280,154
3281,154
3282,154
3283,154
3284,153
3285,153
3286,153
3287,153
3288,153
3289,153
3290,154
3291,154
3292,154
3293,153
3294,153
3295,153
3296,153
3297,154
3298,153
3299,154
3300,153
3301,153
3302,153
3303,153
3304,153
3305,153
3306,153
3307,153
3308,154
3309,153
3310,153
3311,153
3312,153
3313,153
3314,153
3315,153
3316,153
3317,153
3318,153
3319,153
3320,153
3321,153
3322,153
3323,153
3324,154
3325,153
3326,153
3327,153
3328,153
3329,153
3330,153
3331,153
3332,153
3333,153
3334,153
3335,153
3336,153
3337,153
3338,153
3339,153
3340,153
3341,152
3342,152
3343,152
3344,152
3345,152
3346,152
3347,152
3348,152
3349,152
3350,152
3351,152
3352,152
3353,152
3354,152
3355,152
3356,152
3357,152
3358,152
3359,152
3360,152
3361,152
3362,152
3363,152
3364,151
3365,151
3366,151
3367,151
3368,151
3369,151
3370,151
3371,151
3372,150
3373,150
3374,150
3375,150
3376,150
3377,150
3378,150
3379,150
3380,150
3381,149
3382,150
3383,150
3384,150
3385,150
3386,150
3387,151
3388,151
3389,151
3390,151
3391,151
3392,150
3393,150
3394,151
3395,150
3396,150
3397,150
3398,150
3399,150
3400,150
3401,150
3402,150
3403,150
3404,150
3405,150
3406,150
3407,150
3408,150
3409,149
3410,150
3411,150
3412,150
3413,150
3414,150
3415,150
3416,150
3417,149
3418,149
3419,149
3420,149
3421,149
3422,149
3423,149
3424,149
3425,149
3426,149
3427,149
3428,149
3429,149
3430,149
3431,149
3432,149
3433,149
3434,149
3435,149
3436,149
3437,149
3438,149
3439,149
3440,149
3441,149
3442,149
3443,149
3444,148
3445,149
3446,148
3447,149
3448,148
3449,149
3450,148
3451,148
3452,149
3453,149
3454,149
3455,149
3456,149
3457,149
3458,149
3459,149
3460,149
3461,149
3462,149
3463,149
3464,149
3465,149
3466,149
3467,149
3468,149
3469,149
3470,149
3471,150
3472,149
3473,150
3474,149
3475,149
3476,149
3477,149
3478,149
3479,149
3480,149
3481,149
3482,149
3483,150
3484,150
3485,150
3486,150
3487,150
3488,150
3489,150
3490,150
3491,150
3492,150
3493,150
3494,150
3495,151
3496,151
3497,151
3498,151
3499,151
3500,151
3501,151
3502,151
3503,151
3504,151
3505,152
3506,152
3507,152
3508,152
3509,152
3510,152
3511,152
3512,152
3513,152
3514,152
3515,152
3516,152
3517,152
3518,152
3519,153
3520,153
3521,153
3522,153
3523,152
3524,152
3525,152
3526,152
3527,152
3528,152
3529,152
3530,152
3531,152
3532,152
3533,152
3534,152
3535,152
3536,152
3537,152
3538,152
3539,151
3540,151
3541,151
3542,151
3543,151
3544,151
3545,151
3546,151
3547,151
3548,151
3549,150
3550,150
3551,150
3552,150
3553,151
3554,151
3555,151
3556,150
3557,150
3558,150
3559,150
3560,150
3561,151
3562,150
3563,150
3564,150
3565,150
3566,150
3567,150
3568,150
3569,150
3570,150
3571,150
3572,150
3573,150
3574,150
3575,150
3576,150
3577,150
3578,150
3579,150
3580,150
3581,150
3582,150
3583,151
3584,151
3585,151
3586,151
3587,150
3588,150
3589,150
3590,150
3591,151
3592,151
3593,150
3594,151
3595,150
3596,150
3597,150
3598,151
3599,150
3600,150
3601,151
3602,151
3603,150
3604,150
3605,150
3606,150
3607,151
3608,151
3609,151
3610,151
3611,151
3612,151
3613,151
3614,151
3615,151
3616,151
3617,151
3618,151
3619,151
3620,151
3621,151
3622,152
3623,152
3624,152
3625,152
3626,152
3627,152
3628,152
3629,152
3630,152
3631,152
3632,152
3633,152
3634,152
3635,152
3636,152
3637,153
3638,152
3639,152
3640,152
3641,152
3642,152
3643,152
3644,152
3645,152
3646,152
3647,152
3648,152
3649,152
3650,151
3651,151
3652,151
3653,151
3654,150
3655,151
3656,150
3657,150
3658,151
3659,151
3660,151
3661,151
3662,151
3663,151
3664,151
3665,152
3666,152
3667,152
3668,152
3669,152
3670,152
3671,152
3672,152
3673,152
3674,152
3675,152
3676,151
3677,152
3678,152
3679,152
3680,152
3681,152
3682,152
3683,152
3684,152
3685,152
3686,152
3687,152
3688,152
3689,152
3690,152
3691,152
3692,152
3693,152
3694,152
3695,152
3696,152
3697,152
3698,152
3699,152
3700,152
3701,152
3702,152
3703,152
3704,153
3705,152
3706,152
3707,152
3708,152
3709,152
3710,152
3711,152
3712,152
3713,152
3714,152
3715,152
3716,152
3717,152
3718,152
3719,152
3720,152
3721,152
3722,152
3723,152
3724,153
3725,153
3726,153
3727,153
3728,154
3729,153
3730,153
3731,154
3732,154
3733,154
3734,154
3735,154
3736,154
3737,154
3738,154
3739,154
3740,154
3741,154
3742,154
3743,154
3744,155
3745,155
3746,154
3747,154
3748,154
3749,154
3750,154
3751,154
3752,154
3753,154
3754,154
3755,154
3756,154
3757,155
3758,154
3759,154
3760,154
3761,154
3762,154
3763,153
3764,153
3765,153
3766,153
3767,153
3768,153
3769,153
3770,153
3771,153
3772,153
3773,153
3774,153
3775,153
3776,153
3777,153
3778,152
3779,153
3780,153
3781,153
3782,153
3783,153
3784,153
3785,152
3786,152
3787,152
3788,152
3789,151
3790,151
3791,151
3792,151
3793,151
3794,150
3795,150
3796,151
3797,150
3798,151
3799,151
3800,151
3801,151
3802,151
3803,152
3804,152
3805,151
3806,152
3807,151
3808,151
3809,151
3810,151
3811,151
3812,151
3813,152
3814,152
3815,152
3816,152
3817,152
3818,152
3819,152
3820,152
3821,152
3822,151
3823,151
3824,151
3825,152
3826,152
3827,152
3828,151
3829,152
3830,151
3831,151
3832,151
3833,151
3834,151
3835,151
3836,151
3837,151
3838,151
3839,151
3840,151
3841,151
3842,151
3843,151
3844,151
3845,151
3846,151
3847,151
3848,151
3849,151
3850,151
3851,151
3852,151
3853,151
3854,151
3855,151
3856,151
3857,151
3858,151
3859,151
3860,151
3861,151
3862,151
3863,151
3864,151
3865,151
3866,151
3867,151
3868,151
3869,151
3870,150
3871,151
3872,151
3873,151
3874,151
3875,151
3876,150
3877,150
3878,150
3879,150
3880,151
3881,150
3882,150
3883,150
3884,150
3885,150
3886,150
3887,150
3888,150
3889,150
3890,150
3891,150
3892,149
3893,149
3894,149
3895,149
3896,149
3897,149
3898,149
3899,149
3900,149
3901,149
3902,149
3903,149
3904,149
3905,149
3906,149
3907,149
3908,149
3909,149
3910,149
3911,149
3912,149
3913,149
3914,149
3915,149
3916,149
3917,149
3918,149
3919,149
3920,149
3921,149
3922,149
3923,149
3924,148
3925,148
3926,148
3927,148
3928,148
3929,148
3930,148
3931,148
3932,148
3933,148
3934,148
3935,149
3936,149
3937,149
3938,149
3939,149
3940,149
3941,149
3942,149
3943,149
3944,149
3945,149
3946,149
3947,149
3948,149
3949,149
3950,149
3951,150
3952,149
3953,150
3954,150
3955,150
3956,150
3957,150
3958,150
3959,150
3960,150
3961,150
3962,150
3963,150
3964,150
3965,149
3966,149
3967,149
3968,149
3969,149
3970,149
3971,149
3972,149
3973,149
3974,149
3975,149
3976,149
3977,150
3978,150
3979,150
3980,150
3981,150
3982,151
3983,151
3984,151
3985,150
3986,150
3987,150
3988,150
3989,150
3990,150
3991,150
3992,151
3993,151
3994,151
3995,151
3996,151
3997,150
3998,150
3999,150
4000,150
4001,150
4002,150
4003,150
4004,150
4005,149
4006,149
4007,149
4008,149
4009,149
4010,149
4011,149
4012,148
4013,148
4014,148
4015,148
4016,148
4017,148
4018,148
4019,148
4020,149
4021,149
4022,149
4023,149
4024,148
4025,148
4026,148
4027,148
4028,148
4029,149
4030,149
4031,149
4032,149
4033,149
4034,149
4035,150
4036,150
4037,149
4038,149
4039,149
4040,150
4041,150
4042,150
4043,150
4044,150
4045,150
4046,150
4047,150
4048,150
4049,149
4050,150
4051,150
4052,150
4053,149
4054,149
4055,149
4056,149
4057,149
4058,149
4059,149
4060,149
4061,149
4062,149
4063,149
4064,149
4065,149
4066,149
4067,149
4068,149
4069,149
4070,149
4071,150
4072,150
4073,150
4074,150
4075,150
4076,149
4077,149
4078,149
4079,149
4080,149
4081,149
4082,149
4083,149
4084,149
4085,149
4086,149
4087,149
4088,149
4089,150
4090,150
4091,150
4092,150
4093,150
4094,150
4095,150
4096,150
4097,149
4098,150
4099,149
4100,149
4101,149
4102,150
4103,150
4104,150
4105,150
4106,150
4107,150
4108,150
4109,150
4110,150
4111,150
4112,150
4113,150
4114,150
4115,150
4116,149
4117,149
4118,150
4119,150
4120,149
4121,149
4122,149
4123,149
4124,149
4125,149
4126,149
4127,149
4128,149
4129,149
4130,149
4131,149
4132,149
4133,149
4134,149
4135,149
4136,150
4137,150
4138,149
4139,149
4140,149
4141,149
4142,149
4143,149
4144,149
4145,149
4146,149
4147,149
4148,149
4149,149
4150,149
4151,149
4152,149
4153,149
4154,149
4155,149
4156,149
4157,149
4158,149
4159,149
4160,149
4161,149
4162,149
4163,148
4164,148
4165,148
4166,148
4167,148
4168,148
4169,148
4170,148
4171,148
4172,148
4173,148
4174,148
4175,148
4176,148
4177,148
4178,148
4179,148
4180,148
4181,148
4182,148
4183,147
4184,147
4185,147
4186,147
4187,147
4188,147
4189,147
4190,147
4191,147
4192,147
4193,146
4194,147
4195,147
4196,146
4197,146
4198,146
4199,147
4200,147
4201,146
4202,146
4203,146
4204,146
4205,146
4206,146
4207,146
4208,145
4209,145
4210,145
4211,145
4212,145
4213,145
4214,144
4215,144
4216,144
4217,144
4218,144
4219,144
4220,144
4221,144
4222,144
4223,144
4224,144
4225,144
4226,143
4227,143
4228,143
4229,143
4230,143
4231,144
4232,144
4233,143
4234,143
4235,143
4236,143
4237,144
4238,144
4239,144
4240,144
4241,143
4242,143
4243,144
4244,144
4245,144
4246,144
4247,144
4248,144
4249,143
4250,144
4251,144
4252,144
4253,144
4254,144
4255,144
4256,144
4257,144
4258,144
4259,144
4260,145
4261,144
4262,145
4263,145
4264,145
4265,144
4266,144
4267,144
4268,144
4269,145
4270,145
4271,144
4272,145
4273,145
4274,145
4275,145
4276,145
4277,146
4278,145
4279,145
4280,145
4281,145
4282,145
4283,145
4284,146
4285,146
4286,146
4287,145
4288,145
4289,145
4290,145
4291,145
4292,145
4293,145
4294,145
4295,145
4296,145
4297,145
4298,144
4299,145
4300,145
4301,145
4302,145
4303,145
4304,145
4305,146
4306,146
4307,146
4308,146
4309,146
4310,146
4311,146
4312,146
4313,146
4314,146
4315,146
4316,146
4317,146
4318,146
4319,146
4320,146
4321,146
4322,146
4323,146
4324,146
4325,146
4326,146
4327,146
4328,146
4329,146
4330,146
4331,146
4332,146
4333,146
4334,146
4335,146
4336,147
4337,147
4338,147
4339,147
4340,147
4341,147
4342,147
4343,147
4344,147
4345,147
4346,147
4347,147
4348,147
4349,147
4350,147
4351,148
4352,148
4353,148
4354,148
4355,148
4356,148
4357,148
4358,147
4359,148
4360,148
4361,148
4362,148
4363,148
4364,148
4365,148
4366,148
4367,148
4368,147
4369,147
4370,147
4371,147
4372,147
4373,147
4374,147
4375,146
4376,146
4377,147
4378,147
4379,147
4380,147
4381,146
4382,146
4383,146
4384,146
4385,146
4386,146
4387,146
4388,146
4389,146
4390,146
4391,146
4392,147
4393,146
4394,147
4395,146
4396,146
4397,146
4398,146
4399,146
4400,146
4401,147
4402,147
4403,147
4404,147
4405,147
4406,147
4407,147
4408,147
4409,146
4410,147
4411,146
4412,147
4413,147
4414,147
4415,147
4416,147
4417,147
4418,147
4419,147
4420,147
4421,147
4422,147
4423,147
4424,147
4425,148
4426,147
4427,147
4428,147
4429,148
4430,148
4431,148
4432,149
4433,149
4434,149
4435,149
4436,149
4437,149
4438,148
4439,148
4440,148
4441,148
4442,148
4443,148
4444,148
4445,148
4446,148
4447,148
4448,148
4449,148
4450,148
4451,148
4452,149
4453,149
4454,149
4455,148
4456,149
4457,149
4458,149
4459,149
4460,149
4461,149
4462,149
4463,150
4464,149
4465,149
4466,149
4467,150
4468,150
4469,150
4470,149
4471,149
4472,150
4473,150
4474,149
4475,149
4476,149
4477,149
4478,149
4479,149
4480,149
4481,149
4482,149
4483,149
4484,149
4485,149
4486,149
4487,149
4488,149
4489,149
4490,149
4491,150
4492,150
4493,150
4494,150
4495,150
4496,150
4497,150
4498,149
4499,149
4500,149
4501,149
4502,149
4503,149
4504,149
4505,149
4506,149
4507,149
4508,149
4509,148
4510,148
4511,148
4512,148
4513,148
4514,148
4515,148
4516,148
4517,148
4518,148
4519,148
4520,148
4521,148
4522,148
4523,148
4524,148
4525,148
4526,148
4527,147
4528,148
4529,147
4530,148
4531,147
4532,147
4533,147
4534,148
4535,148
4536,147
4537,148
4538,148
4539,148
4540,148
4541,148
4542,148
4543,148
4544,147
4545,147
4546,147
4547,147
4548,147
4549,148
4550,148
4551,148
4552,147
4553,147
4554,148
4555,148
4556,148
4557,147
4558,147
4559,148
4560,148
4561,148
4562,148
4563,147
4564,147
4565,148
4566,148
4567,148
4568,148
4569,148
4570,148
4571,148
4572,148
4573,148
4574,148
4575,148
4576,148
4577,148
4578,148
4579,148
4580,148
4581,148
4582,148
4583,148
4584,148
4585,147
4586,147
4587,147
4588,147
4589,147
4590,147
4591,148
4592,148
4593,148
4594,148
4595,148
4596,148
4597,148
4598,148
4599,148
4600,148
4601,148
4602,148
4603,148
4604,148
4605,148
4606,148
4607,148
4608,148
4609,148
4610,148
4611,148
4612,148
4613,148
4614,148
4615,148
4616,148
4617,148
4618,148
4619,147
4620,148
4621,148
4622,148
4623,148
4624,148
4625,148
4626,148
4627,148
4628,148
4629,148
4630,148
4631,148
4632,148
4633,148
4634,148
4635,148
4636,148
4637,148
4638,149
4639,149
4640,149
4641,149
4642,149
4643,149
4644,148
4645,148
4646,148
4647,149
4648,148
4649,148
4650,148
4651,148
4652,148
4653,148
4654,148
4655,149
4656,149
4657,149
4658,149
4659,149
4660,149
4661,149
4662,149
4663,149
4664,149
4665,149
4666,149
4667,149
4668,149
4669,149
4670,149
4671,148
4672,148
4673,148
4674,148
4675,148
4676,148
4677,148
4678,148
4679,148
4680,148
4681,148
4682,148
4683,148
4684,147
4685,148
4686,148
4687,148
4688,148
4689,148
4690,148
4691,148
4692,147
4693,148
4694,148
4695,148
4696,148
4697,148
4698,148
4699,147
4700,147
4701,148
4702,147
4703,147
4704,147
4705,148
4706,148
4707,148
4708,148
4709,148
4710,148
4711,148
4712,148
4713,148
4714,148
4715,148
4716,148
4717,148
4718,148
4719,148
4720,148
4721,148
4722,148
4723,148
4724,148
4725,148
4726,148
4727,148
4728,148
4729,147
4730,147
4731,147
4732,147
4733,148
4734,148
4735,148
4736,148
4737,148
4738,148
4739,148
4740,148
4741,148
4742,148
4743,148
4744,148
4745,148
4746,148
4747,148
4748,148
4749,148
4750,148
4751,149
4752,149
4753,149
4754,149
4755,149
4756,149
4757,149
4758,149
4759,149
4760,149
4761,149
4762,149
4763,149
4764,149
4765,149
4766,149
4767,149
4768,149
4769,148
4770,148
4771,148
4772,148
4773,148
4774,148
4775,148
4776,148
4777,148
4778,148
4779,148
4780,148
4781,148
4782,148
4783,148
4784,148
4785,148
4786,148
4787,148
4788,148
4789,148
4790,148
4791,148
4792,148
4793,148
4794,148
4795,148
4796,148
4797,148
4798,148
4799,147
4800,148
4801,148
4802,148
4803,148
4804,148
4805,148
4806,148
4807,148
4808,148
4809,148
4810,148
4811,148
4812,147
4813,148
4814,148
4815,148
4816,148
4817,147
4818,147
4819,148
4820,148
4821,148
4822,148
4823,148
4824,148
4825,148
4826,148
4827,148
4828,148
4829,148
4830,148
4831,148
4832,148
4833,148
4834,149
4835,149
4836,149
4837,149
4838,149
4839,149
4840,149
4841,149
4842,149
4843,149
4844,149
4845,149
4846,149
4847,149
4848,149
4849,149
4850,149
4851,149
4852,149
4853,149
4854,149
4855,149
4856,149
4857,150
4858,150
4859,150
4860,150
4861,150
4862,150
4863,150
4864,151
4865,150
4866,150
4867,150
4868,150
4869,150
4870,150
4871,150
4872,150
4873,150
4874,150
4875,150
4876,150
4877,150
4878,150
4879,151
4880,150
4881,150
4882,150
4883,151
4884,150
4885,150
4886,150
4887,150
4888,150
4889,150
4890,150
4891,150
4892,150
4893,150
4894,150
4895,150
4896,150
4897,150
4898,150
4899,150
4900,150
4901,150
4902,150
4903,150
4904,150
4905,150
4906,150
4907,150
4908,150
4909,150
4910,150
4911,150
4912,149
4913,149
4914,150
4915,150
4916,150
4917,150
4918,150
4919,149
4920,150
4921,149
4922,150
4923,149
4924,150
4925,150
4926,150
4927,150
4928,150
4929,150
4930,150
4931,149
4932,150
4933,150
4934,150
4935,150
4936,150
4937,150
4938,150
4939,150
4940,150
4941,150
4942,150
4943,150
4944,150
4945,150
4946,150
4947,150
4948,150
4949,150
4950,150
4951,150
4952,150
4953,150
4954,150
4955,150
4956,150
4957,150
4958,150
4959,150
4960,150
4961,150
4962,150
4963,150
4964,150
4965,150
4966,150
4967,150
4968,150
4969,150
4970,150
4971,150
4972,151
4973,151
4974,151
4975,151
4976,150
4977,151
4978,151
4979,151
4980,150
4981,150
4982,150
4983,149
4984,149
4985,149
4986,149
4987,149
4988,149
4989,149
4990,149
4991,148
4992,149
4993,148
4994,148
4995,148
4996,148
4997,148
4998,147
4999,147
5000,148
5001,148
5002,147
5003,147
5004,147
5005,147
5006,147
5007,146
5008,146
5009,146
5010,146
5011,146
5012,147
5013,146
5014,146
5015,147
5016,147
5017,147
5018,147
5019,147
5020,146
5021,146
5022,146
5023,147
5024,147
5025,147
5026,147
5027,147
5028,147
5029,147
5030,147
5031,147
5032,147
5033,147
5034,147
5035,147
5036,147
5037,147
5038,147
5039,147
5040,146
5041,146
5042,146
5043,146
5044,146
5045,146
5046,146
5047,145
5048,145
5049,145
5050,145
5051,144
5052,144
5053,144
5054,144
5055,144
5056,144
5057,144
5058,144
5059,144
5060,144
5061,144
5062,144
5063,144
5064,144
5065,144
5066,144
5067,144
5068,144
5069,144
5070,144
5071,144
5072,144
5073,144
5074,144
5075,144
5076,144
5077,144
5078,144
5079,144
5080,144
5081,144
5082,144
5083,144
5084,144
5085,144
5086,144
5087,144
5088,144
5089,144
5090,144
5091,143
5092,143
5093,143
5094,143
5095,143
5096,144
5097,144
5098,144
5099,144
5100,144
5101,144
5102,143
5103,143
5104,143
5105,143
5106,143
5107,143
5108,143
5109,143
5110,143
5111,143
5112,143
5113,143
5114,143
5115,143
5116,143
5117,143
5118,143
5119,143
5120,143
5121,143
5122,143
5123,143
5124,143
5125,143
5126,143
5127,143
5128,143
5129,143
5130,143
5131,143
5132,143
5133,143
5134,143
5135,143
5136,144
5137,144
5138,144
5139,144
5140,144
5141,143
5142,144
5143,144
5144,144
5145,144
5146,144
5147,144
5148,144
5149,144
5150,145
5151,144
5152,144
5153,144
5154,144
5155,144
5156,144
5157,144
5158,144
5159,144
5160,144
5161,144
5162,144
5163,144
5164,144
5165,144
5166,144
5167,144
5168,144
5169,144
5170,144
5171,144
5172,144
5173,144
5174,144
5175,144
5176,144
5177,144
5178,143
5179,143
5180,143
5181,144
5182,144
5183,143
5184,143
5185,143
5186,143
5187,143
5188,144
5189,143
5190,143
5191,143
5192,143
5193,143
5194,144
5195,144
5196,143
5197,144
5198,144
5199,144
5200,143
5201,143
5202,143
5203,143
5204,143
5205,143
5206,143
5207,144
5208,144
5209,144
5210,144
5211,144
5212,143
5213,144
5214,144
5215,144
5216,144
5217,144
5218,144
5219,144
5220,144
5221,144
5222,144
5223,144
5224,144
5225,143
5226,143
5227,143
5228,144
5229,144
5230,144
5231,144
5232,144
5233,144
5234,144
5235,144
5236,144
5237,144
5238,144
5239,144
5240,144
5241,144
5242,144
5243,144
5244,144
5245,144
5246,144
5247,144
5248,144
5249,144
5250,144
5251,144
5252,144
5253,144
5254,144
5255,144
5256,144
5257,144
5258,143
5259,144
5260,144
5261,144
5262,144
5263,144
5264,144
5265,144
5266,144
5267,143
5268,143
5269,143
5270,144
5271,144
5272,144
5273,144
5274,144
5275,144
5276,144
5277,144
5278,144
5279,144
5280,144
5281,144
5282,144
5283,144
5284,144
5285,144
5286,144
5287,144
5288,143
5289,143
5290,143
5291,143
5292,143
5293,143
5294,143
5295,143
5296,143
5297,142
5298,143
5299,143
5300,143
5301,143
5302,143
5303,143
5304,143
5305,143
5306,143
5307,143
5308,143
5309,143
5310,143
5311,143
5312,143
5313,143
5314,143
5315,143
5316,143
5317,143
5318,143
5319,143
5320,143
5321,143
5322,143
5323,143
5324,142
5325,142
5326,142
5327,143
5328,142
5329,143
5330,143
5331,142
5332,142
5333,142
5334,142
5335,142
5336,142
5337,142
5338,142
5339,142
5340,142
5341,142
5342,142
5343,142
5344,142
5345,142
5346,142
5347,142
5348,142
5349,142
5350,142
5351,143
5352,143
5353,143
5354,143
5355,143
5356,143
5357,143
5358,143
5359,143
5360,143
5361,143
5362,143
5363,143
5364,143
5365,143
5366,143
5367,142
5368,142
5369,142
5370,142
5371,142
5372,142
5373,142
5374,142
5375,142
5376,142
5377,142
5378,142
5379,143
5380,142
5381,142
5382,143
5383,143
5384,143
5385,143
5386,143
5387,143
5388,143
5389,143
5390,142
5391,143
5392,143
5393,143
5394,143
5395,143
5396,143
5397,142
5398,142
5399,142
5400,142
5401,142
5402,142
5403,142
5404,142
5405,142
5406,142
5407,142
5408,142
5409,142
5410,142
5411,142
5412,142
5413,142
5414,143
5415,143
5416,143
5417,142
5418,142
5419,142
5420,142
5421,143
5422,143
5423,143
5424,143
5425,144
5426,144
5427,143
5428,144
5429,144
5430,144
5431,144
5432,144
5433,144
5434,144
5435,144
5436,144
5437,144
5438,144
5439,144
5440,144
5441,144
5442,144
5443,144
5444,144
5445,144
5446,144
5447,143
5448,143
5449,144
5450,144
5451,144
5452,144
5453,144
5454,144
5455,144
5456,144
5457,144
5458,144
5459,144
5460,144
5461,144
5462,144
5463,144
5464,144
5465,144
5466,144
5467,144
5468,144
5469,144
5470,143
5471,144
5472,144
5473,144
5474,144
5475,144
5476,144
5477,144
5478,144
5479,144
5480,144
5481,144
5482,144
5483,144
5484,144
5485,144
5486,144
5487,144
5488,143
5489,143
5490,143
5491,143
5492,143
5493,144
5494,143
5495,144
5496,144
5497,143
5498,144
5499,144
5500,144
5501,144
5502,144
5503,144
5504,144
5505,144
5506,143
5507,144
5508,144
5509,144
5510,143
5511,143
5512,143
5513,143
5514,144
5515,143
5516,143
5517,143
5518,144
5519,144
5520,144
5521,144
5522,144
5523,144
5524,144
5525,144
5526,144
5527,144
5528,144
5529,144
5530,144
5531,144
5532,144
5533,144
5534,144
5535,144
5536,144
5537,144
5538,144
5539,144
5540,144
5541,144
5542,144
5543,144
5544,144
5545,144
5546,144
5547,144
5548,144
5549,144
5550,144
5551,144
5552,144
5553,144
5554,144
5555,144
5556,144
5557,144
5558,144
5559,144
5560,144
5561,144
5562,144
5563,144
5564,144
5565,144
5566,144
5567,144
5568,144
5569,144
5570,144
5571,144
5572,144
5573,144
5574,144
5575,144
5576,144
5577,144
5578,144
5579,144
5580,144
5581,144
5582,145
5583,144
5584,144
5585,145
5586,145
5587,145
5588,144
5589,144
5590,145
5591,145
5592,144
5593,144
5594,144
5595,144
5596,144
5597,144
5598,144
5599,144
5600,144
5601,144
5602,144
5603,144
5604,144
5605,144
5606,144
5607,144
5608,144
5609,144
5610,144
5611,144
5612,144
5613,144
5614,144
5615,144
5616,144
5617,144
5618,144
5619,144
5620,144
5621,144
5622,144
5623,144
5624,144
5625,144
5626,144
5627,144
5628,144
5629,144
5630,144
5631,144
5632,144
5633,144
5634,144
5635,144
5636,144
5637,144
5638,144
5639,144
5640,144
5641,144
5642,144
5643,144
5644,144
5645,144
5646,144
5647,144
5648,144
5649,144
5650,144
5651,144
5652,144
5653,144
5654,144
5655,144
5656,144
5657,144
5658,144
5659,144
5660,144
5661,144
5662,144
5663,144
5664,144
5665,144
5666,144
5667,144
5668,144
5669,144
5670,144
5671,144
5672,144
5673,144
5674,144
5675,144
5676,144
5677,144
5678,144
5679,144
5680,144
5681,144
5682,144
5683,144
5684,144
5685,144
5686,144
5687,144
5688,144
5689,144
5690,144
5691,144
5692,144
5693,144
5694,145
5695,145
5696,145
5697,145
5698,145
5699,145
5700,145
5701,145
5702,145
5703,145
5704,145
5705,145
5706,145
5707,145
5708,145
5709,145
5710,145
5711,145
5712,145
5713,145
5714,145
5715,146
5716,146
5717,146
5718,146
5719,146
5720,146
5721,146
5722,145
5723,146
5724,146
5725,146
5726,146
5727,146
5728,146
5729,146
5730,146
5731,146
5732,146
5733,146
5734,146
5735,146
5736,146
5737,145
5738,146
5739,146
5740,146
5741,146
5742,146
5743,146
5744,146
5745,146
5746,146
5747,146
5748,146
5749,146
5750,146
5751,146
5752,146
5753,146
5754,146
5755,145
5756,145
5757,146
5758,146
5759,146
5760,146
5761,146
5762,145
5763,145
5764,145
5765,145
5766,145
5767,145
5768,145
5769,145
5770,145
5771,146
5772,146
5773,146
5774,146
5775,146
5776,146
5777,146
5778,146
5779,146
5780,145
5781,145
5782,145
5783,145
5784,145
5785,145
5786,146
5787,146
5788,145
5789,146
5790,146
5791,146
5792,146
5793,146
5794,145
5795,146
5796,146
5797,146
5798,146
5799,145
5800,145
5801,146
5802,146
5803,146
5804,146
5805,146
5806,146
5807,146
5808,146
5809,146
5810,146
5811,146
5812,146
5813,146
5814,146
5815,146
5816,146
5817,146
5818,146
5819,146
5820,146
5821,146
5822,146
5823,146
5824,146
5825,146
5826,146
5827,146
5828,146
5829,146
5830,146
5831,146
5832,146
5833,146
5834,146
5835,146
5836,146
5837,146
5838,146
5839,146
5840,146
5841,146
5842,146
5843,146
5844,146
5845,146
5846,146
5847,146
5848,147
5849,147
5850,147
5851,146
5852,146
5853,146
5854,146
5855,146
5856,147
5857,147
5858,147
5859,147
5860,147
5861,147
5862,147
5863,147
5864,147
5865,147
5866,147
5867,148
5868,148
5869,148
5870,148
5871,148
5872,148
5873,148
5874,148
5875,148
5876,148
5877,148
5878,148
5879,148
5880,148
5881,148
5882,148
5883,148
5884,148
5885,148
5886,148
5887,148
5888,148
5889,148
5890,148
5891,148
5892,148
5893,148
5894,148
5895,148
5896,148
5897,148
5898,148
5899,148
5900,148
5901,148
5902,148
5903,148
5904,148
5905,148
5906,148
5907,148
5908,148
5909,148
5910,148
5911,148
5912,148
5913,148
5914,148
5915,148
5916,149
5917,149
5918,149
5919,148
5920,148
5921,148
5922,148
5923,148
5924,148
5925,148
5926,148
5927,148
5928,149
5929,149
5930,149
5931,149
5932,149
5933,149
5934,149
5935,149
5936,149
5937,149
5938,149
5939,149
5940,149
5941,149
5942,149
5943,149
5944,149
5945,149
5946,149
5947,149
5948,149
5949,149
5950,149
5951,149
5952,149
5953,149
5954,149
5955,149
5956,150
5957,150
5958,150
5959,150
5960,150
5961,150
5962,150
5963,150
5964,149
5965,150
5966,150
5967,150
5968,150
5969,149
5970,149
5971,149
5972,150
5973,150
5974,150
5975,150
5976,150
5977,150
5978,150
5979,150
5980,150
5981,150
5982,150
5983,150
5984,149
5985,150
5986,150
5987,150
5988,150
5989,150
5990,150
5991,151
5992,151
5993,151
5994,151
5995,151
5996,151
5997,151
5998,151
5999,151
6000,151
6001,151
6002,151
6003,151
6004,151
6005,151
6006,151
6007,151
6008,151
6009,151
6010,151
6011,151
6012,151
6013,151
6014,151
6015,151
6016,151
6017,151
6018,151
6019,151
6020,151
6021,151
6022,151
6023,151
6024,151
6025,151
6026,151
6027,151
6028,151
6029,151
6030,151
6031,151
6032,151
6033,151
6034,151
6035,151
6036,151
6037,151
6038,151
6039,151
6040,151
6041,151
6042,151
6043,151
6044,151
6045,151
6046,151
6047,151
6048,151
6049,151
6050,150
6051,151
6052,151
6053,151
6054,151
6055,150
6056,150
6057,150
6058,150
6059,150
6060,150
6061,150
6062,150
6063,150
6064,150
6065,150
6066,150
6067,151
6068,151
6069,151
6070,151
6071,151
6072,151
6073,152
6074,152
6075,152
6076,152
6077,152
6078,152
6079,152
6080,152
6081,152
6082,152
6083,152
6084,152
6085,152
6086,152
6087,152
6088,152
6089,152
6090,152
6091,152
6092,152
6093,152
6094,152
6095,152
6096,152
6097,152
6098,152
6099,152
6100,152
6101,152
6102,152
6103,152
6104,152
6105,152
6106,152
6107,152
6108,152
6109,152
6110,152
6111,152
6112,151
6113,151
6114,151
6115,151
6116,151
6117,151
6118,151
6119,151
6120,151
6121,151
6122,151
6123,151
6124,151
6125,152
6126,152
6127,152
6128,152
6129,152
6130,152
6131,152
6132,152
6133,152
6134,152
6135,152
6136,152
6137,152
6138,151
6139,151
6140,151
6141,151
6142,151
6143,151
6144,151
6145,151
6146,151
6147,151
6148,151
6149,151
6150,151
6151,151
6152,151
6153,151
6154,151
6155,151
6156,151
6157,151
6158,151
6159,151
6160,151
6161,151
6162,152
6163,152
6164,152
6165,152
6166,152
6167,152
6168,151
6169,152
6170,152
6171,152
6172,152
6173,152
6174,152
6175,152
6176,152
6177,152
6178,152
6179,152
6180,152
6181,152
6182,152
6183,152
6184,152
6185,152
6186,152
6187,152
6188,152
6189,152
6190,152
6191,152
6192,152
6193,151
6194,152
6195,152
6196,152
6197,152
6198,152
6199,152
6200,152
6201,152
6202,152
6203,152
6204,152
6205,152
6206,152
6207,152
6208,152
6209,152
6210,152
6211,151
6212,152
6213,152
6214,152
6215,152
6216,152
6217,152
6218,152
6219,152
6220,152
6221,152
6222,152
6223,152
6224,152
6225,152
6226,152
6227,152
6228,152
6229,152
6230,152
6231,152
6232,152
6233,152
6234,152
6235,152
6236,152
6237,151
6238,151
6239,151
6240,151
6241,151
6242,151
6243,151
6244,151
6245,151
6246,151
6247,151
6248,151
6249,151
6250,151
6251,151
6252,151
6253,151
6254,151
6255,151
6256,151
6257,151
6258,151
6259,151
6260,151
6261,151
6262,151
6263,151
6264,151
6265,151
6266,151
6267,151
6268,151
6269,151
6270,151
6271,151
6272,151
6273,151
6274,150
6275,151
6276,151
6277,151
6278,151
6279,151
6280,151
6281,151
6282,151
6283,151
6284,151
6285,151
6286,151
6287,151
6288,151
6289,151
6290,151
6291,151
6292,151
6293,151
6294,150
6295,150
6296,150
6297,151
6298,150
6299,150
6300,150
6301,150
6302,151
6303,151
6304,151
6305,151
6306,151
6307,151
6308,151
6309,151
6310,151
6311,151
6312,151
6313,151
6314,151
6315,151
6316,151
6317,151
6318,151
6319,152
6320,152
6321,152
6322,152
6323,152
6324,152
6325,152
6326,152
6327,152
6328,152
6329,152
6330,152
6331,152
6332,152
6333,152
6334,152
6335,152
6336,152
6337,152
6338,152
6339,152
6340,152
6341,152
6342,152
6343,152
6344,152
6345,152
6346,151
6347,152
6348,152
6349,152
6350,152
6351,152
6352,152
6353,152
6354,152
6355,152
6356,152
6357,152
6358,152
6359,152
6360,152
6361,152
6362,152
6363,152
6364,152
6365,152
6366,152
6367,152
6368,152
6369,152
6370,152
6371,152
6372,152
6373,152
6374,152
6375,152
6376,152
6377,152
6378,152
6379,152
6380,152
6381,152
6382,152
6383,152
6384,152
6385,152
6386,152
6387,152
6388,152
6389,152
6390,152
6391,152
6392,152
6393,152
6394,152
6395,152
6396,152
6397,152
6398,152
6399,152
6400,152
6401,152
6402,152
6403,152
6404,152
6405,152
6406,152
6407,152
6408,152
6409,151
6410,152
6411,152
6412,152
6413,152
6414,152
6415,152
6416,152
6417,152
6418,152
6419,152
6420,152
6421,152
6422,152
6423,152
6424,152
6425,152
6426,152
6427,152
6428,152
6429,152
6430,152
6431,152
6432,152
6433,151
6434,151
6435,151
6436,151
6437,151
6438,151
6439,151
6440,151
6441,151
6442,151
6443,151
6444,151
6445,151
6446,151
6447,151
6448,151
6449,151
6450,151
6451,151
6452,151
6453,151
6454,151
6455,151
6456,151
6457,150
6458,151
6459,151
6460,151
6461,151
6462,151
6463,151
6464,151
6465,151
6466,151
6467,151
6468,151
6469,151
6470,151
6471,151
6472,151
6473,151
6474,151
6475,151
6476,151
6477,151
6478,151
6479,151
6480,151
6481,151
6482,151
6483,151
6484,151
6485,151
6486,151
6487,151
6488,151
6489,151
6490,151
6491,151
6492,150
6493,151
6494,151
6495,151
6496,151
6497,150
6498,150
6499,150
6500,150
6501,150
6502,150
6503,150
6504,151
6505,151
6506,151
6507,151
6508,151
6509,151
6510,151
6511,151
6512,151
6513,151
6514,151
6515,151
6516,151
6517,151
6518,151
6519,151
6520,151
6521,151
6522,151
6523,151
6524,151
6525,151
6526,151
6527,151
6528,151
6529,151
6530,151
6531,151
6532,151
6533,151
6534,151
6535,151
6536,150
6537,151
6538,151
6539,151
6540,151
6541,151
6542,151
6543,151
6544,151
6545,151
6546,151
6547,151
6548,151
6549,151
6550,151
6551,151
6552,150
6553,150
6554,150
6555,150
6556,151
6557,151
6558,151
6559,151
6560,151
6561,151
6562,151
6563,151
6564,151
6565,151
6566,151
6567,151
6568,151
6569,151
6570,151
6571,151
6572,150
6573,150
6574,150
6575,150
6576,150
6577,150
6578,150
6579,151
6580,151
6581,151
6582,151
6583,151
6584,151
6585,151
6586,151
6587,151
6588,151
6589,151
6590,151
6591,151
6592,151
6593,151
6594,151
6595,151
6596,151
6597,151
6598,151
6599,151
6600,152
6601,152
6602,152
6603,152
6604,152
6605,152
6606,152
6607,152
6608,152
6609,152
6610,152
6611,152
6612,152
6613,152
6614,152
6615,153
6616,153
6617,153
6618,153
6619,153
6620,153
6621,153
6622,153
6623,153
6624,153
6625,154
6626,154
6627,154
6628,154
6629,154
6630,154
6631,154
6632,154
6633,154
6634,154
6635,154
6636,154
6637,154
6638,154
6639,154
6640,153
6641,153
6642,153
6643,153
6644,153
6645,154
6646,154
6647,154
6648,154
6649,154
6650,154
6651,154
6652,154
6653,154
6654,154
6655,154
6656,154
6657,154
6658,154
6659,154
6660,154
6661,154
6662,154
6663,154
6664,154
6665,154
6666,154
6667,154
6668,154
6669,154
6670,154
6671,154
6672,154
6673,154
6674,154
6675,154
6676,155
6677,155
6678,155
6679,155
6680,154
6681,155
6682,155
6683,155
6684,155
6685,155
6686,155
6687,155
6688,155
6689,155
6690,155
6691,154
6692,154
6693,154
6694,154
6695,155
6696,155
6697,155
6698,155
6699,155
6700,155
6701,155
6702,155
6703,155
6704,155
6705,155
6706,155
6707,155
6708,155
6709,155
6710,155
6711,154
6712,154
6713,155
6714,155
6715,155
6716,155
6717,155
6718,155
6719,155
6720,155
6721,155
6722,155
6723,155
6724,154
6725,155
6726,154
6727,154
6728,154
6729,154
6730,154
6731,154
6732,154
6733,154
6734,154
6735,154
6736,154
6737,154
6738,154
6739,154
6740,154
6741,154
6742,154
6743,154
6744,154
6745,154
6746,154
6747,154
6748,154
6749,154
6750,154
6751,154
6752,154
6753,154
6754,154
6755,154
6756,154
6757,154
6758,154
6759,154
6760,154
6761,154
6762,154
6763,153
6764,154
6765,154
6766,154
6767,154
6768,154
6769,154
6770,154
6771,154
6772,154
6773,154
6774,153
6775,153
6776,153
6777,153
6778,154
6779,154
6780,153
6781,153
6782,153
6783,153
6784,153
6785,153
6786,153
6787,153
6788,153
6789,153
6790,153
6791,153
6792,153
6793,153
6794,153
6795,153
6796,153
6797,153
6798,153
6799,153
6800,153
6801,153
6802,153
6803,153
6804,153
6805,153
6806,153
6807,153
6808,153
6809,153
6810,153
6811,154
6812,154
6813,154
6814,154
6815,154
6816,154
6817,153
6818,153
6819,153
6820,153
6821,153
6822,153
6823,154
6824,154
6825,154
6826,154
6827,154
6828,154
6829,154
6830,154
6831,154
6832,154
6833,154
6834,154
6835,154
6836,154
6837,154
6838,154
6839,154
6840,154
6841,154
6842,154
6843,154
6844,154
6845,154
6846,154
6847,154
6848,153
6849,153
6850,153
6851,154
6852,154
6853,154
6854,154
6855,154
6856,153
6857,153
6858,153
6859,153
6860,153
6861,154
6862,154
6863,154
6864,154
6865,154
6866,154
6867,154
6868,153
6869,153
6870,153
6871,153
6872,153
6873,153
6874,153
6875,153
6876,153
6877,153
6878,153
6879,153
6880,153
6881,153
6882,153
6883,153
6884,153
6885,154
6886,154
6887,154
6888,154
6889,154
6890,154
6891,154
6892,154
6893,154
6894,154
6895,154
6896,154
6897,154
6898,154
6899,153
6900,153
6901,153
6902,153
6903,153
6904,154
6905,153
6906,153
6907,153
6908,153
6909,153
6910,153
6911,153
6912,153
6913,153
6914,153
6915,152
6916,152
6917,152
6918,153
6919,153
6920,153
6921,153
6922,153
6923,153
6924,153
6925,153
6926,153
6927,153
6928,153
6929,153
6930,153
6931,154
6932,154
6933,154
6934,153
6935,153
6936,153
6937,153
6938,153
6939,153
6940,153
6941,153
6942,153
6943,153
6944,153
6945,153
6946,152
6947,152
6948,153
6949,153
6950,152
6951,152
6952,152
6953,152
6954,152
6955,152
6956,152
6957,152
6958,152
6959,152
6960,152
6961,152
6962,152
6963,152
6964,152
6965,152
6966,152
6967,152
6968,152
6969,152
6970,152
6971,152
6972,152
6973,152
6974,152
6975,152
6976,152
6977,152
6978,152
6979,152
6980,152
6981,152
6982,152
6983,152
6984,152
6985,152
6986,152
6987,152
6988,152
6989,152
6990,152
6991,152
6992,151
6993,152
6994,152
6995,152
6996,152
6997,152
6998,151
6999,152
7000,152
7001,152
7002,152
7003,152
7004,151
7005,151
7006,151
7007,151
7008,151
7009,151
7010,151
7011,151
7012,151
7013,151
7014,151
7015,151
7016,151
7017,151
7018,151
7019,151
7020,151
7021,151
7022,151
7023,151
7024,151
7025,151
7026,151
7027,151
7028,151
7029,151
7030,151
7031,151
7032,151
7033,151
7034,151
7035,151
7036,151
7037,152
7038,152
7039,152
7040,152
7041,152
7042,152
7043,152
7044,152
7045,152
7046,152
7047,152
7048,152
7049,152
7050,152
7051,152
7052,152
7053,152
7054,152
7055,152
7056,152
7057,152
7058,152
7059,152
7060,152
7061,152
7062,151
7063,151
7064,151
7065,151
7066,151
7067,151
7068,151
7069,151
7070,151
7071,151
7072,151
7073,151
7074,151
7075,151
7076,151
7077,151
7078,152
7079,152
7080,152
7081,152
7082,152
7083,152
7084,152
7085,152
7086,152
7087,152
7088,152
7089,152
7090,152
7091,152
7092,152
7093,152
7094,152
7095,152
7096,152
7097,151
7098,151
7099,151
7100,151
7101,151
7102,151
7103,151
7104,151
7105,152
7106,152
7107,152
7108,152
7109,152
7110,152
7111,152
7112,152
7113,152
7114,152
7115,152
7116,152
7117,152
7118,152
7119,152
7120,152
7121,152
7122,152
7123,152
7124,152
7125,152
7126,152
7127,152
7128,151
7129,151
7130,151
7131,152
7132,152
7133,152
7134,152
7135,152
7136,152
7137,152
7138,152
7139,152
7140,152
7141,152
7142,152
7143,152
7144,152
7145,152
7146,152
7147,152
7148,152
7149,152
7150,152
7151,152
7152,152
7153,152
7154,152
7155,152
7156,152
7157,152
7158,152
7159,151
7160,151
7161,151
7162,151
7163,152
7164,152
7165,152
7166,152
7167,152
7168,152
7169,151
7170,151
7171,151
7172,151
7173,151
7174,152
7175,152
7176,152
7177,152
7178,152
7179,152
7180,152
7181,152
7182,152
7183,152
7184,152
7185,152
7186,152
7187,152
7188,152
7189,152
7190,152
7191,152
7192,152
7193,152
7194,152
7195,151
7196,152
7197,152
7198,152
7199,152
7200,152
7201,152
7202,152
7203,152
7204,152
7205,152
7206,152
7207,152
7208,152
7209,151
7210,151
7211,151
7212,152
7213,152
7214,152
7215,152
7216,152
7217,151
7218,151
7219,151
7220,151
7221,152
7222,152
7223,152
7224,152
7225,152
7226,152
7227,152
7228,152
7229,152
7230,152
7231,152
7232,152
7233,152
7234,152
7235,152
7236,152
7237,152
7238,152
7239,152
7240,152
7241,152
7242,152
7243,151
7244,151
7245,151
7246,151
7247,152
7248,152
7249,152
7250,152
7251,152
7252,152
7253,152
7254,152
7255,152
7256,152
7257,152
7258,152
7259,152
7260,152
7261,152
7262,152
7263,152
7264,152
7265,152
7266,152
7267,152
7268,152
7269,152
7270,152
7271,152
7272,152
7273,152
7274,152
7275,152
7276,152
7277,152
7278,152
7279,152
7280,152
7281,152
7282,152
7283,152
7284,152
7285,152
7286,152
7287,152
7288,152
7289,152
7290,152
7291,152
7292,152
7293,152
7294,152
7295,152
7296,152
7297,152
7298,152
7299,152
7300,152
7301,152
7302,152
7303,152
7304,152
7305,152
7306,152
7307,152
7308,152
7309,152
7310,152
7311,152
7312,152
7313,152
7314,152
7315,152
7316,152
7317,152
7318,152
7319,152
7320,152
7321,152
7322,152
7323,152
7324,152
7325,152
7326,152
7327,152
7328,152
7329,152
7330,152
7331,152
7332,152
7333,151
7334,152
7335,152
7336,152
7337,152
7338,152
7339,152
7340,152
7341,152
7342,152
7343,152
7344,152
7345,152
7346,152
7347,152
7348,152
7349,152
7350,152
7351,152
7352,152
7353,152
7354,152
7355,152
7356,152
7357,152
7358,152
7359,152
7360,152
7361,152
7362,152
7363,152
7364,152
7365,152
7366,152
7367,151
7368,152
7369,152
7370,152
7371,152
7372,152
7373,152
7374,152
7375,152
7376,152
7377,152
7378,152
7379,151
7380,151
7381,151
7382,151
7383,151
7384,151
7385,151
7386,150
7387,151
7388,151
7389,151
7390,150
7391,150
7392,150
7393,150
7394,150
7395,150
7396,150
7397,150
7398,150
7399,150
7400,150
7401,150
7402,150
7403,150
7404,150
7405,150
7406,150
7407,150
7408,150
7409,150
7410,150
7411,150
7412,150
7413,150
7414,150
7415,150
7416,150
7417,150
7418,150
7419,150
7420,150
7421,150
7422,150
7423,150
7424,150
7425,150
7426,150
7427,150
7428,150
7429,150
7430,150
7431,150
7432,150
7433,150
7434,150
7435,150
7436,150
7437,150
7438,150
7439,150
7440,150
7441,150
7442,150
7443,150
7444,150
7445,150
7446,150
7447,150
7448,150
7449,150
7450,150
7451,150
7452,150
7453,150
7454,150
7455,150
7456,150
7457,150
7458,150
7459,150
7460,151
7461,151
7462,151
7463,151
7464,151
7465,151
7466,151
7467,151
7468,151
7469,151
7470,151
7471,151
7472,151
7473,151
7474,151
7475,151
7476,151
7477,151
7478,151
7479,151
7480,151
7481,151
7482,151
7483,151
7484,151
7485,151
7486,151
7487,151
7488,151
7489,151
7490,151
7491,151
7492,151
7493,151
7494,151
7495,151
7496,151
7497,151
7498,151
7499,151
7500,151
7501,151
7502,151
7503,150
7504,150
7505,150
7506,150
7507,150
7508,150
7509,150
7510,150
7511,150
7512,150
7513,150
7514,150
7515,150
7516,150
7517,151
7518,151
7519,151
7520,151
7521,151
7522,151
7523,151
7524,151
7525,151
7526,151
7527,151
7528,151
7529,152
7530,152
7531,152
7532,152
7533,152
7534,152
7535,152
7536,152
7537,152
7538,152
7539,152
7540,152
7541,152
7542,152
7543,152
7544,152
7545,152
7546,152
7547,152
7548,151
7549,152
7550,152
7551,152
7552,152
7553,152
7554,152
7555,152
7556,152
7557,152
7558,152
7559,152
7560,152
7561,152
7562,152
7563,152
7564,152
7565,152
7566,152
7567,152
7568,152
7569,152
7570,152
7571,152
7572,152
7573,152
7574,152
7575,152
7576,152
7577,152
7578,152
7579,152
7580,151
7581,152
7582,152
7583,152
7584,152
7585,152
7586,152
7587,152
7588,152
7589,152
7590,152
7591,151
7592,151
7593,151
7594,151
7595,151
7596,151
7597,151
7598,151
7599,152
7600,152
7601,152
7602,152
7603,152
7604,152
7605,152
7606,152
7607,152
7608,152
7609,152
7610,152
7611,152
7612,151
7613,151
7614,151
7615,152
7616,152
7617,152
7618,152
7619,152
7620,152
7621,152
7622,152
7623,152
7624,152
7625,152
7626,152
7627,153
7628,153
7629,153
7630,153
7631,153
7632,153
7633,153
7634,153
7635,153
7636,153
7637,153
7638,153
7639,153
7640,153
7641,153
7642,153
7643,153
7644,153
7645,153
7646,153
7647,153
7648,153
7649,153
7650,153
7651,153
7652,153
7653,153
7654,153
7655,153
7656,153
7657,153
7658,153
7659,153
7660,153
7661,153
7662,153
7663,153
7664,152
7665,153
7666,153
7667,153
7668,153
7669,153
7670,153
7671,153
7672,153
7673,153
7674,152
7675,152
7676,152
7677,153
7678,153
7679,152
7680,152
7681,152
7682,152
7683,152
7684,152
7685,152
7686,152
7687,152
7688,152
7689,152
7690,152
7691,153
7692,153
7693,153
7694,153
7695,153
7696,153
7697,153
7698,153
7699,153
7700,153
7701,153
7702,153
7703,153
7704,152
7705,152
7706,153
7707,153
7708,153
7709,153
7710,153
7711,153
7712,153
7713,153
7714,153
7715,153
7716,153
7717,153
7718,153
7719,153
7720,153
7721,153
7722,153
7723,153
7724,153
7725,153
7726,153
7727,153
7728,153
7729,153
7730,153
7731,153
7732,153
7733,153
7734,153
7735,153
7736,153
7737,153
7738,153
7739,153
7740,153
7741,153
7742,153
7743,153
7744,153
7745,154
7746,153
7747,153
7748,153
7749,153
7750,153
7751,153
7752,153
7753,153
7754,153
7755,153
7756,153
7757,153
7758,153
7759,153
7760,153
7761,154
7762,154
7763,154
7764,153
7765,153
7766,154
7767,153
7768,153
7769,153
7770,153
7771,153
7772,153
7773,153
7774,153
7775,153
7776,153
7777,153
7778,153
7779,153
7780,153
7781,153
7782,153
7783,153
7784,153
7785,153
7786,153
7787,153
7788,154
7789,154
7790,154
7791,154
7792,154
7793,154
7794,154
7795,154
7796,154
7797,154
7798,154
7799,154
7800,154
7801,153
7802,153
7803,153
7804,153
7805,153
7806,154
7807,153
7808,154
7809,154
7810,154
7811,154
7812,154
7813,154
7814,154
7815,154
7816,154
7817,154
7818,154
7819,154
7820,154
7821,154
7822,154
7823,154
7824,154
7825,154
7826,154
7827,154
7828,154
7829,154
7830,154
7831,153
7832,153
7833,153
7834,153
7835,153
7836,153
7837,153
7838,153
7839,153
7840,153
7841,153
7842,153
7843,153
7844,153
7845,153
7846,153
7847,153
7848,153
7849,153
7850,154
7851,154
7852,154
7853,154
7854,154
7855,154
7856,154
7857,154
7858,154
7859,154
7860,154
7861,154
7862,154
7863,154
7864,154
7865,154
7866,154
7867,154
7868,154
7869,154
7870,154
7871,153
7872,153
7873,153
7874,153
7875,153
7876,154
7877,154
7878,154
7879,153
7880,153
7881,154
7882,154
7883,154
7884,154
7885,154
7886,154
7887,154
7888,154
7889,154
7890,154
7891,154
7892,154
7893,154
7894,154
7895,154
7896,154
7897,154
7898,154
7899,154
7900,154
7901,154
7902,154
7903,154
7904,154
7905,154
7906,154
7907,154
7908,154
7909,154
7910,154
7911,154
7912,154
7913,154
7914,154
7915,154
7916,154
7917,154
7918,154
7919,154
7920,154
7921,154
7922,154
7923,154
7924,154
7925,154
7926,154
7927,154
7928,154
7929,154
7930,154
7931,153
7932,153
7933,154
7934,154
7935,154
7936,154
7937,154
7938,154
7939,154
7940,153
7941,153
7942,153
7943,153
7944,153
7945,154
7946,154
7947,154
7948,154
7949,154
7950,154
7951,154
7952,154
7953,154
7954,154
7955,154
7956,154
7957,154
7958,154
7959,154
7960,154
7961,154
7962,154
7963,154
7964,154
7965,154
7966,154
7967,154
7968,154
7969,154
7970,154
7971,154
7972,154
7973,154
7974,154
7975,154
7976,154
7977,154
7978,154
7979,154
7980,154
7981,154
7982,154
7983,154
7984,154
7985,154
7986,154
7987,154
7988,154
7989,154
7990,154
7991,154
7992,153
7993,153
7994,154
7995,154
7996,154
7997,154
7998,154
7999,154
8000,154
8001,154
8002,154
8003,154
8004,154
8005,154
8006,154
8007,154
8008,154
8009,154
8010,154
8011,154
8012,154
8013,154
8014,154
8015,154
8016,154
8017,153
8018,153
8019,153
8020,153
8021,153
8022,153
8023,153
8024,153
8025,153
8026,153
8027,153
8028,153
8029,153
8030,153
8031,153
8032,153
8033,153
8034,153
8035,153
8036,153
8037,153
8038,153
8039,153
8040,153
8041,153
8042,153
8043,153
8044,153
8045,153
8046,153
8047,152
8048,152
8049,153
8050,153
8051,153
8052,153
8053,153
8054,152
8055,152
8056,152
8057,152
8058,152
8059,152
8060,152
8061,152
8062,152
8063,153
8064,153
8065,153
8066,152
8067,152
8068,152
8069,152
8070,152
8071,152
8072,152
8073,152
8074,152
8075,152
8076,152
8077,153
8078,153
8079,152
8080,152
8081,152
8082,152
8083,152
8084,152
8085,152
8086,152
8087,152
8088,152
8089,152
8090,152
8091,152
8092,152
8093,152
8094,152
8095,152
8096,152
8097,152
8098,152
8099,152
8100,152
8101,152
8102,152
8103,152
8104,152
8105,152
8106,153
8107,153
8108,153
8109,152
8110,152
8111,152
8112,152
8113,152
8114,152
8115,152
8116,152
8117,152
8118,151
8119,151
8120,151
8121,151
8122,151
8123,152
8124,152
8125,152
8126,152
8127,152
8128,152
8129,152
8130,151
8131,151
8132,151
8133,151
8134,151
8135,152
8136,152
8137,152
8138,152
8139,152
8140,152
8141,152
8142,152
8143,152
8144,152
8145,152
8146,152
8147,152
8148,152
8149,152
8150,152
8151,151
8152,151
8153,152
8154,152
8155,152
8156,152
8157,152
8158,152
8159,152
8160,152
8161,152
8162,152
8163,152
8164,152
8165,152
8166,152
8167,152
8168,152
8169,152
8170,152
8171,152
8172,152
8173,152
8174,153
8175,153
8176,153
8177,153
8178,153
8179,153
8180,153
8181,153
8182,153
8183,153
8184,153
8185,153
8186,153
8187,153
8188,153
8189,153
8190,153
8191,153
8192,153
8193,153
8194,153
8195,152
8196,152
8197,153
8198,153
8199,153
8200,153
8201,153
8202,153
8203,153
8204,153
8205,153
8206,153
8207,153
8208,153
8209,153
8210,153
8211,153
8212,153
8213,153
8214,153
8215,153
8216,153
8217,153
8218,153
8219,153
8220,153
8221,153
8222,154
8223,154
8224,154
8225,154
8226,154
8227,154
8228,154
8229,154
8230,154
8231,153
8232,154
8233,154
8234,154
8235,154
8236,154
8237,154
8238,154
8239,154
8240,154
8241,154
8242,154
8243,153
8244,153
8245,153
8246,153
8247,153
8248,153
8249,153
8250,153
8251,153
8252,153
8253,153
8254,153
8255,152
8256,153
8257,153
8258,153
8259,153
8260,152
8261,152
8262,152
8263,152
8264,152
8265,152
8266,153
8267,153
8268,152
8269,152
8270,152
8271,152
8272,152
8273,152
8274,153
8275,153
8276,153
8277,153
8278,153
8279,153
8280,153
8281,153
8282,153
8283,153
8284,153
8285,153
8286,153
8287,153
8288,153
8289,153
8290,153
8291,153
8292,153
8293,152
8294,152
8295,153
8296,153
8297,152
8298,152
8299,152
8300,152
8301,153
8302,153
8303,152
8304,152
8305,152
8306,152
8307,153
8308,153
8309,153
8310,152
8311,153
8312,153
8313,153
8314,153
8315,153
8316,153
8317,153
8318,153
8319,153
8320,153
8321,153
8322,153
8323,153
8324,153
8325,153
8326,153
8327,153
8328,153
8329,153
8330,153
8331,153
8332,153
8333,153
8334,153
8335,153
8336,152
8337,152
8338,152
8339,152
8340,152
8341,152
8342,152
8343,152
8344,151
8345,151
8346,152
8347,151
8348,151
8349,151
8350,151
8351,151
8352,151
8353,151
8354,151
8355,151
8356,151
8357,151
8358,151
8359,151
8360,151
8361,151
8362,151
8363,151
8364,151
8365,151
8366,151
8367,151
8368,151
8369,151
8370,151
8371,151
8372,151
8373,151
8374,151
8375,151
8376,151
8377,151
8378,151
8379,151
8380,151
8381,151
8382,150
8383,150
8384,150
8385,150
8386,151
8387,151
8388,151
8389,151
8390,151
8391,151
8392,151
8393,151
8394,151
8395,151
8396,151
8397,151
8398,151
8399,151
8400,151
8401,151
8402,150
8403,150
8404,150
8405,150
8406,150
8407,151
8408,151
8409,151
8410,150
8411,150
8412,151
8413,151
8414,151
8415,151
8416,151
8417,151
8418,151
8419,151
8420,151
8421,151
8422,151
8423,151
8424,151
8425,151
8426,151
8427,151
8428,150
8429,150
8430,150
8431,150
8432,150
8433,150
8434,150
8435,150
8436,150
8437,150
8438,150
8439,150
8440,150
8441,150
8442,150
8443,150
8444,150
8445,150
8446,150
8447,150
8448,150
8449,150
8450,150
8451,150
8452,150
8453,151
8454,151
8455,151
8456,151
8457,151
8458,151
8459,151
8460,151
8461,151
8462,151
8463,151
8464,151
8465,151
8466,151
8467,151
8468,151
8469,151
8470,151
8471,151
8472,151
8473,151
8474,151
8475,151
8476,151
8477,151
8478,151
8479,151
8480,151
8481,150
8482,150
8483,150
8484,150
8485,150
8486,150
8487,150
8488,150
8489,151
8490,151
8491,151
8492,151
8493,151
8494,151
8495,151
8496,151
8497,151
8498,151
8499,151
8500,151
8501,151
8502,151
8503,151
8504,151
8505,151
8506,151
8507,151
8508,151
8509,151
8510,151
8511,151
8512,151
8513,151
8514,151
8515,151
8516,151
8517,151
8518,151
8519,151
8520,151
8521,151
8522,151
8523,151
8524,151
8525,151
8526,151
8527,151
8528,151
8529,151
8530,151
8531,151
8532,150
8533,150
8534,151
8535,151
8536,151
8537,151
8538,151
8539,151
8540,151
8541,151
8542,151
8543,151
8544,151
8545,151
8546,151
8547,151
8548,151
8549,151
8550,151
8551,151
8552,151
8553,151
8554,151
8555,151
8556,151
8557,151
8558,151
8559,151
8560,151
8561,151
8562,151
8563,151
8564,151
8565,151
8566,150
8567,150
8568,150
8569,150
8570,150
8571,150
8572,150
8573,150
8574,150
8575,150
8576,150
8577,150
8578,150
8579,150
8580,150
8581,150
8582,150
8583,150
8584,150
8585,149
8586,150
8587,149
8588,149
8589,150
8590,149
8591,150
8592,150
8593,150
8594,150
8595,150
8596,150
8597,150
8598,150
8599,150
8600,150
8601,150
8602,150
8603,150
8604,150
8605,150
8606,150
8607,150
8608,150
8609,150
8610,150
8611,150
8612,150
8613,150
8614,150
8615,150
8616,150
8617,150
8618,150
8619,150
8620,150
8621,150
8622,150
8623,150
8624,150
8625,150
8626,150
8627,150
8628,150
8629,150
8630,150
8631,150
8632,150
8633,150
8634,150
8635,150
8636,150
8637,150
8638,150
8639,150
8640,150
8641,150
8642,150
8643,150
8644,150
8645,150
8646,150
8647,150
8648,150
8649,150
8650,150
8651,150
8652,150
8653,150
8654,150
8655,150
8656,150
8657,150
8658,150
8659,150
8660,150
8661,150
8662,150
8663,150
8664,150
8665,150
8666,149
8667,150
8668,150
8669,150
8670,149
8671,149
8672,150
8673,150
8674,150
8675,150
8676,150
8677,150
8678,150
8679,150
8680,150
8681,150
8682,150
8683,150
8684,150
8685,150
8686,150
8687,150
8688,150
8689,150
8690,150
8691,150
8692,150
8693,150
8694,150
8695,150
8696,150
8697,150
8698,150
8699,151
8700,151
8701,151
8702,151
8703,151
8704,150
8705,150
8706,150
8707,150
8708,151
8709,151
8710,151
8711,151
8712,151
8713,151
8714,151
8715,151
8716,151
8717,150
8718,150
8719,150
8720,150
8721,150
8722,151
8723,151
8724,151
8725,151
8726,151
8727,151
8728,151
8729,151
8730,151
8731,151
8732,151
8733,151
8734,151
8735,151
8736,151
8737,151
8738,151
8739,151
8740,151
8741,151
8742,151
8743,151
8744,151
8745,151
8746,151
8747,151
8748,151
8749,151
8750,151
8751,151
8752,151
8753,151
8754,151
8755,151
8756,151
8757,151
8758,151
8759,151
8760,151
8761,151
8762,151
8763,151
8764,151
8765,151
8766,151
8767,151
8768,151
8769,151
8770,151
8771,151
8772,150
8773,151
8774,150
8775,150
8776,151
8777,151
8778,151
8779,151
8780,151
8781,151
8782,151
8783,151
8784,151
8785,151
8786,150
8787,150
8788,151
8789,151
8790,150
8791,150
8792,150
8793,150
8794,151
8795,151
8796,151
8797,151
8798,151
8799,151
8800,151
8801,151
8802,151
8803,151
8804,151
8805,151
8806,151
8807,151
8808,151
8809,151
8810,151
8811,151
8812,151
8813,151
8814,151
8815,151
8816,151
8817,151
8818,151
8819,151
8820,151
8821,151
8822,151
8823,151
8824,151
8825,151
8826,151
8827,151
8828,151
8829,151
8830,151
8831,151
8832,151
8833,151
8834,151
8835,151
8836,151
8837,151
8838,151
8839,151
8840,151
8841,151
8842,151
8843,151
8844,150
8845,150
8846,150
8847,150
8848,150
8849,150
8850,150
8851,150
8852,150
8853,150
8854,150
8855,150
8856,150
8857,150
8858,150
8859,150
8860,150
8861,150
8862,150
8863,150
8864,150
8865,150
8866,150
8867,150
8868,150
8869,149
8870,149
8871,149
8872,149
8873,149
8874,149
8875,149
8876,149
8877,149
8878,149
8879,149
8880,149
8881,149
8882,149
8883,149
8884,149
8885,149
8886,149
8887,149
8888,149
8889,149
8890,149
8891,149
8892,149
8893,149
8894,149
8895,149
8896,149
8897,149
8898,149
8899,149
8900,149
8901,149
8902,149
8903,149
8904,149
8905,149
8906,149
8907,149
8908,148
8909,148
8910,148
8911,148
8912,148
8913,148
8914,148
8915,148
8916,149
8917,149
8918,149
8919,149
8920,149
8921,149
8922,149
8923,149
8924,149
8925,149
8926,148
8927,149
8928,149
8929,149
8930,149
8931,149
8932,149
8933,148
8934,149
8935,149
8936,149
8937,149
8938,148
8939,148
8940,148
8941,148
8942,149
8943,149
8944,149
8945,149
8946,149
8947,149
8948,149
8949,149
8950,149
8951,149
8952,148
8953,149
8954,149
8955,149
8956,149
8957,149
8958,149
8959,149
8960,149
8961,149
8962,149
8963,149
8964,149
8965,149
8966,149
8967,149
8968,149
8969,149
8970,149
8971,149
8972,149
8973,149
8974,149
8975,149
8976,149
8977,149
8978,149
8979,150
8980,150
8981,150
8982,150
8983,150
8984,150
8985,150
8986,150
8987,150
8988,150
8989,150
8990,150
8991,150
8992,150
8993,150
8994,149
8995,149
8996,149
8997,149
8998,149
8999,149
9000,149
9001,149
9002,150
9003,150
9004,150
9005,150
9006,150
9007,150
9008,150
9009,150
9010,150
9011,150
9012,150
9013,150
9014,150
9015,150
9016,150
9017,150
9018,151
9019,151
9020,151
9021,151
9022,151
9023,151
9024,151
9025,151
9026,151
9027,151
9028,151
9029,151
9030,151
9031,151
9032,151
9033,151
9034,151
9035,151
9036,151
9037,151
9038,151
9039,151
9040,151
9041,151
9042,151
9043,151
9044,151
9045,151
9046,150
9047,150
9048,150
9049,150
9050,150
9051,150
9052,150
9053,150
9054,150
9055,150
9056,150
9057,150
9058,150
9059,150
9060,150
9061,150
9062,150
9063,150
9064,150
9065,149
9066,149
9067,150
9068,150
9069,150
9070,150
9071,150
9072,150
9073,150
9074,150
9075,150
9076,150
9077,150
9078,150
9079,150
9080,150
9081,150
9082,150
9083,150
9084,150
9085,150
9086,150
9087,150
9088,150
9089,150
9090,150
9091,150
9092,150
9093,150
9094,149
9095,149
9096,150
9097,149
9098,149
9099,149
9100,149
9101,149
9102,149
9103,149
9104,149
9105,149
9106,150
9107,150
9108,150
9109,150
9110,150
9111,150
9112,150
9113,150
9114,150
9115,150
9116,150
9117,150
9118,150
9119,149
9120,149
9121,149
9122,149
9123,149
9124,150
9125,150
9126,150
9127,150
9128,150
9129,150
9130,150
9131,150
9132,150
9133,150
9134,150
9135,150
9136,150
9137,150
9138,150
9139,150
9140,150
9141,150
9142,150
9143,150
9144,150
9145,150
9146,150
9147,150
9148,150
9149,150
9150,150
9151,150
9152,150
9153,149
9154,149
9155,149
9156,149
9157,149
9158,149
9159,149
9160,149
9161,149
9162,149
9163,149
9164,149
9165,149
9166,149
9167,149
9168,149
9169,149
9170,149
9171,149
9172,149
9173,149
9174,149
9175,149
9176,149
9177,149
9178,149
9179,149
9180,149
9181,149
9182,149
9183,149
9184,149
9185,149
9186,149
9187,149
9188,149
9189,149
9190,148
9191,148
9192,148
9193,148
9194,148
9195,148
9196,148
9197,148
9198,148
9199,149
9200,149
9201,148
9202,149
9203,149
9204,149
9205,149
9206,148
9207,148
9208,148
9209,149
9210,149
9211,148
9212,148
9213,148
9214,148
9215,148
9216,148
9217,148
9218,148
9219,148
9220,148
9221,148
9222,148
9223,148
9224,148
9225,148
9226,148
9227,148
9228,148
9229,148
9230,148
9231,148
9232,147
9233,147
9234,147
9235,147
9236,147
9237,148
9238,148
9239,148
9240,148
9241,148
9242,148
9243,148
9244,148
9245,148
9246,148
9247,148
9248,148
9249,148
9250,148
9251,148
9252,148
9253,147
9254,147
9255,147
9256,148
9257,148
9258,148
9259,148
9260,148
9261,148
9262,148
9263,148
9264,147
9265,148
9266,148
9267,148
9268,148
9269,147
9270,147
9271,147
9272,147
9273,147
9274,147
9275,147
9276,147
9277,147
9278,147
9279,147
9280,147
9281,146
9282,146
9283,147
9284,147
9285,146
9286,146
9287,146
9288,146
9289,146
9290,146
9291,146
9292,146
9293,146
9294,146
9295,146
9296,147
9297,147
9298,147
9299,147
9300,146
9301,146
9302,146
9303,146
9304,146
9305,146
9306,147
9307,146
9308,147
9309,146
9310,146
9311,146
9312,146
9313,147
9314,147
9315,147
9316,147
9317,147
9318,147
9319,147
9320,147
9321,147
9322,147
9323,147
9324,147
9325,147
9326,147
9327,147
9328,147
9329,147
9330,147
9331,147
9332,147
9333,147
9334,147
9335,147
9336,146
9337,147
9338,147
9339,147
9340,147
9341,147
9342,147
9343,147
9344,147
9345,147
9346,147
9347,147
9348,147
9349,147
9350,147
9351,147
9352,147
9353,147
9354,147
9355,147
9356,147
9357,147
9358,147
9359,147
9360,147
9361,147
9362,147
9363,147
9364,147
9365,147
9366,147
9367,146
9368,147
9369,147
9370,147
9371,147
9372,147
9373,147
9374,147
9375,147
9376,147
9377,147
9378,146
9379,146
9380,147
9381,147
9382,147
9383,147
9384,147
9385,147
9386,147
9387,147
9388,147
9389,147
9390,147
9391,147
9392,147
9393,147
9394,147
9395,147
9396,147
9397,147
9398,147
9399,147
9400,147
9401,147
9402,147
9403,147
9404,146
9405,147
9406,147
9407,147
9408,146
9409,146
9410,147
9411,147
9412,147
9413,147
9414,147
9415,146
9416,147
9417,147
9418,147
9419,147
9420,147
9421,147
9422,147
9423,147
9424,147
9425,147
9426,147
9427,147
9428,147
9429,147
9430,147
9431,147
9432,147
9433,147
9434,147
9435,147
9436,147
9437,147
9438,147
9439,147
9440,147
9441,147
9442,147
9443,147
9444,147
9445,147
9446,147
9447,147
9448,147
9449,147
9450,147
9451,147
9452,147
9453,147
9454,147
9455,147
9456,147
9457,147
9458,147
9459,148
9460,148
9461,148
9462,147
9463,147
9464,148
9465,148
9466,147
9467,147
9468,147
9469,147
9470,147
9471,147
9472,147
9473,147
9474,147
9475,147
9476,147
9477,147
9478,147
9479,147
9480,147
9481,147
9482,147
9483,147
9484,147
9485,147
9486,148
9487,148
9488,148
9489,147
9490,147
9491,148
9492,148
9493,148
9494,148
9495,148
9496,148
9497,148
9498,148
9499,148
9500,148
9501,148
9502,148
9503,148
9504,148
9505,149
9506,149
9507,149
9508,149
9509,149
9510,148
9511,149
9512,149
9513,149
9514,149
9515,149
9516,149
9517,149
9518,149
9519,149
9520,149
9521,149
9522,149
9523,149
9524,148
9525,148
9526,148
9527,148
9528,149
9529,149
9530,149
9531,149
9532,149
9533,149
9534,148
9535,148
9536,148
9537,148
9538,148
9539,148
9540,147
9541,147
9542,147
9543,147
9544,147
9545,148
9546,148
9547,148
9548,148
9549,148
9550,148
9551,148
9552,148
9553,148
9554,148
9555,148
9556,148
9557,148
9558,148
9559,148
9560,148
9561,148
9562,148
9563,148
9564,148
9565,148
9566,147
9567,147
9568,147
9569,147
9570,147
9571,147
9572,147
9573,147
9574,147
9575,147
9576,147
9577,147
9578,147
9579,147
9580,147
9581,147
9582,147
9583,147
9584,147
9585,146
9586,146
9587,147
9588,147
9589,147
9590,147
9591,147
9592,147
9593,147
9594,147
9595,147
9596,147
9597,147
9598,147
9599,147
9600,147
9601,147
9602,147
9603,147
9604,147
9605,147
9606,147
9607,147
9608,147
9609,147
9610,147
9611,147
9612,147
9613,147
9614,147
9615,146
9616,146
9617,146
9618,146
9619,146
9620,146
9621,146
9622,146
9623,146
9624,146
9625,146
9626,146
9627,146
9628,146
9629,146
9630,146
9631,146
9632,146
9633,146
9634,146
9635,146
9636,146
9637,146
9638,146
9639,146
9640,146
9641,146
9642,146
9643,146
9644,146
9645,146
9646,146
9647,146
9648,146
9649,146
9650,146
9651,146
9652,146
9653,147
9654,147
9655,147
9656,147
9657,147
9658,147
9659,147
9660,147
9661,147
9662,147
9663,147
9664,147
9665,147
9666,147
9667,147
9668,147
9669,147
9670,147
9671,147
9672,147
9673,147
9674,147
9675,147
9676,147
9677,147
9678,147
9679,147
9680,147
9681,147
9682,147
9683,147
9684,147
9685,147
9686,147
9687,147
9688,147
9689,147
9690,147
9691,147
9692,147
9693,147
9694,147
9695,147
9696,147
9697,147
9698,147
9699,147
9700,147
9701,147
9702,148
9703,148
9704,148
9705,148
9706,148
9707,148
9708,148
9709,148
9710,148
9711,148
9712,148
9713,148
9714,148
9715,148
9716,148
9717,148
9718,148
9719,148
9720,148
9721,148
9722,148
9723,148
9724,148
9725,148
9726,148
9727,147
9728,148
9729,148
9730,148
9731,148
9732,148
9733,148
9734,148
9735,148
9736,148
9737,148
9738,148
9739,148
9740,148
9741,148
9742,148
9743,148
9744,148
9745,148
9746,148
9747,148
9748,147
9749,147
9750,147
9751,147
9752,147
9753,147
9754,147
9755,147
9756,148
9757,148
9758,148
9759,148
9760,148
9761,148
9762,148
9763,148
9764,148
9765,148
9766,148
9767,148
9768,148
9769,148
9770,148
9771,148
9772,148
9773,148
9774,148
9775,148
9776,148
9777,148
9778,148
9779,148
9780,148
9781,148
9782,148
9783,148
9784,148
9785,148
9786,148
9787,148
9788,148
9789,148
9790,148
9791,148
9792,148
9793,148
9794,148
9795,148
9796,148
9797,148
9798,148
9799,148
9800,148
9801,148
9802,148
9803,148
9804,148
9805,148
9806,148
9807,148
9808,148
9809,148
9810,147
9811,147
9812,147
9813,147
9814,147
9815,148
9816,148
9817,148
9818,147
9819,148
9820,147
9821,148
9822,148
9823,148
9824,147
9825,148
9826,148
9827,148
9828,148
9829,148
9830,148
9831,148
9832,148
9833,148
9834,148
9835,148
9836,148
9837,149
9838,149
9839,149
9840,149
9841,149
9842,149
9843,149
9844,149
9845,149
9846,149
9847,149
9848,149
9849,149
9850,149
9851,149
9852,149
9853,149
9854,149
9855,149
9856,149
9857,149
9858,149
9859,149
9860,149
9861,149
9862,149
9863,149
9864,149
9865,149
9866,149
9867,149
9868,149
9869,148
9870,149
9871,149
9872,149
9873,149
9874,149
9875,148
9876,148
9877,149
9878,149
9879,149
9880,149
9881,149
9882,149
9883,149
9884,149
9885,149
9886,149
9887,149
9888,149
9889,149
9890,149
9891,149
9892,149
9893,149
9894,149
9895,149
9896,149
9897,149
9898,149
9899,149
9900,149
9901,149
9902,149
9903,149
9904,150
9905,150
9906,150
9907,150
9908,150
9909,150
9910,150
9911,150
9912,149
9913,149
9914,149
9915,149
9916,149
9917,149
9918,149
9919,149
9920,149
9921,149
9922,149
9923,149
9924,149
9925,149
9926,149
9927,149
9928,149
9929,149
9930,148
9931,148
9932,148
9933,149
9934,149
9935,149
9936,149
9937,149
9938,149
9939,149
9940,149
9941,149
9942,149
9943,148
9944,148
9945,149
9946,149
9947,149
9948,149
9949,149
9950,149
9951,149
9952,149
9953,149
9954,149
9955,149
9956,148
9957,148
9958,149
9959,149
9960,149
9961,149
9962,149
9963,148
9964,148
9965,148
9966,149
9967,149
9968,149
9969,149
9970,149
9971,149
9972,149
9973,149
9974,149
9975,149
9976,149
9977,149
9978,149
9979,149
9980,149
9981,149
9982,149
9983,149
9984,148
9985,149
9986,148
9987,148
9988,149
9989,149
9990,149
9991,149
9992,148
9993,148
9994,148
9995,148
9996,148
9997,148
9998,148
9999,148
