0,150
1,150
2,150
3,150
4,149
5,150
6,150
7,150
8,150
9,150
10,150
11,150
12,150
13,150
14,150
15,150
16,150
17,150
18,150
19,150
20,150
21,150
22,150
23,150
24,150
25,150
26,150
27,150
28,149
29,149
30,149
31,149
32,149
33,149
34,149
35,149
36,150
37,150
38,150
39,150
40,150
41,150
42,150
43,150
44,150
45,150
46,150
47,150
48,150
49,150
50,150
51,150
52,150
53,150
54,150
55,150
56,150
57,150
58,150
59,150
60,150
61,149
62,150
63,150
64,150
65,150
66,150
67,150
68,150
69,150
70,150
71,150
72,150
73,150
74,150
75,150
76,150
77,149
78,149
79,149
80,150
81,150
82,150
83,150
84,150
85,150
86,150
87,150
88,150
89,150
90,150
91,150
92,150
93,150
94,150
95,150
96,150
97,150
98,150
99,151
100,150
101,150
102,150
103,150
104,151
105,151
106,151
107,151
108,151
109,151
110,151
111,151
112,151
113,151
114,151
115,151
116,151
117,151
118,151
119,151
120,151
121,151
122,150
123,150
124,150
125,150
126,150
127,150
128,150
129,150
130,150
131,150
132,150
133,150
134,150
135,150
136,150
137,150
138,150
139,150
140,150
141,150
142,150
143,150
144,150
145,150
146,150
147,150
148,150
149,150
150,150
151,150
152,150
153,150
154,150
155,150
156,150
157,150
158,150
159,149
160,149
161,149
162,149
163,149
164,149
165,149
166,149
167,149
168,149
169,149
170,149
171,149
172,149
173,149
174,149
175,149
176,149
177,149
178,149
179,149
180,149
181,149
182,149
183,149
184,149
185,149
186,149
187,149
188,149
189,149
190,148
191,148
192,149
193,149
194,149
195,149
196,149
197,149
198,149
199,149
200,149
201,149
202,149
203,149
204,149
205,149
206,149
207,149
208,149
209,149
210,149
211,149
212,149
213,150
214,150
215,150
216,150
217,150
218,150
219,150
220,150
221,150
222,150
223,150
224,150
225,150
226,150
227,150
228,150
229,150
230,150
231,150
232,150
233,150
234,149
235,149
236,149
237,149
238,150
239,150
240,150
241,150
242,150
243,150
244,149
245,149
246,149
247,149
248,149
249,149
250,149
251,149
252,149
253,149
254,149
255,149
256,150
257,150
258,150
259,150
260,150
261,150
262,150
263,150
264,150
265,150
266,150
267,150
268,150
269,150
270,150
271,150
272,150
273,150
274,150
275,150
276,150
277,150
278,150
279,150
280,150
281,150
282,150
283,150
284,150
285,150
286,150
287,150
288,150
289,150
290,151
291,151
292,151
293,151
294,151
295,151
296,151
297,151
298,151
299,151
300,151
301,151
302,151
303,151
304,151
305,151
306,151
307,151
308,151
309,151
310,151
311,151
312,151
313,151
314,151
315,151
316,151
317,151
318,151
319,151
320,151
321,151
322,151
323,151
324,151
325,151
326,151
327,151
328,151
329,151
330,151
331,151
332,151
333,151
334,151
335,151
336,150
337,151
338,151
339,151
340,150
341,150
342,150
343,150
344,150
345,150
346,150
347,151
348,151
349,151
350,151
351,150
352,150
353,151
354,151
355,150
356,150
357,150
358,150
359,150
360,151
361,151
362,151
363,151
364,151
365,151
366,150
367,150
368,150
369,150
370,150
371,150
372,150
373,150
374,150
375,150
376,150
377,150
378,150
379,150
380,150
381,150
382,150
383,150
384,150
385,150
386,150
387,150
388,150
389,150
390,150
391,150
392,150
393,150
394,150
395,150
396,150
397,150
398,150
399,150
400,150
401,150
402,150
403,150
404,150
405,150
406,150
407,150
408,150
409,150
410,150
411,150
412,150
413,149
414,149
415,150
416,150
417,150
418,150
419,150
420,150
421,150
422,150
423,150
424,150
425,150
426,150
427,150
428,150
429,151
430,151
431,151
432,151
433,151
434,151
435,151
436,151
437,151
438,151
439,151
440,151
441,150
442,150
443,150
444,150
445,150
446,150
447,149
448,149
449,149
450,149
451,149
452,149
453,149
454,149
455,149
456,149
457,149
458,149
459,149
460,149
461,149
462,149
463,149
464,149
465,149
466,149
467,149
468,149
469,149
470,149
471,149
472,149
473,149
474,148
475,148
476,148
477,148
478,148
479,148
480,148
481,148
482,148
483,148
484,148
485,148
486,148
487,148
488,148
489,148
490,148
491,148
492,148
493,148
494,148
495,148
496,148
497,148
498,148
499,148
500,148
501,148
502,148
503,148
504,148
505,148
506,148
507,148
508,148
509,148
510,148
511,148
512,148
513,148
514,148
515,148
516,148
517,148
518,148
519,148
520,148
521,148
522,148
523,148
524,148
525,148
526,148
527,148
528,148
529,148
530,148
531,148
532,148
533,148
534,147
535,147
536,148
537,148
538,148
539,148
540,148
541,148
542,148
543,148
544,148
545,148
546,148
547,148
548,148
549,148
550,148
551,148
552,148
553,148
554,148
555,148
556,148
557,148
558,148
559,147
560,148
561,148
562,148
563,148
564,148
565,148
566,148
567,148
568,148
569,148
570,148
571,148
572,148
573,148
574,148
575,148
576,148
577,148
578,148
579,148
580,148
581,148
582,148
583,148
584,148
585,148
586,148
587,148
588,148
589,148
590,148
591,148
592,148
593,148
594,148
595,148
596,148
597,148
598,148
599,148
600,148
601,148
602,148
603,148
604,148
605,148
606,148
607,148
608,148
609,148
610,148
611,148
612,148
613,148
614,148
615,148
616,148
617,148
618,148
619,148
620,148
621,148
622,148
623,148
624,148
625,148
626,148
627,148
628,148
629,148
630,148
631,148
632,148
633,148
634,148
635,148
636,148
637,148
638,148
639,148
640,148
641,148
642,148
643,148
644,148
645,148
646,148
647,148
648,148
649,148
650,148
651,148
652,148
653,148
654,147
655,148
656,148
657,148
658,148
659,148
660,148
661,148
662,148
663,148
664,148
665,147
666,147
667,147
668,147
669,148
670,148
671,148
672,147
673,148
674,148
675,147
676,147
677,147
678,147
679,147
680,147
681,147
682,147
683,147
684,147
685,147
686,147
687,147
688,148
689,148
690,148
691,148
692,148
693,148
694,148
695,148
696,148
697,148
698,148
699,148
700,148
701,148
702,148
703,148
704,148
705,148
706,148
707,148
708,148
709,148
710,148
711,148
712,147
713,148
714,148
715,148
716,148
717,148
718,148
719,148
720,148
721,148
722,148
723,148
724,148
725,148
726,148
727,148
728,148
729,148
730,148
731,147
732,147
733,147
734,147
735,147
736,147
737,147
738,147
739,147
740,147
741,147
742,147
743,147
744,147
745,147
746,147
747,147
748,148
749,148
750,148
751,148
752,148
753,148
754,148
755,148
756,148
757,148
758,148
759,148
760,148
761,148
762,148
763,148
764,148
765,148
766,148
767,148
768,148
769,149
770,149
771,149
772,149
773,149
774,149
775,149
776,149
777,149
778,149
779,149
780,149
781,149
782,149
783,149
784,149
785,149
786,149
787,149
788,148
789,148
790,148
791,148
792,148
793,149
794,149
795,149
796,149
797,149
798,149
799,149
800,149
801,149
802,150
803,150
804,150
805,149
806,150
807,150
808,150
809,150
810,150
811,150
812,150
813,150
814,150
815,150
816,150
817,150
818,150
819,150
820,149
821,149
822,149
823,149
824,149
825,149
826,149
827,149
828,149
829,149
830,149
831,149
832,149
833,149
834,149
835,149
836,149
837,149
838,149
839,150
840,150
841,149
842,150
843,149
844,150
845,149
846,149
847,149
848,149
849,149
850,149
851,149
852,149
853,150
854,150
855,150
856,150
857,150
858,150
859,150
860,150
861,150
862,150
863,150
864,150
865,150
866,150
867,150
868,151
869,151
870,151
871,151
872,151
873,151
874,151
875,151
876,151
877,151
878,151
879,151
880,151
881,151
882,151
883,151
884,151
885,151
886,151
887,151
888,151
889,151
890,151
891,151
892,151
893,151
894,151
895,151
896,151
897,151
898,151
899,151
900,151
901,151
902,151
903,151
904,151
905,151
906,151
907,151
908,151
909,151
910,151
911,151
912,150
913,151
914,151
915,151
916,151
917,151
918,151
919,151
920,151
921,150
922,150
923,150
924,150
925,150
926,150
927,150
928,150
929,150
930,150
931,150
932,150
933,150
934,150
935,150
936,150
937,150
938,150
939,150
940,150
941,150
942,150
943,150
944,150
945,150
946,149
947,150
948,150
949,150
950,150
951,150
952,150
953,150
954,150
955,150
956,150
957,150
958,150
959,150
960,150
961,150
962,150
963,149
964,149
965,149
966,150
967,150
968,150
969,150
970,150
971,150
972,150
973,150
974,150
975,150
976,150
977,149
978,150
979,150
980,150
981,150
982,150
983,150
984,150
985,150
986,150
987,150
988,150
989,150
990,150
991,150
992,150
993,150
994,150
995,150
996,150
997,150
998,150
999,150
1000,150
1001,150
1002,150
1003,150
1004,149
1005,149
1006,149
1007,149
1008,149
1009,149
1010,149
1011,149
1012,149
1013,149
1014,149
1015,150
1016,150
1017,150
1018,150
1019,150
1020,150
1021,150
1022,150
1023,150
1024,150
1025,150
1026,150
1027,150
1028,150
1029,150
1030,150
1031,150
1032,150
1033,150
1034,150
1035,150
1036,150
1037,149
1038,149
1039,149
1040,149
1041,149
1042,149
1043,149
1044,149
1045,149
1046,149
1047,149
1048,149
1049,149
1050,149
1051,149
1052,149
1053,149
1054,149
1055,149
1056,149
1057,149
1058,149
1059,148
1060,148
1061,149
1062,149
1063,149
1064,149
1065,149
1066,149
1067,149
1068,149
1069,149
1070,149
1071,149
1072,149
1073,149
1074,149
1075,149
1076,149
1077,149
1078,148
1079,148
1080,149
1081,149
1082,149
1083,148
1084,148
1085,149
1086,149
1087,149
1088,149
1089,149
1090,148
1091,148
1092,148
1093,148
1094,148
1095,148
1096,148
1097,148
1098,148
1099,148
1100,149
1101,149
1102,149
1103,149
1104,149
1105,149
1106,148
1107,148
1108,148
1109,148
1110,148
1111,148
1112,148
1113,148
1114,148
1115,148
1116,148
1117,149
1118,148
1119,148
1120,148
1121,148
1122,148
1123,148
1124,148
1125,148
1126,148
1127,148
1128,148
1129,148
1130,148
1131,147
1132,147
1133,147
1134,147
1135,147
1136,147
1137,147
1138,147
1139,147
1140,147
1141,147
1142,147
1143,147
1144,147
1145,147
1146,147
1147,147
1148,147
1149,147
1150,147
1151,147
1152,147
1153,147
1154,147
1155,147
1156,147
1157,147
1158,146
1159,146
1160,146
1161,146
1162,147
1163,147
1164,147
1165,147
1166,147
1167,147
1168,147
1169,147
1170,147
1171,147
1172,147
1173,147
1174,147
1175,147
1176,147
1177,147
1178,147
1179,147
1180,147
1181,147
1182,147
1183,147
1184,147
1185,147
1186,147
1187,147
1188,147
1189,147
1190,147
1191,147
1192,147
1193,147
1194,147
1195,147
1196,147
1197,147
1198,147
1199,147
1200,147
1201,146
1202,146
1203,146
1204,146
1205,146
1206,146
1207,146
1208,146
1209,146
1210,146
1211,146
1212,146
1213,146
1214,146
1215,146
1216,146
1217,146
1218,146
1219,146
1220,146
1221,146
1222,146
1223,146
1224,146
1225,146
1226,146
1227,146
1228,146
1229,145
1230,145
1231,145
1232,145
1233,145
1234,145
1235,145
1236,145
1237,145
1238,145
1239,145
1240,146
1241,146
1242,145
1243,145
1244,145
1245,145
1246,145
1247,145
1248,145
1249,145
1250,145
1251,145
1252,145
1253,146
1254,146
1255,146
1256,146
1257,146
1258,146
1259,146
1260,146
1261,146
1262,146
1263,146
1264,146
1265,146
1266,146
1267,146
1268,147
1269,147
1270,147
1271,147
1272,147
1273,147
1274,147
1275,147
1276,147
1277,147
1278,147
1279,147
1280,147
1281,147
1282,147
1283,147
1284,147
1285,147
1286,147
1287,147
1288,147
1289,147
1290,147
1291,147
1292,147
1293,147
1294,147
1295,147
1296,147
1297,147
1298,147
1299,148
1300,148
1301,148
1302,148
1303,148
1304,148
1305,148
1306,148
1307,148
1308,148
1309,148
1310,147
1311,147
1312,147
1313,147
1314,147
1315,147
1316,147
1317,147
1318,147
1319,147
1320,147
1321,147
1322,147
1323,147
1324,147
1325,147
1326,147
1327,147
1328,147
1329,147
1330,147
1331,147
1332,147
1333,148
1334,148
1335,148
1336,148
1337,148
1338,148
1339,148
1340,148
1341,148
1342,148
1343,148
1344,148
1345,148
1346,148
1347,148
1348,148
1349,148
1350,148
1351,148
1352,147
1353,147
1354,147
1355,148
1356,148
1357,148
1358,148
1359,148
1360,148
1361,148
1362,147
1363,147
1364,147
1365,147
1366,147
1367,147
1368,147
1369,147
1370,147
1371,147
1372,147
1373,147
1374,147
1375,147
1376,147
1377,147
1378,147
1379,147
1380,147
1381,147
1382,147
1383,147
1384,147
1385,147
1386,147
1387,147
1388,146
1389,146
1390,147
1391,147
1392,147
1393,146
1394,146
1395,146
1396,146
1397,146
1398,146
1399,146
1400,146
1401,147
1402,146
1403,146
1404,146
1405,146
1406,146
1407,146
1408,146
1409,146
1410,146
1411,146
1412,146
1413,145
1414,145
1415,146
1416,146
1417,146
1418,146
1419,146
1420,146
1421,145
1422,145
1423,145
1424,145
1425,145
1426,145
1427,145
1428,145
1429,145
1430,145
1431,145
1432,145
1433,145
1434,144
1435,144
1436,144
1437,145
1438,144
1439,144
1440,144
1441,144
1442,145
1443,145
1444,145
1445,145
1446,145
1447,145
1448,145
1449,145
1450,145
1451,145
1452,145
1453,145
1454,145
1455,145
1456,145
1457,145
1458,145
1459,145
1460,145
1461,144
1462,144
1463,144
1464,145
1465,145
1466,145
1467,145
1468,145
1469,145
1470,145
1471,144
1472,144
1473,144
1474,144
1475,144
1476,144
1477,144
1478,144
1479,144
1480,144
1481,144
1482,144
1483,144
1484,144
1485,144
1486,144
1487,144
1488,144
1489,144
1490,144
1491,144
1492,144
1493,144
1494,144
1495,143
1496,144
1497,144
1498,144
1499,144
1500,144
1501,144
1502,144
1503,145
1504,145
1505,145
1506,145
1507,144
1508,145
1509,145
1510,145
1511,145
1512,145
1513,145
1514,145
1515,145
1516,145
1517,145
1518,145
1519,145
1520,144
1521,144
1522,145
1523,144
1524,144
1525,144
1526,144
1527,144
1528,143
1529,143
1530,143
1531,143
1532,144
1533,144
1534,144
1535,144
1536,144
1537,144
1538,144
1539,144
1540,144
1541,144
1542,144
1543,144
1544,144
1545,144
1546,144
1547,144
1548,144
1549,144
1550,144
1551,144
1552,144
1553,144
1554,144
1555,144
1556,144
1557,144
1558,144
1559,143
1560,143
1561,143
1562,143
1563,143
1564,144
1565,144
1566,144
1567,144
1568,144
1569,144
1570,144
1571,144
1572,144
1573,144
1574,144
1575,144
1576,144
1577,144
1578,144
1579,144
1580,144
1581,144
1582,144
1583,144
1584,144
1585,144
1586,144
1587,144
1588,143
1589,143
1590,143
1591,143
1592,143
1593,143
1594,143
1595,143
1596,143
1597,143
1598,143
1599,143
1600,143
1601,144
1602,144
1603,144
1604,144
1605,144
1606,144
1607,144
1608,144
1609,144
1610,144
1611,144
1612,144
1613,144
1614,144
1615,144
1616,144
1617,143
1618,143
1619,143
1620,143
1621,143
1622,143
1623,143
1624,143
1625,144
1626,144
1627,144
1628,144
1629,144
1630,144
1631,144
1632,144
1633,144
1634,144
1635,143
1636,143
1637,143
1638,143
1639,143
1640,143
1641,144
1642,144
1643,143
1644,144
1645,144
1646,144
1647,144
1648,144
1649,143
1650,143
1651,144
1652,144
1653,144
1654,144
1655,144
1656,144
1657,144
1658,144
1659,144
1660,144
1661,144
1662,144
1663,144
1664,144
1665,144
1666,144
1667,144
1668,143
1669,143
1670,143
1671,144
1672,144
1673,144
1674,144
1675,144
1676,144
1677,144
1678,144
1679,144
1680,144
1681,144
1682,144
1683,144
1684,144
1685,144
1686,144
1687,144
1688,144
1689,144
1690,144
1691,144
1692,144
1693,144
1694,144
1695,144
1696,144
1697,144
1698,144
1699,144
1700,144
1701,144
1702,144
1703,144
1704,144
1705,144
1706,144
1707,144
1708,144
1709,144
1710,144
1711,144
1712,144
1713,144
1714,144
1715,144
1716,144
1717,144
1718,144
1719,144
1720,144
1721,144
1722,145
1723,145
1724,145
1725,144
1726,144
1727,144
1728,144
1729,144
1730,144
1731,144
1732,144
1733,144
1734,143
1735,143
1736,143
1737,143
1738,143
1739,144
1740,144
1741,144
1742,143
1743,144
1744,144
1745,144
1746,144
1747,144
1748,144
1749,144
1750,144
1751,144
1752,144
1753,144
1754,144
1755,144
1756,144
1757,144
1758,144
1759,144
1760,144
1761,144
1762,144
1763,143
1764,144
1765,144
1766,144
1767,144
1768,144
1769,144
1770,144
1771,145
1772,145
1773,145
1774,145
1775,145
1776,145
1777,145
1778,145
1779,145
1780,145
1781,145
1782,145
1783,145
1784,145
1785,145
1786,145
1787,145
1788,145
1789,146
1790,145
1791,145
1792,145
1793,145
1794,145
1795,145
1796,145
1797,145
1798,145
1799,145
1800,145
1801,145
1802,145
1803,145
1804,145
1805,145
1806,145
1807,145
1808,145
1809,145
1810,145
1811,145
1812,145
1813,145
1814,145
1815,145
1816,145
1817,145
1818,145
1819,145
1820,145
1821,145
1822,146
1823,146
1824,146
1825,146
1826,146
1827,146
1828,146
1829,146
1830,146
1831,146
1832,146
1833,146
1834,146
1835,146
1836,146
1837,146
1838,146
1839,146
1840,146
1841,146
1842,146
1843,146
1844,146
1845,146
1846,146
1847,146
1848,147
1849,147
1850,147
1851,147
1852,147
1853,147
1854,147
1855,146
1856,146
1857,146
1858,146
1859,146
1860,146
1861,147
1862,146
1863,146
1864,146
1865,146
1866,146
1867,146
1868,146
1869,146
1870,146
1871,146
1872,146
1873,146
1874,147
1875,146
1876,146
1877,146
1878,146
1879,146
1880,146
1881,146
1882,146
1883,146
1884,147
1885,147
1886,146
1887,146
1888,146
1889,146
1890,146
1891,146
1892,146
1893,146
1894,146
1895,146
1896,146
1897,146
1898,146
1899,146
1900,146
1901,146
1902,146
1903,146
1904,146
1905,146
1906,146
1907,146
1908,145
1909,145
1910,145
1911,145
1912,145
1913,145
1914,145
1915,145
1916,145
1917,145
1918,145
1919,145
1920,145
1921,145
1922,145
1923,145
1924,146
1925,146
1926,145
1927,145
1928,145
1929,145
1930,145
1931,145
1932,145
1933,145
1934,145
1935,146
1936,145
1937,145
1938,145
1939,146
1940,146
1941,145
1942,146
1943,145
1944,146
1945,146
1946,146
1947,146
1948,146
1949,146
1950,146
1951,146
1952,146
1953,146
1954,146
1955,146
1956,146
1957,145
1958,145
1959,145
1960,145
1961,145
1962,145
1963,145
1964,145
1965,145
1966,145
1967,145
1968,145
1969,145
1970,145
1971,145
1972,145
1973,145
1974,145
1975,145
1976,145
1977,145
1978,145
1979,145
1980,145
1981,145
1982,145
1983,145
1984,145
1985,145
1986,145
1987,145
1988,145
1989,145
1990,145
1991,144
1992,145
1993,145
1994,145
1995,145
1996,145
1997,145
1998,145
1999,145
2000,145
2001,145
2002,145
2003,145
2004,145
2005,145
2006,145
2007,145
2008,145
2009,145
2010,145
2011,145
2012,145
2013,145
2014,145
2015,145
2016,144
2017,144
2018,144
2019,144
2020,144
2021,144
2022,144
2023,144
2024,144
2025,144
2026,144
2027,144
2028,144
2029,144
2030,144
2031,144
2032,144
2033,144
2034,144
2035,144
2036,144
2037,145
2038,145
2039,145
2040,145
2041,145
2042,145
2043,145
2044,145
2045,145
2046,145
2047,145
2048,145
2049,145
2050,145
2051,145
2052,145
2053,145
2054,145
2055,145
2056,145
2057,145
2058,145
2059,145
2060,145
2061,145
2062,145
2063,145
2064,145
2065,145
2066,145
2067,146
2068,145
2069,145
2070,145
2071,145
2072,145
2073,145
2074,145
2075,145
2076,145
2077,145
2078,145
2079,145
2080,145
2081,145
2082,145
2083,145
2084,145
2085,145
2086,146
2087,146
2088,146
2089,146
2090,146
2091,146
2092,146
2093,146
2094,146
2095,146
2096,146
2097,146
2098,146
2099,146
2100,146
2101,146
2102,146
2103,146
2104,146
2105,146
2106,146
2107,146
2108,146
2109,146
2110,146
2111,146
2112,146
2113,146
2114,146
2115,146
2116,146
2117,146
2118,146
2119,146
2120,146
2121,146
2122,146
2123,146
2124,146
2125,146
2126,146
2127,146
2128,146
2129,146
2130,146
2131,146
2132,146
2133,146
2134,146
2135,146
2136,145
2137,145
2138,145
2139,146
2140,146
2141,146
2142,146
2143,146
2144,146
2145,146
2146,146
2147,146
2148,146
2149,146
2150,146
2151,146
2152,146
2153,147
2154,146
2155,146
2156,147
2157,147
2158,147
2159,147
2160,147
2161,147
2162,147
2163,148
2164,148
2165,148
2166,148
2167,148
2168,148
2169,148
2170,148
2171,148
2172,148
2173,148
2174,148
2175,148
2176,148
2177,148
2178,148
2179,148
2180,148
2181,148
2182,148
2183,148
2184,148
2185,148
2186,148
2187,148
2188,148
2189,148
2190,148
2191,148
2192,148
2193,148
2194,148
2195,148
2196,148
2197,148
2198,148
2199,148
2200,148
2201,148
2202,148
2203,148
2204,148
2205,148
2206,148
2207,148
2208,148
2209,148
2210,148
2211,148
2212,148
2213,148
2214,148
2215,148
2216,148
2217,148
2218,148
2219,148
2220,147
2221,147
2222,147
2223,148
2224,148
2225,148
2226,148
2227,148
2228,148
2229,148
2230,148
2231,148
2232,148
2233,148
2234,148
2235,148
2236,148
2237,148
2238,148
2239,148
2240,148
2241,148
2242,148
2243,148
2244,148
2245,148
2246,148
2247,148
2248,148
2249,147
2250,147
2251,147
2252,147
2253,147
2254,147
2255,147
2256,147
2257,147
2258,148
2259,148
2260,148
2261,148
2262,148
2263,148
2264,148
2265,148
2266,148
2267,148
2268,148
2269,148
2270,148
2271,148
2272,148
2273,148
2274,148
2275,148
2276,148
2277,148
2278,148
2279,148
2280,148
2281,148
2282,148
2283,148
2284,148
2285,148
2286,148
2287,148
2288,148
2289,148
2290,148
2291,148
2292,148
2293,148
2294,148
2295,148
2296,148
2297,148
2298,148
2299,148
2300,148
2301,148
2302,148
2303,147
2304,148
2305,148
2306,148
2307,148
2308,148
2309,148
2310,148
2311,148
2312,148
2313,147
2314,147
2315,147
2316,147
2317,148
2318,147
2319,147
2320,147
2321,148
2322,148
2323,147
2324,147
2325,147
2326,147
2327,147
2328,148
2329,148
2330,148
2331,148
2332,148
2333,148
2334,148
2335,148
2336,148
2337,148
2338,147
2339,148
2340,148
2341,147
2342,147
2343,147
2344,147
2345,147
2346,147
2347,147
2348,147
2349,147
2350,147
2351,147
2352,147
2353,147
2354,147
2355,147
2356,147
2357,147
2358,147
2359,147
2360,147
2361,147
2362,147
2363,146
2364,146
2365,146
2366,146
2367,146
2368,146
2369,147
2370,146
2371,146
2372,146
2373,146
2374,146
2375,146
2376,146
2377,146
2378,146
2379,146
2380,146
2381,146
2382,146
2383,146
2384,146
2385,146
2386,146
2387,146
2388,146
2389,146
2390,146
2391,146
2392,146
2393,146
2394,146
2395,146
2396,146
2397,146
2398,146
2399,147
2400,146
2401,146
2402,146
2403,146
2404,146
2405,146
2406,146
2407,146
2408,146
2409,146
2410,146
2411,146
2412,146
2413,146
2414,146
2415,146
2416,146
2417,146
2418,146
2419,146
2420,146
2421,146
2422,146
2423,146
2424,146
2425,146
2426,146
2427,146
2428,146
2429,146
2430,146
2431,146
2432,146
2433,146
2434,146
2435,147
2436,147
2437,146
2438,146
2439,146
2440,147
2441,147
2442,147
2443,147
2444,147
2445,147
2446,147
2447,147
2448,147
2449,147
2450,147
2451,147
2452,147
2453,147
2454,147
2455,147
2456,147
2457,147
2458,147
2459,146
2460,146
2461,146
2462,146
2463,146
2464,146
2465,146
2466,146
2467,146
2468,147
2469,147
2470,146
2471,146
2472,146
2473,146
2474,146
2475,146
2476,146
2477,146
2478,146
2479,146
2480,146
2481,146
2482,146
2483,146
2484,146
2485,146
2486,146
2487,146
2488,146
2489,146
2490,146
2491,146
2492,146
2493,146
2494,147
2495,147
2496,146
2497,147
2498,147
2499,147
2500,147
2501,147
2502,147
2503,147
2504,147
2505,147
2506,147
2507,147
2508,147
2509,147
2510,147
2511,146
2512,146
2513,146
2514,146
2515,146
2516,146
2517,146
2518,146
2519,146
2520,146
2521,146
2522,146
2523,146
2524,146
2525,146
2526,146
2527,146
2528,146
2529,146
2530,146
2531,146
2532,146
2533,146
2534,146
2535,146
2536,146
2537,146
2538,146
2539,146
2540,146
2541,145
2542,145
2543,145
2544,145
2545,145
2546,145
2547,145
2548,145
2549,145
2550,145
2551,145
2552,145
2553,145
2554,145
2555,145
2556,145
2557,145
2558,145
2559,145
2560,145
2561,145
2562,145
2563,145
2564,145
2565,145
2566,145
2567,145
2568,145
2569,145
2570,145
2571,145
2572,145
2573,145
2574,145
2575,145
2576,145
2577,145
2578,145
2579,145
2580,145
2581,145
2582,145
2583,145
2584,145
2585,145
2586,145
2587,145
2588,145
2589,145
2590,145
2591,145
2592,145
2593,145
2594,145
2595,145
2596,145
2597,145
2598,145
2599,145
2600,145
2601,145
2602,145
2603,145
2604,145
2605,145
2606,145
2607,145
2608,145
2609,145
2610,146
2611,146
2612,146
2613,146
2614,146
2615,146
2616,145
2617,145
2618,145
2619,145
2620,146
2621,146
2622,146
2623,146
2624,146
2625,146
2626,146
2627,146
2628,146
2629,145
2630,145
2631,146
2632,145
2633,145
2634,145
2635,145
2636,145
2637,146
2638,145
2639,145
2640,145
2641,145
2642,145
2643,145
2644,145
2645,145
2646,145
2647,145
2648,145
2649,145
2650,145
2651,145
2652,145
2653,144
2654,144
2655,144
2656,144
2657,145
2658,144
2659,144
2660,144
2661,145
2662,145
2663,144
2664,144
2665,144
2666,145
2667,145
2668,145
2669,145
2670,145
2671,145
2672,145
2673,145
2674,145
2675,145
2676,145
2677,145
2678,145
2679,145
2680,145
2681,145
2682,145
2683,144
2684,144
2685,144
2686,144
2687,144
2688,144
2689,144
2690,144
2691,143
2692,143
2693,143
2694,143
2695,143
2696,143
2697,143
2698,143
2699,143
2700,143
2701,143
2702,143
2703,144
2704,144
2705,144
2706,144
2707,144
2708,144
2709,144
2710,144
2711,144
2712,144
2713,144
2714,144
2715,144
2716,144
2717,144
2718,144
2719,144
2720,144
2721,143
2722,143
2723,143
2724,143
2725,143
2726,143
2727,143
2728,144
2729,144
2730,144
2731,144
2732,144
2733,144
2734,144
2735,144
2736,143
2737,143
2738,143
2739,143
2740,143
2741,143
2742,143
2743,143
2744,143
2745,143
2746,143
2747,142
2748,143
2749,143
2750,143
2751,143
2752,143
2753,142
2754,142
2755,142
2756,142
2757,142
2758,142
2759,143
2760,143
2761,143
2762,143
2763,143
2764,143
2765,143
2766,143
2767,143
2768,143
2769,143
2770,143
2771,143
2772,143
2773,143
2774,143
2775,143
2776,143
2777,143
2778,143
2779,143
2780,143
2781,143
2782,143
2783,143
2784,143
2785,143
2786,143
2787,143
2788,143
2789,143
2790,143
2791,143
2792,143
2793,142
2794,142
2795,142
2796,142
2797,142
2798,142
2799,142
2800,143
2801,142
2802,142
2803,142
2804,143
2805,143
2806,143
2807,143
2808,143
2809,143
2810,143
2811,143
2812,143
2813,143
2814,143
2815,143
2816,143
2817,143
2818,143
2819,143
2820,143
2821,143
2822,143
2823,143
2824,143
2825,143
2826,143
2827,143
2828,143
2829,143
2830,143
2831,143
2832,143
2833,143
2834,143
2835,143
2836,143
2837,143
2838,143
2839,143
2840,143
2841,143
2842,143
2843,143
2844,143
2845,143
2846,143
2847,143
2848,143
2849,144
2850,144
2851,144
2852,144
2853,144
2854,144
2855,144
2856,144
2857,144
2858,144
2859,144
2860,144
2861,144
2862,144
2863,144
2864,144
2865,144
2866,144
2867,144
2868,144
2869,144
2870,144
2871,144
2872,144
2873,144
2874,143
2875,143
2876,143
2877,144
2878,144
2879,144
2880,144
2881,144
2882,144
2883,144
2884,144
2885,144
2886,144
2887,144
2888,144
2889,144
2890,144
2891,144
2892,144
2893,144
2894,144
2895,144
2896,144
2897,144
2898,144
2899,144
2900,144
2901,144
2902,144
2903,144
2904,144
2905,144
2906,144
2907,144
2908,144
2909,144
2910,144
2911,144
2912,144
2913,144
2914,144
2915,144
2916,144
2917,144
2918,144
2919,144
2920,144
2921,144
2922,144
2923,144
2924,144
2925,144
2926,144
2927,144
2928,144
2929,144
2930,143
2931,144
2932,144
2933,144
2934,144
2935,144
2936,144
2937,144
2938,144
2939,144
2940,144
2941,143
2942,143
2943,143
2944,144
2945,144
2946,144
2947,144
2948,144
2949,144
2950,144
2951,144
2952,144
2953,144
2954,144
2955,145
2956,145
2957,145
2958,145
2959,144
2960,144
2961,144
2962,144
2963,144
2964,145
2965,145
2966,145
2967,145
2968,145
2969,145
2970,145
2971,145
2972,145
2973,145
2974,145
2975,145
2976,145
2977,145
2978,145
2979,145
2980,145
2981,145
2982,145
2983,145
2984,145
2985,145
2986,145
2987,145
2988,145
2989,145
2990,145
2991,145
2992,145
2993,145
2994,145
2995,145
2996,145
2997,145
2998,145
2999,145
3000,145
3001,145
3002,145
3003,145
3004,145
3005,145
3006,145
3007,145
3008,145
3009,145
3010,145
3011,145
3012,145
3013,145
3014,145
3015,145
3016,145
3017,145
3018,145
3019,145
3020,145
3021,145
3022,145
3023,145
3024,145
3025,145
3026,145
3027,144
3028,144
3029,144
3030,144
3031,144
3032,144
3033,144
3034,144
3035,144
3036,144
3037,144
3038,144
3039,144
3040,144
3041,144
3042,144
3043,144
3044,144
3045,144
3046,144
3047,144
3048,144
3049,144
3050,144
3051,144
3052,144
3053,144
3054,144
3055,144
3056,144
3057,144
3058,144
3059,144
3060,144
3061,144
3062,144
3063,144
3064,144
3065,144
3066,144
3067,144
3068,144
3069,144
3070,144
3071,144
3072,144
3073,144
3074,144
3075,144
3076,144
3077,144
3078,144
3079,144
3080,144
3081,143
3082,144
3083,144
3084,144
3085,144
3086,144
3087,144
3088,144
3089,144
3090,144
3091,144
3092,144
3093,144
3094,144
3095,144
3096,144
3097,144
3098,144
3099,144
3100,144
3101,144
3102,144
3103,144
3104,144
3105,144
3106,144
3107,144
3108,144
3109,144
3110,144
3111,144
3112,144
3113,144
3114,144
3115,144
3116,144
3117,144
3118,143
3119,143
3120,143
3121,143
3122,143
3123,143
3124,143
3125,143
3126,143
3127,143
3128,143
3129,143
3130,143
3131,143
3132,143
3133,143
3134,143
3135,144
3136,144
3137,144
3138,144
3139,144
3140,144
3141,144
3142,144
3143,144
3144,144
3145,144
3146,144
3147,144
3148,144
3149,144
3150,144
3151,144
3152,144
3153,144
3154,144
3155,144
3156,144
3157,144
3158,144
3159,144
3160,144
3161,144
3162,144
3163,144
3164,144
3165,144
3166,144
3167,144
3168,144
3169,144
3170,144
3171,144
3172,144
3173,143
3174,143
3175,143
3176,143
3177,143
3178,143
3179,143
3180,143
3181,142
3182,142
3183,142
3184,142
3185,142
3186,142
3187,142
3188,142
3189,142
3190,142
3191,142
3192,142
3193,142
3194,142
3195,142
3196,142
3197,142
3198,142
3199,142
3200,142
3201,142
3202,142
3203,142
3204,142
3205,142
3206,142
3207,142
3208,142
3209,142
3210,142
3211,142
3212,142
3213,142
3214,142
3215,142
3216,142
3217,142
3218,142
3219,142
3220,142
3221,142
3222,142
3223,142
3224,142
3225,142
3226,142
3227,142
3228,142
3229,142
3230,142
3231,142
3232,142
3233,142
3234,142
3235,142
3236,142
3237,142
3238,142
3239,142
3240,142
3241,142
3242,142
3243,142
3244,142
3245,142
3246,142
3247,142
3248,142
3249,142
3250,142
3251,142
3252,142
3253,142
3254,141
3255,141
3256,141
3257,141
3258,141
3259,141
3260,141
3261,141
3262,141
3263,141
3264,141
3265,141
3266,141
3267,142
3268,142
3269,142
3270,142
3271,142
3272,142
3273,141
3274,141
3275,141
3276,141
3277,141
3278,141
3279,141
3280,141
3281,141
3282,142
3283,142
3284,142
3285,142
3286,142
3287,142
3288,141
3289,141
3290,141
3291,141
3292,141
3293,141
3294,141
3295,141
3296,141
3297,141
3298,142
3299,141
3300,142
3301,142
3302,142
3303,142
3304,142
3305,142
3306,142
3307,142
3308,141
3309,142
3310,142
3311,142
3312,142
3313,142
3314,142
3315,142
3316,142
3317,141
3318,142
3319,142
3320,142
3321,142
3322,142
3323,142
3324,142
3325,142
3326,142
3327,141
3328,141
3329,141
3330,141
3331,141
3332,141
3333,141
3334,141
3335,141
3336,142
3337,141
3338,141
3339,141
3340,141
3341,142
3342,141
3343,142
3344,141
3345,142
3346,142
3347,142
3348,142
3349,142
3350,142
3351,142
3352,142
3353,142
3354,142
3355,142
3356,142
3357,142
3358,142
3359,142
3360,142
3361,141
3362,142
3363,142
3364,142
3365,142
3366,141
3367,142
3368,141
3369,141
3370,141
3371,141
3372,141
3373,141
3374,141
3375,140
3376,141
3377,141
3378,140
3379,140
3380,140
3381,140
3382,141
3383,141
3384,141
3385,141
3386,141
3387,141
3388,141
3389,141
3390,141
3391,141
3392,141
3393,140
3394,140
3395,140
3396,140
3397,140
3398,140
3399,140
3400,140
3401,140
3402,140
3403,140
3404,140
3405,140
3406,140
3407,140
3408,140
3409,140
3410,140
3411,140
3412,140
3413,140
3414,140
3415,140
3416,140
3417,140
3418,139
3419,140
3420,140
3421,140
3422,140
3423,140
3424,140
3425,140
3426,140
3427,140
3428,140
3429,140
3430,140
3431,140
3432,140
3433,140
3434,140
3435,140
3436,140
3437,140
3438,140
3439,140
3440,140
3441,140
3442,140
3443,139
3444,140
3445,140
3446,140
3447,140
3448,140
3449,140
3450,140
3451,140
3452,140
3453,140
3454,140
3455,140
3456,140
3457,140
3458,140
3459,140
3460,139
3461,140
3462,140
3463,140
3464,140
3465,140
3466,140
3467,140
3468,140
3469,140
3470,140
3471,140
3472,140
3473,140
3474,140
3475,140
3476,140
3477,140
3478,140
3479,140
3480,140
3481,140
3482,140
3483,140
3484,140
3485,140
3486,140
3487,140
3488,139
3489,139
3490,140
3491,140
3492,140
3493,140
3494,140
3495,140
3496,140
3497,140
3498,140
3499,140
3500,140
3501,140
3502,140
3503,141
3504,141
3505,141
3506,141
3507,141
3508,141
3509,141
3510,141
3511,141
3512,141
3513,141
3514,141
3515,141
3516,141
3517,141
3518,141
3519,141
3520,141
3521,141
3522,141
3523,141
3524,141
3525,141
3526,140
3527,140
3528,140
3529,140
3530,140
3531,140
3532,140
3533,140
3534,140
3535,140
3536,140
3537,140
3538,140
3539,140
3540,140
3541,140
3542,140
3543,140
3544,140
3545,140
3546,140
3547,140
3548,140
3549,140
3550,140
3551,140
3552,139
3553,140
3554,140
3555,140
3556,140
3557,140
3558,140
3559,140
3560,140
3561,140
3562,140
3563,140
3564,140
3565,140
3566,140
3567,140
3568,140
3569,140
3570,140
3571,140
3572,140
3573,140
3574,140
3575,140
3576,140
3577,140
3578,140
3579,140
3580,140
3581,140
3582,140
3583,139
3584,139
3585,139
3586,139
3587,139
3588,139
3589,139
3590,139
3591,139
3592,139
3593,139
3594,139
3595,139
3596,139
3597,139
3598,139
3599,139
3600,138
3601,138
3602,138
3603,138
3604,138
3605,138
3606,138
3607,138
3608,138
3609,139
3610,139
3611,139
3612,139
3613,139
3614,139
3615,139
3616,139
3617,139
3618,139
3619,139
3620,139
3621,139
3622,139
3623,139
3624,139
3625,139
3626,139
3627,139
3628,139
3629,139
3630,139
3631,139
3632,139
3633,139
3634,139
3635,139
3636,139
3637,139
3638,139
3639,139
3640,139
3641,139
3642,139
3643,139
3644,139
3645,138
3646,138
3647,138
3648,138
3649,138
3650,139
3651,139
3652,139
3653,139
3654,139
3655,139
3656,139
3657,139
3658,139
3659,139
3660,139
3661,139
3662,139
3663,139
3664,139
3665,139
3666,139
3667,139
3668,139
3669,139
3670,139
3671,139
3672,139
3673,139
3674,139
3675,139
3676,139
3677,138
3678,138
3679,139
3680,139
3681,139
3682,139
3683,139
3684,139
3685,139
3686,139
3687,139
3688,139
3689,139
3690,139
3691,139
3692,139
3693,139
3694,139
3695,139
3696,139
3697,139
3698,139
3699,139
3700,139
3701,139
3702,139
3703,139
3704,139
3705,139
3706,139
3707,139
3708,139
3709,139
3710,139
3711,138
3712,138
3713,138
3714,138
3715,138
3716,138
3717,138
3718,138
3719,139
3720,139
3721,139
3722,139
3723,139
3724,139
3725,139
3726,139
3727,139
3728,139
3729,139
3730,139
3731,138
3732,138
3733,138
3734,138
3735,139
3736,139
3737,139
3738,139
3739,139
3740,139
3741,139
3742,139
3743,139
3744,139
3745,139
3746,139
3747,139
3748,139
3749,139
3750,139
3751,139
3752,139
3753,139
3754,139
3755,139
3756,139
3757,139
3758,139
3759,139
3760,139
3761,139
3762,139
3763,139
3764,138
3765,138
3766,138
3767,138
3768,138
3769,138
3770,138
3771,138
3772,138
3773,138
3774,138
3775,138
3776,138
3777,138
3778,138
3779,138
3780,138
3781,138
3782,138
3783,138
3784,138
3785,138
3786,138
3787,138
3788,138
3789,138
3790,138
3791,138
3792,139
3793,139
3794,139
3795,139
3796,139
3797,139
3798,139
3799,139
3800,139
3801,139
3802,139
3803,139
3804,139
3805,139
3806,139
3807,139
3808,139
3809,139
3810,139
3811,139
3812,139
3813,139
3814,139
3815,139
3816,138
3817,138
3818,138
3819,138
3820,138
3821,139
3822,139
3823,139
3824,139
3825,139
3826,139
3827,139
3828,139
3829,139
3830,139
3831,139
3832,139
3833,139
3834,139
3835,139
3836,139
3837,139
3838,139
3839,139
3840,139
3841,139
3842,139
3843,139
3844,139
3845,139
3846,139
3847,139
3848,139
3849,139
3850,139
3851,139
3852,139
3853,139
3854,139
3855,139
3856,139
3857,139
3858,139
3859,139
3860,139
3861,139
3862,139
3863,139
3864,139
3865,139
3866,139
3867,139
3868,139
3869,139
3870,139
3871,140
3872,140
3873,140
3874,140
3875,140
3876,140
3877,140
3878,140
3879,140
3880,140
3881,140
3882,140
3883,140
3884,140
3885,140
3886,140
3887,140
3888,140
3889,140
3890,140
3891,140
3892,140
3893,141
3894,141
3895,141
3896,141
3897,141
3898,141
3899,141
3900,141
3901,141
3902,141
3903,141
3904,141
3905,141
3906,141
3907,142
3908,142
3909,142
3910,142
3911,142
3912,142
3913,141
3914,141
3915,141
3916,142
3917,142
3918,142
3919,142
3920,142
3921,142
3922,142
3923,142
3924,142
3925,142
3926,142
3927,142
3928,142
3929,142
3930,142
3931,142
3932,142
3933,142
3934,142
3935,142
3936,142
3937,142
3938,142
3939,143
3940,143
3941,143
3942,143
3943,143
3944,143
3945,143
3946,143
3947,143
3948,143
3949,143
3950,143
3951,143
3952,143
3953,143
3954,143
3955,143
3956,143
3957,143
3958,143
3959,143
3960,143
3961,143
3962,143
3963,143
3964,143
3965,142
3966,142
3967,142
3968,142
3969,142
3970,142
3971,142
3972,142
3973,142
3974,142
3975,142
3976,142
3977,142
3978,142
3979,142
3980,142
3981,142
3982,142
3983,142
3984,142
3985,142
3986,142
3987,142
3988,142
3989,142
3990,142
3991,141
3992,142
3993,142
3994,142
3995,141
3996,142
3997,142
3998,142
3999,142
4000,142
4001,142
4002,143
4003,143
4004,143
4005,143
4006,143
4007,143
4008,143
4009,143
4010,143
4011,143
4012,143
4013,143
4014,143
4015,143
4016,143
4017,143
4018,143
4019,143
4020,142
4021,142
4022,142
4023,142
4024,143
4025,143
4026,143
4027,143
4028,143
4029,143
4030,143
4031,143
4032,143
4033,143
4034,142
4035,142
4036,143
4037,143
4038,142
4039,142
4040,143
4041,143
4042,143
4043,143
4044,143
4045,143
4046,143
4047,143
4048,143
4049,143
4050,143
4051,143
4052,143
4053,143
4054,143
4055,143
4056,142
4057,142
4058,142
4059,143
4060,142
4061,143
4062,143
4063,143
4064,143
4065,142
4066,142
4067,143
4068,142
4069,143
4070,142
4071,142
4072,143
4073,143
4074,143
4075,142
4076,142
4077,142
4078,142
4079,142
4080,142
4081,142
4082,142
4083,142
4084,142
4085,142
4086,142
4087,142
4088,142
4089,143
4090,143
4091,143
4092,143
4093,142
4094,143
4095,143
4096,143
4097,143
4098,143
4099,143
4100,143
4101,143
4102,143
4103,143
4104,143
4105,143
4106,143
4107,143
4108,143
4109,143
4110,143
4111,143
4112,143
4113,143
4114,142
4115,142
4116,142
4117,143
4118,143
4119,143
4120,143
4121,143
4122,143
4123,143
4124,143
4125,143
4126,143
4127,143
4128,143
4129,143
4130,143
4131,143
4132,143
4133,143
4134,143
4135,143
4136,143
4137,143
4138,143
4139,143
4140,143
4141,143
4142,143
4143,143
4144,143
4145,143
4146,142
4147,143
4148,142
4149,142
4150,143
4151,143
4152,143
4153,143
4154,143
4155,143
4156,143
4157,143
4158,143
4159,143
4160,143
4161,143
4162,143
4163,142
4164,143
4165,143
4166,143
4167,143
4168,143
4169,143
4170,143
4171,143
4172,143
4173,143
4174,143
4175,143
4176,143
4177,143
4178,143
4179,143
4180,143
4181,143
4182,143
4183,143
4184,143
4185,143
4186,143
4187,143
4188,143
4189,143
4190,143
4191,143
4192,143
4193,143
4194,143
4195,143
4196,143
4197,143
4198,143
4199,143
4200,143
4201,143
4202,143
4203,143
4204,143
4205,143
4206,143
4207,143
4208,143
4209,143
4210,143
4211,143
4212,143
4213,143
4214,143
4215,142
4216,143
4217,143
4218,143
4219,143
4220,143
4221,143
4222,143
4223,143
4224,143
4225,143
4226,143
4227,143
4228,143
4229,143
4230,143
4231,143
4232,143
4233,143
4234,142
4235,143
4236,143
4237,143
4238,143
4239,143
4240,142
4241,142
4242,143
4243,142
4244,142
4245,143
4246,143
4247,143
4248,143
4249,143
4250,143
4251,143
4252,143
4253,143
4254,144
4255,144
4256,144
4257,144
4258,144
4259,143
4260,143
4261,143
4262,143
4263,143
4264,143
4265,143
4266,143
4267,143
4268,143
4269,143
4270,143
4271,143
4272,142
4273,142
4274,142
4275,142
4276,142
4277,142
4278,142
4279,142
4280,142
4281,142
4282,142
4283,142
4284,142
4285,142
4286,142
4287,142
4288,142
4289,142
4290,142
4291,142
4292,142
4293,141
4294,141
4295,141
4296,141
4297,141
4298,141
4299,141
4300,141
4301,141
4302,141
4303,141
4304,141
4305,141
4306,141
4307,141
4308,141
4309,141
4310,141
4311,141
4312,141
4313,141
4314,141
4315,141
4316,141
4317,141
4318,141
4319,141
4320,141
4321,141
4322,141
4323,142
4324,142
4325,142
4326,142
4327,142
4328,141
4329,142
4330,142
4331,142
4332,142
4333,141
4334,141
4335,142
4336,142
4337,142
4338,141
4339,141
4340,141
4341,141
4342,142
4343,142
4344,142
4345,142
4346,142
4347,142
4348,142
4349,142
4350,142
4351,142
4352,141
4353,141
4354,141
4355,141
4356,141
4357,141
4358,141
4359,141
4360,141
4361,141
4362,141
4363,141
4364,141
4365,141
4366,141
4367,141
4368,141
4369,141
4370,141
4371,141
4372,141
4373,141
4374,141
4375,140
4376,141
4377,141
4378,141
4379,141
4380,141
4381,141
4382,141
4383,142
4384,142
4385,142
4386,142
4387,142
4388,142
4389,142
4390,142
4391,142
4392,142
4393,142
4394,142
4395,142
4396,142
4397,142
4398,142
4399,142
4400,142
4401,142
4402,142
4403,142
4404,142
4405,142
4406,142
4407,142
4408,142
4409,142
4410,141
4411,141
4412,141
4413,142
4414,142
4415,142
4416,142
4417,142
4418,142
4419,142
4420,142
4421,142
4422,142
4423,142
4424,142
4425,142
4426,142
4427,142
4428,142
4429,142
4430,142
4431,142
4432,141
4433,141
4434,141
4435,141
4436,141
4437,141
4438,141
4439,141
4440,141
4441,141
4442,141
4443,141
4444,141
4445,141
4446,141
4447,141
4448,141
4449,141
4450,141
4451,141
4452,141
4453,141
4454,141
4455,141
4456,141
4457,141
4458,141
4459,141
4460,141
4461,140
4462,140
4463,140
4464,141
4465,141
4466,141
4467,141
4468,141
4469,141
4470,141
4471,141
4472,141
4473,141
4474,140
4475,141
4476,141
4477,141
4478,141
4479,141
4480,141
4481,141
4482,141
4483,141
4484,140
4485,140
4486,140
4487,140
4488,140
4489,140
4490,140
4491,140
4492,140
4493,140
4494,140
4495,140
4496,140
4497,140
4498,140
4499,140
4500,140
4501,140
4502,140
4503,140
4504,140
4505,140
4506,140
4507,140
4508,139
4509,140
4510,140
4511,140
4512,140
4513,140
4514,140
4515,140
4516,140
4517,140
4518,140
4519,140
4520,140
4521,140
4522,140
4523,140
4524,140
4525,140
4526,140
4527,140
4528,140
4529,139
4530,140
4531,140
4532,140
4533,140
4534,140
4535,140
4536,139
4537,139
4538,139
4539,139
4540,139
4541,139
4542,139
4543,139
4544,139
4545,139
4546,139
4547,139
4548,139
4549,139
4550,139
4551,139
4552,139
4553,139
4554,139
4555,140
4556,140
4557,139
4558,139
4559,139
4560,139
4561,139
4562,139
4563,139
4564,139
4565,139
4566,139
4567,139
4568,139
4569,139
4570,139
4571,139
4572,140
4573,140
4574,140
4575,140
4576,140
4577,140
4578,140
4579,140
4580,140
4581,140
4582,140
4583,139
4584,140
4585,140
4586,140
4587,140
4588,140
4589,140
4590,140
4591,140
4592,139
4593,139
4594,140
4595,140
4596,140
4597,140
4598,140
4599,140
4600,140
4601,140
4602,140
4603,140
4604,140
4605,140
4606,140
4607,140
4608,140
4609,140
4610,140
4611,140
4612,141
4613,141
4614,141
4615,141
4616,141
4617,141
4618,141
4619,141
4620,141
4621,141
4622,141
4623,141
4624,141
4625,141
4626,141
4627,141
4628,141
4629,140
4630,141
4631,141
4632,141
4633,141
4634,141
4635,141
4636,141
4637,141
4638,141
4639,141
4640,141
4641,142
4642,141
4643,142
4644,141
4645,141
4646,141
4647,141
4648,141
4649,141
4650,141
4651,141
4652,141
4653,141
4654,141
4655,142
4656,142
4657,142
4658,142
4659,142
4660,142
4661,142
4662,142
4663,142
4664,142
4665,142
4666,142
4667,142
4668,142
4669,142
4670,142
4671,142
4672,142
4673,142
4674,142
4675,142
4676,142
4677,142
4678,142
4679,142
4680,142
4681,142
4682,142
4683,142
4684,142
4685,142
4686,142
4687,142
4688,142
4689,142
4690,142
4691,142
4692,142
4693,142
4694,142
4695,142
4696,142
4697,142
4698,142
4699,142
4700,142
4701,142
4702,142
4703,142
4704,142
4705,142
4706,142
4707,142
4708,142
4709,142
4710,142
4711,142
4712,142
4713,142
4714,142
4715,142
4716,141
4717,142
4718,142
4719,142
4720,142
4721,142
4722,142
4723,142
4724,142
4725,142
4726,142
4727,142
4728,142
4729,142
4730,142
4731,142
4732,142
4733,142
4734,142
4735,142
4736,142
4737,142
4738,142
4739,142
4740,142
4741,142
4742,142
4743,142
4744,142
4745,142
4746,142
4747,142
4748,142
4749,142
4750,142
4751,142
4752,142
4753,142
4754,142
4755,142
4756,141
4757,142
4758,142
4759,142
4760,142
4761,142
4762,142
4763,142
4764,142
4765,142
4766,142
4767,142
4768,141
4769,142
4770,142
4771,141
4772,141
4773,141
4774,141
4775,141
4776,142
4777,142
4778,141
4779,141
4780,141
4781,141
4782,142
4783,141
4784,141
4785,141
4786,142
4787,142
4788,142
4789,142
4790,142
4791,141
4792,142
4793,142
4794,142
4795,142
4796,142
4797,142
4798,142
4799,142
4800,142
4801,142
4802,142
4803,142
4804,142
4805,142
4806,142
4807,142
4808,141
4809,142
4810,142
4811,142
4812,142
4813,142
4814,141
4815,141
4816,141
4817,141
4818,141
4819,141
4820,141
4821,141
4822,141
4823,141
4824,141
4825,141
4826,141
4827,141
4828,141
4829,141
4830,141
4831,141
4832,141
4833,141
4834,141
4835,141
4836,141
4837,141
4838,141
4839,141
4840,141
4841,142
4842,142
4843,142
4844,142
4845,142
4846,142
4847,142
4848,142
4849,142
4850,142
4851,142
4852,142
4853,142
4854,142
4855,142
4856,142
4857,142
4858,142
4859,142
4860,142
4861,142
4862,142
4863,142
4864,142
4865,142
4866,142
4867,142
4868,142
4869,142
4870,142
4871,142
4872,142
4873,142
4874,142
4875,142
4876,142
4877,142
4878,142
4879,142
4880,142
4881,142
4882,142
4883,142
4884,142
4885,142
4886,142
4887,142
4888,142
4889,142
4890,142
4891,142
4892,142
4893,142
4894,142
4895,142
4896,142
4897,142
4898,142
4899,141
4900,141
4901,142
4902,142
4903,142
4904,142
4905,142
4906,142
4907,142
4908,142
4909,142
4910,142
4911,142
4912,142
4913,142
4914,142
4915,142
4916,142
4917,142
4918,142
4919,142
4920,142
4921,142
4922,142
4923,141
4924,141
4925,141
4926,142
4927,142
4928,142
4929,142
4930,142
4931,141
4932,142
4933,142
4934,142
4935,142
4936,142
4937,142
4938,142
4939,142
4940,142
4941,142
4942,142
4943,142
4944,142
4945,142
4946,142
4947,142
4948,142
4949,142
4950,142
4951,142
4952,142
4953,142
4954,142
4955,142
4956,142
4957,142
4958,141
4959,141
4960,142
4961,141
4962,141
4963,141
4964,141
4965,141
4966,141
4967,141
4968,141
4969,141
4970,141
4971,141
4972,141
4973,141
4974,142
4975,142
4976,142
4977,142
4978,142
4979,142
4980,142
4981,142
4982,142
4983,142
4984,142
4985,142
4986,142
4987,142
4988,142
4989,142
4990,142
4991,142
4992,142
4993,142
4994,142
4995,141
4996,142
4997,142
4998,142
4999,142
5000,142
5001,142
5002,142
5003,142
5004,142
5005,142
5006,142
5007,142
5008,142
5009,142
5010,142
5011,142
5012,142
5013,142
5014,142
5015,142
5016,142
5017,142
5018,142
5019,142
5020,142
5021,141
5022,141
5023,142
5024,142
5025,142
5026,142
5027,142
5028,142
5029,142
5030,142
5031,142
5032,142
5033,142
5034,142
5035,142
5036,142
5037,142
5038,142
5039,142
5040,142
5041,142
5042,142
5043,142
5044,142
5045,142
5046,142
5047,142
5048,142
5049,142
5050,142
5051,142
5052,142
5053,142
5054,142
5055,142
5056,142
5057,142
5058,142
5059,142
5060,141
5061,142
5062,141
5063,141
5064,142
5065,142
5066,142
5067,142
5068,142
5069,142
5070,142
5071,142
5072,142
5073,141
5074,141
5075,141
5076,141
5077,141
5078,141
5079,141
5080,141
5081,141
5082,141
5083,141
5084,141
5085,141
5086,141
5087,141
5088,141
5089,141
5090,141
5091,141
5092,141
5093,141
5094,141
5095,141
5096,141
5097,141
5098,141
5099,141
5100,141
5101,141
5102,141
5103,141
5104,141
5105,141
5106,141
5107,141
5108,141
5109,141
5110,141
5111,141
5112,141
5113,141
5114,141
5115,141
5116,141
5117,141
5118,141
5119,141
5120,141
5121,141
5122,141
5123,141
5124,141
5125,141
5126,141
5127,141
5128,140
5129,140
5130,140
5131,140
5132,140
5133,140
5134,140
5135,140
5136,140
5137,140
5138,140
5139,141
5140,141
5141,140
5142,140
5143,140
5144,140
5145,140
5146,141
5147,141
5148,141
5149,140
5150,141
5151,141
5152,141
5153,141
5154,141
5155,141
5156,141
5157,141
5158,141
5159,140
5160,141
5161,141
5162,141
5163,141
5164,141
5165,141
5166,141
5167,141
5168,141
5169,141
5170,141
5171,141
5172,141
5173,141
5174,141
5175,141
5176,141
5177,141
5178,141
5179,141
5180,141
5181,141
5182,141
5183,140
5184,140
5185,140
5186,140
5187,140
5188,140
5189,140
5190,140
5191,140
5192,140
5193,140
5194,140
5195,140
5196,140
5197,140
5198,140
5199,140
5200,140
5201,140
5202,140
5203,140
5204,140
5205,140
5206,140
5207,140
5208,140
5209,140
5210,140
5211,140
5212,140
5213,140
5214,140
5215,140
5216,140
5217,140
5218,140
5219,140
5220,139
5221,139
5222,139
5223,139
5224,139
5225,139
5226,139
5227,139
5228,139
5229,139
5230,139
5231,139
5232,139
5233,139
5234,139
5235,139
5236,139
5237,139
5238,139
5239,139
5240,139
5241,139
5242,139
5243,139
5244,139
5245,139
5246,139
5247,139
5248,139
5249,139
5250,139
5251,138
5252,139
5253,138
5254,138
5255,139
5256,138
5257,138
5258,138
5259,138
5260,138
5261,138
5262,138
5263,138
5264,138
5265,138
5266,138
5267,138
5268,139
5269,139
5270,139
5271,138
5272,138
5273,139
5274,139
5275,139
5276,139
5277,139
5278,139
5279,139
5280,139
5281,139
5282,139
5283,138
5284,138
5285,138
5286,138
5287,138
5288,138
5289,138
5290,138
5291,138
5292,138
5293,137
5294,137
5295,138
5296,138
5297,138
5298,138
5299,138
5300,138
5301,138
5302,137
5303,137
5304,137
5305,137
5306,138
5307,138
5308,138
5309,138
5310,138
5311,137
5312,137
5313,137
5314,137
5315,137
5316,138
5317,138
5318,138
5319,138
5320,138
5321,138
5322,138
5323,138
5324,137
5325,138
5326,138
5327,138
5328,138
5329,138
5330,138
5331,138
5332,138
5333,138
5334,138
5335,138
5336,138
5337,138
5338,138
5339,138
5340,138
5341,138
5342,138
5343,138
5344,138
5345,138
5346,138
5347,138
5348,138
5349,138
5350,138
5351,138
5352,138
5353,138
5354,138
5355,138
5356,138
5357,138
5358,138
5359,138
5360,137
5361,138
5362,138
5363,138
5364,138
5365,138
5366,138
5367,138
5368,138
5369,137
5370,137
5371,137
5372,138
5373,138
5374,138
5375,138
5376,138
5377,138
5378,138
5379,138
5380,138
5381,138
5382,138
5383,138
5384,138
5385,138
5386,138
5387,138
5388,138
5389,137
5390,138
5391,138
5392,138
5393,138
5394,138
5395,138
5396,138
5397,138
5398,138
5399,138
5400,137
5401,137
5402,137
5403,137
5404,137
5405,137
5406,137
5407,137
5408,137
5409,137
5410,137
5411,137
5412,137
5413,137
5414,136
5415,137
5416,137
5417,137
5418,137
5419,137
5420,137
5421,137
5422,137
5423,137
5424,137
5425,137
5426,137
5427,137
5428,137
5429,137
5430,137
5431,137
5432,137
5433,137
5434,137
5435,137
5436,136
5437,136
5438,137
5439,137
5440,137
5441,137
5442,137
5443,136
5444,136
5445,137
5446,137
5447,137
5448,137
5449,137
5450,137
5451,137
5452,137
5453,137
5454,137
5455,137
5456,137
5457,137
5458,137
5459,137
5460,137
5461,137
5462,136
5463,137
5464,137
5465,136
5466,136
5467,136
5468,136
5469,136
5470,137
5471,137
5472,137
5473,137
5474,137
5475,137
5476,137
5477,137
5478,136
5479,137
5480,137
5481,137
5482,137
5483,137
5484,137
5485,137
5486,137
5487,136
5488,136
5489,136
5490,136
5491,136
5492,136
5493,137
5494,137
5495,137
5496,137
5497,136
5498,136
5499,136
5500,136
5501,136
5502,136
5503,136
5504,136
5505,136
5506,136
5507,137
5508,137
5509,137
5510,137
5511,137
5512,137
5513,137
5514,137
5515,137
5516,137
5517,137
5518,137
5519,137
5520,137
5521,137
5522,137
5523,137
5524,137
5525,137
5526,137
5527,137
5528,137
5529,137
5530,137
5531,137
5532,137
5533,137
5534,137
5535,137
5536,138
5537,138
5538,138
5539,138
5540,137
5541,138
5542,138
5543,138
5544,138
5545,138
5546,138
5547,138
5548,138
5549,138
5550,138
5551,138
5552,138
5553,138
5554,138
5555,138
5556,138
5557,138
5558,137
5559,138
5560,138
5561,138
5562,138
5563,138
5564,137
5565,137
5566,137
5567,137
5568,137
5569,137
5570,137
5571,137
5572,137
5573,137
5574,137
5575,137
5576,137
5577,137
5578,136
5579,137
5580,137
5581,137
5582,137
5583,137
5584,137
5585,137
5586,137
5587,137
5588,137
5589,137
5590,137
5591,137
5592,137
5593,137
5594,137
5595,137
5596,137
5597,137
5598,137
5599,137
5600,137
5601,137
5602,137
5603,137
5604,137
5605,137
5606,137
5607,137
5608,137
5609,137
5610,137
5611,137
5612,137
5613,137
5614,137
5615,137
5616,136
5617,137
5618,137
5619,137
5620,137
5621,137
5622,137
5623,137
5624,137
5625,137
5626,137
5627,137
5628,137
5629,137
5630,137
5631,137
5632,137
5633,137
5634,137
5635,137
5636,137
5637,137
5638,137
5639,137
5640,137
5641,137
5642,137
5643,137
5644,137
5645,137
5646,137
5647,137
5648,137
5649,137
5650,137
5651,137
5652,136
5653,137
5654,137
5655,137
5656,137
5657,137
5658,137
5659,137
5660,137
5661,137
5662,137
5663,137
5664,137
5665,137
5666,137
5667,137
5668,137
5669,137
5670,137
5671,137
5672,137
5673,137
5674,137
5675,137
5676,137
5677,137
5678,137
5679,136
5680,136
5681,136
5682,137
5683,137
5684,137
5685,137
5686,137
5687,137
5688,137
5689,137
5690,137
5691,137
5692,137
5693,137
5694,137
5695,137
5696,137
5697,137
5698,137
5699,137
5700,137
5701,137
5702,137
5703,137
5704,137
5705,136
5706,136
5707,136
5708,136
5709,136
5710,136
5711,137
5712,137
5713,137
5714,137
5715,137
5716,137
5717,137
5718,137
5719,137
5720,137
5721,137
5722,137
5723,137
5724,137
5725,137
5726,137
5727,137
5728,137
5729,137
5730,137
5731,137
5732,137
5733,137
5734,137
5735,137
5736,138
5737,138
5738,138
5739,138
5740,137
5741,137
5742,137
5743,137
5744,137
5745,137
5746,137
5747,137
5748,138
5749,138
5750,138
5751,138
5752,138
5753,138
5754,138
5755,138
5756,138
5757,138
5758,138
5759,138
5760,138
5761,138
5762,138
5763,138
5764,138
5765,138
5766,138
5767,138
5768,137
5769,137
5770,137
5771,137
5772,137
5773,137
5774,137
5775,137
5776,137
5777,137
5778,137
5779,137
5780,137
5781,137
5782,137
5783,137
5784,137
5785,137
5786,137
5787,137
5788,137
5789,137
5790,137
5791,137
5792,137
5793,137
5794,137
5795,137
5796,137
5797,137
5798,137
5799,137
5800,137
5801,137
5802,137
5803,137
5804,137
5805,137
5806,137
5807,137
5808,137
5809,138
5810,138
5811,138
5812,138
5813,137
5814,137
5815,137
5816,137
5817,137
5818,137
5819,136
5820,137
5821,137
5822,137
5823,136
5824,136
5825,136
5826,136
5827,136
5828,136
5829,136
5830,136
5831,136
5832,136
5833,136
5834,136
5835,136
5836,136
5837,136
5838,136
5839,136
5840,136
5841,136
5842,136
5843,136
5844,136
5845,136
5846,136
5847,136
5848,136
5849,137
5850,137
5851,137
5852,137
5853,137
5854,137
5855,137
5856,137
5857,137
5858,137
5859,137
5860,137
5861,137
5862,137
5863,137
5864,137
5865,136
5866,136
5867,136
5868,136
5869,136
5870,136
5871,136
5872,137
5873,137
5874,137
5875,137
5876,137
5877,137
5878,137
5879,137
5880,137
5881,137
5882,137
5883,137
5884,137
5885,137
5886,137
5887,137
5888,137
5889,137
5890,137
5891,137
5892,137
5893,137
5894,137
5895,137
5896,137
5897,136
5898,136
5899,136
5900,136
5901,136
5902,136
5903,136
5904,136
5905,136
5906,136
5907,136
5908,136
5909,136
5910,136
5911,136
5912,136
5913,136
5914,136
5915,136
5916,136
5917,136
5918,136
5919,136
5920,136
5921,136
5922,136
5923,136
5924,136
5925,136
5926,136
5927,136
5928,136
5929,136
5930,136
5931,136
5932,136
5933,136
5934,136
5935,136
5936,136
5937,136
5938,136
5939,136
5940,136
5941,136
5942,136
5943,136
5944,136
5945,136
5946,136
5947,136
5948,136
5949,136
5950,136
5951,136
5952,136
5953,136
5954,136
5955,136
5956,136
5957,136
5958,136
5959,136
5960,136
5961,137
5962,137
5963,137
5964,137
5965,137
5966,137
5967,137
5968,137
5969,137
5970,137
5971,137
5972,137
5973,137
5974,137
5975,137
5976,137
5977,137
5978,137
5979,137
5980,137
5981,137
5982,137
5983,137
5984,137
5985,137
5986,137
5987,137
5988,137
5989,137
5990,137
5991,137
5992,137
5993,137
5994,137
5995,137
5996,137
5997,137
5998,137
5999,137
6000,137
6001,137
6002,137
6003,137
6004,137
6005,137
6006,136
6007,137
6008,136
6009,136
6010,137
6011,137
6012,137
6013,137
6014,137
6015,137
6016,137
6017,136
6018,137
6019,137
6020,137
6021,137
6022,137
6023,137
6024,137
6025,137
6026,137
6027,137
6028,137
6029,137
6030,137
6031,137
6032,137
6033,137
6034,137
6035,137
6036,137
6037,137
6038,137
6039,137
6040,137
6041,137
6042,137
6043,137
6044,137
6045,137
6046,137
6047,137
6048,137
6049,137
6050,137
6051,137
6052,137
6053,137
6054,137
6055,137
6056,137
6057,137
6058,137
6059,137
6060,137
6061,137
6062,137
6063,137
6064,137
6065,137
6066,137
6067,137
6068,137
6069,137
6070,137
6071,137
6072,136
6073,137
6074,137
6075,137
6076,137
6077,137
6078,137
6079,137
6080,137
6081,137
6082,137
6083,137
6084,137
6085,137
6086,137
6087,137
6088,137
6089,137
6090,137
6091,137
6092,137
6093,137
6094,136
6095,136
6096,136
6097,136
6098,136
6099,136
6100,136
6101,136
6102,136
6103,136
6104,136
6105,136
6106,136
6107,136
6108,136
6109,136
6110,136
6111,136
6112,136
6113,136
6114,136
6115,136
6116,135
6117,136
6118,136
6119,136
6120,135
6121,136
6122,136
6123,136
6124,136
6125,136
6126,136
6127,136
6128,136
6129,136
6130,136
6131,136
6132,136
6133,136
6134,136
6135,136
6136,136
6137,136
6138,136
6139,136
6140,136
6141,136
6142,136
6143,136
6144,136
6145,136
6146,136
6147,136
6148,136
6149,136
6150,136
6151,136
6152,136
6153,136
6154,136
6155,136
6156,136
6157,136
6158,136
6159,136
6160,136
6161,136
6162,136
6163,136
6164,136
6165,136
6166,136
6167,136
6168,136
6169,136
6170,136
6171,136
6172,136
6173,136
6174,136
6175,137
6176,137
6177,137
6178,137
6179,137
6180,137
6181,137
6182,137
6183,137
6184,137
6185,137
6186,137
6187,137
6188,137
6189,137
6190,137
6191,137
6192,137
6193,137
6194,137
6195,137
6196,137
6197,137
6198,137
6199,137
6200,137
6201,137
6202,137
6203,136
6204,136
6205,137
6206,137
6207,136
6208,136
6209,136
6210,137
6211,137
6212,137
6213,137
6214,137
6215,137
6216,137
6217,137
6218,137
6219,137
6220,137
6221,137
6222,137
6223,137
6224,137
6225,137
6226,137
6227,137
6228,137
6229,137
6230,137
6231,137
6232,137
6233,137
6234,137
6235,136
6236,136
6237,136
6238,136
6239,136
6240,136
6241,136
6242,136
6243,136
6244,137
6245,137
6246,137
6247,137
6248,137
6249,137
6250,137
6251,137
6252,137
6253,137
6254,137
6255,137
6256,137
6257,137
6258,137
6259,137
6260,137
6261,137
6262,138
6263,138
6264,138
6265,138
6266,138
6267,138
6268,138
6269,138
6270,138
6271,138
6272,138
6273,138
6274,138
6275,138
6276,138
6277,138
6278,138
6279,138
6280,138
6281,138
6282,138
6283,137
6284,137
6285,137
6286,137
6287,138
6288,138
6289,138
6290,138
6291,138
6292,138
6293,139
6294,139
6295,138
6296,138
6297,138
6298,138
6299,139
6300,138
6301,138
6302,138
6303,138
6304,138
6305,138
6306,138
6307,138
6308,139
6309,139
6310,139
6311,139
6312,139
6313,139
6314,139
6315,139
6316,139
6317,139
6318,138
6319,138
6320,138
6321,138
6322,138
6323,139
6324,139
6325,139
6326,138
6327,139
6328,139
6329,139
6330,139
6331,139
6332,139
6333,138
6334,138
6335,138
6336,139
6337,139
6338,139
6339,138
6340,138
6341,138
6342,138
6343,139
6344,139
6345,139
6346,139
6347,139
6348,138
6349,139
6350,139
6351,139
6352,139
6353,139
6354,139
6355,139
6356,139
6357,139
6358,139
6359,139
6360,139
6361,139
6362,139
6363,139
6364,139
6365,139
6366,139
6367,139
6368,139
6369,139
6370,139
6371,139
6372,139
6373,139
6374,139
6375,139
6376,139
6377,139
6378,139
6379,139
6380,139
6381,139
6382,139
6383,139
6384,139
6385,139
6386,139
6387,139
6388,139
6389,138
6390,138
6391,138
6392,138
6393,138
6394,138
6395,138
6396,138
6397,138
6398,138
6399,139
6400,139
6401,139
6402,139
6403,139
6404,139
6405,138
6406,138
6407,139
6408,139
6409,139
6410,139
6411,139
6412,139
6413,139
6414,139
6415,139
6416,138
6417,138
6418,138
6419,138
6420,138
6421,139
6422,138
6423,138
6424,138
6425,138
6426,138
6427,139
6428,139
6429,139
6430,139
6431,139
6432,139
6433,139
6434,139
6435,139
6436,138
6437,139
6438,139
6439,139
6440,139
6441,139
6442,139
6443,139
6444,139
6445,139
6446,139
6447,139
6448,139
6449,139
6450,139
6451,139
6452,139
6453,139
6454,139
6455,139
6456,139
6457,139
6458,139
6459,139
6460,139
6461,139
6462,139
6463,139
6464,139
6465,139
6466,139
6467,139
6468,139
6469,139
6470,139
6471,139
6472,139
6473,139
6474,139
6475,139
6476,139
6477,139
6478,139
6479,139
6480,139
6481,139
6482,139
6483,139
6484,139
6485,139
6486,139
6487,139
6488,139
6489,139
6490,139
6491,139
6492,139
6493,139
6494,139
6495,140
6496,140
6497,140
6498,140
6499,139
6500,139
6501,139
6502,139
6503,139
6504,139
6505,139
6506,140
6507,140
6508,140
6509,140
6510,140
6511,140
6512,140
6513,140
6514,139
6515,140
6516,140
6517,140
6518,140
6519,140
6520,140
6521,140
6522,140
6523,140
6524,140
6525,140
6526,140
6527,140
6528,140
6529,140
6530,140
6531,139
6532,140
6533,140
6534,140
6535,140
6536,139
6537,139
6538,139
6539,140
6540,140
6541,140
6542,140
6543,140
6544,140
6545,140
6546,140
6547,140
6548,140
6549,140
6550,140
6551,140
6552,140
6553,140
6554,140
6555,140
6556,140
6557,140
6558,140
6559,140
6560,140
6561,140
6562,140
6563,140
6564,140
6565,139
6566,139
6567,139
6568,139
6569,139
6570,139
6571,139
6572,140
6573,140
6574,140
6575,140
6576,140
6577,140
6578,140
6579,140
6580,140
6581,140
6582,140
6583,140
6584,140
6585,140
6586,140
6587,140
6588,141
6589,141
6590,141
6591,141
6592,141
6593,141
6594,141
6595,141
6596,141
6597,141
6598,141
6599,141
6600,141
6601,141
6602,141
6603,141
6604,141
6605,141
6606,141
6607,141
6608,141
6609,141
6610,141
6611,141
6612,140
6613,140
6614,140
6615,140
6616,140
6617,140
6618,140
6619,140
6620,140
6621,141
6622,141
6623,141
6624,141
6625,141
6626,141
6627,141
6628,141
6629,141
6630,141
6631,141
6632,141
6633,141
6634,141
6635,141
6636,141
6637,141
6638,141
6639,141
6640,141
6641,141
6642,141
6643,141
6644,141
6645,141
6646,141
6647,141
6648,141
6649,141
6650,141
6651,141
6652,141
6653,141
6654,141
6655,141
6656,141
6657,141
6658,141
6659,141
6660,141
6661,141
6662,141
6663,141
6664,141
6665,141
6666,141
6667,141
6668,141
6669,141
6670,141
6671,141
6672,141
6673,141
6674,141
6675,141
6676,141
6677,141
6678,141
6679,141
6680,141
6681,141
6682,141
6683,141
6684,140
6685,141
6686,141
6687,141
6688,141
6689,141
6690,141
6691,141
6692,141
6693,141
6694,141
6695,140
6696,140
6697,140
6698,140
6699,140
6700,140
6701,140
6702,140
6703,140
6704,140
6705,140
6706,140
6707,140
6708,140
6709,140
6710,139
6711,139
6712,140
6713,140
6714,140
6715,140
6716,140
6717,140
6718,140
6719,140
6720,140
6721,140
6722,140
6723,140
6724,140
6725,140
6726,140
6727,140
6728,140
6729,140
6730,140
6731,140
6732,140
6733,140
6734,140
6735,139
6736,139
6737,139
6738,139
6739,139
6740,139
6741,139
6742,139
6743,139
6744,139
6745,139
6746,140
6747,140
6748,140
6749,140
6750,140
6751,140
6752,140
6753,140
6754,140
6755,140
6756,140
6757,140
6758,140
6759,140
6760,140
6761,140
6762,140
6763,139
6764,139
6765,139
6766,139
6767,139
6768,139
6769,139
6770,139
6771,139
6772,139
6773,139
6774,139
6775,139
6776,139
6777,139
6778,139
6779,139
6780,140
6781,140
6782,140
6783,140
6784,140
6785,140
6786,140
6787,140
6788,140
6789,140
6790,140
6791,140
6792,140
6793,140
6794,140
6795,140
6796,140
6797,140
6798,140
6799,140
6800,140
6801,140
6802,140
6803,140
6804,140
6805,140
6806,140
6807,140
6808,140
6809,140
6810,140
6811,140
6812,140
6813,140
6814,140
6815,140
6816,140
6817,140
6818,140
6819,140
6820,140
6821,140
6822,140
6823,140
6824,140
6825,140
6826,140
6827,140
6828,140
6829,140
6830,140
6831,140
6832,140
6833,140
6834,140
6835,140
6836,140
6837,140
6838,140
6839,140
6840,140
6841,140
6842,139
6843,140
6844,140
6845,140
6846,140
6847,140
6848,140
6849,140
6850,140
6851,140
6852,140
6853,140
6854,140
6855,140
6856,140
6857,140
6858,140
6859,141
6860,141
6861,141
6862,141
6863,141
6864,141
6865,141
6866,141
6867,141
6868,141
6869,141
6870,141
6871,141
6872,141
6873,141
6874,142
6875,142
6876,142
6877,142
6878,142
6879,141
6880,142
6881,142
6882,142
6883,142
6884,142
6885,142
6886,142
6887,142
6888,142
6889,142
6890,142
6891,142
6892,141
6893,141
6894,141
6895,142
6896,142
6897,142
6898,142
6899,142
6900,142
6901,142
6902,142
6903,142
6904,142
6905,142
6906,142
6907,142
6908,142
6909,142
6910,142
6911,142
6912,142
6913,142
6914,142
6915,142
6916,142
6917,142
6918,142
6919,142
6920,142
6921,142
6922,142
6923,142
6924,142
6925,142
6926,142
6927,143
6928,143
6929,143
6930,143
6931,143
6932,143
6933,143
6934,143
6935,143
6936,143
6937,143
6938,143
6939,143
6940,142
6941,142
6942,142
6943,142
6944,142
6945,142
6946,142
6947,143
6948,143
6949,142
6950,142
6951,142
6952,142
6953,142
6954,142
6955,142
6956,142
6957,142
6958,142
6959,142
6960,142
6961,142
6962,142
6963,142
6964,142
6965,142
6966,142
6967,142
6968,142
6969,142
6970,142
6971,142
6972,142
6973,142
6974,141
6975,141
6976,141
6977,141
6978,142
6979,142
6980,141
6981,141
6982,141
6983,141
6984,142
6985,142
6986,142
6987,142
6988,142
6989,142
6990,142
6991,142
6992,142
6993,142
6994,142
6995,142
6996,142
6997,142
6998,142
6999,142
7000,142
7001,142
7002,142
7003,142
7004,142
7005,142
7006,142
7007,142
7008,142
7009,142
7010,142
7011,142
7012,142
7013,142
7014,142
7015,142
7016,142
7017,142
7018,142
7019,142
7020,142
7021,142
7022,142
7023,142
7024,142
7025,141
7026,142
7027,142
7028,142
7029,142
7030,142
7031,142
7032,142
7033,143
7034,143
7035,143
7036,143
7037,143
7038,143
7039,143
7040,143
7041,143
7042,143
7043,143
7044,143
7045,142
7046,142
7047,143
7048,143
7049,143
7050,143
7051,143
7052,143
7053,143
7054,143
7055,143
7056,143
7057,142
7058,142
7059,142
7060,142
7061,142
7062,143
7063,143
7064,143
7065,143
7066,143
7067,143
7068,143
7069,143
7070,143
7071,143
7072,143
7073,143
7074,143
7075,143
7076,143
7077,143
7078,143
7079,143
7080,143
7081,143
7082,143
7083,143
7084,143
7085,142
7086,143
7087,143
7088,143
7089,143
7090,143
7091,143
7092,143
7093,143
7094,143
7095,143
7096,143
7097,143
7098,143
7099,143
7100,143
7101,143
7102,143
7103,143
7104,143
7105,143
7106,143
7107,143
7108,143
7109,143
7110,144
7111,144
7112,144
7113,144
7114,144
7115,144
7116,144
7117,144
7118,144
7119,144
7120,144
7121,144
7122,144
7123,144
7124,145
7125,145
7126,145
7127,145
7128,145
7129,145
7130,145
7131,145
7132,145
7133,145
7134,145
7135,145
7136,145
7137,145
7138,145
7139,145
7140,145
7141,145
7142,145
7143,145
7144,145
7145,145
7146,145
7147,145
7148,145
7149,145
7150,145
7151,145
7152,145
7153,145
7154,145
7155,145
7156,145
7157,145
7158,146
7159,145
7160,145
7161,145
7162,145
7163,145
7164,145
7165,145
7166,145
7167,145
7168,145
7169,145
7170,145
7171,145
7172,145
7173,145
7174,145
7175,145
7176,145
7177,145
7178,145
7179,145
7180,145
7181,145
7182,145
7183,145
7184,145
7185,145
7186,145
7187,145
7188,144
7189,144
7190,144
7191,144
7192,144
7193,144
7194,145
7195,145
7196,144
7197,144
7198,144
7199,144
7200,144
7201,144
7202,144
7203,144
7204,145
7205,145
7206,145
7207,145
7208,145
7209,145
7210,145
7211,145
7212,144
7213,144
7214,144
7215,144
7216,144
7217,145
7218,145
7219,144
7220,145
7221,145
7222,145
7223,145
7224,145
7225,145
7226,145
7227,145
7228,145
7229,145
7230,145
7231,145
7232,145
7233,145
7234,145
7235,145
7236,145
7237,145
7238,145
7239,145
7240,145
7241,145
7242,145
7243,145
7244,145
7245,145
7246,145
7247,144
7248,144
7249,144
7250,144
7251,144
7252,144
7253,145
7254,144
7255,144
7256,145
7257,145
7258,144
7259,145
7260,145
7261,145
7262,145
7263,145
7264,145
7265,144
7266,144
7267,144
7268,144
7269,144
7270,144
7271,144
7272,144
7273,144
7274,144
7275,144
7276,144
7277,144
7278,144
7279,144
7280,143
7281,143
7282,143
7283,143
7284,144
7285,144
7286,144
7287,144
7288,144
7289,144
7290,144
7291,143
7292,143
7293,143
7294,143
7295,143
7296,144
7297,144
7298,144
7299,144
7300,144
7301,144
7302,144
7303,143
7304,144
7305,144
7306,144
7307,144
7308,144
7309,144
7310,144
7311,144
7312,144
7313,144
7314,144
7315,144
7316,144
7317,144
7318,144
7319,144
7320,144
7321,144
7322,144
7323,143
7324,144
7325,144
7326,144
7327,144
7328,144
7329,144
7330,144
7331,144
7332,144
7333,144
7334,143
7335,144
7336,144
7337,144
7338,144
7339,144
7340,144
7341,144
7342,144
7343,144
7344,144
7345,144
7346,144
7347,144
7348,144
7349,144
7350,144
7351,144
7352,144
7353,144
7354,144
7355,144
7356,144
7357,145
7358,145
7359,145
7360,145
7361,145
7362,145
7363,145
7364,145
7365,145
7366,145
7367,145
7368,145
7369,145
7370,145
7371,145
7372,145
7373,146
7374,146
7375,146
7376,146
7377,146
7378,146
7379,146
7380,146
7381,145
7382,146
7383,146
7384,146
7385,146
7386,146
7387,146
7388,146
7389,146
7390,146
7391,146
7392,146
7393,146
7394,146
7395,146
7396,146
7397,146
7398,146
7399,147
7400,146
7401,146
7402,146
7403,146
7404,146
7405,146
7406,146
7407,146
7408,146
7409,146
7410,146
7411,146
7412,146
7413,147
7414,146
7415,146
7416,146
7417,146
7418,146
7419,146
7420,146
7421,146
7422,146
7423,146
7424,147
7425,147
7426,147
7427,147
7428,147
7429,146
7430,146
7431,146
7432,146
7433,146
7434,146
7435,146
7436,146
7437,146
7438,146
7439,146
7440,146
7441,146
7442,146
7443,146
7444,146
7445,146
7446,147
7447,147
7448,147
7449,147
7450,147
7451,147
7452,147
7453,147
7454,147
7455,147
7456,147
7457,147
7458,147
7459,147
7460,147
7461,147
7462,147
7463,147
7464,147
7465,147
7466,147
7467,147
7468,146
7469,146
7470,146
7471,147
7472,147
7473,147
7474,147
7475,147
7476,147
7477,147
7478,147
7479,147
7480,147
7481,147
7482,147
7483,147
7484,147
7485,147
7486,147
7487,147
7488,147
7489,147
7490,147
7491,147
7492,147
7493,147
7494,147
7495,147
7496,147
7497,147
7498,147
7499,146
7500,147
7501,147
7502,147
7503,147
7504,147
7505,147
7506,147
7507,147
7508,147
7509,147
7510,147
7511,147
7512,147
7513,147
7514,147
7515,147
7516,147
7517,147
7518,147
7519,147
7520,147
7521,147
7522,147
7523,147
7524,147
7525,147
7526,147
7527,147
7528,147
7529,147
7530,147
7531,147
7532,146
7533,146
7534,146
7535,146
7536,146
7537,146
7538,146
7539,146
7540,146
7541,146
7542,146
7543,146
7544,146
7545,146
7546,146
7547,146
7548,146
7549,146
7550,146
7551,146
7552,146
7553,146
7554,146
7555,146
7556,146
7557,146
7558,146
7559,146
7560,146
7561,146
7562,146
7563,146
7564,146
7565,146
7566,146
7567,146
7568,146
7569,146
7570,146
7571,146
7572,146
7573,146
7574,146
7575,146
7576,146
7577,146
7578,146
7579,146
7580,146
7581,146
7582,146
7583,146
7584,146
7585,146
7586,146
7587,146
7588,146
7589,145
7590,146
7591,146
7592,146
7593,146
7594,146
7595,146
7596,146
7597,146
7598,146
7599,146
7600,146
7601,146
7602,145
7603,145
7604,146
7605,146
7606,146
7607,145
7608,145
7609,146
7610,146
7611,145
7612,145
7613,145
7614,145
7615,146
7616,145
7617,146
7618,146
7619,146
7620,146
7621,145
7622,145
7623,145
7624,145
7625,145
7626,145
7627,145
7628,145
7629,145
7630,145
7631,145
7632,145
7633,145
7634,145
7635,145
7636,145
7637,145
7638,145
7639,145
7640,145
7641,145
7642,145
7643,145
7644,144
7645,145
7646,144
7647,145
7648,145
7649,144
7650,144
7651,144
7652,144
7653,144
7654,144
7655,144
7656,144
7657,144
7658,144
7659,144
7660,144
7661,144
7662,144
7663,144
7664,144
7665,144
7666,144
7667,144
7668,144
7669,144
7670,144
7671,144
7672,144
7673,144
7674,144
7675,144
7676,144
7677,143
7678,144
7679,144
7680,144
7681,144
7682,144
7683,144
7684,144
7685,144
7686,144
7687,144
7688,143
7689,144
7690,144
7691,144
7692,143
7693,143
7694,143
7695,143
7696,143
7697,143
7698,143
7699,143
7700,144
7701,143
7702,143
7703,143
7704,143
7705,143
7706,143
7707,143
7708,143
7709,143
7710,143
7711,143
7712,143
7713,143
7714,143
7715,144
7716,144
7717,144
7718,143
7719,143
7720,143
7721,143
7722,143
7723,143
7724,143
7725,143
7726,143
7727,144
7728,144
7729,144
7730,144
7731,144
7732,144
7733,144
7734,144
7735,144
7736,144
7737,144
7738,144
7739,144
7740,144
7741,144
7742,144
7743,144
7744,144
7745,144
7746,144
7747,144
7748,144
7749,144
7750,144
7751,144
7752,144
7753,144
7754,143
7755,143
7756,143
7757,143
7758,143
7759,143
7760,143
7761,143
7762,143
7763,143
7764,143
7765,143
7766,143
7767,143
7768,143
7769,143
7770,142
7771,142
7772,142
7773,142
7774,142
7775,142
7776,142
7777,142
7778,142
7779,143
7780,143
7781,143
7782,143
7783,143
7784,143
7785,143
7786,143
7787,143
7788,143
7789,144
7790,144
7791,144
7792,144
7793,144
7794,144
7795,144
7796,144
7797,144
7798,144
7799,144
7800,144
7801,144
7802,144
7803,144
7804,144
7805,144
7806,144
7807,144
7808,144
7809,143
7810,143
7811,143
7812,143
7813,143
7814,143
7815,143
7816,143
7817,143
7818,143
7819,143
7820,142
7821,143
7822,143
7823,143
7824,143
7825,143
7826,143
7827,143
7828,143
7829,143
7830,143
7831,143
7832,143
7833,143
7834,143
7835,143
7836,143
7837,143
7838,143
7839,143
7840,143
7841,143
7842,143
7843,143
7844,143
7845,143
7846,143
7847,143
7848,143
7849,143
7850,143
7851,143
7852,143
7853,143
7854,143
7855,143
7856,143
7857,143
7858,143
7859,143
7860,143
7861,143
7862,143
7863,143
7864,143
7865,143
7866,143
7867,143
7868,143
7869,143
7870,143
7871,143
7872,142
7873,142
7874,142
7875,142
7876,142
7877,142
7878,142
7879,142
7880,142
7881,142
7882,142
7883,142
7884,142
7885,142
7886,142
7887,142
7888,142
7889,142
7890,142
7891,142
7892,142
7893,142
7894,142
7895,142
7896,141
7897,142
7898,142
7899,142
7900,142
7901,142
7902,142
7903,142
7904,142
7905,142
7906,142
7907,142
7908,142
7909,143
7910,143
7911,143
7912,143
7913,143
7914,143
7915,143
7916,143
7917,143
7918,143
7919,143
7920,143
7921,143
7922,144
7923,144
7924,144
7925,144
7926,144
7927,144
7928,143
7929,143
7930,143
7931,144
7932,143
7933,143
7934,143
7935,143
7936,143
7937,143
7938,143
7939,143
7940,143
7941,143
7942,143
7943,143
7944,143
7945,143
7946,143
7947,143
7948,143
7949,143
7950,143
7951,143
7952,143
7953,143
7954,143
7955,143
7956,143
7957,143
7958,142
7959,142
7960,142
7961,142
7962,142
7963,142
7964,142
7965,142
7966,142
7967,142
7968,142
7969,142
7970,142
7971,142
7972,142
7973,142
7974,142
7975,142
7976,142
7977,142
7978,142
7979,142
7980,142
7981,142
7982,142
7983,142
7984,142
7985,142
7986,142
7987,142
7988,142
7989,142
7990,142
7991,142
7992,142
7993,142
7994,142
7995,142
7996,142
7997,141
7998,142
7999,142
8000,142
8001,142
8002,142
8003,142
8004,142
8005,142
8006,142
8007,142
8008,142
8009,142
8010,142
8011,141
8012,142
8013,141
8014,141
8015,141
8016,141
8017,141
8018,142
8019,142
8020,142
8021,142
8022,142
8023,142
8024,142
8025,141
8026,141
8027,142
8028,142
8029,142
8030,141
8031,141
8032,141
8033,142
8034,142
8035,142
8036,142
8037,142
8038,142
8039,142
8040,142
8041,142
8042,142
8043,141
8044,142
8045,142
8046,142
8047,142
8048,142
8049,142
8050,142
8051,141
8052,141
8053,141
8054,141
8055,141
8056,141
8057,141
8058,142
8059,142
8060,142
8061,142
8062,142
8063,142
8064,142
8065,142
8066,142
8067,142
8068,142
8069,142
8070,142
8071,142
8072,142
8073,142
8074,142
8075,142
8076,142
8077,142
8078,142
8079,142
8080,142
8081,142
8082,142
8083,142
8084,142
8085,142
8086,142
8087,142
8088,142
8089,142
8090,142
8091,142
8092,142
8093,142
8094,142
8095,142
8096,142
8097,142
8098,142
8099,142
8100,142
8101,142
8102,141
8103,142
8104,142
8105,142
8106,142
8107,142
8108,142
8109,142
8110,142
8111,142
8112,142
8113,141
8114,141
8115,141
8116,141
8117,141
8118,141
8119,141
8120,141
8121,141
8122,141
8123,141
8124,142
8125,142
8126,142
8127,142
8128,142
8129,142
8130,141
8131,141
8132,141
8133,141
8134,141
8135,141
8136,142
8137,141
8138,142
8139,142
8140,142
8141,142
8142,142
8143,142
8144,142
8145,142
8146,142
8147,142
8148,143
8149,143
8150,142
8151,142
8152,142
8153,143
8154,143
8155,143
8156,143
8157,143
8158,143
8159,142
8160,142
8161,142
8162,142
8163,142
8164,142
8165,142
8166,142
8167,142
8168,142
8169,142
8170,142
8171,142
8172,142
8173,142
8174,142
8175,142
8176,142
8177,142
8178,142
8179,142
8180,142
8181,142
8182,142
8183,142
8184,142
8185,142
8186,142
8187,142
8188,142
8189,142
8190,142
8191,143
8192,143
8193,143
8194,143
8195,143
8196,143
8197,142
8198,143
8199,143
8200,143
8201,143
8202,143
8203,143
8204,143
8205,142
8206,143
8207,143
8208,143
8209,143
8210,143
8211,143
8212,143
8213,143
8214,143
8215,143
8216,143
8217,143
8218,143
8219,143
8220,143
8221,143
8222,143
8223,143
8224,143
8225,143
8226,143
8227,143
8228,143
8229,143
8230,143
8231,143
8232,143
8233,143
8234,143
8235,143
8236,143
8237,142
8238,143
8239,143
8240,143
8241,143
8242,143
8243,143
8244,143
8245,143
8246,143
8247,143
8248,143
8249,143
8250,143
8251,143
8252,143
8253,144
8254,144
8255,144
8256,144
8257,144
8258,144
8259,144
8260,144
8261,144
8262,144
8263,144
8264,144
8265,144
8266,144
8267,144
8268,144
8269,144
8270,144
8271,144
8272,144
8273,144
8274,144
8275,144
8276,144
8277,144
8278,144
8279,144
8280,144
8281,144
8282,144
8283,144
8284,144
8285,144
8286,144
8287,144
8288,144
8289,144
8290,144
8291,144
8292,144
8293,144
8294,144
8295,144
8296,144
8297,144
8298,144
8299,144
8300,144
8301,144
8302,144
8303,144
8304,144
8305,144
8306,144
8307,144
8308,144
8309,143
8310,143
8311,143
8312,143
8313,144
8314,144
8315,144
8316,144
8317,144
8318,144
8319,144
8320,143
8321,143
8322,143
8323,143
8324,143
8325,143
8326,143
8327,143
8328,143
8329,143
8330,143
8331,143
8332,143
8333,143
8334,144
8335,144
8336,144
8337,144
8338,144
8339,144
8340,144
8341,144
8342,144
8343,144
8344,144
8345,143
8346,144
8347,144
8348,144
8349,144
8350,144
8351,144
8352,144
8353,144
8354,144
8355,144
8356,144
8357,144
8358,144
8359,144
8360,144
8361,144
8362,144
8363,143
8364,143
8365,143
8366,143
8367,143
8368,143
8369,143
8370,143
8371,143
8372,144
8373,144
8374,144
8375,144
8376,144
8377,144
8378,144
8379,144
8380,144
8381,144
8382,144
8383,144
8384,144
8385,144
8386,144
8387,143
8388,143
8389,143
8390,144
8391,144
8392,143
8393,143
8394,143
8395,143
8396,144
8397,144
8398,144
8399,144
8400,143
8401,143
8402,143
8403,143
8404,143
8405,144
8406,144
8407,143
8408,143
8409,144
8410,144
8411,144
8412,143
8413,143
8414,143
8415,143
8416,143
8417,143
8418,143
8419,143
8420,143
8421,143
8422,144
8423,144
8424,144
8425,144
8426,144
8427,144
8428,144
8429,144
8430,144
8431,144
8432,144
8433,144
8434,144
8435,144
8436,144
8437,144
8438,144
8439,144
8440,144
8441,144
8442,144
8443,144
8444,144
8445,144
8446,144
8447,144
8448,144
8449,144
8450,144
8451,144
8452,144
8453,144
8454,144
8455,144
8456,144
8457,144
8458,145
8459,145
8460,145
8461,145
8462,145
8463,145
8464,145
8465,145
8466,145
8467,145
8468,145
8469,145
8470,145
8471,144
8472,145
8473,144
8474,145
8475,145
8476,145
8477,145
8478,145
8479,144
8480,144
8481,145
8482,145
8483,145
8484,145
8485,145
8486,144
8487,145
8488,145
8489,144
8490,144
8491,145
8492,145
8493,145
8494,145
8495,145
8496,145
8497,145
8498,145
8499,145
8500,145
8501,145
8502,145
8503,145
8504,145
8505,145
8506,145
8507,145
8508,145
8509,145
8510,145
8511,145
8512,145
8513,145
8514,145
8515,145
8516,144
8517,145
8518,144
8519,144
8520,144
8521,144
8522,144
8523,144
8524,144
8525,144
8526,144
8527,144
8528,144
8529,143
8530,143
8531,143
8532,143
8533,143
8534,143
8535,144
8536,144
8537,144
8538,144
8539,144
8540,144
8541,144
8542,144
8543,144
8544,144
8545,144
8546,144
8547,144
8548,143
8549,144
8550,144
8551,144
8552,144
8553,144
8554,144
8555,143
8556,143
8557,143
8558,143
8559,144
8560,144
8561,143
8562,143
8563,144
8564,144
8565,144
8566,144
8567,144
8568,144
8569,144
8570,144
8571,144
8572,144
8573,144
8574,144
8575,144
8576,144
8577,144
8578,144
8579,144
8580,144
8581,144
8582,144
8583,144
8584,144
8585,144
8586,144
8587,144
8588,144
8589,144
8590,144
8591,144
8592,144
8593,144
8594,144
8595,144
8596,144
8597,144
8598,144
8599,144
8600,144
8601,144
8602,144
8603,144
8604,144
8605,144
8606,144
8607,144
8608,144
8609,144
8610,144
8611,144
8612,144
8613,144
8614,144
8615,144
8616,144
8617,144
8618,144
8619,144
8620,144
8621,144
8622,144
8623,144
8624,144
8625,144
8626,144
8627,144
8628,144
8629,144
8630,144
8631,144
8632,144
8633,144
8634,144
8635,144
8636,144
8637,144
8638,144
8639,144
8640,144
8641,144
8642,144
8643,144
8644,144
8645,144
8646,144
8647,143
8648,143
8649,144
8650,144
8651,143
8652,143
8653,143
8654,143
8655,143
8656,143
8657,143
8658,143
8659,143
8660,143
8661,143
8662,144
8663,143
8664,143
8665,143
8666,143
8667,143
8668,143
8669,143
8670,143
8671,143
8672,143
8673,143
8674,144
8675,144
8676,144
8677,144
8678,144
8679,144
8680,144
8681,144
8682,144
8683,144
8684,144
8685,144
8686,144
8687,144
8688,144
8689,144
8690,144
8691,144
8692,144
8693,144
8694,144
8695,144
8696,144
8697,144
8698,143
8699,143
8700,143
8701,143
8702,143
8703,143
8704,144
8705,144
8706,144
8707,143
8708,143
8709,143
8710,143
8711,143
8712,143
8713,143
8714,143
8715,143
8716,144
8717,143
8718,143
8719,143
8720,144
8721,144
8722,144
8723,144
8724,144
8725,144
8726,144
8727,144
8728,144
8729,144
8730,144
8731,144
8732,144
8733,143
8734,144
8735,144
8736,144
8737,144
8738,144
8739,144
8740,143
8741,144
8742,143
8743,143
8744,144
8745,144
8746,144
8747,144
8748,144
8749,144
8750,144
8751,144
8752,144
8753,144
8754,144
8755,144
8756,144
8757,144
8758,144
8759,144
8760,144
8761,144
8762,144
8763,144
8764,144
8765,144
8766,144
8767,144
8768,144
8769,144
8770,144
8771,144
8772,144
8773,144
8774,144
8775,144
8776,143
8777,144
8778,143
8779,143
8780,143
8781,143
8782,143
8783,143
8784,143
8785,143
8786,143
8787,143
8788,143
8789,143
8790,143
8791,143
8792,143
8793,143
8794,143
8795,143
8796,143
8797,143
8798,143
8799,143
8800,143
8801,143
8802,143
8803,142
8804,142
8805,142
8806,143
8807,143
8808,143
8809,143
8810,143
8811,143
8812,143
8813,143
8814,143
8815,143
8816,143
8817,143
8818,142
8819,142
8820,142
8821,142
8822,142
8823,143
8824,143
8825,142
8826,142
8827,142
8828,142
8829,142
8830,142
8831,142
8832,142
8833,142
8834,142
8835,142
8836,142
8837,142
8838,142
8839,142
8840,142
8841,142
8842,142
8843,142
8844,142
8845,142
8846,142
8847,142
8848,142
8849,142
8850,142
8851,142
8852,142
8853,142
8854,142
8855,142
8856,142
8857,142
8858,142
8859,142
8860,142
8861,142
8862,142
8863,142
8864,141
8865,141
8866,141
8867,141
8868,141
8869,141
8870,141
8871,141
8872,141
8873,141
8874,141
8875,141
8876,141
8877,141
8878,141
8879,141
8880,141
8881,141
8882,141
8883,141
8884,141
8885,141
8886,141
8887,141
8888,141
8889,141
8890,141
8891,141
8892,141
8893,141
8894,141
8895,141
8896,141
8897,141
8898,141
8899,141
8900,141
8901,141
8902,141
8903,141
8904,141
8905,141
8906,141
8907,140
8908,141
8909,141
8910,141
8911,140
8912,140
8913,140
8914,140
8915,140
8916,140
8917,140
8918,140
8919,140
8920,140
8921,140
8922,140
8923,140
8924,140
8925,140
8926,140
8927,140
8928,140
8929,140
8930,140
8931,140
8932,140
8933,140
8934,140
8935,140
8936,140
8937,140
8938,140
8939,140
8940,140
8941,140
8942,140
8943,140
8944,140
8945,140
8946,140
8947,140
8948,140
8949,140
8950,140
8951,140
8952,140
8953,140
8954,140
8955,140
8956,140
8957,139
8958,139
8959,140
8960,140
8961,140
8962,140
8963,140
8964,140
8965,140
8966,140
8967,140
8968,140
8969,140
8970,140
8971,140
8972,140
8973,139
8974,139
8975,139
8976,139
8977,139
8978,140
8979,139
8980,139
8981,139
8982,139
8983,139
8984,139
8985,139
8986,139
8987,139
8988,140
8989,140
8990,140
8991,140
8992,140
8993,140
8994,140
8995,140
8996,139
8997,139
8998,139
8999,139
9000,139
9001,139
9002,139
9003,139
9004,139
9005,139
9006,139
9007,139
9008,139
9009,139
9010,139
9011,139
9012,139
9013,139
9014,139
9015,139
9016,139
9017,139
9018,139
9019,139
9020,139
9021,139
9022,139
9023,139
9024,139
9025,139
9026,139
9027,139
9028,139
9029,138
9030,138
9031,139
9032,139
9033,139
9034,139
9035,139
9036,139
9037,138
9038,138
9039,138
9040,138
9041,138
9042,138
9043,138
9044,138
9045,138
9046,138
9047,138
9048,138
9049,138
9050,138
9051,138
9052,138
9053,138
9054,138
9055,138
9056,137
9057,137
9058,137
9059,137
9060,138
9061,138
9062,138
9063,138
9064,138
9065,138
9066,138
9067,138
9068,138
9069,138
9070,138
9071,138
9072,138
9073,138
9074,138
9075,138
9076,138
9077,138
9078,138
9079,138
9080,138
9081,138
9082,138
9083,138
9084,137
9085,137
9086,137
9087,137
9088,137
9089,137
9090,137
9091,137
9092,137
9093,137
9094,137
9095,137
9096,137
9097,137
9098,137
9099,137
9100,136
9101,136
9102,136
9103,137
9104,137
9105,137
9106,137
9107,137
9108,137
9109,137
9110,136
9111,137
9112,137
9113,137
9114,137
9115,137
9116,137
9117,137
9118,137
9119,137
9120,137
9121,137
9122,137
9123,137
9124,137
9125,137
9126,136
9127,137
9128,137
9129,136
9130,136
9131,136
9132,137
9133,137
9134,137
9135,137
9136,137
9137,137
9138,137
9139,137
9140,137
9141,137
9142,137
9143,137
9144,137
9145,137
9146,137
9147,137
9148,137
9149,137
9150,137
9151,137
9152,137
9153,136
9154,137
9155,137
9156,137
9157,137
9158,137
9159,137
9160,137
9161,137
9162,137
9163,137
9164,137
9165,137
9166,137
9167,137
9168,137
9169,137
9170,137
9171,137
9172,137
9173,137
9174,137
9175,137
9176,137
9177,137
9178,137
9179,137
9180,137
9181,137
9182,137
9183,136
9184,137
9185,137
9186,137
9187,137
9188,137
9189,137
9190,137
9191,137
9192,136
9193,136
9194,136
9195,136
9196,136
9197,136
9198,136
9199,136
9200,136
9201,136
9202,136
9203,136
9204,136
9205,136
9206,136
9207,136
9208,136
9209,136
9210,136
9211,136
9212,136
9213,137
9214,137
9215,137
9216,137
9217,137
9218,136
9219,136
9220,137
9221,137
9222,137
9223,137
9224,137
9225,137
9226,137
9227,137
9228,137
9229,137
9230,137
9231,137
9232,136
9233,136
9234,136
9235,137
9236,136
9237,136
9238,136
9239,136
9240,136
9241,136
9242,136
9243,136
9244,136
9245,136
9246,136
9247,136
9248,136
9249,136
9250,136
9251,135
9252,135
9253,135
9254,135
9255,135
9256,136
9257,135
9258,135
9259,135
9260,135
9261,135
9262,135
9263,135
9264,135
9265,135
9266,136
9267,136
9268,136
9269,136
9270,136
9271,136
9272,136
9273,136
9274,136
9275,136
9276,136
9277,136
9278,136
9279,136
9280,136
9281,136
9282,136
9283,136
9284,136
9285,136
9286,136
9287,136
9288,136
9289,136
9290,136
9291,136
9292,135
9293,135
9294,135
9295,135
9296,135
9297,135
9298,135
9299,135
9300,135
9301,135
9302,135
9303,135
9304,135
9305,135
9306,135
9307,135
9308,135
9309,135
9310,135
9311,135
9312,135
9313,135
9314,135
9315,135
9316,135
9317,135
9318,135
9319,135
9320,135
9321,135
9322,135
9323,135
9324,135
9325,135
9326,135
9327,135
9328,135
9329,135
9330,135
9331,134
9332,134
9333,134
9334,134
9335,134
9336,134
9337,134
9338,134
9339,134
9340,135
9341,134
9342,134
9343,134
9344,134
9345,134
9346,134
9347,134
9348,134
9349,134
9350,134
9351,134
9352,134
9353,134
9354,134
9355,134
9356,134
9357,134
9358,134
9359,134
9360,134
9361,134
9362,134
9363,134
9364,134
9365,134
9366,134
9367,134
9368,134
9369,134
9370,134
9371,134
9372,134
9373,134
9374,133
9375,133
9376,134
9377,134
9378,133
9379,133
9380,133
9381,133
9382,133
9383,133
9384,133
9385,133
9386,133
9387,133
9388,133
9389,133
9390,132
9391,132
9392,133
9393,133
9394,133
9395,133
9396,132
9397,133
9398,133
9399,133
9400,132
9401,132
9402,133
9403,133
9404,133
9405,133
9406,133
9407,133
9408,133
9409,133
9410,133
9411,133
9412,133
9413,133
9414,133
9415,133
9416,133
9417,133
9418,133
9419,133
9420,133
9421,133
9422,133
9423,133
9424,134
9425,134
9426,134
9427,134
9428,134
9429,134
9430,134
9431,134
9432,134
9433,134
9434,134
9435,134
9436,134
9437,134
9438,134
9439,134
9440,134
9441,134
9442,134
9443,134
9444,134
9445,134
9446,134
9447,134
9448,134
9449,134
9450,134
9451,134
9452,134
9453,134
9454,134
9455,134
9456,134
9457,134
9458,134
9459,134
9460,134
9461,134
9462,134
9463,134
9464,134
9465,134
9466,134
9467,134
9468,134
9469,134
9470,134
9471,134
9472,134
9473,134
9474,134
9475,133
9476,134
9477,134
9478,134
9479,133
9480,134
9481,134
9482,134
9483,134
9484,134
9485,134
9486,134
9487,134
9488,134
9489,134
9490,134
9491,134
9492,134
9493,134
9494,134
9495,134
9496,134
9497,134
9498,134
9499,134
9500,134
9501,134
9502,134
9503,134
9504,134
9505,134
9506,134
9507,134
9508,134
9509,134
9510,135
9511,135
9512,135
9513,135
9514,135
9515,135
9516,135
9517,134
9518,134
9519,134
9520,134
9521,134
9522,134
9523,134
9524,134
9525,134
9526,134
9527,134
9528,134
9529,134
9530,134
9531,134
9532,134
9533,134
9534,134
9535,134
9536,134
9537,134
9538,134
9539,134
9540,134
9541,134
9542,134
9543,134
9544,134
9545,134
9546,134
9547,134
9548,134
9549,134
9550,134
9551,135
9552,135
9553,135
9554,135
9555,135
9556,135
9557,135
9558,135
9559,135
9560,136
9561,136
9562,136
9563,136
9564,136
9565,135
9566,136
9567,136
9568,136
9569,136
9570,136
9571,136
9572,136
9573,135
9574,135
9575,135
9576,135
9577,135
9578,135
9579,135
9580,135
9581,135
9582,135
9583,135
9584,135
9585,135
9586,135
9587,135
9588,135
9589,135
9590,135
9591,135
9592,135
9593,135
9594,135
9595,135
9596,135
9597,135
9598,135
9599,135
9600,135
9601,135
9602,135
9603,136
9604,136
9605,136
9606,136
9607,136
9608,136
9609,135
9610,136
9611,136
9612,136
9613,136
9614,136
9615,136
9616,136
9617,136
9618,136
9619,136
9620,136
9621,136
9622,136
9623,136
9624,136
9625,136
9626,136
9627,136
9628,136
9629,136
9630,136
9631,136
9632,136
9633,136
9634,136
9635,136
9636,135
9637,136
9638,136
9639,136
9640,136
9641,136
9642,136
9643,136
9644,136
9645,136
9646,136
9647,136
9648,136
9649,135
9650,135
9651,136
9652,136
9653,136
9654,136
9655,135
9656,135
9657,135
9658,135
9659,135
9660,135
9661,135
9662,135
9663,135
9664,135
9665,135
9666,135
9667,135
9668,135
9669,135
9670,135
9671,135
9672,135
9673,135
9674,135
9675,135
9676,135
9677,134
9678,135
9679,135
9680,135
9681,135
9682,135
9683,135
9684,135
9685,135
9686,135
9687,135
9688,135
9689,135
9690,135
9691,135
9692,135
9693,135
9694,135
9695,135
9696,135
9697,135
9698,135
9699,135
9700,135
9701,135
9702,135
9703,135
9704,135
9705,135
9706,134
9707,134
9708,134
9709,135
9710,135
9711,134
9712,134
9713,134
9714,134
9715,134
9716,134
9717,134
9718,135
9719,135
9720,134
9721,135
9722,134
9723,134
9724,134
9725,134
9726,134
9727,134
9728,134
9729,134
9730,134
9731,134
9732,134
9733,134
9734,134
9735,134
9736,134
9737,135
9738,135
9739,135
9740,135
9741,135
9742,135
9743,134
9744,135
9745,135
9746,135
9747,135
9748,134
9749,135
9750,134
9751,134
9752,134
9753,134
9754,134
9755,134
9756,134
9757,134
9758,134
9759,135
9760,135
9761,135
9762,135
9763,134
9764,134
9765,135
9766,135
9767,135
9768,134
9769,135
9770,135
9771,134
9772,134
9773,134
9774,134
9775,134
9776,134
9777,133
9778,133
9779,133
9780,133
9781,133
9782,133
9783,133
9784,133
9785,133
9786,133
9787,133
9788,133
9789,133
9790,133
9791,133
9792,133
9793,133
9794,133
9795,133
9796,133
9797,133
9798,133
9799,133
9800,133
9801,133
9802,133
9803,133
9804,133
9805,133
9806,133
9807,133
9808,133
9809,133
9810,133
9811,133
9812,133
9813,133
9814,133
9815,133
9816,133
9817,133
9818,133
9819,133
9820,133
9821,133
9822,133
9823,132
9824,132
9825,132
9826,131
9827,132
9828,131
9829,131
9830,131
9831,131
9832,131
9833,131
9834,130
9835,130
9836,130
9837,131
9838,131
9839,131
9840,131
9841,131
9842,131
9843,131
9844,131
9845,131
9846,131
9847,131
9848,131
9849,131
9850,131
9851,131
9852,131
9853,131
9854,131
9855,131
9856,131
9857,131
9858,131
9859,131
9860,131
9861,131
9862,131
9863,131
9864,131
9865,131
9866,131
9867,131
9868,131
9869,131
9870,131
9871,131
9872,131
9873,131
9874,131
9875,131
9876,131
9877,131
9878,131
9879,131
9880,131
9881,131
9882,131
9883,131
9884,131
9885,131
9886,131
9887,131
9888,131
9889,131
9890,131
9891,131
9892,131
9893,131
9894,131
9895,131
9896,131
9897,131
9898,131
9899,130
9900,130
9901,130
9902,130
9903,130
9904,130
9905,130
9906,131
9907,131
9908,131
9909,131
9910,131
9911,131
9912,131
9913,131
9914,131
9915,131
9916,131
9917,131
9918,131
9919,132
9920,131
9921,132
9922,132
9923,132
9924,132
9925,132
9926,132
9927,132
9928,132
9929,132
9930,132
9931,132
9932,132
9933,132
9934,132
9935,132
9936,132
9937,132
9938,132
9939,132
9940,132
9941,132
9942,132
9943,132
9944,133
9945,133
9946,132
9947,132
9948,132
9949,132
9950,133
9951,133
9952,132
9953,132
9954,132
9955,132
9956,132
9957,132
9958,132
9959,132
9960,132
9961,132
9962,132
9963,132
9964,132
9965,132
9966,132
9967,132
9968,132
9969,132
9970,132
9971,132
9972,132
9973,132
9974,133
9975,133
9976,133
9977,133
9978,133
9979,133
9980,133
9981,133
9982,133
9983,133
9984,133
9985,133
9986,133
9987,133
9988,133
9989,133
9990,133
9991,133
9992,133
9993,133
9994,133
9995,133
9996,133
9997,133
9998,133
9999,133
