0,150
1,150
2,150
3,150
4,150
5,150
6,150
7,150
8,150
9,150
10,150
11,150
12,150
13,150
14,149
15,149
16,149
17,149
18,149
19,149
20,149
21,149
22,149
23,149
24,149
25,149
26,149
27,149
28,149
29,149
30,149
31,149
32,149
33,149
34,149
35,149
36,149
37,149
38,149
39,149
40,149
41,149
42,149
43,149
44,149
45,149
46,149
47,149
48,149
49,149
50,149
51,149
52,149
53,149
54,149
55,149
56,149
57,149
58,148
59,149
60,149
61,149
62,149
63,149
64,149
65,149
66,148
67,148
68,148
69,148
70,148
71,148
72,148
73,148
74,148
75,149
76,148
77,148
78,148
79,148
80,148
81,148
82,148
83,148
84,148
85,148
86,148
87,148
88,148
89,148
90,148
91,148
92,148
93,148
94,148
95,148
96,148
97,148
98,148
99,148
100,148
101,148
102,148
103,148
104,148
105,148
106,148
107,148
108,148
109,148
110,148
111,148
112,148
113,148
114,148
115,148
116,148
117,148
118,148
119,148
120,148
121,148
122,148
123,148
124,148
125,148
126,148
127,148
128,148
129,148
130,148
131,148
132,148
133,148
134,148
135,148
136,148
137,148
138,148
139,148
140,148
141,147
142,147
143,147
144,147
145,147
146,147
147,147
148,147
149,147
150,147
151,147
152,148
153,148
154,148
155,148
156,148
157,148
158,148
159,148
160,148
161,148
162,148
163,148
164,148
165,147
166,148
167,148
168,148
169,148
170,148
171,148
172,148
173,148
174,148
175,148
176,148
177,148
178,148
179,148
180,148
181,148
182,148
183,148
184,148
185,148
186,148
187,148
188,149
189,149
190,149
191,149
192,149
193,149
194,149
195,149
196,149
197,149
198,149
199,149
200,149
201,149
202,149
203,149
204,149
205,149
206,149
207,149
208,149
209,149
210,149
211,149
212,149
213,150
214,150
215,150
216,150
217,150
218,150
219,150
220,150
221,150
222,150
223,151
224,151
225,151
226,151
227,151
228,151
229,151
230,151
231,150
232,151
233,151
234,151
235,151
236,150
237,150
238,150
239,150
240,150
241,150
242,149
243,149
244,149
245,149
246,149
247,149
248,149
249,149
250,149
251,149
252,149
253,149
254,149
255,149
256,150
257,150
258,150
259,150
260,150
261,150
262,150
263,150
264,150
265,150
266,150
267,150
268,150
269,150
270,150
271,150
272,149
273,149
274,149
275,149
276,149
277,149
278,149
279,149
280,149
281,149
282,149
283,149
284,149
285,149
286,149
287,149
288,149
289,149
290,149
291,149
292,149
293,150
294,150
295,150
296,150
297,150
298,149
299,149
300,149
301,149
302,149
303,149
304,149
305,149
306,149
307,149
308,149
309,149
310,149
311,149
312,149
313,149
314,149
315,149
316,149
317,149
318,149
319,149
320,149
321,149
322,149
323,149
324,149
325,149
326,149
327,149
328,149
329,149
330,149
331,149
332,148
333,148
334,148
335,148
336,148
337,148
338,148
339,148
340,148
341,148
342,148
343,148
344,148
345,148
346,148
347,148
348,148
349,148
350,148
351,148
352,148
353,148
354,148
355,147
356,147
357,147
358,147
359,147
360,147
361,147
362,147
363,147
364,147
365,147
366,147
367,147
368,147
369,147
370,147
371,147
372,147
373,147
374,147
375,148
376,148
377,148
378,148
379,148
380,148
381,148
382,148
383,148
384,148
385,148
386,148
387,147
388,147
389,147
390,147
391,147
392,147
393,147
394,147
395,147
396,146
397,146
398,146
399,146
400,146
401,146
402,147
403,147
404,147
405,147
406,147
407,147
408,147
409,147
410,147
411,147
412,147
413,146
414,146
415,146
416,146
417,146
418,146
419,146
420,146
421,146
422,146
423,146
424,146
425,146
426,145
427,146
428,146
429,146
430,146
431,146
432,146
433,146
434,146
435,146
436,146
437,146
438,146
439,146
440,146
441,146
442,146
443,146
444,146
445,146
446,146
447,146
448,146
449,146
450,146
451,146
452,146
453,147
454,147
455,146
456,146
457,146
458,146
459,146
460,145
461,145
462,145
463,145
464,146
465,146
466,145
467,146
468,146
469,146
470,146
471,146
472,146
473,146
474,145
475,145
476,145
477,145
478,145
479,145
480,144
481,144
482,144
483,145
484,144
485,145
486,144
487,144
488,144
489,144
490,144
491,144
492,144
493,144
494,144
495,144
496,144
497,144
498,144
499,144
500,144
501,144
502,144
503,144
504,144
505,144
506,144
507,144
508,144
509,144
510,145
511,145
512,145
513,145
514,145
515,145
516,145
517,145
518,144
519,144
520,144
521,144
522,144
523,144
524,144
525,144
526,144
527,144
528,144
529,145
530,144
531,145
532,144
533,144
534,144
535,144
536,144
537,144
538,144
539,144
540,144
541,144
542,144
543,144
544,144
545,144
546,144
547,144
548,144
549,144
550,144
551,144
552,144
553,144
554,144
555,144
556,144
557,144
558,144
559,144
560,145
561,145
562,145
563,145
564,145
565,145
566,145
567,145
568,145
569,145
570,145
571,145
572,145
573,145
574,145
575,145
576,145
577,145
578,145
579,145
580,144
581,145
582,145
583,145
584,145
585,145
586,145
587,145
588,145
589,144
590,144
591,144
592,144
593,144
594,144
595,144
596,143
597,143
598,144
599,143
600,143
601,143
602,143
603,143
604,143
605,143
606,143
607,143
608,143
609,143
610,143
611,143
612,143
613,143
614,143
615,143
616,143
617,143
618,143
619,143
620,143
621,142
622,142
623,143
624,143
625,143
626,143
627,143
628,143
629,143
630,143
631,143
632,143
633,143
634,143
635,143
636,143
637,143
638,143
639,142
640,143
641,143
642,143
643,143
644,143
645,143
646,143
647,143
648,142
649,143
650,142
651,142
652,142
653,142
654,142
655,142
656,142
657,142
658,141
659,141
660,141
661,141
662,141
663,141
664,141
665,141
666,142
667,142
668,142
669,142
670,142
671,142
672,142
673,142
674,142
675,142
676,141
677,142
678,142
679,142
680,142
681,142
682,142
683,142
684,141
685,142
686,142
687,142
688,142
689,142
690,142
691,142
692,142
693,142
694,142
695,142
696,142
697,142
698,142
699,142
700,142
701,142
702,142
703,142
704,142
705,142
706,142
707,141
708,141
709,141
710,141
711,141
712,142
713,142
714,142
715,142
716,142
717,142
718,142
719,142
720,142
721,142
722,142
723,142
724,142
725,141
726,141
727,141
728,141
729,142
730,141
731,141
732,141
733,141
734,141
735,141
736,141
737,141
738,141
739,141
740,142
741,142
742,142
743,142
744,142
745,142
746,142
747,142
748,142
749,142
750,142
751,142
752,142
753,142
754,142
755,142
756,142
757,142
758,142
759,142
760,142
761,142
762,142
763,142
764,142
765,142
766,142
767,142
768,141
769,141
770,141
771,142
772,142
773,142
774,142
775,142
776,142
777,142
778,142
779,142
780,142
781,142
782,142
783,142
784,142
785,142
786,142
787,142
788,142
789,142
790,142
791,141
792,142
793,142
794,142
795,142
796,142
797,142
798,142
799,142
800,142
801,142
802,142
803,142
804,142
805,142
806,143
807,142
808,142
809,143
810,143
811,143
812,143
813,142
814,143
815,143
816,143
817,143
818,143
819,143
820,143
821,143
822,143
823,143
824,143
825,143
826,144
827,144
828,144
829,143
830,143
831,144
832,144
833,144
834,144
835,144
836,144
837,144
838,144
839,144
840,143
841,143
842,143
843,143
844,143
845,143
846,143
847,143
848,143
849,144
850,144
851,144
852,144
853,144
854,144
855,144
856,143
857,143
858,143
859,143
860,144
861,143
862,143
863,143
864,144
865,144
866,144
867,144
868,144
869,144
870,144
871,144
872,144
873,144
874,144
875,144
876,144
877,144
878,144
879,144
880,144
881,144
882,144
883,144
884,144
885,144
886,144
887,144
888,144
889,144
890,144
891,144
892,144
893,144
894,144
895,143
896,143
897,143
898,144
899,144
900,144
901,144
902,144
903,144
904,144
905,144
906,144
907,143
908,143
909,143
910,143
911,144
912,144
913,144
914,144
915,144
916,144
917,144
918,144
919,144
920,144
921,144
922,144
923,144
924,145
925,144
926,145
927,144
928,144
929,144
930,144
931,145
932,145
933,145
934,145
935,145
936,145
937,145
938,145
939,145
940,145
941,144
942,144
943,144
944,144
945,144
946,145
947,145
948,145
949,145
950,145
951,145
952,145
953,145
954,145
955,145
956,145
957,145
958,145
959,145
960,144
961,144
962,144
963,144
964,144
965,144
966,144
967,144
968,144
969,144
970,144
971,144
972,144
973,144
974,144
975,144
976,144
977,143
978,143
979,143
980,143
981,143
982,143
983,143
984,143
985,143
986,143
987,143
988,143
989,143
990,143
991,143
992,143
993,143
994,143
995,143
996,144
997,144
998,144
999,144
1000,144
1001,144
1002,144
1003,144
1004,144
1005,144
1006,144
1007,144
1008,144
1009,144
1010,144
1011,144
1012,144
1013,144
1014,144
1015,143
1016,143
1017,144
1018,144
1019,144
1020,144
1021,144
1022,144
1023,144
1024,144
1025,144
1026,143
1027,143
1028,143
1029,143
1030,143
1031,143
1032,143
1033,143
1034,143
1035,143
1036,144
1037,144
1038,144
1039,144
1040,144
1041,144
1042,144
1043,144
1044,144
1045,144
1046,144
1047,144
1048,144
1049,144
1050,144
1051,144
1052,144
1053,144
1054,145
1055,145
1056,145
1057,145
1058,144
1059,144
1060,145
1061,145
1062,145
1063,145
1064,145
1065,145
1066,144
1067,145
1068,145
1069,145
1070,145
1071,145
1072,145
1073,145
1074,145
1075,145
1076,145
1077,145
1078,145
1079,145
1080,145
1081,145
1082,145
1083,144
1084,144
1085,144
1086,144
1087,144
1088,144
1089,145
1090,145
1091,145
1092,145
1093,145
1094,145
1095,145
1096,145
1097,145
1098,145
1099,145
1100,145
1101,145
1102,145
1103,145
1104,145
1105,144
1106,144
1107,144
1108,145
1109,145
1110,145
1111,145
1112,145
1113,145
1114,145
1115,145
1116,145
1117,145
1118,145
1119,145
1120,145
1121,145
1122,145
1123,145
1124,145
1125,144
1126,144
1127,144
1128,145
1129,145
1130,145
1131,145
1132,145
1133,145
1134,145
1135,145
1136,145
1137,145
1138,144
1139,144
1140,145
1141,145
1142,145
1143,145
1144,145
1145,145
1146,145
1147,145
1148,145
1149,145
1150,145
1151,145
1152,145
1153,145
1154,145
1155,145
1156,145
1157,146
1158,146
1159,145
1160,146
1161,146
1162,146
1163,146
1164,146
1165,145
1166,145
1167,146
1168,146
1169,146
1170,146
1171,146
1172,146
1173,146
1174,146
1175,146
1176,146
1177,146
1178,146
1179,146
1180,146
1181,146
1182,146
1183,146
1184,146
1185,146
1186,146
1187,146
1188,146
1189,146
1190,146
1191,146
1192,146
1193,146
1194,146
1195,146
1196,146
1197,146
1198,146
1199,146
1200,146
1201,146
1202,146
1203,145
1204,146
1205,146
1206,146
1207,145
1208,145
1209,145
1210,146
1211,146
1212,146
1213,145
1214,145
1215,145
1216,145
1217,145
1218,145
1219,145
1220,145
1221,145
1222,145
1223,145
1224,144
1225,144
1226,144
1227,144
1228,144
1229,145
1230,144
1231,145
1232,145
1233,144
1234,145
1235,144
1236,145
1237,144
1238,145
1239,145
1240,145
1241,145
1242,145
1243,145
1244,145
1245,145
1246,145
1247,145
1248,145
1249,145
1250,145
1251,145
1252,145
1253,145
1254,145
1255,145
1256,145
1257,145
1258,145
1259,145
1260,145
1261,145
1262,145
1263,145
1264,145
1265,145
1266,145
1267,145
1268,145
1269,145
1270,144
1271,144
1272,145
1273,145
1274,145
1275,145
1276,144
1277,144
1278,144
1279,145
1280,145
1281,145
1282,145
1283,145
1284,145
1285,145
1286,145
1287,145
1288,145
1289,145
1290,145
1291,145
1292,145
1293,144
1294,144
1295,144
1296,144
1297,144
1298,145
1299,145
1300,145
1301,145
1302,145
1303,145
1304,145
1305,145
1306,145
1307,145
1308,145
1309,145
1310,145
1311,145
1312,145
1313,145
1314,145
1315,145
1316,145
1317,145
1318,145
1319,145
1320,145
1321,144
1322,144
1323,144
1324,144
1325,144
1326,144
1327,144
1328,144
1329,144
1330,144
1331,144
1332,144
1333,144
1334,144
1335,145
1336,145
1337,145
1338,145
1339,145
1340,145
1341,145
1342,145
1343,145
1344,145
1345,145
1346,145
1347,145
1348,145
1349,145
1350,145
1351,145
1352,145
1353,145
1354,145
1355,145
1356,145
1357,145
1358,145
1359,145
1360,145
1361,145
1362,145
1363,145
1364,146
1365,145
1366,145
1367,145
1368,145
1369,145
1370,145
1371,145
1372,145
1373,145
1374,145
1375,145
1376,145
1377,145
1378,145
1379,145
1380,145
1381,145
1382,145
1383,145
1384,145
1385,145
1386,145
1387,145
1388,145
1389,145
1390,145
1391,146
1392,146
1393,145
1394,145
1395,145
1396,145
1397,145
1398,145
1399,145
1400,145
1401,145
1402,145
1403,145
1404,145
1405,145
1406,145
1407,145
1408,145
1409,145
1410,145
1411,144
1412,144
1413,144
1414,145
1415,145
1416,145
1417,145
1418,145
1419,145
1420,145
1421,145
1422,145
1423,145
1424,145
1425,145
1426,145
1427,145
1428,144
1429,145
1430,145
1431,145
1432,145
1433,145
1434,145
1435,145
1436,145
1437,144
1438,144
1439,144
1440,144
1441,144
1442,144
1443,144
1444,145
1445,145
1446,145
1447,145
1448,145
1449,145
1450,145
1451,145
1452,145
1453,145
1454,144
1455,145
1456,145
1457,145
1458,145
1459,145
1460,145
1461,145
1462,145
1463,145
1464,145
1465,145
1466,145
1467,145
1468,145
1469,145
1470,145
1471,145
1472,145
1473,145
1474,145
1475,145
1476,145
1477,145
1478,145
1479,145
1480,145
1481,145
1482,145
1483,144
1484,144
1485,145
1486,145
1487,145
1488,145
1489,145
1490,145
1491,145
1492,145
1493,145
1494,145
1495,145
1496,145
1497,145
1498,144
1499,144
1500,144
1501,145
1502,145
1503,145
1504,144
1505,144
1506,144
1507,144
1508,144
1509,145
1510,145
1511,144
1512,144
1513,144
1514,144
1515,144
1516,144
1517,144
1518,144
1519,144
1520,144
1521,144
1522,144
1523,143
1524,143
1525,144
1526,144
1527,144
1528,143
1529,143
1530,143
1531,143
1532,143
1533,143
1534,143
1535,143
1536,143
1537,143
1538,143
1539,143
1540,143
1541,143
1542,143
1543,143
1544,142
1545,142
1546,142
1547,142
1548,142
1549,142
1550,142
1551,142
1552,142
1553,142
1554,142
1555,142
1556,142
1557,142
1558,142
1559,142
1560,142
1561,142
1562,142
1563,141
1564,141
1565,141
1566,142
1567,142
1568,142
1569,142
1570,142
1571,142
1572,142
1573,142
1574,141
1575,142
1576,142
1577,142
1578,142
1579,142
1580,142
1581,142
1582,142
1583,142
1584,142
1585,142
1586,142
1587,142
1588,142
1589,142
1590,142
1591,142
1592,142
1593,142
1594,142
1595,142
1596,142
1597,143
1598,143
1599,143
1600,142
1601,143
1602,143
1603,143
1604,143
1605,143
1606,143
1607,142
1608,143
1609,143
1610,143
1611,143
1612,143
1613,143
1614,143
1615,142
1616,143
1617,143
1618,143
1619,143
1620,142
1621,143
1622,143
1623,143
1624,143
1625,143
1626,143
1627,143
1628,143
1629,143
1630,143
1631,143
1632,142
1633,142
1634,142
1635,142
1636,142
1637,142
1638,142
1639,142
1640,142
1641,142
1642,142
1643,142
1644,142
1645,142
1646,143
1647,142
1648,142
1649,142
1650,142
1651,142
1652,143
1653,142
1654,143
1655,142
1656,142
1657,142
1658,142
1659,142
1660,142
1661,143
1662,143
1663,143
1664,143
1665,143
1666,143
1667,143
1668,142
1669,142
1670,142
1671,142
1672,142
1673,143
1674,143
1675,143
1676,143
1677,143
1678,143
1679,144
1680,144
1681,144
1682,144
1683,144
1684,144
1685,144
1686,144
1687,144
1688,144
1689,143
1690,144
1691,144
1692,144
1693,144
1694,144
1695,144
1696,144
1697,144
1698,144
1699,144
1700,144
1701,144
1702,144
1703,144
1704,145
1705,145
1706,145
1707,145
1708,145
1709,145
1710,145
1711,145
1712,145
1713,145
1714,145
1715,144
1716,144
1717,145
1718,145
1719,145
1720,145
1721,145
1722,144
1723,144
1724,144
1725,144
1726,144
1727,145
1728,145
1729,145
1730,145
1731,145
1732,145
1733,145
1734,145
1735,145
1736,145
1737,145
1738,145
1739,145
1740,145
1741,145
1742,145
1743,145
1744,145
1745,145
1746,145
1747,145
1748,145
1749,145
1750,145
1751,145
1752,145
1753,145
1754,145
1755,145
1756,145
1757,145
1758,145
1759,145
1760,145
1761,145
1762,145
1763,144
1764,145
1765,145
1766,144
1767,145
1768,144
1769,145
1770,144
1771,145
1772,145
1773,145
1774,145
1775,145
1776,145
1777,145
1778,145
1779,145
1780,145
1781,145
1782,145
1783,145
1784,145
1785,145
1786,145
1787,145
1788,145
1789,145
1790,145
1791,145
1792,145
1793,145
1794,145
1795,145
1796,145
1797,145
1798,145
1799,145
1800,145
1801,145
1802,145
1803,145
1804,145
1805,145
1806,145
1807,145
1808,145
1809,145
1810,145
1811,145
1812,145
1813,145
1814,145
1815,145
1816,145
1817,145
1818,144
1819,144
1820,145
1821,145
1822,145
1823,145
1824,145
1825,145
1826,145
1827,145
1828,145
1829,145
1830,145
1831,145
1832,145
1833,145
1834,144
1835,144
1836,144
1837,144
1838,144
1839,144
1840,144
1841,144
1842,144
1843,144
1844,144
1845,144
1846,144
1847,144
1848,144
1849,144
1850,144
1851,144
1852,144
1853,144
1854,144
1855,144
1856,144
1857,144
1858,144
1859,144
1860,143
1861,143
1862,143
1863,143
1864,143
1865,143
1866,143
1867,143
1868,143
1869,143
1870,143
1871,143
1872,143
1873,143
1874,143
1875,143
1876,143
1877,143
1878,143
1879,143
1880,143
1881,142
1882,142
1883,142
1884,142
1885,142
1886,142
1887,142
1888,143
1889,143
1890,143
1891,143
1892,143
1893,143
1894,143
1895,143
1896,143
1897,143
1898,143
1899,143
1900,143
1901,143
1902,143
1903,143
1904,143
1905,143
1906,143
1907,143
1908,143
1909,143
1910,143
1911,143
1912,143
1913,143
1914,143
1915,143
1916,143
1917,143
1918,143
1919,143
1920,143
1921,143
1922,143
1923,143
1924,143
1925,143
1926,143
1927,143
1928,143
1929,143
1930,143
1931,143
1932,143
1933,143
1934,143
1935,143
1936,143
1937,143
1938,143
1939,143
1940,143
1941,143
1942,142
1943,142
1944,142
1945,142
1946,142
1947,142
1948,142
1949,142
1950,142
1951,142
1952,142
1953,142
1954,142
1955,142
1956,142
1957,142
1958,142
1959,142
1960,142
1961,141
1962,141
1963,141
1964,141
1965,141
1966,142
1967,142
1968,142
1969,142
1970,142
1971,142
1972,142
1973,142
1974,142
1975,142
1976,142
1977,142
1978,142
1979,142
1980,141
1981,141
1982,141
1983,141
1984,141
1985,141
1986,142
1987,142
1988,142
1989,142
1990,142
1991,142
1992,142
1993,142
1994,142
1995,142
1996,142
1997,142
1998,142
1999,142
2000,142
2001,142
2002,142
2003,142
2004,142
2005,142
2006,143
2007,143
2008,143
2009,143
2010,143
2011,143
2012,143
2013,143
2014,143
2015,143
2016,143
2017,142
2018,142
2019,142
2020,142
2021,142
2022,142
2023,142
2024,142
2025,142
2026,142
2027,142
2028,142
2029,142
2030,141
2031,141
2032,141
2033,141
2034,141
2035,141
2036,141
2037,141
2038,141
2039,141
2040,141
2041,141
2042,140
2043,141
2044,141
2045,140
2046,140
2047,140
2048,141
2049,141
2050,141
2051,141
2052,141
2053,141
2054,141
2055,141
2056,140
2057,140
2058,140
2059,140
2060,141
2061,141
2062,141
2063,141
2064,141
2065,141
2066,141
2067,141
2068,141
2069,141
2070,141
2071,141
2072,141
2073,141
2074,141
2075,141
2076,141
2077,141
2078,141
2079,141
2080,141
2081,141
2082,141
2083,141
2084,141
2085,141
2086,141
2087,141
2088,141
2089,141
2090,141
2091,141
2092,141
2093,141
2094,141
2095,141
2096,141
2097,141
2098,141
2099,140
2100,141
2101,141
2102,141
2103,141
2104,141
2105,141
2106,141
2107,141
2108,141
2109,141
2110,141
2111,141
2112,141
2113,141
2114,141
2115,141
2116,140
2117,140
2118,141
2119,140
2120,140
2121,140
2122,140
2123,140
2124,140
2125,140
2126,140
2127,140
2128,140
2129,140
2130,140
2131,140
2132,140
2133,140
2134,140
2135,140
2136,140
2137,141
2138,141
2139,141
2140,141
2141,141
2142,140
2143,140
2144,140
2145,140
2146,141
2147,141
2148,141
2149,141
2150,140
2151,141
2152,141
2153,141
2154,141
2155,141
2156,141
2157,141
2158,141
2159,141
2160,141
2161,141
2162,141
2163,141
2164,141
2165,141
2166,141
2167,141
2168,141
2169,141
2170,141
2171,142
2172,142
2173,142
2174,142
2175,142
2176,142
2177,142
2178,142
2179,142
2180,142
2181,142
2182,143
2183,143
2184,143
2185,143
2186,143
2187,143
2188,143
2189,143
2190,142
2191,142
2192,143
2193,143
2194,143
2195,143
2196,143
2197,143
2198,143
2199,143
2200,143
2201,143
2202,143
2203,143
2204,143
2205,143
2206,143
2207,143
2208,143
2209,143
2210,142
2211,142
2212,142
2213,143
2214,142
2215,143
2216,143
2217,143
2218,143
2219,142
2220,143
2221,143
2222,143
2223,143
2224,143
2225,143
2226,143
2227,143
2228,143
2229,143
2230,143
2231,143
2232,143
2233,143
2234,143
2235,143
2236,143
2237,143
2238,143
2239,143
2240,143
2241,143
2242,143
2243,142
2244,142
2245,143
2246,142
2247,143
2248,143
2249,142
2250,142
2251,143
2252,142
2253,143
2254,143
2255,143
2256,143
2257,143
2258,143
2259,143
2260,144
2261,143
2262,143
2263,143
2264,143
2265,143
2266,143
2267,143
2268,143
2269,143
2270,144
2271,144
2272,144
2273,144
2274,144
2275,144
2276,144
2277,144
2278,144
2279,144
2280,144
2281,144
2282,143
2283,143
2284,143
2285,143
2286,143
2287,143
2288,143
2289,143
2290,143
2291,144
2292,144
2293,144
2294,144
2295,144
2296,143
2297,143
2298,144
2299,144
2300,143
2301,143
2302,143
2303,143
2304,143
2305,143
2306,143
2307,143
2308,143
2309,143
2310,142
2311,142
2312,142
2313,143
2314,142
2315,142
2316,142
2317,142
2318,142
2319,142
2320,142
2321,142
2322,142
2323,142
2324,142
2325,142
2326,142
2327,142
2328,141
2329,142
2330,141
2331,141
2332,141
2333,142
2334,141
2335,141
2336,141
2337,141
2338,142
2339,141
2340,141
2341,141
2342,141
2343,142
2344,141
2345,141
2346,141
2347,141
2348,141
2349,141
2350,141
2351,141
2352,141
2353,141
2354,141
2355,141
2356,141
2357,141
2358,141
2359,141
2360,141
2361,141
2362,140
2363,140
2364,140
2365,140
2366,140
2367,141
2368,141
2369,141
2370,141
2371,141
2372,141
2373,141
2374,141
2375,141
2376,141
2377,141
2378,141
2379,141
2380,141
2381,141
2382,141
2383,141
2384,141
2385,141
2386,141
2387,141
2388,141
2389,141
2390,141
2391,141
2392,141
2393,141
2394,141
2395,141
2396,141
2397,141
2398,141
2399,141
2400,141
2401,141
2402,141
2403,141
2404,141
2405,141
2406,141
2407,141
2408,141
2409,141
2410,141
2411,141
2412,141
2413,141
2414,141
2415,141
2416,141
2417,141
2418,141
2419,140
2420,140
2421,140
2422,140
2423,141
2424,141
2425,141
2426,141
2427,141
2428,141
2429,141
2430,141
2431,141
2432,142
2433,141
2434,141
2435,142
2436,142
2437,141
2438,141
2439,141
2440,142
2441,142
2442,142
2443,142
2444,142
2445,142
2446,142
2447,142
2448,142
2449,142
2450,142
2451,142
2452,142
2453,142
2454,142
2455,142
2456,142
2457,142
2458,142
2459,142
2460,142
2461,142
2462,142
2463,142
2464,142
2465,142
2466,142
2467,142
2468,142
2469,142
2470,142
2471,142
2472,142
2473,142
2474,142
2475,142
2476,142
2477,142
2478,141
2479,141
2480,141
2481,141
2482,142
2483,142
2484,142
2485,142
2486,141
2487,142
2488,141
2489,142
2490,142
2491,141
2492,142
2493,142
2494,142
2495,142
2496,142
2497,142
2498,142
2499,142
2500,142
2501,142
2502,142
2503,141
2504,141
2505,141
2506,141
2507,142
2508,141
2509,141
2510,141
2511,142
2512,142
2513,142
2514,142
2515,142
2516,142
2517,142
2518,142
2519,142
2520,142
2521,142
2522,142
2523,142
2524,143
2525,143
2526,143
2527,143
2528,143
2529,143
2530,143
2531,143
2532,143
2533,143
2534,143
2535,143
2536,143
2537,143
2538,143
2539,143
2540,143
2541,143
2542,143
2543,143
2544,143
2545,143
2546,143
2547,143
2548,143
2549,143
2550,143
2551,143
2552,143
2553,143
2554,143
2555,143
2556,143
2557,143
2558,143
2559,143
2560,143
2561,143
2562,143
2563,143
2564,143
2565,143
2566,143
2567,142
2568,142
2569,142
2570,142
2571,143
2572,143
2573,143
2574,143
2575,143
2576,143
2577,143
2578,143
2579,143
2580,143
2581,143
2582,143
2583,143
2584,143
2585,143
2586,143
2587,143
2588,143
2589,143
2590,143
2591,143
2592,143
2593,143
2594,143
2595,143
2596,143
2597,143
2598,143
2599,143
2600,143
2601,143
2602,143
2603,143
2604,143
2605,143
2606,143
2607,143
2608,143
2609,143
2610,143
2611,143
2612,143
2613,143
2614,143
2615,143
2616,143
2617,143
2618,143
2619,143
2620,143
2621,143
2622,143
2623,143
2624,143
2625,144
2626,144
2627,144
2628,144
2629,144
2630,144
2631,144
2632,144
2633,144
2634,144
2635,144
2636,144
2637,144
2638,144
2639,143
2640,143
2641,143
2642,143
2643,143
2644,144
2645,144
2646,144
2647,144
2648,143
2649,143
2650,143
2651,143
2652,143
2653,143
2654,143
2655,143
2656,143
2657,143
2658,143
2659,143
2660,143
2661,143
2662,143
2663,143
2664,143
2665,143
2666,143
2667,143
2668,143
2669,143
2670,143
2671,143
2672,142
2673,142
2674,142
2675,142
2676,142
2677,142
2678,142
2679,142
2680,142
2681,142
2682,142
2683,142
2684,142
2685,142
2686,142
2687,142
2688,142
2689,142
2690,142
2691,142
2692,142
2693,142
2694,142
2695,142
2696,142
2697,142
2698,142
2699,142
2700,142
2701,142
2702,142
2703,143
2704,142
2705,143
2706,143
2707,143
2708,143
2709,143
2710,142
2711,142
2712,143
2713,143
2714,143
2715,143
2716,143
2717,143
2718,143
2719,143
2720,143
2721,143
2722,143
2723,142
2724,142
2725,143
2726,143
2727,143
2728,143
2729,143
2730,143
2731,143
2732,143
2733,143
2734,143
2735,143
2736,143
2737,143
2738,143
2739,143
2740,143
2741,143
2742,143
2743,143
2744,143
2745,143
2746,143
2747,143
2748,143
2749,143
2750,143
2751,143
2752,143
2753,143
2754,143
2755,143
2756,143
2757,143
2758,143
2759,143
2760,143
2761,143
2762,143
2763,142
2764,143
2765,143
2766,142
2767,143
2768,143
2769,143
2770,143
2771,143
2772,143
2773,143
2774,143
2775,143
2776,143
2777,143
2778,143
2779,143
2780,143
2781,143
2782,142
2783,143
2784,143
2785,143
2786,143
2787,143
2788,143
2789,143
2790,143
2791,143
2792,143
2793,142
2794,142
2795,143
2796,142
2797,142
2798,142
2799,142
2800,142
2801,142
2802,142
2803,143
2804,143
2805,143
2806,143
2807,143
2808,143
2809,143
2810,143
2811,143
2812,143
2813,143
2814,143
2815,143
2816,143
2817,143
2818,143
2819,143
2820,143
2821,143
2822,143
2823,143
2824,143
2825,143
2826,143
2827,143
2828,143
2829,142
2830,142
2831,142
2832,142
2833,143
2834,143
2835,143
2836,143
2837,143
2838,142
2839,143
2840,143
2841,143
2842,143
2843,142
2844,143
2845,143
2846,143
2847,143
2848,143
2849,143
2850,143
2851,142
2852,142
2853,142
2854,142
2855,142
2856,142
2857,143
2858,143
2859,143
2860,143
2861,143
2862,143
2863,143
2864,143
2865,143
2866,143
2867,143
2868,143
2869,143
2870,143
2871,143
2872,142
2873,143
2874,143
2875,143
2876,143
2877,143
2878,143
2879,143
2880,143
2881,143
2882,143
2883,143
2884,143
2885,143
2886,143
2887,142
2888,143
2889,142
2890,143
2891,143
2892,143
2893,143
2894,143
2895,143
2896,143
2897,143
2898,143
2899,143
2900,143
2901,143
2902,143
2903,143
2904,143
2905,143
2906,143
2907,143
2908,142
2909,142
2910,143
2911,143
2912,142
2913,143
2914,143
2915,143
2916,143
2917,143
2918,143
2919,143
2920,143
2921,143
2922,143
2923,143
2924,143
2925,143
2926,143
2927,143
2928,142
2929,142
2930,142
2931,142
2932,142
2933,142
2934,142
2935,142
2936,142
2937,142
2938,142
2939,142
2940,142
2941,142
2942,142
2943,142
2944,142
2945,142
2946,142
2947,142
2948,142
2949,142
2950,142
2951,142
2952,142
2953,142
2954,142
2955,142
2956,142
2957,142
2958,142
2959,142
2960,142
2961,142
2962,142
2963,142
2964,142
2965,142
2966,142
2967,141
2968,141
2969,141
2970,141
2971,141
2972,141
2973,141
2974,141
2975,141
2976,141
2977,141
2978,141
2979,142
2980,142
2981,142
2982,142
2983,142
2984,142
2985,142
2986,142
2987,142
2988,142
2989,142
2990,142
2991,142
2992,142
2993,142
2994,142
2995,142
2996,142
2997,141
2998,141
2999,141
3000,141
3001,141
3002,141
3003,142
3004,142
3005,141
3006,141
3007,141
3008,142
3009,142
3010,142
3011,142
3012,142
3013,142
3014,142
3015,142
3016,141
3017,141
3018,141
3019,141
3020,141
3021,141
3022,141
3023,141
3024,141
3025,141
3026,141
3027,141
3028,141
3029,141
3030,141
3031,141
3032,141
3033,141
3034,141
3035,141
3036,141
3037,141
3038,141
3039,141
3040,141
3041,141
3042,142
3043,142
3044,141
3045,142
3046,142
3047,142
3048,142
3049,142
3050,142
3051,142
3052,142
3053,142
3054,142
3055,142
3056,142
3057,142
3058,142
3059,142
3060,142
3061,142
3062,142
3063,142
3064,142
3065,142
3066,141
3067,142
3068,142
3069,141
3070,141
3071,141
3072,141
3073,141
3074,141
3075,142
3076,142
3077,142
3078,142
3079,142
3080,142
3081,142
3082,142
3083,142
3084,142
3085,142
3086,142
3087,142
3088,142
3089,142
3090,142
3091,142
3092,142
3093,142
3094,142
3095,142
3096,142
3097,142
3098,142
3099,142
3100,142
3101,142
3102,142
3103,142
3104,142
3105,142
3106,142
3107,142
3108,142
3109,142
3110,142
3111,142
3112,141
3113,141
3114,141
3115,141
3116,141
3117,142
3118,142
3119,142
3120,141
3121,141
3122,141
3123,141
3124,141
3125,142
3126,142
3127,142
3128,142
3129,142
3130,142
3131,142
3132,142
3133,141
3134,141
3135,141
3136,141
3137,142
3138,142
3139,141
3140,142
3141,142
3142,142
3143,142
3144,142
3145,142
3146,142
3147,142
3148,142
3149,142
3150,142
3151,142
3152,142
3153,142
3154,142
3155,142
3156,142
3157,142
3158,142
3159,142
3160,142
3161,142
3162,142
3163,142
3164,142
3165,142
3166,142
3167,142
3168,142
3169,142
3170,142
3171,142
3172,142
3173,142
3174,142
3175,142
3176,142
3177,142
3178,142
3179,142
3180,142
3181,142
3182,142
3183,142
3184,142
3185,142
3186,141
3187,141
3188,141
3189,141
3190,141
3191,141
3192,141
3193,141
3194,141
3195,141
3196,141
3197,141
3198,140
3199,140
3200,140
3201,141
3202,141
3203,141
3204,141
3205,141
3206,141
3207,141
3208,140
3209,141
3210,141
3211,141
3212,141
3213,141
3214,141
3215,141
3216,141
3217,141
3218,141
3219,141
3220,140
3221,140
3222,140
3223,140
3224,140
3225,140
3226,140
3227,140
3228,140
3229,140
3230,140
3231,140
3232,140
3233,140
3234,140
3235,140
3236,141
3237,141
3238,141
3239,141
3240,141
3241,141
3242,141
3243,141
3244,141
3245,141
3246,141
3247,141
3248,141
3249,141
3250,141
3251,141
3252,141
3253,140
3254,141
3255,141
3256,141
3257,140
3258,141
3259,141
3260,140
3261,141
3262,141
3263,141
3264,141
3265,141
3266,141
3267,141
3268,141
3269,141
3270,141
3271,141
3272,141
3273,141
3274,141
3275,141
3276,141
3277,141
3278,141
3279,141
3280,141
3281,141
3282,141
3283,141
3284,141
3285,141
3286,141
3287,141
3288,141
3289,141
3290,141
3291,141
3292,141
3293,141
3294,141
3295,141
3296,141
3297,141
3298,141
3299,141
3300,141
3301,141
3302,141
3303,141
3304,141
3305,141
3306,141
3307,140
3308,140
3309,141
3310,141
3311,141
3312,141
3313,141
3314,141
3315,141
3316,141
3317,141
3318,141
3319,141
3320,141
3321,141
3322,141
3323,141
3324,141
3325,141
3326,141
3327,141
3328,141
3329,141
3330,141
3331,141
3332,141
3333,141
3334,141
3335,141
3336,141
3337,141
3338,141
3339,141
3340,141
3341,141
3342,141
3343,141
3344,141
3345,141
3346,141
3347,141
3348,141
3349,140
3350,141
3351,141
3352,141
3353,141
3354,141
3355,141
3356,141
3357,141
3358,141
3359,142
3360,142
3361,142
3362,142
3363,142
3364,142
3365,142
3366,142
3367,142
3368,142
3369,142
3370,142
3371,141
3372,141
3373,141
3374,141
3375,141
3376,141
3377,141
3378,141
3379,142
3380,142
3381,142
3382,142
3383,142
3384,142
3385,142
3386,142
3387,142
3388,142
3389,142
3390,142
3391,142
3392,142
3393,142
3394,142
3395,142
3396,142
3397,142
3398,142
3399,142
3400,142
3401,142
3402,142
3403,142
3404,141
3405,141
3406,141
3407,141
3408,141
3409,141
3410,141
3411,141
3412,141
3413,141
3414,141
3415,141
3416,141
3417,141
3418,141
3419,141
3420,141
3421,141
3422,141
3423,141
3424,141
3425,141
3426,141
3427,141
3428,141
3429,141
3430,141
3431,141
3432,141
3433,141
3434,141
3435,141
3436,141
3437,141
3438,141
3439,141
3440,141
3441,141
3442,141
3443,141
3444,141
3445,141
3446,141
3447,141
3448,140
3449,141
3450,141
3451,141
3452,141
3453,141
3454,141
3455,141
3456,141
3457,141
3458,141
3459,141
3460,141
3461,141
3462,141
3463,141
3464,141
3465,141
3466,141
3467,141
3468,141
3469,140
3470,141
3471,141
3472,141
3473,141
3474,141
3475,141
3476,140
3477,140
3478,140
3479,140
3480,140
3481,140
3482,140
3483,140
3484,140
3485,140
3486,140
3487,140
3488,140
3489,140
3490,140
3491,140
3492,140
3493,140
3494,140
3495,140
3496,140
3497,140
3498,140
3499,140
3500,140
3501,140
3502,140
3503,140
3504,140
3505,140
3506,140
3507,140
3508,140
3509,140
3510,140
3511,140
3512,140
3513,140
3514,140
3515,140
3516,140
3517,140
3518,140
3519,140
3520,140
3521,140
3522,140
3523,140
3524,140
3525,140
3526,140
3527,140
3528,140
3529,140
3530,140
3531,140
3532,140
3533,140
3534,140
3535,140
3536,140
3537,140
3538,140
3539,140
3540,140
3541,140
3542,140
3543,140
3544,140
3545,140
3546,140
3547,140
3548,140
3549,140
3550,140
3551,140
3552,140
3553,140
3554,140
3555,140
3556,140
3557,140
3558,140
3559,140
3560,140
3561,140
3562,140
3563,140
3564,140
3565,140
3566,141
3567,140
3568,141
3569,141
3570,141
3571,141
3572,141
3573,141
3574,141
3575,141
3576,141
3577,141
3578,141
3579,141
3580,141
3581,141
3582,141
3583,141
3584,141
3585,141
3586,141
3587,141
3588,141
3589,141
3590,140
3591,140
3592,140
3593,140
3594,141
3595,141
3596,141
3597,141
3598,141
3599,141
3600,141
3601,141
3602,141
3603,141
3604,141
3605,141
3606,141
3607,141
3608,141
3609,141
3610,141
3611,141
3612,141
3613,141
3614,141
3615,141
3616,140
3617,140
3618,141
3619,141
3620,141
3621,141
3622,141
3623,141
3624,141
3625,141
3626,141
3627,141
3628,141
3629,141
3630,141
3631,141
3632,141
3633,141
3634,141
3635,141
3636,141
3637,141
3638,141
3639,141
3640,141
3641,141
3642,141
3643,141
3644,141
3645,141
3646,141
3647,141
3648,140
3649,140
3650,140
3651,141
3652,141
3653,141
3654,141
3655,141
3656,141
3657,141
3658,141
3659,141
3660,141
3661,141
3662,141
3663,141
3664,141
3665,141
3666,142
3667,142
3668,142
3669,142
3670,142
3671,142
3672,142
3673,142
3674,142
3675,142
3676,142
3677,142
3678,142
3679,142
3680,142
3681,142
3682,142
3683,142
3684,142
3685,142
3686,142
3687,142
3688,142
3689,142
3690,142
3691,142
3692,142
3693,142
3694,142
3695,142
3696,142
3697,142
3698,142
3699,142
3700,142
3701,142
3702,142
3703,142
3704,142
3705,142
3706,142
3707,142
3708,142
3709,142
3710,142
3711,142
3712,142
3713,142
3714,142
3715,142
3716,142
3717,142
3718,142
3719,142
3720,142
3721,142
3722,142
3723,142
3724,142
3725,141
3726,141
3727,142
3728,142
3729,142
3730,142
3731,142
3732,142
3733,142
3734,142
3735,142
3736,142
3737,141
3738,141
3739,141
3740,141
3741,141
3742,142
3743,141
3744,141
3745,141
3746,141
3747,142
3748,142
3749,142
3750,142
3751,142
3752,142
3753,142
3754,142
3755,142
3756,142
3757,142
3758,142
3759,142
3760,142
3761,142
3762,142
3763,142
3764,142
3765,142
3766,142
3767,142
3768,142
3769,142
3770,142
3771,142
3772,142
3773,142
3774,142
3775,142
3776,142
3777,142
3778,142
3779,142
3780,142
3781,142
3782,142
3783,142
3784,142
3785,142
3786,142
3787,142
3788,142
3789,142
3790,142
3791,142
3792,142
3793,142
3794,142
3795,142
3796,142
3797,142
3798,142
3799,142
3800,142
3801,142
3802,142
3803,141
3804,142
3805,142
3806,141
3807,141
3808,141
3809,142
3810,142
3811,142
3812,142
3813,142
3814,142
3815,142
3816,142
3817,142
3818,142
3819,142
3820,143
3821,143
3822,143
3823,143
3824,142
3825,142
3826,142
3827,142
3828,142
3829,142
3830,142
3831,142
3832,142
3833,142
3834,142
3835,142
3836,142
3837,142
3838,142
3839,141
3840,141
3841,141
3842,141
3843,141
3844,141
3845,141
3846,141
3847,141
3848,141
3849,141
3850,141
3851,141
3852,141
3853,141
3854,141
3855,141
3856,141
3857,141
3858,141
3859,141
3860,141
3861,141
3862,141
3863,141
3864,141
3865,141
3866,141
3867,141
3868,141
3869,141
3870,141
3871,141
3872,141
3873,141
3874,141
3875,141
3876,141
3877,141
3878,141
3879,141
3880,141
3881,141
3882,141
3883,141
3884,141
3885,141
3886,141
3887,141
3888,141
3889,141
3890,141
3891,142
3892,142
3893,142
3894,142
3895,142
3896,142
3897,142
3898,142
3899,142
3900,142
3901,142
3902,142
3903,142
3904,142
3905,142
3906,142
3907,141
3908,142
3909,142
3910,142
3911,142
3912,142
3913,141
3914,141
3915,142
3916,142
3917,142
3918,142
3919,142
3920,142
3921,142
3922,142
3923,142
3924,142
3925,142
3926,142
3927,141
3928,142
3929,142
3930,142
3931,142
3932,142
3933,141
3934,142
3935,142
3936,142
3937,142
3938,142
3939,142
3940,142
3941,141
3942,141
3943,141
3944,142
3945,142
3946,142
3947,142
3948,142
3949,142
3950,142
3951,142
3952,142
3953,142
3954,142
3955,142
3956,141
3957,141
3958,142
3959,142
3960,142
3961,142
3962,142
3963,142
3964,142
3965,142
3966,142
3967,141
3968,141
3969,141
3970,141
3971,141
3972,141
3973,141
3974,141
3975,141
3976,141
3977,141
3978,141
3979,141
3980,141
3981,141
3982,142
3983,142
3984,142
3985,142
3986,142
3987,142
3988,142
3989,142
3990,142
3991,142
3992,142
3993,142
3994,142
3995,142
3996,142
3997,142
3998,142
3999,142
4000,141
4001,141
4002,142
4003,142
4004,142
4005,142
4006,142
4007,141
4008,141
4009,142
4010,142
4011,142
4012,142
4013,142
4014,142
4015,142
4016,142
4017,142
4018,142
4019,142
4020,142
4021,142
4022,142
4023,142
4024,142
4025,142
4026,141
4027,141
4028,141
4029,141
4030,141
4031,141
4032,141
4033,141
4034,142
4035,142
4036,142
4037,142
4038,142
4039,142
4040,142
4041,142
4042,142
4043,142
4044,142
4045,142
4046,142
4047,142
4048,142
4049,142
4050,142
4051,142
4052,142
4053,142
4054,142
4055,142
4056,142
4057,142
4058,142
4059,142
4060,142
4061,142
4062,142
4063,142
4064,142
4065,142
4066,142
4067,142
4068,142
4069,142
4070,142
4071,142
4072,142
4073,142
4074,142
4075,142
4076,142
4077,142
4078,142
4079,142
4080,142
4081,142
4082,142
4083,142
4084,142
4085,142
4086,142
4087,142
4088,142
4089,142
4090,142
4091,142
4092,142
4093,142
4094,142
4095,142
4096,142
4097,142
4098,142
4099,142
4100,142
4101,142
4102,142
4103,142
4104,142
4105,142
4106,142
4107,142
4108,142
4109,142
4110,142
4111,142
4112,142
4113,142
4114,142
4115,142
4116,142
4117,142
4118,142
4119,142
4120,142
4121,142
4122,142
4123,142
4124,142
4125,142
4126,141
4127,141
4128,142
4129,142
4130,142
4131,142
4132,142
4133,142
4134,142
4135,142
4136,141
4137,142
4138,142
4139,142
4140,142
4141,142
4142,142
4143,142
4144,142
4145,142
4146,142
4147,141
4148,142
4149,142
4150,142
4151,142
4152,142
4153,141
4154,141
4155,141
4156,141
4157,142
4158,142
4159,142
4160,142
4161,142
4162,142
4163,142
4164,142
4165,142
4166,142
4167,142
4168,142
4169,142
4170,142
4171,141
4172,141
4173,142
4174,141
4175,141
4176,141
4177,141
4178,141
4179,141
4180,141
4181,141
4182,141
4183,141
4184,141
4185,141
4186,141
4187,141
4188,141
4189,141
4190,141
4191,141
4192,141
4193,141
4194,141
4195,141
4196,141
4197,141
4198,141
4199,141
4200,140
4201,140
4202,140
4203,140
4204,140
4205,140
4206,140
4207,140
4208,140
4209,140
4210,141
4211,141
4212,141
4213,141
4214,140
4215,140
4216,140
4217,140
4218,140
4219,140
4220,140
4221,140
4222,140
4223,140
4224,140
4225,140
4226,141
4227,141
4228,141
4229,141
4230,141
4231,141
4232,141
4233,141
4234,141
4235,140
4236,140
4237,140
4238,141
4239,141
4240,141
4241,141
4242,141
4243,141
4244,142
4245,142
4246,142
4247,142
4248,142
4249,142
4250,142
4251,142
4252,142
4253,142
4254,142
4255,142
4256,142
4257,142
4258,142
4259,142
4260,142
4261,142
4262,142
4263,142
4264,142
4265,142
4266,142
4267,142
4268,142
4269,142
4270,142
4271,142
4272,142
4273,142
4274,142
4275,142
4276,142
4277,142
4278,143
4279,143
4280,143
4281,142
4282,143
4283,143
4284,143
4285,143
4286,143
4287,143
4288,143
4289,143
4290,143
4291,143
4292,143
4293,143
4294,143
4295,143
4296,143
4297,143
4298,143
4299,143
4300,143
4301,143
4302,143
4303,142
4304,142
4305,142
4306,142
4307,142
4308,142
4309,142
4310,142
4311,142
4312,142
4313,142
4314,142
4315,142
4316,142
4317,142
4318,142
4319,142
4320,142
4321,142
4322,142
4323,142
4324,142
4325,142
4326,142
4327,142
4328,142
4329,142
4330,142
4331,142
4332,142
4333,142
4334,142
4335,141
4336,142
4337,142
4338,142
4339,142
4340,141
4341,141
4342,142
4343,142
4344,142
4345,141
4346,142
4347,142
4348,141
4349,142
4350,141
4351,142
4352,142
4353,142
4354,142
4355,142
4356,142
4357,142
4358,142
4359,142
4360,142
4361,142
4362,142
4363,142
4364,142
4365,142
4366,142
4367,142
4368,141
4369,142
4370,142
4371,142
4372,141
4373,142
4374,142
4375,142
4376,142
4377,142
4378,142
4379,141
4380,141
4381,142
4382,142
4383,142
4384,142
4385,142
4386,142
4387,142
4388,141
4389,141
4390,141
4391,141
4392,141
4393,141
4394,141
4395,141
4396,141
4397,141
4398,141
4399,141
4400,141
4401,142
4402,142
4403,142
4404,142
4405,142
4406,142
4407,142
4408,142
4409,142
4410,142
4411,142
4412,142
4413,142
4414,142
4415,142
4416,142
4417,142
4418,142
4419,142
4420,142
4421,142
4422,142
4423,142
4424,142
4425,142
4426,142
4427,142
4428,142
4429,141
4430,141
4431,141
4432,142
4433,141
4434,142
4435,142
4436,141
4437,141
4438,141
4439,141
4440,141
4441,141
4442,141
4443,141
4444,141
4445,140
4446,140
4447,140
4448,140
4449,140
4450,140
4451,140
4452,140
4453,140
4454,140
4455,140
4456,140
4457,140
4458,140
4459,140
4460,140
4461,140
4462,140
4463,140
4464,140
4465,140
4466,140
4467,140
4468,140
4469,140
4470,140
4471,140
4472,140
4473,140
4474,140
4475,140
4476,140
4477,140
4478,140
4479,140
4480,140
4481,140
4482,140
4483,140
4484,140
4485,140
4486,140
4487,140
4488,140
4489,140
4490,140
4491,140
4492,140
4493,140
4494,140
4495,140
4496,139
4497,140
4498,140
4499,140
4500,140
4501,140
4502,140
4503,140
4504,140
4505,140
4506,140
4507,140
4508,140
4509,140
4510,140
4511,140
4512,140
4513,140
4514,140
4515,140
4516,140
4517,140
4518,140
4519,140
4520,140
4521,140
4522,140
4523,140
4524,140
4525,140
4526,140
4527,140
4528,140
4529,140
4530,140
4531,140
4532,140
4533,140
4534,140
4535,140
4536,140
4537,140
4538,140
4539,139
4540,140
4541,140
4542,140
4543,140
4544,140
4545,140
4546,140
4547,140
4548,140
4549,140
4550,140
4551,140
4552,141
4553,140
4554,140
4555,140
4556,140
4557,140
4558,140
4559,141
4560,141
4561,141
4562,141
4563,140
4564,140
4565,140
4566,140
4567,140
4568,140
4569,140
4570,141
4571,141
4572,141
4573,141
4574,141
4575,141
4576,141
4577,141
4578,141
4579,141
4580,141
4581,141
4582,141
4583,141
4584,141
4585,141
4586,141
4587,141
4588,141
4589,141
4590,141
4591,141
4592,141
4593,141
4594,141
4595,141
4596,141
4597,141
4598,141
4599,141
4600,141
4601,141
4602,140
4603,140
4604,140
4605,140
4606,140
4607,140
4608,141
4609,141
4610,141
4611,141
4612,141
4613,141
4614,141
4615,140
4616,140
4617,140
4618,140
4619,141
4620,140
4621,140
4622,140
4623,140
4624,140
4625,140
4626,140
4627,140
4628,140
4629,140
4630,140
4631,140
4632,140
4633,140
4634,140
4635,140
4636,140
4637,140
4638,140
4639,140
4640,140
4641,140
4642,140
4643,140
4644,140
4645,140
4646,140
4647,140
4648,141
4649,141
4650,141
4651,140
4652,141
4653,141
4654,140
4655,140
4656,140
4657,140
4658,140
4659,140
4660,141
4661,141
4662,141
4663,141
4664,141
4665,141
4666,141
4667,141
4668,141
4669,141
4670,141
4671,141
4672,141
4673,141
4674,141
4675,140
4676,140
4677,140
4678,140
4679,140
4680,140
4681,140
4682,140
4683,140
4684,140
4685,140
4686,140
4687,140
4688,139
4689,139
4690,139
4691,139
4692,139
4693,139
4694,139
4695,139
4696,139
4697,139
4698,139
4699,139
4700,139
4701,139
4702,139
4703,139
4704,139
4705,139
4706,139
4707,139
4708,139
4709,139
4710,139
4711,139
4712,139
4713,139
4714,139
4715,139
4716,139
4717,139
4718,139
4719,139
4720,139
4721,139
4722,139
4723,139
4724,139
4725,139
4726,139
4727,138
4728,138
4729,138
4730,138
4731,138
4732,139
4733,138
4734,138
4735,138
4736,138
4737,138
4738,138
4739,138
4740,138
4741,138
4742,138
4743,138
4744,138
4745,138
4746,138
4747,138
4748,137
4749,137
4750,138
4751,138
4752,138
4753,138
4754,138
4755,138
4756,138
4757,138
4758,138
4759,138
4760,138
4761,138
4762,138
4763,138
4764,138
4765,138
4766,138
4767,138
4768,138
4769,138
4770,138
4771,138
4772,138
4773,138
4774,138
4775,138
4776,138
4777,138
4778,138
4779,138
4780,138
4781,138
4782,138
4783,137
4784,137
4785,137
4786,137
4787,137
4788,137
4789,137
4790,137
4791,137
4792,137
4793,137
4794,137
4795,137
4796,137
4797,137
4798,137
4799,137
4800,137
4801,137
4802,138
4803,137
4804,137
4805,138
4806,137
4807,137
4808,138
4809,138
4810,138
4811,138
4812,138
4813,138
4814,138
4815,138
4816,138
4817,138
4818,138
4819,138
4820,138
4821,138
4822,138
4823,138
4824,138
4825,138
4826,138
4827,138
4828,138
4829,138
4830,138
4831,138
4832,138
4833,138
4834,138
4835,138
4836,138
4837,138
4838,138
4839,138
4840,138
4841,138
4842,138
4843,138
4844,138
4845,138
4846,138
4847,138
4848,138
4849,138
4850,138
4851,139
4852,138
4853,138
4854,138
4855,138
4856,138
4857,138
4858,138
4859,139
4860,139
4861,139
4862,139
4863,139
4864,139
4865,139
4866,139
4867,139
4868,139
4869,139
4870,139
4871,139
4872,139
4873,139
4874,139
4875,139
4876,139
4877,139
4878,139
4879,139
4880,139
4881,139
4882,139
4883,139
4884,139
4885,139
4886,139
4887,139
4888,139
4889,139
4890,139
4891,139
4892,139
4893,139
4894,139
4895,139
4896,139
4897,139
4898,139
4899,139
4900,139
4901,139
4902,139
4903,139
4904,139
4905,139
4906,139
4907,139
4908,139
4909,139
4910,139
4911,139
4912,139
4913,139
4914,139
4915,138
4916,138
4917,138
4918,138
4919,138
4920,138
4921,138
4922,138
4923,138
4924,138
4925,138
4926,138
4927,138
4928,138
4929,138
4930,138
4931,138
4932,138
4933,138
4934,138
4935,138
4936,138
4937,138
4938,138
4939,139
4940,139
4941,139
4942,139
4943,139
4944,139
4945,139
4946,139
4947,139
4948,138
4949,138
4950,138
4951,138
4952,138
4953,138
4954,138
4955,138
4956,138
4957,138
4958,138
4959,138
4960,138
4961,138
4962,138
4963,138
4964,138
4965,138
4966,138
4967,137
4968,137
4969,137
4970,137
4971,137
4972,137
4973,138
4974,138
4975,138
4976,138
4977,138
4978,138
4979,138
4980,138
4981,138
4982,138
4983,138
4984,138
4985,138
4986,138
4987,138
4988,138
4989,138
4990,138
4991,139
4992,139
4993,139
4994,139
4995,138
4996,138
4997,139
4998,138
4999,138
5000,138
5001,138
5002,138
5003,137
5004,138
5005,137
5006,137
5007,138
5008,138
5009,137
5010,137
5011,137
5012,137
5013,137
5014,137
5015,137
5016,137
5017,137
5018,137
5019,137
5020,136
5021,136
5022,136
5023,136
5024,136
5025,136
5026,136
5027,136
5028,136
5029,136
5030,136
5031,135
5032,135
5033,135
5034,135
5035,136
5036,135
5037,135
5038,135
5039,135
5040,135
5041,135
5042,135
5043,135
5044,135
5045,135
5046,135
5047,135
5048,135
5049,136
5050,136
5051,136
5052,136
5053,135
5054,136
5055,136
5056,136
5057,136
5058,136
5059,136
5060,136
5061,136
5062,136
5063,135
5064,135
5065,135
5066,135
5067,135
5068,135
5069,135
5070,135
5071,135
5072,135
5073,135
5074,135
5075,135
5076,136
5077,136
5078,136
5079,136
5080,136
5081,136
5082,136
5083,136
5084,136
5085,136
5086,136
5087,136
5088,136
5089,136
5090,136
5091,136
5092,136
5093,136
5094,136
5095,136
5096,136
5097,136
5098,136
5099,136
5100,136
5101,136
5102,136
5103,136
5104,136
5105,136
5106,136
5107,136
5108,136
5109,136
5110,136
5111,136
5112,135
5113,136
5114,136
5115,136
5116,136
5117,136
5118,136
5119,136
5120,136
5121,136
5122,136
5123,136
5124,136
5125,136
5126,136
5127,136
5128,136
5129,136
5130,136
5131,136
5132,136
5133,136
5134,136
5135,136
5136,136
5137,136
5138,136
5139,136
5140,136
5141,136
5142,136
5143,136
5144,136
5145,136
5146,136
5147,136
5148,136
5149,136
5150,137
5151,137
5152,137
5153,137
5154,136
5155,136
5156,136
5157,137
5158,137
5159,137
5160,137
5161,137
5162,137
5163,137
5164,137
5165,137
5166,137
5167,137
5168,137
5169,137
5170,137
5171,137
5172,137
5173,137
5174,137
5175,137
5176,137
5177,137
5178,137
5179,137
5180,137
5181,136
5182,136
5183,136
5184,137
5185,137
5186,137
5187,137
5188,137
5189,137
5190,137
5191,137
5192,137
5193,137
5194,137
5195,137
5196,137
5197,137
5198,137
5199,137
5200,137
5201,137
5202,137
5203,137
5204,137
5205,137
5206,137
5207,137
5208,137
5209,137
5210,137
5211,137
5212,137
5213,137
5214,137
5215,137
5216,137
5217,137
5218,137
5219,137
5220,137
5221,137
5222,137
5223,137
5224,137
5225,137
5226,137
5227,137
5228,137
5229,136
5230,136
5231,136
5232,136
5233,136
5234,136
5235,136
5236,136
5237,136
5238,136
5239,136
5240,136
5241,136
5242,137
5243,137
5244,137
5245,137
5246,137
5247,137
5248,137
5249,137
5250,137
5251,137
5252,137
5253,137
5254,138
5255,138
5256,138
5257,138
5258,138
5259,138
5260,138
5261,138
5262,138
5263,138
5264,138
5265,138
5266,138
5267,137
5268,137
5269,137
5270,137
5271,137
5272,137
5273,137
5274,137
5275,137
5276,137
5277,137
5278,137
5279,137
5280,137
5281,137
5282,137
5283,137
5284,137
5285,137
5286,137
5287,137
5288,137
5289,137
5290,137
5291,137
5292,137
5293,137
5294,137
5295,137
5296,137
5297,137
5298,137
5299,137
5300,137
5301,137
5302,137
5303,137
5304,137
5305,137
5306,137
5307,137
5308,137
5309,137
5310,137
5311,137
5312,137
5313,138
5314,138
5315,138
5316,138
5317,138
5318,138
5319,138
5320,139
5321,139
5322,139
5323,139
5324,139
5325,139
5326,139
5327,139
5328,139
5329,139
5330,139
5331,139
5332,139
5333,139
5334,139
5335,138
5336,138
5337,138
5338,138
5339,138
5340,138
5341,138
5342,138
5343,138
5344,138
5345,138
5346,139
5347,139
5348,139
5349,139
5350,139
5351,139
5352,139
5353,139
5354,139
5355,139
5356,138
5357,138
5358,139
5359,138
5360,138
5361,138
5362,138
5363,138
5364,139
5365,139
5366,138
5367,139
5368,139
5369,139
5370,139
5371,139
5372,139
5373,139
5374,139
5375,139
5376,139
5377,139
5378,139
5379,139
5380,139
5381,139
5382,139
5383,139
5384,139
5385,139
5386,139
5387,139
5388,139
5389,139
5390,139
5391,139
5392,140
5393,140
5394,139
5395,140
5396,140
5397,140
5398,140
5399,140
5400,140
5401,140
5402,140
5403,140
5404,140
5405,140
5406,140
5407,140
5408,140
5409,139
5410,139
5411,139
5412,139
5413,139
5414,139
5415,139
5416,139
5417,140
5418,140
5419,140
5420,140
5421,140
5422,140
5423,140
5424,140
5425,140
5426,140
5427,140
5428,140
5429,140
5430,140
5431,140
5432,140
5433,140
5434,139
5435,140
5436,139
5437,139
5438,139
5439,139
5440,139
5441,140
5442,139
5443,139
5444,139
5445,140
5446,140
5447,140
5448,140
5449,140
5450,140
5451,140
5452,140
5453,140
5454,140
5455,140
5456,140
5457,140
5458,140
5459,140
5460,140
5461,140
5462,140
5463,140
5464,140
5465,140
5466,140
5467,140
5468,140
5469,140
5470,140
5471,140
5472,140
5473,140
5474,140
5475,140
5476,140
5477,140
5478,139
5479,139
5480,139
5481,139
5482,139
5483,139
5484,139
5485,139
5486,139
5487,139
5488,140
5489,140
5490,140
5491,140
5492,140
5493,140
5494,140
5495,140
5496,140
5497,140
5498,140
5499,140
5500,140
5501,140
5502,140
5503,140
5504,140
5505,140
5506,140
5507,140
5508,139
5509,140
5510,140
5511,140
5512,139
5513,140
5514,140
5515,140
5516,139
5517,140
5518,140
5519,140
5520,140
5521,140
5522,140
5523,139
5524,139
5525,139
5526,140
5527,140
5528,140
5529,140
5530,140
5531,140
5532,140
5533,140
5534,140
5535,140
5536,140
5537,140
5538,140
5539,140
5540,140
5541,140
5542,140
5543,140
5544,140
5545,140
5546,140
5547,140
5548,140
5549,140
5550,140
5551,140
5552,140
5553,140
5554,141
5555,141
5556,141
5557,141
5558,141
5559,141
5560,141
5561,140
5562,140
5563,140
5564,140
5565,140
5566,140
5567,140
5568,140
5569,140
5570,140
5571,141
5572,141
5573,140
5574,140
5575,140
5576,140
5577,140
5578,140
5579,140
5580,140
5581,140
5582,141
5583,140
5584,140
5585,140
5586,140
5587,140
5588,140
5589,140
5590,139
5591,139
5592,139
5593,139
5594,139
5595,140
5596,140
5597,140
5598,139
5599,140
5600,140
5601,140
5602,140
5603,140
5604,140
5605,140
5606,140
5607,140
5608,140
5609,140
5610,140
5611,141
5612,141
5613,141
5614,141
5615,141
5616,141
5617,141
5618,141
5619,141
5620,141
5621,141
5622,141
5623,141
5624,141
5625,141
5626,141
5627,141
5628,141
5629,141
5630,141
5631,141
5632,141
5633,141
5634,141
5635,142
5636,142
5637,142
5638,142
5639,142
5640,142
5641,142
5642,142
5643,142
5644,142
5645,142
5646,142
5647,142
5648,142
5649,141
5650,142
5651,142
5652,142
5653,142
5654,142
5655,142
5656,142
5657,142
5658,142
5659,142
5660,141
5661,141
5662,141
5663,141
5664,141
5665,141
5666,142
5667,142
5668,142
5669,142
5670,142
5671,142
5672,142
5673,142
5674,142
5675,142
5676,141
5677,142
5678,142
5679,142
5680,142
5681,142
5682,142
5683,142
5684,142
5685,142
5686,142
5687,142
5688,142
5689,142
5690,142
5691,142
5692,142
5693,142
5694,142
5695,142
5696,142
5697,142
5698,142
5699,142
5700,142
5701,142
5702,142
5703,142
5704,142
5705,142
5706,142
5707,142
5708,142
5709,142
5710,142
5711,142
5712,142
5713,142
5714,142
5715,142
5716,142
5717,142
5718,142
5719,142
5720,142
5721,142
5722,142
5723,142
5724,142
5725,142
5726,141
5727,141
5728,141
5729,141
5730,141
5731,141
5732,141
5733,141
5734,141
5735,141
5736,141
5737,141
5738,141
5739,141
5740,141
5741,141
5742,141
5743,140
5744,140
5745,140
5746,140
5747,140
5748,140
5749,140
5750,140
5751,141
5752,141
5753,141
5754,141
5755,141
5756,141
5757,141
5758,141
5759,141
5760,141
5761,141
5762,140
5763,140
5764,140
5765,140
5766,140
5767,140
5768,140
5769,140
5770,140
5771,140
5772,141
5773,141
5774,141
5775,141
5776,141
5777,141
5778,141
5779,141
5780,141
5781,141
5782,141
5783,141
5784,141
5785,141
5786,141
5787,141
5788,141
5789,141
5790,141
5791,141
5792,141
5793,141
5794,141
5795,141
5796,141
5797,141
5798,141
5799,141
5800,141
5801,141
5802,141
5803,141
5804,141
5805,141
5806,141
5807,142
5808,142
5809,142
5810,142
5811,142
5812,142
5813,142
5814,142
5815,142
5816,142
5817,142
5818,142
5819,142
5820,142
5821,142
5822,142
5823,142
5824,142
5825,142
5826,142
5827,142
5828,142
5829,142
5830,142
5831,142
5832,142
5833,142
5834,142
5835,142
5836,142
5837,142
5838,142
5839,142
5840,142
5841,142
5842,142
5843,143
5844,143
5845,143
5846,143
5847,143
5848,143
5849,143
5850,143
5851,143
5852,143
5853,143
5854,143
5855,143
5856,143
5857,143
5858,142
5859,142
5860,142
5861,143
5862,143
5863,143
5864,142
5865,142
5866,142
5867,142
5868,142
5869,142
5870,142
5871,142
5872,142
5873,141
5874,141
5875,142
5876,142
5877,142
5878,142
5879,142
5880,142
5881,141
5882,142
5883,142
5884,142
5885,142
5886,142
5887,142
5888,142
5889,142
5890,142
5891,142
5892,142
5893,142
5894,143
5895,143
5896,143
5897,143
5898,143
5899,143
5900,143
5901,143
5902,143
5903,143
5904,143
5905,143
5906,143
5907,143
5908,143
5909,143
5910,143
5911,143
5912,143
5913,143
5914,142
5915,142
5916,142
5917,142
5918,142
5919,143
5920,143
5921,143
5922,143
5923,142
5924,142
5925,142
5926,142
5927,142
5928,142
5929,142
5930,142
5931,142
5932,142
5933,143
5934,143
5935,142
5936,143
5937,143
5938,143
5939,143
5940,143
5941,143
5942,143
5943,143
5944,143
5945,143
5946,143
5947,143
5948,143
5949,143
5950,143
5951,143
5952,143
5953,144
5954,144
5955,144
5956,144
5957,144
5958,144
5959,143
5960,144
5961,144
5962,144
5963,144
5964,144
5965,144
5966,144
5967,144
5968,144
5969,144
5970,144
5971,144
5972,144
5973,143
5974,144
5975,144
5976,144
5977,144
5978,144
5979,143
5980,144
5981,144
5982,144
5983,144
5984,144
5985,144
5986,144
5987,144
5988,144
5989,144
5990,144
5991,144
5992,144
5993,144
5994,144
5995,144
5996,144
5997,144
5998,144
5999,144
6000,144
6001,144
6002,144
6003,144
6004,144
6005,143
6006,143
6007,143
6008,143
6009,143
6010,143
6011,143
6012,143
6013,143
6014,143
6015,143
6016,143
6017,143
6018,142
6019,142
6020,143
6021,143
6022,142
6023,143
6024,143
6025,143
6026,142
6027,142
6028,142
6029,142
6030,142
6031,142
6032,143
6033,142
6034,142
6035,142
6036,142
6037,142
6038,142
6039,142
6040,142
6041,142
6042,142
6043,142
6044,142
6045,142
6046,142
6047,142
6048,142
6049,142
6050,142
6051,142
6052,142
6053,142
6054,142
6055,142
6056,142
6057,142
6058,142
6059,142
6060,142
6061,142
6062,142
6063,142
6064,142
6065,141
6066,141
6067,142
6068,141
6069,141
6070,142
6071,142
6072,142
6073,142
6074,142
6075,142
6076,142
6077,142
6078,142
6079,142
6080,142
6081,142
6082,142
6083,142
6084,142
6085,142
6086,142
6087,142
6088,142
6089,142
6090,142
6091,142
6092,142
6093,142
6094,142
6095,142
6096,142
6097,142
6098,142
6099,142
6100,142
6101,142
6102,142
6103,142
6104,142
6105,142
6106,142
6107,142
6108,142
6109,142
6110,142
6111,142
6112,142
6113,142
6114,142
6115,142
6116,142
6117,142
6118,142
6119,142
6120,141
6121,141
6122,141
6123,141
6124,141
6125,141
6126,141
6127,141
6128,141
6129,142
6130,142
6131,142
6132,142
6133,142
6134,142
6135,142
6136,142
6137,142
6138,142
6139,142
6140,142
6141,142
6142,142
6143,142
6144,142
6145,142
6146,141
6147,141
6148,142
6149,142
6150,142
6151,142
6152,142
6153,142
6154,142
6155,143
6156,143
6157,143
6158,143
6159,143
6160,143
6161,143
6162,143
6163,143
6164,143
6165,143
6166,143
6167,143
6168,143
6169,143
6170,143
6171,143
6172,143
6173,143
6174,143
6175,143
6176,144
6177,144
6178,144
6179,144
6180,144
6181,144
6182,144
6183,144
6184,145
6185,145
6186,145
6187,145
6188,145
6189,145
6190,145
6191,145
6192,145
6193,146
6194,146
6195,146
6196,145
6197,146
6198,146
6199,146
6200,146
6201,146
6202,146
6203,146
6204,146
6205,146
6206,146
6207,146
6208,146
6209,146
6210,145
6211,145
6212,146
6213,146
6214,146
6215,146
6216,146
6217,145
6218,146
6219,146
6220,146
6221,146
6222,146
6223,145
6224,145
6225,145
6226,145
6227,145
6228,145
6229,145
6230,145
6231,145
6232,145
6233,145
6234,145
6235,145
6236,145
6237,145
6238,145
6239,145
6240,145
6241,145
6242,145
6243,146
6244,146
6245,146
6246,146
6247,146
6248,146
6249,145
6250,146
6251,146
6252,146
6253,146
6254,146
6255,146
6256,146
6257,146
6258,146
6259,146
6260,146
6261,146
6262,146
6263,146
6264,146
6265,146
6266,146
6267,146
6268,146
6269,146
6270,146
6271,146
6272,146
6273,146
6274,146
6275,146
6276,146
6277,146
6278,145
6279,145
6280,145
6281,146
6282,146
6283,146
6284,146
6285,146
6286,146
6287,146
6288,146
6289,146
6290,146
6291,146
6292,145
6293,145
6294,146
6295,146
6296,146
6297,146
6298,146
6299,146
6300,145
6301,145
6302,145
6303,145
6304,145
6305,146
6306,145
6307,145
6308,146
6309,145
6310,145
6311,145
6312,145
6313,146
6314,146
6315,146
6316,146
6317,146
6318,146
6319,146
6320,146
6321,146
6322,146
6323,146
6324,146
6325,146
6326,146
6327,146
6328,146
6329,146
6330,146
6331,146
6332,146
6333,146
6334,146
6335,146
6336,146
6337,147
6338,147
6339,147
6340,147
6341,147
6342,147
6343,147
6344,146
6345,146
6346,146
6347,146
6348,146
6349,146
6350,146
6351,146
6352,146
6353,146
6354,146
6355,146
6356,146
6357,146
6358,146
6359,146
6360,146
6361,146
6362,146
6363,146
6364,146
6365,146
6366,146
6367,147
6368,147
6369,147
6370,147
6371,147
6372,147
6373,147
6374,146
6375,146
6376,146
6377,146
6378,146
6379,146
6380,146
6381,146
6382,146
6383,146
6384,147
6385,147
6386,147
6387,147
6388,147
6389,147
6390,147
6391,147
6392,147
6393,147
6394,147
6395,147
6396,147
6397,147
6398,147
6399,147
6400,147
6401,147
6402,147
6403,147
6404,147
6405,147
6406,147
6407,147
6408,147
6409,147
6410,147
6411,147
6412,147
6413,147
6414,147
6415,147
6416,146
6417,146
6418,147
6419,147
6420,147
6421,147
6422,147
6423,147
6424,147
6425,147
6426,147
6427,147
6428,147
6429,147
6430,147
6431,148
6432,148
6433,148
6434,148
6435,147
6436,147
6437,147
6438,147
6439,147
6440,148
6441,148
6442,148
6443,148
6444,148
6445,147
6446,148
6447,148
6448,148
6449,148
6450,148
6451,148
6452,148
6453,148
6454,148
6455,148
6456,148
6457,148
6458,148
6459,148
6460,148
6461,148
6462,148
6463,148
6464,148
6465,148
6466,148
6467,148
6468,148
6469,148
6470,148
6471,148
6472,148
6473,148
6474,149
6475,149
6476,149
6477,149
6478,149
6479,149
6480,149
6481,149
6482,149
6483,149
6484,149
6485,149
6486,149
6487,149
6488,149
6489,149
6490,149
6491,149
6492,149
6493,149
6494,149
6495,149
6496,149
6497,149
6498,148
6499,148
6500,149
6501,149
6502,149
6503,148
6504,148
6505,148
6506,149
6507,149
6508,148
6509,149
6510,149
6511,149
6512,149
6513,149
6514,149
6515,149
6516,149
6517,149
6518,149
6519,149
6520,149
6521,148
6522,149
6523,149
6524,149
6525,149
6526,149
6527,149
6528,148
6529,148
6530,149
6531,149
6532,149
6533,149
6534,149
6535,149
6536,149
6537,149
6538,149
6539,149
6540,149
6541,149
6542,149
6543,149
6544,149
6545,149
6546,149
6547,149
6548,149
6549,149
6550,149
6551,148
6552,148
6553,148
6554,148
6555,148
6556,149
6557,149
6558,149
6559,149
6560,149
6561,149
6562,149
6563,149
6564,149
6565,149
6566,149
6567,149
6568,149
6569,149
6570,149
6571,149
6572,149
6573,149
6574,149
6575,149
6576,149
6577,149
6578,149
6579,149
6580,149
6581,149
6582,149
6583,149
6584,149
6585,149
6586,149
6587,149
6588,149
6589,149
6590,149
6591,149
6592,149
6593,149
6594,149
6595,149
6596,149
6597,149
6598,149
6599,149
6600,149
6601,149
6602,148
6603,148
6604,148
6605,148
6606,149
6607,148
6608,148
6609,149
6610,149
6611,149
6612,149
6613,148
6614,148
6615,148
6616,148
6617,148
6618,148
6619,148
6620,149
6621,149
6622,149
6623,149
6624,149
6625,149
6626,149
6627,148
6628,148
6629,149
6630,149
6631,149
6632,148
6633,148
6634,148
6635,148
6636,148
6637,148
6638,148
6639,148
6640,148
6641,149
6642,148
6643,148
6644,148
6645,148
6646,148
6647,149
6648,149
6649,149
6650,149
6651,149
6652,148
6653,149
6654,149
6655,149
6656,149
6657,149
6658,149
6659,149
6660,149
6661,149
6662,148
6663,148
6664,149
6665,149
6666,149
6667,149
6668,149
6669,149
6670,149
6671,149
6672,149
6673,149
6674,149
6675,149
6676,148
6677,149
6678,149
6679,149
6680,149
6681,149
6682,149
6683,149
6684,149
6685,149
6686,148
6687,148
6688,149
6689,149
6690,149
6691,148
6692,149
6693,149
6694,149
6695,149
6696,149
6697,149
6698,149
6699,149
6700,149
6701,149
6702,149
6703,149
6704,149
6705,149
6706,149
6707,149
6708,149
6709,149
6710,149
6711,149
6712,149
6713,149
6714,149
6715,149
6716,149
6717,149
6718,149
6719,149
6720,149
6721,149
6722,149
6723,149
6724,149
6725,149
6726,149
6727,149
6728,149
6729,149
6730,149
6731,149
6732,150
6733,149
6734,149
6735,149
6736,149
6737,149
6738,149
6739,149
6740,150
6741,150
6742,150
6743,150
6744,150
6745,150
6746,150
6747,150
6748,150
6749,150
6750,150
6751,150
6752,150
6753,150
6754,150
6755,150
6756,150
6757,150
6758,150
6759,150
6760,150
6761,150
6762,151
6763,151
6764,151
6765,151
6766,151
6767,150
6768,151
6769,151
6770,151
6771,151
6772,151
6773,151
6774,151
6775,151
6776,151
6777,151
6778,151
6779,150
6780,151
6781,151
6782,150
6783,150
6784,150
6785,150
6786,150
6787,151
6788,151
6789,150
6790,151
6791,150
6792,150
6793,150
6794,150
6795,150
6796,150
6797,150
6798,150
6799,150
6800,150
6801,150
6802,150
6803,150
6804,150
6805,150
6806,150
6807,150
6808,150
6809,150
6810,150
6811,150
6812,150
6813,149
6814,150
6815,149
6816,149
6817,149
6818,150
6819,150
6820,150
6821,150
6822,150
6823,150
6824,150
6825,150
6826,150
6827,149
6828,149
6829,150
6830,150
6831,150
6832,150
6833,150
6834,150
6835,150
6836,150
6837,150
6838,149
6839,149
6840,150
6841,150
6842,150
6843,149
6844,149
6845,149
6846,149
6847,149
6848,149
6849,149
6850,149
6851,149
6852,149
6853,149
6854,149
6855,149
6856,149
6857,149
6858,149
6859,149
6860,149
6861,149
6862,149
6863,149
6864,149
6865,149
6866,149
6867,149
6868,149
6869,149
6870,149
6871,149
6872,149
6873,149
6874,149
6875,149
6876,149
6877,149
6878,149
6879,149
6880,149
6881,149
6882,149
6883,149
6884,149
6885,149
6886,149
6887,149
6888,148
6889,148
6890,148
6891,148
6892,148
6893,148
6894,148
6895,148
6896,148
6897,148
6898,148
6899,148
6900,148
6901,149
6902,149
6903,149
6904,149
6905,149
6906,149
6907,149
6908,149
6909,149
6910,149
6911,149
6912,149
6913,149
6914,149
6915,149
6916,149
6917,149
6918,149
6919,149
6920,149
6921,149
6922,149
6923,149
6924,149
6925,149
6926,149
6927,149
6928,149
6929,149
6930,149
6931,149
6932,149
6933,149
6934,149
6935,149
6936,149
6937,149
6938,149
6939,149
6940,149
6941,149
6942,149
6943,149
6944,149
6945,148
6946,149
6947,149
6948,149
6949,149
6950,149
6951,149
6952,149
6953,148
6954,148
6955,148
6956,148
6957,148
6958,148
6959,148
6960,148
6961,149
6962,149
6963,148
6964,148
6965,149
6966,149
6967,149
6968,149
6969,148
6970,148
6971,148
6972,148
6973,149
6974,149
6975,149
6976,149
6977,149
6978,149
6979,149
6980,149
6981,149
6982,149
6983,149
6984,149
6985,149
6986,149
6987,149
6988,149
6989,149
6990,149
6991,149
6992,149
6993,149
6994,149
6995,149
6996,149
6997,149
6998,149
6999,149
7000,149
7001,149
7002,149
7003,149
7004,149
7005,149
7006,149
7007,149
7008,149
7009,149
7010,149
7011,149
7012,148
7013,148
7014,149
7015,149
7016,149
7017,149
7018,149
7019,149
7020,149
7021,149
7022,149
7023,149
7024,149
7025,149
7026,149
7027,149
7028,149
7029,148
7030,148
7031,148
7032,148
7033,148
7034,149
7035,149
7036,149
7037,149
7038,149
7039,149
7040,149
7041,149
7042,149
7043,149
7044,149
7045,149
7046,148
7047,149
7048,149
7049,149
7050,149
7051,149
7052,149
7053,149
7054,149
7055,149
7056,149
7057,149
7058,149
7059,149
7060,149
7061,149
7062,149
7063,149
7064,149
7065,149
7066,149
7067,149
7068,149
7069,149
7070,149
7071,149
7072,149
7073,149
7074,149
7075,149
7076,149
7077,149
7078,149
7079,149
7080,149
7081,149
7082,149
7083,149
7084,149
7085,149
7086,149
7087,149
7088,149
7089,149
7090,149
7091,149
7092,150
7093,150
7094,150
7095,150
7096,150
7097,150
7098,150
7099,150
7100,150
7101,150
7102,149
7103,149
7104,149
7105,149
7106,149
7107,149
7108,149
7109,150
7110,150
7111,149
7112,149
7113,149
7114,149
7115,149
7116,149
7117,149
7118,149
7119,149
7120,149
7121,149
7122,149
7123,149
7124,149
7125,149
7126,149
7127,149
7128,149
7129,149
7130,149
7131,149
7132,149
7133,149
7134,149
7135,149
7136,148
7137,148
7138,149
7139,148
7140,149
7141,149
7142,149
7143,149
7144,149
7145,149
7146,149
7147,149
7148,149
7149,149
7150,149
7151,149
7152,149
7153,149
7154,149
7155,149
7156,149
7157,149
7158,149
7159,149
7160,149
7161,149
7162,149
7163,148
7164,148
7165,148
7166,148
7167,149
7168,149
7169,148
7170,149
7171,149
7172,149
7173,149
7174,149
7175,149
7176,148
7177,148
7178,148
7179,148
7180,148
7181,149
7182,149
7183,149
7184,148
7185,148
7186,148
7187,149
7188,149
7189,149
7190,149
7191,149
7192,149
7193,149
7194,149
7195,148
7196,148
7197,149
7198,149
7199,149
7200,149
7201,149
7202,149
7203,149
7204,149
7205,149
7206,149
7207,149
7208,148
7209,148
7210,148
7211,148
7212,148
7213,148
7214,148
7215,148
7216,148
7217,149
7218,149
7219,149
7220,149
7221,149
7222,149
7223,149
7224,149
7225,149
7226,149
7227,149
7228,149
7229,149
7230,149
7231,149
7232,149
7233,149
7234,149
7235,149
7236,149
7237,149
7238,149
7239,148
7240,148
7241,149
7242,149
7243,149
7244,149
7245,149
7246,149
7247,149
7248,149
7249,149
7250,149
7251,149
7252,149
7253,149
7254,149
7255,149
7256,149
7257,148
7258,149
7259,149
7260,149
7261,149
7262,149
7263,149
7264,149
7265,149
7266,149
7267,149
7268,148
7269,148
7270,149
7271,149
7272,149
7273,149
7274,149
7275,149
7276,149
7277,149
7278,149
7279,149
7280,149
7281,149
7282,149
7283,149
7284,149
7285,149
7286,149
7287,150
7288,149
7289,150
7290,150
7291,150
7292,150
7293,150
7294,150
7295,150
7296,150
7297,150
7298,150
7299,150
7300,150
7301,150
7302,150
7303,150
7304,150
7305,150
7306,150
7307,149
7308,149
7309,150
7310,150
7311,150
7312,150
7313,149
7314,149
7315,149
7316,149
7317,149
7318,149
7319,149
7320,149
7321,149
7322,149
7323,149
7324,149
7325,149
7326,149
7327,149
7328,149
7329,149
7330,149
7331,149
7332,149
7333,149
7334,149
7335,149
7336,149
7337,149
7338,149
7339,149
7340,149
7341,149
7342,149
7343,149
7344,149
7345,148
7346,148
7347,148
7348,148
7349,148
7350,148
7351,148
7352,148
7353,148
7354,148
7355,148
7356,149
7357,149
7358,149
7359,148
7360,148
7361,148
7362,149
7363,148
7364,148
7365,148
7366,148
7367,148
7368,148
7369,148
7370,148
7371,148
7372,148
7373,148
7374,148
7375,148
7376,148
7377,148
7378,148
7379,148
7380,147
7381,147
7382,147
7383,147
7384,147
7385,147
7386,147
7387,147
7388,147
7389,147
7390,147
7391,147
7392,147
7393,147
7394,147
7395,147
7396,147
7397,147
7398,147
7399,147
7400,147
7401,147
7402,147
7403,147
7404,147
7405,147
7406,147
7407,147
7408,147
7409,147
7410,147
7411,147
7412,147
7413,147
7414,147
7415,147
7416,147
7417,147
7418,147
7419,147
7420,147
7421,147
7422,147
7423,147
7424,147
7425,147
7426,147
7427,147
7428,147
7429,147
7430,146
7431,146
7432,146
7433,146
7434,146
7435,146
7436,147
7437,147
7438,147
7439,147
7440,147
7441,147
7442,147
7443,147
7444,147
7445,147
7446,147
7447,147
7448,147
7449,147
7450,147
7451,148
7452,148
7453,147
7454,148
7455,148
7456,148
7457,148
7458,148
7459,148
7460,147
7461,147
7462,147
7463,147
7464,147
7465,147
7466,147
7467,147
7468,147
7469,147
7470,147
7471,147
7472,147
7473,147
7474,147
7475,147
7476,147
7477,147
7478,147
7479,147
7480,147
7481,147
7482,147
7483,147
7484,148
7485,148
7486,148
7487,148
7488,148
7489,147
7490,147
7491,147
7492,148
7493,148
7494,148
7495,148
7496,147
7497,147
7498,147
7499,147
7500,147
7501,147
7502,147
7503,147
7504,147
7505,147
7506,147
7507,147
7508,147
7509,147
7510,147
7511,147
7512,147
7513,147
7514,147
7515,147
7516,147
7517,147
7518,147
7519,147
7520,147
7521,147
7522,147
7523,147
7524,147
7525,147
7526,147
7527,147
7528,147
7529,148
7530,148
7531,148
7532,148
7533,148
7534,148
7535,148
7536,148
7537,148
7538,148
7539,148
7540,148
7541,148
7542,148
7543,148
7544,148
7545,148
7546,148
7547,148
7548,148
7549,148
7550,148
7551,147
7552,147
7553,147
7554,147
7555,147
7556,147
7557,147
7558,147
7559,147
7560,147
7561,147
7562,147
7563,147
7564,147
7565,147
7566,146
7567,146
7568,146
7569,146
7570,146
7571,146
7572,146
7573,146
7574,146
7575,146
7576,147
7577,147
7578,147
7579,146
7580,146
7581,146
7582,146
7583,146
7584,146
7585,146
7586,146
7587,146
7588,146
7589,146
7590,146
7591,146
7592,146
7593,146
7594,145
7595,145
7596,146
7597,146
7598,146
7599,146
7600,146
7601,146
7602,146
7603,146
7604,146
7605,146
7606,145
7607,145
7608,145
7609,145
7610,145
7611,145
7612,145
7613,145
7614,145
7615,145
7616,145
7617,145
7618,145
7619,145
7620,145
7621,145
7622,145
7623,145
7624,145
7625,145
7626,145
7627,145
7628,145
7629,145
7630,145
7631,145
7632,145
7633,145
7634,145
7635,145
7636,145
7637,145
7638,145
7639,145
7640,145
7641,145
7642,145
7643,145
7644,145
7645,145
7646,145
7647,145
7648,145
7649,145
7650,145
7651,145
7652,145
7653,145
7654,145
7655,145
7656,145
7657,145
7658,144
7659,145
7660,145
7661,145
7662,145
7663,145
7664,144
7665,145
7666,145
7667,145
7668,145
7669,145
7670,145
7671,145
7672,145
7673,145
7674,144
7675,145
7676,145
7677,145
7678,144
7679,145
7680,145
7681,145
7682,145
7683,145
7684,145
7685,145
7686,145
7687,145
7688,145
7689,145
7690,145
7691,145
7692,145
7693,145
7694,145
7695,145
7696,145
7697,145
7698,145
7699,145
7700,145
7701,145
7702,145
7703,145
7704,145
7705,145
7706,145
7707,145
7708,145
7709,145
7710,144
7711,144
7712,144
7713,144
7714,144
7715,144
7716,144
7717,144
7718,144
7719,144
7720,144
7721,144
7722,144
7723,144
7724,144
7725,144
7726,144
7727,144
7728,144
7729,144
7730,144
7731,144
7732,144
7733,144
7734,144
7735,144
7736,144
7737,144
7738,144
7739,144
7740,144
7741,144
7742,144
7743,144
7744,144
7745,144
7746,144
7747,144
7748,144
7749,144
7750,144
7751,144
7752,144
7753,144
7754,144
7755,144
7756,144
7757,144
7758,144
7759,144
7760,144
7761,144
7762,144
7763,144
7764,144
7765,144
7766,144
7767,144
7768,144
7769,144
7770,144
7771,144
7772,144
7773,144
7774,144
7775,144
7776,144
7777,144
7778,144
7779,144
7780,144
7781,144
7782,145
7783,145
7784,145
7785,145
7786,145
7787,145
7788,145
7789,145
7790,145
7791,145
7792,145
7793,145
7794,145
7795,145
7796,145
7797,145
7798,145
7799,145
7800,145
7801,145
7802,145
7803,145
7804,146
7805,146
7806,146
7807,146
7808,146
7809,146
7810,146
7811,146
7812,146
7813,146
7814,146
7815,146
7816,146
7817,146
7818,146
7819,146
7820,146
7821,146
7822,146
7823,146
7824,146
7825,145
7826,146
7827,146
7828,146
7829,146
7830,146
7831,146
7832,146
7833,146
7834,146
7835,146
7836,146
7837,146
7838,146
7839,146
7840,146
7841,146
7842,146
7843,146
7844,146
7845,146
7846,146
7847,146
7848,146
7849,146
7850,146
7851,146
7852,146
7853,146
7854,146
7855,146
7856,146
7857,146
7858,146
7859,146
7860,146
7861,146
7862,146
7863,146
7864,146
7865,146
7866,146
7867,146
7868,146
7869,146
7870,146
7871,146
7872,147
7873,147
7874,147
7875,147
7876,147
7877,147
7878,147
7879,147
7880,147
7881,147
7882,147
7883,147
7884,147
7885,147
7886,147
7887,147
7888,147
7889,147
7890,147
7891,147
7892,147
7893,147
7894,148
7895,148
7896,148
7897,147
7898,147
7899,147
7900,147
7901,147
7902,147
7903,148
7904,148
7905,148
7906,148
7907,148
7908,148
7909,148
7910,148
7911,148
7912,148
7913,148
7914,148
7915,148
7916,148
7917,148
7918,148
7919,148
7920,148
7921,147
7922,147
7923,147
7924,147
7925,147
7926,147
7927,147
7928,148
7929,148
7930,148
7931,148
7932,148
7933,148
7934,148
7935,148
7936,148
7937,148
7938,148
7939,148
7940,148
7941,148
7942,148
7943,148
7944,148
7945,148
7946,148
7947,148
7948,148
7949,148
7950,148
7951,148
7952,148
7953,148
7954,148
7955,148
7956,148
7957,148
7958,148
7959,148
7960,148
7961,148
7962,148
7963,148
7964,148
7965,148
7966,148
7967,148
7968,147
7969,147
7970,147
7971,147
7972,147
7973,147
7974,147
7975,147
7976,147
7977,147
7978,147
7979,147
7980,147
7981,146
7982,147
7983,147
7984,147
7985,147
7986,147
7987,147
7988,147
7989,147
7990,147
7991,147
7992,147
7993,147
7994,147
7995,147
7996,147
7997,147
7998,147
7999,147
8000,147
8001,147
8002,147
8003,147
8004,147
8005,147
8006,147
8007,147
8008,146
8009,146
8010,147
8011,147
8012,147
8013,147
8014,147
8015,146
8016,146
8017,147
8018,147
8019,146
8020,146
8021,146
8022,146
8023,146
8024,146
8025,146
8026,146
8027,146
8028,146
8029,146
8030,146
8031,146
8032,145
8033,146
8034,146
8035,146
8036,146
8037,146
8038,146
8039,146
8040,146
8041,146
8042,146
8043,146
8044,145
8045,145
8046,146
8047,146
8048,146
8049,146
8050,146
8051,146
8052,146
8053,146
8054,146
8055,146
8056,146
8057,146
8058,146
8059,146
8060,146
8061,146
8062,146
8063,146
8064,145
8065,145
8066,146
8067,146
8068,146
8069,146
8070,146
8071,146
8072,146
8073,146
8074,146
8075,146
8076,146
8077,146
8078,146
8079,146
8080,146
8081,146
8082,145
8083,146
8084,146
8085,146
8086,146
8087,146
8088,146
8089,146
8090,146
8091,146
8092,146
8093,146
8094,146
8095,146
8096,146
8097,146
8098,145
8099,145
8100,145
8101,146
8102,145
8103,145
8104,145
8105,145
8106,145
8107,145
8108,145
8109,145
8110,145
8111,145
8112,145
8113,145
8114,145
8115,145
8116,145
8117,145
8118,145
8119,145
8120,145
8121,145
8122,145
8123,145
8124,145
8125,145
8126,145
8127,145
8128,145
8129,145
8130,145
8131,145
8132,145
8133,145
8134,145
8135,145
8136,145
8137,145
8138,145
8139,145
8140,145
8141,145
8142,145
8143,145
8144,145
8145,145
8146,145
8147,145
8148,145
8149,145
8150,145
8151,145
8152,145
8153,145
8154,145
8155,145
8156,145
8157,145
8158,145
8159,145
8160,145
8161,145
8162,145
8163,145
8164,145
8165,145
8166,145
8167,145
8168,145
8169,145
8170,145
8171,145
8172,145
8173,144
8174,145
8175,145
8176,145
8177,145
8178,145
8179,145
8180,145
8181,145
8182,145
8183,145
8184,145
8185,145
8186,145
8187,145
8188,145
8189,145
8190,145
8191,145
8192,145
8193,145
8194,145
8195,145
8196,145
8197,145
8198,145
8199,145
8200,145
8201,145
8202,145
8203,145
8204,145
8205,145
8206,145
8207,145
8208,145
8209,145
8210,145
8211,145
8212,145
8213,145
8214,145
8215,145
8216,145
8217,145
8218,145
8219,145
8220,145
8221,145
8222,145
8223,145
8224,145
8225,145
8226,145
8227,145
8228,145
8229,145
8230,145
8231,145
8232,145
8233,145
8234,145
8235,145
8236,145
8237,145
8238,145
8239,145
8240,145
8241,145
8242,145
8243,145
8244,145
8245,145
8246,145
8247,144
8248,144
8249,144
8250,144
8251,144
8252,144
8253,144
8254,144
8255,144
8256,144
8257,144
8258,144
8259,144
8260,144
8261,144
8262,144
8263,144
8264,144
8265,144
8266,144
8267,144
8268,143
8269,143
8270,143
8271,143
8272,143
8273,143
8274,143
8275,144
8276,144
8277,144
8278,143
8279,143
8280,143
8281,144
8282,144
8283,144
8284,144
8285,144
8286,144
8287,144
8288,144
8289,144
8290,144
8291,144
8292,144
8293,144
8294,144
8295,144
8296,144
8297,144
8298,144
8299,144
8300,144
8301,144
8302,144
8303,145
8304,145
8305,146
8306,146
8307,146
8308,146
8309,146
8310,146
8311,146
8312,146
8313,146
8314,146
8315,146
8316,146
8317,146
8318,146
8319,146
8320,146
8321,146
8322,146
8323,146
8324,146
8325,146
8326,146
8327,146
8328,146
8329,146
8330,146
8331,146
8332,146
8333,146
8334,146
8335,146
8336,146
8337,145
8338,145
8339,146
8340,146
8341,146
8342,146
8343,146
8344,146
8345,146
8346,146
8347,146
8348,146
8349,146
8350,146
8351,146
8352,146
8353,146
8354,146
8355,146
8356,146
8357,146
8358,146
8359,146
8360,146
8361,146
8362,146
8363,146
8364,146
8365,146
8366,146
8367,146
8368,146
8369,146
8370,146
8371,146
8372,146
8373,146
8374,145
8375,146
8376,146
8377,146
8378,146
8379,146
8380,146
8381,146
8382,146
8383,146
8384,147
8385,147
8386,147
8387,147
8388,147
8389,147
8390,147
8391,147
8392,147
8393,148
8394,148
8395,147
8396,147
8397,147
8398,148
8399,148
8400,148
8401,148
8402,148
8403,148
8404,148
8405,148
8406,148
8407,148
8408,147
8409,148
8410,148
8411,148
8412,148
8413,148
8414,148
8415,148
8416,148
8417,148
8418,148
8419,148
8420,148
8421,148
8422,148
8423,147
8424,148
8425,148
8426,148
8427,148
8428,148
8429,148
8430,148
8431,147
8432,147
8433,148
8434,148
8435,148
8436,148
8437,148
8438,148
8439,148
8440,148
8441,148
8442,148
8443,148
8444,148
8445,148
8446,148
8447,148
8448,148
8449,147
8450,148
8451,148
8452,148
8453,148
8454,148
8455,147
8456,147
8457,147
8458,147
8459,147
8460,147
8461,147
8462,147
8463,147
8464,147
8465,147
8466,146
8467,146
8468,146
8469,146
8470,146
8471,146
8472,146
8473,146
8474,146
8475,146
8476,146
8477,146
8478,146
8479,146
8480,146
8481,146
8482,146
8483,146
8484,146
8485,146
8486,146
8487,146
8488,146
8489,146
8490,146
8491,146
8492,146
8493,146
8494,146
8495,146
8496,146
8497,146
8498,146
8499,146
8500,146
8501,146
8502,146
8503,146
8504,146
8505,146
8506,146
8507,146
8508,145
8509,145
8510,145
8511,146
8512,146
8513,146
8514,146
8515,146
8516,146
8517,146
8518,146
8519,146
8520,146
8521,146
8522,146
8523,146
8524,146
8525,146
8526,146
8527,146
8528,146
8529,146
8530,146
8531,146
8532,146
8533,146
8534,146
8535,146
8536,146
8537,146
8538,146
8539,146
8540,145
8541,145
8542,145
8543,145
8544,145
8545,145
8546,145
8547,145
8548,145
8549,145
8550,145
8551,145
8552,145
8553,145
8554,145
8555,145
8556,145
8557,145
8558,145
8559,145
8560,145
8561,145
8562,145
8563,145
8564,145
8565,145
8566,145
8567,145
8568,145
8569,145
8570,145
8571,144
8572,145
8573,145
8574,145
8575,145
8576,145
8577,144
8578,145
8579,145
8580,145
8581,145
8582,145
8583,145
8584,145
8585,145
8586,145
8587,145
8588,145
8589,145
8590,145
8591,145
8592,145
8593,145
8594,145
8595,145
8596,145
8597,145
8598,145
8599,145
8600,145
8601,145
8602,145
8603,145
8604,145
8605,145
8606,145
8607,145
8608,145
8609,145
8610,145
8611,145
8612,145
8613,145
8614,145
8615,145
8616,145
8617,145
8618,145
8619,145
8620,145
8621,145
8622,145
8623,145
8624,145
8625,145
8626,145
8627,145
8628,145
8629,145
8630,145
8631,145
8632,145
8633,145
8634,145
8635,145
8636,145
8637,145
8638,146
8639,146
8640,146
8641,146
8642,145
8643,145
8644,145
8645,145
8646,145
8647,145
8648,145
8649,145
8650,146
8651,146
8652,146
8653,146
8654,146
8655,146
8656,146
8657,146
8658,146
8659,146
8660,146
8661,146
8662,146
8663,146
8664,146
8665,146
8666,146
8667,146
8668,146
8669,146
8670,146
8671,146
8672,146
8673,146
8674,146
8675,146
8676,146
8677,146
8678,146
8679,146
8680,146
8681,146
8682,146
8683,146
8684,146
8685,146
8686,146
8687,146
8688,146
8689,145
8690,145
8691,145
8692,145
8693,145
8694,145
8695,146
8696,146
8697,146
8698,146
8699,145
8700,145
8701,145
8702,145
8703,145
8704,145
8705,145
8706,146
8707,146
8708,146
8709,146
8710,145
8711,145
8712,145
8713,145
8714,145
8715,145
8716,146
8717,146
8718,146
8719,146
8720,146
8721,146
8722,146
8723,146
8724,146
8725,146
8726,146
8727,146
8728,146
8729,146
8730,146
8731,146
8732,146
8733,146
8734,146
8735,147
8736,146
8737,146
8738,146
8739,147
8740,147
8741,147
8742,147
8743,147
8744,147
8745,147
8746,147
8747,147
8748,147
8749,147
8750,147
8751,147
8752,147
8753,147
8754,147
8755,147
8756,147
8757,147
8758,147
8759,147
8760,147
8761,147
8762,147
8763,148
8764,148
8765,148
8766,148
8767,147
8768,147
8769,148
8770,148
8771,148
8772,148
8773,148
8774,148
8775,148
8776,148
8777,148
8778,148
8779,148
8780,148
8781,148
8782,148
8783,148
8784,148
8785,148
8786,148
8787,148
8788,148
8789,148
8790,148
8791,148
8792,148
8793,148
8794,148
8795,148
8796,148
8797,148
8798,148
8799,148
8800,148
8801,148
8802,148
8803,148
8804,148
8805,148
8806,148
8807,148
8808,147
8809,148
8810,148
8811,148
8812,148
8813,148
8814,148
8815,148
8816,148
8817,148
8818,148
8819,148
8820,148
8821,148
8822,148
8823,148
8824,148
8825,148
8826,148
8827,148
8828,148
8829,148
8830,148
8831,148
8832,147
8833,147
8834,147
8835,147
8836,147
8837,147
8838,147
8839,147
8840,147
8841,147
8842,147
8843,147
8844,147
8845,147
8846,147
8847,147
8848,147
8849,147
8850,147
8851,147
8852,147
8853,147
8854,147
8855,147
8856,147
8857,147
8858,147
8859,147
8860,147
8861,147
8862,147
8863,147
8864,147
8865,147
8866,147
8867,147
8868,147
8869,147
8870,147
8871,147
8872,146
8873,146
8874,146
8875,146
8876,146
8877,146
8878,146
8879,146
8880,146
8881,146
8882,146
8883,146
8884,146
8885,146
8886,146
8887,146
8888,146
8889,146
8890,146
8891,146
8892,146
8893,146
8894,146
8895,145
8896,145
8897,145
8898,145
8899,145
8900,145
8901,145
8902,145
8903,145
8904,145
8905,145
8906,145
8907,145
8908,145
8909,145
8910,145
8911,145
8912,145
8913,145
8914,145
8915,145
8916,145
8917,145
8918,144
8919,144
8920,144
8921,144
8922,144
8923,144
8924,144
8925,144
8926,144
8927,144
8928,144
8929,144
8930,144
8931,144
8932,144
8933,144
8934,144
8935,144
8936,144
8937,144
8938,144
8939,144
8940,144
8941,144
8942,144
8943,144
8944,145
8945,145
8946,145
8947,145
8948,145
8949,145
8950,145
8951,145
8952,145
8953,145
8954,145
8955,145
8956,144
8957,144
8958,145
8959,145
8960,145
8961,145
8962,144
8963,144
8964,144
8965,145
8966,145
8967,145
8968,145
8969,145
8970,145
8971,145
8972,145
8973,145
8974,145
8975,145
8976,145
8977,145
8978,145
8979,145
8980,145
8981,145
8982,145
8983,145
8984,145
8985,145
8986,145
8987,145
8988,145
8989,145
8990,145
8991,145
8992,145
8993,145
8994,145
8995,145
8996,145
8997,145
8998,145
8999,145
9000,145
9001,145
9002,145
9003,145
9004,145
9005,145
9006,145
9007,145
9008,145
9009,145
9010,145
9011,145
9012,145
9013,145
9014,145
9015,145
9016,145
9017,145
9018,145
9019,145
9020,145
9021,144
9022,144
9023,145
9024,145
9025,145
9026,145
9027,145
9028,145
9029,145
9030,144
9031,144
9032,145
9033,145
9034,145
9035,145
9036,145
9037,145
9038,145
9039,145
9040,145
9041,144
9042,144
9043,145
9044,145
9045,145
9046,145
9047,145
9048,145
9049,145
9050,145
9051,145
9052,145
9053,145
9054,145
9055,144
9056,145
9057,145
9058,145
9059,145
9060,145
9061,145
9062,145
9063,145
9064,145
9065,144
9066,144
9067,144
9068,145
9069,145
9070,145
9071,145
9072,145
9073,145
9074,145
9075,145
9076,145
9077,145
9078,145
9079,145
9080,144
9081,144
9082,144
9083,144
9084,144
9085,145
9086,145
9087,145
9088,145
9089,145
9090,145
9091,145
9092,145
9093,145
9094,145
9095,145
9096,145
9097,145
9098,145
9099,145
9100,145
9101,145
9102,145
9103,145
9104,145
9105,145
9106,145
9107,144
9108,145
9109,144
9110,144
9111,144
9112,145
9113,145
9114,145
9115,145
9116,144
9117,144
9118,144
9119,144
9120,144
9121,144
9122,144
9123,144
9124,144
9125,144
9126,144
9127,144
9128,145
9129,145
9130,145
9131,145
9132,145
9133,145
9134,145
9135,145
9136,145
9137,146
9138,146
9139,146
9140,146
9141,146
9142,146
9143,146
9144,146
9145,146
9146,146
9147,146
9148,146
9149,146
9150,146
9151,146
9152,145
9153,146
9154,146
9155,146
9156,146
9157,146
9158,146
9159,146
9160,145
9161,145
9162,145
9163,145
9164,145
9165,145
9166,145
9167,146
9168,146
9169,146
9170,146
9171,146
9172,146
9173,146
9174,146
9175,146
9176,146
9177,146
9178,146
9179,146
9180,146
9181,146
9182,146
9183,145
9184,146
9185,146
9186,146
9187,146
9188,146
9189,146
9190,146
9191,146
9192,146
9193,146
9194,146
9195,146
9196,146
9197,146
9198,146
9199,146
9200,146
9201,146
9202,146
9203,146
9204,146
9205,146
9206,146
9207,146
9208,146
9209,146
9210,145
9211,145
9212,145
9213,145
9214,146
9215,146
9216,146
9217,146
9218,146
9219,146
9220,146
9221,146
9222,146
9223,146
9224,146
9225,146
9226,146
9227,146
9228,146
9229,146
9230,146
9231,146
9232,146
9233,146
9234,146
9235,146
9236,146
9237,146
9238,145
9239,146
9240,145
9241,145
9242,145
9243,145
9244,145
9245,145
9246,145
9247,145
9248,145
9249,145
9250,145
9251,145
9252,145
9253,145
9254,145
9255,145
9256,145
9257,145
9258,145
9259,144
9260,144
9261,144
9262,145
9263,144
9264,144
9265,144
9266,144
9267,144
9268,145
9269,145
9270,145
9271,145
9272,145
9273,145
9274,144
9275,144
9276,144
9277,144
9278,144
9279,144
9280,144
9281,144
9282,145
9283,145
9284,145
9285,145
9286,145
9287,145
9288,145
9289,145
9290,144
9291,144
9292,145
9293,145
9294,145
9295,145
9296,145
9297,145
9298,145
9299,145
9300,145
9301,145
9302,145
9303,145
9304,144
9305,144
9306,145
9307,145
9308,145
9309,145
9310,145
9311,145
9312,145
9313,145
9314,145
9315,145
9316,145
9317,145
9318,145
9319,145
9320,145
9321,145
9322,145
9323,145
9324,145
9325,145
9326,145
9327,145
9328,144
9329,144
9330,144
9331,144
9332,144
9333,144
9334,144
9335,144
9336,144
9337,144
9338,144
9339,144
9340,144
9341,144
9342,144
9343,144
9344,144
9345,144
9346,144
9347,144
9348,144
9349,144
9350,144
9351,145
9352,145
9353,145
9354,144
9355,144
9356,144
9357,144
9358,144
9359,144
9360,144
9361,144
9362,144
9363,144
9364,144
9365,144
9366,144
9367,144
9368,144
9369,144
9370,144
9371,144
9372,144
9373,144
9374,144
9375,144
9376,144
9377,144
9378,144
9379,144
9380,144
9381,144
9382,144
9383,144
9384,144
9385,144
9386,144
9387,144
9388,144
9389,144
9390,144
9391,144
9392,144
9393,144
9394,144
9395,144
9396,144
9397,144
9398,144
9399,144
9400,144
9401,144
9402,144
9403,144
9404,144
9405,144
9406,144
9407,144
9408,145
9409,145
9410,145
9411,145
9412,145
9413,145
9414,145
9415,145
9416,145
9417,145
9418,145
9419,145
9420,145
9421,145
9422,145
9423,145
9424,145
9425,144
9426,144
9427,144
9428,145
9429,145
9430,145
9431,145
9432,145
9433,145
9434,145
9435,145
9436,144
9437,144
9438,144
9439,144
9440,144
9441,144
9442,144
9443,144
9444,144
9445,144
9446,144
9447,145
9448,144
9449,144
9450,144
9451,144
9452,144
9453,144
9454,144
9455,144
9456,144
9457,144
9458,144
9459,144
9460,143
9461,144
9462,144
9463,144
9464,144
9465,144
9466,144
9467,144
9468,144
9469,144
9470,144
9471,144
9472,144
9473,144
9474,144
9475,144
9476,144
9477,144
9478,144
9479,144
9480,144
9481,144
9482,144
9483,144
9484,144
9485,144
9486,144
9487,144
9488,144
9489,144
9490,144
9491,144
9492,144
9493,144
9494,144
9495,144
9496,144
9497,144
9498,144
9499,144
9500,143
9501,143
9502,143
9503,143
9504,143
9505,143
9506,143
9507,143
9508,143
9509,143
9510,143
9511,143
9512,143
9513,143
9514,143
9515,143
9516,143
9517,143
9518,143
9519,143
9520,143
9521,143
9522,144
9523,144
9524,144
9525,144
9526,144
9527,144
9528,144
9529,144
9530,144
9531,144
9532,144
9533,144
9534,144
9535,144
9536,143
9537,143
9538,144
9539,144
9540,144
9541,144
9542,144
9543,144
9544,144
9545,144
9546,144
9547,144
9548,144
9549,144
9550,144
9551,144
9552,144
9553,144
9554,144
9555,144
9556,144
9557,144
9558,144
9559,144
9560,144
9561,144
9562,144
9563,144
9564,144
9565,144
9566,144
9567,144
9568,144
9569,144
9570,144
9571,144
9572,144
9573,144
9574,144
9575,144
9576,144
9577,144
9578,144
9579,144
9580,144
9581,144
9582,144
9583,144
9584,144
9585,144
9586,144
9587,144
9588,144
9589,144
9590,144
9591,144
9592,144
9593,145
9594,145
9595,145
9596,145
9597,145
9598,145
9599,145
9600,145
9601,145
9602,145
9603,145
9604,145
9605,145
9606,145
9607,145
9608,145
9609,145
9610,145
9611,145
9612,145
9613,144
9614,144
9615,144
9616,144
9617,144
9618,144
9619,144
9620,144
9621,144
9622,144
9623,144
9624,144
9625,144
9626,144
9627,144
9628,144
9629,144
9630,144
9631,144
9632,144
9633,144
9634,144
9635,144
9636,144
9637,144
9638,144
9639,144
9640,144
9641,144
9642,144
9643,144
9644,144
9645,144
9646,144
9647,144
9648,144
9649,144
9650,144
9651,144
9652,144
9653,144
9654,144
9655,144
9656,144
9657,144
9658,144
9659,144
9660,144
9661,144
9662,144
9663,144
9664,144
9665,144
9666,144
9667,144
9668,144
9669,144
9670,144
9671,144
9672,144
9673,143
9674,144
9675,144
9676,144
9677,144
9678,144
9679,144
9680,144
9681,144
9682,144
9683,143
9684,143
9685,143
9686,143
9687,143
9688,143
9689,143
9690,144
9691,144
9692,144
9693,144
9694,144
9695,144
9696,144
9697,144
9698,144
9699,144
9700,144
9701,143
9702,143
9703,143
9704,143
9705,143
9706,143
9707,143
9708,143
9709,143
9710,143
9711,143
9712,143
9713,143
9714,143
9715,143
9716,143
9717,143
9718,143
9719,144
9720,144
9721,144
9722,144
9723,143
9724,143
9725,143
9726,143
9727,143
9728,144
9729,144
9730,144
9731,144
9732,143
9733,143
9734,143
9735,143
9736,144
9737,144
9738,144
9739,144
9740,144
9741,144
9742,144
9743,144
9744,144
9745,144
9746,144
9747,144
9748,144
9749,144
9750,144
9751,144
9752,144
9753,144
9754,143
9755,144
9756,144
9757,144
9758,144
9759,144
9760,144
9761,144
9762,144
9763,144
9764,144
9765,144
9766,144
9767,144
9768,144
9769,144
9770,144
9771,144
9772,144
9773,144
9774,144
9775,144
9776,145
9777,144
9778,144
9779,144
9780,144
9781,144
9782,144
9783,144
9784,144
9785,144
9786,145
9787,145
9788,145
9789,145
9790,145
9791,145
9792,145
9793,145
9794,145
9795,145
9796,145
9797,145
9798,145
9799,145
9800,145
9801,145
9802,145
9803,145
9804,145
9805,144
9806,144
9807,144
9808,144
9809,144
9810,144
9811,144
9812,144
9813,144
9814,144
9815,145
9816,145
9817,145
9818,145
9819,145
9820,145
9821,145
9822,145
9823,145
9824,145
9825,145
9826,145
9827,145
9828,145
9829,145
9830,145
9831,145
9832,145
9833,145
9834,145
9835,144
9836,144
9837,145
9838,144
9839,144
9840,145
9841,145
9842,145
9843,145
9844,145
9845,145
9846,145
9847,145
9848,145
9849,145
9850,145
9851,145
9852,145
9853,145
9854,145
9855,145
9856,145
9857,145
9858,145
9859,145
9860,145
9861,145
9862,145
9863,145
9864,144
9865,144
9866,144
9867,144
9868,144
9869,144
9870,144
9871,144
9872,144
9873,144
9874,144
9875,144
9876,144
9877,144
9878,144
9879,144
9880,144
9881,144
9882,145
9883,145
9884,145
9885,145
9886,145
9887,145
9888,145
9889,145
9890,145
9891,145
9892,144
9893,144
9894,144
9895,144
9896,144
9897,143
9898,144
9899,144
9900,143
9901,143
9902,143
9903,143
9904,143
9905,143
9906,143
9907,143
9908,144
9909,143
9910,143
9911,143
9912,143
9913,143
9914,144
9915,144
9916,144
9917,143
9918,143
9919,143
9920,143
9921,143
9922,143
9923,143
9924,143
9925,144
9926,144
9927,144
9928,144
9929,144
9930,144
9931,144
9932,144
9933,144
9934,143
9935,144
9936,144
9937,144
9938,144
9939,144
9940,144
9941,144
9942,144
9943,144
9944,144
9945,144
9946,145
9947,145
9948,144
9949,145
9950,145
9951,145
9952,145
9953,145
9954,145
9955,145
9956,145
9957,145
9958,145
9959,145
9960,145
9961,145
9962,145
9963,145
9964,145
9965,144
9966,144
9967,144
9968,144
9969,144
9970,144
9971,144
9972,144
9973,145
9974,144
9975,144
9976,144
9977,144
9978,144
9979,144
9980,144
9981,144
9982,144
9983,144
9984,144
9985,144
9986,144
9987,144
9988,144
9989,145
9990,145
9991,145
9992,145
9993,145
9994,145
9995,145
9996,145
9997,145
9998,145
9999,145
