0,150
1,150
2,150
3,150
4,150
5,149
6,150
7,150
8,150
9,150
10,150
11,150
12,149
13,149
14,149
15,150
16,150
17,150
18,150
19,150
20,150
21,150
22,150
23,150
24,150
25,150
26,150
27,150
28,150
29,150
30,150
31,150
32,150
33,150
34,150
35,150
36,150
37,150
38,150
39,150
40,150
41,150
42,150
43,150
44,150
45,150
46,150
47,150
48,150
49,150
50,150
51,150
52,150
53,150
54,150
55,149
56,149
57,149
58,150
59,150
60,150
61,150
62,150
63,150
64,150
65,150
66,149
67,150
68,150
69,150
70,150
71,149
72,150
73,150
74,150
75,150
76,150
77,150
78,150
79,150
80,150
81,150
82,150
83,150
84,150
85,150
86,150
87,150
88,150
89,150
90,150
91,150
92,150
93,150
94,149
95,150
96,150
97,150
98,150
99,150
100,149
101,149
102,149
103,150
104,150
105,150
106,150
107,150
108,150
109,150
110,150
111,150
112,150
113,150
114,150
115,150
116,150
117,150
118,150
119,150
120,150
121,150
122,150
123,150
124,150
125,150
126,150
127,150
128,150
129,150
130,150
131,150
132,150
133,150
134,150
135,150
136,150
137,150
138,150
139,150
140,150
141,149
142,149
143,149
144,149
145,149
146,149
147,149
148,149
149,149
150,149
151,149
152,149
153,149
154,149
155,149
156,148
157,148
158,148
159,149
160,149
161,148
162,149
163,149
164,149
165,149
166,149
167,148
168,148
169,148
170,148
171,148
172,148
173,149
174,149
175,149
176,149
177,149
178,149
179,149
180,149
181,149
182,149
183,149
184,149
185,149
186,149
187,149
188,149
189,149
190,149
191,149
192,149
193,149
194,149
195,149
196,149
197,149
198,149
199,149
200,149
201,149
202,149
203,149
204,149
205,149
206,150
207,150
208,150
209,150
210,150
211,150
212,150
213,150
214,149
215,149
216,149
217,149
218,149
219,149
220,149
221,150
222,150
223,150
224,150
225,150
226,150
227,150
228,150
229,150
230,149
231,150
232,150
233,150
234,150
235,150
236,150
237,150
238,150
239,150
240,150
241,150
242,150
243,150
244,150
245,151
246,151
247,151
248,151
249,151
250,151
251,151
252,151
253,151
254,151
255,151
256,151
257,150
258,150
259,150
260,150
261,150
262,151
263,151
264,151
265,151
266,151
267,151
268,151
269,151
270,151
271,151
272,151
273,151
274,151
275,151
276,151
277,151
278,151
279,151
280,151
281,151
282,150
283,150
284,150
285,151
286,151
287,151
288,151
289,151
290,151
291,150
292,150
293,151
294,151
295,151
296,151
297,151
298,151
299,151
300,151
301,151
302,151
303,151
304,151
305,151
306,151
307,151
308,151
309,150
310,151
311,151
312,151
313,151
314,150
315,150
316,151
317,151
318,151
319,151
320,151
321,151
322,151
323,151
324,151
325,151
326,151
327,151
328,151
329,151
330,151
331,151
332,151
333,151
334,151
335,150
336,151
337,151
338,151
339,151
340,151
341,151
342,151
343,151
344,151
345,151
346,151
347,151
348,151
349,151
350,151
351,151
352,151
353,151
354,150
355,151
356,151
357,150
358,150
359,150
360,150
361,150
362,150
363,150
364,150
365,150
366,150
367,150
368,150
369,150
370,150
371,150
372,150
373,150
374,150
375,150
376,150
377,150
378,150
379,150
380,150
381,150
382,150
383,150
384,150
385,151
386,150
387,150
388,150
389,150
390,150
391,150
392,150
393,150
394,150
395,150
396,150
397,150
398,150
399,149
400,150
401,150
402,150
403,150
404,150
405,150
406,150
407,150
408,150
409,150
410,150
411,150
412,150
413,150
414,150
415,150
416,150
417,150
418,150
419,150
420,150
421,151
422,151
423,151
424,151
425,151
426,151
427,151
428,151
429,151
430,151
431,151
432,150
433,151
434,151
435,151
436,150
437,150
438,150
439,150
440,150
441,151
442,151
443,151
444,151
445,151
446,151
447,151
448,151
449,151
450,151
451,151
452,151
453,151
454,151
455,151
456,151
457,150
458,151
459,151
460,151
461,151
462,151
463,151
464,151
465,151
466,151
467,151
468,151
469,151
470,151
471,151
472,151
473,151
474,151
475,151
476,151
477,151
478,151
479,151
480,151
481,151
482,151
483,151
484,151
485,151
486,151
487,151
488,151
489,151
490,151
491,151
492,151
493,151
494,151
495,151
496,151
497,151
498,151
499,151
500,151
501,151
502,151
503,151
504,151
505,151
506,151
507,151
508,151
509,151
510,151
511,151
512,151
513,151
514,151
515,151
516,151
517,151
518,151
519,151
520,151
521,151
522,151
523,151
524,151
525,151
526,151
527,151
528,151
529,151
530,151
531,151
532,151
533,151
534,151
535,151
536,151
537,151
538,151
539,151
540,151
541,151
542,150
543,150
544,150
545,151
546,151
547,151
548,151
549,151
550,151
551,151
552,151
553,151
554,151
555,151
556,151
557,151
558,151
559,151
560,151
561,151
562,151
563,151
564,152
565,152
566,152
567,152
568,152
569,151
570,151
571,151
572,152
573,152
574,152
575,152
576,152
577,152
578,152
579,152
580,152
581,152
582,152
583,152
584,152
585,152
586,152
587,152
588,152
589,152
590,152
591,152
592,152
593,152
594,152
595,152
596,152
597,152
598,152
599,152
600,152
601,152
602,152
603,152
604,152
605,152
606,152
607,152
608,152
609,152
610,152
611,152
612,152
613,152
614,152
615,152
616,152
617,152
618,152
619,152
620,152
621,152
622,152
623,152
624,152
625,152
626,152
627,152
628,151
629,151
630,152
631,152
632,152
633,152
634,152
635,152
636,152
637,152
638,152
639,152
640,152
641,152
642,152
643,152
644,152
645,152
646,152
647,152
648,152
649,152
650,152
651,152
652,152
653,152
654,152
655,152
656,152
657,152
658,152
659,152
660,152
661,152
662,152
663,152
664,152
665,152
666,152
667,151
668,151
669,151
670,151
671,151
672,151
673,151
674,151
675,151
676,151
677,151
678,151
679,151
680,151
681,151
682,151
683,151
684,151
685,151
686,151
687,151
688,151
689,152
690,152
691,152
692,152
693,152
694,152
695,152
696,152
697,152
698,152
699,152
700,152
701,152
702,152
703,152
704,152
705,152
706,152
707,152
708,152
709,152
710,152
711,152
712,152
713,152
714,151
715,151
716,151
717,151
718,151
719,151
720,151
721,151
722,151
723,151
724,151
725,151
726,151
727,151
728,151
729,151
730,151
731,151
732,151
733,151
734,151
735,151
736,151
737,150
738,151
739,151
740,151
741,151
742,151
743,151
744,151
745,151
746,151
747,151
748,151
749,151
750,151
751,151
752,151
753,151
754,151
755,151
756,151
757,151
758,151
759,151
760,151
761,152
762,152
763,152
764,152
765,152
766,152
767,152
768,152
769,152
770,152
771,152
772,152
773,152
774,152
775,152
776,152
777,152
778,152
779,152
780,152
781,152
782,152
783,152
784,152
785,152
786,152
787,152
788,152
789,152
790,152
791,152
792,152
793,152
794,152
795,152
796,152
797,152
798,152
799,152
800,152
801,152
802,152
803,152
804,152
805,152
806,152
807,152
808,152
809,152
810,152
811,152
812,152
813,152
814,152
815,152
816,151
817,151
818,151
819,151
820,151
821,151
822,151
823,151
824,151
825,151
826,151
827,151
828,151
829,151
830,151
831,152
832,152
833,151
834,152
835,152
836,152
837,152
838,152
839,152
840,152
841,152
842,152
843,152
844,152
845,152
846,152
847,152
848,152
849,152
850,152
851,152
852,152
853,152
854,152
855,152
856,152
857,152
858,152
859,152
860,152
861,152
862,152
863,152
864,152
865,152
866,152
867,152
868,152
869,152
870,152
871,152
872,152
873,152
874,152
875,152
876,152
877,152
878,152
879,151
880,151
881,151
882,151
883,151
884,151
885,151
886,151
887,151
888,151
889,151
890,151
891,151
892,151
893,151
894,151
895,151
896,151
897,151
898,151
899,151
900,151
901,151
902,151
903,151
904,151
905,151
906,151
907,151
908,151
909,151
910,151
911,151
912,151
913,151
914,151
915,151
916,151
917,151
918,151
919,151
920,151
921,151
922,151
923,151
924,151
925,151
926,151
927,151
928,151
929,151
930,151
931,150
932,151
933,151
934,151
935,151
936,151
937,151
938,151
939,151
940,151
941,151
942,150
943,151
944,151
945,151
946,151
947,151
948,151
949,151
950,151
951,151
952,151
953,151
954,151
955,151
956,151
957,151
958,151
959,151
960,151
961,151
962,151
963,151
964,151
965,151
966,151
967,151
968,151
969,151
970,151
971,151
972,151
973,151
974,151
975,151
976,151
977,151
978,151
979,151
980,151
981,151
982,151
983,151
984,151
985,151
986,151
987,151
988,151
989,151
990,151
991,151
992,151
993,151
994,151
995,151
996,151
997,151
998,151
999,151
1000,151
1001,151
1002,151
1003,151
1004,151
1005,151
1006,151
1007,151
1008,151
1009,151
1010,151
1011,151
1012,151
1013,151
1014,151
1015,151
1016,151
1017,151
1018,151
1019,151
1020,151
1021,151
1022,151
1023,151
1024,151
1025,151
1026,151
1027,151
1028,150
1029,151
1030,151
1031,151
1032,151
1033,151
1034,151
1035,151
1036,151
1037,151
1038,151
1039,151
1040,151
1041,151
1042,151
1043,151
1044,150
1045,150
1046,150
1047,151
1048,151
1049,151
1050,151
1051,151
1052,151
1053,151
1054,151
1055,151
1056,151
1057,151
1058,151
1059,150
1060,150
1061,150
1062,150
1063,150
1064,150
1065,150
1066,150
1067,150
1068,150
1069,150
1070,150
1071,150
1072,150
1073,150
1074,150
1075,150
1076,150
1077,150
1078,150
1079,151
1080,151
1081,151
1082,151
1083,151
1084,151
1085,151
1086,151
1087,151
1088,151
1089,151
1090,151
1091,151
1092,151
1093,151
1094,151
1095,150
1096,151
1097,151
1098,151
1099,151
1100,151
1101,151
1102,151
1103,151
1104,151
1105,151
1106,151
1107,151
1108,151
1109,151
1110,151
1111,151
1112,151
1113,151
1114,151
1115,151
1116,151
1117,151
1118,151
1119,151
1120,151
1121,151
1122,151
1123,151
1124,151
1125,151
1126,151
1127,151
1128,151
1129,151
1130,151
1131,151
1132,151
1133,151
1134,151
1135,151
1136,151
1137,151
1138,151
1139,152
1140,151
1141,151
1142,151
1143,151
1144,151
1145,151
1146,151
1147,151
1148,151
1149,151
1150,152
1151,152
1152,152
1153,152
1154,152
1155,152
1156,152
1157,152
1158,152
1159,152
1160,152
1161,152
1162,152
1163,152
1164,152
1165,152
1166,152
1167,152
1168,152
1169,152
1170,152
1171,152
1172,152
1173,152
1174,152
1175,152
1176,152
1177,152
1178,152
1179,152
1180,151
1181,152
1182,152
1183,152
1184,152
1185,151
1186,152
1187,152
1188,152
1189,151
1190,151
1191,151
1192,151
1193,151
1194,152
1195,152
1196,152
1197,152
1198,151
1199,152
1200,152
1201,152
1202,152
1203,152
1204,152
1205,152
1206,152
1207,152
1208,152
1209,152
1210,152
1211,152
1212,152
1213,152
1214,152
1215,152
1216,152
1217,152
1218,152
1219,152
1220,152
1221,152
1222,152
1223,152
1224,152
1225,152
1226,151
1227,152
1228,152
1229,152
1230,152
1231,152
1232,152
1233,152
1234,152
1235,152
1236,152
1237,151
1238,151
1239,151
1240,151
1241,151
1242,152
1243,151
1244,151
1245,151
1246,151
1247,152
1248,152
1249,151
1250,151
1251,151
1252,151
1253,151
1254,151
1255,151
1256,151
1257,151
1258,151
1259,151
1260,151
1261,151
1262,152
1263,152
1264,152
1265,152
1266,152
1267,152
1268,151
1269,151
1270,151
1271,152
1272,152
1273,152
1274,152
1275,151
1276,152
1277,152
1278,152
1279,152
1280,152
1281,152
1282,151
1283,151
1284,152
1285,152
1286,152
1287,151
1288,151
1289,152
1290,152
1291,152
1292,152
1293,152
1294,152
1295,152
1296,152
1297,152
1298,152
1299,152
1300,152
1301,152
1302,152
1303,152
1304,152
1305,152
1306,152
1307,152
1308,152
1309,152
1310,152
1311,152
1312,152
1313,152
1314,152
1315,152
1316,152
1317,152
1318,151
1319,151
1320,151
1321,151
1322,151
1323,151
1324,151
1325,151
1326,151
1327,151
1328,150
1329,150
1330,151
1331,151
1332,151
1333,150
1334,151
1335,150
1336,151
1337,151
1338,152
1339,152
1340,152
1341,151
1342,151
1343,151
1344,152
1345,151
1346,152
1347,152
1348,152
1349,152
1350,152
1351,153
1352,153
1353,153
1354,153
1355,153
1356,153
1357,153
1358,153
1359,153
1360,153
1361,153
1362,153
1363,153
1364,153
1365,153
1366,153
1367,153
1368,153
1369,153
1370,152
1371,152
1372,152
1373,153
1374,153
1375,153
1376,153
1377,152
1378,153
1379,153
1380,153
1381,153
1382,153
1383,153
1384,153
1385,153
1386,153
1387,152
1388,152
1389,152
1390,152
1391,152
1392,153
1393,153
1394,153
1395,153
1396,153
1397,153
1398,153
1399,153
1400,153
1401,153
1402,153
1403,153
1404,153
1405,153
1406,153
1407,153
1408,153
1409,153
1410,153
1411,153
1412,153
1413,153
1414,153
1415,153
1416,153
1417,153
1418,153
1419,153
1420,154
1421,154
1422,154
1423,154
1424,154
1425,154
1426,154
1427,154
1428,154
1429,154
1430,154
1431,154
1432,154
1433,154
1434,154
1435,154
1436,154
1437,154
1438,154
1439,154
1440,153
1441,154
1442,153
1443,154
1444,153
1445,153
1446,153
1447,153
1448,153
1449,152
1450,153
1451,153
1452,152
1453,152
1454,152
1455,153
1456,152
1457,152
1458,152
1459,152
1460,152
1461,152
1462,152
1463,152
1464,152
1465,152
1466,152
1467,152
1468,152
1469,152
1470,152
1471,152
1472,152
1473,152
1474,152
1475,152
1476,152
1477,152
1478,152
1479,152
1480,152
1481,152
1482,152
1483,152
1484,152
1485,152
1486,152
1487,152
1488,152
1489,152
1490,151
1491,151
1492,152
1493,151
1494,151
1495,151
1496,151
1497,151
1498,151
1499,151
1500,151
1501,151
1502,151
1503,151
1504,151
1505,151
1506,151
1507,151
1508,152
1509,151
1510,151
1511,151
1512,151
1513,151
1514,151
1515,151
1516,151
1517,151
1518,151
1519,151
1520,150
1521,150
1522,150
1523,150
1524,150
1525,150
1526,150
1527,150
1528,150
1529,150
1530,150
1531,150
1532,150
1533,150
1534,150
1535,150
1536,150
1537,150
1538,150
1539,150
1540,149
1541,149
1542,149
1543,149
1544,149
1545,149
1546,149
1547,149
1548,149
1549,149
1550,149
1551,149
1552,149
1553,149
1554,149
1555,149
1556,149
1557,149
1558,149
1559,149
1560,149
1561,149
1562,149
1563,149
1564,149
1565,149
1566,149
1567,150
1568,150
1569,150
1570,150
1571,150
1572,149
1573,149
1574,149
1575,149
1576,149
1577,150
1578,150
1579,150
1580,150
1581,150
1582,149
1583,149
1584,149
1585,149
1586,149
1587,149
1588,149
1589,149
1590,149
1591,149
1592,149
1593,149
1594,149
1595,149
1596,149
1597,149
1598,149
1599,149
1600,149
1601,149
1602,149
1603,149
1604,149
1605,149
1606,149
1607,149
1608,149
1609,149
1610,149
1611,149
1612,148
1613,148
1614,148
1615,148
1616,148
1617,148
1618,148
1619,148
1620,147
1621,148
1622,148
1623,148
1624,148
1625,148
1626,148
1627,148
1628,148
1629,148
1630,148
1631,148
1632,148
1633,148
1634,149
1635,149
1636,149
1637,149
1638,149
1639,149
1640,149
1641,149
1642,149
1643,149
1644,148
1645,148
1646,148
1647,148
1648,148
1649,148
1650,148
1651,148
1652,148
1653,148
1654,148
1655,148
1656,149
1657,149
1658,149
1659,149
1660,149
1661,149
1662,149
1663,149
1664,149
1665,149
1666,148
1667,148
1668,148
1669,148
1670,148
1671,148
1672,148
1673,148
1674,148
1675,148
1676,148
1677,148
1678,149
1679,148
1680,149
1681,148
1682,148
1683,149
1684,149
1685,149
1686,149
1687,150
1688,150
1689,150
1690,150
1691,149
1692,149
1693,149
1694,149
1695,149
1696,149
1697,149
1698,149
1699,149
1700,149
1701,149
1702,150
1703,150
1704,150
1705,150
1706,150
1707,150
1708,150
1709,150
1710,150
1711,150
1712,150
1713,150
1714,150
1715,150
1716,149
1717,150
1718,150
1719,150
1720,150
1721,150
1722,150
1723,150
1724,150
1725,151
1726,151
1727,150
1728,150
1729,150
1730,150
1731,150
1732,150
1733,150
1734,149
1735,149
1736,149
1737,149
1738,149
1739,149
1740,149
1741,149
1742,149
1743,149
1744,149
1745,149
1746,149
1747,149
1748,150
1749,149
1750,149
1751,149
1752,149
1753,149
1754,149
1755,149
1756,149
1757,149
1758,149
1759,149
1760,149
1761,149
1762,149
1763,149
1764,149
1765,149
1766,149
1767,149
1768,149
1769,149
1770,149
1771,149
1772,149
1773,149
1774,149
1775,149
1776,149
1777,149
1778,149
1779,150
1780,150
1781,150
1782,150
1783,150
1784,150
1785,150
1786,149
1787,149
1788,150
1789,149
1790,149
1791,150
1792,150
1793,150
1794,150
1795,150
1796,150
1797,149
1798,150
1799,149
1800,149
1801,150
1802,150
1803,150
1804,149
1805,149
1806,149
1807,149
1808,149
1809,149
1810,149
1811,149
1812,149
1813,149
1814,150
1815,150
1816,150
1817,150
1818,150
1819,150
1820,150
1821,150
1822,150
1823,150
1824,150
1825,150
1826,150
1827,150
1828,149
1829,150
1830,150
1831,149
1832,150
1833,150
1834,150
1835,150
1836,150
1837,150
1838,150
1839,149
1840,149
1841,150
1842,150
1843,150
1844,149
1845,149
1846,149
1847,149
1848,150
1849,150
1850,150
1851,150
1852,150
1853,150
1854,150
1855,150
1856,150
1857,150
1858,150
1859,151
1860,150
1861,150
1862,151
1863,151
1864,151
1865,151
1866,151
1867,151
1868,151
1869,151
1870,151
1871,151
1872,151
1873,150
1874,150
1875,150
1876,151
1877,151
1878,150
1879,150
1880,150
1881,150
1882,150
1883,151
1884,151
1885,151
1886,151
1887,151
1888,151
1889,151
1890,151
1891,151
1892,151
1893,151
1894,151
1895,151
1896,151
1897,151
1898,151
1899,151
1900,151
1901,151
1902,151
1903,151
1904,151
1905,151
1906,151
1907,151
1908,151
1909,151
1910,151
1911,151
1912,151
1913,151
1914,151
1915,151
1916,151
1917,150
1918,151
1919,150
1920,150
1921,150
1922,151
1923,151
1924,151
1925,151
1926,151
1927,151
1928,150
1929,150
1930,151
1931,151
1932,150
1933,151
1934,151
1935,151
1936,151
1937,151
1938,151
1939,151
1940,151
1941,151
1942,150
1943,150
1944,150
1945,151
1946,151
1947,151
1948,151
1949,151
1950,151
1951,151
1952,151
1953,151
1954,151
1955,151
1956,150
1957,150
1958,150
1959,150
1960,150
1961,150
1962,150
1963,150
1964,150
1965,150
1966,150
1967,150
1968,149
1969,150
1970,150
1971,150
1972,149
1973,149
1974,149
1975,149
1976,149
1977,150
1978,150
1979,150
1980,150
1981,150
1982,150
1983,150
1984,150
1985,150
1986,150
1987,150
1988,150
1989,150
1990,150
1991,150
1992,149
1993,150
1994,150
1995,150
1996,151
1997,150
1998,151
1999,150
2000,150
2001,150
2002,150
2003,151
2004,151
2005,152
2006,152
2007,152
2008,152
2009,152
2010,152
2011,152
2012,152
2013,152
2014,153
2015,152
2016,152
2017,152
2018,152
2019,152
2020,152
2021,152
2022,152
2023,153
2024,153
2025,152
2026,152
2027,152
2028,152
2029,152
2030,153
2031,153
2032,153
2033,153
2034,153
2035,152
2036,153
2037,152
2038,152
2039,152
2040,152
2041,152
2042,152
2043,152
2044,152
2045,152
2046,152
2047,152
2048,152
2049,152
2050,152
2051,152
2052,151
2053,151
2054,151
2055,151
2056,151
2057,151
2058,151
2059,151
2060,151
2061,150
2062,151
2063,151
2064,151
2065,151
2066,151
2067,151
2068,151
2069,151
2070,151
2071,151
2072,151
2073,151
2074,151
2075,151
2076,151
2077,151
2078,152
2079,152
2080,152
2081,152
2082,152
2083,152
2084,152
2085,152
2086,151
2087,151
2088,151
2089,151
2090,151
2091,151
2092,151
2093,151
2094,151
2095,151
2096,151
2097,151
2098,151
2099,150
2100,150
2101,150
2102,150
2103,150
2104,150
2105,150
2106,150
2107,150
2108,150
2109,150
2110,150
2111,150
2112,150
2113,150
2114,151
2115,151
2116,150
2117,150
2118,150
2119,149
2120,149
2121,149
2122,149
2123,150
2124,150
2125,150
2126,149
2127,150
2128,150
2129,150
2130,150
2131,150
2132,149
2133,149
2134,149
2135,149
2136,149
2137,149
2138,149
2139,149
2140,149
2141,149
2142,149
2143,149
2144,149
2145,149
2146,149
2147,149
2148,150
2149,150
2150,150
2151,150
2152,150
2153,150
2154,150
2155,150
2156,150
2157,150
2158,150
2159,150
2160,150
2161,150
2162,150
2163,151
2164,150
2165,151
2166,151
2167,151
2168,152
2169,152
2170,152
2171,152
2172,152
2173,152
2174,152
2175,152
2176,151
2177,151
2178,151
2179,152
2180,152
2181,152
2182,152
2183,152
2184,152
2185,152
2186,152
2187,152
2188,152
2189,152
2190,152
2191,152
2192,152
2193,152
2194,152
2195,152
2196,153
2197,153
2198,153
2199,153
2200,153
2201,153
2202,153
2203,154
2204,154
2205,154
2206,154
2207,154
2208,154
2209,154
2210,154
2211,153
2212,153
2213,153
2214,153
2215,153
2216,153
2217,154
2218,153
2219,154
2220,154
2221,154
2222,154
2223,154
2224,154
2225,154
2226,154
2227,154
2228,154
2229,154
2230,154
2231,154
2232,154
2233,154
2234,154
2235,154
2236,154
2237,154
2238,154
2239,154
2240,154
2241,154
2242,154
2243,154
2244,154
2245,154
2246,154
2247,154
2248,154
2249,154
2250,154
2251,154
2252,154
2253,154
2254,154
2255,154
2256,154
2257,154
2258,154
2259,155
2260,155
2261,155
2262,155
2263,155
2264,155
2265,155
2266,155
2267,155
2268,155
2269,155
2270,155
2271,155
2272,155
2273,154
2274,155
2275,155
2276,155
2277,155
2278,154
2279,155
2280,155
2281,155
2282,155
2283,155
2284,155
2285,155
2286,155
2287,155
2288,155
2289,155
2290,155
2291,155
2292,155
2293,155
2294,156
2295,156
2296,156
2297,156
2298,156
2299,156
2300,156
2301,156
2302,157
2303,157
2304,157
2305,157
2306,157
2307,156
2308,156
2309,156
2310,156
2311,156
2312,156
2313,156
2314,156
2315,156
2316,156
2317,156
2318,156
2319,156
2320,156
2321,156
2322,156
2323,156
2324,155
2325,155
2326,155
2327,155
2328,155
2329,155
2330,155
2331,155
2332,155
2333,155
2334,155
2335,156
2336,155
2337,155
2338,155
2339,155
2340,155
2341,155
2342,156
2343,155
2344,155
2345,155
2346,156
2347,156
2348,156
2349,156
2350,156
2351,156
2352,156
2353,156
2354,157
2355,157
2356,157
2357,157
2358,157
2359,157
2360,157
2361,157
2362,157
2363,157
2364,157
2365,157
2366,156
2367,156
2368,156
2369,156
2370,156
2371,156
2372,157
2373,156
2374,156
2375,156
2376,156
2377,156
2378,156
2379,156
2380,156
2381,156
2382,156
2383,156
2384,156
2385,156
2386,156
2387,157
2388,157
2389,157
2390,156
2391,156
2392,156
2393,156
2394,156
2395,156
2396,156
2397,156
2398,156
2399,156
2400,156
2401,156
2402,156
2403,156
2404,156
2405,156
2406,156
2407,156
2408,156
2409,156
2410,155
2411,156
2412,156
2413,156
2414,156
2415,156
2416,156
2417,156
2418,157
2419,156
2420,157
2421,157
2422,157
2423,157
2424,157
2425,157
2426,157
2427,157
2428,156
2429,156
2430,156
2431,156
2432,156
2433,156
2434,156
2435,156
2436,156
2437,156
2438,156
2439,156
2440,156
2441,156
2442,156
2443,156
2444,156
2445,155
2446,156
2447,156
2448,156
2449,156
2450,156
2451,156
2452,157
2453,157
2454,156
2455,156
2456,156
2457,156
2458,156
2459,156
2460,156
2461,156
2462,156
2463,156
2464,156
2465,155
2466,156
2467,156
2468,156
2469,156
2470,156
2471,156
2472,155
2473,155
2474,156
2475,156
2476,156
2477,156
2478,156
2479,157
2480,157
2481,157
2482,157
2483,157
2484,156
2485,156
2486,156
2487,156
2488,156
2489,156
2490,156
2491,156
2492,156
2493,156
2494,156
2495,156
2496,156
2497,156
2498,156
2499,156
2500,156
2501,156
2502,156
2503,155
2504,155
2505,155
2506,156
2507,156
2508,156
2509,156
2510,156
2511,156
2512,156
2513,156
2514,156
2515,156
2516,156
2517,156
2518,156
2519,156
2520,156
2521,155
2522,155
2523,155
2524,155
2525,155
2526,155
2527,155
2528,156
2529,156
2530,155
2531,155
2532,155
2533,155
2534,155
2535,155
2536,156
2537,156
2538,156
2539,156
2540,156
2541,156
2542,156
2543,156
2544,156
2545,156
2546,156
2547,156
2548,156
2549,156
2550,156
2551,156
2552,156
2553,155
2554,156
2555,156
2556,155
2557,155
2558,155
2559,156
2560,156
2561,155
2562,155
2563,155
2564,155
2565,155
2566,156
2567,156
2568,156
2569,155
2570,155
2571,156
2572,156
2573,156
2574,156
2575,156
2576,155
2577,155
2578,156
2579,156
2580,156
2581,157
2582,156
2583,156
2584,156
2585,156
2586,156
2587,156
2588,156
2589,156
2590,156
2591,156
2592,156
2593,156
2594,156
2595,156
2596,156
2597,156
2598,156
2599,156
2600,156
2601,156
2602,156
2603,156
2604,156
2605,155
2606,156
2607,156
2608,155
2609,156
2610,156
2611,156
2612,156
2613,156
2614,156
2615,156
2616,156
2617,156
2618,155
2619,155
2620,155
2621,155
2622,155
2623,155
2624,155
2625,155
2626,155
2627,155
2628,155
2629,155
2630,155
2631,155
2632,155
2633,155
2634,155
2635,155
2636,155
2637,155
2638,155
2639,155
2640,155
2641,155
2642,155
2643,155
2644,155
2645,154
2646,155
2647,155
2648,155
2649,155
2650,155
2651,155
2652,155
2653,155
2654,155
2655,155
2656,155
2657,155
2658,155
2659,155
2660,155
2661,155
2662,155
2663,155
2664,155
2665,155
2666,156
2667,156
2668,156
2669,156
2670,156
2671,156
2672,156
2673,156
2674,156
2675,156
2676,156
2677,156
2678,157
2679,157
2680,157
2681,157
2682,157
2683,157
2684,157
2685,157
2686,157
2687,157
2688,157
2689,157
2690,157
2691,157
2692,157
2693,157
2694,157
2695,156
2696,156
2697,156
2698,156
2699,156
2700,157
2701,157
2702,157
2703,156
2704,157
2705,156
2706,156
2707,156
2708,156
2709,156
2710,156
2711,156
2712,156
2713,156
2714,156
2715,156
2716,156
2717,156
2718,156
2719,156
2720,157
2721,156
2722,157
2723,157
2724,157
2725,157
2726,157
2727,157
2728,157
2729,157
2730,157
2731,157
2732,157
2733,157
2734,157
2735,157
2736,157
2737,157
2738,157
2739,157
2740,156
2741,156
2742,157
2743,156
2744,156
2745,156
2746,156
2747,156
2748,156
2749,156
2750,156
2751,155
2752,155
2753,155
2754,155
2755,155
2756,155
2757,155
2758,155
2759,155
2760,155
2761,155
2762,155
2763,155
2764,155
2765,155
2766,155
2767,155
2768,155
2769,155
2770,155
2771,155
2772,155
2773,155
2774,155
2775,155
2776,155
2777,155
2778,155
2779,155
2780,155
2781,155
2782,155
2783,155
2784,155
2785,155
2786,155
2787,155
2788,155
2789,155
2790,155
2791,155
2792,155
2793,155
2794,155
2795,155
2796,155
2797,155
2798,155
2799,155
2800,155
2801,156
2802,156
2803,156
2804,157
2805,156
2806,156
2807,156
2808,157
2809,157
2810,157
2811,157
2812,157
2813,157
2814,157
2815,157
2816,157
2817,157
2818,156
2819,156
2820,156
2821,156
2822,156
2823,156
2824,156
2825,156
2826,155
2827,156
2828,155
2829,155
2830,156
2831,156
2832,156
2833,156
2834,156
2835,156
2836,156
2837,156
2838,156
2839,156
2840,156
2841,156
2842,156
2843,156
2844,156
2845,156
2846,156
2847,156
2848,156
2849,156
2850,156
2851,156
2852,156
2853,156
2854,156
2855,156
2856,156
2857,156
2858,156
2859,156
2860,156
2861,156
2862,155
2863,155
2864,155
2865,155
2866,155
2867,155
2868,155
2869,155
2870,155
2871,155
2872,155
2873,155
2874,155
2875,155
2876,155
2877,155
2878,155
2879,155
2880,155
2881,155
2882,155
2883,155
2884,155
2885,155
2886,155
2887,156
2888,156
2889,156
2890,156
2891,155
2892,155
2893,156
2894,156
2895,156
2896,156
2897,156
2898,156
2899,156
2900,157
2901,156
2902,156
2903,156
2904,156
2905,156
2906,157
2907,157
2908,157
2909,157
2910,158
2911,158
2912,158
2913,158
2914,157
2915,157
2916,157
2917,157
2918,157
2919,157
2920,157
2921,157
2922,158
2923,158
2924,158
2925,158
2926,158
2927,158
2928,158
2929,158
2930,158
2931,158
2932,158
2933,158
2934,158
2935,158
2936,158
2937,158
2938,158
2939,159
2940,158
2941,159
2942,159
2943,159
2944,158
2945,159
2946,159
2947,159
2948,159
2949,159
2950,159
2951,159
2952,159
2953,158
2954,159
2955,159
2956,159
2957,159
2958,159
2959,159
2960,159
2961,159
2962,158
2963,158
2964,158
2965,158
2966,159
2967,159
2968,158
2969,158
2970,158
2971,158
2972,159
2973,158
2974,158
2975,158
2976,158
2977,158
2978,158
2979,159
2980,158
2981,159
2982,159
2983,159
2984,158
2985,158
2986,158
2987,158
2988,158
2989,158
2990,159
2991,159
2992,159
2993,159
2994,159
2995,159
2996,159
2997,159
2998,159
2999,158
3000,159
3001,158
3002,158
3003,157
3004,157
3005,157
3006,157
3007,157
3008,158
3009,157
3010,157
3011,157
3012,158
3013,158
3014,158
3015,158
3016,158
3017,158
3018,157
3019,157
3020,157
3021,157
3022,157
3023,157
3024,158
3025,158
3026,157
3027,157
3028,157
3029,157
3030,157
3031,157
3032,157
3033,158
3034,158
3035,158
3036,158
3037,158
3038,158
3039,157
3040,157
3041,157
3042,157
3043,157
3044,157
3045,157
3046,157
3047,157
3048,158
3049,158
3050,158
3051,158
3052,157
3053,157
3054,157
3055,157
3056,157
3057,157
3058,157
3059,157
3060,157
3061,157
3062,157
3063,157
3064,157
3065,157
3066,157
3067,157
3068,157
3069,157
3070,158
3071,157
3072,158
3073,158
3074,158
3075,158
3076,158
3077,158
3078,158
3079,158
3080,158
3081,158
3082,158
3083,158
3084,158
3085,159
3086,158
3087,158
3088,158
3089,158
3090,158
3091,158
3092,158
3093,158
3094,158
3095,158
3096,158
3097,158
3098,158
3099,159
3100,159
3101,159
3102,159
3103,158
3104,158
3105,158
3106,158
3107,158
3108,158
3109,158
3110,158
3111,158
3112,158
3113,158
3114,158
3115,158
3116,158
3117,158
3118,158
3119,158
3120,158
3121,158
3122,158
3123,158
3124,158
3125,158
3126,158
3127,158
3128,158
3129,158
3130,158
3131,158
3132,158
3133,158
3134,158
3135,158
3136,157
3137,157
3138,157
3139,158
3140,158
3141,158
3142,158
3143,158
3144,158
3145,158
3146,158
3147,158
3148,158
3149,158
3150,158
3151,158
3152,158
3153,158
3154,158
3155,158
3156,158
3157,158
3158,158
3159,158
3160,158
3161,158
3162,158
3163,158
3164,158
3165,158
3166,157
3167,157
3168,157
3169,157
3170,157
3171,157
3172,157
3173,157
3174,157
3175,157
3176,157
3177,157
3178,157
3179,157
3180,157
3181,157
3182,157
3183,157
3184,157
3185,157
3186,157
3187,157
3188,157
3189,157
3190,157
3191,157
3192,157
3193,157
3194,157
3195,158
3196,158
3197,158
3198,158
3199,158
3200,157
3201,157
3202,157
3203,158
3204,158
3205,158
3206,158
3207,158
3208,158
3209,158
3210,158
3211,158
3212,157
3213,157
3214,157
3215,158
3216,158
3217,158
3218,158
3219,158
3220,158
3221,158
3222,158
3223,158
3224,158
3225,158
3226,158
3227,158
3228,157
3229,157
3230,157
3231,157
3232,158
3233,158
3234,158
3235,158
3236,158
3237,158
3238,158
3239,158
3240,158
3241,158
3242,158
3243,158
3244,158
3245,158
3246,158
3247,158
3248,158
3249,158
3250,158
3251,158
3252,158
3253,157
3254,158
3255,158
3256,158
3257,157
3258,157
3259,157
3260,157
3261,157
3262,157
3263,157
3264,157
3265,157
3266,157
3267,157
3268,157
3269,157
3270,157
3271,157
3272,157
3273,157
3274,157
3275,157
3276,157
3277,157
3278,157
3279,157
3280,157
3281,157
3282,157
3283,157
3284,157
3285,157
3286,157
3287,157
3288,157
3289,157
3290,157
3291,157
3292,157
3293,157
3294,157
3295,157
3296,157
3297,157
3298,156
3299,157
3300,157
3301,157
3302,157
3303,157
3304,157
3305,157
3306,157
3307,157
3308,157
3309,157
3310,157
3311,157
3312,157
3313,157
3314,157
3315,157
3316,157
3317,157
3318,157
3319,157
3320,157
3321,157
3322,157
3323,157
3324,157
3325,157
3326,157
3327,157
3328,157
3329,157
3330,157
3331,157
3332,157
3333,157
3334,157
3335,157
3336,157
3337,157
3338,157
3339,157
3340,157
3341,157
3342,157
3343,157
3344,157
3345,157
3346,157
3347,157
3348,157
3349,157
3350,157
3351,157
3352,157
3353,157
3354,157
3355,157
3356,157
3357,157
3358,157
3359,157
3360,157
3361,157
3362,157
3363,157
3364,157
3365,157
3366,157
3367,157
3368,157
3369,157
3370,157
3371,157
3372,157
3373,157
3374,157
3375,157
3376,157
3377,157
3378,157
3379,157
3380,157
3381,157
3382,157
3383,157
3384,157
3385,157
3386,157
3387,157
3388,157
3389,157
3390,158
3391,158
3392,158
3393,158
3394,158
3395,158
3396,158
3397,158
3398,158
3399,158
3400,158
3401,158
3402,158
3403,158
3404,158
3405,158
3406,158
3407,158
3408,158
3409,158
3410,158
3411,158
3412,158
3413,158
3414,158
3415,158
3416,158
3417,158
3418,158
3419,158
3420,158
3421,158
3422,158
3423,158
3424,158
3425,158
3426,158
3427,158
3428,158
3429,158
3430,158
3431,158
3432,159
3433,159
3434,159
3435,159
3436,159
3437,159
3438,159
3439,159
3440,159
3441,159
3442,159
3443,159
3444,159
3445,159
3446,159
3447,159
3448,159
3449,158
3450,159
3451,159
3452,159
3453,159
3454,159
3455,159
3456,159
3457,159
3458,159
3459,159
3460,159
3461,158
3462,159
3463,159
3464,159
3465,159
3466,159
3467,159
3468,159
3469,159
3470,159
3471,159
3472,159
3473,159
3474,159
3475,159
3476,158
3477,158
3478,158
3479,158
3480,158
3481,158
3482,158
3483,158
3484,158
3485,158
3486,158
3487,158
3488,159
3489,159
3490,159
3491,159
3492,159
3493,159
3494,159
3495,159
3496,158
3497,159
3498,159
3499,159
3500,159
3501,159
3502,159
3503,159
3504,159
3505,159
3506,159
3507,159
3508,159
3509,159
3510,159
3511,159
3512,159
3513,159
3514,159
3515,158
3516,159
3517,159
3518,159
3519,159
3520,159
3521,159
3522,159
3523,159
3524,159
3525,159
3526,159
3527,159
3528,159
3529,159
3530,159
3531,159
3532,159
3533,159
3534,159
3535,159
3536,159
3537,159
3538,159
3539,159
3540,159
3541,159
3542,159
3543,159
3544,159
3545,159
3546,159
3547,159
3548,159
3549,159
3550,159
3551,159
3552,159
3553,159
3554,159
3555,159
3556,159
3557,159
3558,159
3559,159
3560,159
3561,159
3562,159
3563,159
3564,159
3565,159
3566,159
3567,159
3568,159
3569,159
3570,159
3571,159
3572,159
3573,158
3574,158
3575,158
3576,158
3577,159
3578,159
3579,159
3580,159
3581,159
3582,159
3583,159
3584,159
3585,159
3586,159
3587,159
3588,159
3589,159
3590,159
3591,159
3592,159
3593,159
3594,159
3595,159
3596,159
3597,159
3598,159
3599,159
3600,158
3601,158
3602,158
3603,158
3604,158
3605,158
3606,158
3607,158
3608,158
3609,158
3610,158
3611,158
3612,158
3613,157
3614,157
3615,157
3616,157
3617,157
3618,157
3619,157
3620,157
3621,157
3622,157
3623,157
3624,157
3625,157
3626,158
3627,158
3628,158
3629,158
3630,158
3631,158
3632,158
3633,158
3634,158
3635,158
3636,158
3637,159
3638,159
3639,159
3640,159
3641,159
3642,159
3643,159
3644,159
3645,159
3646,159
3647,159
3648,159
3649,159
3650,159
3651,159
3652,159
3653,159
3654,159
3655,159
3656,159
3657,159
3658,159
3659,159
3660,159
3661,159
3662,159
3663,159
3664,159
3665,159
3666,159
3667,159
3668,159
3669,159
3670,159
3671,159
3672,159
3673,159
3674,159
3675,159
3676,159
3677,159
3678,159
3679,159
3680,158
3681,158
3682,158
3683,158
3684,158
3685,158
3686,158
3687,158
3688,158
3689,158
3690,158
3691,158
3692,158
3693,158
3694,158
3695,158
3696,158
3697,158
3698,158
3699,158
3700,158
3701,158
3702,158
3703,158
3704,158
3705,158
3706,158
3707,158
3708,158
3709,158
3710,158
3711,158
3712,158
3713,158
3714,158
3715,158
3716,159
3717,159
3718,159
3719,159
3720,159
3721,159
3722,159
3723,159
3724,159
3725,159
3726,159
3727,159
3728,159
3729,159
3730,159
3731,159
3732,159
3733,159
3734,159
3735,159
3736,159
3737,159
3738,159
3739,159
3740,159
3741,159
3742,159
3743,159
3744,159
3745,159
3746,158
3747,159
3748,159
3749,159
3750,159
3751,159
3752,159
3753,159
3754,159
3755,158
3756,159
3757,159
3758,159
3759,159
3760,159
3761,159
3762,158
3763,158
3764,158
3765,158
3766,158
3767,158
3768,158
3769,158
3770,158
3771,158
3772,158
3773,158
3774,158
3775,158
3776,158
3777,158
3778,158
3779,158
3780,158
3781,158
3782,158
3783,158
3784,158
3785,158
3786,158
3787,158
3788,158
3789,158
3790,157
3791,158
3792,158
3793,158
3794,158
3795,158
3796,158
3797,158
3798,158
3799,158
3800,157
3801,158
3802,157
3803,158
3804,158
3805,158
3806,158
3807,158
3808,158
3809,158
3810,158
3811,158
3812,158
3813,157
3814,157
3815,157
3816,158
3817,158
3818,158
3819,158
3820,158
3821,158
3822,158
3823,157
3824,157
3825,157
3826,158
3827,158
3828,158
3829,158
3830,158
3831,157
3832,158
3833,158
3834,158
3835,158
3836,158
3837,158
3838,158
3839,158
3840,158
3841,158
3842,158
3843,158
3844,157
3845,157
3846,157
3847,157
3848,157
3849,157
3850,157
3851,157
3852,157
3853,157
3854,157
3855,157
3856,157
3857,157
3858,157
3859,157
3860,157
3861,157
3862,156
3863,157
3864,157
3865,157
3866,157
3867,157
3868,157
3869,157
3870,157
3871,157
3872,157
3873,157
3874,157
3875,157
3876,157
3877,157
3878,157
3879,157
3880,157
3881,157
3882,157
3883,157
3884,157
3885,156
3886,156
3887,156
3888,156
3889,156
3890,156
3891,157
3892,157
3893,157
3894,157
3895,157
3896,157
3897,157
3898,157
3899,157
3900,157
3901,157
3902,157
3903,157
3904,157
3905,157
3906,157
3907,157
3908,156
3909,157
3910,157
3911,157
3912,157
3913,157
3914,157
3915,157
3916,157
3917,157
3918,157
3919,157
3920,157
3921,157
3922,157
3923,157
3924,157
3925,157
3926,157
3927,157
3928,157
3929,157
3930,157
3931,157
3932,157
3933,157
3934,157
3935,157
3936,157
3937,157
3938,157
3939,157
3940,157
3941,157
3942,157
3943,157
3944,157
3945,157
3946,157
3947,157
3948,157
3949,157
3950,157
3951,157
3952,157
3953,157
3954,157
3955,157
3956,157
3957,157
3958,157
3959,157
3960,157
3961,157
3962,157
3963,157
3964,157
3965,157
3966,157
3967,157
3968,157
3969,157
3970,157
3971,157
3972,157
3973,157
3974,157
3975,157
3976,157
3977,157
3978,158
3979,158
3980,158
3981,158
3982,158
3983,158
3984,158
3985,158
3986,158
3987,157
3988,157
3989,157
3990,157
3991,157
3992,157
3993,157
3994,157
3995,157
3996,157
3997,157
3998,157
3999,157
4000,157
4001,157
4002,157
4003,157
4004,157
4005,157
4006,157
4007,157
4008,157
4009,157
4010,157
4011,157
4012,157
4013,157
4014,157
4015,157
4016,157
4017,157
4018,157
4019,157
4020,157
4021,157
4022,157
4023,157
4024,157
4025,157
4026,157
4027,157
4028,157
4029,157
4030,158
4031,158
4032,158
4033,158
4034,158
4035,158
4036,157
4037,157
4038,157
4039,157
4040,157
4041,157
4042,158
4043,158
4044,158
4045,158
4046,158
4047,158
4048,158
4049,158
4050,158
4051,158
4052,157
4053,157
4054,158
4055,158
4056,158
4057,158
4058,158
4059,158
4060,158
4061,158
4062,158
4063,158
4064,158
4065,158
4066,158
4067,158
4068,158
4069,158
4070,158
4071,158
4072,158
4073,158
4074,158
4075,158
4076,158
4077,158
4078,158
4079,158
4080,158
4081,158
4082,158
4083,158
4084,158
4085,158
4086,158
4087,158
4088,158
4089,158
4090,158
4091,158
4092,158
4093,158
4094,158
4095,158
4096,158
4097,158
4098,158
4099,158
4100,158
4101,158
4102,158
4103,158
4104,158
4105,158
4106,158
4107,158
4108,158
4109,158
4110,158
4111,158
4112,158
4113,158
4114,158
4115,158
4116,158
4117,158
4118,158
4119,157
4120,157
4121,157
4122,157
4123,157
4124,157
4125,157
4126,157
4127,157
4128,157
4129,157
4130,157
4131,157
4132,157
4133,157
4134,157
4135,156
4136,156
4137,156
4138,156
4139,156
4140,156
4141,156
4142,156
4143,156
4144,156
4145,156
4146,156
4147,156
4148,156
4149,156
4150,156
4151,156
4152,156
4153,156
4154,156
4155,156
4156,156
4157,156
4158,156
4159,156
4160,156
4161,156
4162,156
4163,156
4164,156
4165,156
4166,157
4167,156
4168,156
4169,157
4170,157
4171,156
4172,156
4173,157
4174,157
4175,157
4176,157
4177,157
4178,157
4179,157
4180,157
4181,157
4182,157
4183,157
4184,157
4185,156
4186,156
4187,156
4188,156
4189,156
4190,156
4191,156
4192,156
4193,156
4194,156
4195,156
4196,156
4197,156
4198,157
4199,157
4200,157
4201,157
4202,157
4203,157
4204,157
4205,157
4206,157
4207,157
4208,157
4209,157
4210,157
4211,157
4212,157
4213,158
4214,157
4215,158
4216,158
4217,158
4218,158
4219,158
4220,158
4221,158
4222,158
4223,158
4224,158
4225,158
4226,158
4227,157
4228,158
4229,158
4230,158
4231,158
4232,158
4233,158
4234,158
4235,158
4236,158
4237,158
4238,158
4239,158
4240,158
4241,158
4242,158
4243,158
4244,158
4245,158
4246,158
4247,158
4248,158
4249,158
4250,158
4251,158
4252,158
4253,158
4254,158
4255,158
4256,158
4257,158
4258,158
4259,158
4260,158
4261,158
4262,158
4263,158
4264,158
4265,158
4266,158
4267,158
4268,158
4269,158
4270,158
4271,158
4272,158
4273,158
4274,158
4275,158
4276,158
4277,158
4278,158
4279,158
4280,158
4281,158
4282,158
4283,158
4284,158
4285,158
4286,158
4287,158
4288,158
4289,158
4290,158
4291,158
4292,158
4293,158
4294,158
4295,158
4296,158
4297,158
4298,158
4299,158
4300,158
4301,158
4302,158
4303,158
4304,158
4305,158
4306,158
4307,158
4308,158
4309,158
4310,158
4311,158
4312,158
4313,158
4314,158
4315,158
4316,158
4317,158
4318,158
4319,158
4320,158
4321,158
4322,158
4323,158
4324,158
4325,158
4326,158
4327,158
4328,158
4329,158
4330,158
4331,158
4332,158
4333,158
4334,158
4335,158
4336,158
4337,158
4338,158
4339,158
4340,158
4341,158
4342,158
4343,158
4344,158
4345,158
4346,158
4347,158
4348,158
4349,158
4350,158
4351,158
4352,158
4353,158
4354,158
4355,158
4356,158
4357,158
4358,158
4359,158
4360,158
4361,158
4362,158
4363,158
4364,158
4365,158
4366,158
4367,158
4368,158
4369,158
4370,157
4371,157
4372,157
4373,158
4374,158
4375,158
4376,158
4377,158
4378,158
4379,158
4380,158
4381,159
4382,159
4383,159
4384,159
4385,159
4386,159
4387,158
4388,159
4389,159
4390,159
4391,159
4392,158
4393,158
4394,158
4395,159
4396,159
4397,159
4398,159
4399,159
4400,159
4401,159
4402,159
4403,158
4404,158
4405,159
4406,159
4407,159
4408,159
4409,159
4410,159
4411,159
4412,159
4413,158
4414,159
4415,159
4416,159
4417,159
4418,158
4419,159
4420,159
4421,159
4422,159
4423,159
4424,158
4425,158
4426,158
4427,159
4428,159
4429,158
4430,158
4431,158
4432,158
4433,158
4434,158
4435,158
4436,158
4437,158
4438,158
4439,158
4440,158
4441,158
4442,158
4443,158
4444,158
4445,158
4446,158
4447,158
4448,158
4449,158
4450,158
4451,158
4452,157
4453,158
4454,157
4455,157
4456,158
4457,158
4458,158
4459,157
4460,158
4461,158
4462,158
4463,158
4464,158
4465,158
4466,158
4467,158
4468,158
4469,158
4470,158
4471,158
4472,158
4473,158
4474,158
4475,158
4476,158
4477,158
4478,158
4479,158
4480,157
4481,157
4482,157
4483,157
4484,157
4485,157
4486,157
4487,157
4488,157
4489,157
4490,157
4491,157
4492,157
4493,157
4494,157
4495,157
4496,157
4497,157
4498,157
4499,157
4500,158
4501,158
4502,158
4503,158
4504,158
4505,158
4506,158
4507,158
4508,158
4509,158
4510,158
4511,158
4512,158
4513,158
4514,158
4515,158
4516,158
4517,158
4518,158
4519,158
4520,158
4521,158
4522,158
4523,158
4524,158
4525,158
4526,158
4527,158
4528,158
4529,158
4530,158
4531,158
4532,158
4533,158
4534,159
4535,159
4536,159
4537,159
4538,159
4539,159
4540,159
4541,159
4542,158
4543,158
4544,159
4545,159
4546,158
4547,159
4548,159
4549,159
4550,159
4551,159
4552,159
4553,159
4554,159
4555,159
4556,159
4557,158
4558,158
4559,158
4560,158
4561,158
4562,158
4563,158
4564,159
4565,158
4566,158
4567,158
4568,158
4569,158
4570,158
4571,159
4572,159
4573,159
4574,159
4575,159
4576,159
4577,159
4578,159
4579,159
4580,158
4581,158
4582,158
4583,158
4584,158
4585,158
4586,158
4587,158
4588,158
4589,158
4590,158
4591,158
4592,158
4593,158
4594,158
4595,158
4596,158
4597,158
4598,158
4599,158
4600,158
4601,158
4602,158
4603,158
4604,158
4605,158
4606,158
4607,158
4608,158
4609,157
4610,158
4611,158
4612,158
4613,158
4614,158
4615,158
4616,158
4617,158
4618,157
4619,157
4620,157
4621,157
4622,157
4623,157
4624,157
4625,157
4626,157
4627,157
4628,157
4629,157
4630,157
4631,157
4632,157
4633,157
4634,158
4635,158
4636,158
4637,158
4638,158
4639,158
4640,157
4641,158
4642,158
4643,158
4644,158
4645,158
4646,158
4647,158
4648,158
4649,158
4650,158
4651,158
4652,158
4653,158
4654,158
4655,158
4656,158
4657,158
4658,158
4659,158
4660,158
4661,158
4662,158
4663,158
4664,158
4665,158
4666,158
4667,158
4668,159
4669,159
4670,159
4671,159
4672,159
4673,158
4674,159
4675,159
4676,159
4677,159
4678,159
4679,159
4680,159
4681,159
4682,159
4683,159
4684,159
4685,159
4686,159
4687,159
4688,159
4689,159
4690,159
4691,159
4692,159
4693,159
4694,159
4695,159
4696,159
4697,159
4698,160
4699,160
4700,160
4701,160
4702,160
4703,160
4704,160
4705,160
4706,160
4707,160
4708,160
4709,160
4710,159
4711,160
4712,160
4713,160
4714,160
4715,160
4716,160
4717,160
4718,160
4719,160
4720,160
4721,160
4722,160
4723,160
4724,160
4725,160
4726,160
4727,160
4728,160
4729,160
4730,160
4731,160
4732,160
4733,160
4734,160
4735,160
4736,160
4737,160
4738,160
4739,160
4740,160
4741,160
4742,160
4743,160
4744,160
4745,160
4746,160
4747,160
4748,160
4749,160
4750,160
4751,160
4752,161
4753,161
4754,161
4755,160
4756,160
4757,160
4758,160
4759,160
4760,160
4761,160
4762,160
4763,160
4764,161
4765,161
4766,161
4767,161
4768,161
4769,161
4770,161
4771,161
4772,161
4773,161
4774,161
4775,161
4776,161
4777,161
4778,161
4779,161
4780,161
4781,161
4782,161
4783,161
4784,161
4785,161
4786,161
4787,161
4788,161
4789,161
4790,161
4791,161
4792,161
4793,161
4794,161
4795,161
4796,161
4797,161
4798,161
4799,161
4800,161
4801,161
4802,161
4803,161
4804,161
4805,161
4806,161
4807,161
4808,161
4809,161
4810,161
4811,161
4812,161
4813,161
4814,161
4815,161
4816,161
4817,161
4818,161
4819,161
4820,161
4821,161
4822,161
4823,161
4824,161
4825,161
4826,161
4827,161
4828,161
4829,161
4830,161
4831,161
4832,161
4833,161
4834,161
4835,160
4836,161
4837,161
4838,161
4839,161
4840,161
4841,160
4842,161
4843,161
4844,161
4845,161
4846,161
4847,161
4848,161
4849,161
4850,161
4851,161
4852,161
4853,161
4854,161
4855,161
4856,161
4857,161
4858,161
4859,161
4860,161
4861,161
4862,161
4863,161
4864,161
4865,161
4866,161
4867,161
4868,161
4869,161
4870,161
4871,161
4872,161
4873,161
4874,161
4875,161
4876,161
4877,161
4878,161
4879,161
4880,161
4881,161
4882,161
4883,162
4884,162
4885,162
4886,162
4887,161
4888,161
4889,161
4890,161
4891,161
4892,161
4893,161
4894,161
4895,161
4896,161
4897,161
4898,161
4899,161
4900,161
4901,161
4902,161
4903,161
4904,161
4905,161
4906,161
4907,161
4908,161
4909,161
4910,161
4911,161
4912,162
4913,162
4914,162
4915,162
4916,162
4917,161
4918,161
4919,161
4920,162
4921,162
4922,162
4923,162
4924,162
4925,162
4926,163
4927,163
4928,163
4929,163
4930,163
4931,163
4932,163
4933,162
4934,163
4935,163
4936,163
4937,163
4938,163
4939,163
4940,163
4941,163
4942,163
4943,163
4944,163
4945,163
4946,163
4947,163
4948,163
4949,163
4950,163
4951,163
4952,163
4953,163
4954,163
4955,162
4956,162
4957,162
4958,162
4959,162
4960,163
4961,163
4962,163
4963,163
4964,163
4965,162
4966,162
4967,163
4968,163
4969,163
4970,163
4971,163
4972,163
4973,163
4974,163
4975,163
4976,163
4977,163
4978,163
4979,163
4980,163
4981,163
4982,163
4983,163
4984,163
4985,163
4986,163
4987,163
4988,163
4989,163
4990,163
4991,163
4992,163
4993,163
4994,163
4995,163
4996,162
4997,163
4998,163
4999,163
5000,163
5001,163
5002,163
5003,163
5004,162
5005,163
5006,162
5007,162
5008,162
5009,162
5010,162
5011,162
5012,162
5013,162
5014,162
5015,162
5016,162
5017,163
5018,163
5019,163
5020,163
5021,163
5022,163
5023,163
5024,163
5025,163
5026,163
5027,163
5028,163
5029,163
5030,163
5031,163
5032,163
5033,163
5034,163
5035,163
5036,163
5037,163
5038,163
5039,163
5040,163
5041,163
5042,163
5043,163
5044,163
5045,163
5046,163
5047,163
5048,163
5049,163
5050,163
5051,163
5052,163
5053,163
5054,163
5055,163
5056,163
5057,163
5058,163
5059,163
5060,163
5061,163
5062,163
5063,163
5064,162
5065,162
5066,162
5067,162
5068,162
5069,163
5070,162
5071,162
5072,162
5073,162
5074,162
5075,162
5076,163
5077,163
5078,163
5079,163
5080,163
5081,163
5082,163
5083,163
5084,163
5085,163
5086,163
5087,163
5088,163
5089,163
5090,163
5091,163
5092,163
5093,163
5094,163
5095,163
5096,163
5097,163
5098,163
5099,163
5100,163
5101,163
5102,163
5103,163
5104,163
5105,163
5106,163
5107,163
5108,163
5109,163
5110,163
5111,163
5112,163
5113,163
5114,163
5115,163
5116,162
5117,162
5118,162
5119,162
5120,162
5121,162
5122,162
5123,162
5124,162
5125,163
5126,163
5127,163
5128,163
5129,163
5130,162
5131,163
5132,163
5133,163
5134,163
5135,163
5136,163
5137,163
5138,163
5139,163
5140,163
5141,164
5142,164
5143,164
5144,164
5145,164
5146,164
5147,164
5148,164
5149,164
5150,164
5151,164
5152,164
5153,164
5154,164
5155,164
5156,164
5157,164
5158,163
5159,163
5160,163
5161,163
5162,163
5163,163
5164,163
5165,163
5166,164
5167,164
5168,164
5169,164
5170,164
5171,164
5172,164
5173,164
5174,164
5175,164
5176,164
5177,164
5178,164
5179,164
5180,164
5181,164
5182,164
5183,165
5184,165
5185,165
5186,165
5187,165
5188,165
5189,165
5190,164
5191,164
5192,165
5193,165
5194,165
5195,165
5196,165
5197,165
5198,165
5199,165
5200,164
5201,164
5202,164
5203,164
5204,164
5205,164
5206,164
5207,164
5208,164
5209,164
5210,164
5211,164
5212,164
5213,164
5214,164
5215,165
5216,165
5217,165
5218,165
5219,165
5220,165
5221,165
5222,165
5223,165
5224,165
5225,165
5226,165
5227,165
5228,165
5229,165
5230,165
5231,165
5232,165
5233,165
5234,165
5235,165
5236,165
5237,165
5238,165
5239,165
5240,165
5241,165
5242,165
5243,165
5244,165
5245,165
5246,166
5247,166
5248,166
5249,165
5250,166
5251,165
5252,165
5253,165
5254,166
5255,166
5256,166
5257,166
5258,166
5259,166
5260,166
5261,166
5262,166
5263,167
5264,167
5265,167
5266,167
5267,167
5268,167
5269,167
5270,167
5271,167
5272,166
5273,167
5274,167
5275,166
5276,166
5277,166
5278,166
5279,166
5280,166
5281,165
5282,165
5283,165
5284,166
5285,166
5286,166
5287,165
5288,165
5289,166
5290,166
5291,166
5292,166
5293,166
5294,166
5295,167
5296,167
5297,166
5298,166
5299,166
5300,167
5301,166
5302,166
5303,166
5304,166
5305,166
5306,166
5307,166
5308,166
5309,166
5310,166
5311,166
5312,166
5313,166
5314,166
5315,166
5316,166
5317,166
5318,166
5319,166
5320,167
5321,167
5322,167
5323,166
5324,167
5325,167
5326,167
5327,167
5328,168
5329,168
5330,168
5331,168
5332,168
5333,168
5334,167
5335,167
5336,168
5337,168
5338,168
5339,168
5340,168
5341,168
5342,168
5343,167
5344,167
5345,167
5346,167
5347,167
5348,167
5349,167
5350,167
5351,167
5352,166
5353,166
5354,166
5355,167
5356,167
5357,167
5358,167
5359,167
5360,167
5361,167
5362,167
5363,166
5364,167
5365,166
5366,166
5367,166
5368,166
5369,166
5370,166
5371,166
5372,166
5373,166
5374,166
5375,166
5376,166
5377,166
5378,166
5379,167
5380,166
5381,166
5382,166
5383,166
5384,166
5385,166
5386,166
5387,166
5388,166
5389,166
5390,166
5391,166
5392,167
5393,166
5394,167
5395,167
5396,167
5397,167
5398,167
5399,167
5400,167
5401,168
5402,167
5403,167
5404,167
5405,168
5406,167
5407,168
5408,167
5409,167
5410,168
5411,167
5412,167
5413,167
5414,167
5415,167
5416,167
5417,168
5418,168
5419,168
5420,168
5421,168
5422,168
5423,168
5424,168
5425,168
5426,168
5427,168
5428,168
5429,168
5430,168
5431,168
5432,168
5433,168
5434,168
5435,168
5436,168
5437,169
5438,169
5439,169
5440,169
5441,169
5442,168
5443,169
5444,169
5445,169
5446,169
5447,169
5448,169
5449,169
5450,169
5451,169
5452,169
5453,169
5454,169
5455,169
5456,169
5457,169
5458,169
5459,169
5460,169
5461,169
5462,169
5463,169
5464,169
5465,169
5466,169
5467,169
5468,169
5469,169
5470,169
5471,169
5472,170
5473,170
5474,170
5475,170
5476,170
5477,170
5478,170
5479,170
5480,170
5481,170
5482,170
5483,170
5484,170
5485,170
5486,169
5487,170
5488,170
5489,170
5490,170
5491,170
5492,170
5493,170
5494,170
5495,170
5496,170
5497,170
5498,170
5499,170
5500,170
5501,170
5502,170
5503,170
5504,170
5505,170
5506,170
5507,170
5508,170
5509,170
5510,169
5511,169
5512,169
5513,169
5514,169
5515,169
5516,169
5517,169
5518,169
5519,169
5520,169
5521,169
5522,169
5523,169
5524,169
5525,169
5526,169
5527,169
5528,169
5529,170
5530,169
5531,169
5532,169
5533,170
5534,170
5535,170
5536,170
5537,170
5538,170
5539,170
5540,170
5541,170
5542,170
5543,170
5544,170
5545,170
5546,170
5547,170
5548,169
5549,169
5550,169
5551,170
5552,170
5553,169
5554,170
5555,169
5556,169
5557,169
5558,169
5559,169
5560,169
5561,169
5562,169
5563,169
5564,169
5565,169
5566,169
5567,169
5568,169
5569,169
5570,169
5571,169
5572,169
5573,169
5574,169
5575,169
5576,169
5577,169
5578,169
5579,169
5580,169
5581,169
5582,169
5583,168
5584,169
5585,169
5586,169
5587,168
5588,168
5589,168
5590,168
5591,168
5592,168
5593,168
5594,168
5595,168
5596,168
5597,168
5598,168
5599,168
5600,168
5601,168
5602,168
5603,168
5604,168
5605,168
5606,168
5607,168
5608,168
5609,168
5610,168
5611,168
5612,169
5613,169
5614,169
5615,169
5616,169
5617,169
5618,169
5619,169
5620,169
5621,169
5622,168
5623,169
5624,169
5625,169
5626,169
5627,169
5628,169
5629,169
5630,169
5631,169
5632,169
5633,169
5634,169
5635,169
5636,169
5637,169
5638,169
5639,169
5640,169
5641,169
5642,169
5643,169
5644,169
5645,169
5646,169
5647,169
5648,169
5649,169
5650,169
5651,169
5652,169
5653,169
5654,169
5655,168
5656,169
5657,169
5658,169
5659,169
5660,169
5661,168
5662,168
5663,168
5664,168
5665,168
5666,168
5667,168
5668,168
5669,168
5670,168
5671,168
5672,168
5673,168
5674,168
5675,168
5676,168
5677,168
5678,168
5679,168
5680,168
5681,168
5682,168
5683,168
5684,168
5685,168
5686,168
5687,168
5688,168
5689,168
5690,168
5691,168
5692,168
5693,168
5694,168
5695,168
5696,167
5697,168
5698,168
5699,168
5700,168
5701,168
5702,168
5703,168
5704,167
5705,168
5706,168
5707,167
5708,168
5709,167
5710,167
5711,167
5712,167
5713,167
5714,168
5715,168
5716,168
5717,168
5718,168
5719,168
5720,168
5721,168
5722,168
5723,168
5724,168
5725,168
5726,168
5727,168
5728,168
5729,168
5730,168
5731,168
5732,168
5733,168
5734,168
5735,168
5736,168
5737,168
5738,168
5739,168
5740,168
5741,168
5742,168
5743,168
5744,168
5745,168
5746,168
5747,168
5748,168
5749,168
5750,168
5751,168
5752,168
5753,168
5754,168
5755,168
5756,168
5757,168
5758,168
5759,168
5760,167
5761,167
5762,168
5763,168
5764,168
5765,167
5766,167
5767,167
5768,167
5769,168
5770,168
5771,168
5772,168
5773,168
5774,168
5775,168
5776,168
5777,168
5778,168
5779,168
5780,168
5781,168
5782,168
5783,168
5784,168
5785,168
5786,168
5787,168
5788,168
5789,168
5790,168
5791,168
5792,168
5793,168
5794,168
5795,168
5796,168
5797,168
5798,168
5799,168
5800,168
5801,168
5802,168
5803,168
5804,168
5805,168
5806,168
5807,168
5808,168
5809,168
5810,168
5811,168
5812,168
5813,168
5814,168
5815,168
5816,168
5817,168
5818,168
5819,168
5820,168
5821,168
5822,168
5823,168
5824,168
5825,168
5826,168
5827,168
5828,168
5829,168
5830,167
5831,167
5832,167
5833,168
5834,168
5835,168
5836,168
5837,168
5838,168
5839,168
5840,168
5841,168
5842,168
5843,168
5844,168
5845,168
5846,167
5847,167
5848,167
5849,167
5850,168
5851,168
5852,167
5853,167
5854,167
5855,167
5856,167
5857,167
5858,168
5859,168
5860,168
5861,168
5862,168
5863,168
5864,168
5865,168
5866,168
5867,168
5868,168
5869,168
5870,168
5871,168
5872,168
5873,168
5874,168
5875,168
5876,168
5877,168
5878,168
5879,168
5880,168
5881,168
5882,168
5883,167
5884,167
5885,167
5886,167
5887,167
5888,167
5889,167
5890,167
5891,167
5892,167
5893,167
5894,167
5895,167
5896,167
5897,167
5898,167
5899,167
5900,167
5901,167
5902,167
5903,167
5904,167
5905,167
5906,167
5907,167
5908,167
5909,167
5910,167
5911,167
5912,167
5913,167
5914,167
5915,167
5916,167
5917,167
5918,166
5919,166
5920,166
5921,166
5922,166
5923,166
5924,166
5925,166
5926,166
5927,166
5928,166
5929,166
5930,166
5931,166
5932,166
5933,166
5934,166
5935,166
5936,166
5937,166
5938,166
5939,166
5940,166
5941,166
5942,166
5943,166
5944,166
5945,166
5946,166
5947,166
5948,166
5949,166
5950,166
5951,166
5952,166
5953,165
5954,166
5955,166
5956,166
5957,165
5958,165
5959,165
5960,165
5961,165
5962,165
5963,165
5964,164
5965,165
5966,165
5967,165
5968,165
5969,164
5970,164
5971,164
5972,164
5973,164
5974,164
5975,164
5976,164
5977,164
5978,164
5979,164
5980,164
5981,164
5982,164
5983,165
5984,165
5985,165
5986,165
5987,165
5988,165
5989,165
5990,165
5991,165
5992,165
5993,164
5994,164
5995,164
5996,164
5997,164
5998,164
5999,164
6000,165
6001,165
6002,165
6003,165
6004,165
6005,165
6006,165
6007,165
6008,165
6009,165
6010,165
6011,165
6012,165
6013,165
6014,165
6015,164
6016,165
6017,165
6018,164
6019,165
6020,165
6021,165
6022,165
6023,165
6024,165
6025,165
6026,165
6027,165
6028,164
6029,164
6030,164
6031,164
6032,164
6033,164
6034,164
6035,164
6036,164
6037,164
6038,164
6039,164
6040,164
6041,164
6042,164
6043,164
6044,164
6045,164
6046,164
6047,164
6048,164
6049,164
6050,164
6051,164
6052,164
6053,164
6054,164
6055,164
6056,164
6057,164
6058,164
6059,164
6060,164
6061,164
6062,164
6063,164
6064,164
6065,164
6066,164
6067,164
6068,164
6069,164
6070,164
6071,164
6072,164
6073,164
6074,164
6075,164
6076,164
6077,164
6078,164
6079,164
6080,164
6081,164
6082,164
6083,164
6084,165
6085,165
6086,165
6087,165
6088,165
6089,165
6090,165
6091,165
6092,165
6093,165
6094,165
6095,165
6096,165
6097,165
6098,164
6099,164
6100,165
6101,165
6102,164
6103,164
6104,165
6105,164
6106,164
6107,164
6108,164
6109,164
6110,164
6111,164
6112,164
6113,164
6114,164
6115,164
6116,164
6117,164
6118,164
6119,164
6120,164
6121,164
6122,164
6123,165
6124,165
6125,165
6126,165
6127,165
6128,165
6129,165
6130,165
6131,165
6132,165
6133,165
6134,165
6135,165
6136,165
6137,165
6138,165
6139,165
6140,165
6141,165
6142,165
6143,165
6144,165
6145,165
6146,165
6147,165
6148,165
6149,165
6150,165
6151,165
6152,165
6153,165
6154,164
6155,164
6156,164
6157,164
6158,165
6159,165
6160,165
6161,165
6162,165
6163,164
6164,165
6165,165
6166,165
6167,165
6168,165
6169,165
6170,165
6171,165
6172,164
6173,164
6174,165
6175,164
6176,165
6177,164
6178,165
6179,165
6180,165
6181,164
6182,164
6183,164
6184,164
6185,164
6186,164
6187,164
6188,164
6189,163
6190,163
6191,163
6192,163
6193,164
6194,164
6195,164
6196,164
6197,164
6198,164
6199,164
6200,164
6201,164
6202,164
6203,164
6204,164
6205,164
6206,164
6207,164
6208,164
6209,163
6210,163
6211,163
6212,163
6213,163
6214,163
6215,163
6216,163
6217,163
6218,163
6219,163
6220,163
6221,164
6222,164
6223,164
6224,164
6225,164
6226,164
6227,164
6228,164
6229,164
6230,164
6231,164
6232,164
6233,164
6234,164
6235,164
6236,164
6237,164
6238,164
6239,164
6240,164
6241,164
6242,164
6243,164
6244,164
6245,164
6246,164
6247,164
6248,164
6249,164
6250,164
6251,164
6252,164
6253,164
6254,164
6255,164
6256,164
6257,164
6258,164
6259,164
6260,164
6261,164
6262,164
6263,164
6264,164
6265,164
6266,164
6267,164
6268,164
6269,164
6270,164
6271,164
6272,164
6273,164
6274,164
6275,164
6276,164
6277,164
6278,164
6279,164
6280,164
6281,164
6282,164
6283,164
6284,164
6285,164
6286,164
6287,163
6288,164
6289,164
6290,164
6291,164
6292,164
6293,164
6294,164
6295,164
6296,164
6297,164
6298,164
6299,164
6300,164
6301,164
6302,164
6303,164
6304,164
6305,164
6306,164
6307,164
6308,164
6309,164
6310,164
6311,164
6312,164
6313,164
6314,164
6315,163
6316,163
6317,163
6318,163
6319,163
6320,163
6321,163
6322,163
6323,163
6324,163
6325,163
6326,163
6327,163
6328,163
6329,162
6330,162
6331,163
6332,163
6333,163
6334,163
6335,163
6336,163
6337,163
6338,163
6339,163
6340,162
6341,162
6342,162
6343,163
6344,163
6345,163
6346,163
6347,163
6348,163
6349,163
6350,163
6351,163
6352,163
6353,163
6354,163
6355,163
6356,163
6357,163
6358,163
6359,163
6360,163
6361,163
6362,163
6363,163
6364,163
6365,163
6366,163
6367,163
6368,163
6369,163
6370,162
6371,162
6372,162
6373,162
6374,163
6375,163
6376,162
6377,162
6378,162
6379,162
6380,162
6381,162
6382,163
6383,162
6384,162
6385,162
6386,162
6387,162
6388,163
6389,163
6390,163
6391,163
6392,163
6393,163
6394,163
6395,162
6396,163
6397,163
6398,163
6399,163
6400,163
6401,163
6402,163
6403,163
6404,163
6405,163
6406,163
6407,163
6408,163
6409,163
6410,163
6411,163
6412,163
6413,163
6414,163
6415,163
6416,163
6417,163
6418,163
6419,163
6420,163
6421,163
6422,163
6423,163
6424,163
6425,163
6426,163
6427,163
6428,163
6429,163
6430,163
6431,163
6432,162
6433,163
6434,163
6435,162
6436,162
6437,162
6438,162
6439,162
6440,162
6441,162
6442,162
6443,162
6444,162
6445,162
6446,162
6447,162
6448,162
6449,162
6450,162
6451,162
6452,162
6453,163
6454,163
6455,163
6456,163
6457,163
6458,162
6459,162
6460,162
6461,162
6462,162
6463,162
6464,163
6465,163
6466,163
6467,163
6468,163
6469,163
6470,163
6471,163
6472,163
6473,163
6474,163
6475,163
6476,163
6477,163
6478,163
6479,163
6480,163
6481,163
6482,163
6483,163
6484,163
6485,163
6486,163
6487,163
6488,163
6489,163
6490,163
6491,163
6492,163
6493,163
6494,163
6495,163
6496,163
6497,163
6498,163
6499,163
6500,163
6501,162
6502,162
6503,162
6504,163
6505,163
6506,163
6507,163
6508,163
6509,163
6510,163
6511,163
6512,163
6513,163
6514,163
6515,162
6516,162
6517,162
6518,162
6519,162
6520,163
6521,163
6522,163
6523,163
6524,163
6525,163
6526,163
6527,163
6528,163
6529,163
6530,163
6531,163
6532,162
6533,163
6534,163
6535,163
6536,163
6537,163
6538,163
6539,163
6540,163
6541,162
6542,163
6543,163
6544,163
6545,163
6546,163
6547,163
6548,163
6549,163
6550,163
6551,163
6552,163
6553,163
6554,163
6555,163
6556,163
6557,163
6558,162
6559,162
6560,163
6561,163
6562,163
6563,163
6564,163
6565,163
6566,163
6567,163
6568,163
6569,163
6570,163
6571,163
6572,163
6573,163
6574,163
6575,163
6576,163
6577,163
6578,163
6579,163
6580,163
6581,163
6582,163
6583,163
6584,163
6585,163
6586,163
6587,163
6588,163
6589,163
6590,163
6591,163
6592,163
6593,163
6594,163
6595,163
6596,163
6597,163
6598,163
6599,163
6600,163
6601,163
6602,163
6603,163
6604,163
6605,163
6606,163
6607,162
6608,162
6609,163
6610,163
6611,163
6612,163
6613,163
6614,163
6615,163
6616,163
6617,163
6618,163
6619,163
6620,163
6621,163
6622,163
6623,163
6624,163
6625,163
6626,163
6627,163
6628,163
6629,163
6630,163
6631,163
6632,163
6633,163
6634,163
6635,163
6636,163
6637,163
6638,163
6639,162
6640,162
6641,162
6642,163
6643,163
6644,163
6645,163
6646,163
6647,163
6648,163
6649,163
6650,163
6651,163
6652,163
6653,163
6654,163
6655,163
6656,163
6657,163
6658,163
6659,163
6660,163
6661,163
6662,162
6663,163
6664,163
6665,163
6666,163
6667,163
6668,163
6669,163
6670,162
6671,162
6672,162
6673,162
6674,162
6675,162
6676,162
6677,162
6678,162
6679,162
6680,162
6681,162
6682,162
6683,162
6684,162
6685,162
6686,162
6687,162
6688,162
6689,162
6690,162
6691,162
6692,162
6693,162
6694,162
6695,162
6696,162
6697,162
6698,162
6699,162
6700,162
6701,162
6702,162
6703,162
6704,162
6705,162
6706,162
6707,162
6708,162
6709,162
6710,162
6711,162
6712,162
6713,162
6714,162
6715,162
6716,162
6717,162
6718,162
6719,161
6720,161
6721,162
6722,162
6723,162
6724,162
6725,162
6726,162
6727,162
6728,162
6729,162
6730,162
6731,162
6732,162
6733,162
6734,162
6735,162
6736,162
6737,162
6738,162
6739,162
6740,162
6741,163
6742,162
6743,162
6744,162
6745,162
6746,162
6747,162
6748,162
6749,162
6750,162
6751,162
6752,162
6753,162
6754,163
6755,162
6756,162
6757,163
6758,163
6759,163
6760,163
6761,163
6762,163
6763,163
6764,163
6765,163
6766,163
6767,163
6768,163
6769,163
6770,163
6771,163
6772,163
6773,163
6774,163
6775,163
6776,163
6777,163
6778,164
6779,164
6780,164
6781,164
6782,164
6783,164
6784,164
6785,164
6786,164
6787,163
6788,164
6789,164
6790,164
6791,164
6792,164
6793,164
6794,164
6795,163
6796,164
6797,164
6798,164
6799,164
6800,164
6801,164
6802,164
6803,164
6804,163
6805,163
6806,163
6807,163
6808,163
6809,163
6810,162
6811,163
6812,162
6813,162
6814,162
6815,162
6816,162
6817,162
6818,162
6819,162
6820,162
6821,162
6822,162
6823,162
6824,162
6825,162
6826,162
6827,162
6828,162
6829,162
6830,162
6831,162
6832,162
6833,162
6834,163
6835,163
6836,162
6837,162
6838,162
6839,162
6840,162
6841,162
6842,163
6843,163
6844,162
6845,162
6846,162
6847,162
6848,162
6849,162
6850,162
6851,162
6852,162
6853,162
6854,162
6855,162
6856,163
6857,163
6858,162
6859,162
6860,163
6861,163
6862,162
6863,163
6864,163
6865,163
6866,163
6867,163
6868,163
6869,163
6870,163
6871,163
6872,163
6873,163
6874,163
6875,163
6876,163
6877,163
6878,163
6879,163
6880,163
6881,163
6882,163
6883,163
6884,163
6885,163
6886,163
6887,163
6888,163
6889,163
6890,163
6891,163
6892,163
6893,163
6894,163
6895,162
6896,162
6897,162
6898,163
6899,162
6900,162
6901,163
6902,163
6903,163
6904,163
6905,162
6906,162
6907,162
6908,162
6909,162
6910,162
6911,162
6912,162
6913,162
6914,162
6915,162
6916,162
6917,162
6918,162
6919,162
6920,162
6921,161
6922,161
6923,161
6924,161
6925,161
6926,161
6927,162
6928,162
6929,162
6930,161
6931,162
6932,162
6933,161
6934,162
6935,162
6936,162
6937,163
6938,162
6939,163
6940,162
6941,162
6942,162
6943,163
6944,163
6945,163
6946,163
6947,163
6948,163
6949,163
6950,163
6951,163
6952,163
6953,163
6954,163
6955,163
6956,163
6957,163
6958,163
6959,163
6960,163
6961,163
6962,163
6963,163
6964,163
6965,163
6966,163
6967,163
6968,163
6969,163
6970,163
6971,162
6972,162
6973,162
6974,162
6975,163
6976,163
6977,163
6978,163
6979,163
6980,163
6981,163
6982,164
6983,164
6984,164
6985,164
6986,164
6987,164
6988,164
6989,164
6990,164
6991,164
6992,164
6993,164
6994,164
6995,163
6996,163
6997,163
6998,163
6999,163
7000,163
7001,163
7002,163
7003,163
7004,163
7005,163
7006,163
7007,163
7008,163
7009,163
7010,163
7011,163
7012,163
7013,163
7014,163
7015,163
7016,163
7017,163
7018,163
7019,163
7020,163
7021,163
7022,163
7023,163
7024,163
7025,163
7026,163
7027,163
7028,162
7029,162
7030,162
7031,163
7032,163
7033,163
7034,163
7035,163
7036,163
7037,163
7038,163
7039,163
7040,163
7041,162
7042,162
7043,162
7044,162
7045,162
7046,162
7047,162
7048,162
7049,162
7050,162
7051,162
7052,162
7053,163
7054,162
7055,163
7056,163
7057,163
7058,163
7059,163
7060,163
7061,163
7062,163
7063,163
7064,163
7065,163
7066,163
7067,163
7068,163
7069,163
7070,163
7071,163
7072,163
7073,162
7074,162
7075,162
7076,162
7077,163
7078,163
7079,163
7080,162
7081,162
7082,162
7083,162
7084,162
7085,162
7086,162
7087,162
7088,162
7089,162
7090,162
7091,162
7092,162
7093,162
7094,162
7095,162
7096,162
7097,162
7098,162
7099,162
7100,162
7101,162
7102,162
7103,162
7104,162
7105,162
7106,162
7107,162
7108,162
7109,162
7110,162
7111,162
7112,162
7113,162
7114,162
7115,162
7116,162
7117,162
7118,162
7119,162
7120,162
7121,162
7122,162
7123,162
7124,162
7125,162
7126,162
7127,162
7128,162
7129,162
7130,162
7131,162
7132,162
7133,162
7134,162
7135,162
7136,162
7137,162
7138,162
7139,162
7140,162
7141,162
7142,162
7143,162
7144,162
7145,162
7146,162
7147,162
7148,162
7149,162
7150,162
7151,162
7152,162
7153,162
7154,162
7155,162
7156,163
7157,163
7158,163
7159,163
7160,163
7161,163
7162,163
7163,163
7164,163
7165,163
7166,163
7167,163
7168,163
7169,163
7170,162
7171,163
7172,163
7173,163
7174,162
7175,162
7176,162
7177,162
7178,162
7179,162
7180,162
7181,162
7182,163
7183,163
7184,163
7185,163
7186,163
7187,163
7188,163
7189,163
7190,163
7191,163
7192,163
7193,163
7194,163
7195,163
7196,163
7197,162
7198,162
7199,162
7200,162
7201,162
7202,162
7203,162
7204,162
7205,162
7206,162
7207,162
7208,162
7209,162
7210,162
7211,162
7212,162
7213,162
7214,162
7215,162
7216,162
7217,162
7218,162
7219,162
7220,162
7221,162
7222,163
7223,162
7224,162
7225,162
7226,162
7227,162
7228,162
7229,162
7230,162
7231,163
7232,163
7233,163
7234,163
7235,163
7236,163
7237,163
7238,163
7239,162
7240,163
7241,163
7242,163
7243,162
7244,162
7245,163
7246,163
7247,163
7248,163
7249,163
7250,163
7251,163
7252,162
7253,162
7254,162
7255,162
7256,162
7257,163
7258,163
7259,163
7260,163
7261,163
7262,163
7263,162
7264,163
7265,162
7266,162
7267,162
7268,162
7269,162
7270,162
7271,162
7272,162
7273,162
7274,162
7275,162
7276,162
7277,162
7278,161
7279,162
7280,162
7281,162
7282,162
7283,162
7284,162
7285,162
7286,162
7287,162
7288,162
7289,162
7290,162
7291,162
7292,162
7293,162
7294,162
7295,162
7296,162
7297,162
7298,162
7299,162
7300,162
7301,163
7302,163
7303,163
7304,163
7305,163
7306,163
7307,163
7308,163
7309,163
7310,163
7311,163
7312,163
7313,163
7314,163
7315,163
7316,162
7317,163
7318,163
7319,163
7320,163
7321,163
7322,163
7323,163
7324,163
7325,163
7326,163
7327,163
7328,163
7329,163
7330,163
7331,163
7332,163
7333,163
7334,163
7335,163
7336,163
7337,163
7338,163
7339,163
7340,163
7341,163
7342,163
7343,163
7344,163
7345,163
7346,163
7347,163
7348,163
7349,163
7350,163
7351,163
7352,163
7353,163
7354,163
7355,163
7356,163
7357,162
7358,162
7359,163
7360,163
7361,163
7362,163
7363,163
7364,163
7365,163
7366,162
7367,162
7368,162
7369,162
7370,162
7371,162
7372,162
7373,162
7374,162
7375,162
7376,162
7377,162
7378,162
7379,162
7380,162
7381,162
7382,162
7383,162
7384,162
7385,162
7386,162
7387,163
7388,163
7389,163
7390,163
7391,163
7392,163
7393,163
7394,163
7395,163
7396,163
7397,163
7398,163
7399,163
7400,163
7401,163
7402,163
7403,162
7404,162
7405,162
7406,162
7407,163
7408,163
7409,163
7410,163
7411,163
7412,163
7413,163
7414,163
7415,163
7416,163
7417,163
7418,163
7419,163
7420,162
7421,163
7422,163
7423,163
7424,163
7425,163
7426,162
7427,162
7428,163
7429,163
7430,163
7431,163
7432,163
7433,163
7434,163
7435,163
7436,163
7437,163
7438,162
7439,163
7440,163
7441,162
7442,162
7443,162
7444,162
7445,163
7446,163
7447,163
7448,163
7449,163
7450,163
7451,163
7452,163
7453,163
7454,163
7455,163
7456,163
7457,163
7458,163
7459,163
7460,163
7461,163
7462,163
7463,163
7464,162
7465,163
7466,163
7467,163
7468,163
7469,163
7470,163
7471,163
7472,163
7473,163
7474,163
7475,163
7476,163
7477,163
7478,163
7479,163
7480,163
7481,163
7482,163
7483,163
7484,163
7485,163
7486,163
7487,163
7488,163
7489,163
7490,163
7491,163
7492,163
7493,163
7494,163
7495,163
7496,163
7497,163
7498,163
7499,162
7500,162
7501,162
7502,162
7503,162
7504,163
7505,163
7506,163
7507,162
7508,162
7509,162
7510,162
7511,162
7512,162
7513,162
7514,163
7515,163
7516,162
7517,162
7518,162
7519,162
7520,162
7521,162
7522,162
7523,162
7524,162
7525,162
7526,162
7527,162
7528,162
7529,162
7530,162
7531,162
7532,162
7533,162
7534,162
7535,162
7536,162
7537,162
7538,162
7539,162
7540,162
7541,162
7542,162
7543,162
7544,162
7545,162
7546,162
7547,162
7548,162
7549,162
7550,162
7551,162
7552,162
7553,162
7554,162
7555,162
7556,162
7557,162
7558,162
7559,162
7560,162
7561,162
7562,162
7563,162
7564,162
7565,162
7566,162
7567,162
7568,161
7569,162
7570,162
7571,162
7572,162
7573,162
7574,162
7575,162
7576,162
7577,162
7578,162
7579,162
7580,162
7581,162
7582,162
7583,162
7584,162
7585,162
7586,162
7587,162
7588,162
7589,162
7590,162
7591,162
7592,162
7593,162
7594,162
7595,162
7596,162
7597,162
7598,162
7599,162
7600,162
7601,162
7602,162
7603,162
7604,162
7605,162
7606,162
7607,162
7608,162
7609,162
7610,162
7611,162
7612,162
7613,162
7614,162
7615,162
7616,162
7617,162
7618,162
7619,162
7620,162
7621,162
7622,162
7623,162
7624,162
7625,162
7626,162
7627,162
7628,162
7629,162
7630,162
7631,162
7632,162
7633,162
7634,162
7635,162
7636,162
7637,162
7638,162
7639,162
7640,162
7641,163
7642,163
7643,163
7644,163
7645,163
7646,163
7647,163
7648,163
7649,163
7650,162
7651,163
7652,162
7653,162
7654,162
7655,162
7656,162
7657,162
7658,163
7659,163
7660,163
7661,163
7662,163
7663,163
7664,163
7665,163
7666,163
7667,163
7668,163
7669,163
7670,163
7671,163
7672,162
7673,162
7674,162
7675,162
7676,162
7677,162
7678,162
7679,162
7680,162
7681,162
7682,162
7683,162
7684,162
7685,162
7686,162
7687,162
7688,162
7689,162
7690,162
7691,162
7692,162
7693,162
7694,162
7695,162
7696,162
7697,162
7698,162
7699,162
7700,162
7701,162
7702,162
7703,162
7704,162
7705,162
7706,162
7707,162
7708,162
7709,162
7710,162
7711,162
7712,162
7713,162
7714,161
7715,162
7716,162
7717,162
7718,162
7719,162
7720,162
7721,162
7722,162
7723,162
7724,162
7725,162
7726,162
7727,162
7728,161
7729,161
7730,161
7731,161
7732,162
7733,161
7734,161
7735,161
7736,162
7737,161
7738,161
7739,161
7740,161
7741,161
7742,161
7743,162
7744,162
7745,162
7746,162
7747,162
7748,162
7749,162
7750,162
7751,162
7752,162
7753,162
7754,162
7755,162
7756,162
7757,161
7758,161
7759,161
7760,161
7761,161
7762,161
7763,161
7764,161
7765,161
7766,161
7767,161
7768,161
7769,161
7770,161
7771,161
7772,161
7773,161
7774,161
7775,161
7776,160
7777,160
7778,160
7779,160
7780,160
7781,160
7782,160
7783,160
7784,161
7785,161
7786,161
7787,161
7788,161
7789,161
7790,161
7791,162
7792,161
7793,161
7794,161
7795,161
7796,161
7797,161
7798,161
7799,161
7800,161
7801,161
7802,161
7803,161
7804,161
7805,161
7806,161
7807,161
7808,161
7809,162
7810,162
7811,162
7812,162
7813,162
7814,162
7815,162
7816,162
7817,162
7818,162
7819,162
7820,162
7821,162
7822,162
7823,162
7824,162
7825,162
7826,162
7827,162
7828,162
7829,162
7830,162
7831,162
7832,162
7833,162
7834,162
7835,162
7836,162
7837,162
7838,162
7839,162
7840,162
7841,162
7842,162
7843,162
7844,162
7845,162
7846,162
7847,162
7848,163
7849,162
7850,163
7851,163
7852,163
7853,163
7854,163
7855,163
7856,163
7857,163
7858,163
7859,163
7860,163
7861,163
7862,163
7863,163
7864,163
7865,163
7866,163
7867,163
7868,163
7869,163
7870,163
7871,163
7872,163
7873,163
7874,163
7875,163
7876,163
7877,163
7878,163
7879,163
7880,163
7881,163
7882,163
7883,163
7884,163
7885,163
7886,163
7887,163
7888,163
7889,163
7890,163
7891,162
7892,162
7893,163
7894,163
7895,163
7896,163
7897,163
7898,163
7899,163
7900,162
7901,162
7902,163
7903,163
7904,163
7905,163
7906,163
7907,163
7908,163
7909,163
7910,163
7911,163
7912,163
7913,163
7914,163
7915,163
7916,163
7917,163
7918,163
7919,163
7920,163
7921,163
7922,163
7923,163
7924,163
7925,163
7926,163
7927,163
7928,163
7929,163
7930,163
7931,163
7932,163
7933,163
7934,163
7935,163
7936,163
7937,163
7938,163
7939,163
7940,163
7941,163
7942,163
7943,163
7944,163
7945,163
7946,163
7947,162
7948,162
7949,162
7950,162
7951,162
7952,163
7953,163
7954,163
7955,163
7956,163
7957,163
7958,163
7959,163
7960,163
7961,163
7962,163
7963,163
7964,163
7965,163
7966,163
7967,163
7968,163
7969,163
7970,162
7971,163
7972,163
7973,163
7974,163
7975,163
7976,163
7977,163
7978,163
7979,162
7980,162
7981,163
7982,163
7983,163
7984,163
7985,163
7986,163
7987,163
7988,163
7989,163
7990,163
7991,162
7992,162
7993,163
7994,163
7995,163
7996,163
7997,162
7998,162
7999,162
8000,162
8001,162
8002,162
8003,163
8004,163
8005,163
8006,163
8007,163
8008,163
8009,163
8010,163
8011,163
8012,163
8013,162
8014,163
8015,163
8016,163
8017,163
8018,163
8019,162
8020,163
8021,163
8022,163
8023,163
8024,163
8025,163
8026,163
8027,163
8028,162
8029,163
8030,163
8031,163
8032,163
8033,163
8034,164
8035,164
8036,164
8037,164
8038,164
8039,164
8040,164
8041,164
8042,164
8043,164
8044,164
8045,164
8046,164
8047,164
8048,164
8049,164
8050,164
8051,164
8052,164
8053,164
8054,164
8055,164
8056,164
8057,164
8058,164
8059,164
8060,164
8061,164
8062,163
8063,164
8064,163
8065,163
8066,164
8067,164
8068,164
8069,164
8070,164
8071,164
8072,164
8073,164
8074,163
8075,163
8076,163
8077,163
8078,163
8079,163
8080,164
8081,164
8082,164
8083,164
8084,164
8085,164
8086,164
8087,164
8088,164
8089,164
8090,164
8091,164
8092,164
8093,164
8094,165
8095,165
8096,165
8097,165
8098,165
8099,165
8100,165
8101,165
8102,165
8103,165
8104,165
8105,165
8106,165
8107,165
8108,165
8109,165
8110,165
8111,165
8112,165
8113,165
8114,165
8115,165
8116,165
8117,165
8118,165
8119,165
8120,165
8121,165
8122,165
8123,165
8124,165
8125,165
8126,165
8127,165
8128,165
8129,165
8130,165
8131,165
8132,165
8133,165
8134,165
8135,164
8136,164
8137,164
8138,165
8139,165
8140,165
8141,165
8142,165
8143,165
8144,165
8145,165
8146,165
8147,165
8148,165
8149,165
8150,165
8151,165
8152,164
8153,164
8154,164
8155,164
8156,164
8157,164
8158,164
8159,164
8160,164
8161,164
8162,164
8163,164
8164,164
8165,164
8166,164
8167,164
8168,164
8169,164
8170,164
8171,164
8172,164
8173,164
8174,164
8175,164
8176,164
8177,164
8178,164
8179,164
8180,164
8181,164
8182,164
8183,163
8184,163
8185,164
8186,164
8187,164
8188,164
8189,163
8190,163
8191,164
8192,163
8193,164
8194,164
8195,164
8196,164
8197,164
8198,164
8199,164
8200,164
8201,164
8202,164
8203,164
8204,164
8205,163
8206,163
8207,163
8208,163
8209,163
8210,163
8211,163
8212,163
8213,163
8214,163
8215,163
8216,163
8217,162
8218,163
8219,163
8220,163
8221,163
8222,163
8223,164
8224,163
8225,164
8226,164
8227,163
8228,164
8229,164
8230,164
8231,164
8232,164
8233,164
8234,164
8235,164
8236,164
8237,164
8238,164
8239,164
8240,164
8241,164
8242,164
8243,164
8244,164
8245,163
8246,163
8247,163
8248,163
8249,163
8250,164
8251,164
8252,164
8253,164
8254,164
8255,164
8256,164
8257,164
8258,165
8259,165
8260,165
8261,165
8262,165
8263,165
8264,164
8265,164
8266,164
8267,164
8268,165
8269,165
8270,165
8271,165
8272,165
8273,166
8274,166
8275,166
8276,166
8277,166
8278,166
8279,166
8280,166
8281,166
8282,166
8283,166
8284,166
8285,166
8286,166
8287,166
8288,166
8289,166
8290,166
8291,166
8292,166
8293,166
8294,166
8295,166
8296,166
8297,166
8298,166
8299,166
8300,166
8301,166
8302,166
8303,166
8304,166
8305,166
8306,166
8307,166
8308,166
8309,166
8310,166
8311,166
8312,165
8313,165
8314,165
8315,165
8316,165
8317,165
8318,165
8319,165
8320,165
8321,165
8322,165
8323,165
8324,165
8325,165
8326,165
8327,165
8328,165
8329,165
8330,165
8331,165
8332,165
8333,165
8334,165
8335,165
8336,165
8337,165
8338,165
8339,164
8340,165
8341,165
8342,165
8343,165
8344,165
8345,165
8346,165
8347,165
8348,165
8349,165
8350,165
8351,165
8352,165
8353,164
8354,164
8355,165
8356,165
8357,165
8358,165
8359,165
8360,165
8361,165
8362,165
8363,165
8364,165
8365,164
8366,164
8367,164
8368,164
8369,165
8370,165
8371,165
8372,165
8373,165
8374,165
8375,165
8376,165
8377,165
8378,165
8379,165
8380,165
8381,165
8382,165
8383,165
8384,165
8385,165
8386,165
8387,165
8388,165
8389,165
8390,165
8391,165
8392,165
8393,165
8394,165
8395,165
8396,165
8397,165
8398,165
8399,165
8400,165
8401,165
8402,165
8403,165
8404,165
8405,165
8406,165
8407,165
8408,165
8409,164
8410,164
8411,164
8412,164
8413,165
8414,165
8415,165
8416,165
8417,165
8418,165
8419,165
8420,165
8421,165
8422,165
8423,165
8424,165
8425,165
8426,165
8427,165
8428,165
8429,165
8430,165
8431,165
8432,165
8433,165
8434,165
8435,165
8436,165
8437,165
8438,165
8439,165
8440,165
8441,165
8442,165
8443,165
8444,165
8445,165
8446,165
8447,165
8448,165
8449,165
8450,165
8451,165
8452,165
8453,165
8454,165
8455,165
8456,165
8457,165
8458,165
8459,165
8460,165
8461,165
8462,165
8463,165
8464,165
8465,165
8466,165
8467,165
8468,165
8469,165
8470,165
8471,165
8472,165
8473,165
8474,165
8475,165
8476,164
8477,165
8478,165
8479,165
8480,165
8481,165
8482,165
8483,165
8484,165
8485,165
8486,165
8487,165
8488,165
8489,164
8490,164
8491,164
8492,164
8493,164
8494,164
8495,164
8496,164
8497,164
8498,164
8499,164
8500,165
8501,165
8502,165
8503,165
8504,165
8505,165
8506,165
8507,165
8508,165
8509,165
8510,165
8511,165
8512,165
8513,165
8514,165
8515,165
8516,165
8517,165
8518,165
8519,165
8520,164
8521,164
8522,165
8523,165
8524,165
8525,165
8526,165
8527,165
8528,165
8529,165
8530,165
8531,165
8532,165
8533,165
8534,165
8535,165
8536,165
8537,165
8538,165
8539,165
8540,165
8541,164
8542,164
8543,164
8544,164
8545,164
8546,165
8547,164
8548,164
8549,165
8550,165
8551,165
8552,165
8553,165
8554,165
8555,165
8556,165
8557,165
8558,165
8559,165
8560,164
8561,164
8562,164
8563,164
8564,164
8565,164
8566,164
8567,163
8568,163
8569,163
8570,163
8571,163
8572,163
8573,163
8574,163
8575,163
8576,163
8577,163
8578,163
8579,163
8580,163
8581,163
8582,164
8583,164
8584,164
8585,164
8586,164
8587,164
8588,163
8589,163
8590,163
8591,163
8592,163
8593,163
8594,164
8595,164
8596,164
8597,164
8598,164
8599,164
8600,164
8601,164
8602,164
8603,164
8604,164
8605,164
8606,164
8607,164
8608,164
8609,164
8610,164
8611,164
8612,164
8613,164
8614,164
8615,164
8616,164
8617,164
8618,165
8619,165
8620,164
8621,164
8622,164
8623,164
8624,164
8625,164
8626,164
8627,164
8628,164
8629,164
8630,164
8631,164
8632,164
8633,164
8634,164
8635,164
8636,164
8637,164
8638,164
8639,164
8640,164
8641,164
8642,163
8643,163
8644,163
8645,163
8646,163
8647,163
8648,163
8649,163
8650,163
8651,163
8652,163
8653,163
8654,163
8655,163
8656,163
8657,163
8658,163
8659,163
8660,163
8661,163
8662,163
8663,163
8664,164
8665,164
8666,164
8667,164
8668,163
8669,163
8670,163
8671,163
8672,163
8673,163
8674,163
8675,163
8676,163
8677,163
8678,163
8679,163
8680,163
8681,163
8682,163
8683,163
8684,163
8685,163
8686,163
8687,163
8688,163
8689,163
8690,163
8691,163
8692,163
8693,164
8694,164
8695,164
8696,163
8697,163
8698,163
8699,163
8700,164
8701,164
8702,164
8703,164
8704,164
8705,163
8706,163
8707,163
8708,163
8709,163
8710,163
8711,163
8712,163
8713,163
8714,163
8715,164
8716,163
8717,163
8718,163
8719,163
8720,163
8721,163
8722,163
8723,163
8724,163
8725,163
8726,163
8727,163
8728,163
8729,163
8730,163
8731,163
8732,163
8733,163
8734,163
8735,163
8736,163
8737,163
8738,163
8739,163
8740,163
8741,163
8742,162
8743,162
8744,162
8745,163
8746,163
8747,163
8748,162
8749,163
8750,163
8751,163
8752,163
8753,163
8754,163
8755,163
8756,163
8757,163
8758,163
8759,163
8760,163
8761,163
8762,163
8763,163
8764,163
8765,163
8766,163
8767,163
8768,163
8769,163
8770,164
8771,164
8772,164
8773,164
8774,164
8775,164
8776,164
8777,164
8778,164
8779,164
8780,164
8781,164
8782,164
8783,164
8784,164
8785,164
8786,164
8787,164
8788,164
8789,164
8790,164
8791,164
8792,164
8793,164
8794,164
8795,164
8796,164
8797,164
8798,164
8799,164
8800,164
8801,164
8802,164
8803,164
8804,164
8805,164
8806,164
8807,164
8808,164
8809,164
8810,164
8811,164
8812,164
8813,164
8814,164
8815,164
8816,164
8817,164
8818,164
8819,164
8820,164
8821,163
8822,163
8823,163
8824,163
8825,163
8826,163
8827,163
8828,163
8829,163
8830,163
8831,163
8832,163
8833,163
8834,163
8835,163
8836,163
8837,163
8838,163
8839,163
8840,163
8841,163
8842,163
8843,163
8844,163
8845,163
8846,162
8847,163
8848,163
8849,163
8850,163
8851,163
8852,163
8853,163
8854,163
8855,163
8856,163
8857,163
8858,163
8859,163
8860,163
8861,163
8862,163
8863,163
8864,163
8865,163
8866,163
8867,163
8868,163
8869,163
8870,163
8871,162
8872,163
8873,163
8874,163
8875,163
8876,163
8877,163
8878,163
8879,163
8880,163
8881,163
8882,163
8883,162
8884,163
8885,163
8886,163
8887,163
8888,163
8889,163
8890,163
8891,163
8892,163
8893,163
8894,163
8895,163
8896,162
8897,163
8898,163
8899,163
8900,163
8901,163
8902,163
8903,163
8904,163
8905,163
8906,163
8907,162
8908,162
8909,163
8910,163
8911,163
8912,163
8913,163
8914,163
8915,163
8916,163
8917,163
8918,163
8919,163
8920,163
8921,163
8922,163
8923,163
8924,163
8925,163
8926,163
8927,163
8928,163
8929,163
8930,163
8931,163
8932,163
8933,164
8934,164
8935,164
8936,164
8937,164
8938,164
8939,164
8940,164
8941,164
8942,164
8943,164
8944,164
8945,164
8946,164
8947,164
8948,164
8949,164
8950,164
8951,164
8952,164
8953,164
8954,164
8955,164
8956,164
8957,164
8958,164
8959,164
8960,164
8961,164
8962,164
8963,164
8964,164
8965,164
8966,164
8967,164
8968,164
8969,164
8970,164
8971,163
8972,164
8973,164
8974,164
8975,164
8976,163
8977,163
8978,163
8979,163
8980,163
8981,163
8982,163
8983,163
8984,163
8985,163
8986,163
8987,163
8988,163
8989,163
8990,163
8991,163
8992,163
8993,163
8994,163
8995,163
8996,163
8997,163
8998,163
8999,163
9000,163
9001,162
9002,162
9003,162
9004,163
9005,163
9006,163
9007,163
9008,163
9009,163
9010,163
9011,163
9012,163
9013,163
9014,163
9015,163
9016,163
9017,163
9018,163
9019,163
9020,163
9021,163
9022,163
9023,163
9024,163
9025,163
9026,162
9027,162
9028,162
9029,162
9030,163
9031,162
9032,162
9033,162
9034,162
9035,162
9036,162
9037,162
9038,163
9039,163
9040,163
9041,163
9042,163
9043,163
9044,163
9045,163
9046,163
9047,163
9048,163
9049,163
9050,163
9051,163
9052,163
9053,163
9054,163
9055,163
9056,163
9057,163
9058,163
9059,163
9060,163
9061,163
9062,163
9063,163
9064,163
9065,163
9066,163
9067,163
9068,162
9069,163
9070,163
9071,163
9072,163
9073,163
9074,163
9075,163
9076,162
9077,162
9078,162
9079,162
9080,162
9081,162
9082,162
9083,162
9084,162
9085,162
9086,162
9087,162
9088,162
9089,162
9090,161
9091,161
9092,161
9093,161
9094,161
9095,161
9096,161
9097,161
9098,161
9099,161
9100,161
9101,161
9102,161
9103,161
9104,161
9105,161
9106,161
9107,161
9108,161
9109,161
9110,161
9111,161
9112,161
9113,161
9114,161
9115,161
9116,161
9117,161
9118,161
9119,161
9120,161
9121,161
9122,161
9123,161
9124,161
9125,161
9126,161
9127,161
9128,161
9129,161
9130,161
9131,161
9132,161
9133,161
9134,161
9135,161
9136,161
9137,161
9138,161
9139,161
9140,161
9141,162
9142,162
9143,162
9144,162
9145,162
9146,162
9147,161
9148,161
9149,162
9150,162
9151,162
9152,162
9153,162
9154,161
9155,162
9156,162
9157,162
9158,162
9159,162
9160,162
9161,162
9162,162
9163,162
9164,162
9165,162
9166,162
9167,161
9168,161
9169,161
9170,161
9171,162
9172,162
9173,162
9174,162
9175,162
9176,162
9177,162
9178,162
9179,162
9180,162
9181,162
9182,162
9183,162
9184,162
9185,162
9186,162
9187,162
9188,162
9189,162
9190,162
9191,162
9192,162
9193,161
9194,161
9195,161
9196,162
9197,162
9198,162
9199,162
9200,162
9201,162
9202,161
9203,162
9204,162
9205,161
9206,161
9207,161
9208,162
9209,162
9210,162
9211,162
9212,162
9213,162
9214,162
9215,161
9216,161
9217,161
9218,161
9219,161
9220,161
9221,161
9222,162
9223,162
9224,162
9225,162
9226,162
9227,162
9228,162
9229,162
9230,162
9231,162
9232,162
9233,162
9234,162
9235,162
9236,161
9237,161
9238,161
9239,162
9240,162
9241,162
9242,162
9243,162
9244,162
9245,161
9246,161
9247,161
9248,161
9249,161
9250,161
9251,161
9252,161
9253,161
9254,161
9255,162
9256,162
9257,162
9258,162
9259,162
9260,162
9261,162
9262,162
9263,162
9264,162
9265,162
9266,162
9267,162
9268,162
9269,162
9270,161
9271,161
9272,161
9273,162
9274,162
9275,162
9276,162
9277,162
9278,162
9279,162
9280,162
9281,162
9282,162
9283,162
9284,162
9285,162
9286,162
9287,162
9288,162
9289,162
9290,162
9291,162
9292,162
9293,162
9294,162
9295,162
9296,162
9297,162
9298,162
9299,162
9300,161
9301,161
9302,161
9303,161
9304,161
9305,161
9306,161
9307,161
9308,161
9309,161
9310,161
9311,161
9312,161
9313,161
9314,161
9315,161
9316,161
9317,161
9318,161
9319,161
9320,162
9321,162
9322,162
9323,162
9324,162
9325,162
9326,162
9327,162
9328,162
9329,162
9330,162
9331,162
9332,162
9333,162
9334,162
9335,162
9336,162
9337,162
9338,162
9339,162
9340,162
9341,162
9342,162
9343,162
9344,161
9345,162
9346,162
9347,162
9348,162
9349,162
9350,162
9351,162
9352,162
9353,162
9354,161
9355,161
9356,161
9357,162
9358,162
9359,162
9360,162
9361,162
9362,162
9363,162
9364,162
9365,162
9366,162
9367,162
9368,162
9369,162
9370,162
9371,162
9372,161
9373,161
9374,162
9375,162
9376,162
9377,162
9378,162
9379,162
9380,162
9381,162
9382,162
9383,162
9384,162
9385,162
9386,161
9387,161
9388,161
9389,161
9390,161
9391,161
9392,161
9393,161
9394,161
9395,161
9396,161
9397,162
9398,162
9399,162
9400,162
9401,162
9402,162
9403,162
9404,162
9405,162
9406,162
9407,162
9408,162
9409,161
9410,162
9411,162
9412,162
9413,162
9414,162
9415,162
9416,162
9417,162
9418,162
9419,162
9420,161
9421,161
9422,161
9423,161
9424,162
9425,162
9426,162
9427,162
9428,162
9429,162
9430,162
9431,162
9432,162
9433,162
9434,161
9435,161
9436,161
9437,161
9438,162
9439,161
9440,161
9441,161
9442,161
9443,161
9444,161
9445,161
9446,161
9447,161
9448,161
9449,161
9450,161
9451,161
9452,161
9453,161
9454,161
9455,161
9456,161
9457,161
9458,161
9459,161
9460,161
9461,161
9462,161
9463,161
9464,160
9465,160
9466,160
9467,160
9468,160
9469,160
9470,160
9471,160
9472,160
9473,160
9474,160
9475,160
9476,160
9477,160
9478,160
9479,160
9480,160
9481,159
9482,159
9483,159
9484,160
9485,160
9486,160
9487,160
9488,159
9489,159
9490,160
9491,160
9492,160
9493,160
9494,160
9495,160
9496,160
9497,160
9498,160
9499,159
9500,159
9501,159
9502,160
9503,160
9504,159
9505,160
9506,160
9507,160
9508,160
9509,160
9510,160
9511,160
9512,160
9513,160
9514,160
9515,160
9516,160
9517,159
9518,160
9519,160
9520,160
9521,160
9522,160
9523,160
9524,160
9525,159
9526,159
9527,159
9528,160
9529,160
9530,160
9531,159
9532,159
9533,160
9534,160
9535,159
9536,159
9537,160
9538,160
9539,160
9540,160
9541,160
9542,160
9543,160
9544,160
9545,160
9546,160
9547,160
9548,160
9549,160
9550,160
9551,160
9552,160
9553,160
9554,160
9555,160
9556,160
9557,160
9558,160
9559,160
9560,160
9561,160
9562,160
9563,160
9564,160
9565,160
9566,160
9567,160
9568,160
9569,160
9570,160
9571,160
9572,160
9573,159
9574,159
9575,160
9576,160
9577,160
9578,160
9579,160
9580,160
9581,159
9582,159
9583,159
9584,159
9585,159
9586,159
9587,160
9588,160
9589,160
9590,160
9591,160
9592,160
9593,160
9594,160
9595,160
9596,160
9597,160
9598,160
9599,160
9600,160
9601,160
9602,160
9603,160
9604,160
9605,161
9606,161
9607,161
9608,161
9609,161
9610,161
9611,161
9612,160
9613,161
9614,161
9615,160
9616,160
9617,161
9618,161
9619,160
9620,160
9621,161
9622,161
9623,161
9624,161
9625,161
9626,161
9627,161
9628,161
9629,161
9630,161
9631,161
9632,161
9633,161
9634,161
9635,161
9636,161
9637,161
9638,161
9639,161
9640,161
9641,161
9642,162
9643,162
9644,162
9645,162
9646,161
9647,161
9648,161
9649,161
9650,161
9651,161
9652,161
9653,161
9654,161
9655,160
9656,160
9657,160
9658,160
9659,161
9660,160
9661,160
9662,160
9663,160
9664,160
9665,161
9666,161
9667,161
9668,161
9669,161
9670,161
9671,161
9672,161
9673,161
9674,161
9675,161
9676,161
9677,161
9678,161
9679,161
9680,160
9681,160
9682,161
9683,161
9684,161
9685,161
9686,161
9687,161
9688,161
9689,161
9690,161
9691,160
9692,161
9693,161
9694,161
9695,161
9696,161
9697,161
9698,161
9699,161
9700,161
9701,161
9702,161
9703,161
9704,161
9705,161
9706,161
9707,161
9708,161
9709,161
9710,161
9711,161
9712,161
9713,161
9714,161
9715,161
9716,161
9717,161
9718,161
9719,161
9720,161
9721,161
9722,161
9723,161
9724,161
9725,161
9726,161
9727,161
9728,161
9729,161
9730,161
9731,161
9732,161
9733,161
9734,161
9735,161
9736,161
9737,161
9738,161
9739,162
9740,162
9741,162
9742,162
9743,162
9744,162
9745,162
9746,162
9747,162
9748,162
9749,162
9750,162
9751,161
9752,161
9753,161
9754,161
9755,161
9756,161
9757,161
9758,161
9759,161
9760,161
9761,161
9762,161
9763,161
9764,161
9765,162
9766,162
9767,162
9768,162
9769,162
9770,162
9771,162
9772,162
9773,162
9774,162
9775,162
9776,162
9777,162
9778,162
9779,162
9780,162
9781,162
9782,162
9783,162
9784,162
9785,162
9786,162
9787,162
9788,162
9789,162
9790,162
9791,162
9792,162
9793,162
9794,162
9795,162
9796,162
9797,161
9798,161
9799,161
9800,161
9801,162
9802,162
9803,162
9804,162
9805,162
9806,162
9807,162
9808,162
9809,162
9810,162
9811,162
9812,162
9813,162
9814,162
9815,162
9816,162
9817,162
9818,162
9819,162
9820,162
9821,162
9822,162
9823,162
9824,162
9825,162
9826,162
9827,162
9828,162
9829,162
9830,162
9831,162
9832,162
9833,162
9834,162
9835,162
9836,162
9837,163
9838,163
9839,163
9840,163
9841,163
9842,163
9843,163
9844,163
9845,163
9846,163
9847,163
9848,163
9849,163
9850,163
9851,163
9852,163
9853,163
9854,163
9855,163
9856,163
9857,163
9858,163
9859,163
9860,163
9861,163
9862,163
9863,163
9864,163
9865,163
9866,163
9867,163
9868,162
9869,163
9870,162
9871,163
9872,163
9873,162
9874,162
9875,162
9876,163
9877,163
9878,163
9879,163
9880,163
9881,163
9882,163
9883,162
9884,163
9885,163
9886,163
9887,163
9888,163
9889,163
9890,163
9891,163
9892,163
9893,163
9894,163
9895,163
9896,163
9897,163
9898,163
9899,163
9900,163
9901,163
9902,163
9903,163
9904,163
9905,163
9906,163
9907,163
9908,163
9909,163
9910,163
9911,163
9912,163
9913,163
9914,163
9915,163
9916,163
9917,163
9918,163
9919,163
9920,163
9921,163
9922,163
9923,163
9924,163
9925,163
9926,163
9927,163
9928,163
9929,163
9930,163
9931,163
9932,163
9933,163
9934,163
9935,163
9936,163
9937,163
9938,163
9939,163
9940,163
9941,163
9942,163
9943,162
9944,162
9945,162
9946,162
9947,163
9948,162
9949,162
9950,162
9951,162
9952,162
9953,162
9954,162
9955,162
9956,162
9957,163
9958,163
9959,163
9960,162
9961,162
9962,163
9963,163
9964,163
9965,163
9966,163
9967,163
9968,163
9969,163
9970,163
9971,163
9972,163
9973,163
9974,163
9975,163
9976,163
9977,163
9978,163
9979,163
9980,163
9981,163
9982,163
9983,163
9984,163
9985,163
9986,163
9987,163
9988,163
9989,163
9990,163
9991,163
9992,163
9993,163
9994,162
9995,162
9996,162
9997,163
9998,163
9999,163
