0,150
1,150
2,150
3,150
4,150
5,150
6,149
7,149
8,149
9,149
10,149
11,149
12,149
13,149
14,149
15,150
16,150
17,150
18,150
19,150
20,149
21,149
22,149
23,150
24,149
25,149
26,149
27,149
28,149
29,149
30,149
31,149
32,149
33,149
34,149
35,149
36,149
37,150
38,150
39,150
40,150
41,150
42,150
43,150
44,150
45,150
46,150
47,150
48,150
49,150
50,150
51,150
52,150
53,150
54,150
55,150
56,149
57,149
58,150
59,150
60,150
61,150
62,150
63,150
64,150
65,150
66,150
67,150
68,150
69,150
70,150
71,150
72,150
73,150
74,150
75,150
76,150
77,149
78,149
79,149
80,149
81,149
82,149
83,149
84,149
85,149
86,149
87,149
88,149
89,149
90,149
91,149
92,149
93,149
94,149
95,150
96,150
97,150
98,150
99,150
100,150
101,150
102,150
103,150
104,150
105,150
106,150
107,150
108,150
109,151
110,151
111,151
112,151
113,151
114,151
115,151
116,150
117,150
118,151
119,151
120,151
121,151
122,150
123,150
124,150
125,150
126,150
127,150
128,150
129,150
130,150
131,150
132,150
133,150
134,150
135,150
136,150
137,150
138,150
139,149
140,149
141,150
142,150
143,150
144,150
145,150
146,150
147,150
148,151
149,151
150,151
151,151
152,151
153,151
154,151
155,151
156,151
157,151
158,151
159,151
160,151
161,151
162,151
163,151
164,151
165,151
166,151
167,151
168,151
169,151
170,151
171,151
172,151
173,151
174,151
175,151
176,151
177,151
178,151
179,151
180,151
181,151
182,151
183,151
184,151
185,151
186,151
187,150
188,150
189,150
190,150
191,150
192,150
193,150
194,150
195,150
196,150
197,150
198,150
199,151
200,151
201,151
202,151
203,151
204,151
205,151
206,151
207,151
208,151
209,151
210,151
211,151
212,150
213,151
214,151
215,151
216,151
217,151
218,151
219,151
220,151
221,151
222,151
223,151
224,151
225,150
226,151
227,151
228,151
229,151
230,151
231,150
232,150
233,150
234,150
235,150
236,150
237,150
238,150
239,151
240,150
241,150
242,151
243,151
244,151
245,151
246,151
247,151
248,151
249,151
250,151
251,151
252,151
253,151
254,151
255,151
256,151
257,151
258,151
259,150
260,150
261,150
262,150
263,150
264,150
265,150
266,150
267,150
268,150
269,150
270,150
271,150
272,150
273,150
274,151
275,151
276,151
277,150
278,151
279,151
280,151
281,151
282,151
283,150
284,150
285,150
286,150
287,150
288,150
289,150
290,150
291,150
292,150
293,150
294,150
295,150
296,150
297,150
298,150
299,150
300,150
301,150
302,150
303,151
304,151
305,151
306,151
307,151
308,151
309,151
310,151
311,151
312,151
313,151
314,151
315,151
316,151
317,151
318,151
319,151
320,151
321,151
322,151
323,151
324,151
325,151
326,151
327,151
328,151
329,151
330,151
331,151
332,151
333,151
334,151
335,151
336,151
337,151
338,151
339,151
340,151
341,151
342,151
343,151
344,152
345,152
346,152
347,152
348,152
349,152
350,152
351,152
352,152
353,152
354,152
355,152
356,152
357,152
358,152
359,152
360,152
361,152
362,152
363,152
364,152
365,152
366,151
367,151
368,151
369,151
370,152
371,152
372,152
373,152
374,152
375,152
376,152
377,152
378,152
379,151
380,151
381,151
382,151
383,151
384,151
385,151
386,151
387,151
388,151
389,151
390,151
391,151
392,151
393,151
394,151
395,151
396,151
397,151
398,151
399,151
400,150
401,150
402,150
403,150
404,151
405,151
406,151
407,151
408,150
409,151
410,151
411,151
412,151
413,151
414,151
415,151
416,151
417,151
418,151
419,151
420,151
421,151
422,151
423,151
424,151
425,151
426,151
427,151
428,151
429,151
430,150
431,151
432,151
433,151
434,151
435,151
436,151
437,151
438,151
439,151
440,151
441,151
442,151
443,151
444,151
445,151
446,151
447,151
448,151
449,151
450,151
451,151
452,151
453,151
454,151
455,151
456,151
457,151
458,151
459,151
460,151
461,151
462,151
463,151
464,151
465,151
466,150
467,151
468,151
469,151
470,151
471,151
472,151
473,151
474,151
475,151
476,151
477,151
478,151
479,151
480,151
481,151
482,151
483,151
484,151
485,151
486,151
487,151
488,151
489,150
490,150
491,150
492,150
493,150
494,150
495,150
496,151
497,151
498,151
499,151
500,150
501,151
502,151
503,151
504,151
505,151
506,151
507,151
508,151
509,151
510,151
511,151
512,151
513,151
514,151
515,151
516,151
517,151
518,151
519,151
520,151
521,151
522,151
523,151
524,151
525,151
526,151
527,151
528,151
529,151
530,151
531,150
532,150
533,150
534,150
535,150
536,150
537,150
538,150
539,150
540,150
541,150
542,150
543,150
544,150
545,150
546,150
547,150
548,150
549,150
550,150
551,150
552,150
553,150
554,150
555,150
556,150
557,150
558,150
559,150
560,150
561,150
562,150
563,150
564,150
565,150
566,150
567,150
568,150
569,150
570,150
571,151
572,151
573,151
574,151
575,151
576,151
577,151
578,151
579,151
580,151
581,151
582,151
583,151
584,151
585,151
586,151
587,150
588,150
589,150
590,151
591,151
592,151
593,151
594,151
595,151
596,151
597,150
598,151
599,150
600,150
601,150
602,150
603,150
604,151
605,151
606,151
607,151
608,151
609,151
610,150
611,151
612,151
613,151
614,151
615,151
616,151
617,151
618,151
619,151
620,151
621,151
622,151
623,151
624,151
625,151
626,151
627,151
628,151
629,151
630,151
631,151
632,151
633,151
634,151
635,151
636,150
637,150
638,150
639,150
640,150
641,150
642,150
643,149
644,149
645,149
646,149
647,150
648,150
649,150
650,150
651,150
652,150
653,150
654,150
655,150
656,150
657,150
658,151
659,151
660,150
661,150
662,150
663,150
664,150
665,150
666,150
667,150
668,150
669,150
670,150
671,150
672,150
673,150
674,150
675,150
676,150
677,150
678,150
679,150
680,150
681,150
682,150
683,150
684,150
685,150
686,149
687,149
688,149
689,149
690,149
691,149
692,149
693,149
694,149
695,149
696,149
697,149
698,149
699,149
700,149
701,149
702,149
703,149
704,149
705,149
706,148
707,148
708,148
709,148
710,148
711,148
712,148
713,148
714,149
715,149
716,149
717,149
718,149
719,148
720,148
721,149
722,149
723,148
724,148
725,148
726,148
727,148
728,149
729,149
730,149
731,149
732,149
733,149
734,149
735,149
736,149
737,149
738,149
739,149
740,149
741,149
742,149
743,149
744,149
745,149
746,149
747,149
748,149
749,149
750,149
751,149
752,149
753,149
754,148
755,148
756,149
757,149
758,149
759,149
760,149
761,149
762,149
763,149
764,149
765,149
766,149
767,149
768,149
769,149
770,149
771,149
772,149
773,149
774,149
775,149
776,149
777,149
778,149
779,149
780,149
781,149
782,149
783,149
784,149
785,149
786,149
787,149
788,149
789,149
790,149
791,149
792,149
793,149
794,149
795,149
796,149
797,149
798,149
799,149
800,149
801,149
802,149
803,148
804,149
805,149
806,149
807,149
808,149
809,149
810,149
811,149
812,149
813,149
814,148
815,148
816,148
817,149
818,149
819,149
820,149
821,149
822,149
823,149
824,149
825,149
826,149
827,149
828,149
829,149
830,149
831,149
832,149
833,148
834,148
835,148
836,148
837,148
838,149
839,149
840,149
841,149
842,149
843,149
844,149
845,149
846,149
847,149
848,149
849,149
850,149
851,149
852,149
853,149
854,149
855,149
856,149
857,149
858,149
859,149
860,149
861,149
862,149
863,150
864,149
865,149
866,149
867,149
868,149
869,150
870,150
871,149
872,150
873,150
874,150
875,150
876,150
877,150
878,150
879,150
880,150
881,150
882,150
883,150
884,150
885,150
886,150
887,150
888,150
889,150
890,150
891,150
892,150
893,151
894,151
895,151
896,151
897,151
898,151
899,150
900,151
901,151
902,151
903,151
904,150
905,150
906,150
907,150
908,150
909,150
910,150
911,151
912,151
913,150
914,151
915,151
916,151
917,151
918,151
919,151
920,151
921,151
922,151
923,151
924,151
925,151
926,151
927,151
928,151
929,151
930,151
931,151
932,151
933,151
934,150
935,150
936,150
937,150
938,150
939,150
940,150
941,150
942,150
943,150
944,150
945,150
946,150
947,150
948,150
949,150
950,150
951,150
952,150
953,150
954,150
955,150
956,150
957,150
958,150
959,150
960,150
961,150
962,150
963,150
964,150
965,150
966,150
967,150
968,150
969,150
970,150
971,150
972,150
973,150
974,150
975,150
976,150
977,150
978,150
979,150
980,150
981,150
982,150
983,150
984,150
985,150
986,150
987,150
988,150
989,150
990,150
991,150
992,149
993,149
994,149
995,149
996,150
997,150
998,150
999,150
1000,150
1001,150
1002,150
1003,150
1004,150
1005,150
1006,150
1007,150
1008,149
1009,149
1010,149
1011,149
1012,149
1013,150
1014,150
1015,150
1016,150
1017,150
1018,150
1019,150
1020,150
1021,150
1022,150
1023,150
1024,150
1025,150
1026,150
1027,150
1028,150
1029,150
1030,150
1031,150
1032,150
1033,150
1034,150
1035,150
1036,150
1037,149
1038,149
1039,150
1040,150
1041,150
1042,150
1043,150
1044,150
1045,150
1046,150
1047,149
1048,149
1049,149
1050,149
1051,149
1052,149
1053,149
1054,149
1055,149
1056,149
1057,149
1058,149
1059,149
1060,149
1061,149
1062,149
1063,150
1064,149
1065,149
1066,149
1067,149
1068,149
1069,149
1070,150
1071,150
1072,150
1073,150
1074,150
1075,149
1076,150
1077,150
1078,150
1079,150
1080,149
1081,149
1082,149
1083,148
1084,148
1085,148
1086,148
1087,148
1088,148
1089,148
1090,149
1091,148
1092,148
1093,148
1094,148
1095,149
1096,149
1097,149
1098,149
1099,149
1100,148
1101,148
1102,148
1103,148
1104,148
1105,148
1106,148
1107,148
1108,148
1109,148
1110,148
1111,148
1112,148
1113,148
1114,148
1115,148
1116,148
1117,148
1118,148
1119,148
1120,148
1121,148
1122,148
1123,148
1124,148
1125,148
1126,148
1127,148
1128,148
1129,148
1130,148
1131,147
1132,147
1133,148
1134,148
1135,148
1136,148
1137,148
1138,148
1139,148
1140,148
1141,147
1142,147
1143,147
1144,147
1145,147
1146,147
1147,147
1148,147
1149,148
1150,148
1151,148
1152,148
1153,148
1154,148
1155,148
1156,148
1157,148
1158,148
1159,148
1160,148
1161,149
1162,149
1163,149
1164,149
1165,149
1166,149
1167,148
1168,148
1169,148
1170,148
1171,148
1172,148
1173,148
1174,148
1175,148
1176,148
1177,148
1178,148
1179,148
1180,148
1181,148
1182,148
1183,148
1184,148
1185,148
1186,148
1187,148
1188,148
1189,148
1190,148
1191,148
1192,148
1193,148
1194,148
1195,148
1196,148
1197,148
1198,148
1199,148
1200,148
1201,148
1202,148
1203,148
1204,148
1205,148
1206,148
1207,148
1208,148
1209,148
1210,148
1211,148
1212,148
1213,148
1214,148
1215,148
1216,148
1217,148
1218,148
1219,148
1220,148
1221,147
1222,147
1223,147
1224,147
1225,147
1226,147
1227,147
1228,147
1229,147
1230,147
1231,147
1232,147
1233,147
1234,147
1235,147
1236,147
1237,147
1238,146
1239,146
1240,146
1241,146
1242,146
1243,146
1244,146
1245,146
1246,146
1247,146
1248,146
1249,146
1250,146
1251,146
1252,146
1253,146
1254,146
1255,146
1256,146
1257,146
1258,146
1259,146
1260,146
1261,146
1262,146
1263,146
1264,146
1265,146
1266,146
1267,146
1268,146
1269,146
1270,146
1271,146
1272,146
1273,146
1274,146
1275,146
1276,146
1277,146
1278,146
1279,145
1280,146
1281,145
1282,145
1283,145
1284,145
1285,145
1286,145
1287,145
1288,145
1289,145
1290,145
1291,145
1292,145
1293,145
1294,145
1295,145
1296,145
1297,145
1298,145
1299,145
1300,145
1301,145
1302,145
1303,145
1304,145
1305,145
1306,145
1307,145
1308,145
1309,145
1310,145
1311,145
1312,145
1313,145
1314,145
1315,145
1316,145
1317,146
1318,146
1319,146
1320,146
1321,146
1322,146
1323,146
1324,146
1325,146
1326,146
1327,146
1328,146
1329,146
1330,146
1331,146
1332,146
1333,146
1334,146
1335,146
1336,146
1337,146
1338,146
1339,146
1340,146
1341,146
1342,146
1343,146
1344,146
1345,146
1346,145
1347,145
1348,145
1349,146
1350,145
1351,145
1352,145
1353,145
1354,145
1355,145
1356,145
1357,145
1358,145
1359,145
1360,145
1361,145
1362,145
1363,145
1364,145
1365,145
1366,145
1367,144
1368,145
1369,145
1370,145
1371,145
1372,145
1373,145
1374,145
1375,145
1376,145
1377,145
1378,145
1379,145
1380,145
1381,144
1382,144
1383,144
1384,144
1385,144
1386,145
1387,145
1388,145
1389,145
1390,145
1391,145
1392,145
1393,145
1394,145
1395,145
1396,145
1397,145
1398,145
1399,145
1400,145
1401,145
1402,145
1403,145
1404,145
1405,145
1406,145
1407,145
1408,145
1409,145
1410,145
1411,145
1412,145
1413,145
1414,145
1415,145
1416,145
1417,145
1418,145
1419,145
1420,145
1421,145
1422,145
1423,144
1424,144
1425,145
1426,145
1427,145
1428,144
1429,145
1430,145
1431,145
1432,145
1433,145
1434,145
1435,145
1436,145
1437,146
1438,146
1439,146
1440,145
1441,145
1442,145
1443,146
1444,146
1445,146
1446,146
1447,145
1448,145
1449,145
1450,145
1451,145
1452,145
1453,145
1454,145
1455,145
1456,145
1457,145
1458,145
1459,145
1460,145
1461,145
1462,145
1463,145
1464,145
1465,145
1466,145
1467,145
1468,145
1469,145
1470,145
1471,145
1472,145
1473,145
1474,145
1475,145
1476,145
1477,145
1478,145
1479,144
1480,144
1481,144
1482,144
1483,144
1484,144
1485,144
1486,144
1487,143
1488,144
1489,143
1490,143
1491,143
1492,143
1493,144
1494,143
1495,143
1496,144
1497,143
1498,143
1499,143
1500,144
1501,144
1502,144
1503,144
1504,144
1505,144
1506,144
1507,144
1508,143
1509,143
1510,143
1511,143
1512,143
1513,143
1514,144
1515,143
1516,143
1517,144
1518,144
1519,144
1520,144
1521,144
1522,144
1523,144
1524,144
1525,144
1526,144
1527,144
1528,144
1529,144
1530,144
1531,143
1532,143
1533,143
1534,144
1535,143
1536,144
1537,144
1538,144
1539,144
1540,144
1541,144
1542,144
1543,144
1544,144
1545,144
1546,144
1547,144
1548,144
1549,144
1550,144
1551,144
1552,144
1553,144
1554,144
1555,144
1556,144
1557,144
1558,144
1559,144
1560,144
1561,144
1562,144
1563,144
1564,144
1565,144
1566,143
1567,143
1568,143
1569,144
1570,144
1571,144
1572,144
1573,144
1574,144
1575,144
1576,144
1577,144
1578,144
1579,144
1580,144
1581,144
1582,144
1583,144
1584,144
1585,144
1586,144
1587,144
1588,144
1589,144
1590,144
1591,144
1592,144
1593,144
1594,144
1595,144
1596,144
1597,144
1598,144
1599,144
1600,144
1601,144
1602,144
1603,144
1604,144
1605,144
1606,144
1607,144
1608,144
1609,144
1610,144
1611,144
1612,144
1613,144
1614,144
1615,144
1616,144
1617,144
1618,144
1619,144
1620,144
1621,144
1622,144
1623,144
1624,144
1625,144
1626,144
1627,144
1628,144
1629,144
1630,144
1631,144
1632,144
1633,144
1634,144
1635,144
1636,144
1637,144
1638,144
1639,144
1640,144
1641,144
1642,143
1643,143
1644,144
1645,144
1646,144
1647,144
1648,144
1649,144
1650,144
1651,144
1652,144
1653,144
1654,144
1655,144
1656,144
1657,144
1658,144
1659,144
1660,144
1661,144
1662,144
1663,144
1664,144
1665,144
1666,144
1667,144
1668,144
1669,144
1670,144
1671,144
1672,145
1673,145
1674,145
1675,145
1676,145
1677,145
1678,145
1679,145
1680,145
1681,145
1682,145
1683,145
1684,145
1685,145
1686,145
1687,145
1688,145
1689,144
1690,144
1691,144
1692,144
1693,144
1694,144
1695,145
1696,145
1697,145
1698,145
1699,145
1700,145
1701,145
1702,145
1703,145
1704,145
1705,145
1706,145
1707,145
1708,145
1709,145
1710,145
1711,145
1712,145
1713,145
1714,145
1715,145
1716,145
1717,145
1718,145
1719,145
1720,145
1721,145
1722,145
1723,145
1724,145
1725,145
1726,145
1727,145
1728,145
1729,145
1730,145
1731,145
1732,145
1733,145
1734,145
1735,145
1736,145
1737,145
1738,144
1739,145
1740,145
1741,145
1742,145
1743,145
1744,144
1745,144
1746,144
1747,144
1748,144
1749,144
1750,144
1751,144
1752,144
1753,144
1754,144
1755,144
1756,143
1757,144
1758,144
1759,144
1760,144
1761,144
1762,144
1763,144
1764,144
1765,144
1766,144
1767,143
1768,144
1769,144
1770,144
1771,144
1772,144
1773,144
1774,144
1775,144
1776,144
1777,144
1778,143
1779,143
1780,143
1781,143
1782,144
1783,144
1784,144
1785,144
1786,144
1787,143
1788,143
1789,143
1790,144
1791,144
1792,144
1793,144
1794,144
1795,144
1796,143
1797,144
1798,144
1799,144
1800,144
1801,144
1802,144
1803,143
1804,144
1805,144
1806,144
1807,144
1808,144
1809,144
1810,144
1811,144
1812,144
1813,144
1814,144
1815,144
1816,144
1817,144
1818,144
1819,144
1820,144
1821,144
1822,144
1823,144
1824,144
1825,144
1826,144
1827,144
1828,143
1829,143
1830,143
1831,143
1832,143
1833,143
1834,143
1835,143
1836,143
1837,143
1838,143
1839,143
1840,143
1841,143
1842,143
1843,143
1844,143
1845,143
1846,143
1847,143
1848,143
1849,143
1850,143
1851,143
1852,143
1853,143
1854,143
1855,143
1856,143
1857,143
1858,143
1859,143
1860,143
1861,143
1862,143
1863,143
1864,143
1865,142
1866,142
1867,142
1868,143
1869,143
1870,143
1871,143
1872,143
1873,143
1874,143
1875,143
1876,143
1877,143
1878,143
1879,143
1880,142
1881,142
1882,142
1883,142
1884,142
1885,142
1886,142
1887,142
1888,142
1889,142
1890,142
1891,142
1892,142
1893,142
1894,142
1895,142
1896,142
1897,142
1898,142
1899,142
1900,142
1901,142
1902,142
1903,142
1904,142
1905,142
1906,142
1907,142
1908,142
1909,142
1910,142
1911,142
1912,141
1913,142
1914,142
1915,142
1916,141
1917,141
1918,141
1919,141
1920,141
1921,141
1922,142
1923,142
1924,142
1925,142
1926,142
1927,142
1928,142
1929,142
1930,142
1931,142
1932,143
1933,143
1934,143
1935,143
1936,142
1937,143
1938,142
1939,142
1940,142
1941,142
1942,142
1943,142
1944,142
1945,142
1946,142
1947,142
1948,142
1949,142
1950,142
1951,142
1952,142
1953,142
1954,141
1955,142
1956,142
1957,142
1958,142
1959,142
1960,143
1961,142
1962,142
1963,142
1964,142
1965,142
1966,142
1967,142
1968,142
1969,143
1970,143
1971,143
1972,143
1973,143
1974,143
1975,143
1976,144
1977,144
1978,144
1979,144
1980,143
1981,143
1982,143
1983,143
1984,143
1985,143
1986,143
1987,143
1988,143
1989,143
1990,143
1991,143
1992,143
1993,143
1994,143
1995,143
1996,143
1997,144
1998,143
1999,143
2000,143
2001,143
2002,143
2003,143
2004,143
2005,143
2006,143
2007,143
2008,143
2009,143
2010,142
2011,142
2012,142
2013,142
2014,142
2015,142
2016,142
2017,142
2018,142
2019,142
2020,142
2021,142
2022,142
2023,143
2024,143
2025,142
2026,142
2027,142
2028,142
2029,142
2030,142
2031,142
2032,142
2033,143
2034,143
2035,143
2036,143
2037,143
2038,143
2039,143
2040,143
2041,142
2042,143
2043,142
2044,142
2045,142
2046,142
2047,143
2048,143
2049,143
2050,143
2051,143
2052,143
2053,143
2054,142
2055,142
2056,142
2057,142
2058,142
2059,142
2060,142
2061,142
2062,142
2063,142
2064,142
2065,142
2066,143
2067,142
2068,143
2069,143
2070,143
2071,142
2072,142
2073,142
2074,142
2075,142
2076,142
2077,142
2078,142
2079,142
2080,142
2081,142
2082,143
2083,142
2084,143
2085,143
2086,143
2087,143
2088,142
2089,142
2090,142
2091,142
2092,142
2093,143
2094,143
2095,143
2096,143
2097,143
2098,143
2099,143
2100,143
2101,143
2102,143
2103,143
2104,143
2105,143
2106,143
2107,143
2108,143
2109,143
2110,142
2111,142
2112,143
2113,143
2114,143
2115,143
2116,143
2117,143
2118,143
2119,143
2120,142
2121,142
2122,142
2123,142
2124,142
2125,142
2126,142
2127,142
2128,142
2129,142
2130,142
2131,142
2132,141
2133,141
2134,142
2135,142
2136,142
2137,142
2138,142
2139,142
2140,142
2141,142
2142,142
2143,142
2144,142
2145,142
2146,142
2147,142
2148,142
2149,143
2150,143
2151,143
2152,142
2153,142
2154,142
2155,142
2156,142
2157,142
2158,142
2159,142
2160,142
2161,142
2162,142
2163,142
2164,141
2165,141
2166,142
2167,142
2168,142
2169,142
2170,142
2171,142
2172,142
2173,142
2174,143
2175,143
2176,143
2177,143
2178,143
2179,143
2180,143
2181,143
2182,142
2183,142
2184,142
2185,143
2186,143
2187,143
2188,143
2189,143
2190,143
2191,143
2192,143
2193,143
2194,143
2195,143
2196,143
2197,143
2198,143
2199,143
2200,143
2201,143
2202,143
2203,143
2204,143
2205,143
2206,143
2207,143
2208,144
2209,144
2210,144
2211,144
2212,144
2213,144
2214,144
2215,144
2216,144
2217,144
2218,144
2219,144
2220,144
2221,144
2222,144
2223,144
2224,144
2225,143
2226,143
2227,143
2228,143
2229,143
2230,143
2231,143
2232,144
2233,144
2234,144
2235,144
2236,144
2237,144
2238,144
2239,144
2240,144
2241,144
2242,144
2243,144
2244,144
2245,144
2246,143
2247,143
2248,143
2249,143
2250,143
2251,143
2252,144
2253,144
2254,144
2255,144
2256,144
2257,144
2258,144
2259,144
2260,144
2261,144
2262,144
2263,144
2264,145
2265,145
2266,145
2267,145
2268,145
2269,145
2270,145
2271,145
2272,145
2273,145
2274,145
2275,145
2276,145
2277,145
2278,146
2279,145
2280,146
2281,146
2282,146
2283,146
2284,146
2285,146
2286,146
2287,146
2288,146
2289,146
2290,146
2291,146
2292,146
2293,146
2294,146
2295,146
2296,146
2297,146
2298,146
2299,146
2300,146
2301,146
2302,146
2303,146
2304,146
2305,146
2306,146
2307,146
2308,146
2309,145
2310,145
2311,145
2312,145
2313,145
2314,145
2315,145
2316,145
2317,145
2318,145
2319,145
2320,146
2321,146
2322,145
2323,146
2324,146
2325,146
2326,146
2327,145
2328,145
2329,145
2330,145
2331,145
2332,145
2333,145
2334,145
2335,145
2336,145
2337,145
2338,145
2339,145
2340,145
2341,145
2342,145
2343,145
2344,144
2345,144
2346,144
2347,144
2348,144
2349,144
2350,144
2351,144
2352,144
2353,144
2354,144
2355,144
2356,144
2357,143
2358,143
2359,143
2360,143
2361,143
2362,143
2363,143
2364,143
2365,143
2366,143
2367,143
2368,144
2369,144
2370,144
2371,144
2372,144
2373,144
2374,144
2375,144
2376,144
2377,144
2378,144
2379,144
2380,144
2381,144
2382,144
2383,144
2384,144
2385,144
2386,144
2387,144
2388,144
2389,144
2390,144
2391,144
2392,144
2393,144
2394,144
2395,144
2396,144
2397,144
2398,144
2399,144
2400,144
2401,144
2402,144
2403,144
2404,144
2405,144
2406,144
2407,144
2408,144
2409,144
2410,144
2411,144
2412,144
2413,144
2414,144
2415,144
2416,144
2417,144
2418,144
2419,144
2420,144
2421,144
2422,144
2423,144
2424,144
2425,144
2426,144
2427,144
2428,144
2429,144
2430,144
2431,144
2432,144
2433,144
2434,144
2435,144
2436,144
2437,144
2438,144
2439,144
2440,144
2441,144
2442,144
2443,144
2444,144
2445,144
2446,144
2447,144
2448,144
2449,144
2450,144
2451,144
2452,144
2453,144
2454,144
2455,145
2456,145
2457,144
2458,145
2459,144
2460,144
2461,144
2462,144
2463,144
2464,145
2465,145
2466,145
2467,144
2468,144
2469,144
2470,144
2471,144
2472,144
2473,144
2474,144
2475,144
2476,144
2477,144
2478,144
2479,144
2480,144
2481,144
2482,144
2483,144
2484,144
2485,144
2486,144
2487,144
2488,145
2489,144
2490,144
2491,145
2492,145
2493,145
2494,145
2495,145
2496,145
2497,145
2498,144
2499,144
2500,144
2501,145
2502,145
2503,145
2504,145
2505,145
2506,145
2507,145
2508,145
2509,145
2510,145
2511,145
2512,145
2513,145
2514,144
2515,145
2516,145
2517,145
2518,145
2519,145
2520,145
2521,145
2522,145
2523,145
2524,145
2525,145
2526,145
2527,145
2528,145
2529,145
2530,145
2531,145
2532,145
2533,145
2534,145
2535,144
2536,144
2537,144
2538,144
2539,144
2540,145
2541,145
2542,145
2543,145
2544,145
2545,145
2546,145
2547,145
2548,145
2549,145
2550,144
2551,145
2552,145
2553,145
2554,145
2555,145
2556,145
2557,145
2558,145
2559,145
2560,145
2561,145
2562,145
2563,145
2564,145
2565,145
2566,145
2567,145
2568,145
2569,145
2570,145
2571,145
2572,145
2573,145
2574,145
2575,145
2576,145
2577,145
2578,145
2579,144
2580,144
2581,144
2582,144
2583,144
2584,144
2585,144
2586,144
2587,144
2588,145
2589,145
2590,145
2591,145
2592,145
2593,145
2594,145
2595,145
2596,145
2597,145
2598,145
2599,145
2600,145
2601,145
2602,145
2603,145
2604,145
2605,145
2606,145
2607,145
2608,144
2609,144
2610,144
2611,144
2612,144
2613,144
2614,144
2615,144
2616,144
2617,144
2618,144
2619,144
2620,144
2621,144
2622,144
2623,144
2624,144
2625,144
2626,144
2627,144
2628,144
2629,144
2630,144
2631,144
2632,144
2633,144
2634,144
2635,145
2636,145
2637,145
2638,145
2639,145
2640,145
2641,146
2642,146
2643,146
2644,146
2645,145
2646,145
2647,145
2648,145
2649,145
2650,145
2651,145
2652,145
2653,144
2654,144
2655,145
2656,145
2657,145
2658,145
2659,145
2660,145
2661,145
2662,145
2663,145
2664,145
2665,145
2666,145
2667,145
2668,145
2669,145
2670,145
2671,145
2672,145
2673,145
2674,145
2675,145
2676,145
2677,145
2678,145
2679,145
2680,145
2681,145
2682,145
2683,144
2684,144
2685,144
2686,144
2687,144
2688,144
2689,144
2690,145
2691,145
2692,145
2693,145
2694,145
2695,144
2696,144
2697,144
2698,145
2699,144
2700,145
2701,145
2702,145
2703,145
2704,145
2705,145
2706,145
2707,145
2708,145
2709,145
2710,145
2711,145
2712,145
2713,145
2714,145
2715,145
2716,145
2717,145
2718,145
2719,145
2720,145
2721,145
2722,145
2723,145
2724,145
2725,145
2726,145
2727,145
2728,145
2729,145
2730,145
2731,145
2732,145
2733,145
2734,145
2735,145
2736,145
2737,145
2738,145
2739,145
2740,145
2741,145
2742,145
2743,145
2744,145
2745,145
2746,145
2747,145
2748,145
2749,145
2750,145
2751,145
2752,145
2753,145
2754,145
2755,145
2756,145
2757,145
2758,145
2759,145
2760,145
2761,145
2762,145
2763,145
2764,145
2765,145
2766,145
2767,145
2768,145
2769,145
2770,145
2771,145
2772,145
2773,145
2774,145
2775,145
2776,144
2777,144
2778,144
2779,144
2780,144
2781,144
2782,144
2783,144
2784,144
2785,145
2786,144
2787,144
2788,144
2789,144
2790,144
2791,144
2792,143
2793,143
2794,143
2795,143
2796,144
2797,143
2798,143
2799,143
2800,143
2801,143
2802,143
2803,143
2804,143
2805,143
2806,143
2807,143
2808,143
2809,143
2810,143
2811,143
2812,143
2813,143
2814,143
2815,143
2816,143
2817,143
2818,143
2819,143
2820,143
2821,143
2822,143
2823,143
2824,143
2825,143
2826,143
2827,143
2828,143
2829,143
2830,143
2831,143
2832,143
2833,143
2834,143
2835,143
2836,143
2837,143
2838,143
2839,143
2840,143
2841,143
2842,143
2843,143
2844,143
2845,143
2846,143
2847,142
2848,143
2849,143
2850,143
2851,143
2852,143
2853,143
2854,143
2855,143
2856,143
2857,143
2858,143
2859,144
2860,144
2861,144
2862,144
2863,144
2864,144
2865,144
2866,143
2867,143
2868,144
2869,144
2870,144
2871,144
2872,143
2873,143
2874,143
2875,143
2876,143
2877,143
2878,143
2879,143
2880,143
2881,143
2882,143
2883,144
2884,144
2885,144
2886,143
2887,144
2888,144
2889,144
2890,144
2891,144
2892,144
2893,144
2894,144
2895,144
2896,144
2897,144
2898,144
2899,144
2900,144
2901,144
2902,144
2903,144
2904,143
2905,143
2906,143
2907,143
2908,144
2909,144
2910,144
2911,144
2912,144
2913,144
2914,144
2915,144
2916,144
2917,144
2918,144
2919,144
2920,144
2921,144
2922,144
2923,144
2924,144
2925,144
2926,144
2927,144
2928,144
2929,144
2930,144
2931,144
2932,144
2933,144
2934,144
2935,143
2936,143
2937,143
2938,143
2939,143
2940,143
2941,143
2942,143
2943,143
2944,143
2945,144
2946,144
2947,143
2948,143
2949,143
2950,143
2951,143
2952,143
2953,143
2954,143
2955,143
2956,143
2957,143
2958,143
2959,143
2960,143
2961,143
2962,143
2963,143
2964,143
2965,144
2966,144
2967,144
2968,144
2969,144
2970,144
2971,144
2972,144
2973,144
2974,144
2975,144
2976,144
2977,144
2978,144
2979,144
2980,144
2981,144
2982,144
2983,144
2984,144
2985,144
2986,144
2987,144
2988,144
2989,144
2990,144
2991,144
2992,144
2993,144
2994,144
2995,144
2996,144
2997,144
2998,143
2999,143
3000,143
3001,143
3002,143
3003,143
3004,144
3005,144
3006,144
3007,144
3008,143
3009,144
3010,144
3011,144
3012,144
3013,144
3014,144
3015,144
3016,144
3017,144
3018,144
3019,144
3020,144
3021,144
3022,144
3023,144
3024,144
3025,144
3026,144
3027,144
3028,144
3029,144
3030,144
3031,144
3032,144
3033,144
3034,144
3035,144
3036,144
3037,144
3038,143
3039,144
3040,144
3041,144
3042,144
3043,144
3044,144
3045,144
3046,144
3047,144
3048,144
3049,144
3050,144
3051,144
3052,144
3053,144
3054,144
3055,144
3056,144
3057,144
3058,144
3059,144
3060,144
3061,144
3062,144
3063,144
3064,144
3065,144
3066,145
3067,145
3068,145
3069,145
3070,145
3071,145
3072,145
3073,145
3074,144
3075,144
3076,144
3077,145
3078,144
3079,144
3080,144
3081,145
3082,145
3083,145
3084,145
3085,145
3086,145
3087,145
3088,145
3089,145
3090,144
3091,144
3092,145
3093,145
3094,145
3095,145
3096,145
3097,145
3098,145
3099,144
3100,144
3101,144
3102,144
3103,144
3104,144
3105,144
3106,144
3107,144
3108,144
3109,144
3110,144
3111,144
3112,144
3113,144
3114,144
3115,144
3116,144
3117,144
3118,144
3119,144
3120,144
3121,144
3122,144
3123,144
3124,144
3125,143
3126,144
3127,144
3128,144
3129,144
3130,144
3131,144
3132,144
3133,144
3134,144
3135,144
3136,144
3137,144
3138,144
3139,144
3140,144
3141,144
3142,144
3143,143
3144,143
3145,144
3146,144
3147,144
3148,144
3149,144
3150,144
3151,144
3152,144
3153,144
3154,144
3155,144
3156,144
3157,144
3158,144
3159,144
3160,144
3161,144
3162,144
3163,144
3164,144
3165,144
3166,144
3167,144
3168,144
3169,144
3170,144
3171,144
3172,144
3173,144
3174,144
3175,144
3176,144
3177,144
3178,144
3179,144
3180,144
3181,144
3182,144
3183,144
3184,144
3185,144
3186,144
3187,144
3188,144
3189,144
3190,144
3191,144
3192,144
3193,144
3194,144
3195,144
3196,145
3197,145
3198,145
3199,145
3200,145
3201,145
3202,145
3203,145
3204,145
3205,145
3206,145
3207,145
3208,144
3209,144
3210,144
3211,144
3212,144
3213,144
3214,144
3215,144
3216,144
3217,144
3218,144
3219,144
3220,144
3221,144
3222,144
3223,144
3224,144
3225,144
3226,144
3227,144
3228,144
3229,144
3230,144
3231,144
3232,144
3233,144
3234,144
3235,144
3236,144
3237,144
3238,144
3239,144
3240,144
3241,144
3242,144
3243,144
3244,144
3245,144
3246,144
3247,144
3248,144
3249,144
3250,144
3251,144
3252,144
3253,144
3254,144
3255,144
3256,144
3257,145
3258,144
3259,145
3260,144
3261,144
3262,144
3263,144
3264,144
3265,144
3266,144
3267,144
3268,144
3269,144
3270,144
3271,144
3272,144
3273,144
3274,144
3275,144
3276,144
3277,144
3278,144
3279,144
3280,143
3281,143
3282,144
3283,144
3284,144
3285,144
3286,144
3287,144
3288,144
3289,144
3290,144
3291,143
3292,144
3293,144
3294,144
3295,144
3296,144
3297,143
3298,143
3299,143
3300,143
3301,143
3302,143
3303,143
3304,143
3305,143
3306,143
3307,143
3308,143
3309,143
3310,143
3311,143
3312,143
3313,143
3314,142
3315,142
3316,142
3317,142
3318,142
3319,143
3320,142
3321,142
3322,142
3323,142
3324,143
3325,143
3326,143
3327,143
3328,143
3329,143
3330,143
3331,143
3332,143
3333,143
3334,143
3335,143
3336,143
3337,143
3338,143
3339,143
3340,143
3341,143
3342,143
3343,142
3344,142
3345,142
3346,142
3347,142
3348,142
3349,142
3350,142
3351,142
3352,142
3353,142
3354,142
3355,142
3356,142
3357,142
3358,142
3359,142
3360,142
3361,142
3362,142
3363,142
3364,142
3365,142
3366,142
3367,142
3368,143
3369,143
3370,143
3371,143
3372,142
3373,142
3374,142
3375,143
3376,143
3377,143
3378,143
3379,143
3380,143
3381,143
3382,142
3383,142
3384,143
3385,143
3386,143
3387,143
3388,143
3389,143
3390,143
3391,142
3392,142
3393,142
3394,142
3395,142
3396,142
3397,142
3398,142
3399,142
3400,143
3401,143
3402,143
3403,143
3404,143
3405,143
3406,143
3407,143
3408,143
3409,143
3410,143
3411,142
3412,142
3413,142
3414,142
3415,142
3416,142
3417,142
3418,142
3419,142
3420,142
3421,142
3422,142
3423,142
3424,142
3425,142
3426,142
3427,142
3428,142
3429,142
3430,142
3431,142
3432,142
3433,142
3434,142
3435,142
3436,142
3437,142
3438,142
3439,142
3440,142
3441,143
3442,143
3443,143
3444,143
3445,143
3446,143
3447,143
3448,143
3449,142
3450,142
3451,142
3452,142
3453,142
3454,143
3455,143
3456,143
3457,143
3458,143
3459,143
3460,143
3461,143
3462,143
3463,143
3464,143
3465,143
3466,143
3467,143
3468,143
3469,143
3470,143
3471,143
3472,143
3473,143
3474,143
3475,143
3476,143
3477,143
3478,142
3479,143
3480,143
3481,143
3482,143
3483,143
3484,143
3485,143
3486,143
3487,143
3488,143
3489,143
3490,143
3491,143
3492,143
3493,143
3494,143
3495,142
3496,142
3497,142
3498,142
3499,142
3500,142
3501,142
3502,142
3503,142
3504,143
3505,143
3506,143
3507,143
3508,143
3509,143
3510,143
3511,143
3512,143
3513,143
3514,143
3515,142
3516,142
3517,142
3518,142
3519,142
3520,142
3521,142
3522,142
3523,142
3524,142
3525,142
3526,142
3527,142
3528,142
3529,142
3530,142
3531,142
3532,142
3533,142
3534,142
3535,142
3536,142
3537,142
3538,143
3539,143
3540,143
3541,143
3542,143
3543,143
3544,143
3545,143
3546,143
3547,143
3548,143
3549,143
3550,143
3551,143
3552,143
3553,143
3554,142
3555,143
3556,143
3557,143
3558,143
3559,143
3560,143
3561,143
3562,143
3563,143
3564,143
3565,143
3566,142
3567,143
3568,143
3569,143
3570,143
3571,143
3572,143
3573,143
3574,143
3575,143
3576,143
3577,143
3578,143
3579,143
3580,142
3581,143
3582,143
3583,143
3584,142
3585,142
3586,143
3587,143
3588,143
3589,143
3590,143
3591,143
3592,143
3593,143
3594,143
3595,143
3596,143
3597,143
3598,143
3599,143
3600,143
3601,143
3602,143
3603,143
3604,144
3605,143
3606,143
3607,143
3608,143
3609,143
3610,143
3611,143
3612,143
3613,143
3614,143
3615,143
3616,143
3617,143
3618,143
3619,143
3620,143
3621,143
3622,143
3623,143
3624,143
3625,143
3626,143
3627,143
3628,143
3629,143
3630,143
3631,143
3632,143
3633,143
3634,143
3635,143
3636,143
3637,143
3638,142
3639,142
3640,142
3641,143
3642,143
3643,143
3644,143
3645,143
3646,143
3647,143
3648,143
3649,143
3650,143
3651,142
3652,143
3653,143
3654,143
3655,143
3656,143
3657,143
3658,143
3659,143
3660,143
3661,143
3662,142
3663,142
3664,142
3665,143
3666,143
3667,143
3668,143
3669,143
3670,143
3671,142
3672,142
3673,142
3674,142
3675,142
3676,142
3677,142
3678,142
3679,142
3680,142
3681,142
3682,142
3683,142
3684,142
3685,142
3686,142
3687,142
3688,142
3689,142
3690,142
3691,142
3692,142
3693,142
3694,142
3695,142
3696,142
3697,142
3698,142
3699,142
3700,142
3701,142
3702,142
3703,142
3704,142
3705,142
3706,142
3707,142
3708,142
3709,142
3710,142
3711,142
3712,142
3713,142
3714,142
3715,142
3716,142
3717,142
3718,142
3719,142
3720,142
3721,142
3722,142
3723,142
3724,142
3725,142
3726,143
3727,142
3728,142
3729,143
3730,143
3731,143
3732,142
3733,142
3734,143
3735,143
3736,142
3737,142
3738,143
3739,143
3740,143
3741,143
3742,143
3743,143
3744,143
3745,143
3746,143
3747,143
3748,143
3749,143
3750,143
3751,143
3752,143
3753,143
3754,143
3755,143
3756,143
3757,143
3758,143
3759,143
3760,143
3761,143
3762,143
3763,143
3764,143
3765,143
3766,143
3767,143
3768,143
3769,143
3770,143
3771,143
3772,144
3773,144
3774,143
3775,143
3776,143
3777,143
3778,143
3779,143
3780,143
3781,143
3782,144
3783,144
3784,144
3785,143
3786,144
3787,144
3788,144
3789,144
3790,144
3791,144
3792,144
3793,144
3794,143
3795,143
3796,143
3797,143
3798,143
3799,143
3800,143
3801,143
3802,142
3803,143
3804,143
3805,143
3806,143
3807,143
3808,143
3809,143
3810,143
3811,143
3812,143
3813,143
3814,143
3815,143
3816,143
3817,143
3818,143
3819,143
3820,143
3821,143
3822,143
3823,143
3824,143
3825,143
3826,143
3827,143
3828,143
3829,143
3830,143
3831,144
3832,143
3833,143
3834,143
3835,143
3836,142
3837,142
3838,143
3839,142
3840,142
3841,143
3842,142
3843,142
3844,142
3845,142
3846,142
3847,142
3848,142
3849,142
3850,142
3851,142
3852,142
3853,142
3854,142
3855,142
3856,142
3857,142
3858,142
3859,142
3860,142
3861,142
3862,142
3863,142
3864,142
3865,142
3866,142
3867,142
3868,142
3869,142
3870,142
3871,142
3872,142
3873,142
3874,142
3875,142
3876,142
3877,142
3878,142
3879,142
3880,142
3881,142
3882,142
3883,142
3884,142
3885,142
3886,142
3887,142
3888,142
3889,142
3890,141
3891,141
3892,141
3893,142
3894,142
3895,142
3896,142
3897,142
3898,142
3899,142
3900,142
3901,142
3902,142
3903,142
3904,141
3905,141
3906,141
3907,141
3908,141
3909,141
3910,141
3911,141
3912,141
3913,142
3914,141
3915,142
3916,142
3917,141
3918,141
3919,141
3920,141
3921,141
3922,141
3923,141
3924,141
3925,141
3926,142
3927,142
3928,142
3929,142
3930,141
3931,142
3932,141
3933,142
3934,142
3935,142
3936,142
3937,142
3938,142
3939,142
3940,142
3941,142
3942,142
3943,142
3944,142
3945,142
3946,142
3947,142
3948,142
3949,142
3950,142
3951,142
3952,142
3953,142
3954,142
3955,141
3956,141
3957,141
3958,141
3959,141
3960,141
3961,141
3962,142
3963,142
3964,142
3965,142
3966,142
3967,142
3968,142
3969,142
3970,141
3971,141
3972,141
3973,141
3974,141
3975,141
3976,141
3977,141
3978,142
3979,142
3980,142
3981,142
3982,142
3983,142
3984,142
3985,142
3986,142
3987,142
3988,142
3989,142
3990,142
3991,142
3992,142
3993,142
3994,142
3995,142
3996,142
3997,142
3998,142
3999,142
4000,142
4001,142
4002,142
4003,141
4004,142
4005,142
4006,142
4007,142
4008,142
4009,142
4010,142
4011,142
4012,142
4013,141
4014,142
4015,142
4016,142
4017,142
4018,142
4019,142
4020,142
4021,142
4022,142
4023,142
4024,142
4025,142
4026,142
4027,142
4028,142
4029,142
4030,142
4031,142
4032,142
4033,142
4034,142
4035,142
4036,142
4037,142
4038,142
4039,142
4040,142
4041,142
4042,142
4043,142
4044,142
4045,142
4046,142
4047,142
4048,142
4049,142
4050,142
4051,142
4052,142
4053,142
4054,142
4055,142
4056,142
4057,142
4058,142
4059,142
4060,142
4061,142
4062,142
4063,142
4064,142
4065,142
4066,142
4067,142
4068,142
4069,142
4070,142
4071,142
4072,142
4073,142
4074,142
4075,142
4076,142
4077,142
4078,142
4079,142
4080,142
4081,142
4082,142
4083,142
4084,142
4085,142
4086,141
4087,141
4088,141
4089,141
4090,142
4091,142
4092,142
4093,142
4094,142
4095,142
4096,142
4097,142
4098,141
4099,141
4100,141
4101,141
4102,141
4103,141
4104,141
4105,141
4106,141
4107,141
4108,141
4109,141
4110,141
4111,141
4112,141
4113,141
4114,141
4115,141
4116,141
4117,141
4118,141
4119,141
4120,141
4121,141
4122,141
4123,142
4124,142
4125,142
4126,142
4127,142
4128,142
4129,142
4130,142
4131,142
4132,142
4133,142
4134,141
4135,141
4136,141
4137,141
4138,141
4139,142
4140,142
4141,142
4142,142
4143,142
4144,142
4145,142
4146,142
4147,142
4148,142
4149,142
4150,142
4151,142
4152,142
4153,142
4154,142
4155,142
4156,142
4157,141
4158,141
4159,141
4160,141
4161,141
4162,142
4163,142
4164,142
4165,141
4166,142
4167,142
4168,142
4169,142
4170,142
4171,142
4172,142
4173,142
4174,143
4175,143
4176,143
4177,143
4178,142
4179,143
4180,143
4181,143
4182,143
4183,143
4184,143
4185,143
4186,143
4187,143
4188,143
4189,143
4190,143
4191,143
4192,143
4193,143
4194,143
4195,143
4196,144
4197,144
4198,144
4199,144
4200,144
4201,144
4202,144
4203,144
4204,143
4205,143
4206,143
4207,143
4208,143
4209,143
4210,143
4211,143
4212,143
4213,143
4214,143
4215,143
4216,143
4217,143
4218,143
4219,143
4220,143
4221,143
4222,143
4223,143
4224,142
4225,143
4226,143
4227,143
4228,143
4229,143
4230,143
4231,143
4232,143
4233,143
4234,143
4235,143
4236,143
4237,143
4238,143
4239,143
4240,143
4241,143
4242,143
4243,143
4244,143
4245,143
4246,143
4247,143
4248,143
4249,143
4250,143
4251,143
4252,143
4253,143
4254,143
4255,143
4256,143
4257,143
4258,143
4259,143
4260,143
4261,143
4262,143
4263,143
4264,143
4265,143
4266,142
4267,143
4268,143
4269,143
4270,143
4271,143
4272,143
4273,143
4274,142
4275,142
4276,143
4277,143
4278,143
4279,143
4280,143
4281,143
4282,143
4283,143
4284,143
4285,143
4286,143
4287,143
4288,143
4289,143
4290,143
4291,143
4292,143
4293,143
4294,143
4295,143
4296,143
4297,143
4298,143
4299,143
4300,143
4301,143
4302,143
4303,143
4304,143
4305,143
4306,143
4307,143
4308,143
4309,143
4310,143
4311,143
4312,143
4313,143
4314,143
4315,143
4316,143
4317,143
4318,143
4319,143
4320,143
4321,143
4322,143
4323,143
4324,143
4325,143
4326,143
4327,143
4328,143
4329,143
4330,143
4331,143
4332,143
4333,143
4334,143
4335,143
4336,143
4337,143
4338,143
4339,143
4340,143
4341,143
4342,143
4343,143
4344,143
4345,143
4346,143
4347,142
4348,142
4349,142
4350,142
4351,142
4352,142
4353,142
4354,142
4355,142
4356,142
4357,142
4358,142
4359,142
4360,142
4361,142
4362,142
4363,142
4364,142
4365,142
4366,142
4367,142
4368,142
4369,142
4370,142
4371,142
4372,142
4373,142
4374,142
4375,142
4376,142
4377,142
4378,142
4379,142
4380,142
4381,142
4382,142
4383,142
4384,142
4385,142
4386,142
4387,142
4388,142
4389,142
4390,142
4391,142
4392,142
4393,142
4394,142
4395,142
4396,142
4397,142
4398,142
4399,142
4400,143
4401,143
4402,143
4403,143
4404,143
4405,143
4406,143
4407,143
4408,143
4409,142
4410,142
4411,142
4412,142
4413,142
4414,142
4415,142
4416,142
4417,142
4418,142
4419,142
4420,142
4421,142
4422,143
4423,143
4424,143
4425,143
4426,143
4427,143
4428,143
4429,143
4430,143
4431,143
4432,143
4433,143
4434,143
4435,142
4436,143
4437,143
4438,143
4439,143
4440,142
4441,142
4442,143
4443,143
4444,143
4445,143
4446,142
4447,142
4448,142
4449,142
4450,143
4451,143
4452,143
4453,143
4454,143
4455,143
4456,143
4457,143
4458,143
4459,143
4460,143
4461,143
4462,143
4463,143
4464,143
4465,142
4466,142
4467,142
4468,142
4469,142
4470,142
4471,142
4472,142
4473,142
4474,142
4475,142
4476,142
4477,142
4478,142
4479,142
4480,142
4481,142
4482,142
4483,142
4484,142
4485,142
4486,142
4487,142
4488,142
4489,142
4490,141
4491,142
4492,142
4493,142
4494,142
4495,142
4496,142
4497,141
4498,141
4499,141
4500,141
4501,141
4502,141
4503,142
4504,142
4505,141
4506,141
4507,141
4508,141
4509,141
4510,141
4511,141
4512,141
4513,141
4514,141
4515,141
4516,141
4517,141
4518,141
4519,141
4520,142
4521,142
4522,142
4523,142
4524,142
4525,142
4526,142
4527,142
4528,142
4529,142
4530,142
4531,142
4532,141
4533,142
4534,142
4535,142
4536,142
4537,142
4538,142
4539,142
4540,142
4541,142
4542,142
4543,142
4544,142
4545,142
4546,142
4547,142
4548,142
4549,142
4550,142
4551,142
4552,142
4553,142
4554,142
4555,142
4556,142
4557,142
4558,142
4559,142
4560,142
4561,142
4562,142
4563,142
4564,142
4565,142
4566,142
4567,142
4568,143
4569,143
4570,143
4571,143
4572,143
4573,143
4574,143
4575,143
4576,143
4577,143
4578,143
4579,143
4580,143
4581,143
4582,143
4583,143
4584,143
4585,143
4586,143
4587,143
4588,143
4589,143
4590,143
4591,143
4592,143
4593,143
4594,143
4595,142
4596,142
4597,142
4598,142
4599,142
4600,142
4601,143
4602,143
4603,143
4604,143
4605,143
4606,143
4607,143
4608,143
4609,143
4610,143
4611,143
4612,143
4613,143
4614,143
4615,143
4616,143
4617,143
4618,143
4619,143
4620,143
4621,143
4622,143
4623,143
4624,143
4625,143
4626,143
4627,143
4628,143
4629,143
4630,143
4631,143
4632,143
4633,143
4634,143
4635,143
4636,143
4637,143
4638,143
4639,143
4640,143
4641,143
4642,143
4643,143
4644,143
4645,143
4646,143
4647,143
4648,143
4649,143
4650,143
4651,143
4652,143
4653,143
4654,143
4655,142
4656,143
4657,143
4658,143
4659,142
4660,142
4661,142
4662,142
4663,143
4664,143
4665,143
4666,143
4667,143
4668,143
4669,143
4670,143
4671,143
4672,143
4673,143
4674,143
4675,143
4676,143
4677,143
4678,143
4679,143
4680,143
4681,143
4682,143
4683,143
4684,143
4685,143
4686,143
4687,142
4688,143
4689,143
4690,143
4691,143
4692,143
4693,143
4694,143
4695,143
4696,143
4697,143
4698,143
4699,143
4700,143
4701,143
4702,143
4703,143
4704,143
4705,143
4706,143
4707,143
4708,143
4709,143
4710,143
4711,143
4712,143
4713,143
4714,144
4715,144
4716,144
4717,144
4718,144
4719,144
4720,144
4721,144
4722,144
4723,144
4724,144
4725,144
4726,144
4727,144
4728,144
4729,144
4730,144
4731,144
4732,144
4733,144
4734,144
4735,144
4736,144
4737,144
4738,144
4739,144
4740,144
4741,143
4742,143
4743,143
4744,143
4745,143
4746,143
4747,143
4748,143
4749,143
4750,143
4751,143
4752,143
4753,143
4754,143
4755,143
4756,143
4757,143
4758,143
4759,143
4760,143
4761,143
4762,143
4763,143
4764,144
4765,144
4766,144
4767,144
4768,144
4769,144
4770,144
4771,144
4772,144
4773,144
4774,144
4775,144
4776,144
4777,144
4778,144
4779,144
4780,144
4781,144
4782,144
4783,144
4784,144
4785,144
4786,144
4787,144
4788,143
4789,143
4790,143
4791,143
4792,143
4793,144
4794,144
4795,144
4796,144
4797,144
4798,144
4799,144
4800,144
4801,144
4802,144
4803,144
4804,144
4805,144
4806,144
4807,143
4808,143
4809,143
4810,143
4811,143
4812,143
4813,144
4814,144
4815,143
4816,143
4817,144
4818,144
4819,144
4820,144
4821,144
4822,144
4823,144
4824,143
4825,143
4826,143
4827,143
4828,143
4829,143
4830,143
4831,144
4832,144
4833,144
4834,144
4835,144
4836,144
4837,143
4838,144
4839,144
4840,144
4841,144
4842,144
4843,144
4844,144
4845,144
4846,144
4847,144
4848,144
4849,144
4850,144
4851,144
4852,144
4853,144
4854,144
4855,144
4856,144
4857,144
4858,144
4859,144
4860,144
4861,144
4862,144
4863,144
4864,144
4865,144
4866,144
4867,144
4868,144
4869,144
4870,144
4871,144
4872,144
4873,144
4874,143
4875,143
4876,143
4877,143
4878,143
4879,143
4880,143
4881,143
4882,144
4883,144
4884,144
4885,144
4886,144
4887,144
4888,144
4889,144
4890,143
4891,144
4892,143
4893,144
4894,144
4895,144
4896,144
4897,144
4898,144
4899,144
4900,144
4901,144
4902,144
4903,144
4904,144
4905,144
4906,144
4907,144
4908,144
4909,145
4910,144
4911,144
4912,144
4913,144
4914,145
4915,145
4916,145
4917,145
4918,145
4919,145
4920,145
4921,145
4922,145
4923,145
4924,145
4925,145
4926,145
4927,145
4928,145
4929,145
4930,145
4931,145
4932,145
4933,145
4934,145
4935,145
4936,145
4937,145
4938,144
4939,144
4940,144
4941,144
4942,144
4943,144
4944,144
4945,144
4946,144
4947,144
4948,144
4949,144
4950,145
4951,145
4952,145
4953,145
4954,145
4955,145
4956,145
4957,145
4958,145
4959,145
4960,145
4961,145
4962,145
4963,145
4964,145
4965,145
4966,145
4967,145
4968,145
4969,145
4970,145
4971,145
4972,145
4973,145
4974,144
4975,145
4976,145
4977,145
4978,145
4979,145
4980,145
4981,145
4982,145
4983,145
4984,145
4985,145
4986,145
4987,145
4988,145
4989,145
4990,145
4991,145
4992,145
4993,144
4994,144
4995,145
4996,145
4997,145
4998,145
4999,145
5000,145
5001,145
5002,144
5003,144
5004,144
5005,144
5006,144
5007,144
5008,144
5009,144
5010,144
5011,144
5012,144
5013,144
5014,144
5015,144
5016,144
5017,144
5018,144
5019,144
5020,144
5021,144
5022,144
5023,144
5024,144
5025,144
5026,144
5027,144
5028,144
5029,144
5030,144
5031,144
5032,144
5033,144
5034,145
5035,144
5036,144
5037,144
5038,144
5039,144
5040,143
5041,143
5042,143
5043,144
5044,144
5045,144
5046,144
5047,144
5048,144
5049,144
5050,144
5051,144
5052,144
5053,144
5054,144
5055,144
5056,144
5057,144
5058,144
5059,144
5060,144
5061,144
5062,144
5063,144
5064,144
5065,144
5066,144
5067,144
5068,144
5069,144
5070,144
5071,144
5072,144
5073,144
5074,143
5075,143
5076,143
5077,143
5078,143
5079,143
5080,143
5081,143
5082,143
5083,143
5084,143
5085,143
5086,143
5087,143
5088,143
5089,143
5090,143
5091,143
5092,143
5093,143
5094,143
5095,143
5096,143
5097,143
5098,143
5099,143
5100,143
5101,143
5102,142
5103,142
5104,142
5105,142
5106,142
5107,142
5108,142
5109,142
5110,142
5111,142
5112,142
5113,142
5114,142
5115,142
5116,142
5117,142
5118,142
5119,142
5120,142
5121,142
5122,142
5123,142
5124,142
5125,142
5126,142
5127,142
5128,142
5129,142
5130,142
5131,142
5132,142
5133,142
5134,142
5135,142
5136,142
5137,142
5138,142
5139,142
5140,142
5141,142
5142,142
5143,142
5144,142
5145,142
5146,142
5147,142
5148,142
5149,141
5150,141
5151,142
5152,142
5153,142
5154,142
5155,141
5156,141
5157,141
5158,141
5159,141
5160,141
5161,141
5162,141
5163,141
5164,141
5165,141
5166,141
5167,141
5168,141
5169,142
5170,142
5171,142
5172,142
5173,142
5174,142
5175,142
5176,142
5177,143
5178,143
5179,143
5180,143
5181,143
5182,143
5183,143
5184,143
5185,143
5186,143
5187,143
5188,142
5189,143
5190,143
5191,143
5192,143
5193,143
5194,143
5195,143
5196,143
5197,143
5198,143
5199,143
5200,143
5201,143
5202,143
5203,144
5204,144
5205,144
5206,144
5207,144
5208,144
5209,144
5210,144
5211,144
5212,143
5213,143
5214,143
5215,143
5216,143
5217,143
5218,143
5219,143
5220,143
5221,143
5222,143
5223,143
5224,143
5225,143
5226,143
5227,143
5228,143
5229,143
5230,143
5231,143
5232,143
5233,143
5234,144
5235,144
5236,144
5237,144
5238,144
5239,144
5240,144
5241,143
5242,144
5243,144
5244,144
5245,144
5246,144
5247,144
5248,144
5249,144
5250,144
5251,144
5252,144
5253,144
5254,144
5255,144
5256,144
5257,143
5258,143
5259,143
5260,143
5261,143
5262,143
5263,143
5264,143
5265,143
5266,143
5267,143
5268,143
5269,143
5270,143
5271,143
5272,143
5273,143
5274,143
5275,143
5276,143
5277,143
5278,143
5279,143
5280,143
5281,143
5282,143
5283,143
5284,143
5285,143
5286,143
5287,143
5288,143
5289,143
5290,143
5291,143
5292,143
5293,143
5294,143
5295,144
5296,144
5297,144
5298,144
5299,144
5300,144
5301,144
5302,144
5303,144
5304,144
5305,144
5306,144
5307,144
5308,144
5309,144
5310,144
5311,144
5312,144
5313,144
5314,144
5315,144
5316,143
5317,143
5318,143
5319,144
5320,144
5321,143
5322,144
5323,144
5324,144
5325,144
5326,144
5327,144
5328,144
5329,144
5330,144
5331,144
5332,144
5333,144
5334,144
5335,144
5336,143
5337,144
5338,144
5339,144
5340,144
5341,144
5342,144
5343,144
5344,144
5345,144
5346,144
5347,144
5348,144
5349,144
5350,144
5351,144
5352,144
5353,144
5354,144
5355,144
5356,144
5357,144
5358,144
5359,144
5360,144
5361,144
5362,144
5363,144
5364,144
5365,144
5366,144
5367,144
5368,144
5369,144
5370,144
5371,144
5372,144
5373,144
5374,144
5375,144
5376,144
5377,144
5378,144
5379,144
5380,144
5381,144
5382,144
5383,144
5384,144
5385,143
5386,143
5387,144
5388,144
5389,144
5390,144
5391,144
5392,144
5393,144
5394,144
5395,144
5396,144
5397,144
5398,144
5399,144
5400,144
5401,144
5402,144
5403,144
5404,143
5405,143
5406,143
5407,143
5408,143
5409,143
5410,143
5411,143
5412,143
5413,143
5414,143
5415,143
5416,143
5417,143
5418,143
5419,143
5420,143
5421,143
5422,143
5423,143
5424,142
5425,142
5426,142
5427,142
5428,142
5429,142
5430,142
5431,142
5432,142
5433,143
5434,143
5435,142
5436,142
5437,142
5438,142
5439,142
5440,142
5441,143
5442,143
5443,143
5444,143
5445,143
5446,143
5447,143
5448,143
5449,143
5450,143
5451,143
5452,143
5453,143
5454,143
5455,143
5456,143
5457,143
5458,143
5459,143
5460,143
5461,143
5462,143
5463,143
5464,143
5465,142
5466,142
5467,142
5468,142
5469,142
5470,142
5471,142
5472,142
5473,142
5474,142
5475,142
5476,142
5477,142
5478,142
5479,142
5480,142
5481,142
5482,142
5483,142
5484,142
5485,142
5486,142
5487,142
5488,142
5489,142
5490,142
5491,142
5492,142
5493,142
5494,142
5495,142
5496,142
5497,143
5498,143
5499,143
5500,143
5501,143
5502,143
5503,143
5504,143
5505,143
5506,143
5507,143
5508,143
5509,143
5510,143
5511,143
5512,143
5513,143
5514,143
5515,143
5516,143
5517,143
5518,143
5519,143
5520,143
5521,143
5522,143
5523,143
5524,143
5525,143
5526,143
5527,143
5528,143
5529,143
5530,143
5531,143
5532,143
5533,143
5534,143
5535,143
5536,143
5537,143
5538,143
5539,143
5540,143
5541,143
5542,143
5543,143
5544,143
5545,143
5546,143
5547,143
5548,142
5549,143
5550,143
5551,143
5552,143
5553,143
5554,143
5555,143
5556,143
5557,143
5558,143
5559,143
5560,143
5561,143
5562,143
5563,143
5564,143
5565,143
5566,143
5567,143
5568,143
5569,143
5570,143
5571,143
5572,143
5573,143
5574,143
5575,142
5576,143
5577,143
5578,143
5579,143
5580,142
5581,143
5582,143
5583,143
5584,143
5585,143
5586,143
5587,143
5588,143
5589,143
5590,143
5591,143
5592,143
5593,143
5594,143
5595,143
5596,143
5597,143
5598,143
5599,143
5600,143
5601,142
5602,142
5603,143
5604,143
5605,143
5606,143
5607,143
5608,143
5609,143
5610,143
5611,143
5612,143
5613,143
5614,143
5615,143
5616,143
5617,143
5618,143
5619,143
5620,143
5621,143
5622,143
5623,143
5624,143
5625,143
5626,143
5627,143
5628,143
5629,143
5630,143
5631,143
5632,143
5633,143
5634,143
5635,143
5636,143
5637,143
5638,143
5639,143
5640,143
5641,143
5642,143
5643,143
5644,143
5645,142
5646,142
5647,143
5648,143
5649,143
5650,143
5651,143
5652,143
5653,143
5654,143
5655,143
5656,143
5657,143
5658,143
5659,143
5660,143
5661,143
5662,143
5663,143
5664,143
5665,143
5666,143
5667,143
5668,143
5669,143
5670,143
5671,143
5672,143
5673,143
5674,143
5675,143
5676,143
5677,143
5678,142
5679,142
5680,142
5681,142
5682,142
5683,142
5684,143
5685,143
5686,142
5687,143
5688,143
5689,143
5690,143
5691,143
5692,143
5693,143
5694,143
5695,143
5696,143
5697,143
5698,143
5699,142
5700,142
5701,142
5702,142
5703,142
5704,142
5705,142
5706,142
5707,142
5708,142
5709,142
5710,142
5711,142
5712,142
5713,142
5714,142
5715,142
5716,142
5717,142
5718,142
5719,142
5720,142
5721,142
5722,142
5723,142
5724,142
5725,142
5726,142
5727,142
5728,142
5729,142
5730,142
5731,142
5732,142
5733,142
5734,142
5735,142
5736,142
5737,142
5738,142
5739,142
5740,142
5741,141
5742,142
5743,142
5744,142
5745,141
5746,141
5747,141
5748,142
5749,142
5750,142
5751,142
5752,142
5753,142
5754,142
5755,142
5756,142
5757,141
5758,141
5759,141
5760,141
5761,141
5762,142
5763,142
5764,142
5765,142
5766,142
5767,142
5768,141
5769,141
5770,141
5771,141
5772,142
5773,142
5774,142
5775,142
5776,142
5777,142
5778,142
5779,142
5780,142
5781,142
5782,142
5783,142
5784,142
5785,142
5786,142
5787,142
5788,142
5789,142
5790,142
5791,142
5792,141
5793,142
5794,142
5795,142
5796,142
5797,142
5798,142
5799,142
5800,142
5801,142
5802,142
5803,142
5804,141
5805,141
5806,141
5807,141
5808,141
5809,141
5810,141
5811,141
5812,141
5813,141
5814,141
5815,141
5816,141
5817,141
5818,142
5819,141
5820,141
5821,141
5822,142
5823,142
5824,142
5825,142
5826,142
5827,142
5828,142
5829,142
5830,142
5831,142
5832,142
5833,142
5834,142
5835,141
5836,141
5837,141
5838,141
5839,141
5840,141
5841,141
5842,141
5843,141
5844,141
5845,141
5846,141
5847,142
5848,142
5849,142
5850,142
5851,142
5852,142
5853,142
5854,142
5855,142
5856,142
5857,142
5858,143
5859,143
5860,143
5861,143
5862,143
5863,143
5864,143
5865,143
5866,143
5867,143
5868,143
5869,143
5870,143
5871,143
5872,143
5873,143
5874,144
5875,144
5876,144
5877,144
5878,143
5879,144
5880,144
5881,144
5882,144
5883,144
5884,144
5885,144
5886,144
5887,144
5888,144
5889,144
5890,144
5891,144
5892,144
5893,144
5894,144
5895,144
5896,144
5897,144
5898,144
5899,144
5900,144
5901,144
5902,144
5903,144
5904,144
5905,144
5906,143
5907,143
5908,143
5909,143
5910,144
5911,144
5912,144
5913,144
5914,144
5915,144
5916,144
5917,143
5918,143
5919,143
5920,143
5921,143
5922,143
5923,143
5924,143
5925,143
5926,143
5927,143
5928,143
5929,143
5930,143
5931,143
5932,143
5933,143
5934,143
5935,143
5936,143
5937,143
5938,143
5939,143
5940,143
5941,144
5942,143
5943,143
5944,143
5945,143
5946,143
5947,143
5948,144
5949,144
5950,144
5951,143
5952,143
5953,143
5954,143
5955,143
5956,143
5957,143
5958,144
5959,143
5960,144
5961,144
5962,144
5963,144
5964,144
5965,143
5966,144
5967,144
5968,144
5969,144
5970,143
5971,143
5972,143
5973,143
5974,143
5975,144
5976,144
5977,143
5978,143
5979,143
5980,143
5981,143
5982,143
5983,144
5984,144
5985,144
5986,143
5987,143
5988,143
5989,143
5990,143
5991,143
5992,143
5993,143
5994,143
5995,143
5996,143
5997,143
5998,143
5999,143
6000,143
6001,143
6002,143
6003,143
6004,143
6005,143
6006,143
6007,143
6008,143
6009,143
6010,143
6011,143
6012,143
6013,143
6014,143
6015,143
6016,143
6017,143
6018,144
6019,143
6020,144
6021,144
6022,144
6023,144
6024,144
6025,144
6026,144
6027,144
6028,144
6029,144
6030,144
6031,144
6032,144
6033,144
6034,144
6035,144
6036,144
6037,144
6038,144
6039,144
6040,144
6041,144
6042,144
6043,144
6044,144
6045,144
6046,144
6047,144
6048,144
6049,144
6050,144
6051,144
6052,144
6053,144
6054,144
6055,144
6056,144
6057,144
6058,144
6059,145
6060,145
6061,145
6062,145
6063,144
6064,144
6065,144
6066,144
6067,144
6068,145
6069,145
6070,145
6071,145
6072,145
6073,145
6074,145
6075,145
6076,144
6077,144
6078,144
6079,145
6080,145
6081,145
6082,145
6083,145
6084,144
6085,145
6086,144
6087,145
6088,145
6089,145
6090,145
6091,145
6092,145
6093,145
6094,145
6095,145
6096,145
6097,145
6098,145
6099,145
6100,145
6101,145
6102,145
6103,145
6104,145
6105,145
6106,145
6107,145
6108,145
6109,145
6110,145
6111,145
6112,144
6113,145
6114,145
6115,144
6116,144
6117,144
6118,144
6119,144
6120,144
6121,144
6122,145
6123,145
6124,145
6125,145
6126,145
6127,145
6128,145
6129,145
6130,145
6131,145
6132,145
6133,145
6134,145
6135,145
6136,145
6137,145
6138,146
6139,146
6140,146
6141,145
6142,146
6143,145
6144,145
6145,145
6146,146
6147,146
6148,146
6149,146
6150,146
6151,146
6152,146
6153,146
6154,145
6155,145
6156,145
6157,145
6158,145
6159,146
6160,146
6161,146
6162,146
6163,146
6164,146
6165,146
6166,146
6167,146
6168,146
6169,146
6170,146
6171,146
6172,146
6173,146
6174,146
6175,146
6176,146
6177,146
6178,146
6179,146
6180,146
6181,146
6182,146
6183,146
6184,146
6185,146
6186,146
6187,146
6188,146
6189,146
6190,146
6191,146
6192,146
6193,146
6194,146
6195,146
6196,146
6197,146
6198,146
6199,146
6200,146
6201,146
6202,146
6203,146
6204,146
6205,146
6206,146
6207,146
6208,146
6209,146
6210,146
6211,146
6212,146
6213,146
6214,145
6215,145
6216,145
6217,145
6218,144
6219,144
6220,144
6221,144
6222,145
6223,145
6224,145
6225,145
6226,145
6227,145
6228,144
6229,145
6230,145
6231,145
6232,144
6233,144
6234,144
6235,144
6236,144
6237,144
6238,144
6239,144
6240,144
6241,144
6242,145
6243,145
6244,145
6245,145
6246,145
6247,145
6248,145
6249,145
6250,145
6251,144
6252,144
6253,145
6254,145
6255,145
6256,145
6257,145
6258,145
6259,145
6260,145
6261,145
6262,145
6263,145
6264,145
6265,146
6266,146
6267,146
6268,146
6269,146
6270,146
6271,146
6272,146
6273,146
6274,146
6275,146
6276,146
6277,146
6278,146
6279,146
6280,146
6281,147
6282,147
6283,147
6284,147
6285,147
6286,147
6287,147
6288,147
6289,147
6290,147
6291,147
6292,147
6293,146
6294,146
6295,146
6296,146
6297,147
6298,147
6299,147
6300,147
6301,147
6302,147
6303,147
6304,147
6305,147
6306,147
6307,147
6308,147
6309,147
6310,147
6311,147
6312,147
6313,148
6314,148
6315,148
6316,148
6317,148
6318,148
6319,148
6320,148
6321,148
6322,148
6323,148
6324,148
6325,148
6326,148
6327,148
6328,148
6329,148
6330,147
6331,147
6332,147
6333,147
6334,147
6335,147
6336,147
6337,147
6338,147
6339,147
6340,147
6341,147
6342,147
6343,147
6344,147
6345,147
6346,147
6347,147
6348,147
6349,147
6350,147
6351,147
6352,147
6353,147
6354,147
6355,147
6356,147
6357,147
6358,147
6359,146
6360,146
6361,146
6362,146
6363,146
6364,146
6365,146
6366,146
6367,146
6368,146
6369,146
6370,147
6371,146
6372,146
6373,146
6374,146
6375,146
6376,146
6377,146
6378,146
6379,146
6380,146
6381,146
6382,146
6383,146
6384,146
6385,146
6386,146
6387,147
6388,147
6389,147
6390,147
6391,147
6392,147
6393,146
6394,146
6395,146
6396,146
6397,146
6398,146
6399,146
6400,146
6401,146
6402,146
6403,146
6404,146
6405,146
6406,146
6407,145
6408,146
6409,145
6410,145
6411,145
6412,145
6413,145
6414,146
6415,146
6416,146
6417,145
6418,146
6419,146
6420,146
6421,146
6422,146
6423,147
6424,147
6425,147
6426,147
6427,146
6428,146
6429,147
6430,147
6431,147
6432,147
6433,147
6434,147
6435,147
6436,147
6437,147
6438,147
6439,147
6440,147
6441,147
6442,147
6443,147
6444,147
6445,147
6446,147
6447,147
6448,147
6449,147
6450,147
6451,147
6452,147
6453,147
6454,147
6455,147
6456,147
6457,147
6458,147
6459,147
6460,147
6461,147
6462,147
6463,147
6464,147
6465,147
6466,148
6467,148
6468,148
6469,148
6470,148
6471,148
6472,148
6473,148
6474,148
6475,148
6476,148
6477,148
6478,148
6479,148
6480,148
6481,148
6482,148
6483,148
6484,148
6485,148
6486,148
6487,148
6488,148
6489,148
6490,148
6491,148
6492,148
6493,148
6494,148
6495,148
6496,148
6497,149
6498,149
6499,149
6500,149
6501,149
6502,149
6503,149
6504,149
6505,149
6506,149
6507,149
6508,149
6509,149
6510,149
6511,149
6512,149
6513,149
6514,149
6515,149
6516,149
6517,149
6518,149
6519,149
6520,149
6521,149
6522,149
6523,149
6524,149
6525,149
6526,149
6527,148
6528,148
6529,148
6530,148
6531,148
6532,148
6533,148
6534,148
6535,148
6536,148
6537,148
6538,148
6539,149
6540,149
6541,149
6542,149
6543,149
6544,148
6545,148
6546,148
6547,149
6548,149
6549,149
6550,149
6551,149
6552,149
6553,149
6554,149
6555,149
6556,149
6557,149
6558,149
6559,149
6560,149
6561,149
6562,149
6563,149
6564,149
6565,149
6566,149
6567,149
6568,149
6569,149
6570,148
6571,148
6572,148
6573,148
6574,148
6575,148
6576,148
6577,148
6578,148
6579,148
6580,148
6581,148
6582,148
6583,148
6584,148
6585,148
6586,147
6587,148
6588,148
6589,148
6590,148
6591,148
6592,148
6593,148
6594,148
6595,148
6596,148
6597,148
6598,148
6599,148
6600,148
6601,148
6602,148
6603,148
6604,148
6605,148
6606,148
6607,148
6608,148
6609,148
6610,148
6611,148
6612,148
6613,148
6614,148
6615,148
6616,148
6617,148
6618,148
6619,148
6620,148
6621,148
6622,147
6623,147
6624,147
6625,147
6626,148
6627,148
6628,148
6629,148
6630,147
6631,147
6632,147
6633,147
6634,147
6635,147
6636,147
6637,147
6638,147
6639,147
6640,147
6641,147
6642,147
6643,148
6644,148
6645,148
6646,148
6647,148
6648,148
6649,148
6650,147
6651,148
6652,148
6653,148
6654,148
6655,148
6656,148
6657,148
6658,148
6659,148
6660,148
6661,148
6662,147
6663,147
6664,147
6665,147
6666,147
6667,147
6668,147
6669,147
6670,147
6671,147
6672,147
6673,147
6674,147
6675,147
6676,147
6677,146
6678,147
6679,147
6680,147
6681,147
6682,147
6683,147
6684,147
6685,147
6686,147
6687,147
6688,147
6689,147
6690,147
6691,147
6692,147
6693,147
6694,147
6695,147
6696,147
6697,147
6698,147
6699,147
6700,147
6701,147
6702,147
6703,147
6704,147
6705,147
6706,147
6707,147
6708,147
6709,147
6710,147
6711,147
6712,147
6713,147
6714,147
6715,147
6716,147
6717,146
6718,146
6719,146
6720,146
6721,146
6722,146
6723,146
6724,146
6725,146
6726,146
6727,146
6728,146
6729,146
6730,146
6731,146
6732,146
6733,146
6734,146
6735,147
6736,147
6737,147
6738,146
6739,146
6740,146
6741,146
6742,146
6743,146
6744,146
6745,146
6746,147
6747,146
6748,146
6749,146
6750,146
6751,146
6752,146
6753,146
6754,146
6755,146
6756,146
6757,146
6758,146
6759,146
6760,146
6761,147
6762,147
6763,147
6764,147
6765,147
6766,147
6767,147
6768,147
6769,147
6770,147
6771,147
6772,147
6773,147
6774,147
6775,147
6776,147
6777,147
6778,147
6779,147
6780,147
6781,147
6782,147
6783,147
6784,147
6785,147
6786,147
6787,147
6788,147
6789,147
6790,147
6791,147
6792,148
6793,147
6794,147
6795,148
6796,148
6797,148
6798,148
6799,148
6800,148
6801,148
6802,148
6803,148
6804,148
6805,148
6806,148
6807,148
6808,148
6809,148
6810,148
6811,148
6812,149
6813,149
6814,149
6815,149
6816,149
6817,149
6818,149
6819,149
6820,149
6821,149
6822,149
6823,149
6824,149
6825,149
6826,149
6827,149
6828,149
6829,149
6830,149
6831,149
6832,149
6833,149
6834,149
6835,149
6836,149
6837,149
6838,148
6839,148
6840,148
6841,148
6842,149
6843,149
6844,149
6845,149
6846,149
6847,149
6848,149
6849,149
6850,149
6851,149
6852,149
6853,149
6854,149
6855,149
6856,149
6857,149
6858,149
6859,149
6860,149
6861,149
6862,149
6863,149
6864,149
6865,149
6866,149
6867,149
6868,149
6869,149
6870,149
6871,149
6872,149
6873,149
6874,149
6875,148
6876,148
6877,148
6878,148
6879,148
6880,148
6881,148
6882,148
6883,148
6884,148
6885,148
6886,148
6887,148
6888,148
6889,148
6890,148
6891,148
6892,148
6893,148
6894,148
6895,148
6896,148
6897,148
6898,148
6899,148
6900,148
6901,148
6902,148
6903,148
6904,148
6905,148
6906,148
6907,148
6908,148
6909,148
6910,148
6911,148
6912,148
6913,148
6914,148
6915,147
6916,147
6917,147
6918,148
6919,147
6920,147
6921,147
6922,147
6923,147
6924,147
6925,147
6926,147
6927,147
6928,147
6929,147
6930,147
6931,147
6932,147
6933,147
6934,146
6935,147
6936,147
6937,147
6938,147
6939,147
6940,147
6941,147
6942,147
6943,147
6944,147
6945,147
6946,147
6947,147
6948,147
6949,147
6950,147
6951,147
6952,147
6953,147
6954,147
6955,147
6956,147
6957,147
6958,147
6959,147
6960,147
6961,147
6962,147
6963,147
6964,147
6965,147
6966,147
6967,147
6968,147
6969,147
6970,147
6971,147
6972,147
6973,147
6974,147
6975,147
6976,147
6977,147
6978,147
6979,147
6980,147
6981,147
6982,147
6983,147
6984,147
6985,147
6986,147
6987,147
6988,147
6989,147
6990,147
6991,146
6992,146
6993,146
6994,146
6995,147
6996,147
6997,147
6998,147
6999,147
7000,147
7001,147
7002,147
7003,147
7004,147
7005,147
7006,147
7007,147
7008,147
7009,147
7010,147
7011,147
7012,147
7013,147
7014,147
7015,147
7016,147
7017,147
7018,146
7019,146
7020,146
7021,146
7022,146
7023,146
7024,146
7025,146
7026,146
7027,146
7028,146
7029,147
7030,147
7031,147
7032,147
7033,147
7034,147
7035,147
7036,146
7037,147
7038,147
7039,147
7040,147
7041,147
7042,147
7043,147
7044,147
7045,147
7046,147
7047,147
7048,147
7049,147
7050,147
7051,147
7052,147
7053,147
7054,147
7055,147
7056,147
7057,147
7058,147
7059,147
7060,147
7061,147
7062,147
7063,147
7064,147
7065,147
7066,147
7067,147
7068,147
7069,147
7070,147
7071,147
7072,147
7073,147
7074,147
7075,147
7076,147
7077,147
7078,147
7079,147
7080,147
7081,147
7082,147
7083,147
7084,147
7085,147
7086,147
7087,147
7088,147
7089,147
7090,147
7091,147
7092,147
7093,146
7094,147
7095,147
7096,147
7097,147
7098,147
7099,147
7100,147
7101,147
7102,147
7103,147
7104,147
7105,146
7106,147
7107,147
7108,147
7109,147
7110,147
7111,147
7112,147
7113,147
7114,147
7115,147
7116,147
7117,146
7118,146
7119,147
7120,147
7121,147
7122,147
7123,147
7124,147
7125,146
7126,146
7127,146
7128,146
7129,147
7130,146
7131,147
7132,147
7133,147
7134,147
7135,147
7136,147
7137,147
7138,147
7139,147
7140,146
7141,147
7142,147
7143,147
7144,147
7145,147
7146,147
7147,146
7148,147
7149,147
7150,147
7151,147
7152,147
7153,146
7154,147
7155,147
7156,147
7157,147
7158,147
7159,147
7160,147
7161,147
7162,147
7163,147
7164,146
7165,146
7166,146
7167,146
7168,146
7169,146
7170,147
7171,147
7172,147
7173,146
7174,146
7175,147
7176,147
7177,147
7178,147
7179,147
7180,147
7181,147
7182,147
7183,147
7184,147
7185,147
7186,147
7187,147
7188,147
7189,147
7190,146
7191,147
7192,147
7193,147
7194,147
7195,147
7196,147
7197,147
7198,147
7199,146
7200,146
7201,146
7202,146
7203,146
7204,146
7205,146
7206,146
7207,146
7208,146
7209,147
7210,146
7211,146
7212,147
7213,146
7214,146
7215,146
7216,146
7217,146
7218,146
7219,146
7220,146
7221,146
7222,146
7223,147
7224,147
7225,147
7226,147
7227,147
7228,147
7229,147
7230,147
7231,147
7232,147
7233,147
7234,147
7235,147
7236,147
7237,147
7238,147
7239,147
7240,147
7241,146
7242,146
7243,146
7244,146
7245,146
7246,146
7247,146
7248,146
7249,147
7250,147
7251,147
7252,146
7253,146
7254,147
7255,146
7256,146
7257,146
7258,146
7259,146
7260,146
7261,147
7262,147
7263,147
7264,147
7265,147
7266,147
7267,147
7268,147
7269,147
7270,147
7271,147
7272,146
7273,146
7274,147
7275,147
7276,147
7277,147
7278,147
7279,147
7280,146
7281,146
7282,146
7283,146
7284,146
7285,146
7286,146
7287,146
7288,146
7289,146
7290,146
7291,146
7292,146
7293,146
7294,146
7295,146
7296,146
7297,146
7298,146
7299,146
7300,146
7301,146
7302,146
7303,146
7304,146
7305,146
7306,146
7307,145
7308,145
7309,145
7310,145
7311,145
7312,145
7313,145
7314,145
7315,145
7316,145
7317,145
7318,145
7319,145
7320,145
7321,145
7322,145
7323,145
7324,145
7325,146
7326,146
7327,146
7328,146
7329,146
7330,146
7331,146
7332,146
7333,146
7334,146
7335,146
7336,146
7337,146
7338,146
7339,146
7340,147
7341,147
7342,146
7343,147
7344,147
7345,147
7346,147
7347,147
7348,147
7349,147
7350,147
7351,147
7352,147
7353,147
7354,147
7355,147
7356,146
7357,146
7358,146
7359,147
7360,147
7361,147
7362,147
7363,146
7364,146
7365,146
7366,146
7367,146
7368,146
7369,146
7370,146
7371,146
7372,146
7373,146
7374,146
7375,146
7376,146
7377,146
7378,146
7379,146
7380,146
7381,146
7382,146
7383,146
7384,146
7385,146
7386,146
7387,146
7388,146
7389,146
7390,146
7391,146
7392,146
7393,146
7394,146
7395,146
7396,146
7397,146
7398,146
7399,146
7400,146
7401,146
7402,146
7403,146
7404,145
7405,145
7406,145
7407,145
7408,145
7409,145
7410,145
7411,145
7412,145
7413,145
7414,145
7415,144
7416,144
7417,144
7418,144
7419,144
7420,144
7421,144
7422,144
7423,144
7424,144
7425,144
7426,144
7427,144
7428,144
7429,144
7430,144
7431,144
7432,144
7433,144
7434,144
7435,144
7436,144
7437,144
7438,144
7439,144
7440,144
7441,144
7442,144
7443,144
7444,144
7445,143
7446,143
7447,143
7448,143
7449,143
7450,143
7451,143
7452,143
7453,143
7454,144
7455,144
7456,144
7457,144
7458,144
7459,144
7460,144
7461,144
7462,144
7463,144
7464,143
7465,144
7466,144
7467,144
7468,144
7469,144
7470,144
7471,144
7472,144
7473,144
7474,144
7475,144
7476,144
7477,144
7478,144
7479,144
7480,144
7481,144
7482,144
7483,144
7484,144
7485,144
7486,145
7487,145
7488,145
7489,145
7490,145
7491,145
7492,145
7493,144
7494,144
7495,144
7496,144
7497,144
7498,144
7499,144
7500,144
7501,144
7502,144
7503,144
7504,144
7505,144
7506,144
7507,143
7508,143
7509,143
7510,143
7511,143
7512,143
7513,143
7514,143
7515,144
7516,144
7517,144
7518,144
7519,144
7520,144
7521,144
7522,144
7523,144
7524,144
7525,144
7526,143
7527,143
7528,143
7529,143
7530,143
7531,143
7532,143
7533,143
7534,143
7535,143
7536,143
7537,143
7538,143
7539,143
7540,143
7541,144
7542,144
7543,144
7544,144
7545,144
7546,144
7547,144
7548,144
7549,144
7550,144
7551,144
7552,144
7553,144
7554,143
7555,143
7556,143
7557,143
7558,143
7559,143
7560,143
7561,143
7562,144
7563,144
7564,144
7565,144
7566,144
7567,144
7568,144
7569,144
7570,144
7571,144
7572,144
7573,144
7574,144
7575,144
7576,144
7577,143
7578,143
7579,144
7580,144
7581,144
7582,144
7583,144
7584,144
7585,144
7586,144
7587,144
7588,144
7589,144
7590,144
7591,144
7592,144
7593,144
7594,144
7595,144
7596,144
7597,144
7598,144
7599,144
7600,144
7601,144
7602,144
7603,144
7604,145
7605,145
7606,145
7607,145
7608,144
7609,144
7610,144
7611,144
7612,144
7613,144
7614,144
7615,144
7616,144
7617,144
7618,144
7619,144
7620,144
7621,144
7622,144
7623,143
7624,143
7625,143
7626,144
7627,144
7628,144
7629,144
7630,144
7631,144
7632,144
7633,144
7634,144
7635,144
7636,144
7637,144
7638,144
7639,144
7640,144
7641,144
7642,143
7643,144
7644,144
7645,144
7646,144
7647,144
7648,144
7649,144
7650,144
7651,144
7652,144
7653,144
7654,144
7655,144
7656,144
7657,144
7658,144
7659,144
7660,144
7661,144
7662,144
7663,144
7664,143
7665,143
7666,144
7667,144
7668,144
7669,144
7670,144
7671,144
7672,144
7673,144
7674,144
7675,144
7676,144
7677,144
7678,144
7679,144
7680,144
7681,144
7682,144
7683,144
7684,144
7685,144
7686,144
7687,144
7688,144
7689,144
7690,144
7691,144
7692,144
7693,144
7694,144
7695,144
7696,144
7697,144
7698,144
7699,143
7700,143
7701,143
7702,143
7703,143
7704,143
7705,143
7706,144
7707,144
7708,144
7709,144
7710,144
7711,144
7712,144
7713,144
7714,144
7715,144
7716,144
7717,144
7718,144
7719,144
7720,144
7721,144
7722,144
7723,144
7724,143
7725,143
7726,143
7727,143
7728,143
7729,142
7730,143
7731,143
7732,143
7733,143
7734,143
7735,143
7736,143
7737,143
7738,143
7739,143
7740,143
7741,143
7742,143
7743,143
7744,143
7745,142
7746,142
7747,142
7748,142
7749,142
7750,142
7751,142
7752,142
7753,142
7754,142
7755,143
7756,143
7757,143
7758,143
7759,143
7760,143
7761,143
7762,143
7763,143
7764,143
7765,143
7766,143
7767,143
7768,143
7769,143
7770,143
7771,143
7772,143
7773,143
7774,143
7775,143
7776,143
7777,143
7778,143
7779,143
7780,143
7781,143
7782,143
7783,143
7784,143
7785,143
7786,143
7787,143
7788,143
7789,143
7790,143
7791,143
7792,143
7793,143
7794,143
7795,143
7796,143
7797,143
7798,143
7799,143
7800,143
7801,143
7802,143
7803,143
7804,143
7805,143
7806,143
7807,143
7808,143
7809,143
7810,143
7811,142
7812,142
7813,142
7814,143
7815,143
7816,143
7817,143
7818,143
7819,143
7820,142
7821,143
7822,143
7823,143
7824,143
7825,143
7826,143
7827,143
7828,143
7829,143
7830,143
7831,143
7832,143
7833,143
7834,143
7835,143
7836,143
7837,143
7838,143
7839,143
7840,143
7841,143
7842,143
7843,143
7844,143
7845,143
7846,143
7847,143
7848,143
7849,143
7850,143
7851,143
7852,143
7853,143
7854,143
7855,142
7856,143
7857,143
7858,143
7859,142
7860,142
7861,142
7862,142
7863,142
7864,142
7865,142
7866,142
7867,142
7868,142
7869,142
7870,142
7871,142
7872,142
7873,142
7874,142
7875,141
7876,141
7877,141
7878,141
7879,141
7880,141
7881,141
7882,141
7883,141
7884,141
7885,141
7886,141
7887,141
7888,141
7889,141
7890,141
7891,141
7892,142
7893,142
7894,142
7895,142
7896,142
7897,142
7898,142
7899,141
7900,141
7901,141
7902,141
7903,141
7904,141
7905,141
7906,141
7907,141
7908,141
7909,141
7910,141
7911,141
7912,140
7913,140
7914,140
7915,140
7916,140
7917,140
7918,140
7919,140
7920,140
7921,141
7922,141
7923,141
7924,141
7925,142
7926,142
7927,142
7928,142
7929,142
7930,142
7931,142
7932,142
7933,141
7934,141
7935,141
7936,141
7937,141
7938,141
7939,141
7940,141
7941,141
7942,141
7943,141
7944,141
7945,141
7946,140
7947,140
7948,140
7949,141
7950,141
7951,141
7952,140
7953,140
7954,140
7955,140
7956,141
7957,141
7958,141
7959,141
7960,141
7961,141
7962,141
7963,140
7964,140
7965,140
7966,140
7967,140
7968,141
7969,141
7970,141
7971,141
7972,141
7973,141
7974,141
7975,141
7976,140
7977,140
7978,140
7979,140
7980,140
7981,140
7982,140
7983,140
7984,140
7985,140
7986,140
7987,140
7988,140
7989,140
7990,140
7991,140
7992,140
7993,140
7994,140
7995,140
7996,140
7997,141
7998,141
7999,141
8000,141
8001,141
8002,141
8003,141
8004,141
8005,141
8006,141
8007,141
8008,141
8009,141
8010,141
8011,141
8012,140
8013,140
8014,140
8015,141
8016,141
8017,141
8018,141
8019,141
8020,141
8021,141
8022,141
8023,140
8024,140
8025,141
8026,141
8027,141
8028,141
8029,141
8030,141
8031,141
8032,141
8033,140
8034,140
8035,140
8036,140
8037,140
8038,140
8039,140
8040,140
8041,141
8042,141
8043,141
8044,141
8045,141
8046,141
8047,141
8048,141
8049,141
8050,141
8051,141
8052,141
8053,141
8054,141
8055,141
8056,141
8057,141
8058,141
8059,141
8060,141
8061,141
8062,141
8063,141
8064,141
8065,141
8066,141
8067,141
8068,141
8069,141
8070,141
8071,141
8072,141
8073,141
8074,141
8075,141
8076,141
8077,141
8078,141
8079,141
8080,141
8081,141
8082,141
8083,141
8084,141
8085,141
8086,141
8087,141
8088,141
8089,141
8090,141
8091,141
8092,141
8093,141
8094,141
8095,141
8096,141
8097,140
8098,140
8099,140
8100,140
8101,140
8102,140
8103,140
8104,140
8105,141
8106,140
8107,140
8108,140
8109,140
8110,140
8111,140
8112,140
8113,140
8114,140
8115,140
8116,140
8117,141
8118,141
8119,140
8120,140
8121,140
8122,141
8123,141
8124,141
8125,141
8126,141
8127,141
8128,141
8129,141
8130,141
8131,141
8132,141
8133,141
8134,141
8135,141
8136,141
8137,141
8138,141
8139,141
8140,141
8141,141
8142,140
8143,141
8144,141
8145,141
8146,141
8147,141
8148,141
8149,141
8150,141
8151,141
8152,141
8153,141
8154,141
8155,141
8156,141
8157,141
8158,141
8159,141
8160,141
8161,141
8162,141
8163,140
8164,140
8165,140
8166,140
8167,140
8168,140
8169,140
8170,140
8171,140
8172,140
8173,140
8174,140
8175,140
8176,140
8177,140
8178,140
8179,140
8180,140
8181,140
8182,140
8183,140
8184,140
8185,140
8186,140
8187,140
8188,140
8189,140
8190,140
8191,140
8192,140
8193,140
8194,140
8195,140
8196,140
8197,140
8198,140
8199,140
8200,140
8201,140
8202,140
8203,140
8204,140
8205,140
8206,140
8207,140
8208,140
8209,140
8210,140
8211,140
8212,140
8213,140
8214,140
8215,140
8216,140
8217,139
8218,139
8219,139
8220,139
8221,140
8222,140
8223,139
8224,139
8225,139
8226,139
8227,139
8228,139
8229,139
8230,139
8231,139
8232,139
8233,139
8234,138
8235,138
8236,138
8237,138
8238,138
8239,138
8240,138
8241,138
8242,138
8243,138
8244,138
8245,138
8246,138
8247,138
8248,138
8249,138
8250,138
8251,138
8252,138
8253,138
8254,138
8255,138
8256,138
8257,138
8258,138
8259,138
8260,138
8261,138
8262,138
8263,138
8264,138
8265,138
8266,139
8267,138
8268,138
8269,139
8270,139
8271,138
8272,138
8273,138
8274,138
8275,139
8276,139
8277,139
8278,139
8279,139
8280,139
8281,139
8282,139
8283,139
8284,139
8285,139
8286,139
8287,139
8288,139
8289,139
8290,139
8291,139
8292,139
8293,139
8294,138
8295,139
8296,139
8297,139
8298,139
8299,139
8300,139
8301,139
8302,139
8303,139
8304,139
8305,139
8306,139
8307,139
8308,139
8309,139
8310,139
8311,138
8312,138
8313,138
8314,138
8315,138
8316,138
8317,138
8318,138
8319,138
8320,138
8321,138
8322,138
8323,138
8324,137
8325,137
8326,137
8327,137
8328,137
8329,138
8330,138
8331,138
8332,138
8333,138
8334,138
8335,138
8336,138
8337,138
8338,138
8339,138
8340,138
8341,138
8342,138
8343,138
8344,138
8345,138
8346,138
8347,138
8348,138
8349,138
8350,138
8351,138
8352,138
8353,138
8354,138
8355,137
8356,138
8357,138
8358,138
8359,138
8360,138
8361,138
8362,138
8363,138
8364,138
8365,138
8366,138
8367,138
8368,138
8369,138
8370,138
8371,138
8372,138
8373,138
8374,138
8375,138
8376,138
8377,137
8378,138
8379,138
8380,138
8381,138
8382,138
8383,138
8384,138
8385,138
8386,138
8387,138
8388,138
8389,138
8390,138
8391,138
8392,138
8393,138
8394,138
8395,138
8396,138
8397,138
8398,137
8399,137
8400,137
8401,137
8402,137
8403,137
8404,137
8405,137
8406,137
8407,138
8408,138
8409,138
8410,138
8411,138
8412,138
8413,138
8414,138
8415,138
8416,138
8417,138
8418,138
8419,138
8420,138
8421,138
8422,138
8423,138
8424,138
8425,138
8426,138
8427,138
8428,138
8429,138
8430,138
8431,138
8432,138
8433,138
8434,138
8435,138
8436,138
8437,138
8438,138
8439,138
8440,138
8441,138
8442,138
8443,138
8444,138
8445,138
8446,138
8447,138
8448,138
8449,138
8450,138
8451,138
8452,138
8453,138
8454,138
8455,138
8456,138
8457,138
8458,137
8459,138
8460,138
8461,138
8462,138
8463,138
8464,138
8465,138
8466,138
8467,138
8468,138
8469,138
8470,138
8471,137
8472,137
8473,137
8474,137
8475,138
8476,138
8477,138
8478,138
8479,138
8480,138
8481,138
8482,138
8483,137
8484,137
8485,137
8486,137
8487,137
8488,137
8489,138
8490,138
8491,138
8492,138
8493,138
8494,138
8495,138
8496,137
8497,137
8498,138
8499,138
8500,138
8501,138
8502,138
8503,138
8504,138
8505,138
8506,138
8507,138
8508,138
8509,138
8510,138
8511,138
8512,138
8513,138
8514,138
8515,138
8516,138
8517,138
8518,138
8519,138
8520,138
8521,138
8522,138
8523,138
8524,138
8525,138
8526,138
8527,138
8528,138
8529,138
8530,138
8531,138
8532,138
8533,139
8534,138
8535,138
8536,138
8537,138
8538,138
8539,138
8540,138
8541,138
8542,138
8543,138
8544,138
8545,138
8546,138
8547,138
8548,138
8549,138
8550,138
8551,138
8552,138
8553,138
8554,138
8555,138
8556,138
8557,138
8558,137
8559,137
8560,137
8561,137
8562,137
8563,137
8564,137
8565,137
8566,137
8567,137
8568,137
8569,137
8570,137
8571,138
8572,138
8573,138
8574,138
8575,138
8576,137
8577,138
8578,138
8579,138
8580,138
8581,138
8582,138
8583,138
8584,137
8585,137
8586,138
8587,138
8588,138
8589,137
8590,137
8591,137
8592,137
8593,137
8594,137
8595,137
8596,137
8597,137
8598,137
8599,137
8600,137
8601,137
8602,137
8603,137
8604,137
8605,137
8606,138
8607,138
8608,138
8609,138
8610,138
8611,138
8612,137
8613,137
8614,137
8615,137
8616,137
8617,137
8618,136
8619,137
8620,137
8621,137
8622,137
8623,137
8624,136
8625,136
8626,137
8627,136
8628,136
8629,136
8630,136
8631,136
8632,136
8633,136
8634,136
8635,136
8636,136
8637,136
8638,136
8639,136
8640,136
8641,136
8642,136
8643,136
8644,136
8645,136
8646,136
8647,136
8648,136
8649,137
8650,137
8651,137
8652,137
8653,137
8654,137
8655,137
8656,137
8657,137
8658,137
8659,137
8660,137
8661,136
8662,137
8663,137
8664,137
8665,137
8666,136
8667,136
8668,136
8669,136
8670,136
8671,136
8672,137
8673,137
8674,137
8675,137
8676,137
8677,137
8678,137
8679,137
8680,137
8681,137
8682,137
8683,137
8684,137
8685,137
8686,137
8687,136
8688,137
8689,137
8690,136
8691,137
8692,137
8693,137
8694,137
8695,137
8696,137
8697,136
8698,136
8699,136
8700,136
8701,136
8702,136
8703,137
8704,137
8705,137
8706,137
8707,137
8708,137
8709,137
8710,137
8711,137
8712,137
8713,136
8714,136
8715,136
8716,136
8717,136
8718,136
8719,136
8720,136
8721,137
8722,137
8723,137
8724,137
8725,137
8726,137
8727,137
8728,137
8729,137
8730,137
8731,137
8732,136
8733,136
8734,136
8735,136
8736,136
8737,136
8738,136
8739,136
8740,136
8741,136
8742,136
8743,136
8744,136
8745,136
8746,136
8747,136
8748,136
8749,136
8750,136
8751,136
8752,136
8753,136
8754,136
8755,136
8756,135
8757,136
8758,136
8759,136
8760,136
8761,136
8762,135
8763,136
8764,136
8765,136
8766,135
8767,136
8768,136
8769,136
8770,136
8771,136
8772,136
8773,136
8774,136
8775,136
8776,136
8777,136
8778,136
8779,136
8780,136
8781,136
8782,136
8783,136
8784,137
8785,137
8786,137
8787,137
8788,137
8789,137
8790,137
8791,136
8792,137
8793,137
8794,137
8795,137
8796,137
8797,137
8798,137
8799,137
8800,137
8801,137
8802,136
8803,136
8804,136
8805,136
8806,137
8807,137
8808,137
8809,137
8810,137
8811,137
8812,137
8813,137
8814,137
8815,137
8816,137
8817,137
8818,137
8819,137
8820,137
8821,137
8822,137
8823,137
8824,137
8825,137
8826,137
8827,137
8828,137
8829,137
8830,137
8831,137
8832,137
8833,137
8834,137
8835,137
8836,137
8837,137
8838,137
8839,137
8840,137
8841,137
8842,137
8843,137
8844,137
8845,137
8846,137
8847,137
8848,137
8849,137
8850,137
8851,137
8852,137
8853,137
8854,137
8855,136
8856,136
8857,136
8858,136
8859,136
8860,136
8861,136
8862,136
8863,136
8864,136
8865,136
8866,136
8867,136
8868,137
8869,137
8870,137
8871,137
8872,137
8873,137
8874,137
8875,137
8876,137
8877,137
8878,137
8879,137
8880,137
8881,137
8882,137
8883,137
8884,137
8885,137
8886,137
8887,137
8888,137
8889,137
8890,137
8891,137
8892,137
8893,137
8894,137
8895,137
8896,137
8897,137
8898,137
8899,137
8900,137
8901,137
8902,137
8903,137
8904,137
8905,137
8906,137
8907,137
8908,138
8909,138
8910,138
8911,137
8912,137
8913,137
8914,137
8915,137
8916,137
8917,137
8918,137
8919,137
8920,137
8921,137
8922,137
8923,137
8924,137
8925,137
8926,137
8927,137
8928,137
8929,137
8930,137
8931,137
8932,137
8933,137
8934,136
8935,137
8936,137
8937,137
8938,136
8939,137
8940,137
8941,137
8942,137
8943,137
8944,137
8945,137
8946,137
8947,137
8948,137
8949,137
8950,137
8951,137
8952,136
8953,136
8954,137
8955,137
8956,137
8957,137
8958,137
8959,137
8960,137
8961,137
8962,137
8963,137
8964,137
8965,137
8966,137
8967,137
8968,137
8969,137
8970,137
8971,137
8972,137
8973,137
8974,137
8975,138
8976,138
8977,138
8978,138
8979,138
8980,138
8981,138
8982,138
8983,138
8984,138
8985,138
8986,138
8987,138
8988,138
8989,138
8990,138
8991,138
8992,138
8993,137
8994,138
8995,138
8996,138
8997,138
8998,138
8999,137
9000,138
9001,138
9002,138
9003,138
9004,138
9005,138
9006,138
9007,138
9008,138
9009,138
9010,138
9011,138
9012,138
9013,138
9014,138
9015,138
9016,138
9017,138
9018,138
9019,138
9020,138
9021,138
9022,138
9023,138
9024,137
9025,137
9026,137
9027,137
9028,138
9029,137
9030,137
9031,137
9032,137
9033,137
9034,137
9035,137
9036,138
9037,138
9038,137
9039,137
9040,137
9041,137
9042,137
9043,137
9044,137
9045,137
9046,137
9047,137
9048,137
9049,137
9050,137
9051,137
9052,137
9053,137
9054,137
9055,137
9056,137
9057,137
9058,137
9059,137
9060,137
9061,137
9062,138
9063,138
9064,138
9065,138
9066,138
9067,138
9068,138
9069,138
9070,137
9071,138
9072,138
9073,138
9074,138
9075,138
9076,138
9077,138
9078,138
9079,138
9080,138
9081,138
9082,138
9083,138
9084,138
9085,138
9086,138
9087,138
9088,138
9089,138
9090,138
9091,138
9092,138
9093,137
9094,137
9095,137
9096,137
9097,137
9098,137
9099,137
9100,138
9101,138
9102,138
9103,137
9104,137
9105,137
9106,137
9107,137
9108,137
9109,137
9110,137
9111,137
9112,137
9113,137
9114,137
9115,137
9116,137
9117,137
9118,137
9119,137
9120,137
9121,137
9122,137
9123,137
9124,138
9125,137
9126,137
9127,137
9128,137
9129,137
9130,137
9131,137
9132,137
9133,137
9134,137
9135,137
9136,137
9137,137
9138,137
9139,137
9140,137
9141,137
9142,137
9143,136
9144,136
9145,136
9146,136
9147,136
9148,136
9149,136
9150,136
9151,136
9152,136
9153,136
9154,136
9155,136
9156,136
9157,136
9158,136
9159,136
9160,137
9161,137
9162,137
9163,137
9164,137
9165,137
9166,137
9167,137
9168,137
9169,137
9170,137
9171,137
9172,137
9173,137
9174,137
9175,137
9176,137
9177,137
9178,137
9179,137
9180,137
9181,137
9182,137
9183,137
9184,137
9185,137
9186,137
9187,137
9188,136
9189,136
9190,136
9191,136
9192,136
9193,136
9194,136
9195,136
9196,136
9197,136
9198,136
9199,136
9200,136
9201,136
9202,136
9203,136
9204,136
9205,136
9206,136
9207,136
9208,137
9209,137
9210,137
9211,137
9212,137
9213,137
9214,137
9215,136
9216,136
9217,137
9218,137
9219,137
9220,137
9221,137
9222,137
9223,137
9224,137
9225,137
9226,137
9227,137
9228,137
9229,137
9230,137
9231,137
9232,137
9233,137
9234,137
9235,137
9236,137
9237,137
9238,137
9239,137
9240,137
9241,137
9242,136
9243,137
9244,136
9245,137
9246,137
9247,137
9248,137
9249,137
9250,137
9251,137
9252,137
9253,137
9254,137
9255,137
9256,137
9257,137
9258,137
9259,137
9260,137
9261,137
9262,137
9263,137
9264,137
9265,137
9266,137
9267,137
9268,137
9269,137
9270,137
9271,137
9272,137
9273,137
9274,137
9275,137
9276,137
9277,137
9278,137
9279,137
9280,137
9281,137
9282,137
9283,137
9284,137
9285,137
9286,136
9287,136
9288,137
9289,137
9290,137
9291,137
9292,137
9293,137
9294,137
9295,136
9296,136
9297,136
9298,136
9299,136
9300,136
9301,136
9302,136
9303,136
9304,136
9305,136
9306,136
9307,136
9308,136
9309,136
9310,136
9311,136
9312,136
9313,136
9314,136
9315,136
9316,137
9317,137
9318,137
9319,136
9320,136
9321,136
9322,136
9323,136
9324,136
9325,136
9326,136
9327,136
9328,136
9329,136
9330,136
9331,136
9332,136
9333,136
9334,136
9335,137
9336,137
9337,136
9338,136
9339,136
9340,136
9341,136
9342,136
9343,136
9344,136
9345,136
9346,136
9347,136
9348,136
9349,136
9350,136
9351,136
9352,136
9353,136
9354,136
9355,135
9356,135
9357,135
9358,135
9359,136
9360,136
9361,136
9362,136
9363,136
9364,136
9365,136
9366,136
9367,136
9368,136
9369,136
9370,136
9371,136
9372,136
9373,136
9374,136
9375,136
9376,136
9377,136
9378,136
9379,136
9380,136
9381,136
9382,136
9383,136
9384,136
9385,135
9386,135
9387,135
9388,135
9389,135
9390,135
9391,135
9392,135
9393,135
9394,135
9395,135
9396,135
9397,136
9398,136
9399,135
9400,135
9401,135
9402,135
9403,135
9404,135
9405,135
9406,135
9407,135
9408,135
9409,135
9410,135
9411,135
9412,136
9413,136
9414,136
9415,135
9416,136
9417,136
9418,136
9419,136
9420,135
9421,135
9422,135
9423,135
9424,135
9425,135
9426,135
9427,135
9428,136
9429,136
9430,136
9431,135
9432,135
9433,135
9434,135
9435,135
9436,135
9437,135
9438,135
9439,135
9440,135
9441,135
9442,135
9443,135
9444,135
9445,135
9446,135
9447,135
9448,135
9449,135
9450,135
9451,135
9452,135
9453,135
9454,135
9455,135
9456,136
9457,136
9458,136
9459,136
9460,136
9461,136
9462,136
9463,135
9464,136
9465,135
9466,136
9467,136
9468,135
9469,135
9470,135
9471,135
9472,135
9473,135
9474,135
9475,136
9476,136
9477,136
9478,136
9479,136
9480,136
9481,136
9482,136
9483,136
9484,136
9485,136
9486,136
9487,136
9488,136
9489,136
9490,136
9491,136
9492,136
9493,136
9494,136
9495,136
9496,136
9497,136
9498,136
9499,136
9500,136
9501,136
9502,136
9503,136
9504,136
9505,136
9506,136
9507,136
9508,136
9509,136
9510,136
9511,136
9512,135
9513,136
9514,136
9515,136
9516,136
9517,136
9518,136
9519,136
9520,136
9521,136
9522,136
9523,136
9524,136
9525,136
9526,136
9527,136
9528,136
9529,135
9530,136
9531,136
9532,136
9533,136
9534,136
9535,136
9536,136
9537,136
9538,136
9539,135
9540,135
9541,135
9542,135
9543,135
9544,135
9545,136
9546,135
9547,135
9548,135
9549,135
9550,135
9551,135
9552,135
9553,135
9554,135
9555,135
9556,135
9557,135
9558,135
9559,135
9560,135
9561,135
9562,136
9563,136
9564,136
9565,136
9566,136
9567,135
9568,135
9569,136
9570,136
9571,135
9572,135
9573,135
9574,135
9575,135
9576,135
9577,135
9578,135
9579,135
9580,135
9581,135
9582,135
9583,135
9584,135
9585,135
9586,135
9587,135
9588,135
9589,135
9590,135
9591,135
9592,135
9593,136
9594,136
9595,136
9596,136
9597,136
9598,136
9599,136
9600,136
9601,136
9602,136
9603,135
9604,135
9605,135
9606,135
9607,135
9608,135
9609,135
9610,135
9611,135
9612,135
9613,135
9614,135
9615,135
9616,135
9617,135
9618,135
9619,135
9620,135
9621,135
9622,135
9623,135
9624,135
9625,135
9626,135
9627,135
9628,135
9629,135
9630,135
9631,135
9632,135
9633,135
9634,135
9635,135
9636,135
9637,135
9638,135
9639,135
9640,134
9641,135
9642,135
9643,135
9644,135
9645,135
9646,135
9647,135
9648,135
9649,135
9650,135
9651,135
9652,135
9653,135
9654,135
9655,135
9656,134
9657,134
9658,134
9659,134
9660,134
9661,135
9662,134
9663,134
9664,134
9665,134
9666,134
9667,134
9668,134
9669,134
9670,134
9671,134
9672,133
9673,133
9674,134
9675,134
9676,134
9677,134
9678,134
9679,134
9680,134
9681,134
9682,134
9683,134
9684,134
9685,134
9686,134
9687,134
9688,134
9689,134
9690,134
9691,133
9692,133
9693,133
9694,133
9695,133
9696,133
9697,133
9698,134
9699,134
9700,134
9701,134
9702,134
9703,134
9704,134
9705,134
9706,134
9707,134
9708,134
9709,134
9710,134
9711,134
9712,134
9713,133
9714,133
9715,133
9716,133
9717,133
9718,133
9719,133
9720,133
9721,133
9722,133
9723,133
9724,134
9725,134
9726,134
9727,134
9728,134
9729,134
9730,134
9731,134
9732,134
9733,134
9734,134
9735,133
9736,134
9737,134
9738,134
9739,134
9740,134
9741,134
9742,134
9743,134
9744,134
9745,134
9746,134
9747,134
9748,134
9749,134
9750,134
9751,134
9752,134
9753,134
9754,134
9755,134
9756,134
9757,134
9758,134
9759,134
9760,134
9761,134
9762,134
9763,134
9764,134
9765,134
9766,133
9767,133
9768,134
9769,134
9770,134
9771,133
9772,134
9773,134
9774,134
9775,134
9776,134
9777,134
9778,134
9779,134
9780,134
9781,134
9782,134
9783,134
9784,134
9785,134
9786,134
9787,133
9788,133
9789,133
9790,134
9791,134
9792,134
9793,134
9794,134
9795,134
9796,134
9797,133
9798,133
9799,133
9800,133
9801,133
9802,133
9803,133
9804,133
9805,133
9806,133
9807,133
9808,133
9809,133
9810,133
9811,133
9812,133
9813,133
9814,133
9815,133
9816,132
9817,132
9818,133
9819,132
9820,133
9821,132
9822,132
9823,132
9824,132
9825,132
9826,132
9827,132
9828,132
9829,132
9830,132
9831,132
9832,132
9833,132
9834,132
9835,132
9836,132
9837,132
9838,132
9839,133
9840,133
9841,133
9842,133
9843,133
9844,133
9845,133
9846,133
9847,133
9848,133
9849,133
9850,133
9851,133
9852,133
9853,133
9854,133
9855,133
9856,133
9857,133
9858,133
9859,133
9860,133
9861,133
9862,133
9863,133
9864,133
9865,133
9866,133
9867,133
9868,133
9869,133
9870,133
9871,133
9872,133
9873,132
9874,132
9875,132
9876,132
9877,132
9878,132
9879,133
9880,132
9881,132
9882,133
9883,133
9884,133
9885,133
9886,133
9887,133
9888,133
9889,133
9890,133
9891,133
9892,133
9893,133
9894,133
9895,133
9896,133
9897,133
9898,133
9899,133
9900,133
9901,133
9902,133
9903,133
9904,133
9905,133
9906,133
9907,133
9908,133
9909,133
9910,133
9911,133
9912,133
9913,132
9914,132
9915,132
9916,132
9917,132
9918,132
9919,132
9920,132
9921,132
9922,132
9923,132
9924,132
9925,132
9926,132
9927,133
9928,132
9929,133
9930,133
9931,133
9932,133
9933,133
9934,133
9935,133
9936,133
9937,133
9938,132
9939,133
9940,133
9941,133
9942,133
9943,133
9944,133
9945,133
9946,133
9947,133
9948,133
9949,133
9950,134
9951,133
9952,133
9953,133
9954,133
9955,133
9956,133
9957,133
9958,133
9959,133
9960,133
9961,133
9962,133
9963,133
9964,132
9965,132
9966,132
9967,132
9968,132
9969,132
9970,132
9971,132
9972,132
9973,133
9974,133
9975,133
9976,133
9977,133
9978,133
9979,133
9980,133
9981,133
9982,133
9983,133
9984,133
9985,133
9986,133
9987,133
9988,133
9989,134
9990,134
9991,133
9992,134
9993,133
9994,134
9995,134
9996,134
9997,134
9998,134
9999,134
