0,150
1,150
2,150
3,150
4,150
5,150
6,150
7,150
8,150
9,150
10,150
11,150
12,150
13,150
14,149
15,149
16,149
17,149
18,149
19,149
20,148
21,148
22,149
23,149
24,149
25,149
26,148
27,148
28,148
29,148
30,148
31,148
32,148
33,148
34,148
35,148
36,148
37,148
38,148
39,149
40,149
41,149
42,149
43,149
44,149
45,149
46,149
47,149
48,149
49,149
50,149
51,149
52,149
53,149
54,149
55,150
56,150
57,150
58,150
59,150
60,150
61,150
62,150
63,149
64,150
65,150
66,150
67,150
68,150
69,150
70,150
71,150
72,150
73,150
74,150
75,150
76,150
77,150
78,150
79,150
80,150
81,150
82,150
83,150
84,150
85,150
86,150
87,150
88,150
89,150
90,150
91,150
92,150
93,149
94,149
95,149
96,149
97,149
98,149
99,150
100,150
101,150
102,150
103,150
104,150
105,149
106,149
107,149
108,149
109,149
110,149
111,149
112,149
113,149
114,149
115,150
116,150
117,150
118,150
119,150
120,150
121,150
122,150
123,150
124,150
125,150
126,150
127,150
128,150
129,150
130,150
131,150
132,150
133,150
134,150
135,150
136,150
137,150
138,150
139,150
140,150
141,150
142,150
143,150
144,150
145,150
146,150
147,150
148,150
149,150
150,150
151,150
152,149
153,150
154,150
155,150
156,150
157,150
158,150
159,150
160,150
161,150
162,150
163,150
164,150
165,150
166,150
167,150
168,150
169,150
170,150
171,150
172,150
173,150
174,150
175,150
176,150
177,150
178,150
179,150
180,150
181,150
182,150
183,150
184,150
185,150
186,150
187,150
188,150
189,149
190,149
191,150
192,150
193,150
194,150
195,150
196,150
197,149
198,149
199,149
200,149
201,149
202,149
203,149
204,149
205,150
206,150
207,150
208,150
209,150
210,149
211,150
212,150
213,150
214,149
215,150
216,150
217,150
218,150
219,150
220,150
221,150
222,150
223,150
224,150
225,150
226,150
227,149
228,149
229,149
230,149
231,149
232,149
233,149
234,149
235,149
236,149
237,149
238,149
239,149
240,149
241,149
242,149
243,149
244,149
245,149
246,149
247,149
248,149
249,149
250,150
251,150
252,150
253,150
254,150
255,150
256,149
257,149
258,149
259,149
260,149
261,149
262,149
263,149
264,149
265,149
266,149
267,149
268,149
269,149
270,149
271,149
272,149
273,148
274,148
275,149
276,149
277,149
278,149
279,149
280,149
281,149
282,149
283,149
284,149
285,149
286,149
287,148
288,148
289,148
290,149
291,149
292,149
293,149
294,149
295,149
296,149
297,149
298,149
299,149
300,149
301,148
302,148
303,148
304,148
305,148
306,148
307,148
308,148
309,148
310,148
311,148
312,148
313,148
314,148
315,148
316,148
317,149
318,149
319,148
320,148
321,149
322,149
323,149
324,149
325,149
326,149
327,149
328,149
329,149
330,149
331,149
332,149
333,149
334,149
335,149
336,149
337,149
338,149
339,148
340,148
341,148
342,149
343,149
344,149
345,149
346,149
347,149
348,149
349,149
350,149
351,149
352,149
353,149
354,149
355,149
356,149
357,149
358,149
359,149
360,149
361,149
362,149
363,149
364,149
365,149
366,149
367,149
368,149
369,149
370,149
371,149
372,149
373,149
374,149
375,149
376,149
377,149
378,149
379,149
380,149
381,149
382,149
383,149
384,148
385,148
386,148
387,148
388,149
389,149
390,149
391,149
392,149
393,149
394,149
395,149
396,149
397,148
398,148
399,148
400,149
401,149
402,148
403,148
404,148
405,148
406,148
407,148
408,148
409,148
410,148
411,148
412,148
413,148
414,148
415,148
416,148
417,148
418,148
419,148
420,148
421,148
422,147
423,147
424,147
425,147
426,147
427,147
428,147
429,147
430,147
431,147
432,147
433,147
434,147
435,147
436,147
437,147
438,147
439,147
440,147
441,147
442,147
443,147
444,147
445,147
446,147
447,147
448,147
449,147
450,147
451,147
452,147
453,147
454,147
455,147
456,147
457,147
458,147
459,147
460,147
461,147
462,147
463,147
464,147
465,147
466,148
467,148
468,147
469,147
470,147
471,147
472,147
473,147
474,147
475,148
476,147
477,147
478,148
479,148
480,148
481,148
482,148
483,148
484,148
485,148
486,148
487,149
488,149
489,149
490,149
491,149
492,149
493,149
494,149
495,149
496,149
497,148
498,149
499,149
500,149
501,149
502,149
503,148
504,149
505,149
506,149
507,149
508,149
509,149
510,149
511,149
512,149
513,149
514,149
515,149
516,149
517,149
518,149
519,149
520,149
521,149
522,149
523,149
524,149
525,149
526,149
527,149
528,149
529,149
530,149
531,149
532,149
533,149
534,149
535,149
536,150
537,150
538,150
539,150
540,150
541,150
542,150
543,150
544,150
545,150
546,150
547,150
548,150
549,150
550,150
551,150
552,150
553,150
554,150
555,150
556,150
557,151
558,151
559,151
560,151
561,151
562,150
563,151
564,151
565,151
566,151
567,151
568,150
569,150
570,150
571,150
572,150
573,150
574,151
575,151
576,151
577,151
578,151
579,151
580,151
581,151
582,151
583,151
584,151
585,151
586,151
587,151
588,151
589,151
590,151
591,151
592,151
593,151
594,150
595,150
596,150
597,150
598,150
599,150
600,150
601,150
602,150
603,150
604,150
605,150
606,150
607,150
608,150
609,150
610,150
611,150
612,150
613,150
614,150
615,150
616,150
617,150
618,150
619,149
620,149
621,150
622,150
623,150
624,150
625,150
626,150
627,150
628,149
629,150
630,150
631,149
632,149
633,149
634,149
635,149
636,150
637,149
638,149
639,149
640,149
641,149
642,149
643,149
644,150
645,150
646,150
647,150
648,150
649,150
650,150
651,150
652,150
653,150
654,150
655,150
656,150
657,150
658,150
659,150
660,150
661,151
662,151
663,151
664,151
665,151
666,151
667,151
668,151
669,151
670,151
671,151
672,151
673,150
674,150
675,150
676,150
677,150
678,150
679,150
680,150
681,150
682,150
683,150
684,150
685,150
686,150
687,150
688,150
689,150
690,149
691,149
692,149
693,149
694,149
695,150
696,150
697,149
698,150
699,150
700,150
701,150
702,150
703,150
704,150
705,150
706,150
707,150
708,150
709,150
710,150
711,150
712,150
713,150
714,150
715,150
716,150
717,150
718,150
719,150
720,150
721,150
722,149
723,149
724,149
725,150
726,150
727,150
728,150
729,150
730,150
731,150
732,150
733,149
734,149
735,149
736,149
737,149
738,149
739,149
740,149
741,149
742,149
743,149
744,149
745,149
746,149
747,148
748,148
749,149
750,149
751,149
752,149
753,149
754,149
755,149
756,149
757,149
758,149
759,149
760,149
761,149
762,149
763,149
764,149
765,149
766,149
767,149
768,149
769,149
770,149
771,149
772,149
773,149
774,150
775,150
776,149
777,149
778,149
779,149
780,149
781,149
782,149
783,149
784,149
785,149
786,149
787,149
788,149
789,149
790,149
791,149
792,149
793,149
794,149
795,149
796,149
797,149
798,148
799,148
800,148
801,148
802,148
803,148
804,148
805,149
806,149
807,149
808,149
809,149
810,149
811,148
812,148
813,148
814,148
815,149
816,149
817,149
818,149
819,149
820,149
821,149
822,149
823,149
824,149
825,149
826,149
827,149
828,149
829,149
830,150
831,150
832,150
833,150
834,150
835,150
836,150
837,150
838,150
839,150
840,150
841,150
842,150
843,150
844,149
845,149
846,150
847,150
848,150
849,150
850,150
851,150
852,150
853,150
854,150
855,150
856,150
857,149
858,149
859,150
860,150
861,150
862,150
863,150
864,150
865,150
866,150
867,150
868,150
869,149
870,150
871,150
872,149
873,149
874,149
875,149
876,149
877,149
878,149
879,149
880,150
881,150
882,150
883,150
884,149
885,149
886,149
887,149
888,149
889,149
890,149
891,149
892,149
893,149
894,149
895,149
896,149
897,150
898,150
899,150
900,150
901,150
902,150
903,150
904,150
905,150
906,150
907,150
908,150
909,150
910,150
911,150
912,150
913,150
914,150
915,150
916,150
917,150
918,150
919,150
920,150
921,150
922,150
923,150
924,150
925,150
926,150
927,150
928,150
929,150
930,150
931,150
932,150
933,150
934,150
935,151
936,151
937,150
938,150
939,150
940,150
941,150
942,150
943,150
944,150
945,150
946,150
947,150
948,150
949,150
950,150
951,150
952,150
953,150
954,150
955,150
956,150
957,150
958,150
959,150
960,150
961,150
962,151
963,151
964,151
965,151
966,151
967,151
968,151
969,151
970,151
971,151
972,151
973,150
974,151
975,151
976,151
977,150
978,150
979,150
980,150
981,150
982,150
983,150
984,150
985,150
986,150
987,150
988,150
989,151
990,151
991,151
992,151
993,151
994,151
995,152
996,152
997,152
998,152
999,152
1000,152
1001,152
1002,152
1003,152
1004,152
1005,152
1006,152
1007,151
1008,151
1009,152
1010,152
1011,152
1012,152
1013,152
1014,152
1015,152
1016,152
1017,152
1018,152
1019,152
1020,152
1021,151
1022,151
1023,151
1024,151
1025,152
1026,152
1027,151
1028,152
1029,152
1030,152
1031,152
1032,152
1033,152
1034,152
1035,152
1036,152
1037,152
1038,152
1039,153
1040,153
1041,153
1042,153
1043,152
1044,153
1045,153
1046,153
1047,153
1048,153
1049,152
1050,152
1051,153
1052,153
1053,153
1054,153
1055,153
1056,153
1057,153
1058,153
1059,153
1060,153
1061,153
1062,153
1063,153
1064,153
1065,153
1066,153
1067,153
1068,153
1069,153
1070,153
1071,153
1072,153
1073,152
1074,152
1075,152
1076,152
1077,152
1078,152
1079,152
1080,152
1081,152
1082,152
1083,152
1084,152
1085,152
1086,152
1087,152
1088,152
1089,152
1090,152
1091,152
1092,152
1093,152
1094,152
1095,152
1096,152
1097,151
1098,152
1099,152
1100,152
1101,152
1102,152
1103,152
1104,152
1105,151
1106,151
1107,151
1108,151
1109,152
1110,152
1111,152
1112,152
1113,152
1114,152
1115,152
1116,152
1117,152
1118,152
1119,152
1120,152
1121,152
1122,152
1123,152
1124,152
1125,152
1126,152
1127,152
1128,152
1129,152
1130,151
1131,151
1132,152
1133,152
1134,152
1135,152
1136,152
1137,152
1138,152
1139,152
1140,152
1141,152
1142,152
1143,152
1144,152
1145,152
1146,152
1147,152
1148,152
1149,152
1150,153
1151,153
1152,153
1153,153
1154,153
1155,153
1156,153
1157,153
1158,153
1159,152
1160,152
1161,152
1162,153
1163,153
1164,153
1165,153
1166,153
1167,153
1168,153
1169,153
1170,153
1171,153
1172,153
1173,153
1174,153
1175,153
1176,153
1177,153
1178,153
1179,153
1180,153
1181,153
1182,153
1183,153
1184,153
1185,152
1186,152
1187,153
1188,153
1189,153
1190,152
1191,152
1192,153
1193,152
1194,152
1195,152
1196,152
1197,153
1198,152
1199,152
1200,152
1201,152
1202,152
1203,152
1204,152
1205,152
1206,152
1207,152
1208,152
1209,152
1210,152
1211,153
1212,153
1213,153
1214,153
1215,153
1216,153
1217,153
1218,153
1219,153
1220,153
1221,153
1222,153
1223,153
1224,153
1225,153
1226,153
1227,153
1228,153
1229,153
1230,153
1231,153
1232,153
1233,153
1234,153
1235,153
1236,153
1237,153
1238,153
1239,153
1240,153
1241,153
1242,153
1243,153
1244,153
1245,152
1246,153
1247,153
1248,153
1249,153
1250,153
1251,152
1252,152
1253,152
1254,152
1255,151
1256,151
1257,151
1258,152
1259,152
1260,152
1261,152
1262,152
1263,152
1264,152
1265,152
1266,152
1267,152
1268,151
1269,151
1270,152
1271,152
1272,152
1273,152
1274,152
1275,152
1276,152
1277,152
1278,152
1279,152
1280,152
1281,152
1282,152
1283,152
1284,152
1285,152
1286,152
1287,152
1288,151
1289,151
1290,151
1291,151
1292,151
1293,151
1294,151
1295,151
1296,151
1297,151
1298,151
1299,151
1300,151
1301,151
1302,151
1303,151
1304,151
1305,151
1306,151
1307,151
1308,151
1309,151
1310,151
1311,151
1312,151
1313,151
1314,151
1315,151
1316,151
1317,152
1318,152
1319,152
1320,152
1321,152
1322,152
1323,152
1324,152
1325,152
1326,152
1327,152
1328,152
1329,152
1330,152
1331,151
1332,151
1333,151
1334,151
1335,151
1336,152
1337,152
1338,152
1339,152
1340,152
1341,151
1342,151
1343,151
1344,151
1345,151
1346,151
1347,151
1348,151
1349,151
1350,152
1351,152
1352,152
1353,152
1354,152
1355,152
1356,152
1357,152
1358,152
1359,152
1360,152
1361,152
1362,152
1363,152
1364,152
1365,152
1366,152
1367,152
1368,152
1369,152
1370,152
1371,152
1372,152
1373,152
1374,152
1375,152
1376,152
1377,152
1378,152
1379,153
1380,153
1381,153
1382,153
1383,153
1384,153
1385,153
1386,153
1387,153
1388,153
1389,153
1390,153
1391,153
1392,153
1393,153
1394,153
1395,153
1396,153
1397,152
1398,153
1399,153
1400,153
1401,153
1402,152
1403,153
1404,153
1405,153
1406,153
1407,153
1408,153
1409,153
1410,153
1411,153
1412,153
1413,153
1414,153
1415,153
1416,153
1417,153
1418,153
1419,153
1420,153
1421,153
1422,153
1423,153
1424,153
1425,153
1426,153
1427,153
1428,153
1429,153
1430,153
1431,153
1432,153
1433,153
1434,153
1435,153
1436,153
1437,153
1438,153
1439,153
1440,153
1441,153
1442,153
1443,153
1444,153
1445,153
1446,153
1447,153
1448,153
1449,153
1450,153
1451,153
1452,153
1453,153
1454,153
1455,153
1456,153
1457,153
1458,153
1459,153
1460,153
1461,153
1462,153
1463,153
1464,153
1465,153
1466,153
1467,153
1468,153
1469,153
1470,153
1471,153
1472,153
1473,153
1474,153
1475,153
1476,152
1477,152
1478,152
1479,152
1480,152
1481,152
1482,152
1483,152
1484,152
1485,153
1486,153
1487,153
1488,153
1489,153
1490,153
1491,153
1492,153
1493,152
1494,153
1495,152
1496,152
1497,152
1498,153
1499,153
1500,153
1501,153
1502,153
1503,153
1504,153
1505,153
1506,153
1507,153
1508,153
1509,153
1510,153
1511,153
1512,153
1513,153
1514,153
1515,153
1516,153
1517,154
1518,154
1519,154
1520,154
1521,154
1522,154
1523,154
1524,154
1525,154
1526,154
1527,154
1528,154
1529,154
1530,154
1531,153
1532,153
1533,153
1534,153
1535,153
1536,153
1537,153
1538,153
1539,153
1540,153
1541,153
1542,154
1543,154
1544,154
1545,154
1546,154
1547,154
1548,154
1549,154
1550,154
1551,154
1552,154
1553,153
1554,154
1555,154
1556,154
1557,153
1558,153
1559,153
1560,153
1561,153
1562,153
1563,153
1564,153
1565,153
1566,153
1567,153
1568,153
1569,153
1570,153
1571,153
1572,153
1573,153
1574,153
1575,153
1576,153
1577,153
1578,153
1579,153
1580,153
1581,153
1582,153
1583,153
1584,153
1585,153
1586,153
1587,153
1588,153
1589,153
1590,153
1591,153
1592,153
1593,153
1594,153
1595,153
1596,153
1597,153
1598,153
1599,153
1600,153
1601,154
1602,154
1603,154
1604,154
1605,154
1606,154
1607,154
1608,154
1609,154
1610,154
1611,154
1612,154
1613,154
1614,154
1615,154
1616,154
1617,154
1618,154
1619,154
1620,153
1621,153
1622,153
1623,154
1624,154
1625,154
1626,154
1627,154
1628,154
1629,154
1630,154
1631,154
1632,154
1633,154
1634,154
1635,154
1636,154
1637,154
1638,154
1639,153
1640,153
1641,153
1642,153
1643,153
1644,153
1645,153
1646,153
1647,153
1648,153
1649,153
1650,153
1651,153
1652,152
1653,152
1654,152
1655,152
1656,152
1657,152
1658,152
1659,152
1660,152
1661,153
1662,152
1663,152
1664,152
1665,152
1666,152
1667,152
1668,152
1669,152
1670,152
1671,152
1672,152
1673,152
1674,152
1675,152
1676,152
1677,152
1678,153
1679,153
1680,153
1681,153
1682,153
1683,153
1684,153
1685,153
1686,152
1687,152
1688,152
1689,152
1690,152
1691,152
1692,152
1693,152
1694,152
1695,152
1696,152
1697,152
1698,152
1699,152
1700,152
1701,151
1702,151
1703,151
1704,151
1705,152
1706,152
1707,152
1708,152
1709,151
1710,152
1711,151
1712,151
1713,151
1714,151
1715,151
1716,151
1717,151
1718,151
1719,151
1720,151
1721,151
1722,151
1723,151
1724,151
1725,151
1726,151
1727,151
1728,151
1729,151
1730,151
1731,150
1732,150
1733,150
1734,150
1735,150
1736,150
1737,150
1738,150
1739,150
1740,150
1741,150
1742,150
1743,150
1744,150
1745,150
1746,150
1747,150
1748,150
1749,150
1750,150
1751,150
1752,150
1753,150
1754,150
1755,150
1756,150
1757,150
1758,151
1759,150
1760,151
1761,151
1762,151
1763,151
1764,151
1765,151
1766,151
1767,151
1768,151
1769,151
1770,151
1771,151
1772,151
1773,151
1774,151
1775,151
1776,151
1777,151
1778,152
1779,151
1780,151
1781,152
1782,152
1783,152
1784,152
1785,152
1786,152
1787,152
1788,152
1789,152
1790,152
1791,152
1792,152
1793,152
1794,152
1795,152
1796,152
1797,152
1798,152
1799,152
1800,152
1801,152
1802,151
1803,152
1804,152
1805,152
1806,152
1807,152
1808,152
1809,152
1810,152
1811,152
1812,151
1813,151
1814,151
1815,151
1816,151
1817,151
1818,151
1819,151
1820,152
1821,152
1822,152
1823,152
1824,152
1825,152
1826,152
1827,152
1828,152
1829,152
1830,152
1831,152
1832,152
1833,152
1834,152
1835,152
1836,152
1837,152
1838,152
1839,152
1840,151
1841,152
1842,152
1843,152
1844,152
1845,152
1846,152
1847,152
1848,152
1849,152
1850,152
1851,152
1852,152
1853,152
1854,152
1855,151
1856,151
1857,152
1858,152
1859,152
1860,152
1861,152
1862,152
1863,152
1864,152
1865,152
1866,152
1867,152
1868,152
1869,152
1870,152
1871,152
1872,152
1873,152
1874,152
1875,152
1876,152
1877,152
1878,152
1879,152
1880,152
1881,152
1882,152
1883,152
1884,151
1885,151
1886,151
1887,151
1888,151
1889,151
1890,151
1891,151
1892,151
1893,151
1894,152
1895,152
1896,152
1897,152
1898,152
1899,152
1900,152
1901,152
1902,152
1903,152
1904,152
1905,152
1906,152
1907,152
1908,152
1909,152
1910,152
1911,152
1912,151
1913,151
1914,151
1915,151
1916,151
1917,151
1918,151
1919,151
1920,151
1921,151
1922,151
1923,151
1924,151
1925,151
1926,152
1927,152
1928,151
1929,151
1930,152
1931,152
1932,152
1933,152
1934,152
1935,151
1936,151
1937,152
1938,152
1939,152
1940,152
1941,152
1942,152
1943,152
1944,152
1945,152
1946,152
1947,152
1948,152
1949,151
1950,151
1951,152
1952,152
1953,152
1954,152
1955,152
1956,151
1957,151
1958,151
1959,151
1960,151
1961,152
1962,152
1963,151
1964,151
1965,151
1966,151
1967,151
1968,151
1969,151
1970,151
1971,151
1972,151
1973,151
1974,151
1975,151
1976,151
1977,151
1978,151
1979,151
1980,151
1981,152
1982,152
1983,152
1984,152
1985,152
1986,152
1987,152
1988,152
1989,152
1990,152
1991,152
1992,152
1993,152
1994,152
1995,152
1996,152
1997,152
1998,152
1999,152
2000,152
2001,152
2002,152
2003,152
2004,152
2005,152
2006,152
2007,152
2008,152
2009,152
2010,152
2011,151
2012,151
2013,151
2014,151
2015,151
2016,151
2017,151
2018,151
2019,151
2020,151
2021,151
2022,152
2023,152
2024,152
2025,152
2026,152
2027,152
2028,152
2029,152
2030,152
2031,152
2032,152
2033,152
2034,152
2035,151
2036,152
2037,152
2038,152
2039,151
2040,151
2041,151
2042,151
2043,151
2044,151
2045,151
2046,152
2047,151
2048,151
2049,152
2050,152
2051,152
2052,152
2053,152
2054,152
2055,152
2056,152
2057,152
2058,152
2059,152
2060,152
2061,152
2062,152
2063,152
2064,152
2065,152
2066,152
2067,152
2068,152
2069,151
2070,151
2071,151
2072,152
2073,152
2074,152
2075,152
2076,152
2077,152
2078,152
2079,152
2080,152
2081,152
2082,152
2083,152
2084,152
2085,152
2086,152
2087,152
2088,152
2089,152
2090,152
2091,152
2092,152
2093,152
2094,152
2095,151
2096,151
2097,151
2098,151
2099,152
2100,151
2101,151
2102,151
2103,151
2104,151
2105,151
2106,151
2107,151
2108,152
2109,152
2110,152
2111,152
2112,152
2113,152
2114,152
2115,152
2116,152
2117,152
2118,152
2119,152
2120,152
2121,152
2122,152
2123,152
2124,153
2125,153
2126,153
2127,153
2128,153
2129,153
2130,152
2131,152
2132,152
2133,152
2134,153
2135,153
2136,153
2137,153
2138,153
2139,153
2140,153
2141,153
2142,153
2143,153
2144,153
2145,153
2146,153
2147,153
2148,153
2149,153
2150,153
2151,153
2152,153
2153,153
2154,153
2155,153
2156,153
2157,153
2158,153
2159,153
2160,153
2161,153
2162,153
2163,153
2164,153
2165,153
2166,153
2167,153
2168,153
2169,153
2170,153
2171,153
2172,153
2173,153
2174,152
2175,152
2176,152
2177,153
2178,153
2179,153
2180,153
2181,153
2182,153
2183,153
2184,153
2185,153
2186,153
2187,153
2188,152
2189,153
2190,153
2191,153
2192,153
2193,153
2194,153
2195,152
2196,152
2197,152
2198,152
2199,152
2200,152
2201,153
2202,153
2203,153
2204,153
2205,153
2206,153
2207,153
2208,153
2209,153
2210,153
2211,153
2212,153
2213,153
2214,153
2215,153
2216,153
2217,153
2218,153
2219,153
2220,153
2221,153
2222,153
2223,153
2224,153
2225,153
2226,153
2227,153
2228,153
2229,153
2230,153
2231,153
2232,153
2233,153
2234,153
2235,153
2236,153
2237,153
2238,153
2239,153
2240,153
2241,152
2242,152
2243,153
2244,153
2245,153
2246,153
2247,153
2248,153
2249,153
2250,153
2251,153
2252,153
2253,153
2254,153
2255,153
2256,153
2257,153
2258,153
2259,153
2260,153
2261,153
2262,153
2263,153
2264,153
2265,153
2266,153
2267,153
2268,153
2269,153
2270,153
2271,153
2272,153
2273,153
2274,153
2275,153
2276,153
2277,153
2278,153
2279,153
2280,153
2281,153
2282,153
2283,153
2284,152
2285,152
2286,152
2287,152
2288,152
2289,152
2290,152
2291,152
2292,152
2293,152
2294,152
2295,153
2296,153
2297,153
2298,153
2299,153
2300,153
2301,153
2302,153
2303,153
2304,153
2305,153
2306,153
2307,153
2308,153
2309,153
2310,153
2311,153
2312,153
2313,153
2314,153
2315,153
2316,153
2317,153
2318,153
2319,153
2320,153
2321,153
2322,153
2323,153
2324,153
2325,153
2326,153
2327,153
2328,153
2329,153
2330,153
2331,153
2332,153
2333,153
2334,153
2335,153
2336,153
2337,153
2338,153
2339,153
2340,153
2341,153
2342,153
2343,153
2344,153
2345,153
2346,153
2347,153
2348,153
2349,153
2350,153
2351,153
2352,153
2353,153
2354,153
2355,153
2356,153
2357,153
2358,153
2359,153
2360,153
2361,153
2362,153
2363,152
2364,152
2365,152
2366,152
2367,152
2368,152
2369,152
2370,152
2371,152
2372,152
2373,152
2374,152
2375,152
2376,152
2377,152
2378,152
2379,152
2380,152
2381,152
2382,152
2383,152
2384,152
2385,152
2386,152
2387,152
2388,152
2389,152
2390,152
2391,152
2392,152
2393,152
2394,152
2395,152
2396,152
2397,152
2398,152
2399,152
2400,152
2401,152
2402,152
2403,152
2404,152
2405,152
2406,152
2407,152
2408,152
2409,152
2410,152
2411,152
2412,152
2413,152
2414,152
2415,152
2416,152
2417,152
2418,151
2419,151
2420,151
2421,151
2422,151
2423,152
2424,152
2425,151
2426,152
2427,152
2428,152
2429,152
2430,152
2431,152
2432,152
2433,152
2434,152
2435,152
2436,152
2437,152
2438,152
2439,153
2440,152
2441,152
2442,152
2443,152
2444,152
2445,152
2446,152
2447,151
2448,151
2449,152
2450,152
2451,152
2452,152
2453,152
2454,152
2455,152
2456,152
2457,152
2458,152
2459,152
2460,152
2461,152
2462,152
2463,152
2464,152
2465,152
2466,152
2467,152
2468,152
2469,151
2470,152
2471,151
2472,152
2473,152
2474,152
2475,152
2476,152
2477,152
2478,152
2479,152
2480,152
2481,152
2482,152
2483,152
2484,152
2485,152
2486,152
2487,152
2488,152
2489,152
2490,152
2491,152
2492,152
2493,152
2494,152
2495,152
2496,152
2497,152
2498,152
2499,152
2500,152
2501,152
2502,152
2503,152
2504,152
2505,152
2506,152
2507,152
2508,152
2509,151
2510,151
2511,151
2512,151
2513,151
2514,152
2515,152
2516,152
2517,151
2518,152
2519,152
2520,152
2521,152
2522,152
2523,152
2524,152
2525,152
2526,152
2527,152
2528,152
2529,152
2530,152
2531,152
2532,152
2533,152
2534,152
2535,152
2536,152
2537,152
2538,152
2539,152
2540,152
2541,152
2542,152
2543,152
2544,152
2545,152
2546,152
2547,152
2548,152
2549,152
2550,152
2551,152
2552,152
2553,151
2554,151
2555,151
2556,151
2557,151
2558,151
2559,151
2560,152
2561,152
2562,152
2563,151
2564,152
2565,152
2566,151
2567,151
2568,151
2569,151
2570,151
2571,151
2572,151
2573,151
2574,151
2575,151
2576,151
2577,151
2578,151
2579,151
2580,151
2581,151
2582,151
2583,151
2584,151
2585,151
2586,151
2587,151
2588,151
2589,151
2590,150
2591,150
2592,151
2593,151
2594,151
2595,150
2596,151
2597,151
2598,151
2599,151
2600,151
2601,151
2602,151
2603,151
2604,151
2605,151
2606,151
2607,151
2608,151
2609,151
2610,151
2611,151
2612,151
2613,151
2614,151
2615,151
2616,151
2617,151
2618,151
2619,150
2620,151
2621,151
2622,151
2623,151
2624,150
2625,150
2626,150
2627,150
2628,151
2629,151
2630,151
2631,151
2632,151
2633,151
2634,150
2635,150
2636,150
2637,150
2638,150
2639,150
2640,151
2641,151
2642,151
2643,151
2644,151
2645,151
2646,151
2647,151
2648,151
2649,151
2650,151
2651,151
2652,151
2653,151
2654,151
2655,151
2656,151
2657,150
2658,151
2659,151
2660,151
2661,151
2662,151
2663,151
2664,151
2665,151
2666,151
2667,151
2668,151
2669,151
2670,151
2671,151
2672,151
2673,151
2674,151
2675,151
2676,152
2677,152
2678,152
2679,152
2680,152
2681,151
2682,151
2683,152
2684,152
2685,153
2686,153
2687,153
2688,153
2689,153
2690,153
2691,153
2692,153
2693,153
2694,153
2695,153
2696,153
2697,153
2698,152
2699,153
2700,153
2701,153
2702,153
2703,153
2704,153
2705,153
2706,153
2707,153
2708,153
2709,152
2710,152
2711,152
2712,152
2713,153
2714,153
2715,153
2716,153
2717,153
2718,153
2719,153
2720,152
2721,152
2722,152
2723,152
2724,152
2725,152
2726,152
2727,152
2728,152
2729,152
2730,152
2731,152
2732,152
2733,152
2734,152
2735,152
2736,152
2737,152
2738,152
2739,152
2740,152
2741,152
2742,152
2743,152
2744,152
2745,152
2746,152
2747,152
2748,152
2749,152
2750,153
2751,153
2752,153
2753,153
2754,153
2755,153
2756,153
2757,153
2758,153
2759,153
2760,153
2761,153
2762,153
2763,153
2764,153
2765,153
2766,153
2767,153
2768,153
2769,153
2770,153
2771,153
2772,153
2773,153
2774,153
2775,152
2776,153
2777,152
2778,152
2779,152
2780,152
2781,152
2782,152
2783,152
2784,153
2785,153
2786,153
2787,152
2788,152
2789,152
2790,152
2791,152
2792,153
2793,153
2794,153
2795,153
2796,153
2797,153
2798,153
2799,153
2800,153
2801,153
2802,153
2803,153
2804,152
2805,152
2806,152
2807,152
2808,152
2809,152
2810,152
2811,152
2812,152
2813,153
2814,153
2815,153
2816,153
2817,153
2818,153
2819,152
2820,153
2821,153
2822,153
2823,153
2824,153
2825,153
2826,153
2827,153
2828,153
2829,153
2830,153
2831,153
2832,153
2833,152
2834,152
2835,153
2836,153
2837,153
2838,153
2839,153
2840,153
2841,153
2842,152
2843,152
2844,152
2845,152
2846,152
2847,152
2848,152
2849,152
2850,152
2851,152
2852,152
2853,152
2854,152
2855,152
2856,152
2857,152
2858,152
2859,151
2860,151
2861,151
2862,151
2863,151
2864,151
2865,151
2866,151
2867,151
2868,151
2869,151
2870,151
2871,151
2872,151
2873,151
2874,151
2875,151
2876,151
2877,151
2878,151
2879,150
2880,150
2881,151
2882,151
2883,151
2884,151
2885,151
2886,151
2887,151
2888,151
2889,151
2890,151
2891,151
2892,151
2893,151
2894,151
2895,151
2896,151
2897,151
2898,151
2899,151
2900,152
2901,151
2902,151
2903,151
2904,152
2905,152
2906,152
2907,151
2908,151
2909,151
2910,151
2911,151
2912,151
2913,151
2914,151
2915,151
2916,151
2917,151
2918,151
2919,151
2920,151
2921,151
2922,151
2923,151
2924,151
2925,151
2926,151
2927,151
2928,151
2929,151
2930,151
2931,151
2932,151
2933,151
2934,151
2935,150
2936,151
2937,151
2938,151
2939,151
2940,150
2941,151
2942,151
2943,151
2944,151
2945,151
2946,151
2947,151
2948,151
2949,151
2950,151
2951,151
2952,151
2953,151
2954,151
2955,151
2956,151
2957,151
2958,151
2959,151
2960,151
2961,151
2962,151
2963,151
2964,151
2965,151
2966,151
2967,150
2968,150
2969,150
2970,150
2971,150
2972,151
2973,151
2974,150
2975,150
2976,151
2977,151
2978,151
2979,150
2980,150
2981,150
2982,150
2983,150
2984,150
2985,150
2986,150
2987,150
2988,150
2989,151
2990,151
2991,151
2992,151
2993,151
2994,151
2995,151
2996,151
2997,151
2998,151
2999,151
3000,151
3001,151
3002,151
3003,151
3004,151
3005,151
3006,151
3007,151
3008,151
3009,151
3010,151
3011,151
3012,151
3013,151
3014,152
3015,152
3016,152
3017,152
3018,152
3019,152
3020,152
3021,152
3022,152
3023,152
3024,152
3025,152
3026,152
3027,152
3028,152
3029,152
3030,152
3031,152
3032,152
3033,152
3034,152
3035,152
3036,152
3037,152
3038,152
3039,152
3040,151
3041,151
3042,151
3043,151
3044,151
3045,151
3046,151
3047,151
3048,151
3049,151
3050,151
3051,151
3052,151
3053,151
3054,151
3055,151
3056,151
3057,151
3058,151
3059,151
3060,151
3061,151
3062,151
3063,151
3064,151
3065,151
3066,151
3067,151
3068,151
3069,151
3070,151
3071,151
3072,151
3073,151
3074,151
3075,151
3076,151
3077,151
3078,151
3079,151
3080,151
3081,151
3082,150
3083,151
3084,151
3085,151
3086,151
3087,150
3088,150
3089,150
3090,150
3091,150
3092,150
3093,150
3094,150
3095,150
3096,150
3097,150
3098,150
3099,150
3100,150
3101,151
3102,150
3103,151
3104,151
3105,151
3106,151
3107,151
3108,151
3109,151
3110,151
3111,151
3112,151
3113,151
3114,151
3115,151
3116,151
3117,151
3118,151
3119,150
3120,151
3121,151
3122,151
3123,151
3124,150
3125,151
3126,151
3127,151
3128,151
3129,151
3130,151
3131,151
3132,151
3133,151
3134,151
3135,151
3136,151
3137,151
3138,151
3139,151
3140,151
3141,151
3142,151
3143,151
3144,151
3145,151
3146,151
3147,151
3148,151
3149,151
3150,151
3151,151
3152,151
3153,151
3154,150
3155,150
3156,150
3157,150
3158,150
3159,150
3160,150
3161,150
3162,150
3163,150
3164,150
3165,150
3166,150
3167,150
3168,150
3169,150
3170,150
3171,150
3172,150
3173,150
3174,150
3175,150
3176,150
3177,149
3178,149
3179,149
3180,149
3181,149
3182,149
3183,149
3184,149
3185,149
3186,150
3187,150
3188,150
3189,150
3190,150
3191,150
3192,150
3193,150
3194,150
3195,150
3196,150
3197,150
3198,150
3199,150
3200,150
3201,150
3202,150
3203,150
3204,150
3205,150
3206,150
3207,150
3208,149
3209,150
3210,150
3211,150
3212,150
3213,150
3214,150
3215,150
3216,150
3217,150
3218,150
3219,150
3220,149
3221,149
3222,149
3223,150
3224,149
3225,149
3226,150
3227,150
3228,150
3229,150
3230,150
3231,150
3232,150
3233,150
3234,149
3235,149
3236,149
3237,149
3238,149
3239,149
3240,149
3241,149
3242,149
3243,149
3244,149
3245,149
3246,149
3247,149
3248,149
3249,149
3250,149
3251,149
3252,148
3253,149
3254,149
3255,149
3256,148
3257,148
3258,148
3259,148
3260,148
3261,149
3262,149
3263,149
3264,149
3265,149
3266,148
3267,148
3268,148
3269,148
3270,148
3271,148
3272,148
3273,148
3274,148
3275,148
3276,148
3277,148
3278,148
3279,148
3280,148
3281,148
3282,148
3283,148
3284,148
3285,148
3286,148
3287,148
3288,148
3289,148
3290,148
3291,148
3292,148
3293,148
3294,148
3295,148
3296,148
3297,148
3298,148
3299,148
3300,148
3301,148
3302,148
3303,147
3304,148
3305,147
3306,147
3307,148
3308,148
3309,148
3310,148
3311,148
3312,148
3313,148
3314,147
3315,147
3316,147
3317,147
3318,147
3319,147
3320,147
3321,147
3322,147
3323,147
3324,147
3325,147
3326,147
3327,147
3328,147
3329,147
3330,146
3331,146
3332,146
3333,146
3334,146
3335,146
3336,146
3337,146
3338,146
3339,146
3340,146
3341,146
3342,146
3343,146
3344,146
3345,146
3346,146
3347,146
3348,146
3349,146
3350,146
3351,146
3352,146
3353,146
3354,146
3355,146
3356,146
3357,146
3358,146
3359,146
3360,146
3361,146
3362,146
3363,146
3364,146
3365,145
3366,145
3367,145
3368,145
3369,145
3370,145
3371,145
3372,146
3373,146
3374,145
3375,145
3376,145
3377,145
3378,145
3379,146
3380,146
3381,146
3382,146
3383,146
3384,146
3385,146
3386,146
3387,146
3388,146
3389,146
3390,146
3391,146
3392,146
3393,146
3394,146
3395,146
3396,146
3397,146
3398,146
3399,146
3400,146
3401,146
3402,146
3403,146
3404,146
3405,146
3406,146
3407,146
3408,146
3409,145
3410,145
3411,145
3412,146
3413,146
3414,146
3415,146
3416,146
3417,146
3418,146
3419,146
3420,146
3421,146
3422,146
3423,146
3424,146
3425,146
3426,146
3427,146
3428,146
3429,146
3430,146
3431,146
3432,145
3433,146
3434,146
3435,146
3436,146
3437,146
3438,146
3439,146
3440,146
3441,146
3442,146
3443,146
3444,146
3445,146
3446,146
3447,146
3448,146
3449,146
3450,146
3451,146
3452,146
3453,146
3454,146
3455,146
3456,146
3457,146
3458,146
3459,146
3460,146
3461,146
3462,147
3463,147
3464,147
3465,147
3466,147
3467,147
3468,147
3469,147
3470,147
3471,147
3472,147
3473,146
3474,146
3475,146
3476,147
3477,147
3478,146
3479,147
3480,147
3481,147
3482,147
3483,146
3484,146
3485,146
3486,147
3487,147
3488,147
3489,147
3490,147
3491,147
3492,147
3493,147
3494,147
3495,147
3496,147
3497,147
3498,146
3499,146
3500,146
3501,146
3502,146
3503,146
3504,146
3505,146
3506,146
3507,146
3508,146
3509,146
3510,146
3511,146
3512,146
3513,146
3514,146
3515,146
3516,146
3517,146
3518,146
3519,146
3520,146
3521,146
3522,146
3523,146
3524,146
3525,146
3526,146
3527,146
3528,146
3529,146
3530,146
3531,146
3532,146
3533,146
3534,146
3535,146
3536,146
3537,146
3538,146
3539,146
3540,146
3541,145
3542,145
3543,145
3544,145
3545,145
3546,145
3547,145
3548,145
3549,145
3550,145
3551,145
3552,145
3553,146
3554,146
3555,146
3556,146
3557,146
3558,146
3559,146
3560,146
3561,146
3562,146
3563,146
3564,146
3565,146
3566,146
3567,146
3568,146
3569,146
3570,146
3571,146
3572,146
3573,146
3574,146
3575,146
3576,146
3577,146
3578,146
3579,147
3580,147
3581,147
3582,147
3583,146
3584,146
3585,146
3586,147
3587,147
3588,147
3589,147
3590,147
3591,147
3592,147
3593,147
3594,147
3595,147
3596,147
3597,147
3598,147
3599,147
3600,147
3601,147
3602,147
3603,147
3604,147
3605,147
3606,147
3607,147
3608,147
3609,147
3610,147
3611,147
3612,147
3613,147
3614,147
3615,147
3616,147
3617,147
3618,147
3619,147
3620,147
3621,147
3622,147
3623,147
3624,147
3625,146
3626,146
3627,146
3628,146
3629,146
3630,146
3631,146
3632,146
3633,146
3634,146
3635,146
3636,146
3637,146
3638,146
3639,146
3640,146
3641,146
3642,146
3643,146
3644,146
3645,146
3646,146
3647,146
3648,146
3649,146
3650,146
3651,146
3652,146
3653,146
3654,146
3655,145
3656,145
3657,146
3658,146
3659,146
3660,146
3661,146
3662,146
3663,146
3664,146
3665,146
3666,146
3667,146
3668,146
3669,146
3670,146
3671,146
3672,146
3673,146
3674,146
3675,147
3676,147
3677,147
3678,147
3679,147
3680,147
3681,147
3682,147
3683,147
3684,147
3685,147
3686,147
3687,147
3688,147
3689,147
3690,147
3691,147
3692,147
3693,147
3694,147
3695,147
3696,147
3697,147
3698,147
3699,147
3700,147
3701,147
3702,147
3703,147
3704,147
3705,147
3706,147
3707,146
3708,146
3709,146
3710,147
3711,147
3712,147
3713,147
3714,147
3715,147
3716,147
3717,147
3718,147
3719,147
3720,147
3721,147
3722,147
3723,147
3724,147
3725,147
3726,147
3727,147
3728,147
3729,147
3730,147
3731,147
3732,147
3733,147
3734,147
3735,147
3736,147
3737,147
3738,147
3739,147
3740,147
3741,147
3742,147
3743,147
3744,147
3745,147
3746,147
3747,147
3748,147
3749,147
3750,147
3751,147
3752,147
3753,147
3754,147
3755,147
3756,147
3757,147
3758,147
3759,147
3760,147
3761,147
3762,147
3763,147
3764,147
3765,147
3766,147
3767,147
3768,147
3769,147
3770,147
3771,147
3772,147
3773,146
3774,147
3775,147
3776,147
3777,147
3778,147
3779,147
3780,147
3781,147
3782,147
3783,147
3784,147
3785,147
3786,147
3787,147
3788,147
3789,147
3790,147
3791,147
3792,147
3793,147
3794,147
3795,147
3796,147
3797,147
3798,147
3799,147
3800,147
3801,147
3802,147
3803,147
3804,147
3805,147
3806,147
3807,147
3808,147
3809,147
3810,147
3811,147
3812,147
3813,147
3814,146
3815,146
3816,146
3817,146
3818,146
3819,146
3820,146
3821,146
3822,147
3823,147
3824,147
3825,147
3826,147
3827,146
3828,146
3829,146
3830,146
3831,146
3832,147
3833,146
3834,146
3835,146
3836,146
3837,146
3838,146
3839,147
3840,147
3841,147
3842,147
3843,147
3844,147
3845,147
3846,147
3847,147
3848,147
3849,147
3850,147
3851,147
3852,147
3853,147
3854,146
3855,147
3856,147
3857,147
3858,147
3859,147
3860,147
3861,147
3862,147
3863,147
3864,147
3865,147
3866,146
3867,146
3868,146
3869,146
3870,146
3871,146
3872,146
3873,147
3874,147
3875,147
3876,147
3877,147
3878,147
3879,147
3880,147
3881,147
3882,147
3883,147
3884,146
3885,146
3886,147
3887,147
3888,147
3889,147
3890,147
3891,147
3892,147
3893,147
3894,147
3895,147
3896,147
3897,147
3898,147
3899,147
3900,147
3901,147
3902,147
3903,147
3904,148
3905,148
3906,148
3907,148
3908,148
3909,148
3910,148
3911,148
3912,148
3913,148
3914,148
3915,148
3916,148
3917,149
3918,149
3919,149
3920,149
3921,149
3922,149
3923,149
3924,149
3925,149
3926,149
3927,149
3928,149
3929,148
3930,149
3931,149
3932,149
3933,149
3934,149
3935,149
3936,149
3937,149
3938,149
3939,149
3940,149
3941,149
3942,149
3943,148
3944,149
3945,149
3946,149
3947,149
3948,149
3949,149
3950,149
3951,148
3952,148
3953,148
3954,148
3955,148
3956,148
3957,148
3958,148
3959,148
3960,148
3961,148
3962,149
3963,148
3964,149
3965,149
3966,149
3967,149
3968,148
3969,149
3970,149
3971,149
3972,149
3973,149
3974,149
3975,149
3976,149
3977,149
3978,149
3979,149
3980,149
3981,149
3982,149
3983,149
3984,149
3985,149
3986,149
3987,149
3988,149
3989,149
3990,148
3991,148
3992,148
3993,148
3994,148
3995,148
3996,148
3997,148
3998,148
3999,148
4000,148
4001,148
4002,148
4003,147
4004,147
4005,147
4006,147
4007,147
4008,147
4009,147
4010,147
4011,147
4012,147
4013,146
4014,147
4015,147
4016,147
4017,147
4018,147
4019,147
4020,147
4021,147
4022,147
4023,146
4024,147
4025,147
4026,147
4027,147
4028,147
4029,147
4030,147
4031,147
4032,147
4033,147
4034,147
4035,147
4036,147
4037,147
4038,147
4039,147
4040,147
4041,147
4042,147
4043,147
4044,147
4045,147
4046,147
4047,147
4048,147
4049,147
4050,147
4051,147
4052,147
4053,147
4054,147
4055,147
4056,147
4057,147
4058,147
4059,147
4060,147
4061,147
4062,147
4063,147
4064,147
4065,147
4066,147
4067,147
4068,147
4069,147
4070,147
4071,147
4072,147
4073,147
4074,147
4075,147
4076,147
4077,147
4078,147
4079,147
4080,147
4081,147
4082,147
4083,147
4084,147
4085,147
4086,147
4087,147
4088,147
4089,147
4090,147
4091,147
4092,147
4093,147
4094,147
4095,147
4096,147
4097,147
4098,147
4099,147
4100,147
4101,146
4102,146
4103,146
4104,147
4105,147
4106,147
4107,147
4108,147
4109,147
4110,147
4111,147
4112,147
4113,147
4114,147
4115,147
4116,147
4117,147
4118,147
4119,147
4120,147
4121,147
4122,147
4123,147
4124,147
4125,147
4126,148
4127,148
4128,148
4129,148
4130,148
4131,148
4132,148
4133,148
4134,147
4135,148
4136,148
4137,148
4138,148
4139,148
4140,148
4141,148
4142,148
4143,148
4144,148
4145,148
4146,148
4147,148
4148,148
4149,148
4150,148
4151,148
4152,148
4153,148
4154,149
4155,149
4156,149
4157,149
4158,149
4159,149
4160,149
4161,149
4162,149
4163,149
4164,149
4165,148
4166,148
4167,148
4168,148
4169,149
4170,149
4171,149
4172,149
4173,149
4174,149
4175,149
4176,149
4177,149
4178,149
4179,149
4180,149
4181,149
4182,149
4183,149
4184,149
4185,149
4186,149
4187,149
4188,149
4189,149
4190,149
4191,149
4192,149
4193,149
4194,149
4195,149
4196,149
4197,149
4198,149
4199,149
4200,148
4201,149
4202,149
4203,149
4204,149
4205,149
4206,149
4207,149
4208,149
4209,149
4210,149
4211,149
4212,149
4213,149
4214,149
4215,149
4216,149
4217,149
4218,149
4219,149
4220,148
4221,149
4222,149
4223,149
4224,149
4225,148
4226,148
4227,149
4228,149
4229,149
4230,149
4231,149
4232,149
4233,149
4234,149
4235,149
4236,149
4237,149
4238,149
4239,149
4240,149
4241,149
4242,149
4243,148
4244,148
4245,148
4246,148
4247,148
4248,148
4249,148
4250,148
4251,149
4252,149
4253,149
4254,149
4255,149
4256,149
4257,149
4258,149
4259,149
4260,149
4261,149
4262,149
4263,149
4264,149
4265,149
4266,149
4267,149
4268,149
4269,149
4270,149
4271,149
4272,149
4273,149
4274,149
4275,149
4276,149
4277,150
4278,149
4279,149
4280,150
4281,150
4282,150
4283,150
4284,150
4285,150
4286,150
4287,150
4288,150
4289,150
4290,150
4291,150
4292,150
4293,151
4294,151
4295,151
4296,151
4297,151
4298,151
4299,151
4300,151
4301,150
4302,150
4303,150
4304,150
4305,151
4306,150
4307,150
4308,150
4309,150
4310,150
4311,151
4312,151
4313,150
4314,150
4315,150
4316,150
4317,150
4318,150
4319,150
4320,150
4321,150
4322,150
4323,151
4324,151
4325,151
4326,151
4327,151
4328,151
4329,151
4330,151
4331,151
4332,151
4333,151
4334,151
4335,151
4336,151
4337,151
4338,150
4339,150
4340,151
4341,151
4342,151
4343,151
4344,151
4345,151
4346,151
4347,151
4348,151
4349,151
4350,151
4351,151
4352,151
4353,151
4354,151
4355,151
4356,151
4357,151
4358,151
4359,151
4360,151
4361,151
4362,151
4363,151
4364,151
4365,151
4366,151
4367,151
4368,151
4369,151
4370,151
4371,151
4372,151
4373,151
4374,151
4375,151
4376,151
4377,151
4378,151
4379,151
4380,151
4381,151
4382,151
4383,151
4384,151
4385,151
4386,151
4387,151
4388,151
4389,151
4390,151
4391,151
4392,151
4393,151
4394,151
4395,151
4396,151
4397,151
4398,151
4399,151
4400,151
4401,151
4402,151
4403,151
4404,151
4405,151
4406,151
4407,150
4408,151
4409,151
4410,151
4411,151
4412,151
4413,150
4414,151
4415,151
4416,151
4417,151
4418,151
4419,151
4420,151
4421,151
4422,151
4423,151
4424,151
4425,151
4426,151
4427,151
4428,151
4429,151
4430,151
4431,151
4432,151
4433,151
4434,151
4435,151
4436,151
4437,151
4438,151
4439,151
4440,151
4441,151
4442,151
4443,151
4444,151
4445,151
4446,151
4447,151
4448,151
4449,151
4450,151
4451,151
4452,151
4453,151
4454,151
4455,151
4456,150
4457,150
4458,150
4459,150
4460,150
4461,150
4462,150
4463,150
4464,150
4465,150
4466,150
4467,150
4468,150
4469,150
4470,150
4471,150
4472,150
4473,150
4474,150
4475,150
4476,150
4477,150
4478,150
4479,150
4480,150
4481,151
4482,151
4483,151
4484,151
4485,151
4486,151
4487,151
4488,151
4489,151
4490,151
4491,151
4492,151
4493,151
4494,151
4495,151
4496,150
4497,151
4498,151
4499,151
4500,151
4501,151
4502,151
4503,150
4504,150
4505,150
4506,150
4507,150
4508,150
4509,150
4510,150
4511,150
4512,150
4513,150
4514,150
4515,150
4516,150
4517,150
4518,150
4519,150
4520,150
4521,150
4522,150
4523,150
4524,149
4525,149
4526,150
4527,150
4528,150
4529,150
4530,150
4531,150
4532,150
4533,150
4534,150
4535,150
4536,150
4537,150
4538,150
4539,150
4540,150
4541,150
4542,150
4543,150
4544,150
4545,150
4546,150
4547,150
4548,150
4549,150
4550,150
4551,150
4552,150
4553,150
4554,149
4555,149
4556,150
4557,150
4558,150
4559,150
4560,149
4561,150
4562,150
4563,150
4564,150
4565,150
4566,150
4567,150
4568,150
4569,150
4570,150
4571,150
4572,150
4573,150
4574,150
4575,150
4576,150
4577,150
4578,150
4579,150
4580,150
4581,150
4582,150
4583,150
4584,150
4585,150
4586,149
4587,149
4588,149
4589,149
4590,150
4591,150
4592,150
4593,150
4594,150
4595,150
4596,150
4597,150
4598,150
4599,150
4600,150
4601,150
4602,150
4603,150
4604,150
4605,150
4606,150
4607,150
4608,150
4609,150
4610,150
4611,150
4612,150
4613,149
4614,150
4615,150
4616,150
4617,150
4618,149
4619,149
4620,149
4621,149
4622,149
4623,149
4624,149
4625,149
4626,149
4627,149
4628,149
4629,149
4630,149
4631,149
4632,150
4633,150
4634,150
4635,150
4636,150
4637,150
4638,150
4639,150
4640,150
4641,150
4642,150
4643,150
4644,150
4645,150
4646,150
4647,149
4648,150
4649,150
4650,150
4651,150
4652,149
4653,149
4654,149
4655,149
4656,149
4657,149
4658,149
4659,149
4660,149
4661,149
4662,148
4663,148
4664,149
4665,149
4666,148
4667,148
4668,148
4669,148
4670,148
4671,148
4672,148
4673,148
4674,148
4675,148
4676,148
4677,148
4678,148
4679,148
4680,148
4681,147
4682,147
4683,147
4684,147
4685,147
4686,147
4687,147
4688,147
4689,147
4690,147
4691,148
4692,148
4693,148
4694,148
4695,148
4696,148
4697,148
4698,148
4699,148
4700,148
4701,148
4702,148
4703,148
4704,149
4705,149
4706,149
4707,149
4708,149
4709,149
4710,149
4711,149
4712,149
4713,149
4714,149
4715,149
4716,150
4717,150
4718,149
4719,150
4720,150
4721,150
4722,150
4723,149
4724,149
4725,150
4726,150
4727,150
4728,150
4729,150
4730,150
4731,150
4732,150
4733,150
4734,150
4735,150
4736,150
4737,150
4738,150
4739,150
4740,150
4741,150
4742,150
4743,150
4744,150
4745,149
4746,149
4747,149
4748,149
4749,149
4750,149
4751,149
4752,149
4753,149
4754,150
4755,149
4756,149
4757,149
4758,149
4759,149
4760,149
4761,149
4762,149
4763,149
4764,149
4765,149
4766,149
4767,149
4768,149
4769,149
4770,149
4771,149
4772,149
4773,149
4774,149
4775,149
4776,149
4777,149
4778,149
4779,149
4780,149
4781,149
4782,149
4783,150
4784,150
4785,150
4786,150
4787,149
4788,150
4789,150
4790,150
4791,150
4792,150
4793,150
4794,150
4795,150
4796,150
4797,149
4798,150
4799,150
4800,150
4801,150
4802,150
4803,150
4804,150
4805,150
4806,150
4807,149
4808,149
4809,150
4810,150
4811,150
4812,150
4813,150
4814,150
4815,150
4816,150
4817,150
4818,150
4819,150
4820,150
4821,150
4822,150
4823,150
4824,150
4825,150
4826,150
4827,150
4828,150
4829,149
4830,149
4831,150
4832,150
4833,150
4834,150
4835,150
4836,150
4837,150
4838,150
4839,150
4840,150
4841,150
4842,150
4843,150
4844,150
4845,150
4846,150
4847,150
4848,150
4849,150
4850,150
4851,150
4852,150
4853,150
4854,150
4855,150
4856,150
4857,150
4858,150
4859,150
4860,150
4861,150
4862,150
4863,150
4864,150
4865,149
4866,149
4867,149
4868,149
4869,149
4870,150
4871,150
4872,150
4873,150
4874,150
4875,150
4876,150
4877,150
4878,150
4879,149
4880,150
4881,150
4882,150
4883,150
4884,149
4885,149
4886,149
4887,150
4888,150
4889,150
4890,150
4891,150
4892,150
4893,150
4894,150
4895,150
4896,150
4897,150
4898,150
4899,150
4900,150
4901,150
4902,150
4903,149
4904,149
4905,149
4906,149
4907,150
4908,150
4909,150
4910,150
4911,150
4912,150
4913,150
4914,150
4915,150
4916,150
4917,150
4918,150
4919,150
4920,150
4921,150
4922,150
4923,150
4924,150
4925,150
4926,150
4927,150
4928,150
4929,150
4930,150
4931,150
4932,150
4933,150
4934,150
4935,150
4936,150
4937,150
4938,150
4939,150
4940,150
4941,150
4942,151
4943,151
4944,150
4945,150
4946,151
4947,151
4948,151
4949,151
4950,151
4951,151
4952,151
4953,151
4954,151
4955,151
4956,151
4957,151
4958,151
4959,151
4960,151
4961,151
4962,151
4963,151
4964,151
4965,151
4966,151
4967,151
4968,151
4969,150
4970,150
4971,150
4972,150
4973,150
4974,150
4975,151
4976,151
4977,151
4978,151
4979,151
4980,151
4981,151
4982,151
4983,151
4984,151
4985,151
4986,151
4987,151
4988,151
4989,151
4990,150
4991,150
4992,151
4993,151
4994,151
4995,151
4996,151
4997,151
4998,151
4999,151
5000,151
5001,151
5002,151
5003,151
5004,152
5005,152
5006,152
5007,152
5008,152
5009,152
5010,152
5011,153
5012,153
5013,153
5014,153
5015,153
5016,153
5017,153
5018,153
5019,153
5020,153
5021,153
5022,153
5023,153
5024,153
5025,153
5026,153
5027,152
5028,152
5029,152
5030,153
5031,153
5032,153
5033,153
5034,153
5035,153
5036,153
5037,153
5038,153
5039,153
5040,153
5041,153
5042,153
5043,153
5044,153
5045,153
5046,153
5047,153
5048,153
5049,153
5050,153
5051,153
5052,153
5053,153
5054,153
5055,153
5056,153
5057,153
5058,153
5059,153
5060,153
5061,153
5062,153
5063,153
5064,153
5065,153
5066,153
5067,153
5068,153
5069,153
5070,153
5071,153
5072,153
5073,153
5074,153
5075,153
5076,153
5077,153
5078,153
5079,153
5080,153
5081,153
5082,153
5083,153
5084,153
5085,153
5086,153
5087,153
5088,153
5089,153
5090,152
5091,152
5092,152
5093,152
5094,152
5095,152
5096,152
5097,152
5098,152
5099,152
5100,151
5101,151
5102,152
5103,152
5104,151
5105,151
5106,151
5107,152
5108,152
5109,152
5110,152
5111,152
5112,152
5113,152
5114,152
5115,152
5116,152
5117,152
5118,152
5119,152
5120,152
5121,152
5122,152
5123,152
5124,152
5125,152
5126,152
5127,152
5128,152
5129,152
5130,152
5131,152
5132,152
5133,153
5134,152
5135,152
5136,152
5137,152
5138,152
5139,151
5140,151
5141,152
5142,152
5143,152
5144,152
5145,152
5146,152
5147,152
5148,152
5149,152
5150,152
5151,152
5152,152
5153,152
5154,151
5155,152
5156,152
5157,151
5158,151
5159,152
5160,152
5161,152
5162,152
5163,152
5164,152
5165,152
5166,152
5167,152
5168,152
5169,152
5170,152
5171,152
5172,152
5173,152
5174,152
5175,152
5176,152
5177,153
5178,152
5179,153
5180,152
5181,153
5182,152
5183,153
5184,153
5185,153
5186,153
5187,153
5188,153
5189,153
5190,153
5191,153
5192,153
5193,153
5194,153
5195,153
5196,153
5197,153
5198,153
5199,153
5200,153
5201,153
5202,153
5203,153
5204,153
5205,153
5206,153
5207,153
5208,153
5209,153
5210,153
5211,153
5212,152
5213,152
5214,152
5215,152
5216,152
5217,151
5218,152
5219,151
5220,151
5221,151
5222,151
5223,151
5224,151
5225,152
5226,152
5227,152
5228,152
5229,152
5230,151
5231,151
5232,151
5233,151
5234,152
5235,151
5236,151
5237,151
5238,151
5239,151
5240,151
5241,151
5242,151
5243,151
5244,151
5245,151
5246,151
5247,151
5248,151
5249,151
5250,151
5251,152
5252,151
5253,151
5254,152
5255,152
5256,152
5257,152
5258,152
5259,152
5260,152
5261,152
5262,152
5263,153
5264,153
5265,153
5266,153
5267,153
5268,153
5269,153
5270,153
5271,153
5272,153
5273,153
5274,153
5275,153
5276,153
5277,153
5278,153
5279,153
5280,153
5281,152
5282,152
5283,152
5284,152
5285,152
5286,153
5287,153
5288,153
5289,152
5290,152
5291,152
5292,152
5293,152
5294,152
5295,152
5296,152
5297,152
5298,152
5299,151
5300,151
5301,151
5302,151
5303,151
5304,151
5305,151
5306,151
5307,151
5308,151
5309,151
5310,151
5311,151
5312,151
5313,152
5314,151
5315,151
5316,151
5317,151
5318,151
5319,151
5320,151
5321,151
5322,151
5323,151
5324,151
5325,151
5326,151
5327,151
5328,151
5329,151
5330,151
5331,151
5332,151
5333,152
5334,152
5335,152
5336,152
5337,152
5338,151
5339,152
5340,151
5341,151
5342,151
5343,151
5344,151
5345,151
5346,151
5347,152
5348,152
5349,152
5350,152
5351,152
5352,151
5353,151
5354,151
5355,152
5356,151
5357,152
5358,152
5359,152
5360,152
5361,152
5362,152
5363,152
5364,152
5365,152
5366,152
5367,152
5368,152
5369,152
5370,152
5371,152
5372,152
5373,152
5374,152
5375,152
5376,152
5377,152
5378,152
5379,152
5380,152
5381,152
5382,152
5383,152
5384,152
5385,152
5386,152
5387,152
5388,152
5389,152
5390,152
5391,152
5392,152
5393,152
5394,152
5395,152
5396,152
5397,152
5398,152
5399,152
5400,152
5401,152
5402,152
5403,152
5404,152
5405,152
5406,152
5407,152
5408,152
5409,152
5410,152
5411,151
5412,151
5413,151
5414,151
5415,151
5416,151
5417,151
5418,151
5419,151
5420,151
5421,151
5422,151
5423,152
5424,152
5425,152
5426,152
5427,152
5428,152
5429,152
5430,152
5431,152
5432,152
5433,152
5434,152
5435,152
5436,152
5437,152
5438,152
5439,152
5440,152
5441,152
5442,152
5443,152
5444,152
5445,152
5446,152
5447,152
5448,152
5449,152
5450,152
5451,152
5452,152
5453,152
5454,152
5455,152
5456,152
5457,152
5458,152
5459,152
5460,152
5461,152
5462,152
5463,152
5464,152
5465,152
5466,152
5467,152
5468,152
5469,152
5470,152
5471,152
5472,152
5473,152
5474,152
5475,152
5476,152
5477,152
5478,152
5479,152
5480,152
5481,152
5482,152
5483,152
5484,152
5485,151
5486,151
5487,152
5488,152
5489,152
5490,151
5491,151
5492,151
5493,150
5494,151
5495,151
5496,151
5497,151
5498,152
5499,152
5500,152
5501,152
5502,152
5503,152
5504,152
5505,153
5506,153
5507,153
5508,152
5509,153
5510,152
5511,152
5512,152
5513,152
5514,152
5515,152
5516,152
5517,152
5518,152
5519,152
5520,152
5521,152
5522,152
5523,152
5524,152
5525,152
5526,152
5527,152
5528,152
5529,152
5530,152
5531,152
5532,152
5533,152
5534,152
5535,152
5536,152
5537,152
5538,152
5539,152
5540,151
5541,151
5542,151
5543,151
5544,151
5545,151
5546,151
5547,151
5548,151
5549,152
5550,152
5551,152
5552,152
5553,152
5554,152
5555,152
5556,152
5557,152
5558,152
5559,152
5560,152
5561,152
5562,152
5563,152
5564,152
5565,152
5566,152
5567,152
5568,152
5569,152
5570,152
5571,152
5572,152
5573,152
5574,152
5575,151
5576,152
5577,152
5578,152
5579,152
5580,152
5581,152
5582,152
5583,152
5584,152
5585,152
5586,152
5587,152
5588,152
5589,152
5590,152
5591,152
5592,152
5593,151
5594,151
5595,151
5596,151
5597,151
5598,151
5599,151
5600,151
5601,151
5602,151
5603,151
5604,151
5605,151
5606,151
5607,151
5608,151
5609,151
5610,151
5611,151
5612,151
5613,151
5614,151
5615,151
5616,151
5617,151
5618,152
5619,151
5620,152
5621,152
5622,152
5623,152
5624,152
5625,151
5626,152
5627,152
5628,151
5629,151
5630,151
5631,151
5632,151
5633,151
5634,151
5635,151
5636,151
5637,151
5638,151
5639,151
5640,152
5641,152
5642,152
5643,152
5644,152
5645,152
5646,152
5647,152
5648,152
5649,152
5650,152
5651,152
5652,152
5653,152
5654,152
5655,152
5656,152
5657,152
5658,152
5659,152
5660,152
5661,152
5662,152
5663,152
5664,152
5665,152
5666,152
5667,152
5668,152
5669,151
5670,151
5671,151
5672,151
5673,151
5674,151
5675,151
5676,151
5677,151
5678,151
5679,151
5680,151
5681,151
5682,151
5683,151
5684,152
5685,151
5686,151
5687,152
5688,152
5689,151
5690,151
5691,151
5692,151
5693,151
5694,151
5695,151
5696,151
5697,151
5698,151
5699,151
5700,151
5701,151
5702,151
5703,151
5704,151
5705,151
5706,151
5707,151
5708,151
5709,151
5710,151
5711,151
5712,151
5713,151
5714,151
5715,151
5716,151
5717,150
5718,150
5719,150
5720,150
5721,150
5722,150
5723,150
5724,150
5725,150
5726,150
5727,150
5728,150
5729,150
5730,150
5731,150
5732,150
5733,150
5734,150
5735,150
5736,149
5737,149
5738,149
5739,149
5740,149
5741,149
5742,150
5743,150
5744,150
5745,149
5746,149
5747,149
5748,149
5749,149
5750,149
5751,149
5752,149
5753,149
5754,149
5755,149
5756,149
5757,149
5758,149
5759,150
5760,149
5761,149
5762,149
5763,149
5764,149
5765,149
5766,149
5767,149
5768,149
5769,149
5770,149
5771,149
5772,149
5773,149
5774,149
5775,149
5776,149
5777,149
5778,149
5779,149
5780,149
5781,149
5782,149
5783,149
5784,149
5785,149
5786,149
5787,149
5788,149
5789,149
5790,149
5791,149
5792,149
5793,149
5794,149
5795,149
5796,149
5797,149
5798,149
5799,149
5800,149
5801,149
5802,149
5803,149
5804,149
5805,149
5806,149
5807,149
5808,149
5809,149
5810,149
5811,149
5812,149
5813,149
5814,149
5815,148
5816,148
5817,148
5818,148
5819,148
5820,149
5821,148
5822,148
5823,148
5824,148
5825,148
5826,148
5827,148
5828,148
5829,148
5830,148
5831,148
5832,147
5833,148
5834,148
5835,148
5836,148
5837,148
5838,147
5839,147
5840,148
5841,148
5842,148
5843,148
5844,148
5845,148
5846,148
5847,148
5848,147
5849,147
5850,147
5851,147
5852,147
5853,147
5854,147
5855,147
5856,147
5857,147
5858,147
5859,147
5860,147
5861,147
5862,147
5863,147
5864,147
5865,147
5866,147
5867,147
5868,147
5869,147
5870,147
5871,147
5872,147
5873,147
5874,147
5875,148
5876,148
5877,148
5878,148
5879,148
5880,148
5881,148
5882,148
5883,148
5884,148
5885,148
5886,148
5887,148
5888,148
5889,148
5890,148
5891,148
5892,149
5893,148
5894,148
5895,148
5896,148
5897,148
5898,149
5899,149
5900,149
5901,149
5902,149
5903,149
5904,149
5905,149
5906,149
5907,149
5908,149
5909,149
5910,149
5911,149
5912,148
5913,148
5914,148
5915,149
5916,149
5917,149
5918,149
5919,149
5920,149
5921,149
5922,149
5923,149
5924,149
5925,149
5926,149
5927,149
5928,149
5929,149
5930,149
5931,149
5932,149
5933,149
5934,149
5935,148
5936,148
5937,148
5938,149
5939,148
5940,148
5941,148
5942,148
5943,149
5944,149
5945,149
5946,149
5947,149
5948,149
5949,149
5950,149
5951,149
5952,149
5953,149
5954,149
5955,149
5956,149
5957,149
5958,149
5959,149
5960,149
5961,149
5962,149
5963,149
5964,149
5965,149
5966,149
5967,149
5968,149
5969,149
5970,149
5971,149
5972,149
5973,149
5974,149
5975,149
5976,149
5977,149
5978,149
5979,149
5980,149
5981,149
5982,149
5983,149
5984,149
5985,149
5986,149
5987,149
5988,149
5989,149
5990,149
5991,149
5992,149
5993,149
5994,149
5995,149
5996,149
5997,149
5998,149
5999,149
6000,149
6001,149
6002,149
6003,149
6004,149
6005,149
6006,149
6007,149
6008,149
6009,149
6010,149
6011,149
6012,149
6013,149
6014,149
6015,148
6016,148
6017,148
6018,148
6019,148
6020,148
6021,149
6022,149
6023,149
6024,149
6025,149
6026,149
6027,149
6028,149
6029,149
6030,149
6031,149
6032,149
6033,149
6034,149
6035,149
6036,149
6037,149
6038,149
6039,149
6040,149
6041,149
6042,149
6043,149
6044,149
6045,149
6046,149
6047,148
6048,149
6049,149
6050,148
6051,149
6052,149
6053,149
6054,149
6055,149
6056,149
6057,149
6058,149
6059,149
6060,149
6061,149
6062,149
6063,149
6064,149
6065,149
6066,149
6067,149
6068,149
6069,149
6070,149
6071,149
6072,149
6073,149
6074,149
6075,149
6076,149
6077,149
6078,149
6079,149
6080,149
6081,149
6082,149
6083,149
6084,149
6085,149
6086,150
6087,150
6088,150
6089,150
6090,150
6091,150
6092,150
6093,150
6094,150
6095,150
6096,150
6097,150
6098,150
6099,150
6100,150
6101,150
6102,150
6103,150
6104,150
6105,151
6106,151
6107,151
6108,151
6109,151
6110,150
6111,150
6112,150
6113,150
6114,150
6115,150
6116,150
6117,149
6118,149
6119,149
6120,149
6121,149
6122,149
6123,149
6124,149
6125,149
6126,149
6127,149
6128,149
6129,149
6130,149
6131,149
6132,149
6133,149
6134,149
6135,149
6136,149
6137,149
6138,149
6139,148
6140,149
6141,149
6142,149
6143,149
6144,148
6145,148
6146,148
6147,148
6148,148
6149,148
6150,148
6151,148
6152,149
6153,148
6154,148
6155,149
6156,148
6157,148
6158,149
6159,149
6160,149
6161,149
6162,149
6163,149
6164,149
6165,149
6166,149
6167,149
6168,149
6169,149
6170,149
6171,149
6172,149
6173,149
6174,149
6175,149
6176,149
6177,149
6178,149
6179,149
6180,149
6181,149
6182,149
6183,149
6184,149
6185,149
6186,149
6187,149
6188,149
6189,149
6190,149
6191,149
6192,149
6193,149
6194,149
6195,149
6196,149
6197,149
6198,149
6199,149
6200,149
6201,149
6202,149
6203,149
6204,149
6205,149
6206,149
6207,149
6208,149
6209,149
6210,149
6211,149
6212,149
6213,149
6214,149
6215,148
6216,149
6217,149
6218,149
6219,149
6220,149
6221,149
6222,149
6223,149
6224,149
6225,149
6226,149
6227,149
6228,149
6229,149
6230,149
6231,149
6232,149
6233,149
6234,149
6235,149
6236,149
6237,149
6238,149
6239,149
6240,149
6241,149
6242,149
6243,149
6244,149
6245,149
6246,149
6247,149
6248,149
6249,149
6250,148
6251,148
6252,148
6253,148
6254,148
6255,148
6256,148
6257,148
6258,148
6259,148
6260,148
6261,148
6262,148
6263,148
6264,148
6265,148
6266,148
6267,148
6268,148
6269,148
6270,148
6271,148
6272,148
6273,148
6274,148
6275,148
6276,148
6277,148
6278,148
6279,148
6280,147
6281,148
6282,148
6283,148
6284,148
6285,147
6286,147
6287,147
6288,147
6289,147
6290,147
6291,147
6292,147
6293,147
6294,147
6295,147
6296,148
6297,148
6298,148
6299,147
6300,147
6301,147
6302,148
6303,147
6304,147
6305,147
6306,147
6307,147
6308,147
6309,147
6310,147
6311,147
6312,147
6313,147
6314,147
6315,146
6316,146
6317,147
6318,147
6319,147
6320,147
6321,147
6322,147
6323,147
6324,147
6325,147
6326,147
6327,147
6328,147
6329,147
6330,147
6331,146
6332,147
6333,147
6334,147
6335,147
6336,147
6337,147
6338,147
6339,147
6340,147
6341,147
6342,147
6343,147
6344,147
6345,147
6346,147
6347,147
6348,147
6349,147
6350,147
6351,147
6352,147
6353,147
6354,147
6355,147
6356,147
6357,147
6358,147
6359,147
6360,147
6361,147
6362,147
6363,147
6364,146
6365,146
6366,146
6367,146
6368,146
6369,146
6370,146
6371,146
6372,146
6373,146
6374,146
6375,146
6376,146
6377,146
6378,146
6379,146
6380,146
6381,146
6382,146
6383,146
6384,146
6385,146
6386,146
6387,146
6388,146
6389,146
6390,146
6391,146
6392,146
6393,146
6394,146
6395,146
6396,146
6397,146
6398,146
6399,146
6400,146
6401,146
6402,146
6403,146
6404,146
6405,146
6406,146
6407,146
6408,146
6409,146
6410,146
6411,146
6412,146
6413,145
6414,145
6415,146
6416,146
6417,145
6418,145
6419,145
6420,145
6421,145
6422,146
6423,145
6424,145
6425,146
6426,145
6427,145
6428,145
6429,145
6430,145
6431,145
6432,145
6433,145
6434,145
6435,145
6436,145
6437,145
6438,145
6439,145
6440,145
6441,145
6442,145
6443,145
6444,145
6445,145
6446,145
6447,145
6448,145
6449,145
6450,145
6451,145
6452,145
6453,145
6454,145
6455,145
6456,145
6457,145
6458,145
6459,145
6460,145
6461,145
6462,145
6463,145
6464,145
6465,145
6466,145
6467,145
6468,145
6469,145
6470,145
6471,145
6472,145
6473,145
6474,145
6475,145
6476,144
6477,144
6478,144
6479,144
6480,144
6481,144
6482,144
6483,144
6484,145
6485,145
6486,145
6487,145
6488,145
6489,145
6490,145
6491,145
6492,145
6493,145
6494,145
6495,145
6496,145
6497,145
6498,145
6499,145
6500,145
6501,145
6502,145
6503,145
6504,145
6505,145
6506,145
6507,145
6508,145
6509,145
6510,145
6511,145
6512,145
6513,145
6514,145
6515,145
6516,145
6517,145
6518,145
6519,145
6520,145
6521,145
6522,145
6523,145
6524,144
6525,144
6526,144
6527,144
6528,144
6529,144
6530,144
6531,144
6532,144
6533,144
6534,144
6535,145
6536,145
6537,145
6538,145
6539,145
6540,145
6541,145
6542,145
6543,145
6544,145
6545,145
6546,145
6547,145
6548,145
6549,145
6550,145
6551,144
6552,145
6553,145
6554,145
6555,145
6556,145
6557,145
6558,144
6559,144
6560,145
6561,144
6562,144
6563,145
6564,145
6565,145
6566,145
6567,145
6568,145
6569,145
6570,145
6571,145
6572,145
6573,145
6574,145
6575,145
6576,145
6577,145
6578,145
6579,145
6580,145
6581,145
6582,145
6583,145
6584,145
6585,144
6586,144
6587,145
6588,145
6589,145
6590,145
6591,145
6592,144
6593,144
6594,144
6595,145
6596,145
6597,145
6598,145
6599,145
6600,145
6601,145
6602,144
6603,144
6604,144
6605,144
6606,144
6607,144
6608,144
6609,145
6610,145
6611,145
6612,145
6613,145
6614,145
6615,145
6616,145
6617,145
6618,145
6619,145
6620,145
6621,145
6622,145
6623,145
6624,145
6625,145
6626,145
6627,144
6628,144
6629,145
6630,145
6631,145
6632,145
6633,145
6634,145
6635,145
6636,145
6637,145
6638,145
6639,145
6640,145
6641,145
6642,145
6643,145
6644,145
6645,145
6646,145
6647,145
6648,145
6649,145
6650,144
6651,144
6652,145
6653,144
6654,144
6655,144
6656,145
6657,145
6658,145
6659,145
6660,145
6661,145
6662,145
6663,145
6664,144
6665,144
6666,144
6667,144
6668,144
6669,144
6670,144
6671,144
6672,144
6673,144
6674,144
6675,144
6676,144
6677,144
6678,144
6679,144
6680,144
6681,144
6682,144
6683,144
6684,144
6685,144
6686,144
6687,144
6688,144
6689,144
6690,144
6691,144
6692,144
6693,144
6694,144
6695,144
6696,144
6697,144
6698,145
6699,145
6700,145
6701,145
6702,145
6703,145
6704,145
6705,145
6706,145
6707,145
6708,145
6709,144
6710,144
6711,144
6712,144
6713,145
6714,144
6715,145
6716,145
6717,145
6718,145
6719,145
6720,145
6721,144
6722,144
6723,144
6724,145
6725,145
6726,145
6727,145
6728,145
6729,145
6730,145
6731,145
6732,145
6733,145
6734,145
6735,145
6736,145
6737,145
6738,145
6739,145
6740,145
6741,145
6742,145
6743,145
6744,145
6745,144
6746,144
6747,144
6748,144
6749,144
6750,144
6751,144
6752,144
6753,144
6754,144
6755,145
6756,144
6757,145
6758,144
6759,144
6760,144
6761,144
6762,144
6763,144
6764,144
6765,144
6766,143
6767,143
6768,143
6769,143
6770,144
6771,144
6772,144
6773,144
6774,144
6775,144
6776,144
6777,144
6778,144
6779,143
6780,143
6781,143
6782,143
6783,143
6784,143
6785,144
6786,144
6787,144
6788,144
6789,144
6790,144
6791,144
6792,144
6793,143
6794,144
6795,143
6796,144
6797,144
6798,143
6799,143
6800,144
6801,144
6802,144
6803,144
6804,144
6805,144
6806,144
6807,144
6808,144
6809,144
6810,144
6811,144
6812,144
6813,144
6814,144
6815,144
6816,144
6817,144
6818,144
6819,144
6820,144
6821,144
6822,144
6823,143
6824,143
6825,143
6826,143
6827,143
6828,143
6829,144
6830,144
6831,144
6832,144
6833,144
6834,144
6835,144
6836,144
6837,144
6838,144
6839,144
6840,144
6841,144
6842,144
6843,144
6844,144
6845,144
6846,144
6847,144
6848,144
6849,144
6850,143
6851,143
6852,143
6853,143
6854,143
6855,143
6856,143
6857,143
6858,144
6859,144
6860,144
6861,144
6862,144
6863,144
6864,144
6865,144
6866,144
6867,144
6868,144
6869,144
6870,144
6871,144
6872,143
6873,143
6874,143
6875,144
6876,144
6877,144
6878,144
6879,144
6880,144
6881,144
6882,144
6883,144
6884,144
6885,144
6886,144
6887,144
6888,144
6889,144
6890,144
6891,144
6892,144
6893,144
6894,144
6895,144
6896,144
6897,144
6898,144
6899,144
6900,144
6901,144
6902,144
6903,143
6904,144
6905,144
6906,144
6907,144
6908,144
6909,143
6910,143
6911,143
6912,143
6913,143
6914,143
6915,143
6916,143
6917,143
6918,144
6919,144
6920,144
6921,144
6922,144
6923,144
6924,144
6925,144
6926,144
6927,144
6928,144
6929,144
6930,144
6931,144
6932,145
6933,144
6934,144
6935,144
6936,144
6937,144
6938,144
6939,144
6940,144
6941,144
6942,144
6943,144
6944,144
6945,144
6946,144
6947,144
6948,144
6949,144
6950,144
6951,144
6952,144
6953,144
6954,144
6955,144
6956,144
6957,144
6958,144
6959,144
6960,144
6961,144
6962,144
6963,144
6964,144
6965,144
6966,144
6967,144
6968,144
6969,144
6970,144
6971,144
6972,145
6973,145
6974,145
6975,145
6976,145
6977,145
6978,145
6979,145
6980,145
6981,145
6982,145
6983,145
6984,145
6985,145
6986,145
6987,145
6988,145
6989,145
6990,145
6991,145
6992,145
6993,146
6994,146
6995,146
6996,146
6997,145
6998,145
6999,145
7000,145
7001,145
7002,145
7003,145
7004,145
7005,145
7006,145
7007,144
7008,144
7009,144
7010,144
7011,144
7012,144
7013,144
7014,144
7015,144
7016,144
7017,144
7018,144
7019,144
7020,145
7021,145
7022,145
7023,145
7024,145
7025,145
7026,145
7027,145
7028,145
7029,145
7030,145
7031,144
7032,144
7033,144
7034,144
7035,144
7036,144
7037,144
7038,144
7039,144
7040,145
7041,145
7042,144
7043,145
7044,145
7045,145
7046,145
7047,144
7048,144
7049,144
7050,144
7051,144
7052,144
7053,144
7054,145
7055,145
7056,145
7057,145
7058,145
7059,145
7060,145
7061,145
7062,145
7063,145
7064,145
7065,145
7066,145
7067,145
7068,145
7069,145
7070,145
7071,145
7072,144
7073,144
7074,144
7075,144
7076,145
7077,144
7078,144
7079,144
7080,144
7081,144
7082,144
7083,144
7084,144
7085,144
7086,144
7087,144
7088,144
7089,144
7090,144
7091,144
7092,144
7093,144
7094,144
7095,144
7096,144
7097,145
7098,145
7099,145
7100,145
7101,145
7102,145
7103,145
7104,145
7105,145
7106,145
7107,145
7108,145
7109,145
7110,145
7111,145
7112,145
7113,145
7114,144
7115,144
7116,144
7117,144
7118,144
7119,144
7120,144
7121,144
7122,144
7123,144
7124,144
7125,144
7126,144
7127,144
7128,144
7129,144
7130,144
7131,144
7132,144
7133,144
7134,144
7135,144
7136,144
7137,144
7138,144
7139,144
7140,144
7141,144
7142,144
7143,144
7144,144
7145,144
7146,144
7147,144
7148,144
7149,144
7150,144
7151,144
7152,144
7153,144
7154,144
7155,144
7156,144
7157,144
7158,144
7159,144
7160,144
7161,144
7162,144
7163,144
7164,144
7165,144
7166,144
7167,144
7168,144
7169,144
7170,144
7171,144
7172,144
7173,144
7174,144
7175,144
7176,144
7177,144
7178,144
7179,144
7180,144
7181,144
7182,144
7183,144
7184,144
7185,144
7186,144
7187,144
7188,144
7189,144
7190,144
7191,144
7192,144
7193,144
7194,143
7195,143
7196,144
7197,144
7198,144
7199,144
7200,144
7201,144
7202,144
7203,144
7204,144
7205,144
7206,144
7207,144
7208,144
7209,144
7210,144
7211,144
7212,144
7213,144
7214,144
7215,144
7216,144
7217,144
7218,144
7219,144
7220,144
7221,144
7222,144
7223,144
7224,144
7225,144
7226,144
7227,144
7228,144
7229,144
7230,144
7231,144
7232,144
7233,144
7234,144
7235,144
7236,144
7237,144
7238,144
7239,144
7240,143
7241,143
7242,144
7243,144
7244,144
7245,144
7246,144
7247,144
7248,144
7249,144
7250,144
7251,144
7252,145
7253,145
7254,145
7255,145
7256,145
7257,145
7258,145
7259,145
7260,145
7261,145
7262,145
7263,145
7264,145
7265,145
7266,145
7267,145
7268,145
7269,146
7270,146
7271,146
7272,146
7273,146
7274,146
7275,146
7276,146
7277,146
7278,146
7279,146
7280,146
7281,146
7282,146
7283,146
7284,146
7285,146
7286,146
7287,146
7288,145
7289,145
7290,145
7291,145
7292,145
7293,145
7294,145
7295,145
7296,145
7297,146
7298,146
7299,146
7300,146
7301,146
7302,146
7303,146
7304,146
7305,146
7306,146
7307,146
7308,146
7309,146
7310,146
7311,146
7312,146
7313,146
7314,146
7315,146
7316,146
7317,146
7318,146
7319,146
7320,146
7321,146
7322,146
7323,146
7324,146
7325,146
7326,146
7327,145
7328,145
7329,145
7330,146
7331,146
7332,146
7333,146
7334,146
7335,146
7336,146
7337,145
7338,146
7339,146
7340,146
7341,146
7342,146
7343,146
7344,146
7345,146
7346,146
7347,146
7348,145
7349,145
7350,145
7351,146
7352,146
7353,146
7354,146
7355,146
7356,146
7357,146
7358,146
7359,146
7360,146
7361,146
7362,146
7363,146
7364,146
7365,146
7366,146
7367,146
7368,146
7369,145
7370,145
7371,146
7372,146
7373,146
7374,146
7375,145
7376,146
7377,146
7378,146
7379,146
7380,146
7381,146
7382,146
7383,146
7384,146
7385,146
7386,145
7387,145
7388,145
7389,145
7390,145
7391,145
7392,145
7393,145
7394,145
7395,145
7396,145
7397,145
7398,145
7399,145
7400,145
7401,145
7402,145
7403,145
7404,145
7405,145
7406,144
7407,145
7408,145
7409,145
7410,145
7411,145
7412,145
7413,145
7414,145
7415,145
7416,145
7417,145
7418,145
7419,145
7420,145
7421,145
7422,145
7423,145
7424,145
7425,145
7426,145
7427,145
7428,146
7429,146
7430,146
7431,145
7432,145
7433,145
7434,145
7435,145
7436,145
7437,146
7438,146
7439,146
7440,146
7441,146
7442,146
7443,146
7444,146
7445,146
7446,146
7447,146
7448,146
7449,146
7450,146
7451,146
7452,146
7453,146
7454,146
7455,146
7456,146
7457,146
7458,146
7459,146
7460,146
7461,146
7462,146
7463,146
7464,146
7465,146
7466,146
7467,146
7468,146
7469,146
7470,146
7471,146
7472,146
7473,146
7474,146
7475,146
7476,146
7477,146
7478,146
7479,146
7480,146
7481,145
7482,146
7483,146
7484,146
7485,146
7486,146
7487,146
7488,146
7489,146
7490,146
7491,146
7492,146
7493,146
7494,146
7495,146
7496,146
7497,145
7498,145
7499,145
7500,145
7501,145
7502,145
7503,145
7504,145
7505,146
7506,146
7507,146
7508,146
7509,146
7510,146
7511,146
7512,146
7513,146
7514,146
7515,146
7516,146
7517,146
7518,146
7519,146
7520,146
7521,146
7522,146
7523,146
7524,146
7525,146
7526,146
7527,146
7528,146
7529,145
7530,145
7531,146
7532,146
7533,146
7534,146
7535,146
7536,146
7537,146
7538,146
7539,146
7540,146
7541,145
7542,146
7543,146
7544,146
7545,146
7546,146
7547,146
7548,146
7549,146
7550,146
7551,146
7552,146
7553,145
7554,145
7555,146
7556,146
7557,146
7558,146
7559,146
7560,146
7561,146
7562,146
7563,146
7564,146
7565,146
7566,146
7567,146
7568,146
7569,146
7570,146
7571,146
7572,146
7573,146
7574,146
7575,146
7576,146
7577,146
7578,146
7579,146
7580,146
7581,146
7582,146
7583,146
7584,146
7585,146
7586,146
7587,146
7588,146
7589,146
7590,146
7591,146
7592,146
7593,146
7594,146
7595,146
7596,146
7597,146
7598,146
7599,146
7600,146
7601,146
7602,146
7603,146
7604,146
7605,146
7606,146
7607,146
7608,146
7609,146
7610,146
7611,146
7612,146
7613,146
7614,146
7615,146
7616,146
7617,146
7618,146
7619,146
7620,146
7621,146
7622,146
7623,146
7624,146
7625,146
7626,146
7627,146
7628,146
7629,146
7630,146
7631,146
7632,146
7633,145
7634,146
7635,146
7636,146
7637,146
7638,146
7639,146
7640,146
7641,146
7642,145
7643,146
7644,146
7645,146
7646,146
7647,146
7648,146
7649,146
7650,146
7651,146
7652,146
7653,146
7654,146
7655,146
7656,146
7657,146
7658,146
7659,146
7660,146
7661,146
7662,146
7663,146
7664,146
7665,146
7666,146
7667,146
7668,146
7669,146
7670,146
7671,146
7672,145
7673,145
7674,145
7675,145
7676,145
7677,145
7678,145
7679,145
7680,146
7681,146
7682,146
7683,146
7684,146
7685,146
7686,146
7687,146
7688,146
7689,146
7690,146
7691,146
7692,147
7693,147
7694,147
7695,147
7696,147
7697,147
7698,147
7699,147
7700,147
7701,147
7702,147
7703,146
7704,146
7705,147
7706,147
7707,147
7708,147
7709,147
7710,146
7711,147
7712,147
7713,147
7714,147
7715,147
7716,147
7717,147
7718,147
7719,147
7720,147
7721,146
7722,147
7723,147
7724,147
7725,147
7726,147
7727,147
7728,147
7729,147
7730,147
7731,147
7732,147
7733,147
7734,147
7735,147
7736,147
7737,147
7738,146
7739,147
7740,146
7741,146
7742,146
7743,146
7744,146
7745,146
7746,146
7747,146
7748,147
7749,147
7750,147
7751,146
7752,146
7753,147
7754,147
7755,147
7756,147
7757,147
7758,147
7759,147
7760,147
7761,147
7762,147
7763,147
7764,147
7765,146
7766,147
7767,147
7768,147
7769,147
7770,147
7771,147
7772,147
7773,147
7774,146
7775,146
7776,146
7777,146
7778,147
7779,147
7780,147
7781,147
7782,147
7783,147
7784,147
7785,147
7786,147
7787,147
7788,147
7789,147
7790,147
7791,147
7792,147
7793,147
7794,147
7795,147
7796,147
7797,147
7798,147
7799,147
7800,147
7801,147
7802,147
7803,147
7804,147
7805,147
7806,147
7807,147
7808,147
7809,147
7810,147
7811,147
7812,147
7813,147
7814,147
7815,147
7816,147
7817,147
7818,147
7819,147
7820,147
7821,147
7822,147
7823,147
7824,147
7825,147
7826,147
7827,147
7828,147
7829,147
7830,147
7831,147
7832,147
7833,147
7834,147
7835,147
7836,147
7837,147
7838,147
7839,147
7840,147
7841,147
7842,147
7843,147
7844,147
7845,147
7846,147
7847,147
7848,147
7849,147
7850,147
7851,147
7852,147
7853,147
7854,147
7855,146
7856,146
7857,146
7858,146
7859,147
7860,147
7861,147
7862,147
7863,147
7864,147
7865,146
7866,146
7867,147
7868,147
7869,146
7870,146
7871,146
7872,146
7873,146
7874,146
7875,146
7876,146
7877,146
7878,146
7879,146
7880,146
7881,146
7882,146
7883,146
7884,146
7885,146
7886,146
7887,146
7888,146
7889,146
7890,146
7891,146
7892,146
7893,146
7894,146
7895,146
7896,146
7897,146
7898,146
7899,146
7900,146
7901,146
7902,146
7903,146
7904,146
7905,146
7906,146
7907,146
7908,146
7909,146
7910,146
7911,146
7912,146
7913,145
7914,146
7915,146
7916,146
7917,146
7918,146
7919,146
7920,146
7921,146
7922,146
7923,146
7924,146
7925,146
7926,146
7927,146
7928,146
7929,145
7930,146
7931,146
7932,146
7933,145
7934,145
7935,146
7936,146
7937,146
7938,146
7939,146
7940,146
7941,146
7942,146
7943,146
7944,146
7945,146
7946,146
7947,146
7948,146
7949,146
7950,146
7951,146
7952,146
7953,146
7954,146
7955,146
7956,146
7957,146
7958,146
7959,146
7960,146
7961,146
7962,146
7963,146
7964,146
7965,146
7966,146
7967,146
7968,146
7969,146
7970,146
7971,146
7972,146
7973,146
7974,146
7975,147
7976,147
7977,146
7978,146
7979,146
7980,146
7981,146
7982,146
7983,145
7984,145
7985,145
7986,145
7987,145
7988,146
7989,146
7990,146
7991,146
7992,146
7993,146
7994,146
7995,146
7996,146
7997,146
7998,146
7999,146
8000,146
8001,146
8002,146
8003,146
8004,146
8005,146
8006,146
8007,146
8008,146
8009,146
8010,146
8011,146
8012,146
8013,146
8014,146
8015,146
8016,146
8017,146
8018,146
8019,145
8020,146
8021,146
8022,145
8023,145
8024,145
8025,145
8026,146
8027,146
8028,145
8029,146
8030,145
8031,145
8032,145
8033,145
8034,145
8035,145
8036,145
8037,145
8038,145
8039,145
8040,145
8041,145
8042,145
8043,145
8044,145
8045,145
8046,145
8047,144
8048,144
8049,144
8050,144
8051,144
8052,144
8053,144
8054,144
8055,144
8056,144
8057,144
8058,144
8059,144
8060,144
8061,144
8062,144
8063,144
8064,144
8065,144
8066,144
8067,144
8068,144
8069,144
8070,144
8071,144
8072,144
8073,144
8074,144
8075,144
8076,144
8077,144
8078,144
8079,144
8080,144
8081,144
8082,144
8083,144
8084,144
8085,144
8086,143
8087,143
8088,143
8089,143
8090,144
8091,144
8092,144
8093,144
8094,144
8095,144
8096,144
8097,144
8098,144
8099,144
8100,144
8101,144
8102,144
8103,144
8104,144
8105,144
8106,145
8107,145
8108,145
8109,145
8110,144
8111,145
8112,145
8113,145
8114,145
8115,145
8116,145
8117,145
8118,145
8119,145
8120,145
8121,145
8122,145
8123,145
8124,144
8125,144
8126,145
8127,145
8128,145
8129,145
8130,145
8131,145
8132,145
8133,144
8134,145
8135,145
8136,145
8137,145
8138,145
8139,145
8140,145
8141,145
8142,145
8143,145
8144,145
8145,145
8146,145
8147,145
8148,145
8149,145
8150,144
8151,144
8152,144
8153,144
8154,145
8155,145
8156,145
8157,145
8158,145
8159,145
8160,145
8161,144
8162,144
8163,145
8164,145
8165,145
8166,144
8167,144
8168,144
8169,144
8170,144
8171,144
8172,144
8173,144
8174,144
8175,144
8176,143
8177,143
8178,143
8179,143
8180,143
8181,143
8182,143
8183,143
8184,143
8185,143
8186,143
8187,143
8188,143
8189,143
8190,143
8191,143
8192,143
8193,143
8194,143
8195,143
8196,143
8197,143
8198,143
8199,143
8200,143
8201,143
8202,143
8203,143
8204,143
8205,143
8206,143
8207,143
8208,143
8209,144
8210,144
8211,144
8212,144
8213,144
8214,144
8215,144
8216,143
8217,143
8218,143
8219,143
8220,143
8221,143
8222,144
8223,144
8224,143
8225,143
8226,143
8227,143
8228,143
8229,143
8230,143
8231,143
8232,143
8233,143
8234,143
8235,143
8236,143
8237,143
8238,143
8239,143
8240,143
8241,143
8242,143
8243,143
8244,143
8245,143
8246,143
8247,143
8248,143
8249,143
8250,143
8251,143
8252,143
8253,143
8254,143
8255,143
8256,143
8257,143
8258,143
8259,143
8260,142
8261,142
8262,142
8263,142
8264,142
8265,142
8266,142
8267,142
8268,142
8269,142
8270,142
8271,142
8272,142
8273,142
8274,142
8275,142
8276,142
8277,142
8278,142
8279,142
8280,142
8281,142
8282,142
8283,142
8284,142
8285,142
8286,142
8287,142
8288,142
8289,142
8290,142
8291,142
8292,142
8293,142
8294,142
8295,142
8296,142
8297,142
8298,142
8299,142
8300,142
8301,142
8302,142
8303,142
8304,142
8305,142
8306,142
8307,142
8308,142
8309,142
8310,142
8311,142
8312,141
8313,141
8314,141
8315,141
8316,141
8317,141
8318,141
8319,141
8320,141
8321,142
8322,142
8323,142
8324,142
8325,142
8326,141
8327,141
8328,141
8329,141
8330,141
8331,141
8332,141
8333,142
8334,142
8335,142
8336,142
8337,142
8338,142
8339,142
8340,142
8341,142
8342,141
8343,141
8344,142
8345,142
8346,142
8347,142
8348,142
8349,142
8350,142
8351,142
8352,142
8353,142
8354,142
8355,142
8356,142
8357,142
8358,142
8359,142
8360,142
8361,142
8362,142
8363,142
8364,142
8365,142
8366,142
8367,142
8368,142
8369,142
8370,142
8371,142
8372,142
8373,142
8374,142
8375,142
8376,142
8377,142
8378,142
8379,142
8380,142
8381,142
8382,142
8383,142
8384,142
8385,142
8386,142
8387,141
8388,142
8389,142
8390,142
8391,142
8392,142
8393,142
8394,142
8395,142
8396,142
8397,141
8398,141
8399,142
8400,142
8401,142
8402,142
8403,142
8404,142
8405,141
8406,142
8407,142
8408,142
8409,142
8410,142
8411,142
8412,142
8413,142
8414,142
8415,141
8416,142
8417,142
8418,142
8419,142
8420,142
8421,142
8422,142
8423,142
8424,142
8425,142
8426,142
8427,142
8428,142
8429,142
8430,142
8431,142
8432,142
8433,142
8434,142
8435,142
8436,142
8437,142
8438,142
8439,142
8440,142
8441,141
8442,141
8443,141
8444,141
8445,141
8446,142
8447,142
8448,142
8449,142
8450,142
8451,142
8452,142
8453,142
8454,142
8455,142
8456,142
8457,141
8458,141
8459,141
8460,141
8461,142
8462,142
8463,142
8464,142
8465,142
8466,142
8467,142
8468,142
8469,142
8470,142
8471,142
8472,142
8473,142
8474,142
8475,142
8476,142
8477,142
8478,142
8479,142
8480,142
8481,142
8482,142
8483,142
8484,142
8485,142
8486,141
8487,141
8488,141
8489,141
8490,141
8491,141
8492,141
8493,141
8494,142
8495,142
8496,142
8497,142
8498,142
8499,142
8500,142
8501,142
8502,142
8503,142
8504,142
8505,142
8506,142
8507,142
8508,142
8509,142
8510,142
8511,141
8512,141
8513,141
8514,141
8515,142
8516,142
8517,142
8518,142
8519,142
8520,142
8521,142
8522,141
8523,141
8524,141
8525,141
8526,141
8527,141
8528,141
8529,141
8530,141
8531,141
8532,141
8533,141
8534,141
8535,141
8536,142
8537,142
8538,142
8539,142
8540,142
8541,142
8542,142
8543,142
8544,142
8545,142
8546,142
8547,142
8548,142
8549,142
8550,142
8551,142
8552,142
8553,142
8554,142
8555,142
8556,142
8557,142
8558,142
8559,142
8560,142
8561,142
8562,142
8563,142
8564,142
8565,142
8566,142
8567,142
8568,142
8569,142
8570,142
8571,142
8572,142
8573,142
8574,142
8575,142
8576,143
8577,143
8578,143
8579,143
8580,142
8581,142
8582,142
8583,142
8584,142
8585,142
8586,142
8587,142
8588,143
8589,143
8590,143
8591,143
8592,143
8593,143
8594,143
8595,143
8596,142
8597,143
8598,143
8599,143
8600,143
8601,143
8602,143
8603,143
8604,143
8605,142
8606,143
8607,143
8608,143
8609,143
8610,143
8611,143
8612,142
8613,142
8614,143
8615,143
8616,143
8617,143
8618,143
8619,143
8620,143
8621,143
8622,143
8623,143
8624,143
8625,143
8626,143
8627,143
8628,142
8629,142
8630,142
8631,142
8632,142
8633,142
8634,142
8635,142
8636,142
8637,142
8638,142
8639,142
8640,142
8641,142
8642,142
8643,142
8644,142
8645,142
8646,142
8647,142
8648,142
8649,142
8650,142
8651,142
8652,142
8653,142
8654,142
8655,142
8656,142
8657,142
8658,142
8659,142
8660,142
8661,142
8662,142
8663,142
8664,142
8665,142
8666,142
8667,142
8668,142
8669,142
8670,142
8671,142
8672,142
8673,142
8674,142
8675,141
8676,141
8677,141
8678,142
8679,142
8680,142
8681,142
8682,141
8683,141
8684,142
8685,142
8686,142
8687,142
8688,142
8689,142
8690,142
8691,142
8692,142
8693,142
8694,142
8695,142
8696,142
8697,142
8698,142
8699,142
8700,142
8701,142
8702,142
8703,142
8704,142
8705,142
8706,142
8707,142
8708,142
8709,141
8710,142
8711,141
8712,142
8713,141
8714,142
8715,142
8716,142
8717,142
8718,142
8719,142
8720,142
8721,142
8722,142
8723,142
8724,142
8725,142
8726,142
8727,142
8728,142
8729,142
8730,142
8731,142
8732,142
8733,142
8734,142
8735,142
8736,142
8737,142
8738,142
8739,142
8740,142
8741,142
8742,142
8743,142
8744,142
8745,142
8746,142
8747,142
8748,142
8749,142
8750,142
8751,142
8752,142
8753,142
8754,142
8755,142
8756,142
8757,142
8758,142
8759,142
8760,142
8761,142
8762,142
8763,142
8764,142
8765,141
8766,141
8767,142
8768,142
8769,142
8770,142
8771,142
8772,142
8773,142
8774,142
8775,142
8776,142
8777,142
8778,142
8779,142
8780,142
8781,142
8782,142
8783,142
8784,142
8785,142
8786,142
8787,142
8788,142
8789,142
8790,142
8791,142
8792,142
8793,142
8794,142
8795,142
8796,142
8797,142
8798,142
8799,142
8800,142
8801,142
8802,142
8803,142
8804,142
8805,142
8806,142
8807,142
8808,142
8809,142
8810,141
8811,142
8812,142
8813,142
8814,142
8815,142
8816,142
8817,142
8818,142
8819,142
8820,142
8821,142
8822,142
8823,142
8824,142
8825,142
8826,142
8827,142
8828,142
8829,142
8830,142
8831,142
8832,142
8833,142
8834,142
8835,142
8836,142
8837,142
8838,142
8839,143
8840,143
8841,143
8842,142
8843,143
8844,143
8845,143
8846,143
8847,143
8848,143
8849,143
8850,143
8851,143
8852,143
8853,143
8854,143
8855,143
8856,142
8857,142
8858,142
8859,142
8860,142
8861,142
8862,142
8863,142
8864,142
8865,142
8866,142
8867,142
8868,142
8869,142
8870,142
8871,142
8872,142
8873,142
8874,142
8875,142
8876,143
8877,143
8878,143
8879,143
8880,143
8881,143
8882,143
8883,143
8884,143
8885,143
8886,143
8887,142
8888,143
8889,143
8890,143
8891,143
8892,143
8893,143
8894,143
8895,143
8896,143
8897,143
8898,143
8899,143
8900,143
8901,143
8902,143
8903,143
8904,143
8905,143
8906,143
8907,143
8908,143
8909,143
8910,143
8911,143
8912,143
8913,143
8914,143
8915,143
8916,143
8917,143
8918,143
8919,143
8920,143
8921,143
8922,143
8923,143
8924,143
8925,143
8926,143
8927,143
8928,143
8929,143
8930,143
8931,142
8932,142
8933,142
8934,142
8935,142
8936,143
8937,142
8938,142
8939,142
8940,143
8941,143
8942,143
8943,143
8944,143
8945,144
8946,144
8947,144
8948,144
8949,144
8950,144
8951,144
8952,144
8953,144
8954,144
8955,144
8956,144
8957,144
8958,144
8959,144
8960,144
8961,144
8962,144
8963,144
8964,143
8965,143
8966,144
8967,144
8968,144
8969,144
8970,144
8971,144
8972,144
8973,144
8974,144
8975,144
8976,144
8977,143
8978,143
8979,143
8980,143
8981,143
8982,143
8983,143
8984,143
8985,143
8986,143
8987,143
8988,143
8989,143
8990,143
8991,143
8992,143
8993,143
8994,143
8995,143
8996,143
8997,143
8998,143
8999,143
9000,143
9001,143
9002,143
9003,142
9004,142
9005,142
9006,143
9007,143
9008,142
9009,142
9010,142
9011,142
9012,143
9013,143
9014,143
9015,143
9016,142
9017,142
9018,142
9019,142
9020,142
9021,142
9022,142
9023,142
9024,142
9025,142
9026,142
9027,142
9028,142
9029,142
9030,142
9031,142
9032,142
9033,142
9034,142
9035,142
9036,142
9037,142
9038,142
9039,142
9040,142
9041,142
9042,142
9043,142
9044,142
9045,142
9046,142
9047,142
9048,142
9049,142
9050,142
9051,141
9052,141
9053,141
9054,141
9055,142
9056,142
9057,142
9058,142
9059,141
9060,142
9061,142
9062,142
9063,142
9064,142
9065,141
9066,142
9067,142
9068,142
9069,142
9070,142
9071,142
9072,142
9073,142
9074,141
9075,142
9076,142
9077,142
9078,142
9079,141
9080,141
9081,141
9082,141
9083,141
9084,141
9085,141
9086,141
9087,141
9088,141
9089,141
9090,141
9091,141
9092,141
9093,141
9094,141
9095,141
9096,141
9097,141
9098,140
9099,140
9100,140
9101,140
9102,140
9103,140
9104,140
9105,140
9106,140
9107,140
9108,140
9109,140
9110,140
9111,140
9112,140
9113,140
9114,140
9115,140
9116,140
9117,140
9118,140
9119,140
9120,140
9121,140
9122,140
9123,140
9124,140
9125,140
9126,140
9127,140
9128,140
9129,140
9130,140
9131,139
9132,139
9133,139
9134,139
9135,139
9136,139
9137,139
9138,139
9139,139
9140,139
9141,139
9142,140
9143,140
9144,140
9145,140
9146,140
9147,140
9148,140
9149,140
9150,140
9151,140
9152,140
9153,139
9154,139
9155,139
9156,139
9157,140
9158,140
9159,140
9160,139
9161,139
9162,140
9163,140
9164,140
9165,140
9166,140
9167,140
9168,140
9169,140
9170,140
9171,140
9172,140
9173,140
9174,140
9175,140
9176,140
9177,140
9178,140
9179,140
9180,140
9181,140
9182,140
9183,140
9184,140
9185,140
9186,140
9187,140
9188,140
9189,140
9190,140
9191,140
9192,140
9193,140
9194,140
9195,140
9196,140
9197,140
9198,140
9199,140
9200,140
9201,140
9202,140
9203,140
9204,140
9205,140
9206,140
9207,140
9208,140
9209,140
9210,140
9211,140
9212,140
9213,140
9214,140
9215,139
9216,139
9217,139
9218,139
9219,139
9220,139
9221,139
9222,139
9223,139
9224,139
9225,138
9226,138
9227,138
9228,138
9229,138
9230,138
9231,138
9232,138
9233,138
9234,138
9235,138
9236,138
9237,138
9238,138
9239,138
9240,138
9241,138
9242,138
9243,138
9244,138
9245,138
9246,138
9247,138
9248,138
9249,138
9250,138
9251,138
9252,138
9253,138
9254,138
9255,138
9256,138
9257,138
9258,138
9259,138
9260,138
9261,138
9262,138
9263,138
9264,138
9265,138
9266,138
9267,138
9268,138
9269,138
9270,138
9271,138
9272,138
9273,138
9274,138
9275,138
9276,138
9277,138
9278,138
9279,138
9280,138
9281,138
9282,138
9283,138
9284,138
9285,138
9286,138
9287,138
9288,138
9289,138
9290,138
9291,138
9292,138
9293,138
9294,138
9295,138
9296,138
9297,138
9298,138
9299,138
9300,138
9301,138
9302,138
9303,138
9304,138
9305,138
9306,138
9307,138
9308,138
9309,138
9310,138
9311,138
9312,138
9313,138
9314,138
9315,138
9316,138
9317,138
9318,138
9319,138
9320,138
9321,138
9322,138
9323,138
9324,138
9325,138
9326,138
9327,138
9328,138
9329,138
9330,137
9331,137
9332,137
9333,137
9334,137
9335,137
9336,137
9337,137
9338,137
9339,137
9340,137
9341,137
9342,137
9343,137
9344,137
9345,137
9346,137
9347,137
9348,137
9349,137
9350,137
9351,137
9352,137
9353,137
9354,137
9355,137
9356,137
9357,137
9358,137
9359,137
9360,137
9361,137
9362,137
9363,137
9364,137
9365,137
9366,137
9367,137
9368,137
9369,137
9370,137
9371,137
9372,137
9373,137
9374,137
9375,137
9376,137
9377,137
9378,137
9379,136
9380,136
9381,136
9382,137
9383,137
9384,137
9385,137
9386,137
9387,137
9388,137
9389,137
9390,137
9391,137
9392,137
9393,136
9394,137
9395,137
9396,137
9397,137
9398,137
9399,137
9400,137
9401,137
9402,136
9403,137
9404,137
9405,137
9406,137
9407,137
9408,137
9409,137
9410,137
9411,137
9412,137
9413,137
9414,137
9415,137
9416,137
9417,137
9418,137
9419,137
9420,137
9421,137
9422,137
9423,137
9424,137
9425,137
9426,137
9427,137
9428,137
9429,137
9430,137
9431,137
9432,137
9433,137
9434,137
9435,137
9436,137
9437,137
9438,137
9439,137
9440,137
9441,137
9442,137
9443,136
9444,136
9445,136
9446,136
9447,136
9448,136
9449,136
9450,137
9451,137
9452,137
9453,137
9454,137
9455,137
9456,137
9457,137
9458,137
9459,137
9460,137
9461,137
9462,137
9463,137
9464,137
9465,137
9466,136
9467,136
9468,136
9469,136
9470,136
9471,136
9472,136
9473,136
9474,137
9475,137
9476,137
9477,137
9478,137
9479,137
9480,137
9481,137
9482,137
9483,137
9484,137
9485,137
9486,137
9487,137
9488,138
9489,138
9490,137
9491,137
9492,137
9493,137
9494,137
9495,138
9496,138
9497,138
9498,138
9499,138
9500,138
9501,138
9502,138
9503,138
9504,138
9505,138
9506,138
9507,138
9508,138
9509,138
9510,138
9511,138
9512,138
9513,138
9514,138
9515,138
9516,138
9517,138
9518,138
9519,138
9520,138
9521,138
9522,138
9523,138
9524,138
9525,138
9526,138
9527,138
9528,138
9529,138
9530,138
9531,138
9532,138
9533,138
9534,138
9535,138
9536,138
9537,138
9538,138
9539,138
9540,138
9541,138
9542,138
9543,138
9544,138
9545,138
9546,138
9547,138
9548,138
9549,138
9550,138
9551,138
9552,138
9553,138
9554,138
9555,138
9556,138
9557,138
9558,138
9559,138
9560,138
9561,138
9562,138
9563,138
9564,138
9565,138
9566,138
9567,138
9568,138
9569,138
9570,138
9571,138
9572,138
9573,138
9574,138
9575,138
9576,138
9577,138
9578,138
9579,138
9580,138
9581,138
9582,138
9583,138
9584,138
9585,138
9586,138
9587,138
9588,138
9589,138
9590,138
9591,138
9592,138
9593,138
9594,138
9595,138
9596,138
9597,138
9598,138
9599,138
9600,137
9601,137
9602,137
9603,137
9604,137
9605,138
9606,138
9607,138
9608,138
9609,138
9610,138
9611,138
9612,138
9613,138
9614,138
9615,138
9616,138
9617,138
9618,138
9619,138
9620,137
9621,137
9622,137
9623,137
9624,137
9625,138
9626,138
9627,138
9628,138
9629,138
9630,139
9631,138
9632,138
9633,138
9634,138
9635,138
9636,138
9637,138
9638,138
9639,138
9640,139
9641,138
9642,138
9643,138
9644,138
9645,138
9646,139
9647,138
9648,138
9649,138
9650,138
9651,138
9652,138
9653,138
9654,138
9655,138
9656,138
9657,138
9658,138
9659,138
9660,138
9661,138
9662,138
9663,138
9664,138
9665,138
9666,138
9667,138
9668,138
9669,138
9670,138
9671,138
9672,138
9673,138
9674,138
9675,138
9676,138
9677,138
9678,138
9679,138
9680,138
9681,139
9682,139
9683,139
9684,139
9685,139
9686,139
9687,139
9688,139
9689,139
9690,139
9691,139
9692,139
9693,139
9694,139
9695,139
9696,139
9697,139
9698,139
9699,139
9700,139
9701,139
9702,139
9703,139
9704,139
9705,139
9706,139
9707,139
9708,139
9709,139
9710,139
9711,139
9712,139
9713,139
9714,139
9715,139
9716,139
9717,139
9718,139
9719,139
9720,139
9721,139
9722,139
9723,139
9724,139
9725,139
9726,139
9727,139
9728,139
9729,139
9730,139
9731,139
9732,139
9733,139
9734,139
9735,139
9736,139
9737,139
9738,139
9739,139
9740,139
9741,138
9742,139
9743,139
9744,139
9745,139
9746,139
9747,139
9748,139
9749,139
9750,139
9751,139
9752,138
9753,138
9754,138
9755,138
9756,138
9757,138
9758,138
9759,138
9760,138
9761,138
9762,138
9763,137
9764,137
9765,137
9766,137
9767,137
9768,138
9769,137
9770,137
9771,137
9772,137
9773,138
9774,138
9775,137
9776,137
9777,137
9778,138
9779,138
9780,137
9781,137
9782,137
9783,138
9784,138
9785,138
9786,138
9787,138
9788,138
9789,138
9790,138
9791,138
9792,138
9793,138
9794,138
9795,138
9796,138
9797,137
9798,137
9799,137
9800,137
9801,138
9802,138
9803,138
9804,138
9805,138
9806,138
9807,138
9808,138
9809,137
9810,137
9811,138
9812,138
9813,138
9814,138
9815,138
9816,138
9817,138
9818,138
9819,138
9820,138
9821,138
9822,138
9823,138
9824,138
9825,138
9826,138
9827,138
9828,138
9829,138
9830,138
9831,138
9832,138
9833,138
9834,138
9835,138
9836,138
9837,138
9838,138
9839,138
9840,138
9841,138
9842,138
9843,138
9844,138
9845,138
9846,139
9847,139
9848,139
9849,139
9850,139
9851,139
9852,139
9853,139
9854,139
9855,139
9856,139
9857,139
9858,139
9859,139
9860,139
9861,139
9862,139
9863,139
9864,139
9865,139
9866,139
9867,139
9868,139
9869,139
9870,139
9871,139
9872,139
9873,139
9874,139
9875,139
9876,139
9877,139
9878,139
9879,139
9880,139
9881,139
9882,139
9883,139
9884,139
9885,139
9886,139
9887,139
9888,139
9889,139
9890,139
9891,139
9892,139
9893,139
9894,139
9895,139
9896,139
9897,139
9898,139
9899,139
9900,139
9901,138
9902,139
9903,139
9904,139
9905,139
9906,139
9907,139
9908,139
9909,139
9910,139
9911,139
9912,139
9913,139
9914,139
9915,139
9916,139
9917,138
9918,138
9919,138
9920,138
9921,138
9922,139
9923,139
9924,139
9925,139
9926,139
9927,139
9928,139
9929,139
9930,139
9931,139
9932,139
9933,139
9934,139
9935,139
9936,139
9937,139
9938,139
9939,139
9940,138
9941,139
9942,139
9943,139
9944,139
9945,139
9946,139
9947,139
9948,138
9949,138
9950,139
9951,139
9952,139
9953,139
9954,139
9955,139
9956,139
9957,139
9958,139
9959,139
9960,139
9961,139
9962,139
9963,139
9964,139
9965,139
9966,139
9967,139
9968,139
9969,139
9970,139
9971,139
9972,139
9973,138
9974,138
9975,138
9976,138
9977,138
9978,138
9979,138
9980,138
9981,138
9982,138
9983,138
9984,138
9985,138
9986,138
9987,138
9988,138
9989,138
9990,138
9991,138
9992,138
9993,138
9994,138
9995,138
9996,138
9997,138
9998,138
9999,138
