0,150
1,150
2,150
3,150
4,149
5,149
6,149
7,149
8,149
9,150
10,150
11,150
12,150
13,150
14,150
15,150
16,150
17,150
18,149
19,149
20,149
21,150
22,150
23,150
24,149
25,149
26,149
27,149
28,150
29,150
30,150
31,150
32,150
33,150
34,150
35,150
36,150
37,150
38,150
39,150
40,150
41,150
42,150
43,150
44,150
45,150
46,150
47,150
48,149
49,150
50,150
51,150
52,150
53,150
54,150
55,150
56,150
57,150
58,150
59,150
60,150
61,150
62,150
63,150
64,150
65,150
66,149
67,150
68,149
69,149
70,149
71,149
72,149
73,150
74,150
75,150
76,150
77,150
78,150
79,151
80,151
81,151
82,151
83,151
84,151
85,151
86,151
87,151
88,151
89,151
90,151
91,151
92,151
93,151
94,151
95,151
96,151
97,151
98,151
99,151
100,151
101,151
102,151
103,151
104,151
105,151
106,151
107,151
108,151
109,151
110,151
111,151
112,151
113,151
114,151
115,151
116,151
117,151
118,151
119,151
120,151
121,151
122,151
123,151
124,151
125,151
126,151
127,151
128,152
129,152
130,152
131,152
132,152
133,152
134,151
135,152
136,152
137,152
138,152
139,152
140,152
141,152
142,152
143,152
144,152
145,152
146,152
147,152
148,152
149,152
150,152
151,152
152,152
153,152
154,152
155,152
156,152
157,152
158,152
159,152
160,152
161,152
162,152
163,152
164,152
165,152
166,152
167,151
168,151
169,152
170,152
171,152
172,152
173,152
174,152
175,152
176,152
177,152
178,152
179,152
180,152
181,152
182,152
183,152
184,152
185,152
186,152
187,152
188,152
189,152
190,152
191,151
192,152
193,152
194,152
195,152
196,152
197,152
198,151
199,152
200,152
201,152
202,152
203,151
204,151
205,151
206,151
207,151
208,151
209,152
210,152
211,151
212,151
213,152
214,152
215,152
216,152
217,152
218,152
219,152
220,151
221,152
222,152
223,152
224,152
225,152
226,152
227,152
228,152
229,152
230,152
231,152
232,152
233,152
234,152
235,152
236,152
237,152
238,152
239,152
240,152
241,151
242,152
243,152
244,152
245,152
246,152
247,152
248,151
249,151
250,151
251,151
252,151
253,151
254,151
255,151
256,151
257,151
258,151
259,151
260,151
261,151
262,151
263,151
264,151
265,151
266,151
267,151
268,151
269,151
270,152
271,151
272,151
273,151
274,151
275,151
276,152
277,152
278,152
279,152
280,152
281,152
282,152
283,152
284,152
285,152
286,152
287,152
288,152
289,152
290,152
291,152
292,152
293,152
294,152
295,152
296,152
297,152
298,152
299,152
300,152
301,152
302,152
303,152
304,152
305,152
306,152
307,152
308,152
309,152
310,152
311,152
312,152
313,152
314,152
315,153
316,153
317,153
318,153
319,153
320,153
321,153
322,153
323,154
324,154
325,154
326,154
327,154
328,154
329,154
330,154
331,154
332,154
333,153
334,153
335,153
336,153
337,153
338,153
339,153
340,153
341,153
342,153
343,153
344,153
345,153
346,153
347,153
348,152
349,152
350,152
351,153
352,152
353,153
354,153
355,153
356,153
357,152
358,152
359,153
360,153
361,153
362,153
363,153
364,152
365,153
366,153
367,153
368,153
369,153
370,153
371,153
372,153
373,153
374,153
375,153
376,153
377,153
378,153
379,153
380,153
381,153
382,153
383,153
384,153
385,153
386,152
387,153
388,153
389,153
390,153
391,153
392,153
393,153
394,153
395,153
396,153
397,153
398,153
399,153
400,153
401,153
402,153
403,153
404,153
405,153
406,153
407,153
408,153
409,153
410,153
411,153
412,153
413,153
414,153
415,153
416,153
417,153
418,153
419,153
420,153
421,153
422,153
423,153
424,153
425,153
426,153
427,153
428,153
429,153
430,153
431,153
432,153
433,153
434,153
435,153
436,153
437,153
438,154
439,154
440,154
441,154
442,153
443,153
444,153
445,154
446,154
447,154
448,154
449,154
450,154
451,154
452,154
453,154
454,154
455,154
456,154
457,154
458,154
459,154
460,154
461,154
462,154
463,154
464,154
465,154
466,154
467,154
468,154
469,153
470,153
471,154
472,154
473,154
474,154
475,154
476,154
477,154
478,154
479,154
480,154
481,154
482,154
483,154
484,154
485,154
486,154
487,154
488,154
489,154
490,154
491,154
492,154
493,154
494,154
495,154
496,154
497,154
498,154
499,154
500,154
501,154
502,154
503,154
504,154
505,154
506,154
507,154
508,154
509,154
510,154
511,154
512,154
513,154
514,154
515,154
516,154
517,154
518,154
519,154
520,154
521,154
522,154
523,154
524,154
525,154
526,154
527,154
528,154
529,154
530,154
531,153
532,153
533,153
534,153
535,153
536,153
537,153
538,153
539,153
540,153
541,153
542,153
543,153
544,153
545,153
546,153
547,153
548,153
549,153
550,153
551,153
552,153
553,153
554,153
555,153
556,153
557,153
558,153
559,153
560,153
561,153
562,153
563,153
564,153
565,153
566,153
567,153
568,152
569,152
570,152
571,152
572,152
573,152
574,152
575,152
576,152
577,151
578,151
579,151
580,151
581,151
582,151
583,151
584,151
585,151
586,150
587,150
588,150
589,150
590,150
591,150
592,150
593,150
594,150
595,150
596,150
597,150
598,150
599,151
600,151
601,151
602,151
603,151
604,151
605,151
606,151
607,151
608,151
609,151
610,151
611,151
612,150
613,150
614,151
615,151
616,151
617,151
618,151
619,151
620,151
621,151
622,151
623,151
624,151
625,151
626,151
627,151
628,151
629,151
630,151
631,151
632,151
633,151
634,151
635,151
636,151
637,151
638,151
639,151
640,151
641,151
642,151
643,151
644,151
645,150
646,150
647,150
648,150
649,150
650,150
651,150
652,150
653,150
654,150
655,150
656,150
657,150
658,150
659,150
660,150
661,150
662,150
663,150
664,150
665,150
666,150
667,150
668,150
669,150
670,150
671,150
672,150
673,150
674,150
675,150
676,150
677,150
678,150
679,150
680,150
681,150
682,150
683,150
684,150
685,150
686,150
687,150
688,150
689,150
690,150
691,149
692,149
693,149
694,149
695,149
696,149
697,149
698,149
699,149
700,149
701,149
702,149
703,149
704,149
705,149
706,149
707,149
708,149
709,149
710,150
711,149
712,149
713,149
714,149
715,149
716,149
717,149
718,149
719,149
720,149
721,149
722,149
723,149
724,149
725,149
726,149
727,149
728,149
729,149
730,149
731,150
732,150
733,150
734,150
735,150
736,150
737,150
738,150
739,150
740,150
741,150
742,150
743,150
744,150
745,150
746,149
747,149
748,149
749,149
750,149
751,149
752,149
753,149
754,149
755,149
756,149
757,149
758,149
759,149
760,149
761,149
762,149
763,149
764,149
765,149
766,149
767,149
768,149
769,149
770,149
771,149
772,149
773,149
774,149
775,149
776,149
777,149
778,149
779,150
780,149
781,149
782,149
783,150
784,150
785,149
786,150
787,150
788,150
789,150
790,150
791,150
792,150
793,150
794,150
795,150
796,150
797,150
798,150
799,150
800,150
801,149
802,149
803,150
804,150
805,150
806,150
807,150
808,150
809,150
810,150
811,150
812,150
813,150
814,150
815,150
816,150
817,150
818,150
819,150
820,150
821,150
822,150
823,150
824,150
825,150
826,149
827,149
828,149
829,149
830,149
831,149
832,149
833,150
834,150
835,150
836,150
837,150
838,150
839,150
840,150
841,150
842,150
843,150
844,150
845,150
846,150
847,150
848,150
849,150
850,150
851,150
852,150
853,150
854,149
855,150
856,150
857,150
858,150
859,151
860,151
861,151
862,151
863,151
864,151
865,151
866,151
867,151
868,151
869,151
870,151
871,151
872,151
873,151
874,151
875,151
876,151
877,151
878,151
879,151
880,151
881,151
882,151
883,151
884,151
885,151
886,151
887,151
888,151
889,151
890,151
891,151
892,151
893,151
894,151
895,151
896,151
897,151
898,151
899,151
900,151
901,151
902,151
903,151
904,151
905,151
906,151
907,151
908,151
909,151
910,151
911,151
912,151
913,151
914,151
915,151
916,151
917,151
918,151
919,151
920,151
921,151
922,151
923,150
924,150
925,150
926,151
927,151
928,151
929,151
930,151
931,151
932,151
933,151
934,151
935,151
936,151
937,151
938,151
939,151
940,151
941,151
942,151
943,151
944,151
945,151
946,151
947,151
948,151
949,151
950,151
951,151
952,151
953,151
954,151
955,151
956,151
957,151
958,152
959,152
960,152
961,152
962,152
963,152
964,152
965,152
966,152
967,152
968,152
969,152
970,152
971,152
972,152
973,152
974,152
975,152
976,152
977,152
978,152
979,152
980,151
981,151
982,152
983,152
984,152
985,152
986,152
987,152
988,152
989,152
990,152
991,152
992,152
993,152
994,152
995,152
996,152
997,152
998,152
999,152
1000,152
1001,152
1002,152
1003,152
1004,152
1005,152
1006,152
1007,152
1008,152
1009,152
1010,152
1011,151
1012,152
1013,152
1014,152
1015,152
1016,152
1017,152
1018,152
1019,152
1020,152
1021,152
1022,152
1023,152
1024,152
1025,152
1026,152
1027,152
1028,152
1029,152
1030,152
1031,152
1032,152
1033,152
1034,152
1035,152
1036,152
1037,152
1038,152
1039,152
1040,151
1041,152
1042,152
1043,151
1044,151
1045,151
1046,151
1047,152
1048,152
1049,152
1050,152
1051,152
1052,152
1053,152
1054,152
1055,152
1056,151
1057,151
1058,151
1059,151
1060,151
1061,151
1062,151
1063,151
1064,151
1065,151
1066,151
1067,151
1068,151
1069,151
1070,151
1071,151
1072,151
1073,151
1074,151
1075,151
1076,151
1077,151
1078,151
1079,151
1080,151
1081,151
1082,151
1083,151
1084,151
1085,151
1086,151
1087,151
1088,151
1089,151
1090,151
1091,151
1092,151
1093,151
1094,152
1095,152
1096,152
1097,152
1098,152
1099,152
1100,152
1101,152
1102,152
1103,152
1104,152
1105,152
1106,152
1107,152
1108,152
1109,152
1110,152
1111,152
1112,152
1113,152
1114,152
1115,152
1116,152
1117,152
1118,152
1119,152
1120,152
1121,153
1122,153
1123,153
1124,152
1125,152
1126,153
1127,153
1128,153
1129,153
1130,153
1131,153
1132,153
1133,153
1134,153
1135,153
1136,153
1137,153
1138,153
1139,153
1140,153
1141,153
1142,152
1143,152
1144,152
1145,153
1146,153
1147,153
1148,153
1149,153
1150,153
1151,153
1152,153
1153,153
1154,153
1155,153
1156,153
1157,153
1158,153
1159,153
1160,153
1161,153
1162,153
1163,153
1164,153
1165,153
1166,153
1167,153
1168,153
1169,153
1170,152
1171,152
1172,153
1173,153
1174,153
1175,153
1176,153
1177,153
1178,153
1179,153
1180,153
1181,153
1182,153
1183,152
1184,152
1185,152
1186,152
1187,152
1188,152
1189,152
1190,152
1191,152
1192,152
1193,152
1194,152
1195,152
1196,152
1197,152
1198,152
1199,152
1200,152
1201,152
1202,152
1203,152
1204,151
1205,151
1206,152
1207,152
1208,152
1209,152
1210,152
1211,152
1212,152
1213,152
1214,152
1215,152
1216,152
1217,152
1218,152
1219,152
1220,152
1221,152
1222,152
1223,152
1224,152
1225,152
1226,152
1227,152
1228,151
1229,152
1230,152
1231,152
1232,152
1233,152
1234,152
1235,152
1236,152
1237,152
1238,152
1239,152
1240,152
1241,152
1242,152
1243,152
1244,152
1245,152
1246,152
1247,152
1248,152
1249,152
1250,152
1251,152
1252,152
1253,152
1254,152
1255,151
1256,151
1257,151
1258,151
1259,151
1260,151
1261,151
1262,151
1263,151
1264,151
1265,151
1266,151
1267,151
1268,151
1269,151
1270,151
1271,151
1272,151
1273,151
1274,151
1275,151
1276,151
1277,151
1278,151
1279,151
1280,151
1281,151
1282,151
1283,151
1284,151
1285,151
1286,151
1287,151
1288,151
1289,152
1290,152
1291,152
1292,152
1293,152
1294,152
1295,152
1296,152
1297,152
1298,152
1299,152
1300,152
1301,152
1302,152
1303,152
1304,152
1305,152
1306,152
1307,152
1308,152
1309,152
1310,152
1311,152
1312,152
1313,152
1314,152
1315,152
1316,152
1317,152
1318,152
1319,152
1320,152
1321,152
1322,152
1323,152
1324,152
1325,152
1326,152
1327,152
1328,152
1329,152
1330,152
1331,152
1332,152
1333,152
1334,152
1335,152
1336,152
1337,152
1338,152
1339,152
1340,152
1341,152
1342,152
1343,151
1344,152
1345,152
1346,152
1347,152
1348,152
1349,152
1350,151
1351,152
1352,152
1353,152
1354,152
1355,152
1356,152
1357,152
1358,152
1359,152
1360,152
1361,152
1362,152
1363,152
1364,152
1365,152
1366,152
1367,152
1368,152
1369,152
1370,152
1371,152
1372,151
1373,151
1374,151
1375,151
1376,151
1377,151
1378,152
1379,152
1380,152
1381,152
1382,152
1383,152
1384,152
1385,152
1386,152
1387,152
1388,152
1389,152
1390,152
1391,152
1392,152
1393,152
1394,152
1395,152
1396,152
1397,152
1398,152
1399,152
1400,152
1401,151
1402,151
1403,152
1404,152
1405,152
1406,151
1407,152
1408,152
1409,152
1410,152
1411,152
1412,152
1413,152
1414,152
1415,152
1416,152
1417,152
1418,152
1419,152
1420,151
1421,151
1422,151
1423,151
1424,152
1425,152
1426,152
1427,152
1428,152
1429,152
1430,152
1431,152
1432,152
1433,152
1434,152
1435,151
1436,152
1437,152
1438,152
1439,152
1440,152
1441,152
1442,152
1443,152
1444,153
1445,153
1446,152
1447,152
1448,152
1449,153
1450,153
1451,153
1452,153
1453,153
1454,152
1455,152
1456,152
1457,152
1458,152
1459,152
1460,152
1461,152
1462,152
1463,152
1464,152
1465,152
1466,152
1467,152
1468,152
1469,152
1470,152
1471,152
1472,152
1473,152
1474,153
1475,153
1476,153
1477,153
1478,153
1479,153
1480,153
1481,153
1482,153
1483,153
1484,153
1485,153
1486,153
1487,153
1488,153
1489,153
1490,153
1491,153
1492,153
1493,154
1494,154
1495,154
1496,154
1497,154
1498,154
1499,154
1500,154
1501,154
1502,154
1503,154
1504,154
1505,154
1506,154
1507,154
1508,153
1509,153
1510,154
1511,153
1512,153
1513,153
1514,154
1515,154
1516,154
1517,154
1518,154
1519,154
1520,154
1521,154
1522,154
1523,154
1524,154
1525,154
1526,154
1527,154
1528,154
1529,154
1530,154
1531,154
1532,154
1533,154
1534,154
1535,154
1536,154
1537,154
1538,154
1539,154
1540,154
1541,154
1542,154
1543,154
1544,154
1545,154
1546,154
1547,154
1548,154
1549,154
1550,154
1551,154
1552,154
1553,154
1554,155
1555,155
1556,155
1557,155
1558,155
1559,155
1560,154
1561,154
1562,155
1563,155
1564,155
1565,155
1566,154
1567,154
1568,155
1569,155
1570,155
1571,155
1572,155
1573,155
1574,155
1575,155
1576,154
1577,155
1578,155
1579,155
1580,155
1581,155
1582,154
1583,155
1584,155
1585,155
1586,154
1587,154
1588,154
1589,154
1590,154
1591,154
1592,154
1593,154
1594,154
1595,154
1596,154
1597,154
1598,154
1599,154
1600,154
1601,154
1602,154
1603,154
1604,154
1605,154
1606,154
1607,154
1608,154
1609,154
1610,154
1611,154
1612,154
1613,154
1614,154
1615,154
1616,154
1617,154
1618,154
1619,154
1620,154
1621,154
1622,154
1623,154
1624,154
1625,154
1626,154
1627,154
1628,153
1629,153
1630,153
1631,153
1632,153
1633,154
1634,154
1635,154
1636,154
1637,154
1638,154
1639,153
1640,153
1641,153
1642,153
1643,153
1644,153
1645,153
1646,153
1647,153
1648,153
1649,154
1650,154
1651,154
1652,154
1653,154
1654,154
1655,154
1656,154
1657,154
1658,154
1659,154
1660,154
1661,154
1662,154
1663,154
1664,154
1665,154
1666,154
1667,154
1668,154
1669,154
1670,154
1671,154
1672,154
1673,154
1674,154
1675,154
1676,154
1677,154
1678,154
1679,154
1680,154
1681,154
1682,154
1683,154
1684,154
1685,154
1686,154
1687,154
1688,154
1689,154
1690,154
1691,154
1692,154
1693,154
1694,154
1695,154
1696,154
1697,154
1698,154
1699,154
1700,154
1701,154
1702,154
1703,154
1704,154
1705,154
1706,154
1707,154
1708,154
1709,153
1710,153
1711,153
1712,153
1713,153
1714,153
1715,153
1716,153
1717,153
1718,153
1719,153
1720,153
1721,153
1722,153
1723,153
1724,153
1725,153
1726,153
1727,153
1728,153
1729,153
1730,153
1731,153
1732,153
1733,153
1734,153
1735,153
1736,153
1737,153
1738,153
1739,153
1740,153
1741,153
1742,153
1743,153
1744,153
1745,153
1746,153
1747,153
1748,153
1749,153
1750,153
1751,153
1752,153
1753,152
1754,152
1755,153
1756,152
1757,152
1758,153
1759,153
1760,153
1761,153
1762,153
1763,153
1764,153
1765,153
1766,153
1767,153
1768,153
1769,153
1770,153
1771,153
1772,153
1773,153
1774,153
1775,153
1776,153
1777,153
1778,153
1779,153
1780,153
1781,153
1782,153
1783,153
1784,153
1785,153
1786,153
1787,153
1788,152
1789,152
1790,152
1791,152
1792,152
1793,152
1794,152
1795,152
1796,152
1797,152
1798,152
1799,152
1800,152
1801,152
1802,152
1803,152
1804,152
1805,152
1806,152
1807,152
1808,152
1809,152
1810,153
1811,153
1812,153
1813,153
1814,153
1815,153
1816,153
1817,153
1818,152
1819,152
1820,152
1821,153
1822,153
1823,153
1824,153
1825,153
1826,153
1827,153
1828,153
1829,153
1830,153
1831,153
1832,153
1833,153
1834,153
1835,152
1836,152
1837,152
1838,152
1839,152
1840,152
1841,152
1842,152
1843,152
1844,152
1845,152
1846,152
1847,153
1848,153
1849,153
1850,153
1851,153
1852,153
1853,153
1854,153
1855,153
1856,153
1857,153
1858,153
1859,153
1860,153
1861,153
1862,153
1863,153
1864,153
1865,153
1866,153
1867,153
1868,153
1869,153
1870,153
1871,153
1872,153
1873,153
1874,153
1875,153
1876,153
1877,152
1878,152
1879,152
1880,152
1881,153
1882,153
1883,153
1884,153
1885,153
1886,153
1887,153
1888,153
1889,153
1890,153
1891,153
1892,153
1893,153
1894,153
1895,153
1896,152
1897,152
1898,152
1899,153
1900,153
1901,153
1902,153
1903,153
1904,153
1905,153
1906,153
1907,153
1908,153
1909,153
1910,153
1911,153
1912,153
1913,153
1914,153
1915,153
1916,153
1917,153
1918,153
1919,152
1920,153
1921,153
1922,153
1923,153
1924,153
1925,153
1926,153
1927,153
1928,153
1929,153
1930,153
1931,153
1932,153
1933,153
1934,153
1935,153
1936,152
1937,152
1938,152
1939,153
1940,153
1941,152
1942,152
1943,153
1944,153
1945,153
1946,153
1947,153
1948,153
1949,153
1950,153
1951,153
1952,153
1953,153
1954,153
1955,153
1956,153
1957,153
1958,153
1959,153
1960,153
1961,153
1962,153
1963,153
1964,153
1965,153
1966,153
1967,153
1968,153
1969,153
1970,153
1971,153
1972,153
1973,153
1974,153
1975,153
1976,153
1977,153
1978,153
1979,153
1980,153
1981,153
1982,153
1983,153
1984,153
1985,153
1986,153
1987,153
1988,153
1989,153
1990,153
1991,153
1992,153
1993,153
1994,153
1995,153
1996,153
1997,153
1998,153
1999,153
2000,153
2001,153
2002,153
2003,153
2004,153
2005,153
2006,153
2007,153
2008,153
2009,153
2010,153
2011,153
2012,153
2013,152
2014,152
2015,152
2016,152
2017,153
2018,152
2019,153
2020,152
2021,152
2022,152
2023,152
2024,152
2025,152
2026,152
2027,152
2028,152
2029,152
2030,152
2031,152
2032,153
2033,153
2034,153
2035,153
2036,153
2037,152
2038,152
2039,152
2040,152
2041,152
2042,152
2043,152
2044,152
2045,152
2046,152
2047,152
2048,152
2049,152
2050,152
2051,152
2052,152
2053,152
2054,152
2055,152
2056,152
2057,152
2058,152
2059,152
2060,152
2061,152
2062,152
2063,152
2064,151
2065,151
2066,152
2067,152
2068,152
2069,152
2070,152
2071,152
2072,152
2073,152
2074,152
2075,152
2076,151
2077,151
2078,151
2079,151
2080,151
2081,151
2082,151
2083,151
2084,151
2085,151
2086,151
2087,151
2088,151
2089,150
2090,150
2091,150
2092,150
2093,150
2094,150
2095,150
2096,149
2097,150
2098,149
2099,149
2100,149
2101,150
2102,149
2103,149
2104,150
2105,150
2106,150
2107,150
2108,150
2109,149
2110,149
2111,149
2112,150
2113,150
2114,150
2115,150
2116,150
2117,150
2118,150
2119,150
2120,150
2121,149
2122,150
2123,150
2124,150
2125,150
2126,150
2127,150
2128,150
2129,150
2130,150
2131,150
2132,150
2133,150
2134,150
2135,150
2136,150
2137,150
2138,150
2139,150
2140,150
2141,150
2142,150
2143,150
2144,150
2145,150
2146,150
2147,150
2148,150
2149,150
2150,150
2151,150
2152,150
2153,150
2154,150
2155,150
2156,150
2157,150
2158,150
2159,150
2160,150
2161,150
2162,150
2163,150
2164,150
2165,150
2166,150
2167,151
2168,150
2169,151
2170,150
2171,150
2172,150
2173,150
2174,150
2175,150
2176,150
2177,150
2178,150
2179,150
2180,150
2181,150
2182,149
2183,149
2184,149
2185,149
2186,149
2187,149
2188,149
2189,149
2190,149
2191,148
2192,148
2193,149
2194,149
2195,149
2196,149
2197,149
2198,149
2199,149
2200,148
2201,149
2202,149
2203,149
2204,149
2205,149
2206,149
2207,149
2208,149
2209,149
2210,149
2211,149
2212,149
2213,149
2214,149
2215,149
2216,149
2217,149
2218,149
2219,149
2220,149
2221,149
2222,149
2223,149
2224,149
2225,148
2226,148
2227,148
2228,148
2229,148
2230,148
2231,148
2232,148
2233,148
2234,148
2235,148
2236,148
2237,148
2238,148
2239,148
2240,148
2241,148
2242,148
2243,148
2244,148
2245,148
2246,147
2247,148
2248,147
2249,147
2250,147
2251,147
2252,147
2253,147
2254,147
2255,147
2256,147
2257,147
2258,147
2259,147
2260,147
2261,148
2262,148
2263,148
2264,147
2265,148
2266,148
2267,148
2268,148
2269,148
2270,148
2271,148
2272,148
2273,148
2274,148
2275,148
2276,148
2277,148
2278,148
2279,148
2280,148
2281,147
2282,148
2283,148
2284,148
2285,148
2286,148
2287,148
2288,148
2289,148
2290,148
2291,148
2292,148
2293,148
2294,148
2295,148
2296,148
2297,148
2298,148
2299,148
2300,147
2301,147
2302,147
2303,147
2304,147
2305,147
2306,147
2307,147
2308,147
2309,147
2310,147
2311,147
2312,147
2313,147
2314,147
2315,147
2316,148
2317,148
2318,148
2319,148
2320,148
2321,148
2322,148
2323,148
2324,148
2325,148
2326,148
2327,148
2328,148
2329,147
2330,148
2331,148
2332,148
2333,148
2334,148
2335,148
2336,148
2337,148
2338,148
2339,148
2340,148
2341,148
2342,148
2343,148
2344,148
2345,149
2346,149
2347,149
2348,149
2349,149
2350,149
2351,149
2352,149
2353,149
2354,149
2355,149
2356,149
2357,149
2358,149
2359,149
2360,149
2361,149
2362,149
2363,149
2364,149
2365,148
2366,148
2367,148
2368,149
2369,149
2370,149
2371,149
2372,149
2373,149
2374,149
2375,149
2376,149
2377,149
2378,149
2379,149
2380,149
2381,149
2382,149
2383,149
2384,149
2385,149
2386,150
2387,150
2388,150
2389,150
2390,150
2391,150
2392,150
2393,150
2394,150
2395,150
2396,150
2397,150
2398,150
2399,150
2400,150
2401,150
2402,150
2403,150
2404,150
2405,150
2406,150
2407,149
2408,149
2409,150
2410,150
2411,150
2412,150
2413,150
2414,150
2415,150
2416,150
2417,150
2418,150
2419,150
2420,150
2421,150
2422,150
2423,149
2424,150
2425,150
2426,150
2427,150
2428,150
2429,150
2430,150
2431,150
2432,150
2433,150
2434,150
2435,150
2436,150
2437,150
2438,150
2439,150
2440,150
2441,149
2442,149
2443,149
2444,149
2445,149
2446,149
2447,149
2448,149
2449,149
2450,149
2451,149
2452,149
2453,149
2454,149
2455,149
2456,148
2457,149
2458,149
2459,149
2460,149
2461,149
2462,149
2463,148
2464,149
2465,149
2466,149
2467,148
2468,148
2469,148
2470,149
2471,149
2472,149
2473,149
2474,149
2475,149
2476,149
2477,149
2478,149
2479,149
2480,149
2481,149
2482,149
2483,149
2484,149
2485,149
2486,149
2487,149
2488,150
2489,149
2490,150
2491,150
2492,150
2493,150
2494,150
2495,150
2496,150
2497,150
2498,150
2499,150
2500,150
2501,150
2502,149
2503,149
2504,149
2505,149
2506,149
2507,149
2508,149
2509,149
2510,148
2511,148
2512,149
2513,149
2514,149
2515,149
2516,149
2517,148
2518,148
2519,148
2520,148
2521,148
2522,148
2523,148
2524,148
2525,148
2526,148
2527,148
2528,148
2529,148
2530,148
2531,148
2532,148
2533,147
2534,148
2535,148
2536,148
2537,148
2538,148
2539,147
2540,147
2541,148
2542,148
2543,148
2544,148
2545,148
2546,148
2547,148
2548,148
2549,148
2550,148
2551,148
2552,148
2553,148
2554,148
2555,148
2556,148
2557,148
2558,148
2559,148
2560,148
2561,148
2562,148
2563,148
2564,148
2565,148
2566,148
2567,148
2568,148
2569,148
2570,148
2571,148
2572,147
2573,147
2574,147
2575,147
2576,147
2577,147
2578,147
2579,147
2580,147
2581,147
2582,147
2583,147
2584,147
2585,147
2586,147
2587,147
2588,147
2589,147
2590,147
2591,147
2592,147
2593,147
2594,147
2595,147
2596,147
2597,148
2598,147
2599,147
2600,148
2601,148
2602,148
2603,148
2604,148
2605,148
2606,148
2607,148
2608,148
2609,148
2610,148
2611,148
2612,148
2613,148
2614,148
2615,148
2616,148
2617,148
2618,148
2619,148
2620,148
2621,148
2622,148
2623,148
2624,148
2625,148
2626,148
2627,148
2628,148
2629,148
2630,148
2631,148
2632,148
2633,148
2634,148
2635,148
2636,148
2637,148
2638,148
2639,148
2640,148
2641,148
2642,148
2643,148
2644,148
2645,148
2646,147
2647,147
2648,148
2649,148
2650,148
2651,148
2652,148
2653,148
2654,148
2655,148
2656,148
2657,148
2658,148
2659,148
2660,148
2661,148
2662,148
2663,148
2664,149
2665,149
2666,149
2667,149
2668,149
2669,149
2670,148
2671,149
2672,149
2673,149
2674,149
2675,149
2676,149
2677,149
2678,149
2679,149
2680,149
2681,149
2682,149
2683,149
2684,149
2685,149
2686,149
2687,149
2688,149
2689,149
2690,149
2691,149
2692,149
2693,149
2694,149
2695,149
2696,149
2697,149
2698,149
2699,148
2700,148
2701,148
2702,148
2703,148
2704,148
2705,148
2706,148
2707,148
2708,148
2709,148
2710,148
2711,148
2712,148
2713,148
2714,148
2715,148
2716,148
2717,148
2718,148
2719,148
2720,148
2721,148
2722,148
2723,148
2724,148
2725,148
2726,148
2727,148
2728,148
2729,148
2730,148
2731,148
2732,148
2733,148
2734,148
2735,148
2736,148
2737,148
2738,148
2739,148
2740,147
2741,148
2742,148
2743,147
2744,148
2745,147
2746,148
2747,147
2748,147
2749,147
2750,147
2751,147
2752,147
2753,147
2754,147
2755,147
2756,147
2757,147
2758,147
2759,147
2760,147
2761,147
2762,147
2763,147
2764,147
2765,147
2766,147
2767,147
2768,147
2769,147
2770,147
2771,146
2772,146
2773,146
2774,146
2775,146
2776,146
2777,146
2778,146
2779,146
2780,146
2781,146
2782,146
2783,146
2784,146
2785,146
2786,146
2787,145
2788,146
2789,146
2790,146
2791,146
2792,146
2793,146
2794,146
2795,146
2796,146
2797,146
2798,146
2799,146
2800,146
2801,146
2802,146
2803,146
2804,146
2805,146
2806,146
2807,146
2808,146
2809,146
2810,146
2811,146
2812,146
2813,146
2814,146
2815,146
2816,146
2817,146
2818,146
2819,146
2820,146
2821,147
2822,147
2823,147
2824,147
2825,147
2826,147
2827,147
2828,147
2829,147
2830,147
2831,147
2832,147
2833,147
2834,147
2835,146
2836,146
2837,146
2838,146
2839,147
2840,147
2841,147
2842,147
2843,147
2844,147
2845,147
2846,147
2847,146
2848,146
2849,146
2850,146
2851,146
2852,147
2853,147
2854,147
2855,147
2856,147
2857,147
2858,147
2859,147
2860,147
2861,147
2862,147
2863,147
2864,147
2865,147
2866,147
2867,147
2868,147
2869,147
2870,147
2871,147
2872,147
2873,147
2874,147
2875,147
2876,147
2877,147
2878,147
2879,147
2880,147
2881,148
2882,148
2883,148
2884,148
2885,148
2886,147
2887,147
2888,148
2889,148
2890,148
2891,148
2892,148
2893,148
2894,148
2895,148
2896,147
2897,147
2898,147
2899,147
2900,147
2901,147
2902,147
2903,147
2904,147
2905,147
2906,147
2907,147
2908,147
2909,147
2910,147
2911,147
2912,147
2913,147
2914,146
2915,146
2916,146
2917,146
2918,146
2919,146
2920,146
2921,146
2922,146
2923,146
2924,146
2925,146
2926,145
2927,145
2928,145
2929,145
2930,145
2931,145
2932,145
2933,145
2934,145
2935,145
2936,145
2937,145
2938,144
2939,144
2940,145
2941,145
2942,145
2943,145
2944,145
2945,145
2946,145
2947,145
2948,145
2949,145
2950,145
2951,145
2952,145
2953,145
2954,145
2955,145
2956,145
2957,145
2958,145
2959,145
2960,145
2961,145
2962,145
2963,145
2964,145
2965,145
2966,145
2967,145
2968,145
2969,145
2970,145
2971,145
2972,145
2973,145
2974,145
2975,145
2976,145
2977,145
2978,145
2979,145
2980,145
2981,145
2982,145
2983,145
2984,145
2985,145
2986,145
2987,145
2988,145
2989,145
2990,146
2991,146
2992,146
2993,146
2994,146
2995,146
2996,146
2997,146
2998,146
2999,146
3000,146
3001,145
3002,146
3003,146
3004,146
3005,146
3006,146
3007,146
3008,146
3009,146
3010,146
3011,146
3012,146
3013,146
3014,146
3015,146
3016,146
3017,145
3018,146
3019,146
3020,146
3021,146
3022,146
3023,146
3024,146
3025,146
3026,146
3027,146
3028,146
3029,146
3030,147
3031,147
3032,147
3033,147
3034,147
3035,147
3036,147
3037,147
3038,147
3039,146
3040,147
3041,147
3042,147
3043,147
3044,147
3045,147
3046,147
3047,147
3048,147
3049,147
3050,147
3051,147
3052,147
3053,147
3054,146
3055,146
3056,146
3057,146
3058,146
3059,147
3060,147
3061,147
3062,146
3063,146
3064,146
3065,146
3066,146
3067,146
3068,146
3069,147
3070,147
3071,147
3072,147
3073,147
3074,147
3075,147
3076,147
3077,147
3078,147
3079,147
3080,147
3081,147
3082,147
3083,147
3084,147
3085,147
3086,147
3087,147
3088,147
3089,147
3090,147
3091,147
3092,147
3093,147
3094,147
3095,147
3096,146
3097,146
3098,146
3099,146
3100,146
3101,146
3102,146
3103,146
3104,146
3105,146
3106,146
3107,146
3108,146
3109,146
3110,147
3111,147
3112,146
3113,146
3114,146
3115,146
3116,146
3117,146
3118,146
3119,146
3120,146
3121,146
3122,146
3123,146
3124,146
3125,146
3126,146
3127,146
3128,146
3129,146
3130,146
3131,147
3132,147
3133,147
3134,147
3135,147
3136,147
3137,147
3138,147
3139,147
3140,147
3141,147
3142,147
3143,147
3144,147
3145,147
3146,147
3147,148
3148,148
3149,148
3150,148
3151,148
3152,148
3153,148
3154,147
3155,147
3156,147
3157,147
3158,147
3159,147
3160,147
3161,147
3162,147
3163,147
3164,147
3165,147
3166,147
3167,147
3168,146
3169,146
3170,147
3171,147
3172,147
3173,147
3174,147
3175,147
3176,147
3177,148
3178,148
3179,148
3180,148
3181,148
3182,147
3183,147
3184,148
3185,148
3186,148
3187,148
3188,148
3189,148
3190,148
3191,148
3192,148
3193,148
3194,148
3195,148
3196,148
3197,148
3198,148
3199,148
3200,148
3201,148
3202,148
3203,148
3204,148
3205,148
3206,148
3207,148
3208,148
3209,148
3210,148
3211,148
3212,148
3213,148
3214,148
3215,148
3216,148
3217,148
3218,148
3219,148
3220,148
3221,148
3222,148
3223,148
3224,148
3225,148
3226,148
3227,148
3228,148
3229,148
3230,148
3231,148
3232,148
3233,148
3234,148
3235,148
3236,148
3237,148
3238,148
3239,148
3240,148
3241,148
3242,148
3243,148
3244,148
3245,148
3246,148
3247,148
3248,148
3249,148
3250,148
3251,148
3252,148
3253,148
3254,148
3255,148
3256,148
3257,148
3258,148
3259,148
3260,148
3261,148
3262,148
3263,148
3264,148
3265,148
3266,148
3267,147
3268,147
3269,147
3270,147
3271,147
3272,147
3273,147
3274,147
3275,148
3276,148
3277,148
3278,148
3279,148
3280,148
3281,148
3282,148
3283,148
3284,148
3285,148
3286,148
3287,148
3288,147
3289,147
3290,147
3291,147
3292,147
3293,147
3294,147
3295,147
3296,147
3297,147
3298,148
3299,148
3300,148
3301,148
3302,148
3303,148
3304,148
3305,148
3306,148
3307,148
3308,148
3309,148
3310,148
3311,148
3312,148
3313,148
3314,148
3315,148
3316,148
3317,148
3318,148
3319,148
3320,148
3321,148
3322,148
3323,148
3324,148
3325,148
3326,148
3327,147
3328,148
3329,148
3330,148
3331,148
3332,148
3333,148
3334,148
3335,148
3336,148
3337,148
3338,148
3339,148
3340,148
3341,148
3342,148
3343,148
3344,148
3345,148
3346,147
3347,147
3348,147
3349,147
3350,148
3351,148
3352,148
3353,148
3354,148
3355,148
3356,148
3357,148
3358,148
3359,148
3360,148
3361,148
3362,148
3363,148
3364,148
3365,148
3366,148
3367,148
3368,148
3369,148
3370,148
3371,148
3372,148
3373,148
3374,148
3375,148
3376,148
3377,148
3378,148
3379,148
3380,148
3381,148
3382,148
3383,148
3384,148
3385,148
3386,148
3387,148
3388,148
3389,148
3390,148
3391,148
3392,148
3393,148
3394,148
3395,148
3396,148
3397,148
3398,148
3399,148
3400,148
3401,148
3402,148
3403,148
3404,148
3405,148
3406,148
3407,148
3408,148
3409,148
3410,148
3411,148
3412,147
3413,147
3414,147
3415,147
3416,147
3417,147
3418,147
3419,147
3420,147
3421,147
3422,146
3423,146
3424,146
3425,146
3426,146
3427,146
3428,146
3429,146
3430,146
3431,146
3432,146
3433,146
3434,146
3435,146
3436,146
3437,146
3438,146
3439,146
3440,146
3441,146
3442,146
3443,146
3444,146
3445,146
3446,146
3447,146
3448,146
3449,146
3450,146
3451,146
3452,146
3453,146
3454,146
3455,146
3456,146
3457,146
3458,146
3459,146
3460,146
3461,146
3462,146
3463,146
3464,146
3465,146
3466,146
3467,146
3468,146
3469,146
3470,146
3471,146
3472,146
3473,146
3474,146
3475,146
3476,147
3477,147
3478,147
3479,147
3480,146
3481,147
3482,147
3483,147
3484,147
3485,147
3486,147
3487,147
3488,146
3489,147
3490,147
3491,147
3492,146
3493,146
3494,146
3495,146
3496,147
3497,147
3498,147
3499,146
3500,146
3501,146
3502,146
3503,146
3504,146
3505,146
3506,146
3507,146
3508,146
3509,146
3510,146
3511,146
3512,146
3513,146
3514,146
3515,146
3516,147
3517,147
3518,147
3519,147
3520,147
3521,147
3522,147
3523,147
3524,147
3525,147
3526,147
3527,147
3528,147
3529,147
3530,146
3531,146
3532,146
3533,146
3534,146
3535,146
3536,146
3537,146
3538,146
3539,146
3540,146
3541,146
3542,146
3543,146
3544,146
3545,146
3546,146
3547,146
3548,147
3549,147
3550,147
3551,147
3552,147
3553,147
3554,147
3555,147
3556,147
3557,147
3558,147
3559,147
3560,147
3561,147
3562,147
3563,147
3564,147
3565,147
3566,147
3567,147
3568,147
3569,147
3570,147
3571,147
3572,147
3573,147
3574,147
3575,147
3576,147
3577,147
3578,147
3579,147
3580,146
3581,146
3582,146
3583,146
3584,146
3585,146
3586,146
3587,146
3588,146
3589,146
3590,146
3591,146
3592,146
3593,147
3594,147
3595,147
3596,147
3597,147
3598,147
3599,147
3600,147
3601,147
3602,147
3603,147
3604,147
3605,147
3606,147
3607,147
3608,147
3609,147
3610,147
3611,147
3612,147
3613,147
3614,146
3615,147
3616,147
3617,147
3618,147
3619,147
3620,147
3621,146
3622,146
3623,147
3624,147
3625,147
3626,147
3627,147
3628,147
3629,147
3630,147
3631,147
3632,147
3633,147
3634,147
3635,147
3636,147
3637,147
3638,147
3639,147
3640,147
3641,146
3642,146
3643,146
3644,146
3645,146
3646,146
3647,146
3648,146
3649,146
3650,146
3651,146
3652,146
3653,146
3654,146
3655,146
3656,146
3657,146
3658,146
3659,146
3660,145
3661,145
3662,145
3663,146
3664,146
3665,146
3666,146
3667,145
3668,145
3669,145
3670,145
3671,145
3672,145
3673,145
3674,145
3675,145
3676,145
3677,145
3678,145
3679,144
3680,144
3681,144
3682,144
3683,144
3684,144
3685,144
3686,144
3687,144
3688,144
3689,144
3690,144
3691,144
3692,144
3693,144
3694,144
3695,144
3696,144
3697,144
3698,144
3699,144
3700,144
3701,144
3702,144
3703,144
3704,144
3705,144
3706,144
3707,144
3708,144
3709,144
3710,144
3711,144
3712,144
3713,145
3714,145
3715,145
3716,145
3717,145
3718,145
3719,145
3720,145
3721,145
3722,145
3723,145
3724,145
3725,145
3726,145
3727,145
3728,145
3729,145
3730,145
3731,145
3732,145
3733,145
3734,145
3735,145
3736,145
3737,145
3738,145
3739,145
3740,145
3741,145
3742,145
3743,145
3744,145
3745,145
3746,144
3747,144
3748,144
3749,144
3750,144
3751,144
3752,144
3753,144
3754,145
3755,145
3756,145
3757,145
3758,145
3759,145
3760,145
3761,145
3762,145
3763,145
3764,145
3765,146
3766,146
3767,146
3768,146
3769,146
3770,146
3771,146
3772,146
3773,146
3774,146
3775,146
3776,146
3777,146
3778,146
3779,146
3780,146
3781,146
3782,146
3783,146
3784,146
3785,145
3786,145
3787,145
3788,145
3789,145
3790,145
3791,146
3792,146
3793,146
3794,146
3795,146
3796,146
3797,146
3798,146
3799,146
3800,146
3801,146
3802,146
3803,146
3804,146
3805,146
3806,146
3807,146
3808,146
3809,146
3810,146
3811,146
3812,146
3813,146
3814,146
3815,146
3816,146
3817,146
3818,146
3819,146
3820,146
3821,146
3822,146
3823,146
3824,146
3825,146
3826,146
3827,146
3828,146
3829,146
3830,146
3831,146
3832,146
3833,146
3834,146
3835,146
3836,146
3837,146
3838,146
3839,146
3840,145
3841,146
3842,146
3843,146
3844,146
3845,146
3846,146
3847,145
3848,145
3849,145
3850,145
3851,145
3852,145
3853,145
3854,145
3855,145
3856,145
3857,145
3858,145
3859,145
3860,145
3861,145
3862,145
3863,145
3864,145
3865,145
3866,145
3867,145
3868,145
3869,145
3870,145
3871,145
3872,145
3873,145
3874,145
3875,145
3876,145
3877,145
3878,145
3879,145
3880,145
3881,145
3882,145
3883,145
3884,145
3885,145
3886,145
3887,145
3888,145
3889,145
3890,145
3891,145
3892,145
3893,145
3894,145
3895,145
3896,145
3897,145
3898,145
3899,145
3900,145
3901,145
3902,145
3903,145
3904,145
3905,145
3906,145
3907,145
3908,145
3909,145
3910,145
3911,145
3912,144
3913,145
3914,145
3915,145
3916,145
3917,145
3918,145
3919,145
3920,145
3921,145
3922,145
3923,145
3924,146
3925,146
3926,146
3927,146
3928,146
3929,146
3930,146
3931,146
3932,146
3933,146
3934,146
3935,146
3936,145
3937,145
3938,145
3939,145
3940,145
3941,145
3942,145
3943,145
3944,146
3945,146
3946,146
3947,146
3948,146
3949,145
3950,145
3951,145
3952,146
3953,146
3954,146
3955,146
3956,146
3957,145
3958,146
3959,146
3960,146
3961,145
3962,145
3963,145
3964,146
3965,146
3966,146
3967,146
3968,146
3969,146
3970,145
3971,145
3972,145
3973,145
3974,145
3975,145
3976,145
3977,145
3978,145
3979,145
3980,145
3981,146
3982,145
3983,146
3984,146
3985,146
3986,146
3987,146
3988,146
3989,146
3990,146
3991,145
3992,146
3993,146
3994,146
3995,146
3996,145
3997,146
3998,145
3999,145
4000,145
4001,145
4002,145
4003,145
4004,145
4005,145
4006,145
4007,145
4008,145
4009,146
4010,145
4011,145
4012,145
4013,145
4014,145
4015,145
4016,145
4017,146
4018,146
4019,146
4020,146
4021,145
4022,145
4023,146
4024,146
4025,146
4026,146
4027,146
4028,146
4029,146
4030,146
4031,146
4032,146
4033,146
4034,147
4035,147
4036,147
4037,147
4038,147
4039,147
4040,147
4041,147
4042,147
4043,147
4044,147
4045,147
4046,147
4047,147
4048,147
4049,147
4050,147
4051,147
4052,147
4053,147
4054,147
4055,147
4056,147
4057,147
4058,147
4059,147
4060,147
4061,147
4062,147
4063,147
4064,147
4065,147
4066,147
4067,147
4068,147
4069,147
4070,147
4071,147
4072,146
4073,147
4074,147
4075,147
4076,147
4077,147
4078,147
4079,147
4080,147
4081,147
4082,147
4083,147
4084,147
4085,147
4086,147
4087,147
4088,147
4089,147
4090,147
4091,147
4092,147
4093,147
4094,147
4095,147
4096,147
4097,147
4098,147
4099,147
4100,147
4101,147
4102,147
4103,147
4104,147
4105,147
4106,147
4107,147
4108,147
4109,147
4110,147
4111,147
4112,147
4113,147
4114,147
4115,147
4116,147
4117,147
4118,147
4119,147
4120,147
4121,147
4122,147
4123,147
4124,147
4125,147
4126,147
4127,147
4128,147
4129,147
4130,147
4131,147
4132,147
4133,147
4134,147
4135,147
4136,147
4137,147
4138,147
4139,147
4140,147
4141,147
4142,147
4143,147
4144,147
4145,147
4146,147
4147,147
4148,147
4149,147
4150,147
4151,147
4152,146
4153,146
4154,146
4155,146
4156,146
4157,146
4158,146
4159,146
4160,146
4161,146
4162,146
4163,146
4164,146
4165,146
4166,147
4167,147
4168,147
4169,147
4170,147
4171,147
4172,147
4173,147
4174,147
4175,147
4176,147
4177,147
4178,147
4179,147
4180,147
4181,146
4182,146
4183,146
4184,146
4185,147
4186,147
4187,147
4188,147
4189,147
4190,147
4191,147
4192,147
4193,147
4194,147
4195,147
4196,147
4197,147
4198,147
4199,147
4200,147
4201,147
4202,147
4203,147
4204,147
4205,147
4206,147
4207,147
4208,148
4209,148
4210,148
4211,148
4212,148
4213,148
4214,148
4215,148
4216,148
4217,148
4218,148
4219,148
4220,148
4221,148
4222,147
4223,147
4224,147
4225,147
4226,147
4227,147
4228,147
4229,147
4230,147
4231,147
4232,147
4233,147
4234,147
4235,147
4236,147
4237,147
4238,147
4239,147
4240,147
4241,147
4242,147
4243,147
4244,147
4245,147
4246,147
4247,147
4248,147
4249,147
4250,147
4251,147
4252,147
4253,147
4254,147
4255,147
4256,147
4257,148
4258,148
4259,148
4260,148
4261,148
4262,148
4263,148
4264,148
4265,148
4266,148
4267,148
4268,148
4269,148
4270,148
4271,148
4272,148
4273,148
4274,148
4275,147
4276,148
4277,148
4278,148
4279,148
4280,147
4281,147
4282,147
4283,147
4284,147
4285,147
4286,147
4287,147
4288,147
4289,147
4290,147
4291,147
4292,147
4293,147
4294,147
4295,147
4296,147
4297,147
4298,147
4299,147
4300,147
4301,147
4302,147
4303,147
4304,147
4305,147
4306,147
4307,147
4308,147
4309,147
4310,147
4311,147
4312,147
4313,146
4314,146
4315,146
4316,146
4317,147
4318,147
4319,147
4320,147
4321,147
4322,148
4323,148
4324,148
4325,148
4326,148
4327,148
4328,148
4329,148
4330,148
4331,148
4332,148
4333,148
4334,148
4335,148
4336,148
4337,148
4338,148
4339,148
4340,148
4341,148
4342,148
4343,148
4344,148
4345,148
4346,148
4347,149
4348,149
4349,149
4350,149
4351,149
4352,149
4353,148
4354,148
4355,148
4356,148
4357,148
4358,148
4359,148
4360,148
4361,148
4362,148
4363,148
4364,148
4365,148
4366,148
4367,148
4368,148
4369,148
4370,148
4371,148
4372,148
4373,148
4374,148
4375,148
4376,148
4377,148
4378,148
4379,148
4380,148
4381,148
4382,148
4383,148
4384,148
4385,148
4386,148
4387,148
4388,148
4389,148
4390,148
4391,149
4392,149
4393,149
4394,149
4395,149
4396,149
4397,149
4398,149
4399,149
4400,149
4401,149
4402,149
4403,149
4404,149
4405,149
4406,149
4407,149
4408,149
4409,149
4410,149
4411,149
4412,149
4413,149
4414,149
4415,149
4416,149
4417,149
4418,149
4419,149
4420,149
4421,148
4422,149
4423,149
4424,149
4425,149
4426,149
4427,149
4428,149
4429,149
4430,149
4431,149
4432,149
4433,149
4434,149
4435,149
4436,149
4437,149
4438,149
4439,149
4440,149
4441,149
4442,149
4443,149
4444,149
4445,149
4446,149
4447,149
4448,149
4449,149
4450,149
4451,149
4452,149
4453,149
4454,149
4455,149
4456,149
4457,149
4458,149
4459,150
4460,150
4461,149
4462,150
4463,150
4464,150
4465,150
4466,150
4467,150
4468,150
4469,150
4470,150
4471,150
4472,150
4473,150
4474,150
4475,150
4476,149
4477,150
4478,150
4479,150
4480,150
4481,150
4482,150
4483,150
4484,150
4485,150
4486,150
4487,150
4488,149
4489,149
4490,149
4491,149
4492,150
4493,150
4494,150
4495,150
4496,150
4497,150
4498,150
4499,150
4500,150
4501,150
4502,149
4503,149
4504,149
4505,150
4506,150
4507,150
4508,150
4509,150
4510,150
4511,150
4512,150
4513,150
4514,150
4515,150
4516,150
4517,150
4518,150
4519,150
4520,150
4521,150
4522,150
4523,150
4524,150
4525,150
4526,150
4527,150
4528,150
4529,150
4530,150
4531,150
4532,150
4533,150
4534,150
4535,150
4536,150
4537,150
4538,150
4539,150
4540,150
4541,150
4542,150
4543,150
4544,150
4545,150
4546,150
4547,150
4548,150
4549,150
4550,150
4551,150
4552,150
4553,150
4554,150
4555,150
4556,150
4557,150
4558,150
4559,150
4560,150
4561,150
4562,150
4563,150
4564,150
4565,150
4566,150
4567,150
4568,150
4569,150
4570,150
4571,150
4572,150
4573,150
4574,150
4575,150
4576,150
4577,151
4578,151
4579,151
4580,151
4581,151
4582,151
4583,150
4584,151
4585,151
4586,151
4587,151
4588,150
4589,150
4590,150
4591,150
4592,150
4593,151
4594,151
4595,151
4596,151
4597,151
4598,151
4599,151
4600,150
4601,150
4602,150
4603,150
4604,150
4605,150
4606,150
4607,150
4608,150
4609,150
4610,150
4611,151
4612,151
4613,151
4614,151
4615,151
4616,151
4617,151
4618,151
4619,151
4620,151
4621,151
4622,151
4623,151
4624,151
4625,151
4626,151
4627,151
4628,151
4629,151
4630,151
4631,151
4632,151
4633,151
4634,151
4635,151
4636,150
4637,151
4638,151
4639,151
4640,151
4641,151
4642,151
4643,151
4644,151
4645,151
4646,151
4647,151
4648,151
4649,151
4650,151
4651,151
4652,151
4653,151
4654,151
4655,151
4656,150
4657,151
4658,151
4659,151
4660,151
4661,151
4662,151
4663,151
4664,151
4665,151
4666,151
4667,151
4668,151
4669,151
4670,151
4671,151
4672,151
4673,151
4674,151
4675,151
4676,151
4677,150
4678,150
4679,150
4680,150
4681,150
4682,150
4683,150
4684,150
4685,150
4686,150
4687,150
4688,150
4689,150
4690,150
4691,150
4692,150
4693,150
4694,150
4695,150
4696,150
4697,151
4698,151
4699,151
4700,150
4701,150
4702,150
4703,150
4704,150
4705,150
4706,150
4707,150
4708,150
4709,150
4710,150
4711,151
4712,151
4713,151
4714,151
4715,151
4716,151
4717,151
4718,150
4719,151
4720,150
4721,151
4722,151
4723,150
4724,150
4725,150
4726,150
4727,150
4728,150
4729,150
4730,150
4731,150
4732,150
4733,150
4734,150
4735,150
4736,150
4737,150
4738,151
4739,151
4740,151
4741,151
4742,151
4743,151
4744,151
4745,151
4746,151
4747,151
4748,150
4749,150
4750,150
4751,150
4752,150
4753,151
4754,151
4755,151
4756,151
4757,151
4758,151
4759,151
4760,151
4761,151
4762,151
4763,151
4764,151
4765,150
4766,150
4767,150
4768,150
4769,150
4770,151
4771,151
4772,151
4773,151
4774,151
4775,151
4776,151
4777,151
4778,150
4779,150
4780,150
4781,150
4782,151
4783,151
4784,151
4785,151
4786,151
4787,151
4788,151
4789,151
4790,151
4791,151
4792,151
4793,151
4794,151
4795,151
4796,151
4797,150
4798,151
4799,151
4800,150
4801,150
4802,151
4803,151
4804,151
4805,151
4806,151
4807,151
4808,151
4809,151
4810,151
4811,151
4812,151
4813,151
4814,151
4815,151
4816,151
4817,150
4818,150
4819,150
4820,150
4821,151
4822,151
4823,150
4824,150
4825,150
4826,150
4827,150
4828,150
4829,150
4830,151
4831,150
4832,150
4833,150
4834,150
4835,150
4836,150
4837,150
4838,150
4839,150
4840,151
4841,151
4842,151
4843,151
4844,151
4845,150
4846,151
4847,151
4848,151
4849,150
4850,150
4851,150
4852,150
4853,150
4854,150
4855,150
4856,150
4857,150
4858,150
4859,150
4860,150
4861,150
4862,150
4863,150
4864,150
4865,150
4866,149
4867,150
4868,150
4869,150
4870,150
4871,150
4872,150
4873,150
4874,150
4875,150
4876,150
4877,150
4878,150
4879,150
4880,150
4881,150
4882,150
4883,150
4884,150
4885,150
4886,150
4887,150
4888,150
4889,150
4890,150
4891,150
4892,150
4893,150
4894,150
4895,150
4896,150
4897,150
4898,150
4899,150
4900,150
4901,150
4902,150
4903,150
4904,150
4905,150
4906,150
4907,150
4908,150
4909,150
4910,150
4911,150
4912,150
4913,150
4914,150
4915,150
4916,150
4917,150
4918,150
4919,150
4920,150
4921,150
4922,150
4923,150
4924,150
4925,150
4926,150
4927,150
4928,150
4929,150
4930,150
4931,151
4932,151
4933,151
4934,150
4935,150
4936,150
4937,150
4938,150
4939,150
4940,150
4941,151
4942,151
4943,151
4944,151
4945,151
4946,150
4947,150
4948,151
4949,151
4950,151
4951,151
4952,151
4953,151
4954,151
4955,151
4956,151
4957,151
4958,151
4959,151
4960,151
4961,151
4962,151
4963,151
4964,151
4965,151
4966,151
4967,151
4968,151
4969,151
4970,151
4971,151
4972,151
4973,151
4974,151
4975,151
4976,151
4977,151
4978,151
4979,151
4980,151
4981,151
4982,151
4983,150
4984,150
4985,150
4986,150
4987,150
4988,150
4989,150
4990,150
4991,150
4992,151
4993,151
4994,151
4995,151
4996,151
4997,151
4998,151
4999,151
5000,151
5001,151
5002,151
5003,151
5004,151
5005,151
5006,151
5007,151
5008,150
5009,150
5010,150
5011,150
5012,150
5013,150
5014,150
5015,150
5016,150
5017,150
5018,150
5019,150
5020,150
5021,150
5022,150
5023,150
5024,150
5025,150
5026,150
5027,150
5028,150
5029,150
5030,150
5031,150
5032,150
5033,150
5034,150
5035,150
5036,150
5037,150
5038,150
5039,150
5040,149
5041,149
5042,149
5043,149
5044,149
5045,149
5046,148
5047,149
5048,149
5049,149
5050,149
5051,149
5052,149
5053,149
5054,149
5055,149
5056,149
5057,149
5058,149
5059,149
5060,149
5061,149
5062,150
5063,150
5064,150
5065,150
5066,149
5067,150
5068,149
5069,149
5070,149
5071,149
5072,149
5073,149
5074,149
5075,149
5076,149
5077,149
5078,149
5079,149
5080,149
5081,149
5082,149
5083,149
5084,149
5085,149
5086,149
5087,149
5088,150
5089,150
5090,150
5091,150
5092,149
5093,149
5094,150
5095,150
5096,150
5097,150
5098,150
5099,150
5100,150
5101,150
5102,150
5103,150
5104,150
5105,150
5106,150
5107,150
5108,150
5109,150
5110,149
5111,150
5112,150
5113,150
5114,150
5115,150
5116,150
5117,150
5118,150
5119,150
5120,150
5121,150
5122,150
5123,150
5124,150
5125,150
5126,150
5127,150
5128,150
5129,150
5130,150
5131,150
5132,150
5133,150
5134,150
5135,150
5136,150
5137,150
5138,150
5139,150
5140,150
5141,150
5142,150
5143,150
5144,150
5145,150
5146,150
5147,150
5148,150
5149,150
5150,150
5151,151
5152,151
5153,151
5154,151
5155,151
5156,151
5157,151
5158,150
5159,150
5160,151
5161,150
5162,150
5163,150
5164,150
5165,150
5166,150
5167,150
5168,150
5169,151
5170,151
5171,150
5172,150
5173,150
5174,150
5175,150
5176,150
5177,150
5178,150
5179,150
5180,149
5181,149
5182,149
5183,149
5184,149
5185,149
5186,149
5187,149
5188,148
5189,149
5190,149
5191,149
5192,149
5193,149
5194,149
5195,149
5196,148
5197,148
5198,148
5199,149
5200,149
5201,149
5202,149
5203,149
5204,149
5205,149
5206,149
5207,149
5208,149
5209,149
5210,149
5211,149
5212,149
5213,149
5214,149
5215,149
5216,150
5217,149
5218,149
5219,149
5220,149
5221,149
5222,149
5223,149
5224,149
5225,149
5226,149
5227,149
5228,149
5229,149
5230,149
5231,149
5232,149
5233,149
5234,149
5235,150
5236,150
5237,150
5238,149
5239,150
5240,150
5241,150
5242,150
5243,150
5244,150
5245,150
5246,151
5247,150
5248,150
5249,150
5250,151
5251,151
5252,150
5253,150
5254,150
5255,150
5256,150
5257,150
5258,150
5259,150
5260,150
5261,150
5262,150
5263,150
5264,150
5265,150
5266,150
5267,150
5268,150
5269,151
5270,151
5271,151
5272,151
5273,151
5274,151
5275,151
5276,151
5277,151
5278,151
5279,151
5280,151
5281,151
5282,151
5283,151
5284,152
5285,152
5286,151
5287,151
5288,151
5289,151
5290,151
5291,151
5292,151
5293,151
5294,151
5295,151
5296,151
5297,151
5298,151
5299,151
5300,151
5301,151
5302,151
5303,151
5304,151
5305,151
5306,151
5307,151
5308,151
5309,151
5310,151
5311,151
5312,151
5313,151
5314,151
5315,151
5316,151
5317,151
5318,151
5319,151
5320,151
5321,151
5322,151
5323,151
5324,151
5325,151
5326,151
5327,151
5328,151
5329,151
5330,151
5331,151
5332,151
5333,152
5334,152
5335,152
5336,152
5337,152
5338,152
5339,152
5340,152
5341,152
5342,152
5343,152
5344,152
5345,152
5346,152
5347,152
5348,152
5349,152
5350,151
5351,152
5352,152
5353,152
5354,152
5355,152
5356,152
5357,152
5358,152
5359,152
5360,152
5361,152
5362,152
5363,152
5364,152
5365,152
5366,152
5367,152
5368,152
5369,152
5370,152
5371,152
5372,152
5373,152
5374,152
5375,152
5376,152
5377,152
5378,152
5379,152
5380,152
5381,152
5382,152
5383,152
5384,152
5385,152
5386,152
5387,152
5388,152
5389,152
5390,152
5391,152
5392,152
5393,152
5394,152
5395,152
5396,152
5397,152
5398,152
5399,152
5400,152
5401,152
5402,152
5403,152
5404,152
5405,152
5406,152
5407,152
5408,152
5409,152
5410,152
5411,152
5412,152
5413,152
5414,152
5415,152
5416,152
5417,152
5418,152
5419,152
5420,152
5421,152
5422,152
5423,152
5424,152
5425,152
5426,152
5427,152
5428,152
5429,152
5430,152
5431,152
5432,152
5433,152
5434,152
5435,152
5436,152
5437,152
5438,152
5439,152
5440,152
5441,152
5442,152
5443,152
5444,152
5445,152
5446,152
5447,152
5448,152
5449,152
5450,152
5451,152
5452,152
5453,152
5454,152
5455,152
5456,152
5457,152
5458,152
5459,152
5460,152
5461,152
5462,152
5463,152
5464,152
5465,152
5466,151
5467,152
5468,152
5469,152
5470,152
5471,152
5472,151
5473,152
5474,152
5475,152
5476,151
5477,152
5478,152
5479,152
5480,151
5481,151
5482,152
5483,152
5484,152
5485,152
5486,152
5487,152
5488,152
5489,152
5490,152
5491,152
5492,152
5493,152
5494,152
5495,152
5496,152
5497,152
5498,152
5499,152
5500,152
5501,152
5502,152
5503,152
5504,152
5505,152
5506,152
5507,152
5508,152
5509,151
5510,151
5511,151
5512,151
5513,152
5514,152
5515,151
5516,151
5517,152
5518,152
5519,152
5520,152
5521,152
5522,152
5523,152
5524,152
5525,152
5526,152
5527,152
5528,152
5529,152
5530,152
5531,152
5532,152
5533,152
5534,152
5535,151
5536,152
5537,152
5538,151
5539,151
5540,151
5541,151
5542,151
5543,151
5544,151
5545,151
5546,151
5547,151
5548,151
5549,151
5550,151
5551,151
5552,151
5553,151
5554,151
5555,151
5556,151
5557,151
5558,151
5559,151
5560,151
5561,151
5562,151
5563,151
5564,151
5565,151
5566,151
5567,151
5568,151
5569,151
5570,151
5571,150
5572,151
5573,151
5574,151
5575,151
5576,151
5577,151
5578,151
5579,151
5580,151
5581,151
5582,151
5583,151
5584,151
5585,151
5586,151
5587,151
5588,151
5589,151
5590,151
5591,151
5592,151
5593,151
5594,150
5595,150
5596,150
5597,150
5598,150
5599,150
5600,150
5601,150
5602,150
5603,150
5604,150
5605,150
5606,150
5607,150
5608,150
5609,150
5610,150
5611,150
5612,150
5613,150
5614,150
5615,150
5616,150
5617,150
5618,150
5619,150
5620,150
5621,151
5622,151
5623,151
5624,151
5625,151
5626,151
5627,151
5628,151
5629,151
5630,151
5631,151
5632,150
5633,151
5634,150
5635,150
5636,151
5637,151
5638,151
5639,151
5640,151
5641,151
5642,151
5643,151
5644,151
5645,151
5646,152
5647,152
5648,152
5649,152
5650,152
5651,152
5652,152
5653,152
5654,152
5655,152
5656,152
5657,152
5658,152
5659,152
5660,152
5661,152
5662,152
5663,152
5664,152
5665,152
5666,153
5667,152
5668,152
5669,152
5670,152
5671,152
5672,152
5673,152
5674,152
5675,152
5676,153
5677,153
5678,153
5679,153
5680,153
5681,153
5682,153
5683,153
5684,153
5685,153
5686,153
5687,153
5688,153
5689,153
5690,153
5691,153
5692,152
5693,152
5694,152
5695,152
5696,152
5697,152
5698,152
5699,152
5700,152
5701,152
5702,152
5703,152
5704,152
5705,152
5706,152
5707,152
5708,153
5709,153
5710,153
5711,153
5712,153
5713,152
5714,152
5715,152
5716,152
5717,152
5718,152
5719,152
5720,152
5721,153
5722,153
5723,153
5724,153
5725,154
5726,154
5727,154
5728,154
5729,154
5730,154
5731,154
5732,154
5733,154
5734,154
5735,155
5736,155
5737,155
5738,155
5739,155
5740,155
5741,155
5742,155
5743,155
5744,155
5745,155
5746,155
5747,155
5748,155
5749,155
5750,155
5751,155
5752,155
5753,155
5754,155
5755,155
5756,155
5757,155
5758,155
5759,155
5760,155
5761,155
5762,155
5763,154
5764,154
5765,154
5766,154
5767,154
5768,154
5769,154
5770,154
5771,155
5772,155
5773,155
5774,155
5775,155
5776,155
5777,155
5778,155
5779,155
5780,154
5781,155
5782,155
5783,155
5784,155
5785,154
5786,155
5787,154
5788,155
5789,155
5790,155
5791,154
5792,155
5793,155
5794,155
5795,155
5796,155
5797,155
5798,155
5799,155
5800,155
5801,155
5802,155
5803,155
5804,155
5805,155
5806,155
5807,155
5808,155
5809,155
5810,155
5811,155
5812,155
5813,155
5814,155
5815,156
5816,155
5817,155
5818,155
5819,155
5820,155
5821,155
5822,155
5823,155
5824,155
5825,155
5826,156
5827,156
5828,156
5829,156
5830,156
5831,156
5832,155
5833,155
5834,156
5835,156
5836,156
5837,156
5838,156
5839,155
5840,155
5841,155
5842,156
5843,156
5844,156
5845,156
5846,156
5847,156
5848,156
5849,156
5850,156
5851,156
5852,156
5853,155
5854,155
5855,155
5856,155
5857,155
5858,155
5859,156
5860,156
5861,156
5862,156
5863,156
5864,156
5865,156
5866,156
5867,156
5868,156
5869,156
5870,156
5871,156
5872,156
5873,156
5874,156
5875,156
5876,156
5877,156
5878,156
5879,156
5880,156
5881,156
5882,155
5883,155
5884,155
5885,155
5886,155
5887,155
5888,155
5889,155
5890,155
5891,155
5892,155
5893,155
5894,154
5895,154
5896,154
5897,154
5898,154
5899,154
5900,154
5901,154
5902,154
5903,154
5904,154
5905,154
5906,154
5907,154
5908,154
5909,154
5910,154
5911,154
5912,154
5913,154
5914,154
5915,154
5916,154
5917,154
5918,154
5919,154
5920,153
5921,154
5922,154
5923,154
5924,153
5925,154
5926,154
5927,154
5928,154
5929,154
5930,154
5931,154
5932,154
5933,154
5934,153
5935,153
5936,153
5937,154
5938,154
5939,154
5940,154
5941,154
5942,154
5943,154
5944,154
5945,154
5946,154
5947,154
5948,154
5949,154
5950,154
5951,154
5952,154
5953,154
5954,154
5955,154
5956,154
5957,154
5958,154
5959,154
5960,154
5961,154
5962,154
5963,154
5964,154
5965,154
5966,154
5967,154
5968,154
5969,154
5970,154
5971,154
5972,154
5973,154
5974,154
5975,154
5976,154
5977,153
5978,153
5979,153
5980,153
5981,154
5982,154
5983,154
5984,154
5985,154
5986,154
5987,154
5988,154
5989,154
5990,154
5991,154
5992,154
5993,154
5994,154
5995,154
5996,154
5997,154
5998,154
5999,154
6000,154
6001,154
6002,154
6003,154
6004,154
6005,154
6006,154
6007,154
6008,154
6009,154
6010,154
6011,154
6012,154
6013,154
6014,154
6015,154
6016,153
6017,153
6018,153
6019,154
6020,154
6021,154
6022,154
6023,154
6024,154
6025,154
6026,154
6027,154
6028,154
6029,154
6030,154
6031,154
6032,154
6033,154
6034,154
6035,154
6036,154
6037,154
6038,155
6039,155
6040,155
6041,154
6042,154
6043,154
6044,155
6045,155
6046,155
6047,155
6048,155
6049,155
6050,155
6051,155
6052,155
6053,155
6054,155
6055,155
6056,155
6057,155
6058,155
6059,155
6060,155
6061,155
6062,155
6063,155
6064,155
6065,155
6066,154
6067,154
6068,154
6069,155
6070,155
6071,155
6072,155
6073,155
6074,155
6075,155
6076,155
6077,155
6078,155
6079,155
6080,155
6081,155
6082,155
6083,155
6084,155
6085,155
6086,155
6087,155
6088,155
6089,155
6090,155
6091,155
6092,155
6093,155
6094,155
6095,154
6096,155
6097,155
6098,155
6099,155
6100,155
6101,155
6102,155
6103,155
6104,155
6105,155
6106,155
6107,155
6108,155
6109,155
6110,155
6111,155
6112,154
6113,155
6114,154
6115,154
6116,154
6117,154
6118,154
6119,154
6120,154
6121,154
6122,154
6123,153
6124,154
6125,154
6126,154
6127,154
6128,154
6129,154
6130,153
6131,153
6132,153
6133,154
6134,154
6135,153
6136,153
6137,153
6138,153
6139,153
6140,153
6141,153
6142,153
6143,153
6144,153
6145,153
6146,153
6147,153
6148,153
6149,153
6150,152
6151,152
6152,152
6153,152
6154,152
6155,152
6156,152
6157,152
6158,152
6159,152
6160,152
6161,152
6162,152
6163,152
6164,152
6165,152
6166,152
6167,152
6168,152
6169,152
6170,152
6171,152
6172,152
6173,152
6174,152
6175,152
6176,152
6177,152
6178,151
6179,151
6180,152
6181,152
6182,152
6183,151
6184,151
6185,151
6186,151
6187,151
6188,151
6189,152
6190,151
6191,151
6192,151
6193,151
6194,151
6195,152
6196,151
6197,151
6198,151
6199,151
6200,151
6201,151
6202,152
6203,152
6204,151
6205,152
6206,152
6207,152
6208,152
6209,152
6210,152
6211,152
6212,152
6213,152
6214,152
6215,153
6216,153
6217,152
6218,152
6219,152
6220,152
6221,152
6222,152
6223,152
6224,152
6225,152
6226,153
6227,153
6228,153
6229,153
6230,153
6231,153
6232,153
6233,153
6234,153
6235,153
6236,152
6237,152
6238,152
6239,153
6240,153
6241,153
6242,152
6243,152
6244,153
6245,152
6246,152
6247,152
6248,153
6249,153
6250,153
6251,153
6252,153
6253,153
6254,153
6255,153
6256,153
6257,153
6258,153
6259,152
6260,152
6261,152
6262,152
6263,152
6264,152
6265,152
6266,152
6267,152
6268,151
6269,151
6270,151
6271,151
6272,151
6273,151
6274,151
6275,152
6276,152
6277,152
6278,152
6279,152
6280,152
6281,152
6282,151
6283,152
6284,152
6285,152
6286,152
6287,153
6288,153
6289,152
6290,152
6291,153
6292,153
6293,153
6294,153
6295,153
6296,153
6297,152
6298,152
6299,153
6300,153
6301,153
6302,153
6303,153
6304,153
6305,154
6306,153
6307,153
6308,153
6309,154
6310,154
6311,154
6312,154
6313,154
6314,154
6315,154
6316,155
6317,155
6318,155
6319,154
6320,154
6321,154
6322,154
6323,155
6324,155
6325,155
6326,155
6327,155
6328,154
6329,154
6330,154
6331,154
6332,154
6333,154
6334,154
6335,153
6336,154
6337,154
6338,153
6339,153
6340,153
6341,153
6342,153
6343,153
6344,153
6345,153
6346,153
6347,153
6348,152
6349,152
6350,152
6351,152
6352,152
6353,152
6354,153
6355,153
6356,153
6357,153
6358,153
6359,153
6360,153
6361,153
6362,153
6363,152
6364,153
6365,153
6366,153
6367,153
6368,153
6369,153
6370,153
6371,153
6372,153
6373,153
6374,154
6375,154
6376,154
6377,154
6378,154
6379,154
6380,154
6381,154
6382,154
6383,154
6384,154
6385,155
6386,154
6387,155
6388,155
6389,155
6390,155
6391,155
6392,155
6393,155
6394,155
6395,155
6396,155
6397,155
6398,155
6399,155
6400,156
6401,156
6402,156
6403,155
6404,155
6405,155
6406,156
6407,156
6408,156
6409,156
6410,156
6411,156
6412,156
6413,156
6414,156
6415,156
6416,156
6417,156
6418,156
6419,156
6420,156
6421,156
6422,156
6423,156
6424,156
6425,156
6426,156
6427,156
6428,156
6429,156
6430,156
6431,155
6432,155
6433,155
6434,155
6435,155
6436,155
6437,156
6438,156
6439,156
6440,156
6441,156
6442,156
6443,156
6444,155
6445,155
6446,155
6447,156
6448,155
6449,156
6450,156
6451,156
6452,156
6453,156
6454,156
6455,156
6456,156
6457,156
6458,156
6459,156
6460,156
6461,156
6462,155
6463,155
6464,155
6465,155
6466,155
6467,155
6468,155
6469,155
6470,155
6471,155
6472,155
6473,155
6474,155
6475,155
6476,155
6477,155
6478,155
6479,155
6480,155
6481,155
6482,155
6483,156
6484,156
6485,156
6486,156
6487,156
6488,156
6489,156
6490,156
6491,156
6492,156
6493,156
6494,156
6495,156
6496,156
6497,156
6498,155
6499,156
6500,156
6501,156
6502,156
6503,156
6504,156
6505,156
6506,156
6507,155
6508,155
6509,155
6510,155
6511,155
6512,155
6513,155
6514,155
6515,156
6516,156
6517,156
6518,156
6519,156
6520,156
6521,156
6522,156
6523,156
6524,156
6525,156
6526,156
6527,156
6528,156
6529,156
6530,156
6531,156
6532,156
6533,156
6534,156
6535,156
6536,156
6537,156
6538,156
6539,156
6540,156
6541,156
6542,156
6543,156
6544,156
6545,156
6546,156
6547,156
6548,156
6549,156
6550,156
6551,156
6552,156
6553,156
6554,156
6555,156
6556,156
6557,156
6558,155
6559,155
6560,156
6561,156
6562,156
6563,156
6564,156
6565,156
6566,156
6567,156
6568,156
6569,156
6570,156
6571,156
6572,156
6573,156
6574,156
6575,156
6576,156
6577,157
6578,157
6579,157
6580,157
6581,157
6582,157
6583,157
6584,157
6585,157
6586,157
6587,157
6588,157
6589,157
6590,157
6591,157
6592,157
6593,157
6594,157
6595,157
6596,157
6597,157
6598,157
6599,157
6600,157
6601,157
6602,157
6603,157
6604,158
6605,158
6606,158
6607,158
6608,158
6609,158
6610,158
6611,158
6612,158
6613,158
6614,158
6615,158
6616,158
6617,158
6618,158
6619,158
6620,158
6621,158
6622,158
6623,158
6624,158
6625,158
6626,159
6627,159
6628,159
6629,159
6630,159
6631,159
6632,159
6633,159
6634,159
6635,159
6636,159
6637,159
6638,158
6639,158
6640,158
6641,158
6642,158
6643,158
6644,158
6645,158
6646,158
6647,158
6648,158
6649,158
6650,158
6651,158
6652,158
6653,158
6654,158
6655,158
6656,158
6657,158
6658,158
6659,158
6660,158
6661,158
6662,158
6663,158
6664,158
6665,158
6666,158
6667,158
6668,158
6669,158
6670,158
6671,158
6672,158
6673,158
6674,158
6675,158
6676,158
6677,158
6678,158
6679,158
6680,158
6681,158
6682,158
6683,158
6684,158
6685,158
6686,158
6687,158
6688,159
6689,159
6690,159
6691,159
6692,159
6693,159
6694,159
6695,160
6696,160
6697,160
6698,160
6699,160
6700,160
6701,160
6702,160
6703,160
6704,160
6705,160
6706,160
6707,160
6708,160
6709,160
6710,160
6711,160
6712,160
6713,160
6714,160
6715,160
6716,160
6717,160
6718,160
6719,160
6720,160
6721,160
6722,160
6723,160
6724,160
6725,159
6726,159
6727,159
6728,159
6729,159
6730,159
6731,159
6732,159
6733,159
6734,159
6735,159
6736,159
6737,159
6738,159
6739,159
6740,159
6741,160
6742,160
6743,160
6744,160
6745,160
6746,160
6747,160
6748,160
6749,160
6750,160
6751,160
6752,160
6753,160
6754,160
6755,160
6756,160
6757,160
6758,160
6759,160
6760,160
6761,161
6762,161
6763,161
6764,161
6765,161
6766,161
6767,161
6768,161
6769,160
6770,161
6771,161
6772,161
6773,161
6774,161
6775,161
6776,161
6777,161
6778,161
6779,161
6780,161
6781,161
6782,161
6783,161
6784,162
6785,161
6786,161
6787,162
6788,162
6789,162
6790,162
6791,161
6792,161
6793,162
6794,162
6795,162
6796,162
6797,162
6798,162
6799,162
6800,162
6801,162
6802,162
6803,162
6804,162
6805,162
6806,162
6807,162
6808,163
6809,163
6810,163
6811,162
6812,162
6813,162
6814,162
6815,162
6816,162
6817,162
6818,162
6819,162
6820,162
6821,162
6822,162
6823,162
6824,162
6825,162
6826,162
6827,162
6828,163
6829,163
6830,163
6831,162
6832,162
6833,162
6834,162
6835,162
6836,162
6837,162
6838,163
6839,163
6840,163
6841,163
6842,163
6843,163
6844,163
6845,163
6846,163
6847,162
6848,163
6849,163
6850,163
6851,163
6852,163
6853,163
6854,162
6855,162
6856,163
6857,163
6858,163
6859,163
6860,163
6861,163
6862,163
6863,163
6864,163
6865,163
6866,163
6867,163
6868,163
6869,162
6870,163
6871,163
6872,163
6873,163
6874,163
6875,163
6876,163
6877,163
6878,163
6879,163
6880,163
6881,163
6882,163
6883,163
6884,163
6885,162
6886,163
6887,163
6888,163
6889,163
6890,163
6891,163
6892,163
6893,163
6894,163
6895,163
6896,163
6897,163
6898,163
6899,164
6900,164
6901,164
6902,164
6903,163
6904,163
6905,164
6906,163
6907,163
6908,163
6909,163
6910,163
6911,164
6912,164
6913,164
6914,164
6915,164
6916,164
6917,164
6918,164
6919,164
6920,164
6921,164
6922,163
6923,163
6924,163
6925,164
6926,164
6927,164
6928,163
6929,163
6930,164
6931,164
6932,164
6933,164
6934,164
6935,164
6936,164
6937,164
6938,164
6939,164
6940,164
6941,164
6942,164
6943,164
6944,164
6945,164
6946,164
6947,164
6948,164
6949,165
6950,165
6951,165
6952,164
6953,164
6954,164
6955,165
6956,165
6957,165
6958,165
6959,165
6960,165
6961,165
6962,165
6963,165
6964,165
6965,165
6966,165
6967,165
6968,164
6969,165
6970,165
6971,165
6972,165
6973,165
6974,165
6975,165
6976,165
6977,165
6978,164
6979,165
6980,165
6981,165
6982,165
6983,165
6984,165
6985,165
6986,165
6987,165
6988,165
6989,165
6990,165
6991,165
6992,165
6993,165
6994,164
6995,165
6996,165
6997,165
6998,165
6999,165
7000,165
7001,165
7002,165
7003,165
7004,165
7005,165
7006,165
7007,165
7008,165
7009,165
7010,165
7011,165
7012,165
7013,164
7014,165
7015,164
7016,164
7017,164
7018,164
7019,164
7020,164
7021,164
7022,164
7023,164
7024,164
7025,164
7026,164
7027,164
7028,164
7029,164
7030,164
7031,164
7032,164
7033,164
7034,164
7035,164
7036,164
7037,164
7038,164
7039,164
7040,164
7041,164
7042,164
7043,164
7044,164
7045,164
7046,164
7047,164
7048,164
7049,164
7050,164
7051,164
7052,165
7053,165
7054,164
7055,165
7056,165
7057,165
7058,165
7059,165
7060,165
7061,165
7062,165
7063,165
7064,165
7065,165
7066,165
7067,165
7068,165
7069,165
7070,165
7071,165
7072,165
7073,165
7074,165
7075,165
7076,165
7077,165
7078,165
7079,165
7080,164
7081,164
7082,164
7083,164
7084,165
7085,165
7086,165
7087,165
7088,165
7089,165
7090,165
7091,165
7092,165
7093,165
7094,165
7095,165
7096,165
7097,165
7098,165
7099,165
7100,165
7101,165
7102,165
7103,165
7104,165
7105,165
7106,165
7107,165
7108,164
7109,164
7110,164
7111,165
7112,165
7113,165
7114,164
7115,164
7116,164
7117,164
7118,164
7119,165
7120,165
7121,165
7122,165
7123,165
7124,165
7125,165
7126,165
7127,165
7128,165
7129,165
7130,165
7131,165
7132,165
7133,165
7134,165
7135,165
7136,165
7137,165
7138,165
7139,165
7140,165
7141,165
7142,165
7143,165
7144,165
7145,165
7146,165
7147,165
7148,165
7149,165
7150,165
7151,165
7152,164
7153,164
7154,165
7155,165
7156,165
7157,165
7158,165
7159,165
7160,165
7161,165
7162,165
7163,165
7164,165
7165,165
7166,165
7167,164
7168,165
7169,164
7170,165
7171,165
7172,165
7173,165
7174,165
7175,165
7176,165
7177,165
7178,165
7179,165
7180,165
7181,165
7182,165
7183,165
7184,165
7185,165
7186,165
7187,165
7188,165
7189,165
7190,165
7191,165
7192,165
7193,165
7194,165
7195,165
7196,165
7197,165
7198,165
7199,165
7200,165
7201,165
7202,165
7203,165
7204,165
7205,165
7206,165
7207,165
7208,165
7209,165
7210,165
7211,165
7212,165
7213,165
7214,165
7215,165
7216,165
7217,165
7218,165
7219,164
7220,165
7221,165
7222,165
7223,165
7224,165
7225,165
7226,165
7227,165
7228,165
7229,165
7230,165
7231,165
7232,165
7233,164
7234,164
7235,164
7236,164
7237,164
7238,164
7239,164
7240,164
7241,164
7242,164
7243,164
7244,164
7245,165
7246,165
7247,165
7248,165
7249,165
7250,165
7251,165
7252,165
7253,165
7254,165
7255,165
7256,164
7257,165
7258,165
7259,164
7260,164
7261,164
7262,164
7263,164
7264,164
7265,165
7266,165
7267,165
7268,165
7269,165
7270,165
7271,164
7272,164
7273,164
7274,165
7275,165
7276,165
7277,165
7278,165
7279,165
7280,165
7281,165
7282,165
7283,165
7284,165
7285,165
7286,165
7287,165
7288,165
7289,165
7290,165
7291,165
7292,165
7293,165
7294,164
7295,164
7296,164
7297,164
7298,164
7299,164
7300,164
7301,164
7302,164
7303,164
7304,164
7305,164
7306,164
7307,164
7308,164
7309,164
7310,164
7311,164
7312,164
7313,164
7314,164
7315,164
7316,164
7317,164
7318,164
7319,164
7320,164
7321,164
7322,164
7323,164
7324,164
7325,164
7326,164
7327,164
7328,164
7329,164
7330,164
7331,164
7332,164
7333,164
7334,164
7335,164
7336,164
7337,163
7338,164
7339,164
7340,164
7341,164
7342,164
7343,164
7344,164
7345,164
7346,164
7347,164
7348,164
7349,164
7350,163
7351,163
7352,163
7353,164
7354,164
7355,164
7356,164
7357,164
7358,164
7359,164
7360,164
7361,164
7362,164
7363,164
7364,164
7365,164
7366,164
7367,164
7368,164
7369,164
7370,164
7371,164
7372,163
7373,163
7374,163
7375,164
7376,164
7377,164
7378,164
7379,164
7380,164
7381,164
7382,164
7383,164
7384,164
7385,164
7386,164
7387,164
7388,164
7389,164
7390,164
7391,164
7392,164
7393,164
7394,164
7395,164
7396,164
7397,164
7398,164
7399,164
7400,164
7401,164
7402,164
7403,164
7404,164
7405,164
7406,164
7407,164
7408,164
7409,164
7410,164
7411,164
7412,164
7413,164
7414,164
7415,164
7416,164
7417,164
7418,163
7419,164
7420,164
7421,164
7422,164
7423,164
7424,164
7425,163
7426,163
7427,163
7428,163
7429,163
7430,163
7431,163
7432,164
7433,164
7434,164
7435,164
7436,164
7437,164
7438,164
7439,164
7440,164
7441,164
7442,164
7443,164
7444,164
7445,164
7446,164
7447,164
7448,164
7449,164
7450,164
7451,164
7452,164
7453,164
7454,164
7455,164
7456,164
7457,164
7458,164
7459,164
7460,164
7461,164
7462,164
7463,164
7464,164
7465,164
7466,164
7467,164
7468,164
7469,164
7470,164
7471,164
7472,164
7473,164
7474,164
7475,164
7476,164
7477,164
7478,164
7479,164
7480,164
7481,164
7482,164
7483,164
7484,164
7485,164
7486,164
7487,164
7488,164
7489,164
7490,164
7491,164
7492,164
7493,164
7494,164
7495,164
7496,164
7497,164
7498,164
7499,164
7500,164
7501,164
7502,164
7503,164
7504,164
7505,164
7506,164
7507,164
7508,164
7509,164
7510,164
7511,164
7512,163
7513,164
7514,164
7515,164
7516,164
7517,164
7518,164
7519,164
7520,164
7521,164
7522,164
7523,164
7524,164
7525,164
7526,164
7527,164
7528,164
7529,164
7530,164
7531,164
7532,164
7533,163
7534,163
7535,163
7536,163
7537,163
7538,163
7539,163
7540,163
7541,163
7542,163
7543,163
7544,163
7545,163
7546,163
7547,163
7548,163
7549,163
7550,163
7551,163
7552,163
7553,163
7554,163
7555,163
7556,163
7557,163
7558,163
7559,163
7560,163
7561,163
7562,163
7563,163
7564,163
7565,163
7566,163
7567,163
7568,163
7569,163
7570,163
7571,163
7572,163
7573,163
7574,163
7575,163
7576,163
7577,163
7578,163
7579,163
7580,163
7581,163
7582,163
7583,163
7584,162
7585,162
7586,163
7587,163
7588,163
7589,163
7590,163
7591,163
7592,163
7593,163
7594,163
7595,163
7596,163
7597,163
7598,163
7599,163
7600,163
7601,163
7602,163
7603,163
7604,163
7605,163
7606,163
7607,163
7608,163
7609,163
7610,163
7611,163
7612,163
7613,163
7614,163
7615,163
7616,163
7617,163
7618,163
7619,163
7620,163
7621,163
7622,163
7623,163
7624,163
7625,162
7626,162
7627,162
7628,163
7629,163
7630,163
7631,163
7632,163
7633,163
7634,163
7635,163
7636,163
7637,163
7638,163
7639,163
7640,163
7641,163
7642,163
7643,163
7644,163
7645,163
7646,163
7647,163
7648,163
7649,163
7650,163
7651,163
7652,163
7653,163
7654,163
7655,163
7656,163
7657,163
7658,163
7659,163
7660,163
7661,163
7662,163
7663,163
7664,163
7665,163
7666,163
7667,163
7668,163
7669,163
7670,163
7671,163
7672,163
7673,163
7674,163
7675,163
7676,163
7677,163
7678,163
7679,163
7680,163
7681,163
7682,163
7683,163
7684,163
7685,163
7686,163
7687,164
7688,164
7689,164
7690,164
7691,164
7692,164
7693,164
7694,164
7695,164
7696,164
7697,164
7698,164
7699,164
7700,164
7701,164
7702,164
7703,164
7704,164
7705,164
7706,164
7707,164
7708,164
7709,164
7710,164
7711,164
7712,164
7713,164
7714,163
7715,163
7716,163
7717,163
7718,163
7719,163
7720,163
7721,163
7722,163
7723,163
7724,163
7725,163
7726,163
7727,163
7728,163
7729,164
7730,164
7731,164
7732,164
7733,164
7734,164
7735,164
7736,164
7737,164
7738,163
7739,163
7740,164
7741,164
7742,164
7743,164
7744,164
7745,164
7746,163
7747,164
7748,164
7749,164
7750,164
7751,163
7752,163
7753,163
7754,163
7755,163
7756,163
7757,163
7758,163
7759,163
7760,163
7761,163
7762,163
7763,163
7764,163
7765,163
7766,163
7767,163
7768,163
7769,163
7770,163
7771,163
7772,163
7773,163
7774,163
7775,164
7776,164
7777,163
7778,164
7779,163
7780,163
7781,164
7782,164
7783,164
7784,164
7785,164
7786,163
7787,163
7788,163
7789,163
7790,163
7791,163
7792,163
7793,163
7794,163
7795,162
7796,163
7797,163
7798,163
7799,163
7800,163
7801,163
7802,163
7803,163
7804,163
7805,163
7806,163
7807,163
7808,163
7809,163
7810,163
7811,164
7812,163
7813,163
7814,163
7815,164
7816,164
7817,164
7818,164
7819,164
7820,164
7821,164
7822,164
7823,164
7824,164
7825,165
7826,164
7827,164
7828,164
7829,165
7830,164
7831,164
7832,164
7833,164
7834,164
7835,164
7836,164
7837,165
7838,165
7839,165
7840,165
7841,165
7842,165
7843,165
7844,165
7845,165
7846,165
7847,165
7848,166
7849,166
7850,166
7851,166
7852,166
7853,166
7854,166
7855,166
7856,166
7857,165
7858,165
7859,166
7860,166
7861,166
7862,166
7863,166
7864,166
7865,166
7866,166
7867,166
7868,166
7869,166
7870,166
7871,166
7872,166
7873,165
7874,166
7875,166
7876,166
7877,166
7878,166
7879,166
7880,166
7881,165
7882,165
7883,165
7884,165
7885,165
7886,166
7887,166
7888,166
7889,166
7890,165
7891,165
7892,166
7893,166
7894,166
7895,166
7896,166
7897,165
7898,165
7899,166
7900,166
7901,166
7902,166
7903,166
7904,166
7905,166
7906,166
7907,166
7908,166
7909,166
7910,166
7911,166
7912,166
7913,166
7914,166
7915,166
7916,166
7917,166
7918,166
7919,166
7920,166
7921,166
7922,166
7923,166
7924,165
7925,166
7926,166
7927,166
7928,166
7929,166
7930,166
7931,166
7932,166
7933,166
7934,166
7935,165
7936,165
7937,165
7938,165
7939,165
7940,165
7941,165
7942,165
7943,165
7944,165
7945,165
7946,165
7947,165
7948,165
7949,165
7950,165
7951,165
7952,165
7953,164
7954,164
7955,164
7956,164
7957,164
7958,164
7959,164
7960,164
7961,164
7962,164
7963,165
7964,164
7965,164
7966,164
7967,164
7968,164
7969,164
7970,164
7971,164
7972,164
7973,164
7974,164
7975,164
7976,164
7977,164
7978,163
7979,163
7980,163
7981,164
7982,164
7983,164
7984,164
7985,164
7986,164
7987,164
7988,165
7989,165
7990,164
7991,164
7992,164
7993,164
7994,165
7995,165
7996,164
7997,165
7998,165
7999,165
8000,165
8001,164
8002,165
8003,164
8004,164
8005,164
8006,164
8007,164
8008,164
8009,164
8010,164
8011,164
8012,164
8013,164
8014,164
8015,164
8016,164
8017,164
8018,164
8019,164
8020,164
8021,164
8022,164
8023,164
8024,164
8025,164
8026,164
8027,164
8028,164
8029,164
8030,164
8031,164
8032,164
8033,164
8034,164
8035,164
8036,164
8037,164
8038,164
8039,164
8040,165
8041,165
8042,165
8043,165
8044,165
8045,165
8046,165
8047,165
8048,165
8049,165
8050,166
8051,166
8052,166
8053,166
8054,166
8055,166
8056,166
8057,165
8058,166
8059,166
8060,165
8061,166
8062,166
8063,166
8064,166
8065,166
8066,166
8067,166
8068,166
8069,166
8070,166
8071,166
8072,166
8073,166
8074,166
8075,167
8076,167
8077,167
8078,167
8079,167
8080,167
8081,167
8082,167
8083,167
8084,167
8085,167
8086,167
8087,167
8088,167
8089,167
8090,167
8091,167
8092,167
8093,167
8094,167
8095,167
8096,167
8097,167
8098,167
8099,167
8100,167
8101,167
8102,167
8103,166
8104,166
8105,167
8106,167
8107,168
8108,168
8109,168
8110,168
8111,168
8112,168
8113,168
8114,168
8115,168
8116,168
8117,168
8118,168
8119,168
8120,168
8121,168
8122,168
8123,168
8124,168
8125,168
8126,168
8127,168
8128,167
8129,168
8130,168
8131,168
8132,168
8133,168
8134,168
8135,168
8136,168
8137,168
8138,168
8139,168
8140,168
8141,168
8142,168
8143,168
8144,168
8145,168
8146,168
8147,168
8148,168
8149,168
8150,168
8151,168
8152,168
8153,168
8154,168
8155,168
8156,168
8157,168
8158,168
8159,168
8160,168
8161,168
8162,168
8163,168
8164,169
8165,169
8166,169
8167,169
8168,169
8169,169
8170,169
8171,169
8172,169
8173,169
8174,168
8175,168
8176,168
8177,169
8178,168
8179,169
8180,169
8181,169
8182,170
8183,170
8184,169
8185,170
8186,170
8187,170
8188,170
8189,170
8190,170
8191,170
8192,170
8193,170
8194,170
8195,170
8196,170
8197,170
8198,170
8199,170
8200,170
8201,170
8202,170
8203,170
8204,170
8205,171
8206,171
8207,171
8208,171
8209,171
8210,171
8211,171
8212,170
8213,170
8214,170
8215,170
8216,170
8217,170
8218,170
8219,171
8220,171
8221,171
8222,171
8223,171
8224,171
8225,171
8226,171
8227,171
8228,171
8229,171
8230,171
8231,171
8232,171
8233,171
8234,171
8235,171
8236,170
8237,170
8238,170
8239,170
8240,170
8241,171
8242,171
8243,172
8244,172
8245,172
8246,172
8247,172
8248,172
8249,172
8250,172
8251,172
8252,172
8253,172
8254,172
8255,172
8256,172
8257,172
8258,172
8259,172
8260,172
8261,172
8262,172
8263,172
8264,172
8265,172
8266,172
8267,172
8268,172
8269,172
8270,172
8271,172
8272,172
8273,172
8274,172
8275,172
8276,172
8277,172
8278,172
8279,172
8280,173
8281,173
8282,173
8283,173
8284,173
8285,173
8286,173
8287,173
8288,173
8289,173
8290,173
8291,173
8292,173
8293,173
8294,173
8295,173
8296,173
8297,173
8298,173
8299,173
8300,173
8301,173
8302,173
8303,173
8304,173
8305,173
8306,173
8307,173
8308,173
8309,173
8310,173
8311,173
8312,173
8313,173
8314,173
8315,173
8316,173
8317,173
8318,173
8319,174
8320,174
8321,174
8322,174
8323,174
8324,174
8325,174
8326,174
8327,174
8328,174
8329,174
8330,174
8331,175
8332,175
8333,175
8334,175
8335,175
8336,175
8337,175
8338,175
8339,175
8340,175
8341,175
8342,175
8343,175
8344,175
8345,175
8346,175
8347,175
8348,175
8349,175
8350,175
8351,175
8352,175
8353,175
8354,175
8355,175
8356,175
8357,175
8358,175
8359,175
8360,175
8361,175
8362,175
8363,175
8364,175
8365,176
8366,176
8367,176
8368,176
8369,176
8370,176
8371,176
8372,176
8373,176
8374,176
8375,176
8376,176
8377,176
8378,176
8379,176
8380,176
8381,176
8382,176
8383,176
8384,176
8385,175
8386,175
8387,175
8388,175
8389,175
8390,175
8391,176
8392,176
8393,175
8394,176
8395,176
8396,176
8397,176
8398,176
8399,176
8400,176
8401,176
8402,176
8403,176
8404,176
8405,176
8406,176
8407,176
8408,176
8409,176
8410,176
8411,176
8412,175
8413,175
8414,175
8415,175
8416,175
8417,175
8418,176
8419,176
8420,175
8421,176
8422,176
8423,176
8424,176
8425,176
8426,176
8427,176
8428,176
8429,176
8430,176
8431,176
8432,176
8433,176
8434,176
8435,176
8436,176
8437,176
8438,176
8439,176
8440,176
8441,176
8442,176
8443,176
8444,176
8445,176
8446,176
8447,176
8448,176
8449,176
8450,176
8451,176
8452,176
8453,176
8454,176
8455,176
8456,176
8457,176
8458,176
8459,176
8460,176
8461,176
8462,176
8463,176
8464,176
8465,176
8466,176
8467,176
8468,176
8469,176
8470,176
8471,176
8472,176
8473,175
8474,175
8475,175
8476,175
8477,175
8478,175
8479,175
8480,175
8481,175
8482,175
8483,175
8484,175
8485,175
8486,175
8487,175
8488,175
8489,175
8490,175
8491,175
8492,176
8493,176
8494,176
8495,176
8496,176
8497,176
8498,176
8499,176
8500,176
8501,176
8502,176
8503,176
8504,176
8505,176
8506,176
8507,176
8508,176
8509,175
8510,175
8511,175
8512,175
8513,175
8514,175
8515,175
8516,175
8517,175
8518,175
8519,175
8520,175
8521,175
8522,175
8523,175
8524,175
8525,175
8526,175
8527,175
8528,175
8529,175
8530,175
8531,175
8532,175
8533,175
8534,175
8535,175
8536,175
8537,175
8538,175
8539,175
8540,175
8541,175
8542,175
8543,175
8544,175
8545,175
8546,175
8547,175
8548,175
8549,175
8550,175
8551,175
8552,175
8553,174
8554,174
8555,174
8556,174
8557,174
8558,174
8559,174
8560,175
8561,175
8562,175
8563,174
8564,175
8565,175
8566,175
8567,175
8568,175
8569,175
8570,175
8571,175
8572,174
8573,174
8574,174
8575,174
8576,174
8577,174
8578,174
8579,174
8580,174
8581,174
8582,174
8583,174
8584,174
8585,174
8586,174
8587,174
8588,174
8589,174
8590,174
8591,174
8592,174
8593,174
8594,174
8595,174
8596,174
8597,174
8598,174
8599,174
8600,174
8601,174
8602,173
8603,173
8604,173
8605,173
8606,174
8607,174
8608,174
8609,174
8610,174
8611,174
8612,174
8613,174
8614,174
8615,174
8616,174
8617,174
8618,174
8619,174
8620,174
8621,174
8622,174
8623,174
8624,174
8625,174
8626,174
8627,173
8628,174
8629,174
8630,174
8631,174
8632,174
8633,174
8634,174
8635,173
8636,174
8637,174
8638,174
8639,174
8640,174
8641,174
8642,174
8643,174
8644,174
8645,174
8646,174
8647,174
8648,174
8649,174
8650,174
8651,174
8652,174
8653,174
8654,173
8655,173
8656,174
8657,174
8658,174
8659,174
8660,174
8661,174
8662,174
8663,174
8664,174
8665,174
8666,174
8667,174
8668,174
8669,174
8670,173
8671,173
8672,173
8673,173
8674,173
8675,173
8676,173
8677,173
8678,173
8679,173
8680,173
8681,173
8682,173
8683,173
8684,173
8685,173
8686,173
8687,173
8688,174
8689,174
8690,174
8691,174
8692,174
8693,174
8694,174
8695,174
8696,174
8697,174
8698,174
8699,174
8700,174
8701,174
8702,174
8703,174
8704,174
8705,174
8706,174
8707,174
8708,174
8709,174
8710,174
8711,175
8712,175
8713,175
8714,174
8715,174
8716,174
8717,174
8718,174
8719,174
8720,174
8721,174
8722,174
8723,174
8724,174
8725,174
8726,174
8727,174
8728,174
8729,174
8730,174
8731,174
8732,174
8733,174
8734,174
8735,174
8736,174
8737,174
8738,174
8739,174
8740,174
8741,175
8742,175
8743,175
8744,175
8745,175
8746,175
8747,175
8748,175
8749,175
8750,175
8751,175
8752,175
8753,175
8754,175
8755,175
8756,175
8757,175
8758,175
8759,175
8760,175
8761,175
8762,175
8763,175
8764,175
8765,175
8766,175
8767,175
8768,175
8769,175
8770,175
8771,175
8772,175
8773,175
8774,175
8775,175
8776,175
8777,175
8778,175
8779,175
8780,175
8781,175
8782,175
8783,175
8784,175
8785,175
8786,175
8787,174
8788,174
8789,174
8790,174
8791,174
8792,174
8793,174
8794,174
8795,174
8796,174
8797,174
8798,174
8799,174
8800,174
8801,174
8802,174
8803,174
8804,174
8805,174
8806,174
8807,174
8808,174
8809,175
8810,175
8811,175
8812,175
8813,175
8814,175
8815,175
8816,174
8817,174
8818,174
8819,174
8820,174
8821,175
8822,175
8823,175
8824,175
8825,175
8826,175
8827,175
8828,175
8829,175
8830,175
8831,175
8832,175
8833,175
8834,175
8835,175
8836,175
8837,175
8838,175
8839,175
8840,175
8841,175
8842,175
8843,175
8844,175
8845,175
8846,175
8847,175
8848,175
8849,175
8850,175
8851,175
8852,175
8853,175
8854,175
8855,175
8856,175
8857,175
8858,175
8859,175
8860,175
8861,175
8862,175
8863,175
8864,175
8865,175
8866,175
8867,175
8868,175
8869,174
8870,175
8871,175
8872,175
8873,175
8874,175
8875,175
8876,175
8877,175
8878,175
8879,175
8880,175
8881,175
8882,175
8883,175
8884,175
8885,175
8886,175
8887,175
8888,175
8889,175
8890,175
8891,175
8892,175
8893,175
8894,175
8895,175
8896,175
8897,175
8898,175
8899,175
8900,175
8901,175
8902,175
8903,175
8904,175
8905,175
8906,175
8907,175
8908,175
8909,175
8910,175
8911,175
8912,175
8913,175
8914,175
8915,175
8916,175
8917,175
8918,175
8919,175
8920,175
8921,175
8922,175
8923,175
8924,175
8925,175
8926,175
8927,175
8928,175
8929,175
8930,175
8931,175
8932,175
8933,175
8934,175
8935,175
8936,175
8937,175
8938,175
8939,175
8940,175
8941,175
8942,175
8943,175
8944,175
8945,175
8946,175
8947,175
8948,175
8949,175
8950,175
8951,175
8952,175
8953,175
8954,175
8955,175
8956,175
8957,175
8958,175
8959,174
8960,175
8961,175
8962,175
8963,175
8964,175
8965,175
8966,175
8967,175
8968,175
8969,175
8970,175
8971,175
8972,175
8973,175
8974,175
8975,175
8976,175
8977,175
8978,175
8979,175
8980,175
8981,175
8982,175
8983,175
8984,175
8985,175
8986,175
8987,175
8988,175
8989,175
8990,175
8991,175
8992,175
8993,175
8994,175
8995,175
8996,175
8997,175
8998,175
8999,175
9000,175
9001,175
9002,175
9003,175
9004,175
9005,175
9006,175
9007,175
9008,175
9009,175
9010,175
9011,175
9012,175
9013,175
9014,175
9015,175
9016,175
9017,175
9018,175
9019,175
9020,175
9021,175
9022,175
9023,175
9024,175
9025,175
9026,175
9027,175
9028,175
9029,175
9030,175
9031,175
9032,175
9033,175
9034,175
9035,175
9036,175
9037,175
9038,174
9039,174
9040,174
9041,175
9042,174
9043,175
9044,174
9045,174
9046,174
9047,174
9048,174
9049,175
9050,174
9051,174
9052,175
9053,175
9054,175
9055,175
9056,175
9057,175
9058,175
9059,175
9060,175
9061,175
9062,175
9063,175
9064,175
9065,175
9066,175
9067,175
9068,175
9069,175
9070,175
9071,175
9072,174
9073,174
9074,174
9075,174
9076,174
9077,174
9078,174
9079,175
9080,175
9081,175
9082,174
9083,174
9084,175
9085,174
9086,174
9087,174
9088,174
9089,174
9090,174
9091,175
9092,175
9093,175
9094,175
9095,174
9096,175
9097,175
9098,175
9099,175
9100,175
9101,175
9102,175
9103,175
9104,175
9105,175
9106,175
9107,175
9108,175
9109,175
9110,175
9111,175
9112,175
9113,175
9114,175
9115,175
9116,175
9117,175
9118,175
9119,176
9120,176
9121,176
9122,176
9123,176
9124,176
9125,176
9126,176
9127,176
9128,176
9129,176
9130,176
9131,175
9132,176
9133,176
9134,176
9135,176
9136,176
9137,176
9138,176
9139,176
9140,176
9141,176
9142,176
9143,176
9144,176
9145,175
9146,175
9147,175
9148,175
9149,175
9150,175
9151,175
9152,175
9153,175
9154,175
9155,175
9156,175
9157,175
9158,175
9159,175
9160,175
9161,175
9162,174
9163,175
9164,174
9165,174
9166,174
9167,174
9168,174
9169,174
9170,174
9171,174
9172,174
9173,174
9174,174
9175,174
9176,174
9177,174
9178,174
9179,175
9180,175
9181,175
9182,175
9183,175
9184,175
9185,175
9186,175
9187,175
9188,175
9189,175
9190,175
9191,175
9192,175
9193,174
9194,174
9195,174
9196,174
9197,174
9198,174
9199,174
9200,174
9201,174
9202,174
9203,174
9204,174
9205,174
9206,174
9207,174
9208,174
9209,174
9210,174
9211,174
9212,175
9213,175
9214,175
9215,175
9216,175
9217,175
9218,175
9219,175
9220,175
9221,175
9222,175
9223,175
9224,175
9225,175
9226,174
9227,174
9228,175
9229,175
9230,175
9231,175
9232,175
9233,175
9234,175
9235,175
9236,175
9237,175
9238,175
9239,175
9240,175
9241,175
9242,175
9243,175
9244,175
9245,175
9246,174
9247,174
9248,174
9249,174
9250,174
9251,174
9252,174
9253,174
9254,174
9255,174
9256,174
9257,174
9258,174
9259,174
9260,174
9261,174
9262,174
9263,174
9264,174
9265,174
9266,174
9267,174
9268,174
9269,174
9270,174
9271,174
9272,174
9273,173
9274,173
9275,174
9276,174
9277,174
9278,174
9279,174
9280,173
9281,173
9282,173
9283,174
9284,174
9285,174
9286,173
9287,174
9288,174
9289,174
9290,174
9291,174
9292,174
9293,174
9294,174
9295,175
9296,175
9297,175
9298,175
9299,175
9300,175
9301,175
9302,175
9303,175
9304,175
9305,175
9306,175
9307,175
9308,175
9309,175
9310,175
9311,175
9312,175
9313,175
9314,175
9315,175
9316,175
9317,175
9318,175
9319,175
9320,175
9321,175
9322,175
9323,175
9324,175
9325,175
9326,175
9327,175
9328,175
9329,175
9330,175
9331,175
9332,175
9333,175
9334,176
9335,176
9336,176
9337,176
9338,176
9339,176
9340,176
9341,176
9342,176
9343,177
9344,176
9345,177
9346,177
9347,176
9348,176
9349,176
9350,176
9351,176
9352,176
9353,176
9354,177
9355,177
9356,178
9357,178
9358,178
9359,178
9360,178
9361,178
9362,178
9363,178
9364,178
9365,178
9366,178
9367,178
9368,178
9369,178
9370,178
9371,178
9372,178
9373,178
9374,178
9375,178
9376,178
9377,178
9378,178
9379,178
9380,178
9381,178
9382,178
9383,178
9384,178
9385,178
9386,178
9387,178
9388,178
9389,178
9390,178
9391,178
9392,178
9393,178
9394,178
9395,178
9396,178
9397,178
9398,178
9399,178
9400,178
9401,178
9402,178
9403,178
9404,177
9405,177
9406,177
9407,177
9408,177
9409,177
9410,177
9411,177
9412,177
9413,177
9414,177
9415,177
9416,177
9417,177
9418,177
9419,177
9420,177
9421,177
9422,177
9423,177
9424,177
9425,176
9426,176
9427,177
9428,177
9429,177
9430,177
9431,176
9432,176
9433,176
9434,176
9435,176
9436,176
9437,176
9438,177
9439,177
9440,177
9441,176
9442,176
9443,176
9444,176
9445,176
9446,176
9447,176
9448,176
9449,176
9450,176
9451,176
9452,176
9453,176
9454,176
9455,176
9456,176
9457,176
9458,176
9459,176
9460,176
9461,176
9462,176
9463,176
9464,176
9465,176
9466,176
9467,176
9468,176
9469,176
9470,176
9471,176
9472,175
9473,175
9474,175
9475,175
9476,175
9477,175
9478,175
9479,175
9480,175
9481,175
9482,175
9483,175
9484,175
9485,175
9486,175
9487,175
9488,175
9489,175
9490,175
9491,175
9492,175
9493,175
9494,175
9495,175
9496,175
9497,175
9498,175
9499,175
9500,175
9501,175
9502,174
9503,174
9504,175
9505,175
9506,175
9507,175
9508,175
9509,175
9510,175
9511,175
9512,175
9513,175
9514,175
9515,175
9516,175
9517,175
9518,175
9519,175
9520,175
9521,175
9522,175
9523,175
9524,175
9525,175
9526,175
9527,175
9528,175
9529,175
9530,175
9531,175
9532,175
9533,175
9534,175
9535,175
9536,175
9537,175
9538,175
9539,175
9540,175
9541,174
9542,175
9543,175
9544,174
9545,175
9546,174
9547,174
9548,174
9549,174
9550,174
9551,174
9552,174
9553,174
9554,174
9555,174
9556,174
9557,174
9558,174
9559,174
9560,174
9561,174
9562,174
9563,174
9564,174
9565,174
9566,174
9567,174
9568,174
9569,174
9570,174
9571,174
9572,174
9573,174
9574,174
9575,174
9576,174
9577,174
9578,174
9579,174
9580,174
9581,174
9582,174
9583,174
9584,174
9585,174
9586,174
9587,174
9588,174
9589,174
9590,174
9591,174
9592,174
9593,174
9594,174
9595,174
9596,175
9597,175
9598,175
9599,175
9600,175
9601,175
9602,175
9603,175
9604,174
9605,174
9606,175
9607,175
9608,174
9609,174
9610,175
9611,174
9612,174
9613,174
9614,174
9615,174
9616,174
9617,174
9618,175
9619,175
9620,175
9621,175
9622,175
9623,175
9624,174
9625,174
9626,174
9627,174
9628,174
9629,175
9630,175
9631,175
9632,175
9633,175
9634,174
9635,175
9636,174
9637,175
9638,175
9639,175
9640,175
9641,175
9642,175
9643,175
9644,175
9645,175
9646,175
9647,175
9648,175
9649,175
9650,175
9651,175
9652,175
9653,175
9654,176
9655,176
9656,176
9657,176
9658,176
9659,176
9660,176
9661,176
9662,176
9663,176
9664,176
9665,176
9666,176
9667,176
9668,176
9669,176
9670,176
9671,176
9672,176
9673,176
9674,176
9675,176
9676,176
9677,176
9678,175
9679,175
9680,176
9681,175
9682,175
9683,175
9684,175
9685,175
9686,175
9687,175
9688,175
9689,175
9690,176
9691,176
9692,176
9693,176
9694,176
9695,176
9696,176
9697,175
9698,175
9699,175
9700,175
9701,175
9702,175
9703,175
9704,175
9705,175
9706,175
9707,175
9708,175
9709,175
9710,175
9711,175
9712,175
9713,174
9714,174
9715,174
9716,175
9717,175
9718,175
9719,175
9720,175
9721,175
9722,175
9723,175
9724,175
9725,175
9726,175
9727,175
9728,175
9729,175
9730,175
9731,175
9732,175
9733,175
9734,175
9735,175
9736,175
9737,175
9738,175
9739,175
9740,175
9741,175
9742,175
9743,175
9744,175
9745,175
9746,176
9747,176
9748,175
9749,175
9750,175
9751,176
9752,176
9753,176
9754,175
9755,176
9756,176
9757,176
9758,176
9759,176
9760,176
9761,176
9762,176
9763,176
9764,176
9765,176
9766,176
9767,176
9768,176
9769,176
9770,176
9771,176
9772,176
9773,175
9774,176
9775,176
9776,176
9777,176
9778,176
9779,176
9780,176
9781,176
9782,176
9783,176
9784,176
9785,176
9786,176
9787,176
9788,175
9789,175
9790,176
9791,176
9792,175
9793,175
9794,175
9795,175
9796,175
9797,175
9798,175
9799,175
9800,175
9801,175
9802,175
9803,175
9804,175
9805,175
9806,175
9807,175
9808,175
9809,175
9810,175
9811,175
9812,175
9813,175
9814,175
9815,175
9816,175
9817,175
9818,175
9819,175
9820,175
9821,175
9822,175
9823,175
9824,175
9825,175
9826,175
9827,175
9828,175
9829,175
9830,175
9831,175
9832,175
9833,175
9834,175
9835,175
9836,175
9837,175
9838,175
9839,175
9840,175
9841,175
9842,175
9843,175
9844,175
9845,175
9846,175
9847,175
9848,175
9849,175
9850,175
9851,175
9852,175
9853,175
9854,175
9855,175
9856,175
9857,175
9858,175
9859,175
9860,175
9861,175
9862,175
9863,175
9864,175
9865,175
9866,175
9867,175
9868,175
9869,175
9870,175
9871,175
9872,175
9873,175
9874,175
9875,174
9876,174
9877,174
9878,174
9879,174
9880,174
9881,174
9882,174
9883,174
9884,174
9885,174
9886,175
9887,175
9888,175
9889,175
9890,175
9891,175
9892,175
9893,175
9894,175
9895,175
9896,175
9897,175
9898,175
9899,175
9900,175
9901,175
9902,175
9903,175
9904,175
9905,175
9906,175
9907,175
9908,175
9909,175
9910,175
9911,175
9912,176
9913,176
9914,176
9915,176
9916,176
9917,176
9918,176
9919,176
9920,176
9921,176
9922,176
9923,176
9924,176
9925,176
9926,176
9927,176
9928,176
9929,176
9930,176
9931,176
9932,176
9933,176
9934,176
9935,176
9936,176
9937,176
9938,176
9939,176
9940,176
9941,176
9942,176
9943,176
9944,176
9945,176
9946,176
9947,176
9948,176
9949,176
9950,176
9951,176
9952,176
9953,176
9954,176
9955,176
9956,176
9957,176
9958,176
9959,176
9960,176
9961,176
9962,176
9963,176
9964,176
9965,176
9966,176
9967,176
9968,176
9969,176
9970,175
9971,176
9972,176
9973,176
9974,176
9975,176
9976,176
9977,176
9978,176
9979,176
9980,176
9981,176
9982,176
9983,176
9984,176
9985,175
9986,176
9987,176
9988,175
9989,175
9990,175
9991,175
9992,175
9993,176
9994,176
9995,176
9996,176
9997,176
9998,176
9999,176
